1158
-9843 4545 1500 600 Aberdeen,SD 0 0 0
-9968 3242 1400 600 Abilene,TX 0 0 0
-17665 5188 1100 600 Adak,AK 0 0 0
-9998 4258 1600 600 Ainsworth,NE 0 0 0
-10535 3952 700 600 Air 0 0 0
-10322 4017 1200 600 Akron,CO 0 0 0
-12232 3778 1100 600 Alameda 0 0 0
-10587 3745 1400 600 Alamosa,CO 0 0 0
-8418 3153 1300 600 Albany,GA 0 0 0
-7380 4275 1300 600 Albany,NY 0 0 0
-9337 4368 1000 600 Albert 0 0 0
-10660 3505 1800 600 Albuquerque,NM 0 0 0
-9230 3138 1700 600 Alexandria,LA 0 0 0
-9538 4587 1700 600 Alexandria,MN 0 0 0
-9803 2773 1200 600 Alice,TX 0 0 0
-7543 4065 1600 600 Allentown,PA 0 0 0
-10280 4205 1500 600 Alliance,NE 0 0 0
-8252 3153 1100 600 Alma,GA 0 0 0
-8357 4507 1300 600 Alpena,MI 0 0 0
-9005 3888 1200 600 Alton,IL 0 0 0
-7832 4030 1400 600 Altoona,PA 0 0 0
-12053 4148 1400 600 Alturas,CA 0 0 0
-9927 3467 900 600 Altus 0 0 0
-10170 3523 1500 600 Amarillo,TX 0 0 0
-15785 6710 1300 600 Ambler,AK 0 0 0
-7437 4075 1400 600 Ambrose,NY 0 0 0
-14985 6122 1600 600 Anchorage,AK 0 0 0
-8272 3450 1500 600 Anderson,SC 0 0 0
-7687 3882 1100 600 Andrews 0 0 0
-13497 5783 1300 600 Angoon,AK 0 0 0
-15953 6158 1200 600 Aniak,AK 0 0 0
-8375 4222 700 600 Ann 0 0 0
-13157 5503 1100 600 Annette 0 0 0
-8585 3358 1500 600 Anniston,AL 0 0 0
-8503 2973 1900 600 Apalachicola,FL 0 0 0
-8852 4425 1500 600 Appleton,WI 0 0 0
-12410 4098 1300 600 Arcata,CA 0 0 0
-9702 3430 1400 600 Ardmore,OK 0 0 0
-8255 3543 1600 600 Asheville,NC 0 0 0
-10687 3922 1200 600 Aspen,CO 0 0 0
-8157 2912 900 600 Astor 0 0 0
-12388 4615 1400 600 Astoria,OR 0 0 0
-8332 3395 1300 600 Athens,GA 0 0 0
-8223 3921 2000 600 Athens/Albany,OH 0 0 0
-8442 3365 1400 600 Atlanta,GA 0 0 0
-8430 3388 1900 600 Atlanta/Dklb,GA 0 0 0
-8452 3378 1900 600 Atlanta/Fltn,GA 0 0 0
-7457 3945 1200 600 Atlantic 0 0 0
-17330 5350 1100 600 Attu,AK 0 0 0
-8544 3267 1300 600 Auburn,AL 0 0 0
-6980 4432 1400 600 Augusta,ME 0 0 0
-8197 3337 1900 600 Augusta/Bush,GA 0 0 0
-8832 4177 1300 600 Aurora,IL 0 0 0
-12275 4525 1300 600 Aurora,OR 0 0 0
-11708 3950 1300 600 Austin,NV 0 0 0
-9770 3030 1300 600 Austin,TX 0 0 0
-8155 2808 800 600 Avon 0 0 0
-8650 3938 1100 600 Bakalar 0 0 0
-11782 4483 1200 600 Baker,OR 0 0 0
-11905 3543 1800 600 Bakersfield,CA 0 0 0
-7667 3918 1600 600 Baltimore,MD 0 0 0
-6882 4480 1300 600 Bangor,ME 0 0 0
-6837 4445 700 600 Bar 0 0 0
-15812 2153 1100 600 Barbers 0 0 0
-16030 2205 1100 600 Barking 0 0 0
-9367 3250 1600 600 Barksdale,LA 0 0 0
-7428 4028 1200 600 Barnegat 0 0 0
-15678 7130 1300 600 Barrow,AK 0 0 0
-14363 7013 1000 600 Barter 0 0 0
-9600 3675 1900 600 Bartlesville,OK 0 0 0
-9115 3053 900 600 Baton 0 0 0
-8523 4230 1000 600 Battle 0 0 0
-11687 4062 1000 600 Battle 0 0 0
-12145 3913 900 600 Beale 0 0 0
-9675 4032 1500 600 Beatrice,NE 0 0 0
-8072 3248 1200 600 Beaufort 0 0 0
-11695 3393 1500 600 Beaumont,CA 0 0 0
-8033 4075 1000 600 Beaver 0 0 0
-8112 3778 1400 600 Beckley,WV 0 0 0
-7128 4247 1400 600 Bedford,MA 0 0 0
-12253 4880 1700 600 Bellingham,WA 0 0 0
-9493 4750 1100 600 Bemidji 0 0 0
-8643 4213 1000 600 Benton 0 0 0
-9768 3020 1300 600 Bergstrom 0 0 0
-7118 4458 1300 600 Berlin,NH 0 0 0
-16180 6078 1000 600 Bethel 0 0 0
-15152 6692 1400 600 Bettles,AK 0 0 0
-7092 4258 1400 600 Beverly,MA 0 0 0
-11662 3528 1100 600 Bicycle 0 0 0
-11668 3427 700 600 Big 0 0 0
-14573 6400 700 600 Big 0 0 0
-11010 4257 700 600 Big 0 0 0
-15230 6082 700 600 Big 0 0 0
-10148 3239 700 600 Big 0 0 0
-10145 3230 700 600 Big 0 0 0
-10853 4580 1500 600 Billings,MT 0 0 0
-7598 4222 1700 600 Binghamton,NY 0 0 0
-8675 3357 1700 600 Birmingham,AL 0 0 0
-11860 3760 1300 600 Bishop,CA 0 0 0
-10075 4677 1500 600 Bismarck,ND 0 0 0
-9015 3857 1100 600 Bistate 0 0 0
-7909 4027 1800 600 Blairsville,PA 0 0 0
-10978 3803 1500 600 Blanding,UT 0 0 0
-7158 4117 900 600 Block 0 0 0
-8893 4048 1800 600 Bloomington,IL 0 0 0
-8662 3913 1800 600 Bloomington,IN 0 0 0
-12070 3928 800 600 Blue 0 0 0
-8122 3730 1600 600 Bluefield,WV 0 0 0
-11472 3362 1300 600 Blythe,CA 0 0 0
-8995 3597 1800 600 Blytheville,AR 0 0 0
-11622 4357 1200 600 Boise,ID 0 0 0
-8967 2955 1700 600 Boothville,LA 0 0 0
-7103 4237 1300 600 Boston,MA 0 0 0
-8643 3697 1100 600 Bowling 0 0 0
-11115 4578 1400 600 Bozeman,MT 0 0 0
-8960 4116 1500 600 Bradford,IL 0 0 0
-7863 4180 1500 600 Bradford,PA 0 0 0
-9413 4640 1900 600 Brainerd-Crw,MN 0 0 0
-12277 4748 1600 600 Bremerton,WA 0 0 0
-7313 4117 1700 600 Bridgeport,CT 0 0 0
-8240 3648 1400 600 Bristol,TN 0 0 0
-10512 3990 1900 600 Brmfield/Jef,CO 0 0 0
-10567 4567 1400 600 Broadus,MT 0 0 0
-9965 4143 1000 600 Broken 0 0 0
-12447 4208 1600 600 Brookings,OR 0 0 0
-9680 4430 1600 600 Brookings,SD 0 0 0
-9743 2590 1800 600 Brownsville,TX 0 0 0
-9896 3179 1600 600 Brownwood,TX 0 0 0
-8138 3115 1600 600 Brunswick,GA 0 0 0
-6993 4388 1600 600 Brunswick,ME 0 0 0
-10475 3972 1400 600 Buckley,CO 0 0 0
-7873 4293 1400 600 Buffalo,NY 0 0 0
-11070 3750 1200 600 Bullfrog 0 0 0
-11837 3420 1400 600 Burbank,CA 0 0 0
-11377 4253 1300 600 Burley,ID 0 0 0
-9112 4078 1700 600 Burlington,IA 0 0 0
-7315 4447 1700 600 Burlington,VT 0 0 0
-12233 4850 1700 600 Burlington,WA 0 0 0
-11895 4360 900 600 Burns 0 0 0
-9915 4178 1400 600 Burwell,NE 0 0 0
-11250 4595 1200 600 Butte,MT 0 0 0
-8922 3707 1200 600 Cairo,IL 0 0 0
-11452 3762 1500 600 Caliente,NV 0 0 0
-9240 3352 1300 600 Camden,AR 0 0 0
-9330 2978 1100 600 Cameron 0 0 0
-11735 3330 800 600 Camp 0 0 0
-11647 3262 1200 600 Campo,CA 0 0 0
-10332 3438 1300 600 Cannon,NM 0 0 0
-8143 4092 1300 600 Canton,OH 0 0 0
-14895 6338 1500 600 Cantwell,AK 0 0 0
-12495 4338 800 600 Cape 0 0 0
-8055 2847 800 600 Cape 0 0 0
-7050 4178 800 600 Cape 0 0 0
-13422 5600 800 600 Cape 0 0 0
-7555 3527 800 600 Cape 0 0 0
-14708 6038 800 600 Cape 0 0 0
-13705 5833 800 600 Cape 0 0 0
-14500 6033 800 600 Cape 0 0 0
-8925 3778 1700 600 Carbondale,IL 0 0 0
-6802 4687 1100 600 Caribou 0 0 0
-11728 3313 1500 600 Carlsbad,CA 0 0 0
-10427 3233 1500 600 Carlsbad,NM 0 0 0
-9743 3278 1200 600 Carswell 0 0 0
-12188 4568 1400 600 Cascade,OR 0 0 0
-10647 4292 1300 600 Casper,WY 0 0 0
-12057 3738 1000 600 Castle 0 0 0
-8188 3022 1200 600 Cecil,FL 0 0 0
-11310 3770 900 600 Cedar 0 0 0
-9170 4188 900 600 Cedar 0 0 0
-8909 3851 1600 600 Centralia,IL 0 0 0
-8725 3290 1800 600 Centreville,AL 0 0 0
-10308 4283 1400 600 Chadron,NE 0 0 0
-11422 4452 1400 600 Challis,ID 0 0 0
-9932 4380 1800 600 Chamberlain,SD 0 0 0
-8828 4003 2300 600 Champaign/Urbana,IL 0 0 0
-14848 6750 1300 600 Chandalar 0 0 0
-9548 3767 1400 600 Chanute,KS 0 0 0
-8003 3290 1700 600 Charleston,SC 0 0 0
-8160 3837 1700 600 Charleston,WV 0 0 0
-8093 3522 1600 600 Charlotte,NC 0 0 0
-7845 3813 1900 600 Charlottesvi,VA 0 0 0
-9767 2837 900 600 Chase 0 0 0
-6997 4167 1400 600 Chatham,MA 0 0 0
-8520 3503 1800 600 Chattanooga,TN 0 0 0
-7688 3490 1000 600 Cherry 0 0 0
-7620 3750 1700 600 Chesapeake,VA 0 0 0
-10482 4115 1500 600 Cheyenne,WY 0 0 0
-8765 4190 1400 600 Chicago,IL 0 0 0
-8762 4187 2000 600 Chicago/Meigs,IL 0 0 0
-8775 4178 2100 600 Chicago/Midway,IL 0 0 0
-8790 4198 2100 600 Chicago/O'hare,IL 0 0 0
-12185 3978 1200 600 Chico,CA 0 0 0
-10028 3443 1600 600 Childress,TX 0 0 0
-11768 3568 900 600 China 0 0 0
-11763 3397 1200 600 Chino,CA 0 0 0
-8447 4625 1500 600 Chippewa,MI 0 0 0
-14983 6288 1500 600 Chulitna,AK 0 0 0
-8443 3910 1700 600 Cincinnati,OH 0 0 0
-14407 6583 1000 600 Circle 0 0 0
-9295 3122 1300 600 Claiborne 0 0 0
-8023 3928 1700 600 Clarksburg,WV 0 0 0
-8742 3662 1800 600 Clarksville,TN 0 0 0
-10315 3645 1100 600 Clayton 0 0 0
-8148 4157 1600 600 Cleveland,OH 0 0 0
-9920 3535 1400 600 Clinton,OK 0 0 0
-10902 4452 1100 600 Cody,WY 0 0 0
-11682 4777 900 600 Coeur 0 0 0
-9722 3775 800 600 Col. 0 0 0
-16272 5520 800 600 Cold 0 0 0
-9637 3058 1100 600 College 0 0 0
-10472 3882 800 600 Colo 0 0 0
-9222 3882 1500 600 Columbia,MO 0 0 0
-8112 3395 1500 600 Columbia,SC 0 0 0
-8493 3252 1500 600 Columbus,GA 0 0 0
-9735 4145 1500 600 Columbus,NE 0 0 0
-8288 4000 1500 600 Columbus,OH 0 0 0
-8845 3365 1200 600 Columbus 0 0 0
-8307 4008 1200 600 Columbus 0 0 0
-11847 4888 1500 600 Colville,WA 0 0 0
-12205 3798 1400 600 Concord,CA 0 0 0
-7150 4320 1400 600 Concord,NH 0 0 0
-9765 3955 1600 600 Concordia,KS 0 0 0
-8595 4307 1900 600 Coopersville,MI 0 0 0
-8785 4747 1000 600 Copper 0 0 0
-14550 6050 1400 600 Cordova,AK 0 0 0
-10568 3410 1300 600 Corona,NM 0 0 0
-9750 2777 1000 600 Corpus 0 0 0
-10863 3730 1300 600 Cortez,CO 0 0 0
-12328 4450 1600 600 Corvallis,OR 0 0 0
-9922 2845 1400 600 Cotulla,TX 0 0 0
-10000 4087 1200 600 Cozad,NE 0 0 0
-8958 3723 600 600 Cp 0 0 0
-13325 5580 1200 600 Craig,AK 0 0 0
-10753 4050 1900 600 Craig-Moffat,CO 0 0 0
-12423 4178 1200 600 Crescent 0 0 0
-8652 3078 1600 600 Crestview,FL 0 0 0
-8310 2962 900 600 Cross 0 0 0
-8508 3595 1700 600 Crossville,TN 0 0 0
-10695 3602 800 600 Cuba 0 0 0
-10360 4377 1300 600 Custer,SD 0 0 0
-11237 4860 700 600 Cut 0 0 0
-9555 3007 800 600 D.w. 0 0 0
-11678 3487 1400 600 Daggett,CA 0 0 0
-10255 3602 1400 600 Dalhart,TX 0 0 0
-9683 3297 1900 600 Dallas/Addis,TX 0 0 0
-9703 3290 1600 600 Dallas/FW,TX 0 0 0
-9685 3285 1800 600 Dallas/Love,TX 0 0 0
-9687 3268 1900 600 Dallas/Redbr,TX 0 0 0
-9697 3273 1000 600 Dallas 0 0 0
-7348 4137 1400 600 Danbury,CT 0 0 0
-7820 4297 1600 600 Dansville,NY 0 0 0
-8760 4020 1500 600 Danville,IL 0 0 0
-7933 3657 1500 600 Danville,VA 0 0 0
-7650 3613 800 600 Dare 0 0 0
-11088 3217 1100 600 Davis-M 0 0 0
-8420 3990 1300 600 Dayton,OH 0 0 0
-8105 2918 1100 600 Daytona 0 0 0
-8872 4193 1300 600 DeKalb,IL 0 0 0
-14847 7020 1600 600 Deadhorse,AK 0 0 0
-8887 3983 1400 600 Decatur,IL 0 0 0
-11208 3368 800 600 Deer 0 0 0
-10092 2937 700 600 Del 0 0 0
-11258 3933 1200 600 Delta,UT 0 0 0
-10770 3225 1300 600 Deming,NM 0 0 0
-10487 3975 1300 600 Denver,CO 0 0 0
-9365 4153 700 600 Des 0 0 0
-8302 4242 1400 600 Detroit,MI 0 0 0
-9588 4682 1100 600 Detroit 0 0 0
-9887 4810 1100 600 Devil's 0 0 0
-7550 3525 1100 600 Diamond 0 0 0
-10280 4678 1600 600 Dickenson,ND 0 0 0
-15852 5905 1700 600 Dillingham,AK 0 0 0
-11255 4525 1300 600 Dillon,MT 0 0 0
-8452 3392 1100 600 Dobbins 0 0 0
-9997 3777 900 600 Dodge 0 0 0
-8545 3132 1300 600 Dothan,AL 0 0 0
-10960 3145 1400 600 Douglas,AZ 0 0 0
-10538 4275 1400 600 Douglas,WY 0 0 0
-7547 3913 1200 600 Dover,DE 0 0 0
-11315 4667 1500 600 Drummond,MT 0 0 0
-8825 4192 600 600 Du 0 0 0
-7890 4118 1300 600 Dubois,PA 0 0 0
-9070 4240 1400 600 Dubuque,IA 0 0 0
-14392 6273 1000 600 Duffys 0 0 0
-11293 4020 1000 600 Dugway 0 0 0
-8652 3065 800 600 Duke 0 0 0
-9218 4683 1300 600 Duluth,MN 0 0 0
-10775 3715 1400 600 Durango,CO 0 0 0
-16653 5388 900 600 Dutch 0 0 0
-8940 3602 1600 600 Dyersburg,TN 0 0 0
-9985 3243 900 600 Dyess 0 0 0
-10692 3965 1200 600 Eagle,CO 0 0 0
-14115 6477 900 600 Eagle 0 0 0
-11307 4105 900 600 Eagle 0 0 0
-9148 4487 700 600 Eau 0 0 0
-11788 3490 1100 600 Edwards 0 0 0
-8653 3048 900 600 Eglin 0 0 0
-8277 2760 1000 600 Egmont 0 0 0
-11568 3282 600 600 El 0 0 0
-9280 3322 600 600 El 0 0 0
-11803 3408 600 600 El 0 0 0
-10640 3180 600 600 El 0 0 0
-11773 3367 600 600 El 0 0 0
-13537 5962 1000 600 Eldred 0 0 0
-13635 5820 900 600 Elfin 0 0 0
-7618 3627 1600 600 Elizabeth,NC 0 0 0
-11543 4582 700 600 Elk 0 0 0
-8600 4172 1400 600 Elkhart,IN 0 0 0
-10188 3700 1400 600 Elkhart,KS 0 0 0
-7985 3888 1300 600 Elkins,WV 0 0 0
-11578 4083 1100 600 Elko,NV 0 0 0
-9517 2962 1300 600 Ellington 0 0 0
-10310 4415 1300 600 Ellsworth 0 0 0
-7690 4217 1300 600 Elmira,NY 0 0 0
-9182 4790 1000 600 Ely,MN 0 0 0
-11485 3928 1800 600 Ely/Yelland,NV 0 0 0
-9620 3833 1400 600 Emporia,KS 0 0 0
-9255 3133 1100 600 England 0 0 0
-10483 3957 1600 600 Englewood,CO 0 0 0
-9780 3638 1100 600 Enid,OK 0 0 0
-11952 4732 1400 600 Ephrata,WA 0 0 0
-8018 4208 1100 600 Erie,PA 0 0 0
-8708 4573 1500 600 Escanaba,MI 0 0 0
-9475 4340 1800 600 Estherville,IA 0 0 0
-12322 4412 1300 600 Eugene,OR 0 0 0
-9178 2847 1000 600 Eugene 0 0 0
-12428 4133 1300 600 Eureka,CA 0 0 0
-11597 3950 1300 600 Eureka,NV 0 0 0
-11100 4133 1500 600 Evanston,WY 0 0 0
-8753 3805 1700 600 Evansville,IN 0 0 0
-12228 4792 1900 600 Everet/Paine,WA 0 0 0
-14787 6482 1600 600 Fairbanks,AK 0 0 0
-11765 4762 1600 600 Fairchild,WA 0 0 0
-7428 4087 1600 600 Fairfield,NJ 0 0 0
-9442 4365 1500 600 Fairmont,MN 0 0 0
-11173 3347 1000 600 Falcon 0 0 0
-11870 3942 1000 600 Fallon 0 0 0
-9558 4007 900 600 Falls 0 0 0
-15447 6285 1500 600 Farewell,AK 0 0 0
-9680 4690 1200 600 Fargo,ND 0 0 0
-7343 4073 1800 600 Farmingdale,NY 0 0 0
-10823 3675 1700 600 Farmington,NM 0 0 0
-9417 3600 1900 600 Fayetteville,AR 0 0 0
-7888 3500 1900 600 Fayetteville,NC 0 0 0
-9607 4630 1000 600 Fergus 0 0 0
-8367 4102 1400 600 Findlay,OH 0 0 0
-13403 5745 800 600 Five 0 0 0
-14983 6593 800 600 Five 0 0 0
-11167 3513 1600 600 Flagstaff,AZ 0 0 0
-8375 4297 1900 600 Flint/Bishop,MI 0 0 0
-7972 3418 1500 600 Florence,SC 0 0 0
-7718 3872 800 600 Fort 0 0 0
-8500 3233 800 600 Fort 0 0 0
-7893 3513 800 600 Fort 0 0 0
-10477 3868 800 600 Fort 0 0 0
-7160 4257 800 600 Fort 0 0 0
-9418 4255 800 600 Fort 0 0 0
-7573 4405 800 600 Fort 0 0 0
-7662 3713 800 600 Fort 0 0 0
-11035 3160 800 600 Fort 0 0 0
-12132 3600 800 600 Fort 0 0 0
-8013 2613 800 600 Fort 0 0 0
-12258 4708 800 600 Fort 0 0 0
-7677 3908 800 600 Fort 0 0 0
-8187 2658 800 600 Fort 0 0 0
-12177 3668 800 600 Fort 0 0 0
-9320 3105 800 600 Fort 0 0 0
-8572 3128 800 600 Fort 0 0 0
-9840 3465 800 600 Fort 0 0 0
-8520 4100 800 600 Fort 0 0 0
-9735 3282 800 600 Fort 0 0 0
-14527 6657 800 600 Fort 0 0 0
-16647 2445 600 600 Fr 0 0 0
-7987 4138 1500 600 Franklin,PA 0 0 0
-10550 3957 1300 600 Fraser,CO 0 0 0
-11972 3677 1300 600 Fresno,CA 0 0 0
-8750 3667 600 600 Ft 0 0 0
-10502 4045 600 600 Ft 0 0 0
-10508 4058 600 600 Ft 0 0 0
-9772 3115 600 600 Ft 0 0 0
-8597 3790 600 600 Ft 0 0 0
-8015 2607 600 600 Ft 0 0 0
-9492 3937 600 600 Ft 0 0 0
-9213 3775 600 600 Ft 0 0 0
-8187 2665 600 600 Ft 0 0 0
-9677 3905 600 600 Ft 0 0 0
-9437 3533 600 600 Ft 0 0 0
-8157 3188 600 600 Ft 0 0 0
-11797 3387 1600 600 Fullerton,CA 0 0 0
-13490 5825 1000 600 Funter 0 0 0
-8609 3397 1400 600 Gadsden,AL 0 0 0
-9977 3630 1100 600 Gage,OK 0 0 0
-8227 2968 1800 600 Gainesville,FL 0 0 0
-14948 6848 1300 600 Galbraith 0 0 0
-9043 4093 1600 600 Galesburg,IL 0 0 0
-10878 3552 1900 600 Gallup/Clark,NM 0 0 0
-9487 2927 1600 600 Galveston,TX 0 0 0
-17173 6377 1400 600 Gambell,AK 0 0 0
-10072 3793 1000 600 Garden 0 0 0
-8742 4162 1100 600 Gary,IN 0 0 0
-11738 3458 1000 600 George 0 0 0
-11317 3355 800 600 Gila 0 0 0
-10553 4435 1500 600 Gillette,WY 0 0 0
-10662 4822 1400 600 Glasgow,MT 0 0 0
-10480 4713 1500 600 Glendive,MT 0 0 0
-7362 4335 900 600 Glens 0 0 0
-8782 4208 1200 600 Glenview 0 0 0
-8858 3345 1000 600 Golden 0 0 0
-11517 4300 1400 600 Gooding,ID 0 0 0
-10170 3937 1500 600 Goodland,KS 0 0 0
-11238 3342 1500 600 Goodyear,AZ 0 0 0
-11215 3595 900 600 Grand 0 0 0
-9718 4795 900 600 Grand 0 0 0
-9832 4097 900 600 Grand 0 0 0
-9007 2918 900 600 Grand 0 0 0
-10853 3912 900 600 Grand 0 0 0
-8552 4288 900 600 Grand 0 0 0
-9352 4722 900 600 Grand 0 0 0
-11613 4592 1800 600 Grangeville,ID 0 0 0
-10790 3517 1300 600 Grants,NM 0 0 0
-9783 3107 800 600 Gray 0 0 0
-11137 4748 900 600 Great 0 0 0
-10463 4043 1800 600 Greeley-Wld,CO 0 0 0
-8813 4448 900 600 Green 0 0 0
-11015 3900 900 600 Green 0 0 0
-7995 3608 1700 600 Greensboro,NC 0 0 0
-6963 4578 1700 600 Greenville,ME 0 0 0
-9098 3348 1700 600 Greenville,MS 0 0 0
-8235 3485 1700 600 Greenville,SC 0 0 0
-9607 3307 1700 600 Greenville,TX 0 0 0
-9008 3350 1600 600 Greenwood,MS 0 0 0
-7540 4323 1200 600 Griffiss 0 0 0
-8615 4065 1100 600 Grissom 0 0 0
-7205 4133 1300 600 Groton,CT 0 0 0
-10480 3183 1300 600 Guadalupe 0 0 0
-8907 3040 1500 600 Gulfport,MS 0 0 0
-14545 6215 1100 600 Gulkana 0 0 0
-10693 3855 1500 600 Gunnison,CO 0 0 0
-13573 5842 1500 600 Gustavus,AK 0 0 0
-7772 3970 1700 600 Hagerstown,MD 0 0 0
-13543 5923 1000 600 Haines 0 0 0
-8850 4717 1400 600 Hancock,MI 0 0 0
-11960 4657 1400 600 Hanford,WA 0 0 0
-11072 3837 1700 600 Hanksville,UT 0 0 0
-8253 4383 1000 600 Harbor 0 0 0
-9767 2623 1600 600 Harlingen,TX 0 0 0
-10983 4643 1600 600 Harlowton,MT 0 0 0
-7742 4037 1700 600 Harrisburg,PA 0 0 0
-9315 3627 1500 600 Harrison,AR 0 0 0
-7265 4173 1500 600 Hartford,CT 0 0 0
-9843 4060 1500 600 Hastings,NE 0 0 0
-8933 3147 1800 600 Hattiesburg,MS 0 0 0
-10977 4855 1200 600 Havre,MT 0 0 0
-11833 3392 1600 600 Hawthorne,CA 0 0 0
-11863 3855 1600 600 Hawthorne,NV 0 0 0
-15208 6198 900 600 Hayes 0 0 0
-9927 3885 1100 600 Hays,KS 0 0 0
-12212 3765 1400 600 Hayward,CA 0 0 0
-14900 6383 900 600 Healy 0 0 0
-11200 4660 1300 600 Helena,MT 0 0 0
-9285 4738 1400 600 Hibbing,MN 0 0 0
-8138 3575 1400 600 Hickory,NC 0 0 0
-9375 2822 800 600 High 0 0 0
-9440 2813 800 600 High 0 0 0
-11197 4112 800 600 Hill 0 0 0
-9983 3938 800 600 Hill 0 0 0
-12295 4553 1600 600 Hillsboro,OR 0 0 0
-15507 1972 1100 600 Hilo,HI 0 0 0
-9905 3500 1300 600 Hobart,OK 0 0 0
-10320 3268 1200 600 Hobbs,NM 0 0 0
-10610 3285 1200 600 Holloman 0 0 0
-15150 5963 1200 600 Homer,AK 0 0 0
-8038 2548 1600 600 Homestead,FL 0 0 0
-9917 2935 1200 600 Hondo,TX 0 0 0
-15793 2135 1200 600 Honolulu 0 0 0
-13545 5810 1000 600 Hoonah 0 0 0
-12397 4697 1400 600 Hoquiam,WA 0 0 0
-9310 3448 700 600 Hot 0 0 0
-8282 3590 700 600 Hot 0 0 0
-7982 3795 700 600 Hot 0 0 0
-8468 4437 1200 600 Houghton 0 0 0
-6778 4613 1400 600 Houlton,ME 0 0 0
-9065 2957 1200 600 Houma,LA 0 0 0
-9535 2997 1400 600 Houston,TX 0 0 0
-9528 2965 2000 600 Houston/Hobby,TX 0 0 0
-8115 3202 1000 600 Hunter 0 0 0
-8255 3837 1700 600 Huntington,WV 0 0 0
-8677 3465 1700 600 Huntsville,AL 0 0 0
-8668 3043 1200 600 Hurlburt 0 0 0
-9822 4438 1200 600 Huron,SD 0 0 0
-9787 3807 1700 600 Hutchinson,KS 0 0 0
-7028 4167 1400 600 Hyannis,MA 0 0 0
-11207 4352 900 600 Idaho 0 0 0
-15492 5975 1100 600 Iliamna 0 0 0
-11557 3283 1500 600 Imperial,CA 0 0 0
-10139 4033 1500 600 Imperial,NE 0 0 0
-11712 3257 1200 600 Imperial 0 0 0
-11557 3653 700 600 Ind 0 0 0
-8627 3973 1900 600 Indianapolis,IN 0 0 0
-9212 2973 1900 600 Intercoastal,LA 0 0 0
-9338 4857 800 600 Intl 0 0 0
-8812 4582 800 600 Iron 0 0 0
-9013 4653 1500 600 Ironwood,MI 0 0 0
-7310 4078 1200 600 Islip,NY 0 0 0
-7647 4248 1300 600 Ithaca,NY 0 0 0
-8332 3760 1400 600 Jackson,KY 0 0 0
-8447 4227 1400 600 Jackson,MI 0 0 0
-9008 3232 1400 600 Jackson,MS 0 0 0
-8892 3560 1400 600 Jackson,TN 0 0 0
-11073 4360 1400 600 Jackson,WY 0 0 0
-8168 3023 1900 600 Jacksonville,FL 0 0 0
-7762 3482 1900 600 Jacksonville,NC 0 0 0
-7200 4280 1400 600 Jaffrey,NH 0 0 0
-9868 4692 1600 600 Jamestown,ND 0 0 0
-7925 4215 1600 600 Jamestown,NY 0 0 0
-8903 4262 1700 600 Janesville,WI 0 0 0
-9217 3860 1300 600 Jefferson 0 0 0
-9488 3882 1100 600 Johnson 0 0 0
-7883 4032 1600 600 Johnstown,PA 0 0 0
-9065 3583 1600 600 Jonesboro,AR 0 0 0
-9450 3717 1300 600 Joplin,MO 0 0 0
-10693 4733 1300 600 Jordan,MT 0 0 0
-9977 3050 1500 600 Junction,TX 0 0 0
-13458 5837 1300 600 Juneau,AK 0 0 0
-15643 2090 1100 600 Kahului 0 0 0
-13395 5697 800 600 Kake 0 0 0
-8555 4223 1600 600 Kalamazoo,MI 0 0 0
-11427 4830 1600 600 Kalispell,MT 0 0 0
-15828 2175 1100 600 Kaneohe 0 0 0
-8785 4107 1500 600 Kankakee,IL 0 0 0
-9472 3932 1000 600 Kansas 0 0 0
-15605 1975 1900 600 Ke-Ahole/Kon,HI 0 0 0
-9900 4073 1400 600 Kearney,NE 0 0 0
-7227 4290 1200 600 Keene,NH 0 0 0
-8892 3042 1100 600 Keesler 0 0 0
-9858 2938 900 600 Kelly 0 0 0
-15125 6057 1200 600 Kenai,AK 0 0 0
-9908 2998 1600 600 Kerrville,TX 0 0 0
-13170 5535 1600 600 Ketchikan,AK 0 0 0
-8175 2455 700 600 Key 0 0 0
-8168 2457 700 600 Key 0 0 0
-15967 2238 1100 600 Kilauea 0 0 0
-9768 3108 1400 600 Killeen,TX 0 0 0
-15665 5868 800 600 King 0 0 0
-11395 3527 1400 600 Kingman,AZ 0 0 0
-9782 2750 1700 600 Kingsville,TX 0 0 0
-7763 3532 1400 600 Kinston,NC 0 0 0
-9255 4010 1700 600 Kirksville,MO 0 0 0
-12173 4215 1100 600 Klamath 0 0 0
-8398 3582 1600 600 Knoxville,TN 0 0 0
-15250 5775 1300 600 Kodiak,AK 0 0 0
-16263 6687 1500 600 Kotzebue,AK 0 0 0
-9125 4387 600 600 La 0 0 0
-11800 4528 600 600 La 0 0 0
-8507 3301 600 600 La 0 0 0
-10352 3805 600 600 La 0 0 0
-11778 3410 600 600 La 0 0 0
-7143 4357 1400 600 Laconia,NH 0 0 0
-9200 3020 1600 600 Lafayette,LA 0 0 0
-9322 3012 800 600 Lake 0 0 0
-12000 3890 800 600 Lake 0 0 0
-12035 4218 800 600 Lake 0 0 0
-7435 4003 1600 600 Lakehurst,NJ 0 0 0
-8195 2803 1500 600 Lakeland,FL 0 0 0
-10260 3812 1200 600 Lamar,CO 0 0 0
-9393 4062 1300 600 Lamoni,IA 0 0 0
-15695 2080 1800 600 Lanai-Lanai,HI 0 0 0
-11822 3473 1600 600 Lancaster,CA 0 0 0
-7630 4013 1600 600 Lancaster,PA 0 0 0
-10873 4282 1300 600 Lander,WY 0 0 0
-7637 3708 1100 600 Langley 0 0 0
-8460 4277 1400 600 Lansing,MI 0 0 0
-10568 4132 1400 600 Laramie,WY 0 0 0
-9947 2753 1000 600 Laredo 0 0 0
-10677 3230 700 600 Las 0 0 0
-10515 3565 700 600 Las 0 0 0
-11517 3608 700 600 Las 0 0 0
-7940 4028 1400 600 Latrobe,PA 0 0 0
-10078 2937 1200 600 Laughlin 0 0 0
-8917 3167 1300 600 Laurel,MS 0 0 0
-7112 4272 1500 600 Lawrence,MA 0 0 0
-9842 3457 1300 600 Lawton,OK 0 0 0
-14903 6163 800 600 Lazy 0 0 0
-10630 3925 1600 600 Leadville,CO 0 0 0
-7230 4363 1400 600 Lebanon,NH 0 0 0
-10217 4593 1300 600 Lemmon,SD 0 0 0
-11995 3633 1100 600 Lemoore 0 0 0
-8040 3787 1600 600 Lewisburg,WV 0 0 0
-11702 4638 1500 600 Lewiston,ID 0 0 0
-10945 4705 1500 600 Lewiston,MT 0 0 0
-8500 3805 1600 600 Lexington,KY 0 0 0
-10097 3705 1400 600 Liberal,KS 0 0 0
-9715 4610 1700 600 Lidgerwood,ND 0 0 0
-15935 2198 1800 600 Lihue-Kauai,HI 0 0 0
-10370 3918 1200 600 Limon,CO 0 0 0
-9675 4085 1100 600 Lincoln 0 0 0
-9452 4513 1700 600 Litchfield,MN 0 0 0
-9238 3522 1000 600 Little 0 0 0
-12182 3770 1600 600 Livermore,CA 0 0 0
-11043 4570 1700 600 Livingston,MT 0 0 0
-9110 2970 600 600 Lk 0 0 0
-11185 4178 1200 600 Logan,UT 0 0 0
-8407 3708 1300 600 London,KY 0 0 0
-9018 4320 800 600 Lone 0 0 0
-15323 7092 1000 600 Lonely 0 0 0
-11815 3382 800 600 Long 0 0 0
-9472 3238 1500 600 Longview,TX 0 0 0
-6788 4695 1000 600 Loring 0 0 0
-11805 3378 700 600 Los 0 0 0
-10628 3588 700 600 Los 0 0 0
-11840 3393 700 600 Los 0 0 0
-8567 3823 1700 600 Louisville,KY 0 0 0
-11892 4010 1500 600 Lovelock,NV 0 0 0
-10182 3365 1400 600 Lubbock,TX 0 0 0
-9475 3123 1300 600 Lufkin,TX 0 0 0
-11238 3353 1100 600 Luke,AZ 0 0 0
-7920 3733 1600 600 Lynchburg,VA 0 0 0
-8252 2785 1100 600 Macdill 0 0 0
-7950 3503 1100 600 Mackall 0 0 0
-9066 4052 1300 600 Macomb,IL 0 0 0
-8365 3270 1800 600 Macon/Lewis,GA 0 0 0
-8933 4313 1400 600 Madison,WI 0 0 0
-11232 4217 900 600 Malad 0 0 0
-11118 4750 1600 600 Malmstrom,MT 0 0 0
-11337 4230 1200 600 Malta,ID 0 0 0
-11892 3763 1100 600 Mammoth 0 0 0
-7143 4293 1700 600 Manchester,NH 0 0 0
-9667 3915 1600 600 Manhatten,KS 0 0 0
-8625 4427 1500 600 Manistee,MI 0 0 0
-8767 4413 1600 600 Manitowac,WI 0 0 0
-9392 4422 1400 600 Mankato,MN 0 0 0
-15065 6500 1000 600 Manley 0 0 0
-8252 4082 1600 600 Mansfield,OH 0 0 0
-7568 3592 1000 600 Manteo 0 0 0
-11727 3388 900 600 March 0 0 0
-10402 3037 1200 600 Marfa,TX 0 0 0
-8518 3084 1500 600 Marianna,FL 0 0 0
-8900 3775 1300 600 Marion,IL 0 0 0
-8795 4688 1600 600 Marquette,MI 0 0 0
-8868 4137 1700 600 Marseilles,IL 0 0 0
-9582 4445 1200 600 Marshall 0 0 0
-7062 4140 1100 600 Marthas 0 0 0
-7798 3940 1800 600 Martinsburg,WV 0 0 0
-12157 3910 1700 600 Marysville,CA 0 0 0
-9333 4315 900 600 Mason 0 0 0
-7485 4493 1400 600 Massena,NY 0 0 0
-12130 3857 1000 600 Mather 0 0 0
-8828 3948 1400 600 Mattoon,IL 0 0 0
-15683 2097 1100 600 Maui,HI 0 0 0
-8637 3238 1100 600 Maxwell 0 0 0
-8142 3040 1100 600 Mayport 0 0 0
-9578 3488 1600 600 Mcalester,OK 0 0 0
-9823 2618 1400 600 Mcallen,TX 0 0 0
-11610 4488 1300 600 Mccall,ID 0 0 0
-14292 6143 1500 600 Mccarthy,AK 0 0 0
-12248 4715 1100 600 Mcchord 0 0 0
-12140 3867 1600 600 Mcclellan,CA 0 0 0
-9047 3118 1300 600 Mccomb,MS 0 0 0
-9727 3762 1300 600 Mcconnell 0 0 0
-10058 4022 1300 600 Mccook,NE 0 0 0
-8080 3392 1500 600 Mcentire,SC 0 0 0
-15562 6297 1400 600 Mcgrath,AK 0 0 0
-7460 4002 1100 600 Mcguire 0 0 0
-11840 4550 1400 600 Meacham,OR 0 0 0
-12287 4237 1400 600 Medford,OR 0 0 0
-9858 3730 1200 600 Medicine 0 0 0
-16627 6037 1500 600 Mekoryuk,AK 0 0 0
-8063 2810 1600 600 Melbourne,FL 0 0 0
-9000 3505 1100 600 Memphis 0 0 0
-8987 3535 1100 600 Memphis 0 0 0
-8763 4512 1600 600 Menominee,MI 0 0 0
-12052 3728 1300 600 Merced,CA 0 0 0
-11602 3662 1400 600 Mercury,NV 0 0 0
-8875 3233 1900 600 Meridian/Key,MS 0 0 0
-8857 3255 1200 600 Meridian 0 0 0
-8028 2592 1600 600 Miami/Opa,FL 0 0 0
-8043 2565 2000 600 Miami/Tamiami,FL 0 0 0
-8028 2582 900 600 Miami 0 0 0
-14633 5943 1300 600 Middleton 0 0 0
-7677 4020 1700 600 Middletown,PA 0 0 0
-10218 3195 1400 600 Midland,TX 0 0 0
-10587 4643 900 600 Miles 0 0 0
-11303 3872 1400 600 Milford,UT 0 0 0
-7507 3937 1600 600 Millville,NJ 0 0 0
-8790 4295 1600 600 Milwaukee,WI 0 0 0
-15227 6390 1700 600 Minchumina,AK 0 0 0
-9807 3278 1100 600 Mineral 0 0 0
-9322 4488 1800 600 Minneapolis,MN 0 0 0
-10135 4842 900 600 Minot 0 0 0
-10128 4827 900 600 Minot 0 0 0
-11715 3287 1100 600 Miramar 0 0 0
-8905 2878 1200 600 Missippi 0 0 0
-11408 4692 1500 600 Missoula,MT 0 0 0
-9803 4377 1500 600 Mitchell,SD 0 0 0
-10975 3877 1100 600 Moab,UT 0 0 0
-8825 3068 1300 600 Mobile,AL 0 0 0
-8807 3063 1000 600 Mobile 0 0 0
-10043 4553 1500 600 Mobridge,SD 0 0 0
-12095 3763 1400 600 Modesto,CA 0 0 0
-12205 3742 1000 600 Moffet 0 0 0
-11815 3505 1300 600 Mojave,CA 0 0 0
-9052 4145 1800 600 Moline/Quad,IL 0 0 0
-15710 2115 1400 600 Molokai,HI 0 0 0
-9435 3733 1300 600 Monett,MO 0 0 0
-11232 4457 1300 600 Monida,MT 0 0 0
-9205 3252 1300 600 Monroe,LA 0 0 0
-12253 4173 1500 600 Montague,CA 0 0 0
-8551 3515 1600 600 Monteagle,TN 0 0 0
-12185 3658 1500 600 Monterey,CA 0 0 0
-8640 3230 1700 600 Montgomery,AL 0 0 0
-7480 4170 1700 600 Monticello,NY 0 0 0
-7257 4420 1700 600 Montpelier,VT 0 0 0
-10788 3850 1500 600 Montrose,CO 0 0 0
-8320 3097 900 600 Moody 0 0 0
-10481 4435 1600 600 Moorcroft,WY 0 0 0
-9120 2970 1000 600 Morgan 0 0 0
-7992 3965 1700 600 Morgantown,WV 0 0 0
-10605 3498 1600 600 Moriarity,NM 0 0 0
-7442 4080 1700 600 Morristown,NJ 0 0 0
-11932 4720 900 600 Moses 0 0 0
-8967 4478 1400 600 Mosinee,WI 0 0 0
-12232 4132 900 600 Mount 0 0 0
-8886 3832 900 600 Mount 0 0 0
-11807 3423 900 600 Mount 0 0 0
-11587 4305 1000 600 Mountn 0 0 0
-7130 4427 600 600 Mt 0 0 0
-7657 4043 1100 600 Muir,PA 0 0 0
-11580 4747 1300 600 Mullan,ID 0 0 0
-10105 4205 1300 600 Mullen,NE 0 0 0
-8538 4023 1300 600 Muncie,IN 0 0 0
-8762 3475 1000 600 Muscle 0 0 0
-8625 4317 1500 600 Muskegon,MI 0 0 0
-9536 3566 1500 600 Muskogee,MO 0 0 0
-7893 3368 1000 600 Myrtle 0 0 0
-7007 4125 1600 600 Nantucket,MA 0 0 0
-12228 3822 1100 600 Napa,CA 0 0 0
-8180 2613 1300 600 Naples,FL 0 0 0
-8068 2862 800 600 Nasa 0 0 0
-7152 4278 1300 600 Nashua,NH 0 0 0
-8668 3612 1600 600 Nashville,TN 0 0 0
-9125 3162 1400 600 Natchez,MS 0 0 0
-11462 3477 1400 600 Needles,CA 0 0 0
-8853 4422 1300 600 Neenah,WI 0 0 0
-11503 3623 1000 600 Nellis 0 0 0
-14908 6455 1300 600 Nenana,AK 0 0 0
-16330 6207 700 600 New 0 0 0
-7097 4168 700 600 New 0 0 0
-7705 3508 700 600 New 0 0 0
-7267 4122 700 600 New 0 0 0
-9188 3003 700 600 New 0 0 0
-7208 4130 700 600 New 0 0 0
-9025 2998 700 600 New 0 0 0
-7743 3470 700 600 New 0 0 0
-7398 4077 700 600 New 0 0 0
-7378 4065 700 600 New 0 0 0
-7390 4077 700 600 New 0 0 0
-7417 4070 1000 600 Newark 0 0 0
-7410 4150 1500 600 Newburgh,NY 0 0 0
-12405 4463 1400 600 Newport,OR 0 0 0
-7233 4555 1400 600 Newport,VT 0 0 0
-7650 3713 1100 600 Newport 0 0 0
-7895 4310 1100 600 Niagara 0 0 0
-16942 5358 1500 600 Nikolski,AK 0 0 0
-16543 6450 1100 600 Nome,AK 0 0 0
-9743 4198 1400 600 Norfolk,NE 0 0 0
-7628 3693 1100 600 Norfolk 0 0 0
-7620 3690 1100 600 Norfolk 0 0 0
-9747 3523 1300 600 Norman,OK 0 0 0
-12425 4342 900 600 North 0 0 0
-11720 3270 900 600 North 0 0 0
-9602 4137 900 600 North 0 0 0
-10068 4113 900 600 North 0 0 0
-10640 3290 1200 600 Northrup 0 0 0
-14193 6297 1500 600 Northway,AK 0 0 0
-11723 3410 1000 600 Norton 0 0 0
-7118 4218 1400 600 Norwood,MA 0 0 0
-7142 4160 700 600 Nth 0 0 0
-7872 3382 700 600 Nth 0 0 0
-7502 4008 700 600 Nth 0 0 0
-9868 4247 1400 600 O'neill,NE 0 0 0
-12268 4825 700 600 Oak 0 0 0
-12222 3773 1400 600 Oakland,CA 0 0 0
-7513 3855 900 600 Ocean 0 0 0
-7603 3682 1000 600 Oceana 0 0 0
-9592 4112 1000 600 Offutt 0 0 0
-11202 4118 1200 600 Ogden,UT 0 0 0
-7540 4468 1700 600 Ogdensburg,NY 0 0 0
-9760 3540 1200 600 Oklahoma 0 0 0
-9490 3885 1300 600 Olathe,KS 0 0 0
-14988 7050 1100 600 Oliktok 0 0 0
-12290 4697 1400 600 Olympia,WA 0 0 0
-9590 4130 1900 600 Omaha/Eppley,NE 0 0 0
-11953 4842 1100 600 Omak,WA 0 0 0
-7512 4287 1400 600 Oneonta,NY 0 0 0
-11702 4402 1400 600 Ontario,OR 0 0 0
-11762 3405 1100 600 Ontario 0 0 0
-9895 4162 1600 600 Ord/Sharp,NE 0 0 0
-8133 2855 1400 600 Orlando,FL 0 0 0
-8857 4400 1400 600 Oshkosh,WI 0 0 0
-7052 4165 800 600 Otis 0 0 0
-9245 4110 1400 600 Ottumwa,IA 0 0 0
-8717 3775 1600 600 Owensboro,KY 0 0 0
-11617 4258 1300 600 Owyhee,NV 0 0 0
-8954 3439 1300 600 Oxford,MS 0 0 0
-11920 3420 1300 600 Oxnard,CA 0 0 0
-8877 3707 1400 600 Paducah,KY 0 0 0
-11145 3693 1100 600 Page,AZ 0 0 0
-9462 3468 1100 600 Page,OK 0 0 0
-9625 2872 1500 600 Palacios,TX 0 0 0
-11650 3383 800 600 Palm 0 0 0
-11813 3505 1500 600 Palmdale,CA 0 0 0
-14908 6160 1300 600 Palmer,AK 0 0 0
-12212 3747 800 600 Palo 0 0 0
-8568 3020 1000 600 Panama 0 0 0
-9545 3363 1600 600 Paris/Cox,TX 0 0 0
-9507 4690 800 600 Park 0 0 0
-8143 3935 1800 600 Parkersburg,WV 0 0 0
-11912 4627 1200 600 Pasco,WA 0 0 0
-12063 3567 800 600 Paso 0 0 0
-8060 2823 1100 600 Patrick 0 0 0
-7640 3828 1500 600 Patuxent,MD 0 0 0
-14550 6303 1300 600 Paxson,AK 0 0 0
-11133 3423 1300 600 Payson,AZ 0 0 0
-7082 4308 900 600 Pease 0 0 0
-8480 4557 1500 600 Pellston,MI 0 0 0
-11885 4568 1600 600 Pendleton,OR 0 0 0
-8720 3047 1600 600 Pensacola,FL 0 0 0
-8968 4067 1300 600 Peoria,IL 0 0 0
-9432 4660 1000 600 Pequot 0 0 0
-13297 5682 1700 600 Petersburg,AK 0 0 0
-7525 3988 1900 600 Philadelphia,PA 0 0 0
-10160 4405 1300 600 Philip,SD 0 0 0
-7813 4147 1800 600 Philipsburg,PA 0 0 0
-7617 3947 1500 600 Phillips,MD 0 0 0
-11202 3343 1400 600 Phoenix,AZ 0 0 0
-10028 4438 1300 600 Pierre,SD 0 0 0
-8252 3748 1600 600 Pikeville,KY 0 0 0
-12283 3783 1100 600 Pillaro 0 0 0
-9193 3417 800 600 Pine 0 0 0
-8022 4050 1700 600 Pittsburgh,PA 0 0 0
-7318 4226 1700 600 Pittsfield,MA 0 0 0
-10171 3417 1600 600 Plainview,TX 0 0 0
-7347 4465 1800 600 Plattsburgh,NY 0 0 0
-11260 4292 1600 600 Pocatello,ID 0 0 0
-16292 6982 900 600 Point 0 0 0
-11912 3412 900 600 Point 0 0 0
-9710 3673 900 600 Ponca 0 0 0
-8342 4267 1400 600 Pontiac,MI 0 0 0
-7902 3517 800 600 Pope 0 0 0
-9047 3677 1000 600 Poplar 0 0 0
-13465 5625 800 600 Port 0 0 0
-12350 4812 800 600 Port 0 0 0
-9402 3058 800 600 Port 0 0 0
-16687 6525 800 600 Port 0 0 0
-15862 5695 800 600 Port 0 0 0
-7032 4365 1500 600 Portland,ME 0 0 0
-12260 4560 1500 600 Portland,OR 0 0 0
-7388 4163 1900 600 Poughkeepsie,NY 0 0 0
-11243 3465 1500 600 Prescott,AZ 0 0 0
-6805 4668 1100 600 Presque 0 0 0
-11075 3962 1900 600 Price/Carbon,UT 0 0 0
-15065 6682 1200 600 Prospect 0 0 0
-7143 4173 1700 600 Providence,RI 0 0 0
-11172 4022 1200 600 Provo,UT 0 0 0
-14833 7025 1100 600 Prudhoe 0 0 0
-15430 6020 600 600 Pt 0 0 0
-12422 3958 600 600 Pt 0 0 0
-12112 3495 600 600 Pt 0 0 0
-12128 3567 600 600 Pt 0 0 0
-10452 3828 1300 600 Pueblo,CO 0 0 0
-11712 4675 1400 600 Pullman,WA 0 0 0
-15325 6217 1500 600 Puntilla,AK 0 0 0
-7730 3850 1200 600 Quantico 0 0 0
-12455 4795 1700 600 Quillayute,WA 0 0 0
-9120 3993 1300 600 Quincy,IL 0 0 0
-7125 4136 1100 600 Quonset 0 0 0
-7878 3587 1900 600 Raleigh-Durh,NC 0 0 0
-9828 2953 1200 600 Randolph 0 0 0
-10307 4405 900 600 Rapid 0 0 0
-10450 3674 1200 600 Raton,NM 0 0 0
-10720 4180 1400 600 Rawlins,WY 0 0 0
-7597 4038 1400 600 Reading,PA 0 0 0
-12225 4015 700 600 Red 0 0 0
-12230 4050 1400 600 Redding,CA 0 0 0
-10332 4516 1200 600 Redig,SD 0 0 0
-12115 4427 1400 600 Redmond,OR 0 0 0
-9508 4455 1100 600 Redwood 0 0 0
-10205 3360 900 600 Reese 0 0 0
-11978 3950 1100 600 Reno,NV 0 0 0
-12222 4750 1300 600 Renton,WA 0 0 0
-8945 4563 1800 600 Rhinelander,WI 0 0 0
-9172 4548 800 600 Rice 0 0 0
-9455 3885 1900 600 Richards-Geb,MO 0 0 0
-7733 3750 1500 600 Richmond,VA 0 0 0
-8293 3982 1900 600 Rickenbacker,OH 0 0 0
-10780 3953 1200 600 Rifle,CO 0 0 0
-11745 3395 1600 600 Riverside,CA 0 0 0
-10845 4305 1500 600 Riverton,WY 0 0 0
-7997 3732 1100 600 Roanoke 0 0 0
-8360 3263 1000 600 Robins 0 0 0
-9250 4392 1600 600 Rochester,MN 0 0 0
-7767 4312 1600 600 Rochester,NY 0 0 0
-10907 4160 800 600 Rock 0 0 0
-8910 4220 1500 600 Rockford,IL 0 0 0
-6912 4407 1500 600 Rockland,ME 0 0 0
-9703 2808 1500 600 Rockport,TX 0 0 0
-7788 3585 900 600 Rocky 0 0 0
-8517 3435 1900 600 Rome/Russell,GA 0 0 0
-11063 4050 1600 600 Roosevelt,UT 0 0 0
-12337 4323 1500 600 Roseburg,OR 0 0 0
-10183 4775 1500 600 Roseglen,ND 0 0 0
-10453 3330 1400 600 Roswell,NM 0 0 0
-7088 4488 1400 600 Rumford,ME 0 0 0
-8260 2797 1300 600 Ruskin,FL 0 0 0
-9882 3887 1400 600 Russell,KS 0 0 0
-7395 4353 1400 600 Rutland,VT 0 0 0
-9198 2830 500 600 S 0 0 0
-7093 4215 500 600 S 0 0 0
-12160 3870 1700 600 Sacramento,CA 0 0 0
-10968 3282 1100 600 Safford 0 0 0
-8408 4353 1400 600 Saginaw,MI 0 0 0
-11360 3708 900 600 Saint 0 0 0
-9305 4493 900 600 Saint 0 0 0
-8268 2792 900 600 Saint 0 0 0
-8896 3863 1200 600 Salem,IL 0 0 0
-12300 4492 1200 600 Salem,OR 0 0 0
-10605 3853 1300 600 Salida,CO 0 0 0
-9765 3880 1300 600 Salina,KS 0 0 0
-12160 3667 1400 600 Salinas,CA 0 0 0
-7550 3833 1600 600 Salisbury,MD 0 0 0
-11390 4518 1300 600 Salmon,ID 0 0 0
-11197 4078 800 600 Salt 0 0 0
-10050 3137 700 600 San 0 0 0
-9847 2933 700 600 San 0 0 0
-12225 3752 700 600 San 0 0 0
-11762 3342 700 600 San 0 0 0
-11697 3282 700 600 San 0 0 0
-12238 3762 700 600 San 0 0 0
-12192 3737 700 600 San 0 0 0
-12182 3733 700 600 San 0 0 0
-12065 3523 700 600 San 0 0 0
-11758 3338 700 600 San 0 0 0
-12040 3403 700 600 San 0 0 0
-11945 3325 700 600 San 0 0 0
-16050 5533 800 600 Sand 0 0 0
-11873 3475 1500 600 Sandburg,CA 0 0 0
-10242 3017 1600 600 Sanderson,TX 0 0 0
-8125 2878 1400 600 Sanford,FL 0 0 0
-11788 3367 900 600 Santa 0 0 0
-11983 3443 900 600 Santa 0 0 0
-10608 3562 900 600 Santa 0 0 0
-12045 3490 900 600 Santa 0 0 0
-11845 3402 900 600 Santa 0 0 0
-12282 3852 900 600 Santa 0 0 0
-7420 4438 1100 600 Saranac 0 0 0
-8255 2740 1500 600 Sarasota,FL 0 0 0
-8437 4647 900 600 Sault 0 0 0
-8120 3213 1200 600 Savannah 0 0 0
-8740 4635 1000 600 Sawyer 0 0 0
-7393 4285 1800 600 Schenectady,NY 0 0 0
-8985 3855 900 600 Scott 0 0 0
-10360 4187 1800 600 Scottsbluff,NE 0 0 0
-11192 3362 1700 600 Scottsdale,AZ 0 0 0
-12230 4745 1400 600 Seattle,WA 0 0 0
-12230 4753 2100 600 Seattle/Boeing,WA 0 0 0
-8283 4262 1600 600 Selfridge,MI 0 0 0
-8699 3234 1200 600 Selma,AL 0 0 0
-8592 4592 800 600 Seul 0 0 0
-14975 6018 1300 600 Seward,AK 0 0 0
-12337 4262 1300 600 Sexton,OR 0 0 0
-7797 3533 1900 600 Seymour-John,NC 0 0 0
-8047 3397 800 600 Shaw 0 0 0
-12407 4003 1100 600 Shelter 0 0 0
-12315 4725 1400 600 Shelton,WA 0 0 0
-17413 5320 1200 600 Shemy,AK 0 0 0
-10697 4477 1500 600 Sheridan,WY 0 0 0
-9667 3372 1900 600 Sherman-Deni,TX 0 0 0
-16603 6627 1700 600 Shishmaref,AK 0 0 0
-11000 3427 800 600 Show 0 0 0
-9375 3252 1700 600 Shreveport,LA 0 0 0
-10418 4772 1300 600 Sidney,MT 0 0 0
-10298 4110 1000 600 Sidney 0 0 0
-10817 3263 1000 600 Silver 0 0 0
-9638 4240 900 600 Sioux 0 0 0
-9673 4358 900 600 Sioux 0 0 0
-12247 4178 1500 600 Siskiyou,CA 0 0 0
-7743 3973 800 600 Site 0 0 0
-13535 5707 1200 600 Sitka,AK 0 0 0
-15420 5688 1500 600 Sitkinak,AK 0 0 0
-13553 5975 1400 600 Skagway,AK 0 0 0
-15120 6197 1500 600 Skwentna,AK 0 0 0
-8982 3035 1300 600 Slidel,LA 0 0 0
-8650 3600 1300 600 Smyrna,TN 0 0 0
-14667 6203 1200 600 Snowshoe 0 0 0
-10690 3407 1400 600 Socorro,NM 0 0 0
-11158 4265 800 600 Soda 0 0 0
-8632 4170 900 600 South 0 0 0
-9587 2803 900 600 South 0 0 0
-7939 3524 1200 600 Southern 0 0 0
-8196 3492 1800 600 Spartanburg,SC 0 0 0
-9515 4317 1400 600 Spencer,IA 0 0 0
-9372 4025 1500 600 Spickard,MO 0 0 0
-11753 4763 1400 600 Spokane,WA 0 0 0
-9413 3618 1700 600 Springdale,AR 0 0 0
-8967 3985 1800 600 Springfield,IL 0 0 0
-9338 3723 1800 600 Springfield,MO 0 0 0
-9063 3865 2100 600 StLouis/Spirit,MO 0 0 0
-9407 4555 600 600 St 0 0 0
-7202 4442 600 600 St 0 0 0
-9553 4028 600 600 St 0 0 0
-9037 3875 600 600 St 0 0 0
-17022 5715 600 600 St 0 0 0
-12133 4728 1200 600 Stampede 0 0 0
-7783 4085 900 600 State 0 0 0
-7885 3827 1500 600 Staunton,VA 0 0 0
-10682 4048 1300 600 Steamboat 0 0 0
-9818 3222 1900 600 Stephenville,TX 0 0 0
-8967 4174 1500 600 Sterling,IL 0 0 0
-9709 3616 1700 600 Stillwater,OK 0 0 0
-12125 3790 1500 600 Stockton,CA 0 0 0
-11430 4350 700 600 Sun 0 0 0
-11710 3533 1200 600 Superior 0 0 0
-12095 4063 1700 600 Susanville,CA 0 0 0
-7612 4312 1500 600 Syracuse,NY 0 0 0
-12258 4727 1300 600 Tacoma,WA 0 0 0
-14730 6190 1100 600 Tahneta 0 0 0
-15010 6230 1600 600 Talkeetna,AK 0 0 0
-8437 3038 1800 600 Tallahassee,FL 0 0 0
-8253 2797 900 600 Tampa 0 0 0
-15210 6517 1300 600 Tanana,AK 0 0 0
-10557 3642 1100 600 Taos,NM 0 0 0
-8933 3953 1800 600 Taylorville,IL 0 0 0
-9742 3115 1300 600 Temple,TX 0 0 0
-8730 3945 900 600 Terre 0 0 0
-7405 4085 1600 600 Teterboro,NJ 0 0 0
-9400 3345 1600 600 Texarkana,AR 0 0 0
-12115 4562 700 600 The 0 0 0
-11617 3363 1400 600 Thermal,CA 0 0 0
-9618 4807 900 600 Thief 0 0 0
-11537 4760 1200 600 Thompson 0 0 0
-9738 3542 1000 600 Tinker 0 0 0
-8080 2852 1700 600 Titusville,FL 0 0 0
-9083 4758 1200 600 Tofte,MN 0 0 0
-8380 4160 1300 600 Toledo,OH 0 0 0
-12280 4648 1300 600 Toledo,WA 0 0 0
-11708 3807 1400 600 Tonopah,NV 0 0 0
-11220 4017 1300 600 Tooele,UT 0 0 0
-9562 3907 1300 600 Topeka,KS 0 0 0
-9567 3895 1900 600 Topeka/Forbe,KS 0 0 0
-11833 3380 1500 600 Torrance,CA 0 0 0
-8558 4473 1200 600 Traverse 0 0 0
-12193 3827 1000 600 Travis 0 0 0
-7482 4028 1400 600 Trenton,NJ 0 0 0
-10433 3725 1500 600 Trinidad,CO 0 0 0
-12240 4555 1600 600 Troutdale,OR 0 0 0
-8602 3187 1100 600 Troy,AL 0 0 0
-12013 3932 2000 600 Truckee-Tahoe,CA 0 0 0
-10727 3323 900 600 Truth 0 0 0
-11093 3212 1300 600 Tucson,AZ 0 0 0
-10360 3518 1600 600 Tucumcari,NM 0 0 0
-9590 3620 1200 600 Tulsa,OK 0 0 0
-8877 3427 1300 600 Tupelo,MS 0 0 0
-8762 3323 1700 600 Tuscaloosa,AL 0 0 0
-11783 3370 1000 600 Tustin 0 0 0
-11615 3428 1100 600 Twenty9 0 0 0
-11448 4248 800 600 Twin 0 0 0
-9540 3237 1900 600 Tyler/Pounds,TX 0 0 0
-8558 3007 1100 600 Tyndall 0 0 0
-12320 3913 1200 600 Ukiah,CA 0 0 0
-15213 6937 1200 600 Umiat,AK 0 0 0
-16080 6388 1700 600 Unalakleet,AK 0 0 0
-15647 2042 900 600 Upolo 0 0 0
-7538 4315 1200 600 Utica,NY 0 0 0
-14635 6113 1300 600 Valdez,AK 0 0 0
-14625 6113 1000 600 Valdez 0 0 0
-8328 3078 1500 600 Valdosta,GA 0 0 0
-10055 4287 1600 600 Valentine,NE 0 0 0
-11848 3422 700 600 Van 0 0 0
-9792 3633 900 600 Vance 0 0 0
-8917 3899 1500 600 Vandalia,IL 0 0 0
-12095 3520 1700 600 Vandenberg,CA 0 0 0
-10952 4045 1300 600 Vernal,UT 0 0 0
-8042 2765 800 600 Vero 0 0 0
-9177 3813 1800 600 Vichy/Rolla,MO 0 0 0
-9692 2885 1500 600 Victoria,TX 0 0 0
-11940 3632 1400 600 Visalia,CA 0 0 0
-7898 3695 1300 600 Volens,VA 0 0 0
-9027 4393 800 600 Volk 0 0 0
-8693 4042 500 600 W 0 0 0
-8012 2668 500 600 W 0 0 0
-11112 4468 500 600 W 0 0 0
-9722 3162 1900 600 Waco-Madison,TX 0 0 0
-15612 2000 1800 600 Waimea-Koha,HI 0 0 0
-15985 7062 1700 600 Wainwright,AK 0 0 0
-16808 6603 1200 600 Wales,AK 0 0 0
-11828 4610 900 600 Walla 0 0 0
-7548 3785 1100 600 Wallops 0 0 0
-9093 3613 1000 600 Walnut 0 0 0
-9535 4893 1400 600 Warroad,MN 0 0 0
-7746 3895 2400 600 Washington/Dulles,DC 0 0 0
-7704 3885 2200 600 Washington/Natl,DC 0 0 0
-9240 4255 1200 600 Waterloo 0 0 0
-7602 4400 1600 600 Watertown,NY 0 0 0
-9715 4492 1600 600 Watertown,SD 0 0 0
-8962 4492 1300 600 Wausau,WI 0 0 0
-8240 3125 1500 600 Waycross,GA 0 0 0
-12020 4740 1600 600 Wenatchee,WA 0 0 0
-11405 4122 1500 600 Wendover,UT 0 0 0
-9242 3722 800 600 West 0 0 0
-7272 4217 1600 600 Westfield,MA 0 0 0
-7263 4085 1800 600 Westhampton,NY 0 0 0
-7253 4220 1500 600 Westover,MA 0 0 0
-8065 4018 1500 600 Wheeling,WV 0 0 0
-12265 4835 1100 600 Whidbey 0 0 0
-7372 4107 900 600 White 0 0 0
-10640 3263 900 600 White 0 0 0
-8020 3746 900 600 White 0 0 0
-9355 3873 1200 600 Whiteman 0 0 0
-8702 3072 1100 600 Whiting 0 0 0
-14872 6078 1500 600 Whittier,AK 0 0 0
-9743 3765 1400 600 Wichita,KS 0 0 0
-9850 3398 1100 600 Wichita 0 0 0
-11625 4133 1600 600 Wildhorse,NV 0 0 0
-7573 4133 1900 600 Wilkes-Barre,PA 0 0 0
-11167 3330 1200 600 Williams 0 0 0
-7692 4125 1900 600 Williamsport,PA 0 0 0
-10363 4818 1600 600 Williston,ND 0 0 0
-8140 4163 1700 600 Willoughby,OH 0 0 0
-15005 6175 1000 600 Willow 0 0 0
-7515 4020 1000 600 Willow 0 0 0
-7560 3967 1700 600 Wilmington,DE 0 0 0
-7792 3427 1700 600 Wilmington,NC 0 0 0
-7288 4288 1700 600 Wilmington,VT 0 0 0
-7268 4193 1100 600 Windsor 0 0 0
-10320 3178 1100 600 Wink,TX 0 0 0
-11780 4090 1700 600 Winnemucca,NV 0 0 0
-11073 3502 1400 600 Winslow,AZ 0 0 0
-8023 3613 2000 600 Winston-Salem,NC 0 0 0
-10587 4000 1000 600 Winter 0 0 0
-10558 4810 800 600 Wolf 0 0 0
-7138 4400 1600 600 Wolfeboro,NH 0 0 0
-7187 4227 1600 600 Worcester,MA 0 0 0
-10797 4397 1400 600 Worland,WY 0 0 0
-9558 4365 1800 600 Worthington,MN 0 0 0
-13237 5648 1500 600 Wrangell,AK 0 0 0
-8405 3983 1400 600 Wright-Pat 0 0 0
-8340 4445 1600 600 Wurtsmith,MI 0 0 0
-12053 4657 1300 600 Yakima,WA 0 0 0
-13967 5952 1400 600 Yakutat,AK 0 0 0
-9738 4292 1400 600 Yankton,SD 0 0 0
-11042 4455 1800 600 Yellowstone,WY 0 0 0
-8067 4127 1700 600 Youngstown,OH 0 0 0
-8353 4223 1600 600 Ypsilanti,MI 0 0 0
-11608 3758 900 600 Yucca 0 0 0
-11500 3310 1100 600 Yuma,AZ 0 0 0
-11462 3265 800 600 Yuma 0 0 0
-11440 3285 800 600 Yuma 0 0 0
-8190 3995 1700 600 Zanesville,OH 0 0 0
