2200
375 -890 90 48 882171 0 0 0
-131 -612 62 50 766702 0 0 0
-671 -716 63 83 899678 0 0 0
-270 -271 83 80 233449 0 0 0
-333 -513 93 56 895185 0 0 0
-213 -827 53 67 450356 0 0 0
-737 -537 74 58 782990 0 0 0
-931 -639 81 55 222115 0 0 0
-595 -1094 70 54 676871 0 0 0
-871 -1249 77 73 227331 0 0 0
-453 -919 98 55 619316 0 0 0
-131 -779 64 53 965746 0 0 0
-336 -278 86 45 395567 0 0 0
-226 -709 53 66 733905 0 0 0
159 -615 93 52 120752 0 0 0
534 -360 51 51 432797 0 0 0
536 -532 89 74 885550 0 0 0
899 -791 67 60 206545 0 0 0
915 -1194 66 52 275912 0 0 0
816 -1509 89 78 177776 0 0 0
1000 -1420 69 70 660602 0 0 0
1227 -1290 102 86 578231 0 0 0
921 -1594 75 71 197589 0 0 0
1369 -2077 70 73 146159 0 0 0
910 -2021 70 87 184145 0 0 0
1035 -1695 72 75 768014 0 0 0
590 -1870 63 74 723916 0 0 0
253 -2076 72 47 228963 0 0 0
-267 -1653 93 61 694235 0 0 0
65 -1638 59 44 102352 0 0 0
-106 -1486 59 64 903659 0 0 0
-490 -1780 68 82 748674 0 0 0
-495 -2116 85 67 291389 0 0 0
-941 -1647 83 69 774098 0 0 0
-1464 -1875 64 74 932931 0 0 0
-1580 -2363 88 69 750589 0 0 0
-1045 -2509 52 50 825874 0 0 0
-1533 -2488 53 75 595752 0 0 0
-1494 -2011 62 44 591697 0 0 0
-1943 -2476 94 76 958281 0 0 0
-1818 -2544 85 48 241618 0 0 0
-2347 -2095 73 87 941268 0 0 0
-2539 -2463 63 80 262820 0 0 0
-2343 -1969 76 65 461471 0 0 0
-1929 -1862 73 57 281463 0 0 0
-2274 -1454 80 53 221222 0 0 0
-2802 -1590 97 83 577322 0 0 0
-2669 -2004 59 60 358305 0 0 0
-2309 -1538 69 47 877347 0 0 0
-2343 -1792 52 46 587516 0 0 0
-2684 -1659 86 62 561930 0 0 0
1197 782 89 51 664626 0 0 0
1388 1029 84 85 606122 0 0 0
1823 1280 67 51 220201 0 0 0
1368 997 99 46 741582 0 0 0
1074 644 61 65 732386 0 0 0
1503 596 100 49 313506 0 0 0
1665 939 52 53 731295 0 0 0
1789 637 70 80 133904 0 0 0
1423 932 71 84 819192 0 0 0
1965 1401 85 56 902280 0 0 0
1704 1921 78 47 404493 0 0 0
2108 1529 82 86 896348 0 0 0
2491 1460 57 70 123748 0 0 0
2516 1697 71 45 659379 0 0 0
2572 1209 95 53 543336 0 0 0
2415 1272 81 66 423724 0 0 0
2932 757 86 64 671220 0 0 0
3049 1109 93 59 844625 0 0 0
2577 1540 62 45 797859 0 0 0
2268 1438 64 76 551133 0 0 0
1912 1471 77 47 510060 0 0 0
2117 1250 101 46 332438 0 0 0
2227 1066 70 47 297141 0 0 0
2191 1434 64 52 116645 0 0 0
1939 1883 99 44 976363 0 0 0
2069 1752 59 45 843124 0 0 0
2027 1439 84 72 886169 0 0 0
1635 905 70 44 515639 0 0 0
2032 388 98 82 667533 0 0 0
2090 763 84 73 897591 0 0 0
1769 998 88 51 323499 0 0 0
2011 1022 61 85 415077 0 0 0
2109 779 82 68 681139 0 0 0
1936 415 79 71 560475 0 0 0
1878 73 64 79 239195 0 0 0
2275 -461 94 85 899967 0 0 0
2507 -54 96 88 377017 0 0 0
2659 6 75 59 356351 0 0 0
578 263 75 47 434737 0 0 0
477 -6 99 64 439885 0 0 0
90 61 81 73 732214 0 0 0
-86 -329 69 54 759617 0 0 0
-93 -804 86 87 188241 0 0 0
-68 -623 68 69 681537 0 0 0
-48 -934 64 44 536009 0 0 0
-577 -714 85 65 428625 0 0 0
-816 -472 55 69 588962 0 0 0
-1347 -379 93 66 618477 0 0 0
-1239 -574 99 60 425618 0 0 0
-836 -1007 86 75 768905 0 0 0
-1225 -978 61 84 169098 0 0 0
-849 -777 54 63 428312 0 0 0
-1272 -519 60 55 445773 0 0 0
-1458 -420 88 48 355558 0 0 0
-1075 -161 83 71 393230 0 0 0
-935 -449 66 45 664923 0 0 0
-1432 54 88 72 972773 0 0 0
-1941 420 97 68 112122 0 0 0
-1801 418 86 49 598486 0 0 0
-1831 454 96 55 345626 0 0 0
-2301 440 102 66 994793 0 0 0
-2597 -53 85 58 161188 0 0 0
-2460 464 97 65 344143 0 0 0
-2171 -72 75 57 964370 0 0 0
-2219 -22 74 74 680102 0 0 0
-2160 -99 58 85 303576 0 0 0
-2165 -335 93 59 640790 0 0 0
-1784 5 91 76 522282 0 0 0
-2292 -55 67 70 862283 0 0 0
-2578 -154 94 85 662129 0 0 0
-2260 -20 53 69 258661 0 0 0
-2595 451 60 51 471978 0 0 0
-2188 888 64 56 499562 0 0 0
-1984 490 78 70 980306 0 0 0
-1769 278 56 53 393538 0 0 0
-1965 -2019 70 47 981290 0 0 0
-2222 -2283 60 58 183104 0 0 0
-2771 -2457 102 63 480220 0 0 0
-3278 -2071 65 72 469361 0 0 0
-2887 -1586 97 74 317939 0 0 0
-3338 -1381 70 50 967306 0 0 0
-3113 -918 71 57 841772 0 0 0
-2568 -998 82 76 590504 0 0 0
-2029 -1470 76 89 640407 0 0 0
-2509 -1810 84 78 619445 0 0 0
-2884 -1663 61 81 352518 0 0 0
-2779 -1273 102 62 297543 0 0 0
-2768 -1066 53 68 495028 0 0 0
-2861 -952 83 69 885559 0 0 0
-2376 -758 86 46 233416 0 0 0
668 -1717 61 52 666727 0 0 0
1029 -1452 88 63 307561 0 0 0
606 -1041 63 70 267864 0 0 0
254 -999 55 78 405972 0 0 0
736 -1414 88 65 196486 0 0 0
600 -1477 86 88 133650 0 0 0
487 -1894 58 62 251155 0 0 0
200 -2264 52 45 544721 0 0 0
584 -2569 96 86 750361 0 0 0
1059 -2348 94 60 772301 0 0 0
1090 -1821 75 55 329327 0 0 0
1612 -1758 69 74 913450 0 0 0
1571 -1526 90 46 563701 0 0 0
1259 -1627 67 61 220571 0 0 0
1528 -1726 58 52 903133 0 0 0
1700 -1928 66 78 156168 0 0 0
1488 -1777 69 59 914296 0 0 0
1146 -1446 61 87 539511 0 0 0
1359 -1405 77 80 466600 0 0 0
1045 -1831 96 87 461861 0 0 0
1093 -1336 62 53 815820 0 0 0
560 -1260 73 69 928058 0 0 0
112 -777 83 87 605974 0 0 0
66 -643 52 74 112463 0 0 0
-37 -483 88 53 449806 0 0 0
51 -744 67 60 286367 0 0 0
-242 -1053 79 48 912215 0 0 0
-231 -1158 56 78 202231 0 0 0
79 -804 59 66 508784 0 0 0
-391 -1119 97 55 154573 0 0 0
-388 -1440 87 56 352838 0 0 0
-663 -1301 75 47 189889 0 0 0
-224 -1048 97 75 742468 0 0 0
43 -902 95 45 783287 0 0 0
485 -1337 70 72 800894 0 0 0
67 -1438 66 44 470949 0 0 0
260 -938 78 50 878114 0 0 0
95 -584 53 74 969531 0 0 0
-446 -764 98 86 899310 0 0 0
-912 -954 96 76 889360 0 0 0
-1320 -881 56 55 801739 0 0 0
-1797 -341 93 79 945550 0 0 0
-1390 -447 79 79 144313 0 0 0
-1428 67 99 65 917994 0 0 0
-1540 334 66 89 501372 0 0 0
-1486 -29 67 75 733983 0 0 0
-1756 259 79 76 103473 0 0 0
-1732 -91 96 52 702629 0 0 0
-2070 84 99 49 964603 0 0 0
-1980 371 74 47 814260 0 0 0
-1992 120 89 55 277441 0 0 0
-1508 18 73 82 298650 0 0 0
-1142 490 52 52 281983 0 0 0
-840 219 87 55 162540 0 0 0
-650 418 86 76 851928 0 0 0
-523 828 83 63 453199 0 0 0
-894 881 53 82 190267 0 0 0
-372 641 63 80 967627 0 0 0
-99 94 82 46 578774 0 0 0
331 -121 101 77 261195 0 0 0
248 -153 86 45 809377 0 0 0
132 -159 52 70 751306 0 0 0
-132 -578 84 78 533581 0 0 0
574 -1560 85 59 709058 0 0 0
756 -2027 89 77 626420 0 0 0
1110 -1674 58 44 275519 0 0 0
1487 -1870 68 53 333563 0 0 0
1678 -1956 58 76 449621 0 0 0
2122 -1435 89 46 328794 0 0 0
2198 -1105 98 48 256930 0 0 0
2560 -1049 75 60 806668 0 0 0
2428 -838 67 84 934588 0 0 0
2919 -334 59 80 749646 0 0 0
2863 -514 61 54 966062 0 0 0
2421 -434 70 86 667090 0 0 0
1874 -99 86 63 970137 0 0 0
2316 -368 72 45 622002 0 0 0
2029 -169 72 77 618608 0 0 0
2395 338 53 82 800982 0 0 0
2745 42 55 79 996156 0 0 0
2291 -433 83 56 228344 0 0 0
2653 -54 95 81 433074 0 0 0
3021 4 98 78 556189 0 0 0
3061 -51 59 76 704241 0 0 0
3596 -437 72 59 240611 0 0 0
3126 -41 87 73 448889 0 0 0
3653 84 75 72 475969 0 0 0
3189 -382 51 79 443682 0 0 0
3635 -91 55 45 219871 0 0 0
287 684 93 63 683111 0 0 0
195 152 77 52 795645 0 0 0
599 275 73 70 213000 0 0 0
973 52 101 44 816564 0 0 0
867 -323 64 88 383136 0 0 0
415 -73 65 79 930146 0 0 0
106 -623 92 57 971555 0 0 0
605 -913 94 62 765479 0 0 0
128 -614 58 46 650179 0 0 0
-287 -272 59 85 586575 0 0 0
-353 -329 59 74 927324 0 0 0
-770 -531 55 56 955782 0 0 0
-1150 -341 64 50 937152 0 0 0
-933 17 90 71 215211 0 0 0
-971 3 65 75 883657 0 0 0
-643 445 58 45 638717 0 0 0
-967 272 76 75 716851 0 0 0
-1252 184 87 64 196390 0 0 0
-1658 110 59 54 256872 0 0 0
-1469 629 84 76 834287 0 0 0
-1006 491 81 87 339029 0 0 0
-1474 334 95 55 832196 0 0 0
-1287 879 95 76 131821 0 0 0
-1444 1275 98 66 306558 0 0 0
-1446 1466 101 46 176621 0 0 0
-994 1187 57 61 526394 0 0 0
-1138 686 68 76 642652 0 0 0
-728 339 62 53 274245 0 0 0
-1075 -140 55 73 807778 0 0 0
-1316 71 80 48 106936 0 0 0
-849 439 64 82 361627 0 0 0
-1135 840 51 61 401102 0 0 0
-1489 1007 98 80 363459 0 0 0
-1018 770 52 79 170373 0 0 0
-871 1125 86 87 591909 0 0 0
-805 1383 56 56 641824 0 0 0
-500 1858 78 83 110516 0 0 0
-952 2188 88 78 197667 0 0 0
-441 2325 53 63 464948 0 0 0
-284 1789 70 59 644955 0 0 0
8 2228 102 89 206030 0 0 0
-186 1678 63 81 185671 0 0 0
-146 1899 51 68 223131 0 0 0
-651 1873 92 75 367028 0 0 0
-868 1491 99 82 351962 0 0 0
-1141 1221 100 78 461647 0 0 0
-615 1366 97 52 784188 0 0 0
132 -1551 80 72 624044 0 0 0
587 -1658 59 82 183254 0 0 0
1003 -1903 53 60 236785 0 0 0
1358 -1807 59 44 772489 0 0 0
1326 -1957 101 57 408996 0 0 0
1487 -2107 57 44 890558 0 0 0
1559 -2119 61 68 653664 0 0 0
1070 -1823 52 73 333512 0 0 0
1036 -2070 98 89 662343 0 0 0
837 -1768 99 53 339372 0 0 0
507 -1694 59 62 219997 0 0 0
821 -1362 78 51 308250 0 0 0
515 -894 102 81 510180 0 0 0
740 -1332 94 57 876302 0 0 0
1018 -855 83 73 149263 0 0 0
1309 -489 64 61 141799 0 0 0
1081 -776 92 78 752490 0 0 0
1630 -715 83 48 786069 0 0 0
2174 -472 78 85 771530 0 0 0
2516 -434 87 67 770436 0 0 0
2707 -727 59 69 901992 0 0 0
3107 -1081 81 74 789790 0 0 0
3085 -1418 68 52 695941 0 0 0
3188 -1206 87 82 100208 0 0 0
2905 -1587 88 65 267702 0 0 0
2546 -1825 57 65 355763 0 0 0
2423 -2222 76 60 199718 0 0 0
2543 -2717 94 64 976650 0 0 0
2523 -2600 73 44 155345 0 0 0
2481 -2510 87 69 469458 0 0 0
2408 -2884 91 86 569803 0 0 0
2869 -3306 71 89 261939 0 0 0
2799 -3456 55 73 249943 0 0 0
3261 -3898 62 85 973937 0 0 0
3265 -4015 54 60 871597 0 0 0
2715 -3793 57 87 433847 0 0 0
2727 -3339 88 57 621815 0 0 0
2205 -3329 81 68 714189 0 0 0
1922 -2994 80 49 524862 0 0 0
1948 -3052 66 80 540360 0 0 0
2347 -3581 93 54 754928 0 0 0
2107 -3455 93 89 116614 0 0 0
1927 -3757 92 55 417323 0 0 0
2240 -3688 89 73 595863 0 0 0
2674 -3357 94 64 432621 0 0 0
2450 -3433 101 84 889617 0 0 0
2634 -2968 92 82 769095 0 0 0
2305 -2688 73 61 837279 0 0 0
1950 -3193 52 60 158193 0 0 0
2370 -3600 76 62 457402 0 0 0
2443 -4067 101 87 163963 0 0 0
1762 595 64 72 520910 0 0 0
2068 605 52 49 957929 0 0 0
1536 1029 53 51 663436 0 0 0
1964 1455 95 52 137224 0 0 0
2275 1252 60 70 921019 0 0 0
2026 1371 62 78 339300 0 0 0
1754 1357 102 84 110895 0 0 0
2103 1028 56 57 916274 0 0 0
2242 926 88 70 907665 0 0 0
2276 1062 76 46 605074 0 0 0
2067 859 55 66 673336 0 0 0
1847 757 54 44 355056 0 0 0
1825 292 102 53 116644 0 0 0
2027 608 52 56 330468 0 0 0
2285 266 96 44 819018 0 0 0
2789 -32 80 78 140718 0 0 0
2739 288 70 59 315176 0 0 0
3224 -9 95 67 165144 0 0 0
2895 -3 100 53 264031 0 0 0
2573 66 54 44 328401 0 0 0
2867 484 73 58 666000 0 0 0
3084 396 94 63 261222 0 0 0
3130 602 70 66 221947 0 0 0
2689 342 82 50 594850 0 0 0
2563 -199 97 64 968053 0 0 0
2311 -162 72 47 139131 0 0 0
2268 -622 86 51 496768 0 0 0
2079 -1014 58 59 530242 0 0 0
1985 -735 69 77 473610 0 0 0
1929 -281 102 44 958794 0 0 0
2453 -693 71 82 132528 0 0 0
2848 -1086 99 79 581443 0 0 0
2810 -1360 55 50 656909 0 0 0
2414 -869 66 84 670385 0 0 0
2555 -1248 54 83 133806 0 0 0
2715 -1683 83 51 771725 0 0 0
2933 -2066 63 80 508460 0 0 0
2927 -2224 52 50 960007 0 0 0
2809 -1765 74 75 566447 0 0 0
2986 -2255 71 51 123605 0 0 0
2861 -2670 72 70 810125 0 0 0
3174 -2757 68 56 243415 0 0 0
3722 -2279 79 82 457368 0 0 0
3431 -2130 89 44 847507 0 0 0
3238 -1920 68 67 657017 0 0 0
3759 -2428 58 46 110700 0 0 0
3893 -2502 52 80 194587 0 0 0
3369 -2076 77 82 515025 0 0 0
3030 -2111 86 54 270980 0 0 0
3181 -2570 91 50 627081 0 0 0
2832 -2899 84 45 810422 0 0 0
2442 -3211 78 54 477117 0 0 0
2008 -2837 93 51 657392 0 0 0
2515 -2308 91 88 443278 0 0 0
2893 -2441 100 66 576024 0 0 0
2597 -2260 100 57 618624 0 0 0
2486 -2393 90 46 736491 0 0 0
400 1008 68 56 965530 0 0 0
-77 1067 51 44 258054 0 0 0
-283 1007 66 46 642249 0 0 0
15 1475 99 65 943428 0 0 0
-374 1772 72 67 676850 0 0 0
159 1290 95 77 522949 0 0 0
82 851 55 51 708733 0 0 0
-240 859 87 70 912282 0 0 0
-651 550 63 66 472792 0 0 0
-190 680 57 65 247700 0 0 0
-177 402 75 72 947187 0 0 0
-692 553 59 57 263703 0 0 0
-601 651 59 74 667626 0 0 0
-742 426 55 44 322369 0 0 0
-647 461 83 47 787598 0 0 0
-1034 651 60 70 998112 0 0 0
-1090 1175 62 72 345193 0 0 0
-1601 1294 102 51 311294 0 0 0
-1106 886 97 62 761556 0 0 0
-946 574 89 59 731951 0 0 0
-1259 701 85 63 966105 0 0 0
-1450 1193 57 49 190548 0 0 0
-1007 1000 70 62 469231 0 0 0
-1145 1185 86 60 149963 0 0 0
-1120 946 60 73 652263 0 0 0
-1179 742 52 87 219867 0 0 0
-1206 720 87 77 183639 0 0 0
-1392 678 97 78 767444 0 0 0
-1604 155 55 57 438084 0 0 0
-1216 45 61 67 763378 0 0 0
-1146 353 52 81 154809 0 0 0
-1108 458 70 72 519249 0 0 0
-701 953 56 65 130343 0 0 0
-259 1143 75 61 681047 0 0 0
159 1538 99 76 584618 0 0 0
295 1520 92 64 726263 0 0 0
79 1716 58 77 700429 0 0 0
-194 1283 65 64 444978 0 0 0
-580 934 77 79 283524 0 0 0
-425 1347 92 50 795265 0 0 0
-765 1823 101 74 986354 0 0 0
-864 2051 63 49 324276 0 0 0
-1306 2123 100 53 350283 0 0 0
-1308 2106 71 79 191542 0 0 0
-1198 2279 62 73 369736 0 0 0
-812 2822 98 86 931230 0 0 0
-1147 2480 102 72 378340 0 0 0
-1692 2819 66 71 416845 0 0 0
-1831 2326 82 82 932428 0 0 0
-1666 2071 69 73 980291 0 0 0
-1809 2001 89 56 783435 0 0 0
-1737 2497 82 79 880850 0 0 0
-1588 2399 51 67 894006 0 0 0
-1943 2501 94 52 921936 0 0 0
-2109 2152 89 79 170692 0 0 0
-1893 1929 56 63 729880 0 0 0
-2120 1519 81 78 476179 0 0 0
-2328 1986 93 61 470129 0 0 0
-2687 1904 78 46 728445 0 0 0
-2952 1444 63 46 896563 0 0 0
-3001 1365 69 77 164829 0 0 0
-3503 1547 66 51 903084 0 0 0
-3832 1769 70 53 113628 0 0 0
-3568 1805 61 58 764927 0 0 0
-3392 2105 82 84 786329 0 0 0
-3681 2338 63 46 124716 0 0 0
-3171 2709 62 89 350765 0 0 0
-2979 2866 62 60 103855 0 0 0
874 -1472 77 67 205305 0 0 0
532 -1309 68 44 842298 0 0 0
984 -1341 83 73 950050 0 0 0
1389 -1699 78 77 976832 0 0 0
1460 -1721 65 50 369859 0 0 0
1425 -1483 52 50 642532 0 0 0
1100 -1874 78 49 765320 0 0 0
681 -1574 66 65 889235 0 0 0
1108 -1397 64 68 570437 0 0 0
654 -1517 78 82 234864 0 0 0
206 -1311 91 63 975374 0 0 0
149 -1334 89 45 283818 0 0 0
510 -1605 65 56 279938 0 0 0
702 -1276 67 49 364866 0 0 0
212 -1642 75 58 289280 0 0 0
632 -1991 59 52 679310 0 0 0
503 -1666 75 45 493895 0 0 0
805 -2178 82 79 780193 0 0 0
812 -1783 52 67 599355 0 0 0
1094 -2309 63 55 705425 0 0 0
646 -2534 95 59 392732 0 0 0
1114 -2931 77 50 522049 0 0 0
695 -2949 72 57 481229 0 0 0
202 -3341 51 51 741473 0 0 0
657 -3186 58 66 533379 0 0 0
815 -3474 78 73 357644 0 0 0
579 -3538 71 72 794126 0 0 0
117 -3196 89 76 192748 0 0 0
-301 -3381 102 85 732881 0 0 0
236 -2987 98 83 954432 0 0 0
83 -2862 74 60 689489 0 0 0
-71 -3290 74 60 724911 0 0 0
281 -3192 51 85 580307 0 0 0
-167 -2951 95 63 606379 0 0 0
48 -2914 81 68 469704 0 0 0
347 -3059 55 69 506372 0 0 0
-199 -3237 99 83 536029 0 0 0
23 -3618 78 47 849380 0 0 0
279 -3202 74 80 127474 0 0 0
-61 -3452 62 45 795513 0 0 0
76 -3985 82 52 805335 0 0 0
-305 -3620 91 46 484001 0 0 0
-390 -3994 75 81 268874 0 0 0
-637 -4025 56 59 130727 0 0 0
-172 -3837 83 82 830099 0 0 0
111 -3570 53 67 402068 0 0 0
-217 -3682 82 53 163009 0 0 0
-288 -3802 97 76 523333 0 0 0
-708 -3291 91 48 158860 0 0 0
-213 -3492 53 70 231364 0 0 0
-627 -3864 79 48 188241 0 0 0
-401 -4160 64 46 218468 0 0 0
1987 -792 95 77 843172 0 0 0
2158 -450 92 59 796501 0 0 0
2422 -755 63 64 553607 0 0 0
1982 -831 99 87 820941 0 0 0
2420 -604 56 88 285509 0 0 0
2146 -118 82 63 137609 0 0 0
2295 -223 97 72 327278 0 0 0
1956 -210 101 85 807174 0 0 0
1777 67 81 58 680549 0 0 0
1973 409 69 56 362318 0 0 0
2079 399 100 47 157265 0 0 0
1579 340 73 79 924776 0 0 0
1275 32 53 82 304609 0 0 0
1378 -424 85 71 763288 0 0 0
1349 -746 80 89 424623 0 0 0
1387 -903 64 87 782527 0 0 0
1846 -528 54 46 236416 0 0 0
1913 -273 54 64 935558 0 0 0
1487 -59 57 46 594686 0 0 0
1929 -529 74 82 669982 0 0 0
1842 -717 93 68 978276 0 0 0
1881 -1185 95 59 809869 0 0 0
1811 -1711 71 68 218387 0 0 0
2280 -2207 60 61 756388 0 0 0
2278 -2644 63 75 382690 0 0 0
2388 -2696 61 89 113471 0 0 0
2350 -2726 52 80 177692 0 0 0
2882 -2189 65 54 227245 0 0 0
2867 -1926 82 49 191800 0 0 0
3254 -2239 61 44 849686 0 0 0
2747 -2316 85 60 289973 0 0 0
3216 -2175 62 46 257556 0 0 0
-1001 215 90 47 743567 0 0 0
-624 -296 54 74 899493 0 0 0
-80 64 86 63 370966 0 0 0
-121 -394 93 50 413540 0 0 0
316 -496 59 66 770864 0 0 0
-92 -874 100 52 116563 0 0 0
-71 -848 81 44 570331 0 0 0
-160 -1088 75 68 193843 0 0 0
132 -849 77 88 266680 0 0 0
-385 -1105 59 73 470677 0 0 0
-476 -1371 61 44 347632 0 0 0
-119 -890 90 79 912570 0 0 0
-487 -677 56 80 947854 0 0 0
-52 -375 73 49 442028 0 0 0
410 -13 89 63 585971 0 0 0
598 -28 89 68 709001 0 0 0
572 293 100 82 203454 0 0 0
956 456 86 76 251685 0 0 0
455 505 88 50 792499 0 0 0
643 772 77 82 613128 0 0 0
1130 928 83 61 131125 0 0 0
729 735 92 47 960172 0 0 0
349 245 56 82 917344 0 0 0
754 210 55 46 380703 0 0 0
1068 -3 89 62 788436 0 0 0
1001 362 60 64 423810 0 0 0
1148 230 95 74 600125 0 0 0
804 609 102 80 648632 0 0 0
931 856 93 55 766820 0 0 0
1032 721 100 83 884570 0 0 0
1240 1099 53 47 443338 0 0 0
888 1271 52 49 859361 0 0 0
620 1221 72 67 930198 0 0 0
385 1226 68 48 775683 0 0 0
-31 1719 79 82 434841 0 0 0
-580 1621 73 52 807516 0 0 0
-749 2003 66 59 983740 0 0 0
-339 1910 85 44 384126 0 0 0
-613 1504 93 70 363298 0 0 0
-922 1352 93 83 970241 0 0 0
-865 1382 71 61 999068 0 0 0
-925 1043 58 75 806423 0 0 0
-1140 1223 66 68 667250 0 0 0
-1472 1576 100 54 376890 0 0 0
-1280 1975 92 88 108561 0 0 0
-811 2304 89 49 898529 0 0 0
-286 1780 101 54 609164 0 0 0
-519 1312 79 86 888469 0 0 0
-784 1337 85 51 212075 0 0 0
-601 1779 71 54 250332 0 0 0
-1055 1480 90 67 419859 0 0 0
-1432 1558 79 54 671130 0 0 0
-1307 1269 56 67 456242 0 0 0
-911 1168 92 68 357949 0 0 0
-502 1678 71 48 238685 0 0 0
-1307 1985 57 74 888333 0 0 0
-1817 2439 65 66 595615 0 0 0
-2113 2398 99 80 867091 0 0 0
-1653 2266 53 51 266100 0 0 0
-1547 2719 84 45 187757 0 0 0
-1520 2867 65 48 400603 0 0 0
-1900 3054 65 74 263301 0 0 0
-2117 2829 75 47 748927 0 0 0
-1946 2656 95 81 358343 0 0 0
-1984 2179 74 55 776671 0 0 0
-2309 2137 92 75 539852 0 0 0
-2846 1685 102 88 316915 0 0 0
-2948 1915 52 88 540467 0 0 0
-2651 1497 91 50 181835 0 0 0
-2961 1240 86 73 522512 0 0 0
-3135 1723 91 72 430507 0 0 0
-3671 1751 78 82 208552 0 0 0
-3596 1380 52 80 716153 0 0 0
-3294 1609 93 53 124456 0 0 0
-3437 1636 56 46 154049 0 0 0
-3774 2129 68 61 473161 0 0 0
-3473 2386 71 89 937013 0 0 0
-3936 2395 79 64 659989 0 0 0
-4135 2491 57 54 559009 0 0 0
-4499 2432 89 84 626783 0 0 0
-4003 2306 55 70 299729 0 0 0
-3666 2009 99 84 967159 0 0 0
-1882 696 80 49 840938 0 0 0
-1842 727 71 63 237784 0 0 0
-1576 265 86 61 542606 0 0 0
-1287 -43 75 60 538112 0 0 0
-1422 -559 79 83 397688 0 0 0
-1533 -520 72 64 624866 0 0 0
-1278 -446 60 69 704843 0 0 0
-1238 -357 53 88 852900 0 0 0
-1585 171 97 80 642684 0 0 0
-1974 -224 77 51 632224 0 0 0
-2449 -516 68 50 703695 0 0 0
-2172 -716 98 54 791912 0 0 0
-2319 -402 54 69 984830 0 0 0
-2111 -218 101 57 887988 0 0 0
-2598 -555 99 63 963160 0 0 0
-3094 -500 101 73 293671 0 0 0
-3129 -17 77 49 993104 0 0 0
-2960 265 76 68 131923 0 0 0
-2637 349 95 79 425776 0 0 0
-2121 168 60 51 947336 0 0 0
-1593 -172 56 58 643320 0 0 0
-1129 -611 75 53 921731 0 0 0
-1187 -761 62 55 284724 0 0 0
-749 -1112 86 80 621843 0 0 0
-1135 -1298 68 85 596551 0 0 0
-1580 -1778 72 53 803498 0 0 0
-1393 -2207 76 58 330122 0 0 0
-1190 -2128 52 83 119426 0 0 0
-1646 -2398 76 81 636429 0 0 0
-1472 -2863 89 72 321112 0 0 0
-1612 -2527 83 63 453195 0 0 0
-1907 -2045 101 87 779775 0 0 0
-1924 -1976 52 85 657856 0 0 0
-2148 -2414 57 85 198270 0 0 0
-2254 -2901 75 75 710615 0 0 0
-2720 -3234 98 68 588514 0 0 0
-2931 -3509 65 79 889714 0 0 0
-3472 -3314 64 88 574294 0 0 0
-3230 -3077 52 88 615672 0 0 0
-3384 -3021 58 75 439534 0 0 0
-3622 -3211 54 45 473007 0 0 0
-3096 -2682 68 63 934894 0 0 0
-3158 -2492 55 79 145342 0 0 0
-3301 -2289 72 89 322291 0 0 0
-3711 -1849 71 67 850381 0 0 0
-3239 -1920 97 82 499503 0 0 0
-3370 -2174 81 55 202212 0 0 0
-3446 -2107 96 74 989235 0 0 0
-3681 -1951 74 89 531210 0 0 0
-4010 -2203 88 63 432795 0 0 0
-3894 -2103 58 81 940298 0 0 0
-3843 -1991 61 55 320142 0 0 0
-3867 -1455 79 88 290805 0 0 0
-3602 -1452 65 63 634803 0 0 0
-3843 -1812 82 45 935355 0 0 0
-4237 -2113 56 49 902265 0 0 0
-3817 -2635 64 60 212352 0 0 0
-3277 -2727 54 72 640303 0 0 0
-3680 -3198 63 67 564663 0 0 0
-3378 -3314 66 44 420278 0 0 0
-2874 -3117 73 57 757450 0 0 0
-2659 -3096 67 69 203582 0 0 0
-2571 -3530 71 80 685283 0 0 0
-2154 -4080 65 66 928347 0 0 0
-2342 -3642 80 78 727426 0 0 0
-2057 -3278 70 62 777741 0 0 0
-2080 -3379 101 89 413317 0 0 0
-1988 -3727 70 54 307862 0 0 0
-1786 -3229 77 79 981549 0 0 0
-2278 -3679 85 53 136046 0 0 0
-1996 -3821 73 46 756327 0 0 0
-2034 -4159 87 55 429153 0 0 0
-2043 -4207 61 87 345705 0 0 0
-2096 -3934 95 44 204025 0 0 0
-2327 -3789 77 85 698071 0 0 0
-1982 -3743 92 49 592114 0 0 0
-1464 -3791 58 57 449643 0 0 0
-1114 -4007 65 68 630833 0 0 0
-1141 -4104 62 71 753089 0 0 0
-1113 -4422 58 45 773104 0 0 0
-1372 -4962 96 86 763954 0 0 0
-1536 -4678 78 86 213672 0 0 0
-1940 -4201 99 53 494145 0 0 0
-1483 -4746 64 55 226282 0 0 0
-1432 -5016 59 66 865130 0 0 0
-893 -5233 70 80 357281 0 0 0
-402 -5729 96 56 508283 0 0 0
-679 -5749 68 50 370564 0 0 0
-862 -5204 101 84 531317 0 0 0
-686 -5435 83 64 531181 0 0 0
-1818 1389 98 60 458891 0 0 0
-1676 1804 60 79 331678 0 0 0
-1414 2203 102 78 627267 0 0 0
-1843 2643 55 66 371231 0 0 0
-2369 3002 87 87 512902 0 0 0
-2150 3013 84 54 169278 0 0 0
-2533 2762 74 67 960321 0 0 0
-2683 2384 102 69 802044 0 0 0
-3152 2906 100 52 115756 0 0 0
-3060 3141 95 47 843793 0 0 0
-2968 3656 55 59 968426 0 0 0
-2911 3631 70 74 989235 0 0 0
-3207 3753 90 74 709224 0 0 0
-3755 3223 81 88 840560 0 0 0
-3906 2900 71 79 965298 0 0 0
-4192 2421 58 69 798508 0 0 0
-3882 2152 70 56 121879 0 0 0
-4272 2112 72 51 442155 0 0 0
-4616 2013 77 84 629824 0 0 0
-4231 1729 101 51 860492 0 0 0
-4536 1702 79 74 315394 0 0 0
-4271 2143 94 55 467364 0 0 0
-4346 2478 95 49 988320 0 0 0
-4200 2875 93 45 132664 0 0 0
-4526 2629 65 69 706474 0 0 0
-4163 2911 76 72 993652 0 0 0
-4646 3083 94 51 778824 0 0 0
-5042 3356 102 53 520711 0 0 0
-5070 3028 87 49 505586 0 0 0
-5590 3268 85 87 801137 0 0 0
-5470 3590 71 67 961983 0 0 0
-5869 3532 99 77 722866 0 0 0
-6231 3013 89 80 919764 0 0 0
-5694 3301 65 65 126870 0 0 0
-5591 3555 53 78 372766 0 0 0
-5750 3732 77 59 973072 0 0 0
-5547 3503 95 71 147228 0 0 0
-5733 3389 57 67 820569 0 0 0
-6186 3695 97 53 937210 0 0 0
-6042 3258 93 54 170267 0 0 0
-5666 2843 62 50 247903 0 0 0
-5233 2824 56 48 214616 0 0 0
-4966 2634 80 55 333021 0 0 0
-5314 2752 85 64 946034 0 0 0
-5186 2224 94 70 359361 0 0 0
-5458 2180 61 66 329016 0 0 0
-5304 1822 90 88 287493 0 0 0
-5627 1483 80 83 150657 0 0 0
-5682 1764 70 59 235038 0 0 0
-5954 1757 58 76 123206 0 0 0
-6344 1631 74 76 168709 0 0 0
-6126 1582 60 65 137318 0 0 0
-6577 1233 53 78 812089 0 0 0
-6772 1666 100 54 987352 0 0 0
-6894 2139 53 84 577565 0 0 0
-7362 1784 76 49 468003 0 0 0
-7108 1548 92 66 724322 0 0 0
247 -1903 64 46 405519 0 0 0
114 -2408 77 65 502521 0 0 0
-408 -2279 76 70 960580 0 0 0
-891 -2609 60 70 758603 0 0 0
-1423 -2664 97 82 735670 0 0 0
-1377 -2320 73 78 895490 0 0 0
-1492 -1816 74 84 186565 0 0 0
-1780 -2334 86 45 331970 0 0 0
-1889 -1901 86 69 758109 0 0 0
-2231 -1974 71 84 265197 0 0 0
-2410 -1670 102 46 304134 0 0 0
-1898 -1396 92 83 104701 0 0 0
-2094 -1069 100 89 259499 0 0 0
-1954 -1386 95 77 826993 0 0 0
-2037 -1744 71 62 264914 0 0 0
-2112 -2145 67 75 333568 0 0 0
-1780 -2408 82 87 374038 0 0 0
-2263 -2591 77 54 354103 0 0 0
-2243 -2343 77 67 965643 0 0 0
-2455 -2600 78 81 761874 0 0 0
-1938 -3119 93 68 687322 0 0 0
-2425 -2648 52 78 305518 0 0 0
-2679 -2929 99 75 725248 0 0 0
-2975 -3116 54 82 690872 0 0 0
-2534 -2807 81 62 772730 0 0 0
-2086 -2960 67 60 153907 0 0 0
-1803 -2826 83 70 314142 0 0 0
-1797 -3131 90 51 873710 0 0 0
-2140 -3187 64 60 262914 0 0 0
-1914 -3575 56 59 519173 0 0 0
-1782 -3463 90 49 396741 0 0 0
-1628 -3222 92 50 620263 0 0 0
-1804 -3152 62 84 791415 0 0 0
-1651 -3671 79 48 583428 0 0 0
-1583 -3772 87 61 896481 0 0 0
-1480 -3674 79 63 503000 0 0 0
-1362 -3463 52 81 454659 0 0 0
-1804 -3581 79 59 597292 0 0 0
-1327 -3813 58 81 434300 0 0 0
-1011 -3353 75 82 663013 0 0 0
-704 -3192 63 65 175460 0 0 0
-572 -3265 85 76 180910 0 0 0
-831 -3520 55 64 899717 0 0 0
-1103 -3193 72 48 176067 0 0 0
-970 -2826 87 49 280964 0 0 0
-552 -2312 66 54 823041 0 0 0
-673 -2326 81 87 806294 0 0 0
-1103 -2779 96 77 797217 0 0 0
-1436 -2979 77 46 969596 0 0 0
-1501 -2560 67 68 499008 0 0 0
-1910 -2421 65 87 870165 0 0 0
-2348 -2938 81 76 632882 0 0 0
-2297 -3029 97 52 769304 0 0 0
-2462 -2595 78 77 111262 0 0 0
-2365 -2587 78 44 592127 0 0 0
-2506 -3123 84 72 411962 0 0 0
-2308 -2925 63 63 416713 0 0 0
-2553 -2812 58 88 337724 0 0 0
-2585 -2405 82 80 734029 0 0 0
-2774 -2764 79 67 444696 0 0 0
-3183 -3169 100 81 478946 0 0 0
1422 2180 89 86 627885 0 0 0
1053 2566 98 89 351730 0 0 0
1133 2125 67 85 262476 0 0 0
1328 2583 70 60 435053 0 0 0
1743 2072 78 69 737725 0 0 0
1939 2581 74 81 475364 0 0 0
1984 2505 96 89 744696 0 0 0
1747 2042 93 52 302681 0 0 0
1909 2259 101 83 859993 0 0 0
2145 1749 65 58 412303 0 0 0
1738 1457 60 69 659173 0 0 0
2105 1641 84 65 992180 0 0 0
2121 1362 92 64 136268 0 0 0
2395 1879 102 62 240032 0 0 0
2643 1622 94 85 399328 0 0 0
3146 1562 53 66 105998 0 0 0
2982 1501 90 77 359635 0 0 0
3060 1490 85 62 986823 0 0 0
3501 1399 84 76 200756 0 0 0
3849 1055 99 48 253493 0 0 0
3563 1486 70 45 388631 0 0 0
3591 1071 89 52 477113 0 0 0
3273 932 91 44 923918 0 0 0
2951 1398 80 79 749395 0 0 0
2699 1215 55 47 364495 0 0 0
2166 1698 85 68 489870 0 0 0
1958 1493 81 76 166447 0 0 0
1501 1705 64 54 934989 0 0 0
1506 1530 83 76 736678 0 0 0
2028 1209 92 53 759981 0 0 0
1878 997 61 88 878500 0 0 0
1821 837 102 88 975205 0 0 0
2053 317 51 63 653135 0 0 0
1588 591 54 77 130321 0 0 0
1753 926 51 47 197766 0 0 0
2215 1323 62 87 773772 0 0 0
2246 1871 57 72 786040 0 0 0
2721 1917 52 62 110555 0 0 0
2238 1635 59 59 179659 0 0 0
1847 1114 51 78 765437 0 0 0
2334 1487 63 78 687026 0 0 0
1792 1392 67 79 293919 0 0 0
1295 1718 53 46 281151 0 0 0
1142 1721 78 74 911319 0 0 0
924 1946 102 86 222247 0 0 0
1143 2153 99 51 764274 0 0 0
875 1880 86 45 586384 0 0 0
506 2029 74 77 257377 0 0 0
675 2233 59 74 874557 0 0 0
718 2302 53 44 359591 0 0 0
1050 2552 53 59 465735 0 0 0
1564 2441 52 66 743489 0 0 0
1221 2771 72 74 798475 0 0 0
1085 3317 66 53 999880 0 0 0
1544 3202 97 64 740332 0 0 0
1302 3150 65 69 833176 0 0 0
1805 2925 102 82 529872 0 0 0
1805 2969 93 65 980131 0 0 0
1353 2645 101 47 695241 0 0 0
1144 2208 61 82 796178 0 0 0
1093 2401 84 84 980999 0 0 0
741 2112 75 80 331657 0 0 0
1185 1890 67 56 377331 0 0 0
1074 2089 60 73 259081 0 0 0
1416 2632 77 70 152358 0 0 0
952 2384 94 62 782252 0 0 0
1114 2714 68 72 566522 0 0 0
705 3109 55 63 125397 0 0 0
775 3102 94 70 710448 0 0 0
586 3230 78 71 275329 0 0 0
1060 3699 73 81 332547 0 0 0
1357 4102 92 49 308370 0 0 0
1759 4326 63 78 867199 0 0 0
2165 4196 76 81 885806 0 0 0
2458 4657 87 59 245589 0 0 0
2777 4371 58 80 748311 0 0 0
3304 4780 91 63 227395 0 0 0
2806 4671 59 58 211709 0 0 0
3133 5211 76 59 351219 0 0 0
2879 5240 58 68 481046 0 0 0
2814 5326 58 50 993905 0 0 0
2498 4859 71 59 178657 0 0 0
2716 5360 80 51 498162 0 0 0
2963 5016 98 60 195014 0 0 0
2941 5021 59 78 819902 0 0 0
3404 4603 102 86 792860 0 0 0
3881 5151 58 62 629370 0 0 0
3504 5043 54 79 666138 0 0 0
3055 4824 73 68 614542 0 0 0
2909 5268 95 80 479044 0 0 0
3362 5086 59 81 448722 0 0 0
2904 5080 57 84 406175 0 0 0
2808 4540 64 45 644179 0 0 0
2361 4686 88 58 896553 0 0 0
2467 4615 65 74 870160 0 0 0
2568 4651 78 54 909332 0 0 0
2117 4442 79 54 748184 0 0 0
1875 4554 87 85 595753 0 0 0
2086 4281 55 68 351861 0 0 0
1730 4443 84 66 603265 0 0 0
1682 4090 95 61 210115 0 0 0
1381 3785 79 46 490383 0 0 0
1810 3979 73 45 263752 0 0 0
2278 4443 57 54 103375 0 0 0
80 -892 91 52 268625 0 0 0
244 -887 56 73 888365 0 0 0
529 -843 78 67 375050 0 0 0
968 -1070 94 54 324065 0 0 0
574 -617 70 74 458910 0 0 0
275 -283 73 58 581606 0 0 0
-148 246 85 65 476075 0 0 0
324 40 90 81 952207 0 0 0
721 -478 60 70 869319 0 0 0
934 4 75 62 149463 0 0 0
1355 490 97 63 720182 0 0 0
1016 -52 93 62 674930 0 0 0
653 385 60 76 678169 0 0 0
764 740 68 63 511563 0 0 0
844 1143 75 45 612540 0 0 0
302 594 97 64 122032 0 0 0
-169 490 83 64 678415 0 0 0
-31 924 81 88 515951 0 0 0
33 826 100 79 975092 0 0 0
-513 314 63 82 711877 0 0 0
-875 387 98 82 267836 0 0 0
-786 848 99 65 357478 0 0 0
-1286 950 82 82 359062 0 0 0
-1697 473 58 60 750841 0 0 0
-2232 906 66 57 856194 0 0 0
-2340 952 73 60 866773 0 0 0
-2135 1217 54 76 663021 0 0 0
-1725 1707 69 51 327989 0 0 0
-1476 2076 79 67 738458 0 0 0
-1532 1929 81 75 504779 0 0 0
-1890 1457 91 58 769797 0 0 0
-1853 1875 96 86 660957 0 0 0
-1709 1772 69 48 796377 0 0 0
-1444 2043 87 80 164396 0 0 0
-1679 1720 58 53 843689 0 0 0
-1896 1968 84 77 918589 0 0 0
-2440 2516 92 68 891418 0 0 0
-2044 2977 96 65 956287 0 0 0
-2142 3171 95 70 606358 0 0 0
-1873 2939 77 75 212411 0 0 0
-2369 3388 61 70 207891 0 0 0
-2846 3806 51 55 779930 0 0 0
-3046 3654 54 89 875405 0 0 0
-3024 3333 63 56 859010 0 0 0
-2523 3181 61 73 378605 0 0 0
-2555 3033 53 80 982988 0 0 0
-2135 3002 51 67 755417 0 0 0
-2081 3186 68 78 798280 0 0 0
-2267 3103 79 53 706622 0 0 0
-1926 3336 69 56 239209 0 0 0
-2290 2821 94 48 861821 0 0 0
-2112 2789 80 53 185823 0 0 0
-2490 2317 99 87 568782 0 0 0
-2695 2268 97 86 428218 0 0 0
-2470 1765 90 64 884846 0 0 0
-2370 1766 61 65 292066 0 0 0
-2685 1579 76 50 837956 0 0 0
-2299 1977 94 86 512665 0 0 0
-2042 61 88 50 782799 0 0 0
-2236 527 62 65 303934 0 0 0
-1970 1011 51 58 645106 0 0 0
-1781 578 85 83 458069 0 0 0
-2327 322 60 52 531408 0 0 0
-2281 233 94 87 618135 0 0 0
-2032 612 79 67 920639 0 0 0
-1667 216 70 77 431171 0 0 0
-1468 162 87 83 487794 0 0 0
-1775 -356 57 67 306673 0 0 0
-2043 -124 90 77 420418 0 0 0
-2434 51 78 69 917606 0 0 0
-2159 336 87 48 847231 0 0 0
-2181 72 70 58 451708 0 0 0
-1768 -139 86 57 864126 0 0 0
-2220 -58 78 83 127984 0 0 0
-2443 -136 94 85 327939 0 0 0
-2723 -140 72 69 745659 0 0 0
-3167 -87 76 44 881897 0 0 0
-2764 279 73 71 727820 0 0 0
-3241 190 90 44 512537 0 0 0
-3787 252 88 63 149149 0 0 0
-4272 -28 77 76 579481 0 0 0
-4272 -268 93 77 180634 0 0 0
-4053 171 99 57 223476 0 0 0
-4005 -277 51 69 513577 0 0 0
-3467 267 95 68 795308 0 0 0
-3474 160 90 59 655392 0 0 0
-3268 656 74 59 950836 0 0 0
-3205 194 72 53 899330 0 0 0
-3593 713 56 81 993674 0 0 0
-3993 567 52 55 109178 0 0 0
-4411 956 102 79 242764 0 0 0
-4661 488 51 75 712389 0 0 0
-4656 876 54 65 533298 0 0 0
-4954 1045 56 56 436060 0 0 0
-5071 547 74 49 990190 0 0 0
-5610 13 52 57 653606 0 0 0
-5212 302 83 66 315073 0 0 0
-5259 822 73 60 349162 0 0 0
-5599 460 63 77 250840 0 0 0
-5333 734 61 89 383052 0 0 0
-5234 875 59 45 257308 0 0 0
-5523 964 87 84 399152 0 0 0
-5655 984 87 61 171630 0 0 0
-5355 1054 96 80 808094 0 0 0
-5429 1051 88 85 370012 0 0 0
-5678 1073 67 52 631703 0 0 0
-5193 1275 60 81 480475 0 0 0
-5072 1295 61 60 312445 0 0 0
-5090 1619 89 44 295672 0 0 0
-5172 1587 101 88 750402 0 0 0
-4729 1539 79 81 641058 0 0 0
-4822 1513 102 45 386530 0 0 0
-4518 1452 81 67 791758 0 0 0
1167 -424 96 66 910107 0 0 0
1205 -701 73 53 139943 0 0 0
1331 -1156 77 74 584419 0 0 0
990 -1643 71 61 829479 0 0 0
1084 -1793 82 82 885894 0 0 0
1546 -2067 71 89 559617 0 0 0
1702 -2049 101 56 225507 0 0 0
1387 -2210 52 75 113453 0 0 0
1788 -1787 91 60 404884 0 0 0
1893 -1951 85 47 194776 0 0 0
1361 -1553 57 49 169179 0 0 0
1577 -1439 52 82 635158 0 0 0
2125 -1816 81 71 815970 0 0 0
2321 -2143 102 47 809995 0 0 0
2122 -2174 85 73 116845 0 0 0
2654 -1813 83 82 966789 0 0 0
2527 -1790 70 84 136467 0 0 0
2374 -1652 51 82 535851 0 0 0
2266 -1217 76 69 183221 0 0 0
2009 -821 73 65 864854 0 0 0
2115 -300 56 57 498695 0 0 0
1604 -54 76 63 849619 0 0 0
1397 -263 60 57 427571 0 0 0
1924 -802 73 70 777099 0 0 0
1828 -839 59 70 277734 0 0 0
2109 -1062 67 61 750890 0 0 0
2228 -1217 96 64 297097 0 0 0
2337 -797 53 52 702349 0 0 0
2133 -880 62 46 831008 0 0 0
2094 -1146 71 70 185711 0 0 0
2505 -690 68 87 663512 0 0 0
2517 -202 53 72 901435 0 0 0
2688 -447 80 65 351091 0 0 0
2927 -180 82 88 736076 0 0 0
3016 67 66 70 765902 0 0 0
3033 -135 85 53 323013 0 0 0
3583 -537 81 77 780104 0 0 0
3714 -21 101 49 540644 0 0 0
3432 423 66 69 422490 0 0 0
3229 642 63 65 545698 0 0 0
-1493 -291 80 82 163022 0 0 0
-1229 -760 51 49 490691 0 0 0
-1616 -872 79 81 147237 0 0 0
-1191 -699 59 62 461766 0 0 0
-1369 -705 66 73 803747 0 0 0
-1849 -713 76 79 162348 0 0 0
-2198 -1113 59 89 192916 0 0 0
-2054 -1211 54 85 966438 0 0 0
-2198 -1580 82 56 946915 0 0 0
-2002 -1082 87 74 305743 0 0 0
-1725 -1370 54 79 196687 0 0 0
-2180 -1607 72 82 425063 0 0 0
-2058 -1257 93 44 613258 0 0 0
-2041 -992 102 58 167184 0 0 0
-2022 -883 96 62 648560 0 0 0
-2332 -1083 78 68 460777 0 0 0
-2685 -1428 58 84 537264 0 0 0
-2615 -1193 91 53 112165 0 0 0
-2415 -962 90 44 890752 0 0 0
-2417 -1237 58 45 921458 0 0 0
-2891 -1369 88 76 821733 0 0 0
-2683 -1437 92 45 796681 0 0 0
-2828 -1235 100 56 767580 0 0 0
-3089 -762 100 87 907329 0 0 0
-3237 -450 99 63 879040 0 0 0
-2832 -952 83 62 427390 0 0 0
-3297 -1211 79 82 917066 0 0 0
640 2180 61 65 303455 0 0 0
1099 1982 97 89 212606 0 0 0
857 2370 88 82 719196 0 0 0
1258 2287 83 57 978721 0 0 0
1083 2753 71 81 412623 0 0 0
1445 2968 94 87 431052 0 0 0
1624 2845 61 73 688038 0 0 0
1627 2374 83 76 550992 0 0 0
1869 2389 69 54 359860 0 0 0
1857 2295 92 58 304149 0 0 0
1723 2304 93 81 694192 0 0 0
1398 2022 77 53 408013 0 0 0
1749 2435 63 60 687496 0 0 0
1565 2388 87 84 507397 0 0 0
1924 2767 57 79 417370 0 0 0
2262 2672 67 47 472480 0 0 0
1878 3080 60 77 644377 0 0 0
2353 3241 57 75 269837 0 0 0
2300 3703 78 79 642797 0 0 0
2843 4144 59 72 707380 0 0 0
2653 3991 62 61 839250 0 0 0
3140 4149 100 79 138203 0 0 0
3371 4621 75 83 767372 0 0 0
3188 4103 73 62 490532 0 0 0
2684 3613 79 48 150939 0 0 0
3214 3868 58 61 324788 0 0 0
3123 3510 58 70 114696 0 0 0
3530 3763 77 85 810525 0 0 0
3872 3477 86 89 147667 0 0 0
3388 3902 79 81 397925 0 0 0
3772 4106 99 71 371246 0 0 0
3435 4038 58 63 451193 0 0 0
3694 4477 71 87 398271 0 0 0
4110 4377 87 67 126065 0 0 0
4332 3968 83 71 444566 0 0 0
4781 4188 102 61 423821 0 0 0
4716 4069 84 82 875981 0 0 0
4280 4602 86 77 948512 0 0 0
3977 4075 56 47 618489 0 0 0
4035 3581 55 74 424534 0 0 0
3509 3976 67 55 692707 0 0 0
3095 4520 56 80 297754 0 0 0
3064 4816 91 66 298785 0 0 0
2932 4779 64 83 332953 0 0 0
2426 4354 67 59 602743 0 0 0
2915 4091 88 84 651021 0 0 0
3246 4269 63 61 735686 0 0 0
2996 4447 94 79 373898 0 0 0
2789 4530 64 81 929932 0 0 0
2758 4900 88 70 156811 0 0 0
3189 4612 102 64 123777 0 0 0
3336 4597 61 47 346671 0 0 0
2826 4425 55 89 871380 0 0 0
3250 4947 64 61 422145 0 0 0
3617 5315 74 61 752122 0 0 0
3314 5377 93 49 473887 0 0 0
3268 5378 94 68 495363 0 0 0
2841 4993 63 64 483592 0 0 0
2324 4812 80 73 115589 0 0 0
2837 4421 66 59 882346 0 0 0
2422 4591 91 84 141648 0 0 0
2679 4657 69 56 327489 0 0 0
2864 4975 51 45 555399 0 0 0
2512 4930 95 56 273930 0 0 0
2893 5045 100 85 333976 0 0 0
3246 4900 71 64 842708 0 0 0
2894 5228 86 44 935371 0 0 0
2531 5384 91 62 415692 0 0 0
2938 5619 99 69 287674 0 0 0
3009 5289 92 83 101517 0 0 0
2827 4789 96 77 857150 0 0 0
2603 4353 79 79 190753 0 0 0
2481 4009 91 66 202690 0 0 0
2635 4005 55 87 696751 0 0 0
2727 3612 68 79 686961 0 0 0
3152 4048 100 73 787422 0 0 0
1109 574 77 66 210375 0 0 0
976 344 77 56 527828 0 0 0
743 136 82 59 188731 0 0 0
1074 594 79 50 750410 0 0 0
1123 220 91 72 634500 0 0 0
1163 257 81 47 258118 0 0 0
768 720 61 57 361697 0 0 0
331 568 52 72 199809 0 0 0
-174 948 82 55 827775 0 0 0
80 680 98 45 736229 0 0 0
-199 1058 102 59 912830 0 0 0
-675 805 70 61 371378 0 0 0
-1193 967 64 88 859536 0 0 0
-821 1071 67 68 573732 0 0 0
-1361 1133 91 50 133353 0 0 0
-959 927 51 45 874604 0 0 0
-1379 1161 98 82 714444 0 0 0
-1217 1311 91 58 153560 0 0 0
-1727 1561 102 55 816376 0 0 0
-2113 2062 88 86 872094 0 0 0
-2340 1636 61 54 973150 0 0 0
-2770 1930 92 69 541812 0 0 0
-2550 2434 89 83 968351 0 0 0
-2298 2912 55 89 171325 0 0 0
-2683 2866 77 50 527239 0 0 0
-2669 2815 72 70 235121 0 0 0
-3053 2502 64 88 334206 0 0 0
-2791 2062 74 79 594416 0 0 0
-3194 2494 79 75 921749 0 0 0
-2664 2719 88 61 897297 0 0 0
-3104 3162 55 44 371897 0 0 0
-2993 3469 94 82 791335 0 0 0
-3506 2967 74 71 174855 0 0 0
-3793 3111 91 71 582767 0 0 0
-3845 3033 88 65 398940 0 0 0
-3681 2966 51 69 123372 0 0 0
-3354 2778 68 73 816672 0 0 0
-3444 3129 86 53 535621 0 0 0
-3903 3181 52 81 436396 0 0 0
-4090 3194 98 47 625151 0 0 0
-4463 2759 70 62 855255 0 0 0
-4321 2484 54 76 647523 0 0 0
-4085 2921 55 55 729612 0 0 0
-3975 3284 61 61 654611 0 0 0
430 1663 98 65 295246 0 0 0
349 1993 75 50 255006 0 0 0
395 2061 54 83 355694 0 0 0
856 2214 101 62 635585 0 0 0
1132 2411 83 71 327306 0 0 0
1301 1942 57 48 406223 0 0 0
1788 1775 97 44 130116 0 0 0
1907 2279 71 66 498414 0 0 0
2207 2155 60 57 462770 0 0 0
2417 2475 95 85 561964 0 0 0
2195 2297 96 65 874186 0 0 0
2318 2725 57 76 800890 0 0 0
2813 2805 89 75 303219 0 0 0
2296 3271 52 47 785354 0 0 0
1748 3231 77 65 783932 0 0 0
1848 3274 59 85 252176 0 0 0
1965 3324 81 54 556475 0 0 0
1459 3858 64 85 598031 0 0 0
1099 4164 97 61 599132 0 0 0
787 4557 94 63 846258 0 0 0
545 4319 92 64 233881 0 0 0
50 4853 84 66 733668 0 0 0
248 4488 63 77 452121 0 0 0
640 4829 93 65 810749 0 0 0
1114 4890 68 80 883324 0 0 0
1336 5020 92 44 443245 0 0 0
1810 5223 74 82 370235 0 0 0
1454 4760 71 70 247212 0 0 0
1004 4350 94 82 508256 0 0 0
1155 4852 76 78 541718 0 0 0
1182 4950 102 78 956101 0 0 0
1314 5444 72 64 161557 0 0 0
1352 5059 101 72 594313 0 0 0
979 4739 62 70 517427 0 0 0
664 4716 75 65 725993 0 0 0
195 4993 95 84 421570 0 0 0
50 5038 72 49 420013 0 0 0
-327 4867 57 47 171274 0 0 0
-559 4979 72 49 167551 0 0 0
-315 4492 64 53 318626 0 0 0
-364 4783 101 61 984939 0 0 0
-822 4539 76 65 938158 0 0 0
-1230 4502 97 69 422908 0 0 0
-1480 4512 99 73 498752 0 0 0
-1506 4039 62 75 721572 0 0 0
-970 4386 81 61 590004 0 0 0
-1018 3852 93 65 900153 0 0 0
-653 4136 82 47 445257 0 0 0
-593 4509 55 69 482682 0 0 0
-1091 4525 71 78 820591 0 0 0
-1317 4948 59 88 674374 0 0 0
-1522 4813 90 76 193426 0 0 0
489 -708 96 68 870415 0 0 0
-29 -188 61 69 189248 0 0 0
251 -106 92 59 866582 0 0 0
310 73 60 54 245388 0 0 0
72 537 66 81 639583 0 0 0
329 400 62 84 914751 0 0 0
155 -13 93 67 498779 0 0 0
599 -42 56 82 572401 0 0 0
620 459 69 58 472620 0 0 0
830 152 62 77 814933 0 0 0
564 168 102 66 889170 0 0 0
604 -258 71 52 214702 0 0 0
237 -778 71 67 787555 0 0 0
748 -501 62 66 735283 0 0 0
430 -816 102 81 126908 0 0 0
69 -485 62 56 721506 0 0 0
-332 -663 82 88 584363 0 0 0
-741 -789 51 66 420879 0 0 0
-371 -1169 73 61 199345 0 0 0
-596 -1612 54 84 199870 0 0 0
-1096 -2148 66 79 723148 0 0 0
-1035 -2691 77 63 187034 0 0 0
-1190 -2581 62 54 721113 0 0 0
-1684 -2492 76 67 403581 0 0 0
-1781 -2356 64 68 600683 0 0 0
-1739 -2309 93 63 208454 0 0 0
-1726 -2179 54 82 766712 0 0 0
-1956 -2401 53 76 709625 0 0 0
-2343 -2621 82 56 218232 0 0 0
-2283 -2614 77 57 727734 0 0 0
-2292 -2937 61 87 215210 0 0 0
-2722 -3273 55 49 915772 0 0 0
-3225 -3576 78 79 191479 0 0 0
-3697 -3484 72 67 311446 0 0 0
-3177 -3094 70 67 111226 0 0 0
-3215 -3455 76 71 280732 0 0 0
-2954 -3896 61 64 292946 0 0 0
-2709 -4286 69 73 638022 0 0 0
-309 -611 86 67 851632 0 0 0
136 -704 72 85 938676 0 0 0
-335 -478 57 50 192674 0 0 0
-105 -711 93 59 417209 0 0 0
-167 -895 102 58 407887 0 0 0
-621 -837 90 86 223573 0 0 0
-949 -1307 75 48 142086 0 0 0
-495 -1563 88 73 980035 0 0 0
10 -1181 75 47 364771 0 0 0
357 -1418 69 44 369680 0 0 0
20 -1430 54 77 354853 0 0 0
295 -1197 92 79 125163 0 0 0
783 -1186 56 75 938094 0 0 0
585 -743 55 73 926744 0 0 0
474 -689 97 52 481363 0 0 0
430 -804 74 82 893934 0 0 0
405 -530 61 49 838329 0 0 0
689 -800 101 58 948942 0 0 0
1023 -1007 68 60 533260 0 0 0
1557 -738 94 47 752631 0 0 0
1476 -254 92 76 415951 0 0 0
1644 -126 101 64 954669 0 0 0
1714 -271 55 76 561589 0 0 0
-1842 1317 64 66 353377 0 0 0
-1949 1033 80 79 122337 0 0 0
-2169 937 99 85 362670 0 0 0
-1912 1069 86 54 824486 0 0 0
-2376 1248 67 50 668590 0 0 0
-2915 1548 70 67 274652 0 0 0
-2975 1729 60 74 720208 0 0 0
-2737 1295 60 61 143326 0 0 0
-2313 1414 80 76 405202 0 0 0
-2762 1580 67 79 276462 0 0 0
-2947 1222 59 52 880247 0 0 0
-3042 1445 100 77 272318 0 0 0
-3462 1030 77 83 886283 0 0 0
-3811 945 57 54 802391 0 0 0
-3331 818 98 62 384077 0 0 0
-2909 279 51 57 251871 0 0 0
-2602 -171 75 83 203175 0 0 0
-3066 -292 89 89 982128 0 0 0
-2688 -341 101 56 467970 0 0 0
-3054 -503 59 47 338398 0 0 0
-3463 -9 65 57 544975 0 0 0
-3024 -400 97 46 477824 0 0 0
-3307 -841 97 45 340744 0 0 0
-3214 -578 84 69 657553 0 0 0
-3573 -1054 101 57 219629 0 0 0
-3108 -1270 79 53 584197 0 0 0
-3246 -1607 56 73 419968 0 0 0
-3703 -1780 69 56 316596 0 0 0
-4247 -1268 92 60 512581 0 0 0
-4198 -1123 57 55 132133 0 0 0
-3952 -1310 91 62 271546 0 0 0
-4445 -1463 101 49 412747 0 0 0
-4127 -1550 87 78 287607 0 0 0
-4072 -1473 52 54 470332 0 0 0
-4187 -1695 56 53 364253 0 0 0
-4112 -1173 97 76 705926 0 0 0
-3618 -816 71 86 362609 0 0 0
-3203 -1247 65 44 405343 0 0 0
-3702 -1528 74 46 948161 0 0 0
-3780 -1871 84 84 560723 0 0 0
-3949 -1389 66 78 836697 0 0 0
-3464 -1234 102 60 988582 0 0 0
-3594 -1176 64 89 410661 0 0 0
-3050 -695 55 53 225216 0 0 0
-2550 -1124 87 81 848232 0 0 0
-2618 -857 54 69 854505 0 0 0
-2125 -897 101 71 294610 0 0 0
-2473 -572 53 69 314111 0 0 0
-1951 -901 83 74 736506 0 0 0
-2443 -1163 98 75 706279 0 0 0
-2993 -696 53 46 131915 0 0 0
-3116 -159 85 62 648858 0 0 0
-3297 -107 102 86 104318 0 0 0
-3788 281 58 68 293745 0 0 0
-3524 34 58 53 903564 0 0 0
-3700 -189 93 83 357733 0 0 0
-3715 -442 53 81 256639 0 0 0
-3487 92 93 52 304082 0 0 0
-2942 549 88 78 238243 0 0 0
-2575 630 60 50 130367 0 0 0
-2645 622 100 68 331787 0 0 0
-2944 594 86 79 534192 0 0 0
-3408 596 93 50 226067 0 0 0
-3914 220 91 62 551021 0 0 0
-4417 257 102 54 671418 0 0 0
-4396 775 92 89 935391 0 0 0
-3893 314 96 53 604078 0 0 0
221 1960 62 74 371754 0 0 0
482 2311 79 45 583495 0 0 0
651 2141 67 82 762278 0 0 0
170 1813 58 44 934205 0 0 0
445 1384 79 49 992347 0 0 0
389 1869 97 56 839704 0 0 0
626 1408 100 56 566870 0 0 0
504 1227 68 50 556349 0 0 0
423 1404 80 80 939845 0 0 0
162 1745 51 51 945882 0 0 0
535 1830 61 75 628756 0 0 0
284 2052 86 89 442237 0 0 0
747 1764 95 46 188987 0 0 0
505 2013 99 76 197690 0 0 0
49 2501 82 48 908568 0 0 0
78 2286 83 46 895638 0 0 0
-139 2797 70 46 148801 0 0 0
294 2992 73 53 673040 0 0 0
475 2653 62 76 416741 0 0 0
570 3100 63 61 864529 0 0 0
1113 3533 102 69 122888 0 0 0
1491 3795 78 76 735211 0 0 0
1895 3347 67 70 277012 0 0 0
1785 3161 96 81 629111 0 0 0
2043 3066 68 60 809159 0 0 0
1630 3541 77 49 911366 0 0 0
1277 3407 86 83 978406 0 0 0
1677 3269 71 49 225293 0 0 0
1565 3103 98 56 497394 0 0 0
1604 2937 58 87 290722 0 0 0
1472 2711 85 47 600937 0 0 0
1370 3078 87 52 742886 0 0 0
832 3168 80 55 761750 0 0 0
620 3070 74 81 456084 0 0 0
268 3073 58 66 556542 0 0 0
-68 579 65 71 369442 0 0 0
-332 131 91 80 249127 0 0 0
146 145 54 77 448073 0 0 0
516 677 58 59 564129 0 0 0
385 820 82 82 862855 0 0 0
888 909 100 86 914069 0 0 0
811 689 77 70 937844 0 0 0
426 174 102 57 529226 0 0 0
43 269 78 80 292057 0 0 0
327 590 99 62 443366 0 0 0
39 466 72 76 235629 0 0 0
90 438 72 59 554169 0 0 0
-372 680 84 63 811343 0 0 0
-871 1057 61 66 239756 0 0 0
-968 511 58 82 767450 0 0 0
-583 594 68 87 475095 0 0 0
-721 213 75 74 494326 0 0 0
-1134 -121 90 87 176094 0 0 0
-1096 -393 102 58 171249 0 0 0
-1427 -434 101 88 958398 0 0 0
-1026 -729 100 68 691524 0 0 0
-1423 -893 91 48 542907 0 0 0
-1027 -672 77 79 690063 0 0 0
-1383 -162 96 59 319883 0 0 0
-1509 -518 57 69 104290 0 0 0
-1689 -603 53 72 277320 0 0 0
-1472 -263 102 75 183298 0 0 0
-1202 -301 68 47 356220 0 0 0
-991 -248 70 62 481818 0 0 0
-1318 -168 67 52 977420 0 0 0
-1215 357 79 52 958520 0 0 0
-1598 891 66 72 806087 0 0 0
-1331 1213 88 65 413576 0 0 0
1233 -1185 87 86 652975 0 0 0
1215 -1361 85 83 660622 0 0 0
1607 -1174 96 68 659457 0 0 0
1946 -1018 81 65 201720 0 0 0
2432 -1429 77 84 237213 0 0 0
2913 -1749 81 59 443821 0 0 0
2713 -2137 87 80 281485 0 0 0
2571 -2579 62 87 725557 0 0 0
2583 -2892 88 49 472319 0 0 0
2060 -2353 92 49 364782 0 0 0
1923 -2001 89 82 481786 0 0 0
1610 -2218 87 52 131082 0 0 0
1716 -2216 100 44 792488 0 0 0
2092 -2193 86 71 660887 0 0 0
2159 -2124 58 70 848178 0 0 0
2018 -2354 80 45 849761 0 0 0
1851 -2235 68 74 137042 0 0 0
1392 -2134 55 81 518665 0 0 0
1220 -1642 66 84 615422 0 0 0
1248 -1369 75 87 355028 0 0 0
1339 -1125 87 64 928029 0 0 0
1464 -1262 57 88 156510 0 0 0
1835 -1683 82 50 585355 0 0 0
1318 -2139 87 81 990594 0 0 0
1536 -2586 53 71 729878 0 0 0
1824 -2205 89 55 298264 0 0 0
1338 -2257 56 79 136360 0 0 0
1827 -2490 93 53 734205 0 0 0
1454 -2624 54 75 178452 0 0 0
1524 -2594 74 60 495442 0 0 0
1401 -2314 91 63 392968 0 0 0
966 -2551 56 46 127215 0 0 0
486 -2921 72 66 654158 0 0 0
121 -2975 66 53 601250 0 0 0
-178 -2898 97 51 597700 0 0 0
-653 -3386 64 47 545178 0 0 0
-1018 -3146 54 69 732561 0 0 0
-573 -3240 63 60 983644 0 0 0
-143 -3699 63 54 863249 0 0 0
-692 -3794 96 49 888701 0 0 0
-534 -3993 67 56 996222 0 0 0
-733 -4007 93 79 718119 0 0 0
-718 -4315 53 64 433765 0 0 0
-705 -4087 92 64 573132 0 0 0
-1064 -4565 87 88 682062 0 0 0
-630 -5090 66 55 493276 0 0 0
-798 -5202 80 67 879164 0 0 0
-950 -5238 67 55 746685 0 0 0
-89 -1256 82 53 863997 0 0 0
137 -741 60 52 899023 0 0 0
-9 -538 90 85 361497 0 0 0
-235 -976 56 63 981536 0 0 0
254 -1152 91 76 606767 0 0 0
703 -1493 75 57 671819 0 0 0
701 -1203 84 50 674718 0 0 0
1239 -984 97 51 383824 0 0 0
959 -1191 101 47 256853 0 0 0
886 -1548 84 61 844142 0 0 0
710 -1160 77 82 149459 0 0 0
704 -1356 53 74 233580 0 0 0
349 -1670 99 44 669601 0 0 0
242 -1298 80 74 514955 0 0 0
252 -1140 93 84 970394 0 0 0
544 -1225 80 78 833317 0 0 0
316 -1108 56 71 876042 0 0 0
612 -1417 102 63 657837 0 0 0
583 -953 76 81 962218 0 0 0
414 -1290 75 48 640867 0 0 0
35 -841 76 86 976844 0 0 0
18 -843 77 59 641124 0 0 0
-27 -554 88 59 157986 0 0 0
-305 -718 83 63 972896 0 0 0
-44 -1013 57 51 951919 0 0 0
-477 -1474 77 50 702007 0 0 0
-549 -1515 72 78 203170 0 0 0
-81 -1536 77 78 611467 0 0 0
-306 -1430 85 78 199432 0 0 0
-758 -1022 73 56 883786 0 0 0
-253 -1044 91 71 104108 0 0 0
-341 -503 90 62 253149 0 0 0
-126 -522 98 62 882444 0 0 0
389 -292 98 56 923996 0 0 0
347 -842 94 70 442299 0 0 0
642 -488 62 67 741985 0 0 0
998 50 66 87 189759 0 0 0
1365 37 100 72 398463 0 0 0
1358 62 94 59 935099 0 0 0
1016 -70 93 67 622111 0 0 0
650 -620 71 64 643539 0 0 0
854 -436 80 65 751706 0 0 0
1313 -317 53 64 348897 0 0 0
1654 -454 90 83 561227 0 0 0
1771 -321 67 74 495754 0 0 0
1271 -490 80 54 502387 0 0 0
1386 -288 94 47 159254 0 0 0
1724 -608 98 47 594991 0 0 0
2054 -240 55 69 791370 0 0 0
2036 -452 68 71 122671 0 0 0
1633 -315 88 52 304636 0 0 0
1760 -806 98 44 950042 0 0 0
1593 -1029 77 59 106072 0 0 0
1301 -1245 67 82 453942 0 0 0
1601 -1550 74 75 480620 0 0 0
1519 -1850 56 58 110441 0 0 0
1716 -2276 56 83 426844 0 0 0
1734 -2243 101 87 339204 0 0 0
1674 -2751 72 75 356474 0 0 0
2095 -2999 51 56 785943 0 0 0
1565 -3035 52 55 724708 0 0 0
1101 -3170 83 44 529579 0 0 0
894 -3620 71 71 560738 0 0 0
1152 -3560 99 71 223807 0 0 0
702 -3720 77 55 414624 0 0 0
974 -3858 66 82 957870 0 0 0
447 -3642 87 69 920636 0 0 0
576 -3141 74 84 434132 0 0 0
574 -3683 98 71 523350 0 0 0
272 -4013 85 49 586782 0 0 0
34 -4490 55 83 330607 0 0 0
-201 -4658 78 87 148421 0 0 0
-708 -5082 81 82 234534 0 0 0
-555 -1717 96 76 191239 0 0 0
-840 -1902 75 44 971283 0 0 0
-1171 -2043 54 87 731992 0 0 0
-1703 -2213 79 56 858652 0 0 0
-1690 -2610 69 83 302678 0 0 0
-1407 -2422 93 81 122570 0 0 0
-1359 -2423 100 60 630381 0 0 0
-911 -2672 74 61 497472 0 0 0
-1332 -2613 83 82 853601 0 0 0
-1661 -2911 77 75 606640 0 0 0
-1243 -2819 60 47 218060 0 0 0
-742 -2889 55 85 141524 0 0 0
-932 -2938 68 88 334763 0 0 0
-816 -2518 54 66 215633 0 0 0
-1239 -2091 86 56 861986 0 0 0
-1514 -2013 59 71 547656 0 0 0
-1222 -1756 57 75 211976 0 0 0
-1273 -1678 57 61 419963 0 0 0
-1139 -1421 56 81 129681 0 0 0
-1431 -1387 76 85 932143 0 0 0
-1876 -1511 89 45 538362 0 0 0
-2221 -1880 53 44 469158 0 0 0
-1875 -1486 52 72 947293 0 0 0
-1816 -1242 64 84 286797 0 0 0
-1752 -1710 65 51 253181 0 0 0
-1758 -1552 52 78 811099 0 0 0
-1673 -1318 78 63 420079 0 0 0
-2017 -1037 52 63 765033 0 0 0
-1957 -632 101 82 526011 0 0 0
-2374 -804 76 51 553610 0 0 0
-1861 -623 92 83 469675 0 0 0
-1871 -431 87 65 523450 0 0 0
-1760 -310 102 86 110185 0 0 0
-1283 -754 86 84 464447 0 0 0
-1222 -578 69 72 668479 0 0 0
-1421 -585 95 71 850521 0 0 0
-1105 -193 73 58 672481 0 0 0
-789 -714 62 53 838045 0 0 0
-671 -1053 79 52 159316 0 0 0
-1079 -1026 96 64 309658 0 0 0
-568 -774 85 88 721926 0 0 0
-280 -1277 79 56 721792 0 0 0
-652 -1385 76 63 320702 0 0 0
-558 -1898 79 56 998961 0 0 0
-919 -1480 60 84 985637 0 0 0
-558 -1594 79 80 780564 0 0 0
-163 -2031 64 83 815831 0 0 0
-441 -2412 71 87 269536 0 0 0
-647 -2250 101 76 146855 0 0 0
-474 -2026 73 55 393714 0 0 0
-178 -1642 78 71 262605 0 0 0
-103 -1776 80 61 689456 0 0 0
117 -2115 63 77 708779 0 0 0
-1833 1135 97 65 486988 0 0 0
-1957 1078 97 85 876237 0 0 0
-2352 856 98 70 534587 0 0 0
-2209 1144 53 85 915548 0 0 0
-2481 1196 79 78 139337 0 0 0
-2636 1559 56 88 778014 0 0 0
-2143 1060 102 68 607677 0 0 0
-2234 782 97 53 457006 0 0 0
-2427 553 92 64 574900 0 0 0
-2017 1054 72 82 474824 0 0 0
-2134 1021 70 69 138306 0 0 0
-2137 893 54 77 685784 0 0 0
-2466 1154 87 77 661776 0 0 0
-2862 671 82 85 783537 0 0 0
-2926 759 72 51 882557 0 0 0
-2913 255 90 88 601635 0 0 0
-2444 -199 89 63 132620 0 0 0
-2149 -553 81 77 755019 0 0 0
-1631 -969 77 58 694053 0 0 0
-1778 -1490 56 63 968099 0 0 0
-2226 -1406 63 79 501778 0 0 0
-2362 -1885 96 84 793620 0 0 0
-1941 -2044 87 80 257823 0 0 0
-2303 -2220 67 55 677007 0 0 0
-1997 -2262 88 64 137547 0 0 0
-2479 -2035 101 57 965645 0 0 0
-2755 -1816 84 65 851020 0 0 0
-2534 -2281 87 85 903275 0 0 0
-2308 -2155 84 68 934482 0 0 0
-1909 -1753 51 69 368498 0 0 0
-1475 -1919 59 63 156262 0 0 0
-1252 -1568 82 65 992765 0 0 0
-1645 -1171 79 81 754441 0 0 0
-1228 -824 97 74 287334 0 0 0
-1651 -341 83 89 627349 0 0 0
-1455 -296 75 69 919708 0 0 0
-941 -657 101 75 865970 0 0 0
-918 -617 84 55 410503 0 0 0
-1057 -210 101 67 107077 0 0 0
-532 100 90 67 873643 0 0 0
-35 400 102 76 826554 0 0 0
-172 843 72 56 535503 0 0 0
-373 1264 92 58 281315 0 0 0
-176 753 97 59 242187 0 0 0
-281 596 98 68 609638 0 0 0
58 728 59 69 665004 0 0 0
-83 502 99 68 121883 0 0 0
-132 350 61 73 984097 0 0 0
-265 375 92 47 851780 0 0 0
269 85 91 80 747115 0 0 0
-30 -304 57 51 616904 0 0 0
-282 9 89 55 512184 0 0 0
96 -69 53 48 759386 0 0 0
-195 -202 57 58 512093 0 0 0
120 -30 96 47 601967 0 0 0
455 315 63 58 175866 0 0 0
675 -1 70 86 235965 0 0 0
1203 107 87 63 428894 0 0 0
1075 -106 53 57 347584 0 0 0
842 -530 69 65 653098 0 0 0
1129 -36 85 86 945540 0 0 0
799 -274 102 52 764537 0 0 0
1321 -148 98 70 564952 0 0 0
1809 369 90 73 458746 0 0 0
1823 223 64 48 186119 0 0 0
1725 415 77 49 424117 0 0 0
1854 418 53 64 284502 0 0 0
1837 661 53 79 171125 0 0 0
1684 977 62 47 182085 0 0 0
1774 1463 92 64 475768 0 0 0
2020 978 102 46 616675 0 0 0
2088 1249 74 59 481350 0 0 0
2552 1069 82 63 194751 0 0 0
2765 1148 80 72 486560 0 0 0
3165 1553 87 77 970548 0 0 0
3629 1593 101 78 626528 0 0 0
3252 1412 101 84 709856 0 0 0
2887 1279 93 46 333857 0 0 0
3237 1139 68 79 282440 0 0 0
3529 1597 65 75 886454 0 0 0
3377 1403 87 60 193978 0 0 0
3276 1333 82 84 876980 0 0 0
2997 1658 79 52 876200 0 0 0
2778 1649 60 67 604577 0 0 0
2621 1671 79 61 594668 0 0 0
2637 1938 99 75 894812 0 0 0
2771 1655 56 88 611281 0 0 0
3302 1416 76 50 601299 0 0 0
3405 1618 81 77 473049 0 0 0
3032 2129 63 71 774093 0 0 0
2815 2237 70 76 691242 0 0 0
2326 2658 91 68 291697 0 0 0
2080 3197 58 78 862664 0 0 0
2197 3057 58 80 784539 0 0 0
2715 3054 72 47 715662 0 0 0
2666 2878 100 73 790742 0 0 0
2847 3112 81 54 458566 0 0 0
2765 3212 99 51 349430 0 0 0
2437 2668 54 65 837484 0 0 0
1910 3050 81 69 235252 0 0 0
1586 3594 93 58 258289 0 0 0
1761 4039 58 56 184898 0 0 0
1228 4390 73 82 989655 0 0 0
1654 4785 66 64 455488 0 0 0
1127 4425 60 81 241003 0 0 0
797 4880 66 73 361561 0 0 0
869 4941 64 87 624029 0 0 0
379 5376 63 81 919012 0 0 0
874 5277 102 50 325143 0 0 0
988 4902 89 59 140395 0 0 0
849 5385 56 44 900847 0 0 0
404 4917 54 62 434692 0 0 0
768 4469 98 78 666399 0 0 0
-1819 2070 98 85 666846 0 0 0
-2076 1777 85 55 307163 0 0 0
-1930 1885 73 84 219826 0 0 0
-2356 1941 81 83 348090 0 0 0
-2082 1698 55 71 112824 0 0 0
-1726 1997 77 73 585632 0 0 0
-2004 1468 89 76 225684 0 0 0
-1828 1856 60 45 153738 0 0 0
-1567 1484 79 75 233003 0 0 0
-1542 1121 90 53 138746 0 0 0
-1775 1223 59 50 950124 0 0 0
-2302 1061 51 85 250861 0 0 0
-2010 858 97 89 791334 0 0 0
-1907 570 81 50 106585 0 0 0
-2055 353 62 87 617527 0 0 0
-1745 726 65 48 988160 0 0 0
-1338 1249 97 71 772831 0 0 0
-1204 1727 87 79 856854 0 0 0
-929 1867 102 68 376206 0 0 0
-1288 2089 78 60 274756 0 0 0
-856 1560 74 82 734556 0 0 0
-1094 1576 80 85 170066 0 0 0
-1531 1046 66 57 804482 0 0 0
-1264 1498 84 50 724941 0 0 0
-1174 1890 64 47 504702 0 0 0
-1555 1859 52 87 647753 0 0 0
-1644 1343 78 62 271421 0 0 0
-1298 1113 55 55 111925 0 0 0
-1338 827 70 70 367791 0 0 0
-1002 1038 77 59 166270 0 0 0
-909 1066 52 45 171093 0 0 0
-946 1289 56 58 791544 0 0 0
-985 1792 71 57 213840 0 0 0
-1374 1749 100 56 331205 0 0 0
-1566 1863 65 79 843391 0 0 0
-1386 1401 91 89 402452 0 0 0
-861 1421 62 86 257912 0 0 0
-883 1199 98 81 261181 0 0 0
-873 987 77 75 337622 0 0 0
-1078 959 74 66 368022 0 0 0
-824 544 60 75 848161 0 0 0
-1371 887 67 77 631272 0 0 0
-922 1144 80 82 499601 0 0 0
-745 1484 95 69 213647 0 0 0
-417 1747 91 66 292293 0 0 0
-806 1304 67 54 279572 0 0 0
-1278 1176 102 57 416078 0 0 0
-952 963 100 71 857248 0 0 0
-679 1194 51 87 624976 0 0 0
-990 1507 85 85 962240 0 0 0
-751 1285 91 67 545699 0 0 0
-677 817 73 68 214600 0 0 0
-881 520 89 71 536668 0 0 0
-638 49 52 50 122764 0 0 0
-800 -442 84 48 654326 0 0 0
-900 -260 73 47 173019 0 0 0
-446 -464 70 89 321583 0 0 0
-2030 166 86 53 730299 0 0 0
-2466 461 56 52 589373 0 0 0
-2097 817 58 49 783533 0 0 0
-2312 677 60 79 480583 0 0 0
-2292 724 95 58 901311 0 0 0
-1927 763 54 80 487885 0 0 0
-2392 1275 59 66 119573 0 0 0
-1885 1377 94 82 745660 0 0 0
-1674 878 84 73 401612 0 0 0
-1959 1272 56 71 555455 0 0 0
-2113 1323 68 79 166100 0 0 0
-1802 928 91 69 299616 0 0 0
-1923 1046 64 78 350080 0 0 0
-2353 979 79 86 974589 0 0 0
-2671 1437 79 80 326011 0 0 0
-2675 1118 79 74 812373 0 0 0
-2207 1046 84 68 882910 0 0 0
-2070 855 85 65 465936 0 0 0
-1780 569 102 47 382432 0 0 0
-2031 727 82 63 892589 0 0 0
-2002 659 86 65 585514 0 0 0
-1695 383 56 55 814427 0 0 0
-1945 -46 53 76 176440 0 0 0
-2476 -504 80 77 138605 0 0 0
-1967 -240 61 51 363057 0 0 0
-1764 104 61 79 680601 0 0 0
-2139 278 59 66 628558 0 0 0
-2571 95 94 59 193593 0 0 0
-2506 -177 85 85 757127 0 0 0
-2361 -119 82 51 339323 0 0 0
-2502 -627 53 70 381024 0 0 0
-2865 -648 79 79 242530 0 0 0
-3182 -568 54 59 814905 0 0 0
-2841 -491 55 48 255138 0 0 0
-3310 -772 56 76 769020 0 0 0
-231 -1669 78 68 706584 0 0 0
-143 -2219 51 46 605277 0 0 0
385 -1938 79 48 659470 0 0 0
308 -2217 86 68 430774 0 0 0
79 -2629 65 75 154486 0 0 0
81 -2931 80 63 501091 0 0 0
173 -3086 70 76 338551 0 0 0
-158 -2945 52 74 688424 0 0 0
-27 -2398 102 87 744723 0 0 0
459 -2415 92 85 969061 0 0 0
780 -2183 74 80 669397 0 0 0
978 -2148 73 72 739013 0 0 0
932 -1832 90 76 817783 0 0 0
1041 -1524 98 83 505078 0 0 0
773 -1860 59 61 244394 0 0 0
488 -1824 61 49 359110 0 0 0
685 -1908 92 44 460585 0 0 0
676 -1923 90 55 407326 0 0 0
688 -2079 85 54 739562 0 0 0
973 -1742 76 87 119236 0 0 0
568 -1805 59 46 296746 0 0 0
232 -2124 66 76 437758 0 0 0
236 -2082 98 56 588792 0 0 0
-23 -1967 84 48 574541 0 0 0
-501 -2274 78 62 819763 0 0 0
-304 -1863 54 50 589776 0 0 0
-814 -1724 57 74 861101 0 0 0
-1335 -1558 73 48 784653 0 0 0
-1167 -1773 99 74 387216 0 0 0
-1131 -1274 102 78 717563 0 0 0
-1346 -1355 94 89 379525 0 0 0
-885 -1901 52 50 946908 0 0 0
-844 -2426 63 73 261308 0 0 0
-64 935 71 79 574640 0 0 0
-158 985 78 57 659088 0 0 0
374 1235 52 47 231441 0 0 0
209 1411 59 48 532352 0 0 0
-104 1765 95 45 952924 0 0 0
-68 1590 66 47 608853 0 0 0
-328 1773 68 81 731223 0 0 0
-531 2249 96 84 741481 0 0 0
-518 2793 95 46 687739 0 0 0
-124 2343 81 68 384884 0 0 0
-132 2445 71 47 429867 0 0 0
359 2873 52 53 226429 0 0 0
787 2877 97 72 662795 0 0 0
319 2806 94 76 333292 0 0 0
248 3336 81 67 631093 0 0 0
516 2846 90 69 498525 0 0 0
277 3060 62 79 345894 0 0 0
-62 3524 101 61 227653 0 0 0
-524 3548 102 59 236942 0 0 0
-665 3987 75 64 256353 0 0 0
-667 3936 101 60 732291 0 0 0
-592 3914 69 80 441333 0 0 0
-433 3386 65 81 663409 0 0 0
-426 2856 66 58 866387 0 0 0
-52 3055 71 85 537535 0 0 0
-480 3516 93 51 869070 0 0 0
-799 3989 63 69 251373 0 0 0
-892 3731 97 57 584228 0 0 0
-462 3985 86 50 185151 0 0 0
-39 4114 58 88 519823 0 0 0
54 4647 84 70 552783 0 0 0
443 5167 53 55 293025 0 0 0
570 5249 56 76 389852 0 0 0
294 4969 52 61 546979 0 0 0
-38 4884 52 75 360467 0 0 0
-585 5402 75 72 565286 0 0 0
-82 5501 102 82 835324 0 0 0
-27 5122 69 71 129319 0 0 0
516 5289 58 59 449866 0 0 0
711 4742 82 82 218780 0 0 0
1174 4649 59 84 453301 0 0 0
698 4976 66 73 870829 0 0 0
287 5243 70 73 658478 0 0 0
732 5480 96 49 819800 0 0 0
827 5777 82 81 263199 0 0 0
434 5593 53 71 781235 0 0 0
479 5673 83 68 163043 0 0 0
-2024 -1631 96 78 893206 0 0 0
-1568 -1226 71 67 554523 0 0 0
-1958 -782 93 56 460690 0 0 0
-1699 -294 91 45 319007 0 0 0
-2112 -93 67 83 329916 0 0 0
-2623 157 76 65 846891 0 0 0
-2195 241 70 64 201176 0 0 0
-2449 647 95 87 320704 0 0 0
-2762 1156 61 79 511184 0 0 0
-2375 1283 97 76 651259 0 0 0
-2635 1385 68 58 142880 0 0 0
-2604 1741 65 65 930391 0 0 0
-2743 2199 89 75 252365 0 0 0
-2852 2086 51 70 776643 0 0 0
-2569 2621 90 67 226736 0 0 0
-2817 2511 58 84 177534 0 0 0
-2439 2337 80 51 314087 0 0 0
-2741 2065 53 54 348632 0 0 0
-2617 2501 62 55 344248 0 0 0
-2470 1970 58 50 697666 0 0 0
-2084 1463 76 44 853635 0 0 0
-1577 1169 77 57 536231 0 0 0
-1207 738 85 82 954037 0 0 0
-1568 1156 86 58 863082 0 0 0
-1936 1495 52 70 570419 0 0 0
-2198 1707 95 51 492164 0 0 0
-1952 1887 79 64 576455 0 0 0
-2462 1785 81 49 853307 0 0 0
-2568 1708 100 72 203169 0 0 0
-2262 2011 68 69 671813 0 0 0
-2149 2520 85 69 840075 0 0 0
-2558 2559 70 56 107389 0 0 0
-2919 2313 79 66 334102 0 0 0
-2724 2535 76 63 504807 0 0 0
-2635 2846 98 81 192518 0 0 0
-3067 2797 57 60 914181 0 0 0
-2959 2487 66 55 204603 0 0 0
-3255 1978 78 55 481107 0 0 0
-3556 1917 94 58 182612 0 0 0
-3574 1712 91 83 148639 0 0 0
-3282 1511 54 55 739482 0 0 0
-2996 1519 75 53 804590 0 0 0
-2927 1695 102 63 998383 0 0 0
-2957 2186 73 72 488138 0 0 0
-2751 1952 52 55 507305 0 0 0
-3104 1718 88 67 442027 0 0 0
-3052 1719 74 55 899727 0 0 0
-2926 2268 74 50 531857 0 0 0
-2819 2393 62 61 431642 0 0 0
-2337 2645 70 55 260784 0 0 0
-2002 2501 100 76 451452 0 0 0
-2288 2795 101 47 455124 0 0 0
-2061 2523 71 54 304167 0 0 0
-1858 2346 95 77 431143 0 0 0
-2160 2029 58 80 373146 0 0 0
-2647 1886 99 53 176167 0 0 0
-2321 2357 71 44 107112 0 0 0
-1791 1867 79 75 809352 0 0 0
-1794 2016 83 80 330687 0 0 0
-2162 1483 66 45 504741 0 0 0
-1795 1477 88 61 377051 0 0 0
-1288 985 92 73 398121 0 0 0
-1685 844 98 60 986054 0 0 0
-1796 1352 55 76 702916 0 0 0
-1406 1253 100 76 194692 0 0 0
-1289 935 58 71 219990 0 0 0
-1284 964 97 78 214197 0 0 0
-1320 1185 66 71 423741 0 0 0
-1156 1299 85 81 957646 0 0 0
-1419 1096 93 48 425159 0 0 0
-1542 1121 89 55 176750 0 0 0
-1181 744 54 89 583349 0 0 0
-723 520 80 66 153701 0 0 0
-906 804 102 67 470083 0 0 0
-917 671 89 51 473634 0 0 0
-1117 172 101 65 982397 0 0 0
299 -819 93 69 553641 0 0 0
757 -525 61 89 225364 0 0 0
1152 -411 54 79 905830 0 0 0
1114 -307 87 84 748964 0 0 0
996 -554 73 69 760965 0 0 0
868 -486 74 81 709681 0 0 0
858 -79 81 73 229135 0 0 0
480 -233 78 52 441835 0 0 0
201 129 98 77 994209 0 0 0
207 -144 88 52 430836 0 0 0
750 -601 62 77 844423 0 0 0
442 -715 67 49 919184 0 0 0
868 -269 66 74 867450 0 0 0
599 243 61 63 883521 0 0 0
611 756 93 81 790577 0 0 0
382 552 69 86 894830 0 0 0
199 279 100 71 395653 0 0 0
346 275 84 66 814681 0 0 0
-182 342 61 78 430577 0 0 0
354 739 55 69 183047 0 0 0
502 796 68 52 715661 0 0 0
87 276 93 53 249033 0 0 0
-62 364 83 80 513952 0 0 0
-183 391 61 68 373985 0 0 0
-392 563 68 71 833307 0 0 0
62 42 90 89 350478 0 0 0
-371 -456 55 49 864968 0 0 0
-388 -595 68 48 123616 0 0 0
2026 1609 80 87 713113 0 0 0
2198 1334 63 64 856577 0 0 0
1866 1535 75 66 320314 0 0 0
1330 1866 70 78 641346 0 0 0
950 2391 59 89 873932 0 0 0
507 2104 81 46 439648 0 0 0
803 1628 56 49 652648 0 0 0
1088 1264 100 77 294261 0 0 0
755 907 60 63 823083 0 0 0
631 1404 53 53 770396 0 0 0
1174 1457 58 56 835103 0 0 0
1488 1109 91 72 447590 0 0 0
1565 914 89 75 161521 0 0 0
2025 685 70 77 368748 0 0 0
1820 503 61 55 822985 0 0 0
2288 14 96 72 551379 0 0 0
2707 50 79 65 654112 0 0 0
2842 149 94 52 465992 0 0 0
2877 -121 67 46 291159 0 0 0
2975 -593 62 83 657659 0 0 0
2704 -388 100 52 920523 0 0 0
3004 -481 95 71 401506 0 0 0
2494 -151 88 53 199804 0 0 0
2249 193 61 69 952794 0 0 0
2215 -49 90 69 583317 0 0 0
1692 -368 87 67 428870 0 0 0
1588 -276 57 49 758368 0 0 0
2020 -40 94 76 624837 0 0 0
2184 -351 55 54 726391 0 0 0
1661 -381 90 87 684087 0 0 0
1258 -451 55 72 684319 0 0 0
1779 -224 98 55 225814 0 0 0
1530 -418 96 79 729874 0 0 0
1275 -602 85 45 793912 0 0 0
858 -816 68 59 337527 0 0 0
859 -856 65 62 505592 0 0 0
1361 -997 92 89 216095 0 0 0
1434 -688 102 85 541560 0 0 0
1627 -996 52 67 528059 0 0 0
1629 -1365 93 44 351254 0 0 0
1662 -1872 72 48 181876 0 0 0
2157 -1936 101 63 438834 0 0 0
1685 -1893 56 69 863848 0 0 0
1866 -1562 57 79 399542 0 0 0
2404 -1881 88 89 705816 0 0 0
2721 -1418 99 51 627751 0 0 0
2369 -1363 96 47 742634 0 0 0
1832 -1888 88 53 177392 0 0 0
2068 -1486 65 73 232491 0 0 0
2233 -1958 98 49 200225 0 0 0
2773 -1440 71 60 825160 0 0 0
2799 -1235 85 67 658076 0 0 0
3155 -875 55 83 749304 0 0 0
3141 -920 78 49 488818 0 0 0
2697 -651 85 72 176577 0 0 0
2650 -277 102 74 907109 0 0 0
2326 -37 101 66 296786 0 0 0
2620 -433 87 77 826896 0 0 0
2499 -403 73 47 145364 0 0 0
3000 -709 57 46 604861 0 0 0
2888 -226 90 48 167359 0 0 0
2408 -662 93 72 373396 0 0 0
2918 -754 76 57 927677 0 0 0
2456 -528 78 78 221490 0 0 0
1959 -397 61 70 642790 0 0 0
2258 -248 69 68 177281 0 0 0
2717 250 59 83 363092 0 0 0
2742 304 51 55 144231 0 0 0
2951 -3 89 80 877854 0 0 0
3005 538 70 77 310350 0 0 0
3095 879 56 56 939134 0 0 0
3171 1405 82 80 960144 0 0 0
3013 1805 101 61 266681 0 0 0
1416 2103 71 72 167350 0 0 0
1884 1943 70 83 827976 0 0 0
1767 2441 100 51 854675 0 0 0
1441 2474 91 59 625596 0 0 0
905 2161 91 69 312870 0 0 0
1031 2463 93 55 500561 0 0 0
771 1943 92 62 960893 0 0 0
610 1433 69 65 498355 0 0 0
745 1016 92 75 945581 0 0 0
401 1290 102 57 336100 0 0 0
232 922 67 62 803312 0 0 0
-173 1123 99 88 382782 0 0 0
-57 651 90 57 772086 0 0 0
446 1011 86 65 563455 0 0 0
893 955 81 79 943220 0 0 0
1143 424 86 50 288713 0 0 0
1298 529 68 54 472550 0 0 0
926 536 62 44 310671 0 0 0
981 588 66 71 244781 0 0 0
899 211 67 70 533895 0 0 0
1384 -59 89 68 123999 0 0 0
1404 -585 64 69 468255 0 0 0
1927 -65 96 68 453800 0 0 0
1616 -90 82 72 538641 0 0 0
1855 139 58 77 132617 0 0 0
1899 -208 73 87 458364 0 0 0
1977 -552 94 86 470081 0 0 0
2175 -720 60 80 452318 0 0 0
2371 -388 85 85 766330 0 0 0
2548 162 61 86 729506 0 0 0
2194 5 77 86 533198 0 0 0
2020 33 61 71 560767 0 0 0
2363 49 96 66 481556 0 0 0
2397 243 60 70 445439 0 0 0
2008 638 55 56 862912 0 0 0
1521 277 98 82 575190 0 0 0
1193 689 87 68 896251 0 0 0
1167 919 59 71 843182 0 0 0
1481 1379 69 69 423494 0 0 0
1987 1023 56 67 366141 0 0 0
2427 502 80 55 222007 0 0 0
2024 779 83 87 655289 0 0 0
1603 1190 54 60 329060 0 0 0
1256 1435 102 89 152680 0 0 0
886 1977 53 88 287894 0 0 0
524 1697 90 69 686967 0 0 0
550 1423 92 70 261803 0 0 0
641 1009 93 44 540807 0 0 0
503 1180 73 74 168807 0 0 0
902 908 91 73 769997 0 0 0
592 1089 54 86 722947 0 0 0
318 1133 90 45 926300 0 0 0
1798 -378 60 50 198285 0 0 0
1513 -701 86 89 736253 0 0 0
1485 -924 71 53 772278 0 0 0
1205 -1113 92 86 838448 0 0 0
1129 -1215 81 81 794620 0 0 0
934 -1384 83 69 223094 0 0 0
910 -1516 61 88 178334 0 0 0
575 -1120 70 56 249921 0 0 0
1003 -765 69 77 359143 0 0 0
481 -1172 86 71 634928 0 0 0
713 -891 101 56 190873 0 0 0
223 -1073 66 70 635573 0 0 0
562 -969 93 49 251896 0 0 0
635 -841 61 74 552047 0 0 0
433 -1153 73 66 816371 0 0 0
354 -1316 80 56 198658 0 0 0
837 -1568 54 68 846688 0 0 0
331 -1553 84 69 738965 0 0 0
-203 -1623 69 62 501971 0 0 0
-511 -1113 67 71 793894 0 0 0
-619 -763 78 49 490197 0 0 0
-233 -816 90 79 985478 0 0 0
-622 -666 56 65 296086 0 0 0
-464 -629 77 83 755927 0 0 0
-700 -335 99 65 543165 0 0 0
-220 92 85 84 960364 0 0 0
-498 -145 53 45 731751 0 0 0
-864 219 55 72 335814 0 0 0
-328 2007 64 71 500835 0 0 0
-251 2390 64 57 283013 0 0 0
-160 2621 97 57 785454 0 0 0
-54 2497 71 57 771537 0 0 0
-547 2522 64 46 845547 0 0 0
