1000
-789 -396 42 84 771085 0 0 0
814 236 32 86 699293 0 0 0
445 -620 50 10 221163 0 0 0
918 949 70 51 531524 0 0 0
1 -658 8 9 451629 0 0 0
-688 -993 78 50 176764 0 0 0
-883 -263 67 29 114893 0 0 0
-401 694 59 36 491413 0 0 0
224 969 83 83 169335 0 0 0
-88 -15 67 53 905015 0 0 0
-765 -552 53 6 394716 0 0 0
-676 -981 96 44 488338 0 0 0
-335 -853 65 43 923567 0 0 0
-648 -780 81 49 437075 0 0 0
210 35 59 11 601174 0 0 0
-982 -354 49 42 238031 0 0 0
-714 961 36 83 696594 0 0 0
918 923 97 18 403081 0 0 0
43 -784 89 40 722424 0 0 0
466 -158 97 64 233263 0 0 0
-438 297 77 51 434317 0 0 0
-350 -429 56 54 660915 0 0 0
-773 442 49 89 827706 0 0 0
973 -394 41 75 768220 0 0 0
-956 -807 44 23 502054 0 0 0
551 317 17 85 845494 0 0 0
-271 336 56 69 629614 0 0 0
-718 773 17 75 688956 0 0 0
32 405 43 76 199171 0 0 0
107 536 44 61 919394 0 0 0
-445 711 54 86 746781 0 0 0
786 -414 4 63 910891 0 0 0
-197 62 26 81 901179 0 0 0
104 -289 61 26 239474 0 0 0
150 -191 5 83 394691 0 0 0
-856 -160 95 59 775943 0 0 0
678 -543 66 89 887697 0 0 0
-170 -811 65 69 518807 0 0 0
-425 215 30 90 238883 0 0 0
351 496 22 79 763384 0 0 0
803 -675 90 57 909893 0 0 0
628 584 9 44 252650 0 0 0
256 688 32 49 274385 0 0 0
875 -314 70 12 974860 0 0 0
-172 -110 32 66 785106 0 0 0
267 165 61 49 360446 0 0 0
-401 729 20 12 642051 0 0 0
-46 796 31 49 848533 0 0 0
-469 -906 28 39 193124 0 0 0
-480 38 102 61 806135 0 0 0
-389 818 98 68 343341 0 0 0
418 554 25 39 649731 0 0 0
-408 552 100 52 829193 0 0 0
-932 -665 11 1 912592 0 0 0
721 -181 42 85 530545 0 0 0
-323 444 18 53 600432 0 0 0
-593 -10 37 13 693501 0 0 0
331 -640 104 55 496597 0 0 0
888 -284 12 10 591604 0 0 0
-929 815 6 29 351779 0 0 0
391 -753 53 56 290700 0 0 0
-506 768 14 79 209855 0 0 0
233 933 29 7 969931 0 0 0
-566 -958 101 40 125322 0 0 0
-994 380 104 72 388757 0 0 0
929 345 21 40 208350 0 0 0
-141 966 30 38 213639 0 0 0
-158 605 29 55 701311 0 0 0
-28 497 57 90 371166 0 0 0
676 -403 82 22 200476 0 0 0
584 605 90 86 375404 0 0 0
750 -200 88 61 540039 0 0 0
162 502 91 22 503210 0 0 0
-956 90 42 3 203722 0 0 0
63 745 18 41 719978 0 0 0
-8 759 37 2 611647 0 0 0
-879 -917 1 30 530674 0 0 0
121 254 93 27 182215 0 0 0
843 -786 25 62 731633 0 0 0
449 -27 84 38 559771 0 0 0
-827 855 23 60 711485 0 0 0
-575 82 84 80 196023 0 0 0
370 13 61 30 932368 0 0 0
826 -318 37 41 434921 0 0 0
-458 -423 82 49 643071 0 0 0
825 -143 28 8 910462 0 0 0
-864 608 67 79 759479 0 0 0
-671 962 94 16 564579 0 0 0
246 409 85 24 947571 0 0 0
985 355 44 51 777911 0 0 0
-994 -682 45 57 320406 0 0 0
842 837 72 44 604713 0 0 0
147 -111 66 36 631346 0 0 0
344 496 10 75 873329 0 0 0
-727 137 72 19 766811 0 0 0
718 710 18 13 284670 0 0 0
-291 658 60 91 225222 0 0 0
-210 -283 39 5 277955 0 0 0
788 -365 29 59 909206 0 0 0
545 -853 48 74 198221 0 0 0
525 3 24 17 211317 0 0 0
385 629 26 72 478512 0 0 0
-795 493 10 27 914812 0 0 0
-375 -812 17 71 376345 0 0 0
-376 570 24 57 297484 0 0 0
242 -265 69 1 840320 0 0 0
-346 996 102 11 784332 0 0 0
462 470 9 85 776308 0 0 0
811 -969 58 6 161030 0 0 0
103 -446 103 80 437956 0 0 0
758 832 56 81 579172 0 0 0
124 -625 42 26 130741 0 0 0
252 93 31 33 351654 0 0 0
591 462 100 91 648191 0 0 0
-309 941 66 62 525940 0 0 0
755 684 52 5 930408 0 0 0
435 184 2 32 105031 0 0 0
93 -724 75 89 675623 0 0 0
-775 -951 97 80 814786 0 0 0
-508 -343 79 18 326351 0 0 0
685 486 96 74 229956 0 0 0
897 -812 83 74 605374 0 0 0
573 -966 30 73 784317 0 0 0
804 -729 105 18 505356 0 0 0
-281 128 35 36 424318 0 0 0
712 -769 50 29 248130 0 0 0
-925 534 55 34 223554 0 0 0
-279 -333 75 59 435348 0 0 0
118 -171 10 83 983625 0 0 0
-235 276 74 51 508565 0 0 0
-158 -354 2 53 476137 0 0 0
643 898 4 70 917057 0 0 0
799 196 12 41 622307 0 0 0
503 981 65 80 839475 0 0 0
878 -778 75 47 585571 0 0 0
845 -227 39 77 500327 0 0 0
94 -419 28 9 389565 0 0 0
947 660 92 87 394285 0 0 0
683 -117 21 66 359766 0 0 0
76 323 77 18 909539 0 0 0
-48 -517 82 54 254681 0 0 0
-593 -3 58 59 697567 0 0 0
648 890 42 88 998785 0 0 0
400 127 74 58 566802 0 0 0
-252 821 92 14 512288 0 0 0
-429 290 84 29 971932 0 0 0
11 -871 9 2 351435 0 0 0
709 -968 50 55 324993 0 0 0
453 -876 63 12 897660 0 0 0
992 785 52 84 455291 0 0 0
939 165 99 58 761437 0 0 0
311 496 18 55 989756 0 0 0
-86 -794 46 53 181092 0 0 0
-216 -922 68 35 812668 0 0 0
610 -586 51 70 604580 0 0 0
-122 -298 2 63 410519 0 0 0
-564 -388 30 4 395893 0 0 0
344 -436 26 40 404322 0 0 0
373 -98 53 25 510754 0 0 0
-983 -231 29 87 116176 0 0 0
-997 -120 30 24 550981 0 0 0
52 811 104 3 784401 0 0 0
-676 -887 77 74 234819 0 0 0
-240 -852 97 20 554544 0 0 0
-908 -471 68 83 113043 0 0 0
53 -293 34 16 285527 0 0 0
129 973 32 88 136455 0 0 0
521 342 5 57 804883 0 0 0
864 -776 3 79 389676 0 0 0
848 766 5 50 227774 0 0 0
129 752 46 80 799028 0 0 0
590 840 18 27 398096 0 0 0
231 -279 103 31 192029 0 0 0
-722 -270 91 29 810567 0 0 0
108 -571 100 37 815103 0 0 0
-480 326 7 36 681463 0 0 0
-82 81 23 63 519295 0 0 0
549 -499 56 47 906347 0 0 0
-334 973 101 60 528228 0 0 0
-12 999 56 12 696855 0 0 0
-996 99 86 32 134094 0 0 0
413 92 47 15 620364 0 0 0
821 -713 86 13 506788 0 0 0
234 623 97 78 995385 0 0 0
-873 526 65 74 699722 0 0 0
-690 -484 85 64 326462 0 0 0
344 -197 12 40 375683 0 0 0
329 657 4 31 900114 0 0 0
-227 -806 44 23 321507 0 0 0
-897 -66 27 83 207435 0 0 0
323 -422 79 39 762985 0 0 0
-940 277 89 32 225582 0 0 0
944 867 83 87 492431 0 0 0
-830 -142 43 26 247465 0 0 0
238 29 5 2 297684 0 0 0
933 725 41 64 446386 0 0 0
-978 977 100 78 315622 0 0 0
-153 914 40 28 589702 0 0 0
-788 431 105 43 913485 0 0 0
-587 950 14 10 171798 0 0 0
639 648 73 18 657267 0 0 0
645 107 15 4 700308 0 0 0
-145 -691 82 33 527367 0 0 0
-441 969 91 72 526079 0 0 0
-368 -621 59 92 292454 0 0 0
-437 428 47 50 432256 0 0 0
-383 266 6 8 892085 0 0 0
-175 -364 60 8 573842 0 0 0
-543 195 78 52 997503 0 0 0
-148 31 27 29 147457 0 0 0
-38 -882 11 6 798962 0 0 0
-288 699 14 89 371078 0 0 0
322 339 72 79 937750 0 0 0
859 -335 83 11 732484 0 0 0
423 647 93 76 937811 0 0 0
461 943 72 52 686339 0 0 0
79 33 61 64 527607 0 0 0
185 576 53 27 406273 0 0 0
-800 -567 24 54 804353 0 0 0
465 -974 43 52 728313 0 0 0
261 653 102 52 758576 0 0 0
-19 -306 30 6 911002 0 0 0
-456 -483 80 10 378723 0 0 0
-998 608 58 11 155772 0 0 0
67 971 85 14 900342 0 0 0
99 126 86 14 318860 0 0 0
-753 318 91 57 292881 0 0 0
-6 -904 76 46 424387 0 0 0
-464 71 73 10 694758 0 0 0
292 -904 91 75 240898 0 0 0
809 -838 94 34 982324 0 0 0
221 560 16 61 801664 0 0 0
551 -45 87 63 309084 0 0 0
843 566 42 61 529326 0 0 0
20 -75 79 63 898425 0 0 0
-230 -752 37 56 563885 0 0 0
23 278 40 63 982201 0 0 0
-998 473 28 20 620827 0 0 0
-628 -441 9 30 511831 0 0 0
-522 -74 69 14 776092 0 0 0
347 -432 13 53 780088 0 0 0
157 -877 83 41 440840 0 0 0
549 -363 12 38 309222 0 0 0
649 0 100 76 998048 0 0 0
-371 -406 78 20 820063 0 0 0
864 566 23 65 893326 0 0 0
-892 301 51 61 169986 0 0 0
991 -128 43 73 794768 0 0 0
950 268 67 31 511530 0 0 0
618 -528 71 82 699272 0 0 0
204 967 67 7 376532 0 0 0
740 563 101 41 910090 0 0 0
971 -4 81 28 129748 0 0 0
-566 593 104 52 378485 0 0 0
-588 193 64 78 556930 0 0 0
-589 104 77 62 988009 0 0 0
-228 -46 8 55 904066 0 0 0
-538 747 63 80 736756 0 0 0
-824 -638 5 41 739487 0 0 0
-895 -123 99 46 254867 0 0 0
-724 828 40 16 791301 0 0 0
72 -999 91 45 363551 0 0 0
653 -261 3 66 677934 0 0 0
-301 -770 4 48 515124 0 0 0
22 -652 82 74 499962 0 0 0
-122 -558 75 46 846076 0 0 0
637 972 90 1 633911 0 0 0
610 654 58 18 140709 0 0 0
97 396 57 35 167025 0 0 0
-846 -949 16 83 320613 0 0 0
-604 -786 12 50 983883 0 0 0
182 493 13 13 892048 0 0 0
-829 309 61 82 612287 0 0 0
-670 -501 65 5 738461 0 0 0
293 446 66 25 156119 0 0 0
930 -584 11 4 484412 0 0 0
-673 -707 58 66 701684 0 0 0
-19 314 7 82 703402 0 0 0
-829 57 81 55 311500 0 0 0
791 288 103 59 208304 0 0 0
20 -67 78 31 569020 0 0 0
703 -163 49 7 211318 0 0 0
26 230 85 77 373222 0 0 0
488 124 92 79 428963 0 0 0
577 5 29 43 772498 0 0 0
357 531 1 26 521383 0 0 0
-249 -510 48 51 826816 0 0 0
82 -513 105 80 537274 0 0 0
312 -532 65 24 340110 0 0 0
-205 -745 45 77 745208 0 0 0
869 -999 9 7 261303 0 0 0
-450 -762 3 32 364641 0 0 0
789 -604 69 4 358599 0 0 0
515 723 60 41 876794 0 0 0
962 566 4 3 930459 0 0 0
196 -277 87 15 206512 0 0 0
143 923 67 77 927210 0 0 0
877 -522 11 47 872172 0 0 0
709 874 48 5 164556 0 0 0
550 718 77 73 528829 0 0 0
195 -136 74 17 796920 0 0 0
-683 738 90 49 153207 0 0 0
-643 483 99 7 418427 0 0 0
669 -598 65 1 561293 0 0 0
-903 248 21 36 755997 0 0 0
-779 -655 60 9 769655 0 0 0
843 132 41 29 551546 0 0 0
-887 -165 9 28 673315 0 0 0
-943 -981 51 43 882642 0 0 0
256 -195 37 92 747851 0 0 0
753 240 53 70 740457 0 0 0
556 -758 11 77 894801 0 0 0
320 570 100 85 788740 0 0 0
852 533 47 75 258786 0 0 0
14 946 20 16 841610 0 0 0
-950 27 68 36 439726 0 0 0
133 -956 105 13 168492 0 0 0
-76 608 91 27 645995 0 0 0
-206 -253 28 88 892675 0 0 0
-808 -888 4 25 743848 0 0 0
438 789 50 7 910275 0 0 0
-139 -401 98 35 581124 0 0 0
-714 949 10 85 742008 0 0 0
-596 -977 14 33 228616 0 0 0
340 -991 23 86 544603 0 0 0
-663 214 56 92 718439 0 0 0
812 943 77 12 949565 0 0 0
300 395 58 47 399260 0 0 0
-560 108 37 10 105372 0 0 0
-248 913 73 46 914158 0 0 0
682 927 80 23 968829 0 0 0
-343 -600 69 65 394420 0 0 0
736 -437 72 63 823121 0 0 0
102 -602 49 68 808945 0 0 0
-556 193 53 4 423078 0 0 0
383 -763 23 92 368503 0 0 0
743 745 105 9 723988 0 0 0
306 982 92 6 116766 0 0 0
698 275 80 60 490039 0 0 0
-427 -717 87 71 501587 0 0 0
-577 33 8 79 432546 0 0 0
120 168 31 60 904801 0 0 0
498 23 41 47 166243 0 0 0
-942 770 54 12 461190 0 0 0
-865 -885 74 15 216470 0 0 0
-759 -872 80 30 244736 0 0 0
22 -353 89 1 773889 0 0 0
-428 -970 83 10 675266 0 0 0
793 -653 53 44 460110 0 0 0
-35 276 49 68 930420 0 0 0
23 -576 33 59 330816 0 0 0
-464 -452 62 46 748731 0 0 0
394 -987 23 50 477531 0 0 0
285 896 64 64 766688 0 0 0
501 -693 90 64 960897 0 0 0
-894 -810 83 67 410389 0 0 0
702 969 62 15 746258 0 0 0
153 460 16 68 582674 0 0 0
899 -127 21 28 239869 0 0 0
500 -536 12 60 467245 0 0 0
801 -499 54 15 186374 0 0 0
-426 -30 45 68 952574 0 0 0
897 -932 26 27 587388 0 0 0
-190 112 67 8 740785 0 0 0
798 -29 89 74 254247 0 0 0
685 49 74 29 277512 0 0 0
-296 -848 56 92 339699 0 0 0
385 603 29 71 423285 0 0 0
749 -714 41 23 268358 0 0 0
993 597 52 21 181472 0 0 0
-505 -569 102 45 516659 0 0 0
387 334 48 67 429317 0 0 0
-925 -955 44 17 223633 0 0 0
351 992 72 30 349435 0 0 0
187 -94 35 13 779649 0 0 0
-637 -530 10 5 905013 0 0 0
-861 -437 42 16 285687 0 0 0
241 -404 39 70 351212 0 0 0
494 46 57 43 517158 0 0 0
638 702 66 88 447729 0 0 0
-993 842 74 5 560094 0 0 0
737 536 61 72 376765 0 0 0
-863 -820 62 66 877400 0 0 0
539 41 101 82 320932 0 0 0
435 -512 60 41 127204 0 0 0
-653 -860 15 56 390866 0 0 0
803 -886 46 60 923623 0 0 0
940 -206 63 60 765446 0 0 0
-496 -59 76 49 507598 0 0 0
215 38 91 61 859981 0 0 0
-508 -703 94 86 398483 0 0 0
912 -885 52 29 226669 0 0 0
413 340 36 53 570441 0 0 0
400 329 15 14 172092 0 0 0
232 -883 99 20 903940 0 0 0
942 -279 35 86 628665 0 0 0
-110 -387 20 49 231061 0 0 0
75 -890 42 13 568782 0 0 0
807 -359 101 76 208638 0 0 0
-928 -965 56 4 777963 0 0 0
-114 -253 7 51 425632 0 0 0
301 705 60 41 941780 0 0 0
352 685 73 74 317322 0 0 0
149 676 47 42 747384 0 0 0
-589 762 84 58 617156 0 0 0
-487 292 30 90 399680 0 0 0
637 601 75 31 189466 0 0 0
-135 641 79 8 331442 0 0 0
-996 -731 70 89 502376 0 0 0
126 745 8 63 235133 0 0 0
475 -520 26 81 828670 0 0 0
-593 258 64 67 184283 0 0 0
172 746 40 27 835911 0 0 0
-840 612 53 74 329957 0 0 0
-432 915 72 51 609215 0 0 0
-592 -516 66 47 492221 0 0 0
922 746 71 33 950288 0 0 0
-119 594 51 5 994615 0 0 0
-765 934 34 82 300717 0 0 0
834 -999 43 57 973871 0 0 0
-321 -459 80 55 487007 0 0 0
702 539 21 38 182738 0 0 0
29 -18 23 22 325351 0 0 0
-67 -650 80 2 292992 0 0 0
-864 -453 34 42 679107 0 0 0
302 699 103 4 170387 0 0 0
-763 130 32 39 593745 0 0 0
685 -56 14 46 140390 0 0 0
202 780 42 24 500264 0 0 0
-892 1 47 8 556258 0 0 0
496 619 19 79 803438 0 0 0
998 65 11 74 730450 0 0 0
714 138 8 71 181260 0 0 0
-596 -644 43 18 765584 0 0 0
-767 704 9 16 177643 0 0 0
936 820 86 7 967113 0 0 0
820 498 27 31 362327 0 0 0
-151 532 75 80 368004 0 0 0
-28 616 16 89 813388 0 0 0
504 -752 52 22 139547 0 0 0
993 812 42 91 608879 0 0 0
976 784 27 83 241658 0 0 0
-135 -598 31 85 417991 0 0 0
-893 -570 6 87 607289 0 0 0
364 -466 23 20 738607 0 0 0
614 -964 32 15 215651 0 0 0
605 -426 101 73 521427 0 0 0
23 -891 10 21 586409 0 0 0
715 -587 79 45 982137 0 0 0
273 21 3 70 146456 0 0 0
267 -137 96 14 745916 0 0 0
-87 725 56 53 870262 0 0 0
-709 -516 76 36 423458 0 0 0
772 -990 52 39 958589 0 0 0
340 975 54 64 984848 0 0 0
991 -398 46 8 925357 0 0 0
-105 -1000 6 53 635634 0 0 0
-356 -707 26 24 208720 0 0 0
92 -612 9 22 771256 0 0 0
536 -445 25 76 895521 0 0 0
584 534 59 78 810969 0 0 0
26 692 82 59 247794 0 0 0
206 449 105 77 886683 0 0 0
-694 511 99 86 471063 0 0 0
140 61 2 56 610610 0 0 0
881 -829 31 2 716755 0 0 0
-803 -598 28 16 859151 0 0 0
667 444 46 83 958685 0 0 0
-91 440 36 28 356884 0 0 0
766 231 92 50 572363 0 0 0
-910 287 50 3 327954 0 0 0
275 189 91 11 687736 0 0 0
936 -226 74 42 906021 0 0 0
-885 771 38 34 929308 0 0 0
-856 -626 28 16 317144 0 0 0
785 939 44 26 425832 0 0 0
904 -895 59 83 641071 0 0 0
-261 -54 4 47 953734 0 0 0
249 -227 14 8 226057 0 0 0
363 183 11 38 478910 0 0 0
856 677 103 59 985396 0 0 0
410 -882 44 32 282872 0 0 0
58 -547 99 53 423504 0 0 0
576 732 104 36 434902 0 0 0
-602 -742 48 73 193743 0 0 0
795 283 79 34 385137 0 0 0
-951 28 103 77 304484 0 0 0
867 866 4 13 988494 0 0 0
-697 801 26 35 175574 0 0 0
983 335 49 91 960496 0 0 0
328 805 44 66 896641 0 0 0
652 -981 30 84 736816 0 0 0
-78 878 57 13 347212 0 0 0
-171 178 84 71 333531 0 0 0
727 -406 57 40 696482 0 0 0
950 308 78 60 350786 0 0 0
-51 1000 63 34 910047 0 0 0
-908 -770 47 15 121416 0 0 0
-422 -83 35 31 266111 0 0 0
-241 875 98 59 180949 0 0 0
-286 -757 38 9 941923 0 0 0
326 122 45 26 990824 0 0 0
-950 -408 79 82 868105 0 0 0
793 359 4 27 970046 0 0 0
470 -399 80 82 277969 0 0 0
672 28 68 38 547479 0 0 0
-82 855 49 58 304110 0 0 0
105 641 21 63 472500 0 0 0
-103 -620 48 52 228215 0 0 0
-360 33 9 65 233018 0 0 0
468 265 95 10 932366 0 0 0
121 -603 20 53 578026 0 0 0
65 990 103 27 182385 0 0 0
-820 429 25 90 672433 0 0 0
60 714 93 46 582572 0 0 0
-411 690 44 91 486800 0 0 0
-448 -253 75 24 455465 0 0 0
628 -134 100 62 167356 0 0 0
-916 -793 74 66 503399 0 0 0
-321 -236 70 87 154528 0 0 0
-107 -151 102 48 213047 0 0 0
690 -40 101 65 857070 0 0 0
-355 -756 103 21 761072 0 0 0
525 -211 66 78 496649 0 0 0
-617 -754 8 86 952557 0 0 0
-769 651 15 28 307716 0 0 0
13 -29 85 10 213046 0 0 0
193 396 60 53 157706 0 0 0
-353 -217 90 16 600110 0 0 0
-552 357 33 86 847813 0 0 0
767 -312 26 67 719500 0 0 0
484 -545 78 13 517151 0 0 0
-226 247 69 32 916027 0 0 0
886 359 5 18 417268 0 0 0
-164 -411 28 19 945525 0 0 0
-975 279 54 52 296365 0 0 0
336 28 34 70 958332 0 0 0
513 -498 83 16 490336 0 0 0
149 -515 72 29 801381 0 0 0
-666 -609 68 34 844857 0 0 0
139 -741 48 74 207729 0 0 0
-971 945 102 48 349107 0 0 0
-168 -732 43 49 612920 0 0 0
689 4 104 87 695503 0 0 0
466 443 78 59 528659 0 0 0
-18 393 91 2 752849 0 0 0
-81 -830 32 36 428890 0 0 0
-387 2 67 75 309223 0 0 0
152 -543 44 40 629626 0 0 0
-447 -930 8 9 824059 0 0 0
981 53 67 71 899825 0 0 0
13 683 56 89 187767 0 0 0
312 940 52 39 125526 0 0 0
934 343 104 24 129268 0 0 0
-948 -175 38 75 787186 0 0 0
692 -480 10 76 282782 0 0 0
478 -603 65 25 278638 0 0 0
1 -660 100 62 111517 0 0 0
-188 18 22 34 800521 0 0 0
-197 780 13 75 900728 0 0 0
-346 -342 37 56 193308 0 0 0
858 177 67 72 517961 0 0 0
-979 -626 50 9 914579 0 0 0
-184 -85 24 59 418764 0 0 0
147 189 80 44 948274 0 0 0
-187 -59 86 36 888090 0 0 0
855 -928 8 3 308173 0 0 0
235 977 85 22 753460 0 0 0
481 941 45 16 746041 0 0 0
-757 424 70 73 339292 0 0 0
648 313 77 82 780208 0 0 0
687 901 73 77 840953 0 0 0
946 -193 41 25 133866 0 0 0
490 -76 43 58 748797 0 0 0
704 -224 15 8 913750 0 0 0
-182 -498 2 29 650520 0 0 0
-442 -237 46 38 621582 0 0 0
-266 97 48 42 896397 0 0 0
-760 -508 64 71 791754 0 0 0
938 -547 1 60 376223 0 0 0
443 474 91 22 868675 0 0 0
-181 397 50 46 463467 0 0 0
205 248 57 43 700982 0 0 0
-972 527 32 1 227689 0 0 0
-49 564 68 44 655054 0 0 0
-180 -269 18 68 834001 0 0 0
318 -861 51 6 206893 0 0 0
895 -25 66 78 818762 0 0 0
511 -382 53 22 995525 0 0 0
-664 -136 29 12 691482 0 0 0
-51 -667 98 74 934726 0 0 0
-170 -639 99 77 537844 0 0 0
765 797 61 21 767230 0 0 0
-151 -245 31 57 454947 0 0 0
411 849 74 80 373124 0 0 0
505 122 14 92 370653 0 0 0
640 -890 68 77 222138 0 0 0
361 -592 67 36 768776 0 0 0
-963 -982 17 65 584013 0 0 0
-317 414 38 17 705594 0 0 0
-793 -513 76 40 754390 0 0 0
285 677 28 92 742003 0 0 0
-557 -175 80 25 686123 0 0 0
553 -380 8 43 237735 0 0 0
774 -642 21 86 429523 0 0 0
235 -33 97 3 514991 0 0 0
-788 937 103 77 918504 0 0 0
382 -822 84 58 291340 0 0 0
359 717 81 19 991352 0 0 0
-706 986 98 76 100426 0 0 0
541 -148 67 5 291113 0 0 0
939 191 41 73 985436 0 0 0
-756 -259 1 84 384038 0 0 0
-293 455 101 28 611021 0 0 0
319 40 33 49 581515 0 0 0
718 -734 13 20 780891 0 0 0
-451 -319 30 36 662791 0 0 0
-419 941 74 28 330285 0 0 0
649 -139 1 21 361178 0 0 0
-447 -97 11 49 303985 0 0 0
433 -423 10 10 600796 0 0 0
805 -620 2 52 334840 0 0 0
462 -656 29 75 342304 0 0 0
760 -835 103 36 875207 0 0 0
696 -808 100 69 900834 0 0 0
-379 220 64 27 641604 0 0 0
-771 548 98 40 228664 0 0 0
393 -537 11 9 299249 0 0 0
-977 951 66 48 966124 0 0 0
97 -36 69 1 192882 0 0 0
249 -260 32 30 552536 0 0 0
489 608 74 27 711535 0 0 0
510 389 82 78 916977 0 0 0
-288 -155 80 30 633559 0 0 0
-647 991 8 62 678776 0 0 0
-613 -234 61 73 569786 0 0 0
86 162 34 51 217539 0 0 0
-833 -519 23 25 665534 0 0 0
789 -691 24 54 760293 0 0 0
749 911 6 79 776099 0 0 0
-823 -133 50 11 394228 0 0 0
37 -364 41 72 809508 0 0 0
-688 450 77 53 758823 0 0 0
285 309 61 49 969661 0 0 0
56 399 52 90 633903 0 0 0
354 -614 5 68 505851 0 0 0
-278 -735 89 84 750183 0 0 0
388 247 27 6 811941 0 0 0
-71 73 29 71 233439 0 0 0
-681 838 64 54 921397 0 0 0
643 591 60 4 739582 0 0 0
-814 -311 48 1 416686 0 0 0
524 804 69 14 349388 0 0 0
-818 675 59 15 371897 0 0 0
260 -794 88 82 760537 0 0 0
-404 -335 36 79 853895 0 0 0
-619 937 101 19 330888 0 0 0
384 726 51 35 968612 0 0 0
-585 277 56 37 736445 0 0 0
-824 946 91 36 950881 0 0 0
959 866 17 28 835288 0 0 0
300 319 77 58 430416 0 0 0
-472 635 30 16 531864 0 0 0
607 -352 75 80 415441 0 0 0
-70 75 76 29 892384 0 0 0
750 -966 71 39 854061 0 0 0
783 -855 18 12 862815 0 0 0
-753 840 28 44 939351 0 0 0
98 -907 99 62 957184 0 0 0
-225 983 15 19 613574 0 0 0
18 -623 98 74 950203 0 0 0
379 -217 78 50 125577 0 0 0
-562 -632 65 27 168385 0 0 0
573 -469 86 42 935503 0 0 0
63 -661 73 21 241374 0 0 0
576 403 99 23 506688 0 0 0
306 681 49 69 749975 0 0 0
-822 -929 7 32 133686 0 0 0
-94 -600 78 70 934082 0 0 0
875 392 56 25 660525 0 0 0
-492 -592 40 55 380785 0 0 0
781 -55 96 45 749182 0 0 0
-875 906 103 48 645669 0 0 0
457 33 25 71 971837 0 0 0
225 165 104 85 508710 0 0 0
869 -784 96 36 265621 0 0 0
-234 -864 81 75 468401 0 0 0
383 417 95 48 937933 0 0 0
168 -239 78 70 729500 0 0 0
-763 463 100 26 899111 0 0 0
-209 943 83 38 525926 0 0 0
-486 639 11 75 749587 0 0 0
-873 507 35 90 724607 0 0 0
-280 -263 86 82 474740 0 0 0
65 -723 23 58 709591 0 0 0
847 -238 85 58 344264 0 0 0
228 -931 52 64 915953 0 0 0
144 -461 54 15 866762 0 0 0
-774 -751 55 16 232699 0 0 0
594 -831 84 53 754196 0 0 0
344 829 47 74 442971 0 0 0
650 -11 79 23 432530 0 0 0
41 548 75 4 790465 0 0 0
614 491 4 15 189264 0 0 0
-705 36 71 25 170250 0 0 0
-622 519 66 31 579458 0 0 0
-836 -934 74 45 216580 0 0 0
-848 -558 32 58 506176 0 0 0
623 -933 97 48 902203 0 0 0
904 -239 17 49 784209 0 0 0
821 -806 98 9 862294 0 0 0
-728 -94 57 86 645310 0 0 0
579 -53 104 92 922181 0 0 0
111 569 39 76 884433 0 0 0
-99 258 92 4 636338 0 0 0
-408 706 71 34 818761 0 0 0
-988 -177 1 89 819396 0 0 0
-574 63 78 70 936833 0 0 0
860 -117 4 72 260815 0 0 0
-991 320 100 10 582920 0 0 0
930 205 68 48 333583 0 0 0
-585 -710 51 46 750723 0 0 0
-36 -909 17 84 323072 0 0 0
-341 47 54 67 685127 0 0 0
502 617 74 19 193291 0 0 0
-865 -97 104 77 290266 0 0 0
680 423 103 52 493446 0 0 0
334 -37 23 13 349018 0 0 0
586 935 22 69 656694 0 0 0
384 332 55 71 444238 0 0 0
-188 977 97 38 763076 0 0 0
473 228 58 81 224772 0 0 0
574 111 32 59 330768 0 0 0
863 -364 90 54 435636 0 0 0
423 526 13 32 628604 0 0 0
-692 324 43 9 537961 0 0 0
-40 -33 70 80 250172 0 0 0
-398 -840 28 64 438967 0 0 0
969 -989 92 18 826767 0 0 0
639 309 4 11 438807 0 0 0
579 385 40 22 107067 0 0 0
444 525 1 36 154012 0 0 0
-223 609 60 59 752136 0 0 0
-849 754 84 80 746913 0 0 0
41 18 88 15 134637 0 0 0
-259 109 63 7 109401 0 0 0
-948 52 16 38 503295 0 0 0
87 -980 83 21 218327 0 0 0
-762 783 98 21 407503 0 0 0
152 845 21 5 781231 0 0 0
-802 -25 39 17 896574 0 0 0
559 -384 95 47 268165 0 0 0
554 -85 43 19 599524 0 0 0
-640 -322 92 56 502494 0 0 0
600 203 17 34 342207 0 0 0
730 -941 104 14 169666 0 0 0
-769 883 39 42 896292 0 0 0
639 971 54 68 506235 0 0 0
102 756 76 75 130624 0 0 0
-470 -886 85 24 328056 0 0 0
415 -703 15 69 297262 0 0 0
620 254 95 6 113791 0 0 0
417 566 74 76 456944 0 0 0
307 -260 74 83 985506 0 0 0
-574 661 76 48 607810 0 0 0
104 162 50 41 905087 0 0 0
-327 -499 53 51 887979 0 0 0
-913 -513 37 30 306785 0 0 0
-717 -185 22 22 253702 0 0 0
490 179 104 21 574665 0 0 0
167 -690 27 32 822353 0 0 0
-401 -569 72 13 919457 0 0 0
542 57 95 60 165595 0 0 0
-731 -290 40 87 127754 0 0 0
297 -815 27 50 433939 0 0 0
329 -251 56 3 349625 0 0 0
689 328 2 42 795861 0 0 0
-508 -635 45 37 137513 0 0 0
-346 -555 13 44 289500 0 0 0
867 224 23 49 987282 0 0 0
-414 321 68 10 746629 0 0 0
908 21 17 31 999701 0 0 0
453 -652 54 75 576671 0 0 0
647 179 57 36 637744 0 0 0
800 832 75 73 800467 0 0 0
-960 4 91 47 967506 0 0 0
923 74 43 19 620314 0 0 0
-976 49 100 59 623143 0 0 0
820 380 66 36 476029 0 0 0
405 -700 2 81 100932 0 0 0
-3 913 11 77 419412 0 0 0
112 -321 90 81 469098 0 0 0
505 -682 49 86 473258 0 0 0
636 866 97 78 315283 0 0 0
91 -941 17 76 934771 0 0 0
-258 987 10 21 996868 0 0 0
534 432 10 27 948755 0 0 0
-460 -740 13 52 713852 0 0 0
122 813 25 61 956576 0 0 0
-404 -466 58 39 455923 0 0 0
298 267 83 19 765928 0 0 0
-372 -986 30 63 489176 0 0 0
-521 602 85 83 109444 0 0 0
-139 -620 103 37 872499 0 0 0
115 -527 76 59 267420 0 0 0
929 181 76 1 799391 0 0 0
852 627 37 27 258510 0 0 0
-135 445 80 78 563813 0 0 0
-843 335 61 27 400357 0 0 0
-371 532 90 60 589187 0 0 0
-608 990 16 51 768901 0 0 0
-167 -732 35 32 901829 0 0 0
788 -529 3 62 273088 0 0 0
386 254 98 50 495554 0 0 0
-808 -598 72 1 194100 0 0 0
945 661 87 7 496204 0 0 0
158 -26 53 30 320831 0 0 0
-278 -947 4 67 586534 0 0 0
-301 -337 40 49 915968 0 0 0
-979 -345 68 66 601258 0 0 0
584 -506 55 17 507826 0 0 0
-676 -319 64 58 870398 0 0 0
-63 205 77 13 498761 0 0 0
166 757 27 37 261778 0 0 0
696 -406 21 62 384352 0 0 0
-113 406 1 61 520971 0 0 0
341 -421 70 44 796100 0 0 0
991 -791 23 61 789434 0 0 0
696 -906 61 78 592546 0 0 0
175 117 48 7 349533 0 0 0
-506 -999 92 13 726336 0 0 0
-499 -780 100 79 547388 0 0 0
58 571 91 50 588937 0 0 0
-344 427 18 38 845679 0 0 0
311 -307 69 72 946568 0 0 0
726 368 68 87 470211 0 0 0
-434 113 12 12 474095 0 0 0
-786 390 87 35 463900 0 0 0
-607 -473 37 40 197346 0 0 0
-748 -654 13 70 347946 0 0 0
150 499 70 34 244937 0 0 0
-62 980 33 6 745922 0 0 0
603 580 82 48 861653 0 0 0
-835 -821 86 82 974865 0 0 0
376 937 11 10 388438 0 0 0
-591 1 25 7 555082 0 0 0
-169 219 55 52 225869 0 0 0
-927 -531 5 11 521514 0 0 0
-509 -676 26 23 290869 0 0 0
958 -552 9 7 666138 0 0 0
51 524 83 44 119573 0 0 0
91 998 21 47 741442 0 0 0
879 -799 69 21 842113 0 0 0
-379 -346 56 27 505291 0 0 0
-908 272 101 2 132139 0 0 0
-965 308 53 80 477395 0 0 0
190 -650 2 51 171717 0 0 0
-648 842 45 56 523708 0 0 0
794 -637 24 52 200976 0 0 0
644 -229 2 82 457954 0 0 0
437 230 4 70 937028 0 0 0
275 -278 92 80 596946 0 0 0
-824 354 55 64 781449 0 0 0
197 -896 68 11 994325 0 0 0
-954 -25 95 70 299503 0 0 0
722 333 54 30 573306 0 0 0
10 -670 76 26 912137 0 0 0
-8 -398 16 71 914176 0 0 0
80 -293 82 76 358405 0 0 0
-438 95 102 33 572563 0 0 0
668 -532 82 34 762531 0 0 0
-717 78 3 70 777741 0 0 0
15 45 34 42 850530 0 0 0
573 209 55 54 528893 0 0 0
-560 -606 30 79 261020 0 0 0
965 192 92 27 295829 0 0 0
489 45 22 84 600030 0 0 0
-364 902 33 55 397402 0 0 0
847 557 60 14 478165 0 0 0
61 700 90 13 566850 0 0 0
566 -313 15 26 657685 0 0 0
-24 -45 96 24 702829 0 0 0
-179 987 33 72 391784 0 0 0
787 -482 9 90 972929 0 0 0
-164 -742 53 86 331776 0 0 0
-162 379 17 79 474331 0 0 0
-229 742 86 23 976742 0 0 0
927 -837 91 92 181733 0 0 0
-144 -165 25 50 800381 0 0 0
-140 -807 1 3 364744 0 0 0
-625 -880 103 12 865187 0 0 0
-937 349 35 29 907485 0 0 0
-645 861 43 61 352659 0 0 0
-571 -683 102 89 430618 0 0 0
250 189 14 22 144926 0 0 0
-152 85 46 83 106948 0 0 0
-45 309 4 75 733019 0 0 0
-905 -525 8 59 100205 0 0 0
-836 -973 94 31 960232 0 0 0
950 323 73 37 904924 0 0 0
-219 -738 77 25 787259 0 0 0
132 61 72 83 232079 0 0 0
-239 -144 45 88 428094 0 0 0
964 89 53 36 944192 0 0 0
-567 418 5 4 616773 0 0 0
-118 967 71 5 499142 0 0 0
882 124 24 69 488049 0 0 0
301 650 2 48 645383 0 0 0
-458 999 32 71 539928 0 0 0
-523 116 18 42 126776 0 0 0
-43 939 86 31 777303 0 0 0
-929 440 42 29 679632 0 0 0
438 -19 28 38 689914 0 0 0
-436 537 14 84 954862 0 0 0
405 654 50 61 862051 0 0 0
185 -124 72 91 916145 0 0 0
535 813 51 45 702998 0 0 0
421 -280 40 87 143802 0 0 0
-340 -774 66 2 897257 0 0 0
-185 343 66 9 621749 0 0 0
-619 941 55 48 809137 0 0 0
730 -331 93 31 207044 0 0 0
288 53 77 71 430688 0 0 0
634 -142 61 48 344932 0 0 0
-151 401 101 2 911053 0 0 0
-40 -164 50 14 705417 0 0 0
-842 839 3 80 512102 0 0 0
683 617 5 62 803519 0 0 0
-35 881 91 89 619873 0 0 0
368 -653 80 84 132331 0 0 0
152 164 38 15 543589 0 0 0
939 -133 47 56 516389 0 0 0
742 368 82 73 759618 0 0 0
-809 -540 15 21 116956 0 0 0
290 996 35 18 355622 0 0 0
875 -925 98 26 442484 0 0 0
-595 -230 105 90 505087 0 0 0
226 -558 27 57 603168 0 0 0
271 303 101 74 678133 0 0 0
387 -317 93 81 330413 0 0 0
-484 673 60 38 400409 0 0 0
-715 374 95 61 730886 0 0 0
937 193 30 65 463667 0 0 0
-205 279 50 24 802436 0 0 0
-459 -119 54 85 642504 0 0 0
643 -68 62 14 288753 0 0 0
-380 169 33 76 334823 0 0 0
265 -830 68 29 261000 0 0 0
-958 73 96 84 430788 0 0 0
598 429 99 58 937540 0 0 0
-969 -293 59 26 794321 0 0 0
-4 -699 46 21 312585 0 0 0
-725 33 68 43 809957 0 0 0
-578 848 72 63 731178 0 0 0
-48 -430 100 6 455499 0 0 0
612 -939 51 25 109366 0 0 0
-380 -345 56 42 876508 0 0 0
-960 -738 65 21 980630 0 0 0
-310 -7 40 50 322502 0 0 0
-384 663 67 35 936081 0 0 0
-281 -563 92 76 893694 0 0 0
-292 -89 24 84 928633 0 0 0
864 815 94 86 126796 0 0 0
-620 607 12 57 593186 0 0 0
402 -479 17 80 306613 0 0 0
249 -981 103 24 770075 0 0 0
-678 296 105 66 573323 0 0 0
-30 -463 8 31 183216 0 0 0
-661 -75 51 28 762611 0 0 0
115 -873 6 61 588945 0 0 0
-790 355 41 32 219776 0 0 0
-134 -494 43 62 119655 0 0 0
495 787 76 78 415334 0 0 0
-639 575 37 45 786611 0 0 0
715 572 53 81 191010 0 0 0
-651 -270 19 58 614640 0 0 0
919 -439 15 39 314714 0 0 0
469 527 67 10 639134 0 0 0
-581 775 80 63 252505 0 0 0
221 790 48 32 493609 0 0 0
-882 317 16 55 667336 0 0 0
-589 -36 41 69 450475 0 0 0
413 805 30 34 264472 0 0 0
-298 -36 2 9 453575 0 0 0
868 526 49 43 904275 0 0 0
853 256 32 85 791926 0 0 0
31 -407 45 62 420868 0 0 0
346 737 43 70 150521 0 0 0
988 430 41 34 347694 0 0 0
656 -65 21 45 776277 0 0 0
504 -976 80 12 462574 0 0 0
-408 314 68 90 317512 0 0 0
-495 -115 70 8 273591 0 0 0
452 -328 57 43 596442 0 0 0
-101 240 20 38 637571 0 0 0
658 211 40 35 843812 0 0 0
522 762 27 31 281785 0 0 0
388 763 68 81 174013 0 0 0
203 -628 92 50 268336 0 0 0
478 473 49 3 749170 0 0 0
