100
47 -89 24 2 965409 0 0 0
68 -30 13 9 910950 0 0 0
91 -30 31 1 284502 0 0 0
-77 52 28 9 831380 0 0 0
99 22 9 5 167880 0 0 0
-83 -10 18 19 281196 0 0 0
-18 -59 29 10 686309 0 0 0
32 -44 27 16 655222 0 0 0
-71 -14 26 14 587614 0 0 0
-84 94 12 7 165534 0 0 0
-77 -75 2 6 805385 0 0 0
-24 87 21 4 136270 0 0 0
49 88 15 7 601591 0 0 0
68 -31 9 18 353895 0 0 0
-26 -18 33 20 434628 0 0 0
35 -69 8 18 184044 0 0 0
3 -4 19 2 495840 0 0 0
-33 93 12 9 529758 0 0 0
-55 -38 4 17 203800 0 0 0
-10 5 18 14 478716 0 0 0
-74 -96 25 5 795613 0 0 0
59 -84 17 5 228343 0 0 0
87 -16 7 20 264314 0 0 0
-82 -35 21 12 185372 0 0 0
13 -54 18 8 955078 0 0 0
81 -80 27 1 890921 0 0 0
56 15 4 3 107229 0 0 0
60 99 10 18 263088 0 0 0
45 -62 33 11 840960 0 0 0
16 -78 13 18 169698 0 0 0
-7 -14 8 11 441581 0 0 0
58 79 11 2 776473 0 0 0
19 54 31 14 859599 0 0 0
40 40 17 2 935686 0 0 0
20 91 20 16 641967 0 0 0
21 -1 28 7 845103 0 0 0
-9 83 23 6 199560 0 0 0
77 -76 29 11 574270 0 0 0
28 -92 30 19 795375 0 0 0
-86 79 5 14 484980 0 0 0
-58 15 7 7 818723 0 0 0
-32 55 19 4 350690 0 0 0
43 21 30 10 595797 0 0 0
-78 -28 17 16 197496 0 0 0
-92 46 16 14 954212 0 0 0
79 87 14 15 896877 0 0 0
-45 -96 9 12 654579 0 0 0
-37 91 11 3 331979 0 0 0
77 33 5 18 626811 0 0 0
-81 -59 15 14 135306 0 0 0
35 -33 26 2 743550 0 0 0
-6 76 1 16 906254 0 0 0
-26 36 33 8 297826 0 0 0
-86 10 27 2 182819 0 0 0
55 15 10 7 713210 0 0 0
66 -37 16 13 155748 0 0 0
47 -95 11 12 997801 0 0 0
69 13 15 6 291703 0 0 0
16 -94 20 9 830969 0 0 0
-58 -49 9 12 495443 0 0 0
-93 38 18 7 127930 0 0 0
-6 -89 32 5 116004 0 0 0
-41 -38 5 16 249700 0 0 0
-12 -9 24 16 125975 0 0 0
-94 -15 25 20 155927 0 0 0
-50 94 5 2 340618 0 0 0
25 -24 33 20 368189 0 0 0
-29 29 8 17 481567 0 0 0
-23 -47 9 6 407591 0 0 0
-85 31 2 9 302951 0 0 0
13 -8 15 2 215122 0 0 0
-11 -32 30 11 900894 0 0 0
22 63 26 3 412569 0 0 0
-6 -45 14 13 256719 0 0 0
-50 44 15 12 503701 0 0 0
62 -26 5 6 549414 0 0 0
-4 39 16 16 673940 0 0 0
37 -76 15 19 799761 0 0 0
-58 26 8 20 821397 0 0 0
-88 -64 10 8 433202 0 0 0
95 100 11 17 345707 0 0 0
53 -36 8 10 716256 0 0 0
-35 -33 12 15 515930 0 0 0
58 -96 19 7 814945 0 0 0
-81 -96 3 13 302516 0 0 0
-91 26 12 9 663357 0 0 0
13 82 32 15 668276 0 0 0
-48 23 18 20 531287 0 0 0
1 -68 10 1 352240 0 0 0
-47 7 7 5 693455 0 0 0
-62 -20 16 17 872257 0 0 0
42 45 19 19 436645 0 0 0
-93 -17 25 4 304873 0 0 0
12 -15 29 10 755435 0 0 0
-93 9 10 1 284101 0 0 0
33 1 9 19 579737 0 0 0
-36 -40 12 4 323515 0 0 0
85 -81 27 13 289686 0 0 0
85 56 26 14 375044 0 0 0
-93 38 15 4 124365 0 0 0
