1100
91 -800 26 100 529758 0 0 0
-580 -536 28 37 680142 0 0 0
6 -1037 35 56 204402 0 0 0
-1012 -653 35 96 630184 0 0 0
758 -729 18 21 901669 0 0 0
-652 785 75 4 282184 0 0 0
444 -181 106 68 208039 0 0 0
572 -390 101 89 606709 0 0 0
-936 521 30 47 135858 0 0 0
-585 275 76 83 347815 0 0 0
373 -966 113 44 283227 0 0 0
-993 714 19 52 894249 0 0 0
-653 135 21 76 112571 0 0 0
931 -413 67 44 619374 0 0 0
764 474 42 65 875259 0 0 0
752 485 100 15 471395 0 0 0
-979 840 93 82 955477 0 0 0
275 -897 73 35 201591 0 0 0
-870 -614 94 47 566216 0 0 0
-1091 1060 73 3 182157 0 0 0
-57 -75 101 80 217799 0 0 0
-822 -820 98 20 827355 0 0 0
39 623 34 26 395215 0 0 0
685 -603 102 7 799767 0 0 0
246 -606 36 44 781829 0 0 0
-357 -93 23 74 792851 0 0 0
-413 643 39 38 739339 0 0 0
-365 630 67 21 406459 0 0 0
538 298 36 84 422541 0 0 0
-683 -709 102 35 708356 0 0 0
471 -994 78 31 572297 0 0 0
35 1026 47 42 576417 0 0 0
-541 1001 110 94 430767 0 0 0
-395 299 56 91 978334 0 0 0
870 1085 77 17 407822 0 0 0
608 444 95 67 815411 0 0 0
94 -862 16 25 452453 0 0 0
622 -768 38 97 142364 0 0 0
721 -62 113 85 372588 0 0 0
647 -1033 2 43 558317 0 0 0
-12 -293 49 73 734522 0 0 0
102 194 5 29 755248 0 0 0
260 897 19 22 459374 0 0 0
803 533 12 39 464846 0 0 0
-468 1073 8 6 211371 0 0 0
133 688 105 1 173214 0 0 0
-143 376 41 57 614438 0 0 0
-567 466 88 54 967811 0 0 0
883 442 102 92 940857 0 0 0
-282 397 89 4 525920 0 0 0
-94 620 18 99 215645 0 0 0
846 -900 38 8 209552 0 0 0
884 -372 3 97 619284 0 0 0
364 -739 26 62 755447 0 0 0
-586 -1063 84 52 952713 0 0 0
-1034 -402 38 52 172634 0 0 0
489 -352 1 82 904902 0 0 0
561 -231 75 20 602850 0 0 0
783 -74 59 10 984828 0 0 0
140 345 102 91 640601 0 0 0
14 -261 25 81 572691 0 0 0
-1074 -467 98 100 901058 0 0 0
-607 752 7 48 265221 0 0 0
999 -508 67 87 796837 0 0 0
109 376 31 77 802261 0 0 0
-1077 -196 52 43 642587 0 0 0
419 -706 97 27 724098 0 0 0
-408 230 50 65 693845 0 0 0
429 -566 70 71 439596 0 0 0
677 420 49 48 430963 0 0 0
733 437 9 44 330184 0 0 0
-731 976 112 34 809733 0 0 0
456 -805 31 58 428060 0 0 0
399 -16 11 84 720377 0 0 0
-456 346 34 81 324549 0 0 0
-907 -14 79 55 529244 0 0 0
-462 1076 107 18 353514 0 0 0
-861 -171 110 23 215381 0 0 0
-864 -965 101 22 908203 0 0 0
-357 860 8 83 408308 0 0 0
-993 1002 66 32 608208 0 0 0
-1065 -117 91 62 988306 0 0 0
-729 712 82 38 113884 0 0 0
-759 950 23 37 696666 0 0 0
872 -187 4 78 813399 0 0 0
1036 -209 29 55 718376 0 0 0
-385 -79 89 82 269153 0 0 0
-792 89 53 34 986108 0 0 0
212 820 22 80 300679 0 0 0
1022 -1089 41 86 833569 0 0 0
-779 25 16 96 448699 0 0 0
128 -867 81 26 384003 0 0 0
207 164 45 62 974155 0 0 0
-556 -857 68 71 946401 0 0 0
-545 198 2 46 682665 0 0 0
-1045 205 87 41 550826 0 0 0
594 372 84 56 109844 0 0 0
670 1075 72 36 171508 0 0 0
270 -417 28 26 828337 0 0 0
-456 163 15 43 915445 0 0 0
-296 503 21 51 763681 0 0 0
264 330 7 98 167478 0 0 0
86 -705 74 13 947025 0 0 0
-407 997 54 47 645479 0 0 0
-113 701 80 66 699042 0 0 0
-512 669 83 68 730449 0 0 0
703 -860 30 44 241949 0 0 0
444 -651 52 36 609778 0 0 0
-779 1028 6 6 281910 0 0 0
-477 -83 3 3 317221 0 0 0
80 -1058 14 90 161302 0 0 0
-1068 160 78 98 933450 0 0 0
-391 -588 104 24 209507 0 0 0
327 550 8 88 950496 0 0 0
669 542 23 2 886952 0 0 0
-601 -975 98 25 996291 0 0 0
-820 578 69 76 197788 0 0 0
884 -414 81 49 861456 0 0 0
1034 -782 56 37 560673 0 0 0
135 398 46 8 633301 0 0 0
304 559 55 80 941967 0 0 0
1064 703 71 39 297606 0 0 0
62 -996 19 79 577935 0 0 0
-128 -1077 58 99 733898 0 0 0
769 -973 36 98 899023 0 0 0
-669 110 49 14 309946 0 0 0
-986 -90 66 57 507816 0 0 0
613 -504 13 39 324520 0 0 0
473 203 24 59 940565 0 0 0
-466 -356 28 82 143752 0 0 0
-958 287 19 7 579694 0 0 0
-147 959 54 97 426068 0 0 0
776 -1061 6 49 624809 0 0 0
260 -54 34 65 553440 0 0 0
-493 141 67 9 992642 0 0 0
-1006 -702 88 66 396736 0 0 0
-398 1090 51 58 266050 0 0 0
117 -559 41 72 800904 0 0 0
-209 -1077 26 19 652936 0 0 0
-735 772 90 69 878599 0 0 0
-1019 -786 9 98 819678 0 0 0
754 696 67 87 786218 0 0 0
632 -673 14 29 387862 0 0 0
551 -537 56 19 989204 0 0 0
524 -1029 30 92 195861 0 0 0
-1099 61 32 88 144592 0 0 0
364 888 85 1 640420 0 0 0
239 128 111 87 118833 0 0 0
9 -172 89 19 976843 0 0 0
955 -355 22 20 807893 0 0 0
-533 450 98 68 463673 0 0 0
-474 -437 79 86 932798 0 0 0
-820 141 7 48 869060 0 0 0
477 -629 19 7 990003 0 0 0
695 -1044 4 30 398761 0 0 0
-999 -88 76 67 791205 0 0 0
-552 -840 107 88 195935 0 0 0
-357 -918 29 92 740149 0 0 0
-297 954 87 84 501474 0 0 0
-860 761 50 82 974183 0 0 0
684 749 2 46 153908 0 0 0
514 657 112 32 605065 0 0 0
-380 324 18 16 989604 0 0 0
-886 1094 102 16 933005 0 0 0
651 1054 93 42 104460 0 0 0
-946 939 24 31 197381 0 0 0
-940 363 33 73 128173 0 0 0
-729 -36 20 33 394781 0 0 0
-138 -607 44 38 670026 0 0 0
-493 772 38 10 128485 0 0 0
366 -1025 54 74 904502 0 0 0
205 -663 51 77 567892 0 0 0
561 -330 107 11 830727 0 0 0
1050 941 22 51 824578 0 0 0
-59 -360 76 32 744827 0 0 0
148 28 72 67 888440 0 0 0
938 515 53 7 218341 0 0 0
-624 -539 107 45 521921 0 0 0
915 1026 43 60 654528 0 0 0
128 -946 31 78 950324 0 0 0
-203 531 48 99 585404 0 0 0
20 1077 40 94 132978 0 0 0
-441 -8 85 92 512736 0 0 0
-221 -186 11 41 552424 0 0 0
951 964 65 83 396221 0 0 0
340 855 26 81 803741 0 0 0
-558 221 30 57 161452 0 0 0
669 -611 105 82 921265 0 0 0
308 -801 74 6 548990 0 0 0
730 -813 75 39 704010 0 0 0
427 737 72 68 381034 0 0 0
-852 -1096 107 91 576224 0 0 0
807 -474 75 96 506527 0 0 0
768 832 73 94 827825 0 0 0
-370 -1087 92 63 524264 0 0 0
-60 31 105 95 526907 0 0 0
-441 -919 47 20 762854 0 0 0
275 232 113 51 488705 0 0 0
771 -643 35 27 315639 0 0 0
764 -68 46 46 227895 0 0 0
306 -490 10 5 997066 0 0 0
-788 98 56 1 392640 0 0 0
286 -1099 68 81 980180 0 0 0
-26 -894 10 26 160891 0 0 0
-42 584 41 42 349388 0 0 0
110 945 8 68 300340 0 0 0
-391 -682 96 23 350544 0 0 0
506 1010 6 3 894911 0 0 0
-288 -358 63 55 774251 0 0 0
-476 -250 54 67 428316 0 0 0
-1050 -3 55 22 881513 0 0 0
-825 588 51 87 335963 0 0 0
665 622 30 75 503416 0 0 0
-560 -688 112 23 198731 0 0 0
569 310 42 12 735427 0 0 0
818 -56 67 59 676419 0 0 0
-1053 82 35 52 501727 0 0 0
-134 502 74 10 997602 0 0 0
-217 -897 72 12 882743 0 0 0
-191 426 65 59 781152 0 0 0
-708 -365 111 55 447685 0 0 0
695 988 107 61 740301 0 0 0
991 248 42 100 236128 0 0 0
418 939 39 94 311823 0 0 0
774 -566 49 66 508415 0 0 0
874 180 28 84 781742 0 0 0
887 -563 54 86 418298 0 0 0
980 684 13 40 942035 0 0 0
-514 200 70 55 404192 0 0 0
510 1005 102 69 796978 0 0 0
-353 534 22 25 405372 0 0 0
-211 682 63 55 143191 0 0 0
792 869 111 98 689862 0 0 0
674 640 103 24 431853 0 0 0
1042 856 9 37 461369 0 0 0
-919 -134 96 97 361752 0 0 0
674 -623 50 52 367604 0 0 0
543 703 34 92 692084 0 0 0
510 130 64 68 724538 0 0 0
918 -830 58 90 760323 0 0 0
-369 846 96 23 784007 0 0 0
-588 -199 26 62 143711 0 0 0
856 -160 69 94 183728 0 0 0
-789 295 91 80 908677 0 0 0
894 -785 52 16 559963 0 0 0
-363 -502 59 84 510400 0 0 0
589 406 65 68 811436 0 0 0
-801 -985 2 1 135246 0 0 0
1022 773 97 78 137617 0 0 0
-488 -436 79 2 651911 0 0 0
663 -308 43 88 806685 0 0 0
-52 96 6 86 536416 0 0 0
-54 -396 98 5 470289 0 0 0
726 -294 17 89 636831 0 0 0
22 -959 39 43 845323 0 0 0
-786 1073 60 89 891276 0 0 0
75 432 28 65 480202 0 0 0
-553 983 24 27 424994 0 0 0
906 -929 65 50 646449 0 0 0
-863 -929 59 41 719296 0 0 0
-53 530 70 53 338173 0 0 0
-255 -1039 6 4 162823 0 0 0
-108 106 100 48 810097 0 0 0
387 -54 102 76 182749 0 0 0
-203 173 92 20 287955 0 0 0
681 45 12 71 245978 0 0 0
-857 419 3 91 178304 0 0 0
-666 770 94 61 563636 0 0 0
909 216 65 33 171951 0 0 0
806 553 78 55 788894 0 0 0
-1041 -297 54 95 791681 0 0 0
962 1021 82 65 769236 0 0 0
-923 -987 87 7 788684 0 0 0
-62 1099 80 97 312228 0 0 0
-980 1029 56 67 944790 0 0 0
-1086 534 43 18 726591 0 0 0
-158 687 89 10 375120 0 0 0
-555 -918 96 33 599298 0 0 0
72 -675 91 43 472705 0 0 0
170 -908 74 90 837707 0 0 0
276 -187 69 76 911515 0 0 0
-188 -325 104 25 168910 0 0 0
733 -306 63 2 902214 0 0 0
-206 215 96 88 677030 0 0 0
-567 766 44 82 820501 0 0 0
-680 674 26 36 434501 0 0 0
963 793 8 46 500795 0 0 0
-451 631 105 17 423333 0 0 0
412 855 69 30 340290 0 0 0
904 -611 40 38 810298 0 0 0
-894 -856 58 80 799630 0 0 0
865 675 34 46 512882 0 0 0
880 -309 71 10 771705 0 0 0
72 -396 97 69 843772 0 0 0
967 -260 65 70 508155 0 0 0
706 699 55 59 606777 0 0 0
478 -461 105 91 549239 0 0 0
-979 -719 39 37 868121 0 0 0
136 490 11 71 394226 0 0 0
-686 -253 46 26 538112 0 0 0
-289 721 24 14 870068 0 0 0
-122 1053 67 10 490730 0 0 0
-180 -877 22 45 891106 0 0 0
-883 563 76 56 220803 0 0 0
78 -25 109 37 707550 0 0 0
779 472 27 85 984161 0 0 0
-176 -297 98 64 462158 0 0 0
474 257 40 48 341000 0 0 0
-1085 1013 84 18 306592 0 0 0
1088 318 20 75 623735 0 0 0
-194 996 65 57 411572 0 0 0
910 38 6 48 675440 0 0 0
-58 -301 50 35 665830 0 0 0
1015 -100 31 99 858062 0 0 0
894 -131 80 16 116997 0 0 0
67 -1014 11 50 786516 0 0 0
221 1030 14 25 161463 0 0 0
661 -858 34 84 841237 0 0 0
-1048 420 53 96 785691 0 0 0
248 -807 85 87 396875 0 0 0
-1084 -1015 96 37 475476 0 0 0
589 -931 86 62 802514 0 0 0
-1023 -814 94 76 250494 0 0 0
-826 853 86 39 183946 0 0 0
-1009 563 63 53 360680 0 0 0
835 883 56 23 952406 0 0 0
1042 -446 48 83 590838 0 0 0
422 -773 53 1 358898 0 0 0
898 -22 52 87 367917 0 0 0
-432 841 22 9 387460 0 0 0
-854 886 63 29 451267 0 0 0
-224 611 65 13 849903 0 0 0
-916 -58 17 5 138217 0 0 0
901 -545 109 28 145487 0 0 0
462 366 49 24 874871 0 0 0
-830 895 97 58 132442 0 0 0
190 302 46 70 320122 0 0 0
-569 -775 26 74 855914 0 0 0
1010 1082 54 5 706187 0 0 0
212 131 113 7 269411 0 0 0
17 -99 43 3 771415 0 0 0
-690 919 99 43 544173 0 0 0
-816 -1078 38 48 715735 0 0 0
494 -438 27 75 582142 0 0 0
-322 -819 90 82 612294 0 0 0
-612 -817 58 4 836549 0 0 0
-342 -424 85 36 282101 0 0 0
-1035 947 50 80 501606 0 0 0
708 -298 16 65 331819 0 0 0
206 90 68 14 222817 0 0 0
623 762 54 23 798159 0 0 0
451 -1073 106 7 362769 0 0 0
58 815 20 98 694291 0 0 0
469 -926 1 15 837935 0 0 0
745 902 58 94 968459 0 0 0
240 622 55 26 713697 0 0 0
517 957 62 61 850486 0 0 0
-481 772 97 96 871755 0 0 0
400 -938 44 25 337971 0 0 0
-722 227 52 29 499494 0 0 0
-449 36 59 63 896038 0 0 0
-320 -1 29 95 185992 0 0 0
-1052 358 73 17 499328 0 0 0
165 -1065 94 96 535859 0 0 0
-58 571 19 71 986525 0 0 0
-491 396 60 93 582498 0 0 0
-490 -357 52 36 778380 0 0 0
952 464 80 40 319181 0 0 0
845 -114 52 16 656341 0 0 0
-573 -479 37 37 813034 0 0 0
-292 -790 91 75 320091 0 0 0
-543 -971 65 9 533194 0 0 0
223 -291 106 69 766758 0 0 0
593 -887 57 75 670602 0 0 0
38 -277 111 5 367439 0 0 0
-35 -822 46 59 330629 0 0 0
-150 -348 90 39 417309 0 0 0
-654 419 81 13 273380 0 0 0
1096 -1042 27 54 370540 0 0 0
-638 -875 105 89 583790 0 0 0
-878 911 39 4 834442 0 0 0
700 609 110 65 947169 0 0 0
135 -720 47 44 602213 0 0 0
-684 -1057 63 85 153171 0 0 0
946 76 64 62 835317 0 0 0
1064 -85 102 40 321995 0 0 0
-726 949 79 41 195281 0 0 0
-969 891 67 22 522399 0 0 0
-634 -232 39 18 212847 0 0 0
696 551 32 37 172398 0 0 0
482 -164 80 45 184239 0 0 0
255 -173 100 12 901027 0 0 0
-673 61 90 7 618497 0 0 0
-459 -878 96 89 511910 0 0 0
840 -940 36 76 897904 0 0 0
-297 865 8 42 125136 0 0 0
-827 -330 56 62 905560 0 0 0
145 -594 78 44 164983 0 0 0
908 345 30 74 434958 0 0 0
-1001 -944 68 59 875563 0 0 0
-299 719 78 90 127941 0 0 0
374 -1050 54 47 319991 0 0 0
-646 -446 67 27 225381 0 0 0
-416 -220 67 11 788123 0 0 0
492 -808 35 49 105461 0 0 0
1086 738 106 38 228757 0 0 0
-122 -903 35 99 473850 0 0 0
-550 -929 104 21 957838 0 0 0
-844 351 47 76 166413 0 0 0
-974 518 17 69 677533 0 0 0
502 93 71 52 781222 0 0 0
-850 -611 10 77 363840 0 0 0
585 72 49 45 144191 0 0 0
678 -313 104 42 340152 0 0 0
1093 -799 44 50 328941 0 0 0
579 -1090 13 12 122424 0 0 0
-440 242 65 79 506382 0 0 0
-898 -345 18 82 426861 0 0 0
-252 433 12 48 944090 0 0 0
704 52 83 78 574454 0 0 0
-137 418 102 91 284109 0 0 0
-563 541 95 85 998341 0 0 0
263 -575 42 82 921189 0 0 0
-1034 467 74 69 974542 0 0 0
-673 796 13 32 120719 0 0 0
904 -229 30 84 117990 0 0 0
-690 -44 90 58 209681 0 0 0
-140 -494 2 15 893473 0 0 0
-445 439 113 45 685813 0 0 0
672 -994 89 12 910532 0 0 0
614 -403 27 53 380959 0 0 0
-262 -975 84 58 793240 0 0 0
-749 -39 48 70 297138 0 0 0
387 82 54 63 818025 0 0 0
-294 -343 96 2 357026 0 0 0
166 -827 91 36 539419 0 0 0
793 72 19 76 793454 0 0 0
-357 -440 91 69 922308 0 0 0
-193 -286 69 15 482378 0 0 0
821 -108 56 30 745184 0 0 0
329 -740 97 93 108204 0 0 0
154 60 23 99 660577 0 0 0
182 -529 71 54 880789 0 0 0
146 368 33 23 710368 0 0 0
319 -65 82 28 205823 0 0 0
367 -761 38 77 250101 0 0 0
-801 -302 65 54 417702 0 0 0
-802 743 89 9 933698 0 0 0
964 825 76 54 587818 0 0 0
668 -887 97 22 967648 0 0 0
-448 -384 94 34 553528 0 0 0
994 -250 82 74 673238 0 0 0
254 412 21 24 343116 0 0 0
-218 -696 92 65 379391 0 0 0
-521 -1037 83 36 919352 0 0 0
678 351 14 84 672613 0 0 0
-418 -257 92 22 688956 0 0 0
976 -925 2 21 849444 0 0 0
799 -68 101 94 966428 0 0 0
234 -651 62 74 503989 0 0 0
420 36 25 93 576781 0 0 0
99 463 33 59 177766 0 0 0
11 383 108 20 149741 0 0 0
-1098 -732 54 44 472269 0 0 0
28 -707 57 76 128502 0 0 0
-438 540 88 59 743439 0 0 0
136 -676 18 81 424250 0 0 0
591 -645 34 20 917494 0 0 0
-454 529 99 90 390027 0 0 0
-437 -854 108 77 235113 0 0 0
-138 1030 103 11 449195 0 0 0
797 -564 14 53 106506 0 0 0
132 -706 13 6 998833 0 0 0
635 105 15 76 124817 0 0 0
539 -44 96 79 393347 0 0 0
706 -345 22 84 923849 0 0 0
16 809 90 35 665853 0 0 0
-386 982 48 74 913753 0 0 0
400 -627 108 21 604945 0 0 0
-361 178 18 50 961643 0 0 0
-684 -1096 112 54 456337 0 0 0
860 -263 25 93 933700 0 0 0
-755 -258 46 40 415356 0 0 0
349 496 32 27 975973 0 0 0
580 1011 36 4 227831 0 0 0
-61 196 93 45 220606 0 0 0
-803 802 30 19 353107 0 0 0
-571 -824 24 17 144255 0 0 0
-123 351 46 82 419389 0 0 0
631 -279 103 65 314497 0 0 0
-1075 -14 46 61 388199 0 0 0
945 662 88 3 431166 0 0 0
-866 -1077 60 52 439563 0 0 0
1082 -567 29 78 470262 0 0 0
-608 730 69 3 864969 0 0 0
461 13 69 97 287618 0 0 0
1091 -730 108 44 808088 0 0 0
-155 247 35 60 560644 0 0 0
453 -549 29 74 304239 0 0 0
-755 -266 17 29 850271 0 0 0
-137 -836 106 84 912590 0 0 0
-905 -311 110 42 127180 0 0 0
6 -157 40 3 971960 0 0 0
-773 -723 56 83 148372 0 0 0
-118 536 61 11 113012 0 0 0
932 605 59 12 698108 0 0 0
-829 -26 53 12 931113 0 0 0
-257 668 25 36 929332 0 0 0
-1080 235 78 2 838090 0 0 0
-1057 768 74 10 880870 0 0 0
-102 259 90 69 542053 0 0 0
882 -318 10 66 901584 0 0 0
341 1092 113 72 665162 0 0 0
-378 556 37 62 608404 0 0 0
777 633 35 22 652216 0 0 0
512 671 52 52 409089 0 0 0
666 486 36 8 956519 0 0 0
-208 313 57 11 520207 0 0 0
-32 398 27 72 196575 0 0 0
956 -111 89 89 425619 0 0 0
161 -1026 99 3 499848 0 0 0
-213 -8 22 41 670174 0 0 0
577 -296 36 31 662567 0 0 0
621 -169 48 19 870828 0 0 0
-1098 -474 40 55 692049 0 0 0
-214 -810 13 78 476792 0 0 0
-876 -864 113 86 558073 0 0 0
163 -24 40 29 198438 0 0 0
-595 -512 61 85 630562 0 0 0
-614 812 84 25 745266 0 0 0
-58 562 36 43 182287 0 0 0
520 618 2 76 725116 0 0 0
-421 463 111 31 630469 0 0 0
-95 -743 17 22 563487 0 0 0
-843 664 37 46 560639 0 0 0
826 -315 17 34 379536 0 0 0
883 608 52 64 629839 0 0 0
541 -420 67 18 797635 0 0 0
228 -24 99 27 343699 0 0 0
504 48 88 49 551120 0 0 0
343 565 63 32 604059 0 0 0
339 792 31 17 761387 0 0 0
306 -785 58 71 606816 0 0 0
553 293 74 84 623246 0 0 0
386 -186 7 89 247777 0 0 0
-375 843 34 58 901469 0 0 0
80 912 106 82 119274 0 0 0
842 -348 3 57 542378 0 0 0
459 760 6 37 674091 0 0 0
-242 -165 67 27 854538 0 0 0
990 -550 72 69 448568 0 0 0
-203 -10 79 52 791074 0 0 0
887 -519 56 18 264352 0 0 0
259 24 85 89 762540 0 0 0
-707 -114 80 99 625580 0 0 0
-737 -275 2 42 268398 0 0 0
-849 405 70 42 897721 0 0 0
-538 200 96 37 397103 0 0 0
-236 -224 27 73 117438 0 0 0
456 -4 22 97 411528 0 0 0
-416 -664 1 61 308646 0 0 0
621 -421 2 66 926863 0 0 0
-984 660 15 46 114968 0 0 0
-527 60 77 49 152305 0 0 0
-488 -566 104 46 618967 0 0 0
199 940 94 92 851282 0 0 0
-379 649 98 19 108315 0 0 0
958 -1081 3 46 768857 0 0 0
-450 -888 72 94 356601 0 0 0
452 316 27 22 852468 0 0 0
-995 -595 13 79 391806 0 0 0
320 -744 15 99 873949 0 0 0
726 -269 40 38 149229 0 0 0
-939 56 19 10 343323 0 0 0
489 -507 110 66 199321 0 0 0
-334 -838 83 29 127620 0 0 0
975 -533 87 23 264320 0 0 0
367 -626 53 9 266973 0 0 0
366 -165 72 67 490984 0 0 0
-474 -650 106 76 411716 0 0 0
-719 756 72 42 896666 0 0 0
-207 -974 32 65 380557 0 0 0
617 429 24 22 601919 0 0 0
-279 204 76 67 190667 0 0 0
-767 951 6 54 332362 0 0 0
-264 859 34 34 802160 0 0 0
-141 -960 17 84 213534 0 0 0
774 -467 98 65 632271 0 0 0
271 -583 81 67 276388 0 0 0
-801 312 29 95 152672 0 0 0
-995 -799 93 97 839990 0 0 0
-866 -980 74 52 973517 0 0 0
-896 481 33 63 706380 0 0 0
-844 560 82 48 370602 0 0 0
-132 180 63 51 929415 0 0 0
564 -949 5 95 605468 0 0 0
-2 -258 97 54 475882 0 0 0
836 -503 28 97 636223 0 0 0
989 -346 49 45 272572 0 0 0
-1068 -472 108 18 629819 0 0 0
1062 -129 24 98 775683 0 0 0
1000 1004 58 87 905522 0 0 0
-191 -404 13 42 312484 0 0 0
427 -617 25 76 900332 0 0 0
865 611 60 56 586845 0 0 0
1 848 59 16 975481 0 0 0
918 -408 104 27 360247 0 0 0
-11 -331 4 7 439094 0 0 0
-841 889 99 65 814067 0 0 0
964 154 42 79 667716 0 0 0
-41 296 20 73 823132 0 0 0
-696 -379 24 23 468599 0 0 0
-292 250 97 95 929453 0 0 0
934 1076 102 6 343732 0 0 0
490 -956 17 17 221690 0 0 0
-383 387 25 15 736190 0 0 0
129 812 14 48 906435 0 0 0
244 -1009 39 37 528909 0 0 0
526 -303 88 42 256433 0 0 0
-470 256 29 64 925590 0 0 0
771 941 32 43 301860 0 0 0
-57 615 92 82 928316 0 0 0
296 760 71 82 336883 0 0 0
660 748 62 61 669830 0 0 0
681 570 72 80 104268 0 0 0
736 994 76 49 775307 0 0 0
-607 137 33 27 343568 0 0 0
-550 -1037 84 49 493699 0 0 0
888 243 77 52 849820 0 0 0
40 806 77 29 555882 0 0 0
-341 127 88 8 458524 0 0 0
-551 193 15 34 987396 0 0 0
591 898 32 29 927280 0 0 0
-467 7 26 19 939474 0 0 0
-939 540 44 39 426386 0 0 0
219 655 79 60 672739 0 0 0
139 465 95 26 759919 0 0 0
979 -601 28 80 435028 0 0 0
613 -553 82 81 423790 0 0 0
229 -929 61 90 122917 0 0 0
-741 -871 10 66 738701 0 0 0
310 -334 61 47 723548 0 0 0
708 -399 63 34 498071 0 0 0
513 944 47 23 735555 0 0 0
257 -674 103 59 375540 0 0 0
-1053 -1042 18 70 118719 0 0 0
1099 113 78 11 376201 0 0 0
300 310 23 38 287297 0 0 0
-696 748 40 6 124283 0 0 0
61 -974 27 66 540485 0 0 0
-415 -593 84 32 748984 0 0 0
-68 363 75 96 565814 0 0 0
165 -954 88 49 887972 0 0 0
-320 138 5 26 174738 0 0 0
-534 140 105 83 806134 0 0 0
-961 -508 38 9 972996 0 0 0
854 1012 26 58 161034 0 0 0
-449 -527 9 28 992001 0 0 0
1069 -469 2 23 179545 0 0 0
75 -29 104 47 724444 0 0 0
1089 -1045 17 45 126399 0 0 0
273 60 108 89 835709 0 0 0
-224 1047 21 7 715557 0 0 0
318 -442 98 34 922391 0 0 0
105 570 27 42 102778 0 0 0
-595 -494 53 96 555110 0 0 0
241 276 8 75 700661 0 0 0
-94 93 13 15 970844 0 0 0
362 870 61 46 400377 0 0 0
-342 379 24 54 506807 0 0 0
107 -615 92 90 195947 0 0 0
-944 -460 2 60 940995 0 0 0
-222 968 54 81 639466 0 0 0
1061 -551 35 25 604931 0 0 0
1052 1077 35 6 425983 0 0 0
755 230 97 89 893139 0 0 0
-1051 -801 1 45 805641 0 0 0
-1091 -891 88 56 798755 0 0 0
758 868 76 15 646588 0 0 0
-717 82 14 21 168436 0 0 0
-1015 -809 52 53 913226 0 0 0
901 742 64 21 953719 0 0 0
-276 211 65 61 582182 0 0 0
-856 1042 50 28 349415 0 0 0
-784 -532 101 87 541081 0 0 0
705 29 60 21 673015 0 0 0
-390 -1075 76 79 869724 0 0 0
-238 326 6 55 472505 0 0 0
-251 -591 102 91 276169 0 0 0
-1070 -313 4 77 582908 0 0 0
571 317 88 50 401012 0 0 0
-210 542 57 17 346188 0 0 0
954 648 90 89 793110 0 0 0
943 461 11 56 513784 0 0 0
-353 144 91 22 380244 0 0 0
592 -534 106 25 440526 0 0 0
-364 392 30 82 263510 0 0 0
-538 -866 58 81 662912 0 0 0
-169 580 45 27 832392 0 0 0
338 -912 65 22 889503 0 0 0
-624 900 72 42 880507 0 0 0
989 -997 58 20 358288 0 0 0
341 -232 2 2 949177 0 0 0
-679 622 49 51 714740 0 0 0
9 -711 94 9 981807 0 0 0
616 -651 33 80 212115 0 0 0
416 241 63 56 349168 0 0 0
-91 767 1 11 276112 0 0 0
429 816 94 21 793527 0 0 0
553 -547 61 21 948321 0 0 0
785 -55 76 23 787583 0 0 0
270 353 70 95 555428 0 0 0
341 538 30 16 923948 0 0 0
-723 542 18 46 288150 0 0 0
-427 -588 107 13 920355 0 0 0
-596 -118 26 31 254300 0 0 0
-953 -567 63 12 163952 0 0 0
178 -782 27 51 536426 0 0 0
185 -396 109 100 536661 0 0 0
604 -614 113 96 703366 0 0 0
-162 503 96 53 933400 0 0 0
822 96 14 98 524644 0 0 0
247 -956 82 27 464367 0 0 0
150 -1032 93 60 729335 0 0 0
900 1094 64 66 750157 0 0 0
1033 350 105 56 193727 0 0 0
-47 492 32 48 633184 0 0 0
-673 612 93 31 697426 0 0 0
1025 462 22 100 175462 0 0 0
636 -703 10 100 999215 0 0 0
-330 626 46 44 409125 0 0 0
-367 331 55 31 189462 0 0 0
-765 -725 55 30 803788 0 0 0
-221 608 62 71 424756 0 0 0
20 434 62 16 142292 0 0 0
199 -525 57 31 281325 0 0 0
-618 851 107 66 489255 0 0 0
-718 1094 17 52 118163 0 0 0
193 825 65 76 753941 0 0 0
455 133 77 57 334392 0 0 0
-917 -531 89 46 899947 0 0 0
849 -677 20 44 392201 0 0 0
-352 1051 42 63 876274 0 0 0
352 -725 5 41 850843 0 0 0
-812 770 84 13 152258 0 0 0
-996 -598 82 25 703640 0 0 0
-711 330 95 2 778985 0 0 0
-750 154 34 9 157854 0 0 0
-1043 -636 93 14 462593 0 0 0
-231 -792 95 9 844809 0 0 0
-69 -512 67 2 525350 0 0 0
549 520 14 18 407851 0 0 0
-506 483 30 48 100759 0 0 0
-572 -111 45 94 156650 0 0 0
978 462 41 46 155962 0 0 0
-470 -580 101 27 958813 0 0 0
164 -1066 62 2 487308 0 0 0
273 -235 38 49 961738 0 0 0
-624 983 76 84 913538 0 0 0
792 671 49 3 548257 0 0 0
236 364 60 84 416270 0 0 0
883 -18 17 44 886820 0 0 0
-236 -729 19 52 378259 0 0 0
213 746 12 38 976255 0 0 0
976 -46 55 58 131195 0 0 0
1003 528 67 74 288253 0 0 0
-819 425 55 49 191906 0 0 0
955 -562 82 23 386097 0 0 0
745 140 51 7 731500 0 0 0
880 -277 74 25 480426 0 0 0
-619 239 113 84 812763 0 0 0
-1066 -326 69 49 189302 0 0 0
116 474 16 80 259667 0 0 0
-463 177 77 5 396556 0 0 0
709 1066 59 68 125526 0 0 0
1093 880 68 27 651951 0 0 0
349 261 16 11 770179 0 0 0
-952 -677 112 10 650782 0 0 0
-893 -53 77 72 901362 0 0 0
-20 -1026 80 95 379386 0 0 0
-341 291 17 26 957697 0 0 0
-586 7 99 30 376022 0 0 0
-99 799 36 37 881245 0 0 0
180 68 98 67 978888 0 0 0
-133 -239 100 65 668834 0 0 0
461 -823 52 8 169365 0 0 0
-680 197 102 57 767204 0 0 0
-569 -406 54 40 737453 0 0 0
-375 287 53 70 939202 0 0 0
719 -664 76 25 568801 0 0 0
6 559 31 51 960842 0 0 0
-605 -388 90 7 695315 0 0 0
1009 -227 108 44 266317 0 0 0
-351 941 29 38 864856 0 0 0
-585 -952 85 10 387516 0 0 0
-317 1086 83 93 506972 0 0 0
-564 376 27 18 889170 0 0 0
-753 -539 26 62 269181 0 0 0
-251 1064 13 4 147076 0 0 0
-758 -914 38 34 657979 0 0 0
279 -866 3 55 516444 0 0 0
503 -378 34 4 618629 0 0 0
626 405 11 23 742135 0 0 0
-686 523 56 32 684888 0 0 0
-502 -568 74 64 291989 0 0 0
-246 -415 112 84 628856 0 0 0
-367 -959 80 38 317444 0 0 0
1028 381 39 82 753414 0 0 0
-1056 391 100 84 458046 0 0 0
1089 -625 11 71 353068 0 0 0
-521 -1083 101 38 343489 0 0 0
-212 299 53 74 185438 0 0 0
516 -493 112 74 756426 0 0 0
-57 -111 1 5 933366 0 0 0
624 -1051 52 4 861596 0 0 0
-207 480 39 63 926584 0 0 0
519 805 10 74 489175 0 0 0
-756 -200 52 88 109343 0 0 0
65 142 41 30 903962 0 0 0
394 -345 33 71 140233 0 0 0
697 34 93 29 730125 0 0 0
919 -1013 103 1 961101 0 0 0
-308 -81 31 60 381015 0 0 0
-870 -891 30 35 939747 0 0 0
919 269 35 83 262946 0 0 0
-591 541 106 42 852982 0 0 0
41 991 24 63 679748 0 0 0
846 -910 65 67 325677 0 0 0
507 -542 22 54 610178 0 0 0
-703 413 96 24 804096 0 0 0
-837 -845 24 57 925666 0 0 0
-1032 531 109 94 716897 0 0 0
16 328 54 67 108109 0 0 0
94 -375 56 54 995881 0 0 0
-598 -488 49 6 589945 0 0 0
288 755 107 64 302846 0 0 0
-276 976 71 52 972113 0 0 0
470 228 10 9 470160 0 0 0
304 -886 30 2 277517 0 0 0
215 292 99 98 438803 0 0 0
689 -1029 90 61 816491 0 0 0
-398 -10 99 5 933499 0 0 0
35 -328 48 43 204505 0 0 0
989 -629 25 4 562504 0 0 0
-277 -537 79 1 157445 0 0 0
737 -657 22 46 810693 0 0 0
850 -438 37 16 162114 0 0 0
88 -330 8 25 606179 0 0 0
293 -345 46 100 443193 0 0 0
717 280 20 3 348920 0 0 0
-860 756 23 35 440460 0 0 0
-793 631 84 76 750546 0 0 0
850 -1006 55 15 232453 0 0 0
-96 364 5 36 457748 0 0 0
64 -813 79 87 520983 0 0 0
-877 -1091 71 28 204021 0 0 0
686 844 44 46 870248 0 0 0
-555 795 53 36 323389 0 0 0
-137 614 111 97 694767 0 0 0
-913 726 45 88 113948 0 0 0
624 1052 86 65 391937 0 0 0
102 174 39 44 501759 0 0 0
-563 453 26 21 866872 0 0 0
615 177 62 54 798879 0 0 0
-578 1005 8 39 174332 0 0 0
-439 270 76 48 167641 0 0 0
-120 1083 41 4 851274 0 0 0
-591 -141 85 1 751473 0 0 0
-145 743 73 61 829987 0 0 0
912 -169 5 50 696443 0 0 0
-327 982 18 48 413687 0 0 0
521 -1080 103 8 215071 0 0 0
559 -397 96 20 990869 0 0 0
972 -373 86 24 417075 0 0 0
-179 136 86 80 488396 0 0 0
-318 664 39 5 447636 0 0 0
601 -717 88 94 160813 0 0 0
-21 -493 57 10 555942 0 0 0
-818 -563 75 17 895400 0 0 0
-1076 375 57 34 822234 0 0 0
-555 342 75 11 826811 0 0 0
590 -240 15 59 867987 0 0 0
494 122 64 7 392842 0 0 0
209 178 37 29 580600 0 0 0
-102 714 9 37 657669 0 0 0
-824 112 71 98 211516 0 0 0
-909 -108 99 52 506696 0 0 0
-756 115 105 3 365901 0 0 0
-887 -468 27 50 137406 0 0 0
819 1068 109 63 576427 0 0 0
333 623 65 38 319574 0 0 0
-837 682 107 41 196751 0 0 0
-924 -279 82 70 172385 0 0 0
-126 -74 82 97 990163 0 0 0
-189 -417 51 45 425095 0 0 0
-68 -348 50 20 927597 0 0 0
1034 -724 107 68 267216 0 0 0
-1043 977 36 61 542600 0 0 0
-919 942 98 98 125593 0 0 0
-727 1052 20 55 664504 0 0 0
916 -505 109 44 253816 0 0 0
-209 294 42 30 601800 0 0 0
-385 964 73 30 632455 0 0 0
-542 -470 52 36 396535 0 0 0
-832 983 48 99 543594 0 0 0
-1087 -240 92 27 787798 0 0 0
-5 -1066 61 97 937212 0 0 0
-699 45 54 88 692261 0 0 0
-330 366 103 97 960883 0 0 0
-624 17 65 92 292807 0 0 0
-214 -475 61 48 343084 0 0 0
364 -764 6 29 900248 0 0 0
-222 -749 106 64 401667 0 0 0
830 -363 48 86 538394 0 0 0
21 271 107 10 264803 0 0 0
-570 58 1 71 656658 0 0 0
579 1039 63 42 103607 0 0 0
288 871 59 55 798115 0 0 0
-446 -432 14 82 110032 0 0 0
473 563 3 90 864942 0 0 0
1077 39 102 22 381301 0 0 0
-768 195 56 31 412941 0 0 0
236 129 33 61 143001 0 0 0
-997 -623 47 35 890100 0 0 0
-579 -969 108 90 589612 0 0 0
-565 1013 101 80 883508 0 0 0
-431 349 42 45 961527 0 0 0
-229 279 48 59 608031 0 0 0
-211 283 21 68 941014 0 0 0
298 -342 87 30 354800 0 0 0
738 -207 71 4 761536 0 0 0
238 8 7 73 996718 0 0 0
29 799 15 87 323550 0 0 0
-481 -69 10 5 881690 0 0 0
375 785 72 85 891640 0 0 0
-1053 348 87 48 431453 0 0 0
311 177 113 38 144954 0 0 0
363 -144 100 90 521596 0 0 0
-104 924 23 46 737504 0 0 0
-1059 102 41 43 167162 0 0 0
214 -614 21 21 935426 0 0 0
813 1079 92 71 272710 0 0 0
-674 -859 72 27 309650 0 0 0
-1071 239 79 69 220573 0 0 0
-662 919 113 5 536633 0 0 0
-981 282 57 64 146309 0 0 0
-666 592 22 80 271784 0 0 0
-1080 304 69 34 602519 0 0 0
99 -79 22 23 695205 0 0 0
-257 463 42 98 218337 0 0 0
-237 488 8 71 744046 0 0 0
-592 -635 98 28 480644 0 0 0
739 733 71 14 310963 0 0 0
-291 -26 88 33 557723 0 0 0
-658 -507 81 23 927655 0 0 0
-637 -181 63 100 797924 0 0 0
-692 -516 13 67 748980 0 0 0
91 569 2 58 849223 0 0 0
-22 -462 38 20 622737 0 0 0
-321 815 101 36 199178 0 0 0
-423 138 90 7 760806 0 0 0
84 438 3 66 890884 0 0 0
-281 -826 105 91 577618 0 0 0
384 -276 45 12 239527 0 0 0
608 -594 76 12 705881 0 0 0
834 -912 96 86 799021 0 0 0
-937 -443 98 89 601870 0 0 0
775 1035 1 22 382934 0 0 0
594 931 2 53 409393 0 0 0
-506 849 43 46 710557 0 0 0
250 -615 82 57 907141 0 0 0
967 750 3 72 675667 0 0 0
902 91 72 69 863855 0 0 0
341 -184 111 88 211920 0 0 0
712 -1058 84 46 210988 0 0 0
1034 584 51 65 460565 0 0 0
481 873 102 15 914172 0 0 0
161 121 79 31 393021 0 0 0
976 733 38 28 536690 0 0 0
-909 183 16 75 361495 0 0 0
890 -933 57 78 155243 0 0 0
-90 -573 73 93 857789 0 0 0
-547 556 14 92 378171 0 0 0
221 1087 14 56 700970 0 0 0
-385 991 81 59 196688 0 0 0
717 -696 3 72 662653 0 0 0
540 1030 65 87 963179 0 0 0
975 -562 65 39 755648 0 0 0
284 -313 77 33 441585 0 0 0
658 12 100 74 439355 0 0 0
102 690 103 3 516381 0 0 0
-652 471 28 39 622440 0 0 0
199 381 108 70 175244 0 0 0
78 91 89 9 667523 0 0 0
982 -913 59 69 206164 0 0 0
-98 -1063 40 41 555501 0 0 0
850 -205 52 47 684155 0 0 0
99 228 8 45 563480 0 0 0
311 -548 84 58 679462 0 0 0
568 310 101 37 876823 0 0 0
-425 475 2 9 520286 0 0 0
-1048 -502 26 47 903476 0 0 0
-654 863 78 16 615710 0 0 0
-230 -425 79 11 722176 0 0 0
519 1100 66 47 490682 0 0 0
104 -927 53 6 952689 0 0 0
1033 256 103 54 415697 0 0 0
-296 -976 20 82 364456 0 0 0
-42 604 106 31 423804 0 0 0
441 -98 27 29 669327 0 0 0
372 34 47 45 337410 0 0 0
517 603 95 40 271644 0 0 0
746 -761 27 81 812221 0 0 0
-288 1013 11 44 353038 0 0 0
-1099 637 77 32 207867 0 0 0
619 -653 111 86 621996 0 0 0
1041 -788 103 49 551005 0 0 0
409 908 43 90 753679 0 0 0
117 -338 43 94 774882 0 0 0
846 710 7 33 418805 0 0 0
-750 -181 52 72 697372 0 0 0
45 -700 84 4 971615 0 0 0
572 -700 21 84 864589 0 0 0
319 -853 32 74 213451 0 0 0
-1043 -575 81 68 225091 0 0 0
381 427 45 32 481335 0 0 0
-366 -405 5 1 620757 0 0 0
-1023 702 16 12 487200 0 0 0
-270 -41 48 55 245709 0 0 0
-513 512 75 30 846428 0 0 0
-1066 -742 7 30 638952 0 0 0
-535 753 32 87 808744 0 0 0
420 808 96 75 187216 0 0 0
775 694 51 63 209150 0 0 0
376 379 12 69 698519 0 0 0
237 824 112 95 978571 0 0 0
-509 533 37 62 672726 0 0 0
-165 1014 82 74 310618 0 0 0
-524 236 69 88 672472 0 0 0
283 -148 36 95 808767 0 0 0
-95 57 40 70 392953 0 0 0
1071 -645 13 20 360002 0 0 0
757 743 47 31 267555 0 0 0
-466 -562 88 64 194944 0 0 0
-983 517 19 23 830630 0 0 0
3 -131 9 28 490215 0 0 0
890 -36 98 9 665877 0 0 0
834 -638 45 24 404933 0 0 0
-1070 255 58 88 280692 0 0 0
-177 -954 45 27 159853 0 0 0
809 198 113 47 241084 0 0 0
744 841 42 94 598702 0 0 0
388 -418 45 90 123666 0 0 0
-642 250 33 78 762473 0 0 0
-611 -180 96 98 510477 0 0 0
-156 -961 104 18 213888 0 0 0
689 660 29 8 492800 0 0 0
366 849 24 94 617947 0 0 0
100 76 104 53 970031 0 0 0
1073 -965 33 51 197664 0 0 0
-502 -624 59 71 593009 0 0 0
642 443 56 88 302460 0 0 0
968 852 87 19 509504 0 0 0
561 243 53 5 718246 0 0 0
-122 -849 99 41 432713 0 0 0
-257 780 47 4 886000 0 0 0
-993 -56 15 7 329549 0 0 0
-203 -446 54 28 403817 0 0 0
564 -232 93 45 251956 0 0 0
-721 -435 18 91 650490 0 0 0
409 141 23 22 928069 0 0 0
-395 -154 112 69 948998 0 0 0
439 363 41 58 801570 0 0 0
-672 -544 70 72 697797 0 0 0
-20 -1086 88 82 260887 0 0 0
702 -391 40 8 934178 0 0 0
1096 788 29 37 682748 0 0 0
-33 -831 94 79 688702 0 0 0
-835 -742 28 60 725347 0 0 0
-987 -958 2 98 734172 0 0 0
540 841 9 97 609690 0 0 0
-53 -1023 78 36 546409 0 0 0
442 -292 47 8 159549 0 0 0
-470 -279 86 20 943816 0 0 0
-150 -119 10 57 527454 0 0 0
787 851 74 53 259513 0 0 0
-885 693 15 2 589779 0 0 0
97 -533 39 75 434323 0 0 0
417 -962 4 97 717605 0 0 0
-473 203 34 41 505476 0 0 0
118 -6 6 81 968139 0 0 0
95 -586 63 39 485766 0 0 0
-895 -758 46 39 779324 0 0 0
-379 582 68 19 419645 0 0 0
508 771 44 65 771753 0 0 0
-516 -398 4 93 118902 0 0 0
-307 932 41 40 391765 0 0 0
249 -360 7 2 595358 0 0 0
278 179 74 91 734853 0 0 0
258 731 78 57 765165 0 0 0
