1100
-180 -181 88 77 699368 0 0 0
-569 -2 45 69 860339 0 0 0
13 -925 41 22 447368 0 0 0
-785 51 93 87 907846 0 0 0
458 -459 104 92 437916 0 0 0
-184 724 56 11 229885 0 0 0
-964 630 2 20 955251 0 0 0
253 759 14 57 471907 0 0 0
-443 973 39 96 518646 0 0 0
392 -978 70 93 583735 0 0 0
636 107 82 10 584655 0 0 0
609 -705 28 68 202399 0 0 0
84 858 101 39 727177 0 0 0
-650 578 23 84 111160 0 0 0
-163 871 24 84 564172 0 0 0
-1057 -906 54 80 209079 0 0 0
950 -718 71 36 262644 0 0 0
-165 928 61 92 229796 0 0 0
-123 -6 29 21 558822 0 0 0
567 -118 22 57 218825 0 0 0
777 -891 91 56 606664 0 0 0
-529 -90 105 63 130256 0 0 0
10 717 31 84 254811 0 0 0
608 -188 60 89 533950 0 0 0
925 -503 74 25 575401 0 0 0
977 825 57 70 796833 0 0 0
-712 566 106 77 127527 0 0 0
120 296 108 61 685235 0 0 0
-692 61 4 93 841636 0 0 0
1065 -705 63 59 277908 0 0 0
-976 -238 7 91 279471 0 0 0
626 -123 71 75 338184 0 0 0
318 -349 109 93 255317 0 0 0
273 -900 69 32 544485 0 0 0
-486 1053 27 84 224576 0 0 0
-305 679 96 41 629294 0 0 0
-874 -714 41 75 716683 0 0 0
-398 -625 66 83 535404 0 0 0
471 966 3 84 147210 0 0 0
326 18 112 17 349989 0 0 0
907 189 67 15 830801 0 0 0
472 -734 34 99 941872 0 0 0
675 -256 40 85 141892 0 0 0
-300 220 84 26 696583 0 0 0
-692 -881 18 68 196438 0 0 0
117 545 52 64 205107 0 0 0
-33 1036 77 71 586566 0 0 0
-282 786 91 28 834047 0 0 0
-108 -457 44 21 490085 0 0 0
-952 16 96 21 569158 0 0 0
220 861 108 47 288789 0 0 0
1032 268 80 21 836876 0 0 0
-474 -823 82 30 456560 0 0 0
-154 784 4 91 412375 0 0 0
4 -173 5 43 110269 0 0 0
794 491 18 94 239181 0 0 0
-269 949 69 57 318862 0 0 0
-182 -1068 32 71 985158 0 0 0
96 -563 63 8 970327 0 0 0
-949 960 48 56 914246 0 0 0
-858 -323 24 17 595210 0 0 0
-243 -49 65 19 499903 0 0 0
-143 359 64 91 108762 0 0 0
-680 -868 13 61 873201 0 0 0
-867 -59 96 69 248196 0 0 0
-364 -329 104 53 948533 0 0 0
-290 416 22 76 613277 0 0 0
-797 -442 55 57 876551 0 0 0
-67 175 24 44 183491 0 0 0
1046 671 40 10 904250 0 0 0
559 -307 23 35 637830 0 0 0
-888 -298 64 24 591107 0 0 0
882 113 22 66 170169 0 0 0
1033 915 77 58 251311 0 0 0
759 915 19 33 503298 0 0 0
-589 1010 56 92 977399 0 0 0
-1055 -1040 12 1 816298 0 0 0
490 -966 68 36 461027 0 0 0
-294 -803 109 70 945432 0 0 0
468 -141 43 14 664565 0 0 0
-467 915 61 36 186939 0 0 0
-542 630 32 43 349009 0 0 0
-440 843 66 94 702887 0 0 0
404 -1078 64 21 748028 0 0 0
-699 -983 102 29 701260 0 0 0
-791 -841 17 68 584597 0 0 0
956 -761 55 20 342359 0 0 0
-922 585 21 24 744119 0 0 0
47 882 24 80 637742 0 0 0
-667 -453 22 51 375906 0 0 0
242 25 52 44 592906 0 0 0
-985 -996 27 38 799935 0 0 0
-411 -932 52 52 814802 0 0 0
-524 585 87 30 118369 0 0 0
-632 -580 1 95 980966 0 0 0
-116 496 51 53 130721 0 0 0
-900 978 1 9 158435 0 0 0
812 -272 7 82 159956 0 0 0
670 -176 106 76 873645 0 0 0
-320 536 5 37 903134 0 0 0
451 388 106 41 572100 0 0 0
-225 -875 15 27 688741 0 0 0
-523 -460 25 7 408626 0 0 0
121 -338 17 65 274571 0 0 0
836 -78 43 60 600491 0 0 0
1046 886 81 88 515722 0 0 0
-523 723 33 49 863116 0 0 0
-873 -511 40 38 315549 0 0 0
677 -590 26 25 477892 0 0 0
719 -1100 41 25 643528 0 0 0
326 -121 42 68 312029 0 0 0
240 894 34 87 909711 0 0 0
297 759 43 67 422536 0 0 0
-241 -703 98 97 749935 0 0 0
303 -353 39 9 464098 0 0 0
962 534 79 14 132418 0 0 0
432 -761 80 47 557746 0 0 0
681 -908 101 66 371948 0 0 0
-622 139 71 25 725371 0 0 0
-364 288 10 10 793923 0 0 0
804 261 23 29 106999 0 0 0
154 -119 95 17 545561 0 0 0
319 284 42 6 264558 0 0 0
-972 -998 96 55 798136 0 0 0
-271 975 26 45 469617 0 0 0
540 -245 78 88 364629 0 0 0
966 -108 112 86 225743 0 0 0
-98 897 13 90 730892 0 0 0
232 595 33 28 302452 0 0 0
-1087 164 25 39 296296 0 0 0
1098 -1012 69 91 604126 0 0 0
-601 -490 13 60 614283 0 0 0
374 743 97 42 414089 0 0 0
90 295 10 65 508852 0 0 0
102 945 41 55 260042 0 0 0
-621 -667 67 64 690356 0 0 0
-78 508 11 67 516567 0 0 0
372 635 96 11 306511 0 0 0
467 -951 4 45 607573 0 0 0
1068 452 18 22 579008 0 0 0
742 -404 64 18 704020 0 0 0
738 -629 36 35 725956 0 0 0
939 -985 66 57 368481 0 0 0
1085 657 108 71 999472 0 0 0
-670 -276 83 8 312763 0 0 0
407 -717 95 30 947945 0 0 0
-665 306 101 58 925096 0 0 0
-782 -212 7 54 896027 0 0 0
-1047 -3 80 61 934790 0 0 0
618 -252 81 98 953489 0 0 0
-449 885 76 96 650991 0 0 0
-494 899 88 49 589637 0 0 0
-291 -920 73 25 499752 0 0 0
-123 -831 45 56 575956 0 0 0
224 635 6 82 528054 0 0 0
-586 470 102 10 692753 0 0 0
-753 -647 81 94 238213 0 0 0
685 726 68 73 588067 0 0 0
-277 -547 83 69 861708 0 0 0
-1079 118 66 13 956728 0 0 0
-413 746 62 83 928760 0 0 0
53 748 26 98 119877 0 0 0
-70 -318 106 44 528985 0 0 0
519 37 27 15 685764 0 0 0
-31 -572 83 61 157644 0 0 0
100 887 11 95 366149 0 0 0
170 896 5 8 322879 0 0 0
-189 438 36 14 792697 0 0 0
744 287 6 6 451772 0 0 0
66 423 48 55 770691 0 0 0
850 63 28 72 478676 0 0 0
648 557 103 71 765710 0 0 0
-453 -655 2 18 921512 0 0 0
-295 608 29 50 949556 0 0 0
-814 -664 77 54 321547 0 0 0
-759 265 50 70 377529 0 0 0
172 -280 7 14 744298 0 0 0
-482 148 4 17 204017 0 0 0
-1058 -914 32 56 734969 0 0 0
466 -878 80 42 528173 0 0 0
-986 -580 67 90 642002 0 0 0
754 -285 30 64 964184 0 0 0
-132 155 15 27 955734 0 0 0
943 767 19 34 747860 0 0 0
-61 -780 40 99 759970 0 0 0
75 407 29 39 539925 0 0 0
634 -1081 97 31 839903 0 0 0
-12 1096 48 98 338989 0 0 0
861 815 60 52 705437 0 0 0
752 1091 36 95 484608 0 0 0
969 -529 43 56 228928 0 0 0
-10 -361 8 87 188799 0 0 0
-759 896 35 15 103499 0 0 0
-476 1076 101 34 616249 0 0 0
-206 55 22 83 750389 0 0 0
143 295 45 34 204120 0 0 0
891 -545 77 44 773888 0 0 0
150 -1018 31 67 395522 0 0 0
1042 762 59 100 580110 0 0 0
-439 909 9 58 586729 0 0 0
289 -955 46 8 580301 0 0 0
-743 -483 92 54 776108 0 0 0
600 -80 62 20 562319 0 0 0
0 -604 107 39 575980 0 0 0
87 -848 48 5 213835 0 0 0
789 -892 78 97 120468 0 0 0
-935 -21 62 92 303184 0 0 0
-509 580 10 23 745592 0 0 0
-1100 24 23 52 968112 0 0 0
83 -394 22 74 670628 0 0 0
-959 741 87 3 882189 0 0 0
-780 429 58 35 644690 0 0 0
-142 -813 82 89 484089 0 0 0
370 -1097 10 13 124168 0 0 0
-80 -529 73 84 572899 0 0 0
439 540 12 80 714656 0 0 0
274 -651 95 44 930009 0 0 0
-216 -6 82 13 373850 0 0 0
-347 305 69 63 992636 0 0 0
544 -1079 24 11 657014 0 0 0
629 -183 56 50 608083 0 0 0
-829 603 95 23 156630 0 0 0
887 -135 46 21 493453 0 0 0
-141 -145 7 4 755953 0 0 0
-668 -584 83 51 160605 0 0 0
529 885 40 64 610095 0 0 0
285 -575 37 98 192871 0 0 0
120 -394 32 63 237445 0 0 0
597 -1005 17 72 169131 0 0 0
696 403 69 51 811130 0 0 0
-88 144 33 12 619757 0 0 0
119 685 23 95 922195 0 0 0
-674 -70 109 21 346552 0 0 0
426 -328 23 98 543748 0 0 0
67 348 70 79 278308 0 0 0
746 1004 20 75 264786 0 0 0
1035 -878 84 76 297035 0 0 0
-985 -142 4 87 464687 0 0 0
-482 -498 54 98 556335 0 0 0
-1028 -354 41 63 943148 0 0 0
-618 605 101 97 797060 0 0 0
-368 487 5 20 339018 0 0 0
39 -317 11 88 167888 0 0 0
-347 -1042 10 5 833702 0 0 0
-1022 -874 95 40 152167 0 0 0
311 -508 44 73 633281 0 0 0
836 855 68 69 350817 0 0 0
-552 -472 96 64 159524 0 0 0
-832 988 113 43 728809 0 0 0
-80 -292 16 85 136835 0 0 0
-346 -979 8 55 551055 0 0 0
473 664 76 53 783802 0 0 0
-53 1057 67 49 579874 0 0 0
-1020 -544 98 69 669882 0 0 0
-808 66 70 29 939238 0 0 0
62 -252 66 24 662177 0 0 0
-842 -301 58 31 329336 0 0 0
-667 -496 27 84 108810 0 0 0
-80 572 30 42 335347 0 0 0
859 912 76 27 206303 0 0 0
275 -614 32 91 442577 0 0 0
-205 -176 27 46 595384 0 0 0
-830 821 48 9 617629 0 0 0
332 740 76 2 164930 0 0 0
221 -888 63 80 567011 0 0 0
-371 762 52 91 962947 0 0 0
130 -228 102 45 899309 0 0 0
670 -947 70 75 359404 0 0 0
-761 40 79 87 104114 0 0 0
221 287 64 40 880340 0 0 0
793 -450 56 47 924656 0 0 0
748 653 3 69 621679 0 0 0
404 1039 56 42 562831 0 0 0
90 748 60 12 745948 0 0 0
614 172 49 50 205913 0 0 0
476 239 5 4 256887 0 0 0
-1032 -308 80 58 676002 0 0 0
798 882 4 22 732798 0 0 0
309 -980 3 7 369658 0 0 0
-1028 428 89 27 201387 0 0 0
-555 171 39 2 223034 0 0 0
940 -58 16 33 984423 0 0 0
-510 716 19 23 653289 0 0 0
268 -716 18 42 853642 0 0 0
811 -934 101 8 642644 0 0 0
-976 722 110 87 555949 0 0 0
-869 873 48 28 385420 0 0 0
54 -909 104 33 391619 0 0 0
-213 -78 35 49 767381 0 0 0
-357 -535 50 34 166316 0 0 0
-232 195 61 48 729026 0 0 0
-1094 -867 1 54 739178 0 0 0
-865 -332 57 51 659804 0 0 0
56 1075 27 33 508700 0 0 0
-777 872 41 75 514006 0 0 0
-557 887 33 3 965421 0 0 0
783 -401 49 83 256563 0 0 0
-542 -274 75 23 987713 0 0 0
772 -49 70 7 636071 0 0 0
742 -907 65 32 907602 0 0 0
-236 546 37 30 303956 0 0 0
115 -108 66 6 322900 0 0 0
-67 1026 45 96 598660 0 0 0
-853 -986 11 98 407800 0 0 0
682 -119 106 56 185137 0 0 0
456 -763 113 90 801589 0 0 0
91 -332 107 31 160267 0 0 0
1082 547 44 27 920859 0 0 0
-1072 -197 34 22 295247 0 0 0
-946 -869 4 54 560050 0 0 0
645 948 102 18 856403 0 0 0
-267 -802 20 61 899012 0 0 0
575 727 86 27 155870 0 0 0
-193 846 95 35 137810 0 0 0
-54 5 85 32 539501 0 0 0
-594 -49 7 55 248267 0 0 0
165 -418 59 35 126568 0 0 0
393 197 84 51 360790 0 0 0
-40 -445 47 52 181193 0 0 0
-958 473 81 72 466930 0 0 0
-80 866 84 56 934105 0 0 0
1013 -59 60 36 829946 0 0 0
-495 612 98 82 246152 0 0 0
-27 951 69 55 416197 0 0 0
344 -364 110 10 785825 0 0 0
-932 123 48 82 252686 0 0 0
836 -981 62 68 364900 0 0 0
-726 210 30 53 375731 0 0 0
557 -458 88 36 931499 0 0 0
872 -700 83 87 453143 0 0 0
860 907 28 100 996580 0 0 0
1050 -488 90 29 732842 0 0 0
470 -1010 70 38 613902 0 0 0
1074 -265 71 91 459501 0 0 0
-349 814 70 8 655719 0 0 0
1010 -877 75 97 212457 0 0 0
-457 679 79 81 694343 0 0 0
-863 -249 73 58 711034 0 0 0
-462 316 50 77 944474 0 0 0
251 -843 62 82 340114 0 0 0
299 169 43 42 518818 0 0 0
210 1087 34 95 299412 0 0 0
-609 493 98 28 948488 0 0 0
-667 -465 46 53 254840 0 0 0
161 -1088 87 59 350227 0 0 0
-767 -959 48 60 255862 0 0 0
456 120 95 40 668745 0 0 0
-2 521 52 95 266573 0 0 0
32 -297 42 75 984058 0 0 0
619 862 6 99 456499 0 0 0
288 901 94 76 362666 0 0 0
1095 -1064 12 28 306837 0 0 0
-894 634 29 54 149472 0 0 0
-556 -1052 38 33 618865 0 0 0
-943 21 108 82 875590 0 0 0
782 -668 3 7 178531 0 0 0
95 -804 59 60 378855 0 0 0
207 -900 64 88 890440 0 0 0
304 -340 10 19 831987 0 0 0
96 -638 94 29 986513 0 0 0
-937 886 97 39 131509 0 0 0
952 941 22 49 377514 0 0 0
289 -629 40 88 116085 0 0 0
-420 -332 19 39 542981 0 0 0
-820 387 88 42 677863 0 0 0
-1059 555 108 100 329416 0 0 0
415 -707 98 86 951368 0 0 0
818 -512 86 72 422870 0 0 0
-623 -219 61 72 901965 0 0 0
-785 -172 40 39 508246 0 0 0
1000 524 113 4 171603 0 0 0
-391 -149 76 57 738661 0 0 0
427 -40 56 76 382258 0 0 0
-446 -1047 49 16 884430 0 0 0
-401 -733 33 63 800267 0 0 0
74 -660 71 62 984637 0 0 0
-227 369 49 60 667483 0 0 0
841 -1076 19 67 121129 0 0 0
-489 241 81 82 359513 0 0 0
-759 491 100 26 730388 0 0 0
0 -1021 13 29 725009 0 0 0
743 -920 109 21 881480 0 0 0
-19 824 6 79 923739 0 0 0
-523 -687 16 42 645110 0 0 0
432 630 36 15 956336 0 0 0
-707 -932 77 36 864908 0 0 0
-257 -260 39 53 107086 0 0 0
-486 184 19 9 716579 0 0 0
0 -549 34 82 479823 0 0 0
339 839 2 97 321563 0 0 0
984 892 90 26 333229 0 0 0
295 -722 79 71 555248 0 0 0
-326 207 22 75 382291 0 0 0
1007 862 90 4 376108 0 0 0
136 1000 5 8 786524 0 0 0
447 760 110 95 189845 0 0 0
956 555 99 81 990470 0 0 0
75 772 67 68 872720 0 0 0
-8 -446 57 74 259561 0 0 0
-821 -882 55 44 352542 0 0 0
-7 1056 47 99 319229 0 0 0
1029 -687 28 15 465383 0 0 0
642 612 49 4 363433 0 0 0
-38 -902 48 95 672442 0 0 0
-692 467 57 100 404524 0 0 0
609 -344 113 79 761522 0 0 0
-952 952 28 31 672390 0 0 0
483 -857 14 83 481651 0 0 0
928 836 107 73 808048 0 0 0
-808 -240 10 91 424967 0 0 0
826 -689 61 91 331375 0 0 0
-1095 417 113 4 279924 0 0 0
27 114 67 63 869408 0 0 0
-1001 278 52 22 848817 0 0 0
-655 770 89 73 128991 0 0 0
544 -48 31 86 584398 0 0 0
268 -400 73 29 407670 0 0 0
-641 -967 39 90 135348 0 0 0
-333 463 80 94 782536 0 0 0
-579 -45 107 22 375795 0 0 0
491 -317 34 98 782749 0 0 0
-703 -515 83 55 540823 0 0 0
-136 -1079 76 81 969234 0 0 0
-535 440 68 30 116327 0 0 0
-892 985 51 99 745667 0 0 0
-725 -862 11 96 248178 0 0 0
-173 -105 2 92 312905 0 0 0
432 -669 38 38 828147 0 0 0
159 113 57 88 223263 0 0 0
-531 -26 85 29 845880 0 0 0
670 -907 37 76 651453 0 0 0
-285 379 53 97 100350 0 0 0
984 -699 32 54 954929 0 0 0
-896 -263 109 21 269297 0 0 0
-15 190 29 10 922009 0 0 0
-614 -331 76 97 618879 0 0 0
242 1046 108 85 175619 0 0 0
1088 938 20 77 977330 0 0 0
-810 816 87 31 557224 0 0 0
-904 597 35 79 154678 0 0 0
-9 253 69 89 765837 0 0 0
-500 -297 10 59 415984 0 0 0
618 820 100 23 892179 0 0 0
-1048 -370 82 61 681378 0 0 0
-96 -10 68 4 517686 0 0 0
-494 -990 73 31 566216 0 0 0
-571 192 10 99 295477 0 0 0
935 -220 102 39 291774 0 0 0
-250 -1026 5 80 766786 0 0 0
-1074 -964 19 77 477125 0 0 0
749 79 39 59 173341 0 0 0
405 -22 21 11 664106 0 0 0
-907 -249 94 66 702193 0 0 0
918 679 98 19 730035 0 0 0
-201 -989 22 89 446142 0 0 0
-386 -267 113 13 624451 0 0 0
32 498 18 34 674405 0 0 0
-418 -533 34 63 953151 0 0 0
-1044 584 2 43 899185 0 0 0
685 -443 96 3 575822 0 0 0
728 644 98 11 609425 0 0 0
536 -396 32 72 134086 0 0 0
-827 -762 107 100 272185 0 0 0
-145 489 31 64 425179 0 0 0
807 -462 83 10 893010 0 0 0
-431 756 95 42 165585 0 0 0
-853 174 69 84 667091 0 0 0
-792 -112 50 78 453277 0 0 0
284 -52 76 24 853646 0 0 0
-918 743 42 66 438053 0 0 0
-360 18 23 72 365136 0 0 0
-88 597 95 14 639835 0 0 0
733 478 86 85 456959 0 0 0
-392 906 65 82 641313 0 0 0
916 -751 50 28 300959 0 0 0
-909 682 11 69 953310 0 0 0
151 -895 11 21 982943 0 0 0
1049 -894 16 38 835375 0 0 0
-379 729 15 88 691075 0 0 0
702 -624 27 68 503379 0 0 0
446 -275 18 66 742518 0 0 0
555 680 72 25 626516 0 0 0
942 57 84 74 682793 0 0 0
674 -318 76 94 770461 0 0 0
-176 818 36 68 246097 0 0 0
-895 79 31 58 206960 0 0 0
458 129 80 71 254239 0 0 0
50 1086 10 61 608460 0 0 0
-546 -832 26 33 901044 0 0 0
-368 61 6 60 729327 0 0 0
-111 -552 111 12 836352 0 0 0
-599 880 11 30 116188 0 0 0
-538 -245 4 17 534660 0 0 0
213 119 64 25 328290 0 0 0
-745 950 37 47 287083 0 0 0
441 219 60 49 675464 0 0 0
647 -566 110 81 674328 0 0 0
218 -182 47 56 135533 0 0 0
602 -904 23 97 570578 0 0 0
643 341 18 21 175928 0 0 0
981 -513 26 93 297677 0 0 0
1087 -527 16 43 532975 0 0 0
1054 -497 87 21 317699 0 0 0
-657 851 21 56 161612 0 0 0
716 -214 31 42 345221 0 0 0
1095 7 83 10 246934 0 0 0
-235 -734 69 75 590615 0 0 0
-29 -1013 82 84 633108 0 0 0
-732 -1006 109 28 955769 0 0 0
691 1098 108 91 938443 0 0 0
84 -1099 19 69 615153 0 0 0
-313 756 18 8 309924 0 0 0
70 -491 84 40 415018 0 0 0
-784 651 12 77 225256 0 0 0
212 1024 81 56 277414 0 0 0
-435 -4 18 81 863561 0 0 0
735 -693 60 32 638334 0 0 0
866 -122 3 41 941833 0 0 0
-248 -261 75 38 742627 0 0 0
752 150 101 7 496979 0 0 0
-150 692 50 93 400307 0 0 0
-1042 671 94 67 980272 0 0 0
-782 715 8 37 589041 0 0 0
-133 -435 2 94 471761 0 0 0
-676 892 32 29 694999 0 0 0
-877 -322 2 18 472917 0 0 0
-873 623 31 3 801934 0 0 0
-88 -445 81 60 438927 0 0 0
857 -27 20 90 387045 0 0 0
229 -567 41 50 437653 0 0 0
232 -4 46 44 372810 0 0 0
-460 -798 31 100 904456 0 0 0
661 -626 14 20 858203 0 0 0
680 -763 100 5 193277 0 0 0
-244 -801 57 99 577278 0 0 0
-449 -820 75 36 444958 0 0 0
-392 -274 2 16 723953 0 0 0
-157 641 104 70 805118 0 0 0
-509 291 33 26 207814 0 0 0
167 -75 2 8 827854 0 0 0
139 464 46 59 774141 0 0 0
1062 -61 50 48 306949 0 0 0
130 -234 23 76 360039 0 0 0
683 555 90 56 517222 0 0 0
945 -1057 95 13 100911 0 0 0
326 471 59 63 190169 0 0 0
1086 -216 106 31 294299 0 0 0
1053 424 91 15 562651 0 0 0
-452 398 45 20 122003 0 0 0
979 -1074 104 14 856001 0 0 0
487 -67 20 20 989299 0 0 0
-625 783 7 26 802708 0 0 0
351 745 66 93 311388 0 0 0
772 92 4 84 574090 0 0 0
371 1084 67 55 677965 0 0 0
21 367 5 60 418029 0 0 0
-457 725 92 72 116539 0 0 0
-732 -421 107 38 162700 0 0 0
-58 238 51 63 592471 0 0 0
-347 -32 3 12 666911 0 0 0
645 -941 80 21 334273 0 0 0
359 -342 14 14 661082 0 0 0
90 -380 62 97 772489 0 0 0
-852 -979 100 17 255802 0 0 0
-90 208 95 30 704812 0 0 0
67 31 77 21 118422 0 0 0
951 348 63 18 190231 0 0 0
-414 236 53 87 934175 0 0 0
-259 209 35 27 115710 0 0 0
660 -961 86 22 832434 0 0 0
193 239 98 79 954388 0 0 0
-890 -67 51 83 921300 0 0 0
679 -996 99 36 725854 0 0 0
649 828 77 53 349077 0 0 0
102 917 56 51 560316 0 0 0
-188 -224 92 16 758298 0 0 0
234 1043 107 60 782730 0 0 0
391 -872 83 80 590320 0 0 0
261 234 2 7 914185 0 0 0
461 -24 83 50 698411 0 0 0
-531 76 23 94 685465 0 0 0
-536 -1048 18 75 282686 0 0 0
-1052 -60 70 39 555255 0 0 0
-538 -393 105 37 717631 0 0 0
369 -850 92 21 904773 0 0 0
-611 -838 98 11 456789 0 0 0
-749 501 5 23 486014 0 0 0
-223 301 59 88 661200 0 0 0
-162 -390 97 17 379010 0 0 0
-938 -756 110 64 766591 0 0 0
202 138 36 11 611707 0 0 0
-653 -210 38 37 127617 0 0 0
617 -869 91 3 107925 0 0 0
830 186 9 78 890343 0 0 0
-472 669 59 74 917797 0 0 0
-936 -390 103 18 370301 0 0 0
947 -419 69 50 395073 0 0 0
634 -658 111 35 873839 0 0 0
26 969 37 25 608241 0 0 0
737 -386 83 3 673977 0 0 0
7 -864 71 47 324796 0 0 0
902 -93 104 9 870540 0 0 0
-74 -696 62 99 136999 0 0 0
670 986 22 54 508796 0 0 0
917 193 89 48 196940 0 0 0
-695 807 22 48 129108 0 0 0
24 274 99 33 323705 0 0 0
-1062 -298 67 52 311252 0 0 0
1069 520 47 86 857936 0 0 0
-21 160 47 24 962336 0 0 0
124 -74 88 25 619045 0 0 0
574 473 57 50 455609 0 0 0
153 -566 68 67 515682 0 0 0
984 -610 14 15 691367 0 0 0
915 -696 98 36 970315 0 0 0
-596 588 47 99 592060 0 0 0
779 1031 58 69 580115 0 0 0
-93 110 94 98 622097 0 0 0
-339 557 97 4 700773 0 0 0
327 -842 5 55 275587 0 0 0
399 303 63 79 986199 0 0 0
-508 -366 9 39 520399 0 0 0
-742 216 3 95 777198 0 0 0
-203 -68 50 34 171506 0 0 0
290 -102 23 81 984998 0 0 0
-1050 992 68 26 517501 0 0 0
-7 180 26 95 309648 0 0 0
-362 -434 45 48 292004 0 0 0
268 -867 99 53 611940 0 0 0
958 -727 90 49 723055 0 0 0
69 -246 30 11 613169 0 0 0
194 -544 71 57 898236 0 0 0
784 -558 110 95 501473 0 0 0
-920 -54 2 49 345024 0 0 0
563 -684 48 98 139155 0 0 0
-1045 -1060 45 82 511575 0 0 0
412 -865 26 60 791245 0 0 0
-986 823 84 74 118810 0 0 0
125 -176 7 96 499059 0 0 0
-838 -440 24 9 551763 0 0 0
-651 315 111 51 468111 0 0 0
817 654 94 59 630935 0 0 0
630 -247 112 28 534113 0 0 0
-250 -594 68 14 291551 0 0 0
495 -697 73 23 467114 0 0 0
-1055 377 50 77 703860 0 0 0
-252 203 66 90 131596 0 0 0
-10 -527 4 41 110538 0 0 0
154 522 56 78 335886 0 0 0
-1041 -39 96 27 343166 0 0 0
253 459 41 72 260755 0 0 0
936 446 48 35 619551 0 0 0
-1055 554 97 9 957631 0 0 0
-281 -906 69 69 560694 0 0 0
-1085 -886 42 85 649795 0 0 0
-622 907 26 96 146389 0 0 0
-1094 574 13 90 913964 0 0 0
-1024 592 1 28 498856 0 0 0
816 -568 13 87 236407 0 0 0
-216 965 11 81 254426 0 0 0
613 650 93 53 191567 0 0 0
808 -135 84 76 702899 0 0 0
-629 -216 99 12 558228 0 0 0
97 23 11 69 825341 0 0 0
657 920 90 54 543980 0 0 0
1098 1065 104 11 598259 0 0 0
593 -1050 32 64 555097 0 0 0
-451 917 24 57 211007 0 0 0
560 277 95 34 913329 0 0 0
-76 -895 63 14 678285 0 0 0
1012 -987 81 60 287911 0 0 0
-361 -60 48 18 729064 0 0 0
133 -947 38 93 181558 0 0 0
-222 -955 53 17 401315 0 0 0
673 34 90 53 988666 0 0 0
-488 342 91 59 592774 0 0 0
441 424 91 64 977777 0 0 0
199 668 46 67 121950 0 0 0
-522 168 21 59 968248 0 0 0
507 -402 26 55 399694 0 0 0
866 305 86 47 497940 0 0 0
-665 791 81 56 886735 0 0 0
724 -70 15 39 809219 0 0 0
-556 209 57 2 908387 0 0 0
-786 71 74 84 353828 0 0 0
-339 858 34 59 450938 0 0 0
-848 738 23 21 555955 0 0 0
-631 14 84 67 905556 0 0 0
-719 6 13 42 488819 0 0 0
-393 830 102 84 266411 0 0 0
-927 867 43 44 478458 0 0 0
257 -1059 54 37 344290 0 0 0
972 903 62 61 677507 0 0 0
661 852 76 25 829943 0 0 0
-314 -893 17 29 812203 0 0 0
-431 -827 86 24 846950 0 0 0
-900 -918 107 61 896485 0 0 0
806 -970 19 87 174155 0 0 0
-1005 33 74 50 557059 0 0 0
496 -331 101 26 363661 0 0 0
-1045 -365 4 10 569997 0 0 0
6 -542 19 53 614064 0 0 0
-308 405 37 60 978369 0 0 0
-255 893 6 4 759809 0 0 0
-299 156 15 81 233302 0 0 0
108 -826 2 44 701346 0 0 0
941 986 36 40 854083 0 0 0
-872 955 103 67 891716 0 0 0
446 905 96 25 254367 0 0 0
961 184 92 69 832658 0 0 0
432 81 78 17 617177 0 0 0
711 -610 14 72 295372 0 0 0
163 -550 63 22 873927 0 0 0
-190 -644 8 60 173122 0 0 0
-288 452 73 67 792683 0 0 0
-120 -234 94 60 430611 0 0 0
420 -519 14 11 556944 0 0 0
422 287 47 47 814691 0 0 0
-422 929 52 43 579990 0 0 0
918 343 89 47 168511 0 0 0
279 188 23 90 157325 0 0 0
56 1012 3 99 621566 0 0 0
-266 89 37 80 694371 0 0 0
-854 8 52 41 887930 0 0 0
-380 -313 46 32 374838 0 0 0
-630 -1024 82 16 139468 0 0 0
11 1011 9 24 477723 0 0 0
617 -102 53 12 489288 0 0 0
-1082 438 86 91 617432 0 0 0
413 725 87 81 809793 0 0 0
-227 859 49 63 220551 0 0 0
-268 -1094 13 29 756855 0 0 0
-697 863 105 34 353452 0 0 0
-252 -306 38 89 834468 0 0 0
-517 -935 31 45 553779 0 0 0
-890 252 69 38 932798 0 0 0
-735 -1040 66 75 150295 0 0 0
-58 192 76 91 614817 0 0 0
-706 1066 104 76 642808 0 0 0
-1060 -324 60 74 721793 0 0 0
973 -852 88 95 483865 0 0 0
-832 -563 109 77 693217 0 0 0
-997 809 5 97 972385 0 0 0
-598 169 3 71 848753 0 0 0
-597 23 26 53 299526 0 0 0
422 -240 26 94 274028 0 0 0
-1099 540 10 90 556228 0 0 0
-556 267 105 93 221716 0 0 0
-255 720 55 92 873273 0 0 0
-98 -597 59 21 605445 0 0 0
-861 -664 92 59 766674 0 0 0
167 -557 64 41 142549 0 0 0
-903 -1015 31 37 471133 0 0 0
-436 -935 79 43 885664 0 0 0
597 280 85 17 633618 0 0 0
-572 174 53 82 879174 0 0 0
-196 321 59 73 828772 0 0 0
475 -108 22 99 489814 0 0 0
-547 -965 2 54 236213 0 0 0
1 463 65 62 774384 0 0 0
-578 -769 51 97 503589 0 0 0
-738 947 59 8 343152 0 0 0
-753 -173 58 27 882037 0 0 0
-328 -1016 77 45 603466 0 0 0
867 207 87 93 119080 0 0 0
316 -834 63 41 510727 0 0 0
885 -443 65 13 571936 0 0 0
750 -766 51 25 210953 0 0 0
153 42 67 12 530016 0 0 0
-813 584 51 99 540426 0 0 0
56 862 39 75 524717 0 0 0
294 253 54 53 366779 0 0 0
695 -892 102 1 162887 0 0 0
1060 -298 78 39 168732 0 0 0
-498 -603 99 88 168475 0 0 0
928 194 101 80 630457 0 0 0
159 960 29 65 909366 0 0 0
-301 -1099 76 67 669586 0 0 0
34 485 14 51 358209 0 0 0
-113 -1052 14 12 135887 0 0 0
-512 696 45 39 868054 0 0 0
641 -746 34 99 911921 0 0 0
656 338 9 91 288574 0 0 0
700 921 9 61 192375 0 0 0
-926 -1030 13 43 826390 0 0 0
-969 -177 104 33 320433 0 0 0
-163 115 87 82 107390 0 0 0
409 -946 31 17 128130 0 0 0
-141 -74 84 10 103640 0 0 0
-1051 -759 50 48 733568 0 0 0
-817 848 36 82 828224 0 0 0
-47 -471 65 79 476145 0 0 0
-536 -966 14 47 730595 0 0 0
1039 -222 3 98 900514 0 0 0
271 -39 6 30 470529 0 0 0
-386 -323 103 5 793792 0 0 0
-898 427 26 61 902546 0 0 0
-542 997 37 100 777647 0 0 0
522 640 60 16 533544 0 0 0
-805 -1023 99 4 751317 0 0 0
-1009 -523 80 9 948681 0 0 0
854 -936 17 38 995592 0 0 0
-362 233 112 81 268872 0 0 0
444 208 70 73 479622 0 0 0
892 -747 22 66 325526 0 0 0
22 -58 73 53 127441 0 0 0
662 200 113 87 896233 0 0 0
409 581 61 20 495857 0 0 0
623 1090 22 57 292274 0 0 0
-587 5 51 35 371753 0 0 0
805 -260 77 26 378965 0 0 0
-670 -947 33 86 666478 0 0 0
264 546 81 91 154712 0 0 0
-436 625 109 78 873069 0 0 0
-616 475 53 1 964905 0 0 0
783 -1043 110 55 377094 0 0 0
-186 -232 59 51 591354 0 0 0
608 632 40 24 123215 0 0 0
634 -192 89 85 284262 0 0 0
-249 809 3 17 443647 0 0 0
825 -894 1 28 330256 0 0 0
770 -191 103 4 935495 0 0 0
-517 1050 96 5 990942 0 0 0
-1056 -498 96 97 103148 0 0 0
310 510 57 98 837105 0 0 0
-432 902 1 36 627890 0 0 0
82 -666 76 41 403352 0 0 0
611 -398 92 41 650545 0 0 0
-118 726 50 57 940667 0 0 0
406 -379 62 100 631622 0 0 0
-884 -724 6 16 367157 0 0 0
-535 -1036 113 73 666141 0 0 0
-488 -1001 27 66 694370 0 0 0
224 15 99 53 977884 0 0 0
968 -543 72 74 174464 0 0 0
-929 -828 25 45 278270 0 0 0
-665 -151 4 83 432815 0 0 0
-140 -781 3 21 161782 0 0 0
434 813 41 25 963374 0 0 0
-176 -1097 5 42 235770 0 0 0
487 581 73 14 819741 0 0 0
223 916 30 84 583113 0 0 0
690 999 102 8 695147 0 0 0
408 532 11 30 326758 0 0 0
-782 -358 74 70 843935 0 0 0
719 318 56 6 603640 0 0 0
-586 -498 98 28 541082 0 0 0
532 986 95 35 565110 0 0 0
417 715 104 47 831897 0 0 0
-271 -183 89 37 874761 0 0 0
1089 -986 98 7 543410 0 0 0
471 -437 93 12 592703 0 0 0
366 65 53 46 838256 0 0 0
1085 934 105 69 279250 0 0 0
853 -356 97 80 101568 0 0 0
955 -364 99 89 891756 0 0 0
-137 802 111 97 436416 0 0 0
98 403 20 16 815782 0 0 0
-413 -256 113 90 426329 0 0 0
-143 619 91 62 694868 0 0 0
703 -1043 84 81 172114 0 0 0
-999 -687 56 19 434429 0 0 0
-957 -389 52 38 803978 0 0 0
1077 -495 83 3 881628 0 0 0
-607 350 34 81 170288 0 0 0
-1090 -492 21 50 934133 0 0 0
491 864 40 21 604693 0 0 0
-505 1100 89 71 395191 0 0 0
256 761 26 12 847630 0 0 0
221 329 74 3 806303 0 0 0
-152 -205 111 5 538780 0 0 0
-569 -866 60 73 650289 0 0 0
801 -285 11 36 674063 0 0 0
-240 498 85 68 407426 0 0 0
685 -196 93 22 684466 0 0 0
-95 745 97 50 455132 0 0 0
-763 -755 90 51 768454 0 0 0
-358 -1085 86 44 783172 0 0 0
-314 176 27 78 687913 0 0 0
-232 1070 62 69 905405 0 0 0
-1090 -944 16 96 197022 0 0 0
510 -631 76 48 119543 0 0 0
557 446 52 97 265692 0 0 0
-891 1061 94 5 180518 0 0 0
-274 -260 99 73 809091 0 0 0
-214 477 98 35 510973 0 0 0
-671 590 29 83 148113 0 0 0
-839 -560 88 29 997720 0 0 0
-777 42 94 90 329075 0 0 0
-245 -957 31 87 552226 0 0 0
-1003 743 108 39 833098 0 0 0
971 -852 97 54 455783 0 0 0
-321 360 112 69 487278 0 0 0
-763 578 56 88 628146 0 0 0
-833 -752 97 63 396440 0 0 0
-159 35 3 95 815425 0 0 0
1040 269 2 89 936233 0 0 0
258 6 40 34 114188 0 0 0
-650 257 82 28 115826 0 0 0
693 543 86 25 942382 0 0 0
-526 -236 31 81 633615 0 0 0
302 -662 39 80 445564 0 0 0
688 -754 90 38 980332 0 0 0
634 -239 82 70 786176 0 0 0
456 -841 44 65 491299 0 0 0
-472 -946 60 50 581346 0 0 0
-1045 -252 30 27 856682 0 0 0
59 692 80 58 143432 0 0 0
-754 -240 66 34 760863 0 0 0
23 -959 50 93 174188 0 0 0
-53 -697 37 32 883757 0 0 0
652 637 34 73 703827 0 0 0
974 869 36 11 906749 0 0 0
1032 -1066 98 12 543487 0 0 0
769 -978 48 73 333714 0 0 0
-751 -400 87 51 280875 0 0 0
-591 565 66 10 468369 0 0 0
1013 -798 35 66 979902 0 0 0
-434 -1039 79 95 170293 0 0 0
197 -38 35 58 881344 0 0 0
463 390 3 85 138796 0 0 0
1051 -955 50 7 296945 0 0 0
-683 604 61 57 334270 0 0 0
-752 -544 61 93 174301 0 0 0
-572 -220 54 34 624659 0 0 0
449 404 10 41 612225 0 0 0
-548 405 18 32 867409 0 0 0
-512 827 10 49 427011 0 0 0
-965 181 57 1 434656 0 0 0
-397 597 51 16 546979 0 0 0
110 492 27 6 498746 0 0 0
248 -770 113 38 893359 0 0 0
-189 -410 35 46 365638 0 0 0
904 706 19 14 465818 0 0 0
-824 -827 9 91 249781 0 0 0
959 -603 29 8 266911 0 0 0
707 -1010 76 31 620776 0 0 0
854 228 101 18 832926 0 0 0
-412 -346 28 60 201019 0 0 0
300 -1002 6 21 505359 0 0 0
-407 72 75 1 381733 0 0 0
-883 963 70 33 991997 0 0 0
951 -102 9 8 214960 0 0 0
-196 -368 44 69 213975 0 0 0
-841 221 6 53 278231 0 0 0
-553 -553 105 82 190097 0 0 0
-27 697 100 100 269743 0 0 0
-735 -690 54 13 639444 0 0 0
-226 705 4 4 755604 0 0 0
276 111 44 1 606318 0 0 0
-906 -412 21 42 135986 0 0 0
-487 -656 18 42 601459 0 0 0
-592 280 101 9 233178 0 0 0
-742 -668 26 33 455547 0 0 0
969 940 7 100 872868 0 0 0
747 -798 44 9 633460 0 0 0
-854 797 29 40 217903 0 0 0
-359 -964 46 36 239378 0 0 0
-69 -1001 113 22 383807 0 0 0
-512 -552 86 87 252897 0 0 0
-900 971 52 87 372515 0 0 0
-312 -976 53 59 333867 0 0 0
369 -161 111 24 316589 0 0 0
-623 -584 61 100 940887 0 0 0
-819 -680 87 96 508193 0 0 0
332 694 65 76 254126 0 0 0
296 844 81 42 787319 0 0 0
-4 613 86 44 590508 0 0 0
904 -257 98 48 655577 0 0 0
229 -948 111 51 783610 0 0 0
506 1006 19 91 674713 0 0 0
-1013 663 56 37 769615 0 0 0
-156 -598 91 37 440554 0 0 0
-14 -2 91 47 815331 0 0 0
215 985 64 96 616452 0 0 0
-102 -1015 38 38 833347 0 0 0
786 1013 90 32 244001 0 0 0
-35 -576 16 60 334311 0 0 0
-654 251 32 74 983918 0 0 0
370 1051 36 9 987857 0 0 0
153 -76 83 42 855502 0 0 0
-209 686 26 97 978640 0 0 0
-567 -426 69 81 738690 0 0 0
-996 658 106 27 708108 0 0 0
-213 -233 48 50 581024 0 0 0
-437 160 13 75 661176 0 0 0
-802 -798 43 77 808032 0 0 0
978 873 105 70 892405 0 0 0
-990 132 25 28 811452 0 0 0
-1038 -308 23 29 514998 0 0 0
-18 -1031 92 74 225668 0 0 0
-990 -971 45 80 914462 0 0 0
1038 -509 52 46 885473 0 0 0
-108 -996 55 21 839417 0 0 0
-524 520 10 21 483264 0 0 0
-822 286 48 72 625838 0 0 0
-445 -196 21 42 185828 0 0 0
-554 -275 85 5 122755 0 0 0
-892 -392 113 33 282607 0 0 0
670 -641 101 64 925326 0 0 0
-1078 -57 91 12 930399 0 0 0
-336 932 28 17 956183 0 0 0
-884 -956 4 25 989167 0 0 0
-999 194 20 63 854143 0 0 0
-532 -201 20 54 892934 0 0 0
177 -268 70 20 756134 0 0 0
984 471 75 34 446359 0 0 0
-119 -254 53 6 716793 0 0 0
204 -1040 41 72 626601 0 0 0
730 -599 24 49 776283 0 0 0
-645 238 12 13 587017 0 0 0
231 10 87 75 584682 0 0 0
-810 580 65 64 802585 0 0 0
1043 -467 112 36 573932 0 0 0
55 -182 66 54 616006 0 0 0
769 681 13 38 310478 0 0 0
-1061 -161 99 24 237348 0 0 0
-882 -335 45 53 594970 0 0 0
88 -660 72 95 807852 0 0 0
1068 -1083 45 82 825405 0 0 0
653 -452 9 34 328192 0 0 0
-820 623 103 70 995452 0 0 0
399 -1064 85 30 967681 0 0 0
-160 -418 44 61 226505 0 0 0
308 915 63 86 806728 0 0 0
999 816 46 12 470784 0 0 0
-463 -282 39 80 643945 0 0 0
58 -965 81 5 511780 0 0 0
-898 276 44 80 471644 0 0 0
-428 1035 87 62 107485 0 0 0
-1080 899 92 87 165704 0 0 0
-547 -657 21 83 321664 0 0 0
361 -688 65 20 192874 0 0 0
204 -830 20 78 451651 0 0 0
1091 511 104 66 771054 0 0 0
-277 -613 6 41 147223 0 0 0
491 -358 59 98 766282 0 0 0
899 -695 79 91 263354 0 0 0
666 -5 29 63 281378 0 0 0
-138 -787 22 88 259126 0 0 0
-917 -818 90 60 339941 0 0 0
388 307 111 37 355468 0 0 0
-482 -123 13 68 139527 0 0 0
402 360 72 77 975600 0 0 0
-364 -922 108 20 951420 0 0 0
781 -310 112 62 559553 0 0 0
-80 370 94 16 583070 0 0 0
-239 860 38 94 159386 0 0 0
906 94 58 73 244413 0 0 0
-190 939 78 31 188200 0 0 0
-1086 542 80 4 643388 0 0 0
330 33 75 24 887004 0 0 0
165 744 18 23 584338 0 0 0
-731 -718 20 70 816555 0 0 0
-808 269 92 71 748418 0 0 0
478 -638 16 10 756659 0 0 0
1074 -74 65 41 160804 0 0 0
436 1049 26 45 295745 0 0 0
272 -328 24 30 217379 0 0 0
-147 -867 28 63 106765 0 0 0
1018 505 22 79 309428 0 0 0
-784 -756 40 10 627781 0 0 0
-1058 897 91 66 669016 0 0 0
-808 531 64 28 117384 0 0 0
1028 457 112 16 393142 0 0 0
-1019 803 53 41 838311 0 0 0
155 726 2 31 395495 0 0 0
455 -857 58 70 654650 0 0 0
-729 886 107 93 485448 0 0 0
146 651 56 64 394347 0 0 0
-934 538 44 53 249896 0 0 0
659 873 10 84 977444 0 0 0
255 -195 30 68 791462 0 0 0
38 514 108 14 979570 0 0 0
-542 -119 64 17 542024 0 0 0
340 -55 78 20 238987 0 0 0
452 -876 77 95 132118 0 0 0
-1085 110 106 94 837208 0 0 0
-364 -39 52 79 345448 0 0 0
1031 -686 16 90 717651 0 0 0
-595 562 44 94 800933 0 0 0
855 521 65 45 744841 0 0 0
-41 495 32 54 308383 0 0 0
741 -424 8 70 183534 0 0 0
-875 130 14 64 611080 0 0 0
-20 -35 89 65 230091 0 0 0
-462 722 18 50 291562 0 0 0
454 635 95 57 904803 0 0 0
-218 714 10 35 854159 0 0 0
-710 83 26 47 777402 0 0 0
376 -257 70 5 781386 0 0 0
-566 53 21 76 601804 0 0 0
833 -720 8 61 797164 0 0 0
796 -109 18 94 984862 0 0 0
154 -1069 21 1 191780 0 0 0
-444 -766 31 41 301812 0 0 0
-358 430 90 31 820336 0 0 0
996 262 105 65 996797 0 0 0
1089 -877 98 95 690730 0 0 0
1049 836 80 10 741037 0 0 0
