600
-1144 -294 114 52 379590 0 0 0
-1166 306 31 85 497177 0 0 0
432 415 34 4 407198 0 0 0
206 444 30 78 434172 0 0 0
303 79 102 51 586639 0 0 0
799 -1002 34 18 461672 0 0 0
-456 -676 22 60 173686 0 0 0
-707 -437 12 83 639866 0 0 0
-66 -58 78 21 162017 0 0 0
1119 499 61 47 598784 0 0 0
957 924 5 63 543227 0 0 0
349 1028 19 30 787589 0 0 0
901 367 34 76 541866 0 0 0
-7 308 92 60 873474 0 0 0
513 -306 47 16 162967 0 0 0
970 609 1 108 264917 0 0 0
865 1092 28 13 746232 0 0 0
819 -1156 38 6 826806 0 0 0
763 144 44 52 514899 0 0 0
701 233 104 73 341041 0 0 0
-1178 -1072 80 72 287273 0 0 0
870 703 83 100 589681 0 0 0
940 -621 91 92 105391 0 0 0
-812 -491 80 107 923485 0 0 0
206 -967 99 107 404703 0 0 0
1151 715 31 39 585526 0 0 0
-726 161 119 40 964792 0 0 0
37 1056 103 73 381612 0 0 0
-846 -1118 84 32 464382 0 0 0
193 640 118 82 207467 0 0 0
-695 -602 55 9 447725 0 0 0
-540 -445 76 39 686441 0 0 0
670 116 57 28 554021 0 0 0
-1190 -537 109 40 887024 0 0 0
-410 -1165 56 50 759103 0 0 0
413 801 83 107 647465 0 0 0
-766 -451 88 83 109052 0 0 0
-47 -744 99 24 200402 0 0 0
-880 -576 40 92 582876 0 0 0
533 -887 90 21 365683 0 0 0
389 632 32 22 368695 0 0 0
316 1069 48 95 107569 0 0 0
153 31 111 19 177749 0 0 0
-194 -482 3 32 524082 0 0 0
665 1145 92 40 881717 0 0 0
500 -175 56 78 315529 0 0 0
1194 -735 71 55 375217 0 0 0
1164 -258 83 106 902724 0 0 0
308 -21 98 22 109994 0 0 0
274 -757 14 75 358825 0 0 0
-87 1033 44 88 549167 0 0 0
-932 1158 32 38 776256 0 0 0
245 757 31 71 681248 0 0 0
-778 1150 28 70 265211 0 0 0
-607 802 64 3 745458 0 0 0
-1151 -801 15 11 617930 0 0 0
534 37 58 59 531758 0 0 0
-1104 1039 34 24 556902 0 0 0
209 -619 104 106 526170 0 0 0
-216 -816 107 75 834595 0 0 0
474 -266 16 7 839724 0 0 0
859 -615 58 75 528454 0 0 0
915 325 29 100 636920 0 0 0
-290 -1023 93 102 905354 0 0 0
-331 140 96 20 252362 0 0 0
-339 -644 75 73 621670 0 0 0
-414 -1196 13 50 882801 0 0 0
536 1157 18 94 465119 0 0 0
-317 -1089 63 97 277802 0 0 0
-1041 1039 60 98 633693 0 0 0
674 -5 108 105 536216 0 0 0
-216 -749 118 11 453074 0 0 0
-344 361 78 42 133463 0 0 0
-615 -769 3 94 694890 0 0 0
832 -266 62 78 898498 0 0 0
920 -787 84 19 344290 0 0 0
-658 -323 104 38 751300 0 0 0
-669 -588 12 26 854370 0 0 0
-879 -247 39 108 528453 0 0 0
-1056 582 42 76 517274 0 0 0
661 -476 58 93 293283 0 0 0
-949 -218 6 88 747856 0 0 0
-329 -665 112 47 272622 0 0 0
251 824 45 102 913519 0 0 0
-341 925 92 80 763058 0 0 0
-1171 436 105 64 412549 0 0 0
-157 -494 99 87 725343 0 0 0
-964 -359 31 70 652022 0 0 0
264 173 98 62 152483 0 0 0
-454 113 87 35 472787 0 0 0
-704 827 18 107 742743 0 0 0
-124 -76 112 56 332654 0 0 0
275 -1103 61 3 686822 0 0 0
-114 -837 82 82 264748 0 0 0
1006 1165 36 33 839130 0 0 0
-504 776 46 25 833472 0 0 0
-741 -483 91 19 672643 0 0 0
643 679 83 3 439333 0 0 0
1008 350 65 98 947612 0 0 0
98 -343 3 15 399573 0 0 0
751 998 12 107 507206 0 0 0
-1173 -1195 31 40 493602 0 0 0
378 309 29 37 467109 0 0 0
1195 -1163 115 98 373392 0 0 0
-320 -991 95 81 578869 0 0 0
-765 -551 50 51 144671 0 0 0
15 -1058 97 66 798488 0 0 0
-1165 -953 25 100 241759 0 0 0
117 999 107 7 928931 0 0 0
562 -886 33 9 741248 0 0 0
299 -5 96 56 856443 0 0 0
-1118 701 59 14 530562 0 0 0
38 -1079 32 23 467345 0 0 0
-932 -207 112 25 452815 0 0 0
952 710 102 90 902093 0 0 0
-880 -487 26 50 172789 0 0 0
-1191 -177 12 19 431334 0 0 0
1146 -1082 2 45 587220 0 0 0
156 -306 97 45 887733 0 0 0
-663 -614 109 90 259162 0 0 0
732 959 93 59 838321 0 0 0
505 -1095 48 105 701670 0 0 0
-802 293 74 40 541059 0 0 0
-379 1067 55 69 324829 0 0 0
141 -562 9 69 411412 0 0 0
1163 -135 2 95 587176 0 0 0
446 -168 103 62 489464 0 0 0
-814 -1053 77 47 726537 0 0 0
-1048 1156 79 17 307222 0 0 0
-786 -651 25 77 225471 0 0 0
-1199 -365 17 85 831486 0 0 0
6 744 50 61 662135 0 0 0
370 343 48 37 515189 0 0 0
75 1002 108 13 930834 0 0 0
956 968 98 4 744816 0 0 0
-496 -1023 26 20 301565 0 0 0
-23 797 19 73 885585 0 0 0
-887 210 84 98 598832 0 0 0
510 -941 79 96 328656 0 0 0
108 923 66 11 102402 0 0 0
-935 -902 110 25 938383 0 0 0
829 -218 59 105 518354 0 0 0
-860 -75 12 37 759875 0 0 0
1153 1086 49 17 702407 0 0 0
-595 1070 91 63 173078 0 0 0
370 128 59 89 427370 0 0 0
-414 99 87 95 583712 0 0 0
-995 -520 120 12 416440 0 0 0
215 -1150 15 16 435332 0 0 0
-1137 58 42 103 586903 0 0 0
619 684 87 35 665637 0 0 0
609 41 22 99 777673 0 0 0
336 912 10 24 315217 0 0 0
-100 -22 39 46 589059 0 0 0
971 1181 85 25 972012 0 0 0
-1168 -181 57 70 655500 0 0 0
98 465 81 30 397303 0 0 0
1172 -1192 31 106 808135 0 0 0
451 -1169 60 68 940723 0 0 0
-903 -281 37 3 343447 0 0 0
-76 986 97 47 188272 0 0 0
-65 -237 90 33 297864 0 0 0
693 1013 24 24 436029 0 0 0
76 332 105 5 866244 0 0 0
968 547 13 46 614995 0 0 0
1052 828 113 16 872078 0 0 0
-500 57 84 94 761359 0 0 0
-372 -902 121 100 755585 0 0 0
-278 167 90 94 854172 0 0 0
946 998 1 9 375577 0 0 0
645 643 62 14 820231 0 0 0
913 -791 75 84 633412 0 0 0
869 -601 89 87 545457 0 0 0
431 -786 44 87 840355 0 0 0
-686 -536 57 20 144758 0 0 0
-681 -1053 71 77 210803 0 0 0
-278 -757 97 107 489593 0 0 0
904 44 31 35 627769 0 0 0
-145 407 57 105 565907 0 0 0
63 1039 103 7 674465 0 0 0
2 -1133 100 29 438246 0 0 0
-177 -130 34 20 438027 0 0 0
-536 -754 100 81 802986 0 0 0
673 652 110 34 728569 0 0 0
-1057 52 19 34 143060 0 0 0
-179 945 62 77 585307 0 0 0
71 1117 48 101 321118 0 0 0
-869 323 91 96 851226 0 0 0
-959 -35 45 21 857558 0 0 0
554 369 62 61 120229 0 0 0
-627 250 91 49 544344 0 0 0
-556 -937 22 36 503256 0 0 0
1107 -810 117 75 546134 0 0 0
-130 760 89 60 678394 0 0 0
-645 165 24 105 809374 0 0 0
-335 -515 57 16 864232 0 0 0
922 -836 66 40 916093 0 0 0
402 1116 32 105 436484 0 0 0
-178 -558 4 34 875997 0 0 0
906 813 40 11 574317 0 0 0
-570 -1073 11 3 219116 0 0 0
1064 727 75 1 710708 0 0 0
864 -261 53 6 703527 0 0 0
1014 1005 66 96 659822 0 0 0
192 659 71 80 295881 0 0 0
-258 -116 63 72 644065 0 0 0
-356 1067 65 35 919887 0 0 0
-895 1040 86 84 357588 0 0 0
-501 -801 32 19 131525 0 0 0
-192 989 19 45 317126 0 0 0
-861 153 106 27 133228 0 0 0
-999 600 103 85 194083 0 0 0
694 -458 94 74 779555 0 0 0
-583 801 43 101 791683 0 0 0
96 -1200 75 69 691375 0 0 0
1088 544 61 96 112077 0 0 0
931 -752 97 14 354730 0 0 0
611 1163 65 66 698295 0 0 0
976 325 57 5 412860 0 0 0
1082 -123 68 28 418492 0 0 0
1033 -274 2 23 939703 0 0 0
-388 1174 94 62 568515 0 0 0
-1192 -406 28 74 772508 0 0 0
-920 -1094 68 67 106911 0 0 0
-440 1189 43 44 292328 0 0 0
-56 257 34 55 319304 0 0 0
119 1186 33 81 729233 0 0 0
-703 686 14 94 150575 0 0 0
-972 -958 45 28 217646 0 0 0
14 -923 37 55 225775 0 0 0
-1037 -978 99 108 595220 0 0 0
-1141 -911 95 88 872395 0 0 0
-1151 672 53 27 568115 0 0 0
833 -380 36 69 215501 0 0 0
-41 52 26 68 678945 0 0 0
-240 476 58 4 724586 0 0 0
1036 25 66 6 792643 0 0 0
-772 553 64 107 133361 0 0 0
-777 -491 43 1 139625 0 0 0
-260 -1024 74 11 546490 0 0 0
242 10 8 41 596719 0 0 0
717 566 82 101 869438 0 0 0
-239 -1159 17 68 597336 0 0 0
-226 -1061 68 39 878857 0 0 0
-1067 448 65 103 201364 0 0 0
172 781 2 43 262842 0 0 0
-944 -956 94 65 458167 0 0 0
465 239 112 31 713090 0 0 0
900 607 76 79 417490 0 0 0
-1197 -1119 87 95 982991 0 0 0
971 848 31 5 417010 0 0 0
393 -85 97 20 664293 0 0 0
-413 1151 21 92 530157 0 0 0
-862 -626 40 15 946212 0 0 0
911 780 63 71 777624 0 0 0
-40 441 41 104 738833 0 0 0
-912 1105 55 72 502422 0 0 0
863 692 79 10 948136 0 0 0
-422 385 33 25 816599 0 0 0
271 -542 67 34 856859 0 0 0
1155 -335 35 79 349516 0 0 0
55 673 73 74 200988 0 0 0
-424 861 3 8 129299 0 0 0
-889 1110 73 55 291025 0 0 0
-221 -564 65 105 143056 0 0 0
-1119 243 23 90 510770 0 0 0
-191 -291 14 85 913559 0 0 0
-66 -115 14 33 934144 0 0 0
-227 -171 40 75 488417 0 0 0
1002 502 118 52 225348 0 0 0
736 -887 85 17 419387 0 0 0
348 747 67 97 632850 0 0 0
15 1021 31 30 134202 0 0 0
-1150 892 114 37 116438 0 0 0
-777 -517 10 46 594963 0 0 0
65 -445 54 22 410094 0 0 0
606 114 52 4 827212 0 0 0
725 -567 21 98 284781 0 0 0
-432 -339 118 20 418767 0 0 0
-206 988 106 28 496490 0 0 0
418 311 104 31 775094 0 0 0
-1061 -861 81 94 949748 0 0 0
84 -8 66 59 464748 0 0 0
140 -909 54 83 302056 0 0 0
-216 -1155 37 44 162254 0 0 0
-247 -1055 51 46 314591 0 0 0
-307 -35 43 78 972077 0 0 0
195 229 37 51 465745 0 0 0
650 -997 98 54 255563 0 0 0
749 -937 81 99 795599 0 0 0
-548 -834 121 75 919031 0 0 0
-716 255 35 5 457517 0 0 0
-1046 -384 96 33 518900 0 0 0
1081 472 51 75 967622 0 0 0
-234 435 95 62 327474 0 0 0
-455 -30 83 76 376324 0 0 0
771 -969 59 28 196761 0 0 0
1110 -543 103 78 576342 0 0 0
-658 942 26 24 835367 0 0 0
889 1131 70 93 347977 0 0 0
379 -458 61 6 197191 0 0 0
-304 -599 105 84 990688 0 0 0
1180 -891 3 7 535547 0 0 0
360 517 30 52 663571 0 0 0
-1136 159 52 68 965890 0 0 0
503 907 65 18 771844 0 0 0
1175 718 24 64 973897 0 0 0
405 -594 47 47 501586 0 0 0
857 -1009 83 7 592547 0 0 0
-428 -1074 65 79 564376 0 0 0
868 1128 115 104 618716 0 0 0
-1013 -286 81 108 958938 0 0 0
-71 1132 113 11 835029 0 0 0
-1200 25 18 5 629136 0 0 0
801 -123 43 31 146024 0 0 0
-256 985 114 45 658359 0 0 0
61 -1019 56 80 361098 0 0 0
-640 -1020 116 77 778190 0 0 0
528 402 93 58 693947 0 0 0
103 -893 50 32 203998 0 0 0
55 -93 109 105 217343 0 0 0
133 32 103 2 487213 0 0 0
-791 360 46 6 181164 0 0 0
263 856 74 20 466530 0 0 0
-662 -62 102 90 899985 0 0 0
1055 149 59 4 515316 0 0 0
729 -871 12 88 838899 0 0 0
1125 -1112 71 47 866167 0 0 0
443 -1150 39 2 499150 0 0 0
947 856 50 106 701062 0 0 0
313 -127 11 82 677478 0 0 0
763 714 112 32 476966 0 0 0
-760 751 59 47 744467 0 0 0
1062 172 22 84 380720 0 0 0
1058 -428 87 75 140850 0 0 0
-212 757 80 94 890440 0 0 0
-17 540 39 94 767324 0 0 0
911 1067 20 13 755167 0 0 0
-623 136 29 62 424114 0 0 0
-720 336 2 13 939839 0 0 0
1108 -1085 81 39 842867 0 0 0
283 584 96 48 762685 0 0 0
616 634 66 22 603008 0 0 0
583 807 7 65 472740 0 0 0
910 1031 25 19 420620 0 0 0
1146 -1168 75 26 771748 0 0 0
-1115 -957 22 97 921060 0 0 0
342 870 64 69 825348 0 0 0
1109 153 70 48 254986 0 0 0
132 220 20 89 748935 0 0 0
-360 -951 112 55 497212 0 0 0
637 914 102 1 262247 0 0 0
515 346 54 54 410326 0 0 0
860 -1039 98 50 209995 0 0 0
-1045 108 7 15 129653 0 0 0
891 -281 121 14 874870 0 0 0
-889 992 67 8 790836 0 0 0
-608 769 34 21 845086 0 0 0
-883 -505 47 75 204349 0 0 0
-970 -191 72 17 456509 0 0 0
15 897 111 5 201905 0 0 0
705 -280 57 59 523678 0 0 0
752 985 65 12 686703 0 0 0
127 376 58 42 933845 0 0 0
554 1033 101 90 826818 0 0 0
-411 755 52 10 241573 0 0 0
-685 -25 30 10 283511 0 0 0
941 113 29 48 966950 0 0 0
-173 1172 26 58 240967 0 0 0
50 481 51 79 633859 0 0 0
748 -1158 60 51 218211 0 0 0
-428 -744 57 30 598163 0 0 0
444 324 11 102 319005 0 0 0
162 327 15 9 977593 0 0 0
981 -979 118 105 917161 0 0 0
349 -654 60 37 656160 0 0 0
-486 938 50 15 862974 0 0 0
-213 492 3 70 383149 0 0 0
22 -171 107 85 521969 0 0 0
84 905 27 60 423459 0 0 0
356 270 105 102 669960 0 0 0
309 -565 58 6 139473 0 0 0
-775 -120 2 44 638994 0 0 0
-522 -1127 117 92 457570 0 0 0
-243 935 98 58 597298 0 0 0
814 -148 54 71 196557 0 0 0
999 -994 104 58 959045 0 0 0
1140 48 117 76 987947 0 0 0
-727 1171 2 73 593938 0 0 0
728 1083 78 31 402073 0 0 0
-1176 -526 94 25 350641 0 0 0
727 -77 102 27 784376 0 0 0
932 -121 78 34 120216 0 0 0
-1007 700 65 51 412044 0 0 0
1065 658 7 79 814216 0 0 0
-596 1190 9 103 320021 0 0 0
-889 -433 99 74 781549 0 0 0
-1173 -757 107 25 464384 0 0 0
-621 -19 105 40 746867 0 0 0
-567 779 12 14 663962 0 0 0
-404 -517 21 19 975369 0 0 0
-230 676 30 80 660400 0 0 0
-185 960 108 71 732057 0 0 0
-440 -1186 112 24 280866 0 0 0
-626 131 15 70 256882 0 0 0
1185 -699 19 86 105137 0 0 0
1131 -192 91 71 512553 0 0 0
906 822 62 91 712619 0 0 0
-739 -1087 66 1 934212 0 0 0
1060 -833 7 83 690998 0 0 0
-1118 883 19 95 461318 0 0 0
-1039 885 113 34 409186 0 0 0
637 59 31 49 906732 0 0 0
-834 551 101 21 686808 0 0 0
320 -650 117 107 924665 0 0 0
-864 -959 112 107 854719 0 0 0
922 465 117 40 944115 0 0 0
-497 166 57 83 813798 0 0 0
-302 -1039 86 59 350545 0 0 0
319 -661 45 88 582251 0 0 0
-71 53 32 53 663071 0 0 0
863 -245 55 31 712613 0 0 0
829 -296 5 83 860997 0 0 0
-785 -107 6 40 987858 0 0 0
40 -746 15 18 444540 0 0 0
921 -11 106 47 644376 0 0 0
20 524 29 5 669272 0 0 0
-54 821 106 34 588739 0 0 0
792 640 103 16 705868 0 0 0
-828 -1117 80 105 764630 0 0 0
-777 -517 40 81 260498 0 0 0
-653 -885 21 13 785510 0 0 0
413 533 85 70 904109 0 0 0
914 -1017 74 10 925637 0 0 0
-725 -638 90 5 321426 0 0 0
-852 21 92 57 984188 0 0 0
16 -205 63 53 115976 0 0 0
-481 506 107 98 297938 0 0 0
-464 315 22 103 314378 0 0 0
255 -36 54 86 375515 0 0 0
980 -400 73 35 921809 0 0 0
907 728 82 71 846980 0 0 0
116 401 26 56 347466 0 0 0
107 637 74 27 776666 0 0 0
-921 -25 83 90 608976 0 0 0
766 -748 101 66 401490 0 0 0
1032 1099 51 88 307092 0 0 0
384 -886 97 91 824796 0 0 0
1152 -462 70 84 772721 0 0 0
-480 75 39 105 288718 0 0 0
229 185 68 98 945757 0 0 0
181 1170 73 42 751233 0 0 0
-65 419 118 56 927586 0 0 0
-515 -48 102 24 779499 0 0 0
-528 -254 76 26 347527 0 0 0
347 -132 8 98 411089 0 0 0
1020 292 32 106 495480 0 0 0
275 -548 71 18 774932 0 0 0
-842 906 60 93 171197 0 0 0
522 629 62 14 579851 0 0 0
-1010 -209 120 48 162574 0 0 0
-1108 -1152 77 33 239780 0 0 0
1028 1145 79 41 129896 0 0 0
689 922 61 11 233774 0 0 0
398 402 120 15 673416 0 0 0
-400 111 97 6 386310 0 0 0
-751 561 72 27 702709 0 0 0
-227 -1067 19 48 223286 0 0 0
-612 326 14 92 729633 0 0 0
183 396 16 43 696563 0 0 0
-1085 -253 34 27 476444 0 0 0
-598 771 37 59 441067 0 0 0
1029 -827 1 41 142469 0 0 0
138 -263 77 63 841799 0 0 0
-191 479 114 42 744653 0 0 0
-652 548 15 55 756139 0 0 0
-639 263 119 98 694320 0 0 0
-986 391 25 12 889656 0 0 0
-632 -508 14 58 130813 0 0 0
728 668 39 46 695036 0 0 0
304 -731 84 64 531934 0 0 0
-581 484 19 101 255064 0 0 0
993 118 115 63 989082 0 0 0
-294 -847 102 57 713179 0 0 0
-599 1021 70 104 271905 0 0 0
-260 353 2 59 390128 0 0 0
-863 478 49 23 993750 0 0 0
219 208 98 96 613824 0 0 0
-643 -696 95 17 704880 0 0 0
60 -517 74 49 962590 0 0 0
-218 -747 95 101 857701 0 0 0
752 281 103 34 463217 0 0 0
-726 610 47 97 731097 0 0 0
-1011 -549 53 41 298356 0 0 0
318 -1195 1 62 750659 0 0 0
28 189 101 49 479321 0 0 0
600 975 35 4 488774 0 0 0
-1145 -903 119 59 536261 0 0 0
468 -491 86 95 439916 0 0 0
877 -789 58 11 372347 0 0 0
170 -39 82 28 146656 0 0 0
825 -837 2 76 239539 0 0 0
414 -1089 25 86 148168 0 0 0
286 1122 70 19 338627 0 0 0
-1072 510 68 104 811960 0 0 0
-343 -925 87 55 341213 0 0 0
991 -1028 100 57 433317 0 0 0
1196 982 93 43 243953 0 0 0
-670 909 43 39 624142 0 0 0
959 -432 64 96 238540 0 0 0
-1150 -906 108 75 850291 0 0 0
-847 786 96 87 441356 0 0 0
1034 883 87 93 671662 0 0 0
-418 23 41 95 760723 0 0 0
169 -477 39 2 713227 0 0 0
264 1176 67 62 937681 0 0 0
352 -1054 85 42 867544 0 0 0
-1064 -401 64 72 102877 0 0 0
-338 866 94 101 320108 0 0 0
680 -659 42 24 297939 0 0 0
1146 1000 105 48 357321 0 0 0
580 748 8 14 590108 0 0 0
-516 -776 70 18 116975 0 0 0
-106 -1110 78 5 730509 0 0 0
391 -350 42 50 444804 0 0 0
-492 -45 54 4 925321 0 0 0
-19 -111 24 24 615956 0 0 0
-520 -654 94 7 879741 0 0 0
924 -1155 95 48 215113 0 0 0
-586 -392 14 13 485211 0 0 0
-990 -571 100 84 383411 0 0 0
-138 1104 19 93 795079 0 0 0
160 729 95 35 392078 0 0 0
-667 930 18 85 322649 0 0 0
-464 -771 5 88 145559 0 0 0
-741 -1094 5 18 308683 0 0 0
393 209 69 80 564360 0 0 0
1009 605 77 71 225987 0 0 0
406 -1184 99 55 500625 0 0 0
-544 1010 31 48 190426 0 0 0
-539 -603 89 83 219206 0 0 0
296 1118 94 35 276684 0 0 0
151 829 89 83 285264 0 0 0
731 -270 102 91 816914 0 0 0
-1135 -538 101 78 994866 0 0 0
521 -721 34 50 555619 0 0 0
-1003 -702 4 88 409979 0 0 0
-714 544 33 10 386482 0 0 0
664 -442 62 103 995215 0 0 0
-502 712 85 3 452595 0 0 0
696 519 55 57 136308 0 0 0
-484 346 87 71 993383 0 0 0
655 -907 80 33 822055 0 0 0
-245 -150 2 63 209053 0 0 0
186 158 102 33 736789 0 0 0
-1160 144 10 61 572110 0 0 0
-42 -879 98 45 499527 0 0 0
810 963 110 54 754211 0 0 0
642 611 24 72 841530 0 0 0
-1106 -365 79 97 505665 0 0 0
716 -872 77 43 976408 0 0 0
-149 -1073 57 81 601060 0 0 0
1008 -878 116 79 211382 0 0 0
787 1185 55 11 946750 0 0 0
5 609 104 61 135677 0 0 0
1041 335 68 20 416188 0 0 0
-1156 881 18 80 955875 0 0 0
-568 -934 87 6 200333 0 0 0
-319 804 86 7 227566 0 0 0
-604 -173 61 3 547754 0 0 0
180 1135 19 88 575974 0 0 0
177 -984 42 104 340413 0 0 0
-561 383 57 87 873774 0 0 0
714 -867 60 40 151530 0 0 0
-635 302 78 45 525951 0 0 0
740 753 22 70 972233 0 0 0
-1121 1138 39 106 865830 0 0 0
1148 543 104 13 843479 0 0 0
1006 486 83 55 190016 0 0 0
1199 62 46 33 336104 0 0 0
966 1012 76 43 473021 0 0 0
-935 45 19 101 945345 0 0 0
-688 195 24 44 399563 0 0 0
785 437 58 9 131099 0 0 0
153 1103 37 57 783887 0 0 0
-1162 -991 24 83 621832 0 0 0
-10 -858 24 50 591261 0 0 0
-998 480 88 3 458474 0 0 0
624 -328 60 80 788049 0 0 0
-471 727 16 48 870332 0 0 0
-218 758 81 98 174636 0 0 0
133 701 85 99 373781 0 0 0
685 -1123 103 64 723207 0 0 0
92 52 8 89 268139 0 0 0
-540 -966 92 108 484831 0 0 0
208 -893 115 45 260227 0 0 0
68 800 47 98 839161 0 0 0
-479 -899 114 25 500500 0 0 0
-334 116 95 26 752237 0 0 0
232 894 13 65 349035 0 0 0
