1200
248 1101 108 24 724146 0 0 0
698 -487 5 81 278474 0 0 0
241 -124 76 75 513811 0 0 0
90 -878 106 40 328524 0 0 0
-124 -589 84 3 634343 0 0 0
485 -1061 100 91 773390 0 0 0
-265 888 65 14 821286 0 0 0
844 -620 119 37 198030 0 0 0
-518 -1054 87 103 274524 0 0 0
706 648 12 76 438770 0 0 0
390 -20 43 41 759461 0 0 0
839 1116 115 82 826562 0 0 0
990 419 79 91 903502 0 0 0
-347 -543 77 99 878665 0 0 0
981 -278 35 91 302912 0 0 0
823 -1081 20 24 727263 0 0 0
-519 -586 77 8 134892 0 0 0
471 -677 95 78 334394 0 0 0
-1200 -701 120 61 376981 0 0 0
-535 360 28 33 936981 0 0 0
691 1161 15 29 498504 0 0 0
-265 -244 64 20 545708 0 0 0
754 832 75 90 146033 0 0 0
-453 -690 36 21 324963 0 0 0
540 -1122 82 55 462367 0 0 0
648 332 118 99 322998 0 0 0
118 -904 94 67 904095 0 0 0
408 -1200 48 105 607671 0 0 0
-475 -859 120 98 120069 0 0 0
-431 -361 16 66 907870 0 0 0
-357 892 106 58 412927 0 0 0
-32 256 71 45 462004 0 0 0
-46 573 97 108 235204 0 0 0
685 -884 120 106 445843 0 0 0
986 355 71 9 138951 0 0 0
-38 57 94 61 979109 0 0 0
745 -881 79 49 812104 0 0 0
508 -1148 80 61 769870 0 0 0
822 -508 9 79 886802 0 0 0
-238 -380 16 71 885172 0 0 0
637 -49 48 55 747156 0 0 0
-751 699 41 43 498514 0 0 0
399 339 118 21 952939 0 0 0
609 315 69 103 692745 0 0 0
-221 222 115 94 493989 0 0 0
1018 -1138 6 53 490655 0 0 0
426 -421 98 31 222813 0 0 0
392 -755 18 78 942354 0 0 0
-732 -473 3 28 735864 0 0 0
-213 451 75 2 500990 0 0 0
772 1141 76 28 505330 0 0 0
-934 -147 107 9 741128 0 0 0
900 -462 84 52 712674 0 0 0
-1059 -506 50 101 132005 0 0 0
807 -973 80 17 292808 0 0 0
875 1179 87 61 688906 0 0 0
62 1029 90 94 894831 0 0 0
-1173 451 60 67 890056 0 0 0
-355 -989 23 84 246264 0 0 0
75 -662 27 60 919843 0 0 0
783 265 103 74 195348 0 0 0
-430 -1181 31 13 399213 0 0 0
-816 392 49 103 886004 0 0 0
1115 -499 17 85 158004 0 0 0
550 -1084 10 64 875044 0 0 0
-601 -1061 50 56 861226 0 0 0
273 -651 113 77 706340 0 0 0
668 -333 63 78 843922 0 0 0
-1004 68 110 14 426078 0 0 0
45 -542 98 97 971208 0 0 0
-1163 351 101 108 510425 0 0 0
685 729 88 53 196513 0 0 0
-217 -1024 104 89 965620 0 0 0
281 -743 50 56 803469 0 0 0
346 1132 9 2 866878 0 0 0
-405 1197 58 55 626123 0 0 0
34 -690 54 74 739176 0 0 0
26 1106 52 2 200797 0 0 0
950 -40 106 94 441561 0 0 0
893 -1183 39 23 702229 0 0 0
-848 1128 3 75 784501 0 0 0
644 -149 54 74 408232 0 0 0
277 731 90 33 224553 0 0 0
-309 -407 16 72 317495 0 0 0
-240 287 111 16 845790 0 0 0
-860 -760 104 63 219492 0 0 0
725 595 19 51 335019 0 0 0
-203 762 110 53 110421 0 0 0
899 -85 112 92 792114 0 0 0
24 -1109 117 92 140876 0 0 0
473 -239 104 20 749882 0 0 0
542 -320 46 37 428922 0 0 0
1145 -290 111 12 821902 0 0 0
1022 756 32 67 936700 0 0 0
422 1150 105 80 739495 0 0 0
-489 331 14 72 682300 0 0 0
1060 839 49 82 702020 0 0 0
-1170 857 7 76 628021 0 0 0
-836 81 117 25 221718 0 0 0
1179 -49 80 72 808184 0 0 0
413 507 98 6 934580 0 0 0
37 225 98 73 161015 0 0 0
736 935 88 44 677998 0 0 0
-1015 1188 45 49 846479 0 0 0
394 -416 75 106 504705 0 0 0
-740 560 37 86 569899 0 0 0
-402 5 83 81 718962 0 0 0
-597 201 57 11 752718 0 0 0
703 883 94 50 951924 0 0 0
421 461 110 71 533353 0 0 0
-548 -764 46 8 519388 0 0 0
-1058 679 53 82 522713 0 0 0
110 1185 88 9 100452 0 0 0
-1107 -420 116 77 812165 0 0 0
-1114 158 77 96 423464 0 0 0
-450 -583 95 74 117811 0 0 0
174 -293 7 10 919040 0 0 0
126 -1008 71 20 543763 0 0 0
332 625 37 1 894786 0 0 0
-1104 -584 5 3 275346 0 0 0
22 94 48 82 297184 0 0 0
362 1176 110 102 435777 0 0 0
-1134 472 26 2 973687 0 0 0
-322 -936 118 11 730685 0 0 0
-744 286 80 15 352457 0 0 0
-965 -3 98 42 706619 0 0 0
1088 498 112 87 782019 0 0 0
905 -971 22 27 632203 0 0 0
-341 1032 15 72 976653 0 0 0
-179 -1047 16 78 469899 0 0 0
-862 1164 14 31 822690 0 0 0
-845 1185 6 54 661359 0 0 0
495 -542 104 93 626621 0 0 0
-215 -187 62 86 655383 0 0 0
-447 -790 108 101 294440 0 0 0
-152 -111 96 69 730416 0 0 0
453 -722 17 30 648779 0 0 0
-571 -31 100 103 907396 0 0 0
-49 -348 59 64 491029 0 0 0
-343 -1065 50 1 942422 0 0 0
-92 -507 35 43 250729 0 0 0
521 293 107 83 434167 0 0 0
-168 624 30 31 438595 0 0 0
963 853 9 76 718509 0 0 0
-498 -800 100 17 116691 0 0 0
458 -247 27 56 861002 0 0 0
697 774 7 44 357971 0 0 0
388 757 108 104 709403 0 0 0
-964 -1193 65 79 685815 0 0 0
499 -432 40 6 779701 0 0 0
988 936 11 31 498244 0 0 0
986 -572 93 16 864234 0 0 0
963 860 30 15 947838 0 0 0
1038 310 13 83 823790 0 0 0
1092 326 115 3 512217 0 0 0
815 -271 2 31 651324 0 0 0
-1185 229 99 98 574672 0 0 0
699 728 61 41 601172 0 0 0
-61 -949 79 17 336475 0 0 0
584 517 20 57 906472 0 0 0
548 41 87 51 261091 0 0 0
634 -150 80 39 981208 0 0 0
-939 -269 71 65 633363 0 0 0
-115 56 79 70 872263 0 0 0
255 -114 76 108 923227 0 0 0
760 -993 74 7 648251 0 0 0
1194 -530 115 97 336621 0 0 0
656 462 114 7 560090 0 0 0
718 -413 77 11 631427 0 0 0
1061 97 16 26 655910 0 0 0
1009 -291 57 15 732503 0 0 0
218 -789 46 11 224486 0 0 0
931 -106 89 32 885358 0 0 0
901 712 12 58 543975 0 0 0
-504 -422 79 51 488546 0 0 0
-935 -1109 66 87 602564 0 0 0
-298 -529 65 84 262594 0 0 0
685 -164 78 108 440150 0 0 0
814 799 97 107 234257 0 0 0
-1174 181 100 49 999624 0 0 0
-677 -241 72 12 786265 0 0 0
-418 924 51 70 148927 0 0 0
660 296 26 21 474092 0 0 0
202 538 63 99 954235 0 0 0
-626 -615 110 42 166193 0 0 0
-453 -1101 37 28 887676 0 0 0
197 -655 49 3 639559 0 0 0
11 145 59 95 286237 0 0 0
-913 132 76 71 411573 0 0 0
842 1067 63 108 779135 0 0 0
-971 -972 59 35 626207 0 0 0
-564 -477 44 76 653184 0 0 0
-486 -99 61 45 780622 0 0 0
-339 602 81 57 388144 0 0 0
434 835 33 30 620549 0 0 0
-932 695 70 54 182249 0 0 0
222 -137 108 32 903483 0 0 0
-740 -64 39 68 464439 0 0 0
-779 -1139 91 38 720529 0 0 0
-275 1060 2 96 613647 0 0 0
296 -215 69 47 395795 0 0 0
1082 -939 79 80 688542 0 0 0
588 -175 106 27 194776 0 0 0
64 493 79 108 678243 0 0 0
951 33 54 27 306989 0 0 0
629 -645 60 77 160337 0 0 0
-1014 -854 12 44 596464 0 0 0
1115 -393 85 18 978943 0 0 0
277 -597 32 80 842897 0 0 0
1095 659 39 1 222040 0 0 0
1180 577 24 50 413664 0 0 0
-1189 -632 18 4 925964 0 0 0
361 302 53 82 427198 0 0 0
907 -776 73 40 132239 0 0 0
-300 -423 1 22 592470 0 0 0
138 -40 46 14 697816 0 0 0
-104 319 88 62 988530 0 0 0
-1073 418 8 24 537188 0 0 0
1166 1158 8 29 579398 0 0 0
-886 -364 103 103 662985 0 0 0
1199 259 22 99 242562 0 0 0
334 28 4 62 241657 0 0 0
-125 -947 31 40 541776 0 0 0
197 -83 108 22 495717 0 0 0
-1025 960 64 59 242731 0 0 0
1174 -950 64 29 503895 0 0 0
270 1009 72 73 272733 0 0 0
-181 1152 92 93 533486 0 0 0
-145 -107 25 108 395460 0 0 0
-667 -421 56 103 992210 0 0 0
-577 588 116 108 260472 0 0 0
718 -154 33 10 959827 0 0 0
161 -857 49 101 534563 0 0 0
650 589 39 50 555448 0 0 0
61 -499 117 9 844706 0 0 0
418 896 4 77 945067 0 0 0
-536 -430 95 30 132384 0 0 0
-1088 -355 115 34 388446 0 0 0
-898 -955 98 24 190056 0 0 0
-364 735 20 57 353601 0 0 0
582 -39 2 95 425006 0 0 0
-859 541 6 101 639353 0 0 0
418 -434 87 69 477945 0 0 0
-113 867 70 35 108230 0 0 0
868 26 103 7 102637 0 0 0
839 458 61 74 806680 0 0 0
84 1070 57 10 998646 0 0 0
1177 -909 107 99 501124 0 0 0
-994 -220 59 10 969257 0 0 0
-272 414 79 100 346475 0 0 0
1075 1162 118 64 475437 0 0 0
-206 -408 79 97 746570 0 0 0
135 1064 110 52 141390 0 0 0
986 697 47 42 449228 0 0 0
-1040 -1119 79 22 141754 0 0 0
-542 38 31 30 413437 0 0 0
-1200 720 30 77 236276 0 0 0
-76 -664 29 13 759946 0 0 0
-419 291 38 67 595183 0 0 0
439 -233 106 27 980119 0 0 0
-135 1080 31 3 779007 0 0 0
-1011 -85 87 54 693330 0 0 0
-125 -141 95 36 240621 0 0 0
500 -39 58 80 206814 0 0 0
-675 -441 12 32 634462 0 0 0
-683 -314 15 15 908457 0 0 0
-253 788 100 23 983489 0 0 0
596 53 100 9 773577 0 0 0
-99 -868 15 49 430783 0 0 0
264 1010 100 16 380796 0 0 0
1199 -503 111 46 763177 0 0 0
-377 -639 39 87 740601 0 0 0
-156 81 9 6 436611 0 0 0
760 181 80 103 195420 0 0 0
865 -1177 36 30 763503 0 0 0
25 968 7 93 652723 0 0 0
-1066 365 75 34 631620 0 0 0
46 559 58 62 777958 0 0 0
-540 -567 12 7 553601 0 0 0
-978 -363 35 62 665407 0 0 0
-736 495 33 87 597672 0 0 0
-1072 -977 15 15 451796 0 0 0
-808 330 29 29 445341 0 0 0
735 -274 76 49 569903 0 0 0
-273 -490 119 4 605727 0 0 0
620 -161 67 5 372014 0 0 0
1133 135 58 54 367763 0 0 0
672 -722 27 102 912703 0 0 0
-434 -103 80 28 844411 0 0 0
595 750 15 99 260615 0 0 0
1037 -291 53 54 995573 0 0 0
880 1179 44 21 424329 0 0 0
134 -386 78 65 857000 0 0 0
560 -1161 62 73 861815 0 0 0
-522 789 25 49 859223 0 0 0
1168 -450 109 27 138958 0 0 0
774 -6 24 26 770252 0 0 0
582 -208 118 103 800508 0 0 0
978 706 34 19 228404 0 0 0
944 -761 35 28 837165 0 0 0
798 664 107 74 530714 0 0 0
-920 725 110 108 638883 0 0 0
1123 384 81 71 920238 0 0 0
-630 -131 73 45 444055 0 0 0
113 -998 55 44 337018 0 0 0
-1188 -727 62 85 526661 0 0 0
350 1176 41 81 592574 0 0 0
465 1108 58 73 814513 0 0 0
-1057 -855 46 66 978154 0 0 0
649 775 43 2 813097 0 0 0
870 -864 51 12 466626 0 0 0
418 -33 79 103 626323 0 0 0
645 -200 48 104 511764 0 0 0
515 -91 114 93 966555 0 0 0
-1001 -402 38 81 536092 0 0 0
882 -1167 44 78 422811 0 0 0
-609 -109 111 14 148156 0 0 0
234 1114 36 92 624092 0 0 0
-293 -768 83 45 772094 0 0 0
1148 -519 39 24 227421 0 0 0
-657 -616 71 24 324057 0 0 0
-401 -268 96 17 615366 0 0 0
460 38 115 63 650394 0 0 0
-761 157 68 86 837435 0 0 0
664 258 80 7 525603 0 0 0
1027 -448 72 69 421196 0 0 0
-996 -460 87 72 284738 0 0 0
-252 -763 54 41 254691 0 0 0
-477 -605 20 74 691497 0 0 0
1007 -933 62 73 147828 0 0 0
-310 -335 70 55 705485 0 0 0
867 340 105 30 817723 0 0 0
-831 236 9 77 432559 0 0 0
-615 872 49 67 585164 0 0 0
-428 -832 25 72 351805 0 0 0
41 -100 17 38 548873 0 0 0
-93 -645 16 95 197101 0 0 0
1004 775 20 2 517260 0 0 0
-537 -578 35 100 375126 0 0 0
1069 995 18 68 115908 0 0 0
-9 761 13 20 738726 0 0 0
1052 -490 21 19 989178 0 0 0
-809 -246 16 15 876262 0 0 0
-522 481 99 90 981118 0 0 0
-767 -1196 3 59 810450 0 0 0
1137 74 94 28 221138 0 0 0
-982 -790 16 80 453755 0 0 0
-158 -705 109 39 452177 0 0 0
1085 -499 61 101 411182 0 0 0
161 645 61 89 370125 0 0 0
-939 -1033 47 100 728120 0 0 0
438 1191 121 103 960513 0 0 0
-741 -139 2 87 310333 0 0 0
1187 350 16 79 265661 0 0 0
123 764 89 32 104814 0 0 0
1008 -1107 114 70 113925 0 0 0
617 41 76 77 728820 0 0 0
-239 -478 30 9 879614 0 0 0
596 1096 21 15 906296 0 0 0
-935 617 83 32 735057 0 0 0
156 -62 31 36 785120 0 0 0
-486 373 43 101 952336 0 0 0
-238 -348 33 26 937324 0 0 0
860 -108 75 107 846301 0 0 0
-459 1186 116 58 318529 0 0 0
-750 786 21 54 169533 0 0 0
419 490 51 19 885714 0 0 0
-459 482 73 100 303548 0 0 0
148 -260 117 6 427229 0 0 0
1041 421 117 61 750910 0 0 0
1122 282 45 92 101101 0 0 0
-731 -138 68 3 991429 0 0 0
1160 -246 100 11 336992 0 0 0
1036 965 121 16 417615 0 0 0
953 1173 11 50 239928 0 0 0
-833 404 49 78 769733 0 0 0
33 728 22 108 768875 0 0 0
691 705 9 56 466816 0 0 0
351 -854 45 21 149443 0 0 0
-26 655 107 6 592606 0 0 0
-1062 -829 93 22 308991 0 0 0
232 75 77 8 639217 0 0 0
-331 -566 75 80 848895 0 0 0
1009 432 15 13 325389 0 0 0
-265 650 101 45 745670 0 0 0
-547 -1181 104 68 285092 0 0 0
934 615 5 65 950114 0 0 0
43 20 87 46 865598 0 0 0
138 -443 32 82 169183 0 0 0
-1152 -1093 82 43 716237 0 0 0
342 65 4 52 558637 0 0 0
-824 -1045 77 21 251513 0 0 0
-913 -670 24 55 993755 0 0 0
742 441 23 86 496992 0 0 0
-143 -811 79 7 145536 0 0 0
-1023 791 27 4 457818 0 0 0
117 -755 99 49 558601 0 0 0
-677 232 103 9 810562 0 0 0
-178 1078 105 33 188472 0 0 0
1124 -929 45 49 720152 0 0 0
-714 -877 16 1 902670 0 0 0
313 -874 93 105 793439 0 0 0
-1181 -574 69 60 234898 0 0 0
1031 -604 62 37 197893 0 0 0
880 1153 11 35 612611 0 0 0
946 792 84 23 483130 0 0 0
-678 -705 76 55 198863 0 0 0
-317 -807 47 4 366034 0 0 0
789 428 97 4 630443 0 0 0
-53 -797 5 1 299018 0 0 0
1145 873 15 63 110889 0 0 0
1137 799 117 77 782531 0 0 0
-839 825 40 8 480977 0 0 0
223 -913 79 96 882834 0 0 0
-49 765 93 89 983440 0 0 0
1020 -841 57 72 937354 0 0 0
-764 -1093 89 58 280425 0 0 0
-558 683 81 107 237556 0 0 0
304 -966 46 65 607003 0 0 0
-582 -403 63 83 849214 0 0 0
778 1191 52 78 438408 0 0 0
557 -927 106 85 488902 0 0 0
-531 1072 96 17 388053 0 0 0
-821 372 59 71 641898 0 0 0
337 -19 95 60 775768 0 0 0
-23 609 24 99 506440 0 0 0
493 -977 49 10 301940 0 0 0
-251 154 120 84 939815 0 0 0
-1036 1137 82 103 430104 0 0 0
-341 -808 28 74 496867 0 0 0
-44 -503 91 15 345998 0 0 0
-822 -525 5 33 940834 0 0 0
-525 -868 28 71 195754 0 0 0
-648 -509 53 53 845594 0 0 0
-139 531 99 18 975436 0 0 0
-225 -45 79 16 611621 0 0 0
647 -129 42 70 550543 0 0 0
-752 -1123 84 70 600067 0 0 0
-549 -547 20 68 839656 0 0 0
-360 -507 97 37 577795 0 0 0
1 29 6 65 500338 0 0 0
-128 -477 95 108 400103 0 0 0
1110 -352 53 49 124550 0 0 0
-683 11 77 75 112452 0 0 0
325 826 48 76 352788 0 0 0
1155 -99 100 101 898084 0 0 0
-445 -1162 11 60 387974 0 0 0
255 -656 102 45 249647 0 0 0
-516 380 69 40 105018 0 0 0
-1005 456 24 20 629620 0 0 0
303 394 73 87 110492 0 0 0
976 -927 47 39 597249 0 0 0
-269 1 72 31 542618 0 0 0
1105 -35 118 39 635558 0 0 0
-1020 61 78 47 399241 0 0 0
284 925 117 20 769833 0 0 0
586 -272 65 11 658436 0 0 0
-584 -1122 2 19 677091 0 0 0
1029 423 43 62 791867 0 0 0
846 247 49 9 256616 0 0 0
37 1178 56 57 721607 0 0 0
-366 -498 17 97 957713 0 0 0
-595 966 62 95 305115 0 0 0
505 -434 98 57 988744 0 0 0
-762 505 47 46 961384 0 0 0
-711 -267 107 53 842667 0 0 0
185 761 23 36 746966 0 0 0
-943 -218 75 106 928517 0 0 0
-242 1185 111 100 336459 0 0 0
1010 1134 93 8 231789 0 0 0
492 77 85 4 437829 0 0 0
-73 -346 117 20 753524 0 0 0
-812 1177 28 94 772405 0 0 0
1017 881 107 88 842419 0 0 0
958 -524 58 58 898659 0 0 0
1124 599 20 70 533089 0 0 0
-273 -531 36 56 735576 0 0 0
814 285 6 15 372356 0 0 0
-681 -858 95 81 446666 0 0 0
199 -1194 22 7 726532 0 0 0
-57 618 68 52 560413 0 0 0
-975 1186 45 16 621744 0 0 0
1 -495 70 95 692595 0 0 0
-516 -779 19 50 411409 0 0 0
324 -952 109 68 390747 0 0 0
460 1187 7 37 701789 0 0 0
-362 12 107 79 180353 0 0 0
889 -527 114 12 902165 0 0 0
296 -1022 54 38 431560 0 0 0
991 775 18 44 765661 0 0 0
-531 -852 109 41 983240 0 0 0
46 -745 21 79 386753 0 0 0
-619 853 44 14 223886 0 0 0
60 -636 117 33 682512 0 0 0
422 961 75 101 747571 0 0 0
930 235 39 32 974871 0 0 0
-1087 -693 109 12 631837 0 0 0
-986 -695 94 51 766897 0 0 0
-1086 493 64 34 257644 0 0 0
784 -270 98 100 653006 0 0 0
1044 -208 51 27 423665 0 0 0
-96 -376 108 13 837351 0 0 0
-241 -237 4 5 635986 0 0 0
441 -272 51 102 120716 0 0 0
671 -257 85 1 853534 0 0 0
-498 -371 34 73 496706 0 0 0
-1178 -971 76 11 776007 0 0 0
-940 -1116 39 17 307035 0 0 0
-307 528 46 78 631576 0 0 0
980 305 111 88 475119 0 0 0
-632 1020 31 12 154440 0 0 0
-14 -217 75 104 722823 0 0 0
-402 647 111 104 833760 0 0 0
306 764 34 42 685958 0 0 0
-626 1012 89 7 763002 0 0 0
1092 -842 30 37 759447 0 0 0
967 729 42 39 489614 0 0 0
911 245 67 4 335277 0 0 0
-103 -818 58 75 937874 0 0 0
-999 -1012 72 71 920299 0 0 0
-369 -1097 44 57 519276 0 0 0
-297 913 34 2 110160 0 0 0
-962 53 20 48 113341 0 0 0
-993 -1108 117 101 553051 0 0 0
84 724 39 35 841488 0 0 0
-127 111 53 71 551636 0 0 0
-949 165 35 20 651742 0 0 0
-805 -869 70 104 343438 0 0 0
76 603 9 100 662669 0 0 0
514 811 23 106 895449 0 0 0
-276 1156 56 73 179077 0 0 0
1090 533 118 35 690887 0 0 0
706 -764 79 20 824445 0 0 0
301 1178 67 74 804642 0 0 0
-1188 782 103 61 782684 0 0 0
-919 421 89 27 782153 0 0 0
-945 -488 94 31 823460 0 0 0
-699 -2 62 16 861456 0 0 0
-108 758 105 70 451190 0 0 0
817 -579 95 21 806512 0 0 0
-319 -632 36 40 881983 0 0 0
-129 -283 65 7 515007 0 0 0
1025 -660 82 71 119239 0 0 0
-1156 954 53 89 202154 0 0 0
-831 -744 15 34 585111 0 0 0
-805 681 78 5 725230 0 0 0
394 -887 91 63 614100 0 0 0
435 -1047 34 62 338605 0 0 0
-854 37 27 17 457024 0 0 0
-174 271 59 76 762585 0 0 0
-937 511 90 43 686762 0 0 0
-24 -1125 82 70 366523 0 0 0
1113 -473 80 8 759657 0 0 0
-340 -647 121 63 936454 0 0 0
397 242 65 35 885265 0 0 0
-38 -931 116 102 602087 0 0 0
-100 678 3 90 256272 0 0 0
3 -384 29 103 550986 0 0 0
-223 -236 114 35 628057 0 0 0
1160 526 121 5 383437 0 0 0
-40 96 60 106 820828 0 0 0
-7 -461 80 45 754819 0 0 0
-705 -216 17 32 678458 0 0 0
1056 513 24 2 535681 0 0 0
839 1177 106 84 722870 0 0 0
1179 -959 53 84 768898 0 0 0
18 -98 66 13 324867 0 0 0
-690 1146 108 2 145487 0 0 0
-471 -115 47 33 363225 0 0 0
160 -1071 23 102 591605 0 0 0
79 -171 86 5 748058 0 0 0
-61 -78 10 94 656460 0 0 0
-896 188 6 43 306521 0 0 0
692 328 52 47 419529 0 0 0
1048 -651 68 98 214199 0 0 0
14 -674 98 46 620625 0 0 0
115 -559 62 90 300170 0 0 0
456 -184 40 105 151993 0 0 0
608 -164 108 39 688574 0 0 0
211 -812 32 50 229088 0 0 0
-1040 -891 38 104 463247 0 0 0
-460 8 9 9 457966 0 0 0
-972 -1168 116 70 357226 0 0 0
-116 963 81 95 674206 0 0 0
241 -906 4 3 356560 0 0 0
47 -1106 36 42 430455 0 0 0
-426 -701 78 58 102460 0 0 0
694 -840 71 41 600167 0 0 0
128 -734 76 27 872679 0 0 0
324 140 79 67 162038 0 0 0
-332 -909 106 18 366869 0 0 0
51 -1012 83 46 667590 0 0 0
-1160 -402 96 94 343774 0 0 0
863 -956 10 61 871049 0 0 0
-726 1030 99 39 848104 0 0 0
-601 852 93 16 790639 0 0 0
409 152 55 16 519939 0 0 0
697 777 54 98 490695 0 0 0
1113 434 101 97 309399 0 0 0
-700 1190 75 14 928384 0 0 0
1095 -1044 80 17 728074 0 0 0
918 -89 78 29 858940 0 0 0
141 1141 102 25 361580 0 0 0
50 210 102 51 921659 0 0 0
80 -311 17 16 916666 0 0 0
-356 791 78 39 619078 0 0 0
807 277 74 36 252734 0 0 0
-52 424 34 19 868989 0 0 0
-1108 -618 93 79 396166 0 0 0
875 -492 8 8 112897 0 0 0
-149 516 1 67 982392 0 0 0
-410 -438 92 80 703334 0 0 0
937 25 121 49 673377 0 0 0
-1001 -1031 93 93 284634 0 0 0
-554 -247 97 22 274695 0 0 0
1074 1164 39 42 813263 0 0 0
-988 -689 75 101 692023 0 0 0
-516 507 68 59 688507 0 0 0
-765 563 8 102 414597 0 0 0
1151 1135 5 26 590554 0 0 0
1143 492 11 47 326532 0 0 0
134 -459 49 83 215045 0 0 0
-138 -1035 57 70 949035 0 0 0
86 1172 17 6 240444 0 0 0
737 -384 88 58 538475 0 0 0
-540 -358 120 52 463252 0 0 0
-123 -908 85 78 205966 0 0 0
1176 -64 105 89 770765 0 0 0
-244 563 13 88 335967 0 0 0
-746 1066 57 5 264735 0 0 0
705 529 64 65 640382 0 0 0
-519 -1022 22 23 738605 0 0 0
-469 -645 94 9 900238 0 0 0
-347 546 83 9 978331 0 0 0
-638 -15 73 59 384812 0 0 0
-80 -834 113 96 105948 0 0 0
-846 238 115 69 404380 0 0 0
549 -324 2 95 435446 0 0 0
399 624 108 101 106180 0 0 0
0 -163 44 36 951976 0 0 0
646 136 23 42 921561 0 0 0
1163 871 32 1 469540 0 0 0
-805 -281 35 62 150151 0 0 0
212 840 52 71 779285 0 0 0
558 225 76 78 354504 0 0 0
-1058 110 20 34 728057 0 0 0
-1129 -373 59 61 235958 0 0 0
264 -867 61 53 694411 0 0 0
-1199 168 74 39 260092 0 0 0
315 938 21 54 345839 0 0 0
22 -698 85 42 656767 0 0 0
-956 394 115 97 607718 0 0 0
-1009 -148 115 17 154827 0 0 0
149 -1001 51 29 427538 0 0 0
-527 -290 41 37 334054 0 0 0
10 135 65 49 313358 0 0 0
801 -966 56 37 151375 0 0 0
680 737 37 79 762199 0 0 0
-673 -919 120 36 173688 0 0 0
-444 1166 65 103 391735 0 0 0
-350 -498 46 88 227404 0 0 0
924 772 98 19 739807 0 0 0
198 -360 80 9 149368 0 0 0
-372 -660 27 65 554612 0 0 0
812 -1052 41 64 916998 0 0 0
-160 -957 111 3 607349 0 0 0
751 -1010 119 7 888036 0 0 0
661 -258 105 21 716422 0 0 0
1003 -773 42 27 893293 0 0 0
102 807 97 31 277982 0 0 0
-153 -1046 31 3 641253 0 0 0
782 460 30 98 638945 0 0 0
-429 -382 103 71 194633 0 0 0
0 -353 121 78 386205 0 0 0
492 -115 28 108 250555 0 0 0
477 784 118 25 313355 0 0 0
953 -128 115 4 450735 0 0 0
761 645 110 35 123531 0 0 0
594 -292 105 51 940178 0 0 0
-1194 -126 91 1 217265 0 0 0
698 -774 99 52 947104 0 0 0
-909 755 86 67 198628 0 0 0
-758 -1049 34 95 622763 0 0 0
1037 659 62 85 340403 0 0 0
655 872 46 22 507179 0 0 0
1006 127 121 55 264065 0 0 0
-346 795 17 62 343817 0 0 0
1134 1031 116 107 746623 0 0 0
-337 858 13 35 393844 0 0 0
908 -969 27 26 377763 0 0 0
-210 183 61 58 521972 0 0 0
-1026 684 25 101 667645 0 0 0
976 -281 43 103 830493 0 0 0
-200 520 41 30 284270 0 0 0
882 848 104 82 305386 0 0 0
433 -816 92 30 241716 0 0 0
-172 -985 76 71 748974 0 0 0
1134 392 83 75 747620 0 0 0
626 670 106 77 720446 0 0 0
-30 494 76 80 187042 0 0 0
916 666 49 11 294720 0 0 0
-322 1056 4 90 496962 0 0 0
-613 -570 54 20 725667 0 0 0
-878 -532 33 42 418824 0 0 0
43 -685 118 88 852693 0 0 0
664 -877 68 78 107635 0 0 0
-276 1159 43 45 934947 0 0 0
-1088 -277 55 107 972757 0 0 0
494 -664 38 27 111912 0 0 0
-1029 -601 111 18 971365 0 0 0
-458 -900 31 44 987781 0 0 0
362 906 19 107 660760 0 0 0
671 -254 80 19 784955 0 0 0
-874 699 110 62 146686 0 0 0
99 264 94 82 680576 0 0 0
544 -560 48 85 549479 0 0 0
174 -759 9 80 966178 0 0 0
-1010 673 39 13 653690 0 0 0
228 220 20 26 976179 0 0 0
791 206 36 61 707164 0 0 0
254 765 49 58 569064 0 0 0
-982 199 10 7 753541 0 0 0
963 -827 58 10 956278 0 0 0
263 -360 13 40 798248 0 0 0
174 337 114 32 562868 0 0 0
-348 -772 67 80 743040 0 0 0
-397 849 26 63 269332 0 0 0
1026 -733 2 98 209873 0 0 0
1076 836 69 24 198268 0 0 0
-1045 -1089 6 89 775940 0 0 0
236 -789 25 4 838457 0 0 0
474 -1024 80 31 316450 0 0 0
586 578 111 4 531653 0 0 0
-884 -996 71 87 361484 0 0 0
-30 -1159 99 28 147339 0 0 0
-353 1064 70 81 818220 0 0 0
-120 202 15 13 406127 0 0 0
638 -628 86 46 684913 0 0 0
782 610 72 53 567924 0 0 0
-909 -721 65 3 667619 0 0 0
369 -151 12 25 942684 0 0 0
57 -898 2 67 181093 0 0 0
230 -357 24 46 361086 0 0 0
-1008 796 52 1 121696 0 0 0
411 341 59 101 455481 0 0 0
269 -448 85 15 743165 0 0 0
1162 -845 95 37 505062 0 0 0
-1065 1019 9 69 753321 0 0 0
942 -792 22 95 449466 0 0 0
1035 -955 107 86 753340 0 0 0
-1126 -125 50 64 172252 0 0 0
-624 -332 102 12 581321 0 0 0
910 1167 81 61 465817 0 0 0
794 28 61 68 326240 0 0 0
-783 -503 45 67 635178 0 0 0
-1174 658 12 26 563809 0 0 0
649 382 91 1 578606 0 0 0
300 -723 45 108 821479 0 0 0
614 -192 51 50 109127 0 0 0
-294 216 40 108 168990 0 0 0
-202 959 3 97 415196 0 0 0
-855 -504 88 67 132763 0 0 0
563 -826 116 4 618684 0 0 0
-322 -67 87 22 237427 0 0 0
-113 -423 2 43 228780 0 0 0
605 -753 88 32 787053 0 0 0
854 618 79 72 396293 0 0 0
110 38 50 44 731128 0 0 0
-468 -1058 114 78 147322 0 0 0
859 84 14 73 125626 0 0 0
811 -4 24 28 935206 0 0 0
-1117 -345 10 21 119613 0 0 0
430 178 98 78 738395 0 0 0
-569 -607 111 108 255446 0 0 0
-646 -941 11 1 700119 0 0 0
1116 675 17 77 655241 0 0 0
624 -171 20 90 402343 0 0 0
77 -67 98 57 917310 0 0 0
775 299 49 85 717909 0 0 0
915 341 60 53 188891 0 0 0
-565 1030 62 86 497878 0 0 0
-112 -1108 19 10 262671 0 0 0
-156 -821 70 20 307764 0 0 0
254 282 118 34 802783 0 0 0
-1137 -647 82 87 653249 0 0 0
-440 354 89 79 460403 0 0 0
1116 1053 107 104 621057 0 0 0
562 -112 31 71 658516 0 0 0
491 -274 12 87 163430 0 0 0
-503 31 53 45 405690 0 0 0
-909 211 76 66 822616 0 0 0
644 683 108 59 781327 0 0 0
-869 375 13 52 661391 0 0 0
285 -1103 89 28 437633 0 0 0
67 -1076 107 7 907901 0 0 0
902 442 120 23 513378 0 0 0
-274 740 21 52 285593 0 0 0
461 424 86 3 863642 0 0 0
-1044 -281 54 16 856280 0 0 0
593 -720 42 71 768280 0 0 0
88 886 121 101 595210 0 0 0
107 -989 5 85 482573 0 0 0
753 889 85 75 977369 0 0 0
267 -544 104 87 864216 0 0 0
99 -799 45 38 727306 0 0 0
1099 1087 26 41 941572 0 0 0
-324 230 100 54 861504 0 0 0
-610 -596 118 108 386552 0 0 0
378 -239 99 41 255621 0 0 0
99 -1098 109 64 501385 0 0 0
706 1121 109 67 287130 0 0 0
887 -665 106 93 707877 0 0 0
139 -379 40 62 678908 0 0 0
739 -957 61 84 880582 0 0 0
-110 -214 71 68 412627 0 0 0
-598 1015 102 107 564291 0 0 0
-404 479 16 96 540563 0 0 0
-239 -669 35 97 752780 0 0 0
-1062 -931 77 17 196028 0 0 0
-296 381 52 72 716901 0 0 0
-667 -337 36 7 139407 0 0 0
408 551 85 8 883004 0 0 0
157 816 55 100 860463 0 0 0
-1106 -822 9 39 340560 0 0 0
1177 320 43 17 699044 0 0 0
-625 -664 88 102 640525 0 0 0
563 447 119 24 509487 0 0 0
286 990 91 90 873828 0 0 0
645 90 35 43 227339 0 0 0
696 -414 22 2 113079 0 0 0
-272 -211 14 14 875947 0 0 0
738 -1194 1 18 799288 0 0 0
394 210 81 25 890053 0 0 0
724 -475 24 53 253229 0 0 0
421 -1072 12 14 211343 0 0 0
-243 1065 101 43 745555 0 0 0
-630 393 11 15 433497 0 0 0
-347 1134 80 27 753198 0 0 0
-125 464 113 71 906154 0 0 0
-1081 -472 6 5 649166 0 0 0
-108 -503 104 41 619206 0 0 0
188 631 103 76 575231 0 0 0
387 602 26 56 582071 0 0 0
92 -858 16 45 276245 0 0 0
-221 -990 109 21 925833 0 0 0
870 316 74 6 103685 0 0 0
-931 -225 75 14 975867 0 0 0
1014 571 107 1 119669 0 0 0
341 613 19 20 680190 0 0 0
-657 -1120 65 83 385222 0 0 0
1143 3 99 21 298157 0 0 0
29 -874 83 79 204037 0 0 0
-42 808 100 80 531255 0 0 0
-96 693 46 25 394418 0 0 0
-95 505 57 34 927705 0 0 0
-592 -930 109 28 719516 0 0 0
-352 397 92 39 291981 0 0 0
-2 -1030 96 92 436804 0 0 0
-424 -529 25 68 371997 0 0 0
347 604 21 18 759790 0 0 0
-992 -96 36 63 500138 0 0 0
-1005 -945 51 91 680931 0 0 0
-251 -1096 1 55 881939 0 0 0
-14 -471 45 68 385983 0 0 0
808 -297 33 70 824160 0 0 0
263 -985 86 83 360080 0 0 0
1030 -1000 54 6 357896 0 0 0
171 -158 97 47 496275 0 0 0
-300 -357 13 101 725819 0 0 0
-632 180 77 50 684516 0 0 0
513 -88 53 53 758696 0 0 0
-423 -780 112 56 924142 0 0 0
-200 -773 36 7 282458 0 0 0
-180 -916 62 31 918553 0 0 0
223 624 34 108 709971 0 0 0
-147 723 110 61 541093 0 0 0
-13 839 18 45 871493 0 0 0
-908 -966 31 14 333117 0 0 0
-177 564 58 10 930397 0 0 0
442 -1141 64 94 531870 0 0 0
357 630 72 101 124713 0 0 0
488 -126 38 60 271717 0 0 0
245 -608 25 96 964656 0 0 0
73 559 93 26 531996 0 0 0
-730 -1016 98 78 814898 0 0 0
-844 1095 69 79 502596 0 0 0
-575 211 83 83 858860 0 0 0
198 855 36 69 573616 0 0 0
511 779 116 82 499753 0 0 0
-232 -781 65 68 665530 0 0 0
766 17 18 25 137278 0 0 0
1188 1038 99 57 685341 0 0 0
199 659 78 16 380609 0 0 0
1013 -483 90 102 799902 0 0 0
-1039 913 25 74 318952 0 0 0
-1100 1005 79 90 186248 0 0 0
-22 -141 52 28 273430 0 0 0
141 -248 19 9 422722 0 0 0
-659 -499 59 65 607399 0 0 0
1016 635 50 108 800216 0 0 0
771 1097 67 58 701283 0 0 0
-732 192 81 103 727668 0 0 0
-811 -117 95 50 239721 0 0 0
-829 920 112 35 910263 0 0 0
963 -456 50 19 546456 0 0 0
-230 -515 99 60 691438 0 0 0
159 -38 107 52 487714 0 0 0
289 1195 120 58 810555 0 0 0
211 -414 53 55 171337 0 0 0
885 -720 99 48 261924 0 0 0
260 849 97 70 607250 0 0 0
-209 -321 68 89 554933 0 0 0
1115 -771 68 107 442174 0 0 0
243 663 29 96 468048 0 0 0
-1148 387 1 11 816242 0 0 0
-1116 426 23 45 547387 0 0 0
-77 317 89 62 925164 0 0 0
1015 -993 62 107 874998 0 0 0
-972 -515 87 101 807024 0 0 0
-862 -164 84 72 681277 0 0 0
-1107 450 76 43 619338 0 0 0
-720 -119 106 66 621000 0 0 0
460 -1032 54 52 504315 0 0 0
-959 -1070 98 61 476967 0 0 0
460 934 77 24 171005 0 0 0
-808 1121 23 96 112929 0 0 0
10 455 23 15 439962 0 0 0
-947 -514 44 49 580889 0 0 0
-440 -1163 33 2 485135 0 0 0
1185 798 3 105 858646 0 0 0
-992 125 83 45 282783 0 0 0
-4 -370 40 26 633846 0 0 0
459 -845 62 86 114701 0 0 0
-955 131 50 23 592166 0 0 0
338 -82 116 44 576772 0 0 0
-657 414 121 96 627403 0 0 0
499 326 98 30 280187 0 0 0
697 -621 4 67 645138 0 0 0
1178 -932 39 5 394386 0 0 0
189 714 17 54 707753 0 0 0
-124 246 42 86 727022 0 0 0
158 -731 24 72 301070 0 0 0
-1 825 68 21 602799 0 0 0
-92 890 7 81 682233 0 0 0
-646 -630 108 95 409023 0 0 0
-717 963 3 103 556333 0 0 0
989 442 60 39 221901 0 0 0
301 354 87 40 723044 0 0 0
955 -152 112 70 479327 0 0 0
-413 784 58 16 356018 0 0 0
1048 -714 1 65 723576 0 0 0
-912 228 113 21 155091 0 0 0
530 632 104 20 439356 0 0 0
-717 955 91 26 952237 0 0 0
-803 -487 68 91 283362 0 0 0
899 26 104 85 202929 0 0 0
-938 -1111 113 63 488092 0 0 0
-582 518 111 22 753066 0 0 0
-294 -127 7 104 550851 0 0 0
224 648 110 34 654929 0 0 0
-436 698 45 5 480139 0 0 0
104 -343 97 57 407972 0 0 0
587 568 120 6 528413 0 0 0
-567 1142 23 59 563180 0 0 0
-84 -569 6 27 786823 0 0 0
1125 -138 35 94 536966 0 0 0
591 297 74 54 333470 0 0 0
889 -434 107 101 393150 0 0 0
930 346 1 83 973587 0 0 0
-451 -786 48 89 611733 0 0 0
-210 433 11 100 871305 0 0 0
-1040 -153 114 36 934014 0 0 0
-574 -367 79 106 526926 0 0 0
-409 -116 10 47 437698 0 0 0
-1027 128 21 30 112272 0 0 0
630 1121 115 97 562136 0 0 0
-161 374 87 90 123012 0 0 0
92 -630 62 98 174395 0 0 0
560 1123 54 91 155954 0 0 0
-620 190 48 91 295846 0 0 0
-254 -646 60 98 253731 0 0 0
-544 -1027 41 92 685265 0 0 0
340 -360 48 6 378325 0 0 0
1130 -561 12 67 307206 0 0 0
-603 -443 65 69 590243 0 0 0
549 304 38 49 799758 0 0 0
-313 594 39 57 190777 0 0 0
786 -658 51 58 459429 0 0 0
-782 -687 31 22 363610 0 0 0
-924 1038 5 77 120921 0 0 0
-386 1068 61 88 896577 0 0 0
-539 885 113 85 780582 0 0 0
306 -795 91 88 863876 0 0 0
611 -402 112 88 670971 0 0 0
-659 237 43 98 201082 0 0 0
499 -88 97 31 965690 0 0 0
1010 -777 2 90 150382 0 0 0
-223 -530 118 2 715710 0 0 0
87 277 80 79 231086 0 0 0
637 -341 82 11 674454 0 0 0
-50 777 78 93 768922 0 0 0
-992 -940 107 36 294178 0 0 0
787 -119 111 87 171059 0 0 0
-846 -436 107 39 626271 0 0 0
149 -565 37 29 711642 0 0 0
892 163 94 84 211307 0 0 0
316 -169 88 47 298856 0 0 0
-642 -484 69 14 892732 0 0 0
-766 847 42 89 860549 0 0 0
685 -476 53 48 172256 0 0 0
991 -267 49 1 873653 0 0 0
1192 21 71 63 780145 0 0 0
-428 795 21 56 222978 0 0 0
-825 -786 121 74 358439 0 0 0
432 1077 108 96 979148 0 0 0
-877 -447 82 17 221128 0 0 0
-523 -932 41 72 466822 0 0 0
-381 -765 100 75 765755 0 0 0
-1136 1024 23 56 849060 0 0 0
-285 -889 60 22 271997 0 0 0
576 -772 22 2 807184 0 0 0
1047 -1074 54 30 739861 0 0 0
6 -308 35 14 825727 0 0 0
-22 -462 113 77 324911 0 0 0
-945 -778 70 51 524272 0 0 0
-341 781 91 105 498184 0 0 0
309 -733 43 47 140432 0 0 0
824 -924 103 2 650077 0 0 0
117 270 6 35 572543 0 0 0
-767 596 96 7 295519 0 0 0
-243 -215 37 51 336930 0 0 0
-1129 67 25 99 973111 0 0 0
-180 -808 105 60 254759 0 0 0
139 1197 8 10 294586 0 0 0
-964 489 61 54 104093 0 0 0
-1093 408 115 104 459482 0 0 0
-69 -686 90 19 152714 0 0 0
870 721 56 60 839647 0 0 0
-276 -453 54 45 528839 0 0 0
236 -1079 115 32 151944 0 0 0
-446 928 60 95 315720 0 0 0
-711 -379 94 20 263467 0 0 0
1111 393 110 27 828895 0 0 0
1165 951 73 2 293298 0 0 0
950 1018 43 20 916526 0 0 0
1007 968 95 18 270566 0 0 0
-367 1179 53 7 340412 0 0 0
-171 -513 84 97 455713 0 0 0
-377 288 86 45 419680 0 0 0
-735 728 38 69 210333 0 0 0
140 1186 56 33 847256 0 0 0
-815 -33 93 31 128289 0 0 0
1131 811 66 40 222060 0 0 0
-95 47 93 11 740507 0 0 0
1002 -160 85 43 690758 0 0 0
-543 -756 71 108 112084 0 0 0
756 -498 34 90 357341 0 0 0
743 -111 34 25 828073 0 0 0
-715 759 53 107 415602 0 0 0
-1007 -827 60 75 832037 0 0 0
-38 -854 32 47 601226 0 0 0
-169 224 98 67 357942 0 0 0
1118 870 88 45 279336 0 0 0
-900 924 20 104 291256 0 0 0
621 430 121 49 394878 0 0 0
-383 380 16 8 194204 0 0 0
-1151 -90 14 2 815341 0 0 0
-168 -1111 8 61 801838 0 0 0
440 -469 72 79 641138 0 0 0
605 276 24 17 311234 0 0 0
-397 383 48 96 631075 0 0 0
-334 1089 4 78 515376 0 0 0
-611 -720 107 87 929889 0 0 0
794 9 46 87 991599 0 0 0
-33 -646 40 106 770863 0 0 0
1180 -81 98 72 629687 0 0 0
-343 554 73 42 560911 0 0 0
-1044 259 24 46 885676 0 0 0
-727 -278 31 12 772160 0 0 0
-640 -475 52 51 374975 0 0 0
-976 -1182 101 19 821294 0 0 0
-454 404 32 102 105271 0 0 0
-456 -435 39 56 481183 0 0 0
-13 -1162 51 93 754775 0 0 0
-15 -562 7 92 805068 0 0 0
664 -724 92 56 636566 0 0 0
141 -304 14 70 269261 0 0 0
1164 794 118 43 586142 0 0 0
154 656 36 99 466290 0 0 0
-663 637 75 21 316468 0 0 0
1116 574 104 72 368902 0 0 0
537 833 89 97 424889 0 0 0
-756 326 32 40 738354 0 0 0
-1027 869 85 97 801781 0 0 0
-387 590 90 63 205204 0 0 0
791 -950 22 1 697704 0 0 0
859 497 9 88 277129 0 0 0
177 970 88 62 599195 0 0 0
-345 -373 70 23 697458 0 0 0
-1187 299 29 93 856043 0 0 0
649 -666 60 62 177635 0 0 0
-530 -591 65 73 844423 0 0 0
384 98 94 88 961208 0 0 0
470 -870 19 40 200136 0 0 0
-1163 -146 34 22 640596 0 0 0
1019 -218 51 44 261321 0 0 0
199 892 102 6 563279 0 0 0
-808 690 114 99 948934 0 0 0
474 871 80 47 332985 0 0 0
246 -58 54 108 363454 0 0 0
696 768 88 26 886805 0 0 0
-62 -301 49 14 198044 0 0 0
647 -322 93 77 140318 0 0 0
-1134 720 104 19 231485 0 0 0
-762 -916 37 68 499688 0 0 0
-688 932 43 35 853889 0 0 0
-587 879 17 34 724625 0 0 0
460 -750 67 16 930577 0 0 0
-608 658 52 75 516560 0 0 0
1120 -1197 79 25 770139 0 0 0
459 -889 66 56 631538 0 0 0
-1167 737 90 85 978554 0 0 0
594 238 115 84 537398 0 0 0
-427 764 30 21 160189 0 0 0
571 996 90 36 818288 0 0 0
-1056 130 7 92 947585 0 0 0
-910 545 29 50 715599 0 0 0
77 72 5 45 254853 0 0 0
-538 499 56 101 885802 0 0 0
-960 103 17 22 542827 0 0 0
-1045 771 42 103 384874 0 0 0
-290 -177 4 42 540648 0 0 0
768 -993 13 11 404713 0 0 0
1012 809 75 7 452045 0 0 0
-1164 -1095 96 58 742284 0 0 0
-116 1175 68 1 645797 0 0 0
113 747 106 9 283231 0 0 0
-1164 -411 83 94 672711 0 0 0
984 86 74 81 218645 0 0 0
-922 -1041 69 83 922824 0 0 0
-1053 -418 32 29 646714 0 0 0
-1031 -139 40 101 732637 0 0 0
1029 13 35 106 581904 0 0 0
237 177 10 51 771716 0 0 0
381 772 50 13 766541 0 0 0
518 -82 32 91 429000 0 0 0
-1060 535 81 101 710552 0 0 0
64 896 29 108 343342 0 0 0
145 -180 87 49 243058 0 0 0
-271 -1040 108 23 963628 0 0 0
-572 885 49 34 590232 0 0 0
-421 -797 48 67 163413 0 0 0
-878 1153 110 108 520971 0 0 0
-809 1091 23 93 322145 0 0 0
-55 -214 35 80 569082 0 0 0
31 -1053 79 18 301994 0 0 0
763 231 83 61 335064 0 0 0
-502 31 10 68 982611 0 0 0
-606 614 3 82 663772 0 0 0
-492 292 38 69 475120 0 0 0
975 858 101 97 598723 0 0 0
125 773 28 102 457536 0 0 0
116 -739 5 46 515235 0 0 0
-490 -612 41 91 888886 0 0 0
-717 830 89 67 311802 0 0 0
182 -115 20 107 947747 0 0 0
-597 -1170 113 24 858105 0 0 0
1034 -170 30 73 488069 0 0 0
-126 -519 63 52 317209 0 0 0
-1138 -870 4 6 458822 0 0 0
-102 -953 42 30 471376 0 0 0
858 -740 97 47 749534 0 0 0
1154 763 59 76 895674 0 0 0
1165 -300 101 14 495981 0 0 0
1004 -19 98 42 998607 0 0 0
1038 -359 99 66 228838 0 0 0
602 1148 102 65 373607 0 0 0
-83 1004 75 48 728587 0 0 0
248 299 104 91 277813 0 0 0
1063 -46 62 29 537226 0 0 0
-232 955 29 31 957965 0 0 0
676 -828 50 106 641005 0 0 0
889 -260 97 43 950017 0 0 0
-774 -395 83 84 565102 0 0 0
-653 -572 55 51 609254 0 0 0
196 211 1 59 141524 0 0 0
-1096 626 31 102 296867 0 0 0
265 346 69 83 262662 0 0 0
48 1170 16 15 548885 0 0 0
206 1073 54 72 111914 0 0 0
-4 -908 72 42 164456 0 0 0
339 319 101 4 612662 0 0 0
284 -941 14 78 498821 0 0 0
-51 -562 11 17 912280 0 0 0
768 -255 11 25 675769 0 0 0
-893 619 9 35 248778 0 0 0
1152 -606 90 104 776946 0 0 0
531 -730 113 95 780814 0 0 0
-872 228 117 2 217719 0 0 0
-397 -435 79 1 583608 0 0 0
