1300
-1027 -827 117 103 404062 0 0 0
-967 1277 102 60 615209 0 0 0
1036 -1082 51 54 150213 0 0 0
-843 -56 84 82 512058 0 0 0
775 34 102 92 786425 0 0 0
-776 1276 47 9 229913 0 0 0
67 -71 74 57 462937 0 0 0
-472 -282 63 47 414383 0 0 0
-569 -372 45 40 451980 0 0 0
-26 -34 59 112 243008 0 0 0
696 268 102 6 738333 0 0 0
264 -312 41 2 744918 0 0 0
-363 -903 123 74 925518 0 0 0
1185 -118 85 33 955269 0 0 0
-625 1038 117 10 327591 0 0 0
625 1297 14 58 913915 0 0 0
321 899 117 57 459343 0 0 0
-770 -167 30 17 613812 0 0 0
-78 -388 62 51 330073 0 0 0
-947 1093 100 17 278703 0 0 0
-569 -317 101 104 226151 0 0 0
1268 -692 62 23 999042 0 0 0
-170 939 82 39 330140 0 0 0
-103 -529 11 9 845565 0 0 0
371 -684 1 18 340918 0 0 0
-43 -989 6 85 590326 0 0 0
-204 -1106 1 86 403744 0 0 0
859 -1209 38 9 227247 0 0 0
-226 1218 116 54 511671 0 0 0
866 954 99 80 248368 0 0 0
918 -423 71 104 878690 0 0 0
669 -588 107 115 755305 0 0 0
-599 -349 5 78 957600 0 0 0
116 946 80 66 217438 0 0 0
1245 1231 107 20 154796 0 0 0
-196 130 20 87 510149 0 0 0
909 569 90 25 378463 0 0 0
199 489 92 48 499850 0 0 0
-1231 -436 104 61 300665 0 0 0
535 1204 49 46 797234 0 0 0
616 615 5 114 666055 0 0 0
-1065 1145 19 61 175505 0 0 0
-348 -498 59 30 287107 0 0 0
76 -751 25 106 208462 0 0 0
1255 -1166 17 87 593122 0 0 0
-39 -797 89 24 629386 0 0 0
-765 -802 21 90 526833 0 0 0
-984 -1141 56 70 426683 0 0 0
-574 1277 77 16 162853 0 0 0
1114 -209 9 24 502963 0 0 0
-516 -1081 66 36 760733 0 0 0
813 385 22 43 907041 0 0 0
-257 -504 97 63 448555 0 0 0
-1022 527 80 86 943643 0 0 0
434 1173 64 86 757186 0 0 0
-1233 328 87 6 102524 0 0 0
-785 462 11 47 726158 0 0 0
-391 -1128 107 42 477623 0 0 0
217 -64 123 54 974529 0 0 0
1149 131 16 3 707800 0 0 0
-898 -240 8 20 882912 0 0 0
586 -22 69 32 142874 0 0 0
-87 82 29 83 886689 0 0 0
613 177 72 108 973741 0 0 0
200 990 16 52 338395 0 0 0
-866 -1077 112 19 245647 0 0 0
603 87 72 1 591121 0 0 0
538 -1044 12 15 563300 0 0 0
-986 554 99 45 694588 0 0 0
622 51 5 22 506147 0 0 0
-1161 1185 23 82 599217 0 0 0
51 -425 36 8 828031 0 0 0
1255 -1245 58 33 445564 0 0 0
-136 970 88 78 379080 0 0 0
-359 -409 60 32 888107 0 0 0
92 -699 16 37 864741 0 0 0
756 -628 74 113 384172 0 0 0
698 306 59 69 237347 0 0 0
-437 -10 25 84 641278 0 0 0
-1236 147 110 10 808703 0 0 0
-186 -623 112 28 185477 0 0 0
729 473 4 40 432119 0 0 0
358 -1227 91 43 522448 0 0 0
-616 1133 103 45 557845 0 0 0
1131 -678 86 98 606472 0 0 0
-182 1193 46 115 663950 0 0 0
-310 -784 54 47 667841 0 0 0
-237 769 94 68 960816 0 0 0
-306 -935 124 11 318182 0 0 0
1045 -141 89 82 303820 0 0 0
-316 11 93 88 391091 0 0 0
-666 430 22 79 852293 0 0 0
155 825 107 68 922275 0 0 0
919 1105 18 86 647970 0 0 0
979 412 123 112 758743 0 0 0
728 -502 99 71 463670 0 0 0
342 668 10 83 236355 0 0 0
-1099 -140 80 77 931119 0 0 0
1251 -833 52 85 892799 0 0 0
-869 -679 106 18 323901 0 0 0
266 355 13 92 790713 0 0 0
454 744 25 106 572346 0 0 0
329 1135 120 44 408755 0 0 0
1113 848 77 18 174007 0 0 0
852 -645 120 60 330899 0 0 0
-755 -536 18 26 694827 0 0 0
-133 730 103 91 167694 0 0 0
873 -710 111 67 666171 0 0 0
-606 -611 121 73 408405 0 0 0
-655 -177 10 105 124071 0 0 0
-425 350 32 25 527894 0 0 0
-538 -1268 116 63 265221 0 0 0
-682 546 119 113 719067 0 0 0
466 -207 44 82 613296 0 0 0
-363 622 61 76 348822 0 0 0
380 -777 33 52 268002 0 0 0
410 207 9 60 716268 0 0 0
776 -468 34 25 992050 0 0 0
-600 -1104 66 93 973480 0 0 0
-761 396 6 64 378684 0 0 0
855 -345 4 86 200809 0 0 0
-296 -789 107 50 881915 0 0 0
-573 -950 105 12 587355 0 0 0
780 1285 71 92 901744 0 0 0
-580 768 105 19 287464 0 0 0
-879 -458 90 54 868227 0 0 0
690 -90 99 59 295747 0 0 0
801 801 90 25 501596 0 0 0
-466 729 108 58 996902 0 0 0
-506 -836 54 107 308338 0 0 0
538 597 56 64 566634 0 0 0
-685 -76 38 68 223420 0 0 0
-458 -27 90 53 825013 0 0 0
774 562 73 53 996885 0 0 0
-712 -247 92 68 760231 0 0 0
-640 -822 15 46 887025 0 0 0
972 -954 109 6 482693 0 0 0
-884 1234 73 59 187739 0 0 0
737 -84 18 51 361570 0 0 0
-183 226 112 42 656044 0 0 0
-127 -452 99 88 498502 0 0 0
-170 1219 6 103 566600 0 0 0
-1220 -92 99 94 787430 0 0 0
-109 788 89 24 806305 0 0 0
-180 -116 50 114 714980 0 0 0
1239 -1027 106 102 465824 0 0 0
237 702 46 72 201988 0 0 0
778 -1253 45 83 817523 0 0 0
-482 -226 31 6 975932 0 0 0
1161 736 116 25 606151 0 0 0
-851 -923 59 78 737012 0 0 0
-1181 -1104 44 12 938161 0 0 0
-201 1230 70 37 936305 0 0 0
421 1064 99 27 753950 0 0 0
91 -45 9 39 272775 0 0 0
-329 -524 127 30 723042 0 0 0
-269 -149 68 28 679895 0 0 0
-553 -1131 116 77 327667 0 0 0
1065 -1236 123 5 861891 0 0 0
-1143 226 52 39 815793 0 0 0
-683 -49 48 6 687223 0 0 0
645 -676 100 59 136099 0 0 0
306 752 17 48 772634 0 0 0
-16 795 117 28 669255 0 0 0
679 -207 36 1 276548 0 0 0
972 855 66 6 873141 0 0 0
-63 879 43 17 563205 0 0 0
1046 336 71 32 587269 0 0 0
-1207 -10 26 109 427439 0 0 0
-463 -1142 78 107 868013 0 0 0
197 866 82 16 281845 0 0 0
-125 -549 74 109 286817 0 0 0
589 -1255 64 111 828224 0 0 0
-882 713 72 91 974008 0 0 0
339 1240 65 65 181934 0 0 0
911 783 98 70 807884 0 0 0
-955 -903 46 30 283760 0 0 0
-99 -805 54 80 829358 0 0 0
-649 -403 35 17 431778 0 0 0
1216 -89 99 88 652187 0 0 0
-565 -809 54 73 466333 0 0 0
347 -1004 59 108 372550 0 0 0
-216 1003 83 33 690752 0 0 0
940 1113 96 91 705302 0 0 0
-22 1100 106 5 471701 0 0 0
1040 104 42 72 878505 0 0 0
1222 1036 33 50 380661 0 0 0
-258 140 118 79 958349 0 0 0
-793 -912 94 2 453851 0 0 0
-57 243 86 46 100800 0 0 0
264 393 11 84 512791 0 0 0
169 620 72 87 271832 0 0 0
183 1098 91 14 166709 0 0 0
502 777 7 18 308984 0 0 0
848 772 30 12 363021 0 0 0
-267 -829 1 89 306023 0 0 0
-944 306 43 85 413833 0 0 0
1029 -474 110 72 182514 0 0 0
-1176 -388 32 79 807518 0 0 0
-140 -287 70 3 997439 0 0 0
1275 550 49 51 556541 0 0 0
-116 -912 127 106 380253 0 0 0
144 750 21 10 671425 0 0 0
511 399 19 21 686949 0 0 0
-371 -1216 93 68 134836 0 0 0
-816 -276 119 15 502936 0 0 0
655 126 4 51 726686 0 0 0
-45 -23 114 62 220640 0 0 0
897 -328 59 13 912946 0 0 0
-4 394 50 105 186759 0 0 0
253 794 97 98 983774 0 0 0
-879 905 125 66 727528 0 0 0
1065 1036 97 96 950987 0 0 0
-228 -362 22 33 723548 0 0 0
121 -1142 106 68 221126 0 0 0
-354 488 9 109 951561 0 0 0
198 321 13 9 126808 0 0 0
-293 -568 91 89 716658 0 0 0
1127 652 74 109 717714 0 0 0
593 589 2 36 943422 0 0 0
161 -749 6 6 459091 0 0 0
622 721 44 32 478800 0 0 0
-594 803 113 90 385795 0 0 0
192 -962 128 103 526387 0 0 0
-668 1247 62 103 487820 0 0 0
-169 419 55 95 565306 0 0 0
92 -1051 30 26 765688 0 0 0
213 1122 12 66 151146 0 0 0
671 -1216 35 81 470326 0 0 0
-368 785 39 99 208026 0 0 0
226 182 83 26 465473 0 0 0
546 -1184 80 61 502804 0 0 0
-1245 907 58 62 568825 0 0 0
-1140 -931 33 17 358338 0 0 0
-904 -190 95 81 574841 0 0 0
-1208 666 73 17 366352 0 0 0
768 -1232 44 34 770113 0 0 0
924 230 13 50 236471 0 0 0
-991 1054 52 5 489813 0 0 0
-1094 493 17 61 163995 0 0 0
-430 -723 89 26 548247 0 0 0
764 334 105 85 416470 0 0 0
139 726 91 88 170284 0 0 0
1169 783 54 21 842821 0 0 0
-194 684 85 107 167671 0 0 0
659 -172 90 16 913580 0 0 0
1260 709 75 97 287432 0 0 0
167 -782 20 49 908512 0 0 0
-1285 804 46 97 300929 0 0 0
-196 530 10 34 594067 0 0 0
-471 25 45 86 486298 0 0 0
1184 -649 119 111 875181 0 0 0
70 -1130 94 105 981744 0 0 0
1290 1041 74 55 183665 0 0 0
-179 26 2 105 381098 0 0 0
-199 828 56 10 157322 0 0 0
191 -1246 104 14 260455 0 0 0
-1014 360 56 22 140275 0 0 0
-855 -516 108 77 704619 0 0 0
958 49 13 81 181167 0 0 0
-703 153 37 78 175374 0 0 0
164 -1151 60 71 620720 0 0 0
584 -297 29 5 754807 0 0 0
1159 -278 67 49 327059 0 0 0
87 -445 101 26 430040 0 0 0
-484 758 96 41 450636 0 0 0
-1078 -228 65 58 143784 0 0 0
88 357 57 105 747359 0 0 0
-834 1195 49 31 716415 0 0 0
368 -82 117 42 451813 0 0 0
1125 794 67 116 840772 0 0 0
144 618 50 9 538618 0 0 0
473 646 57 116 865009 0 0 0
-644 -377 113 16 496412 0 0 0
-497 -1099 30 94 961459 0 0 0
1129 1191 86 18 730471 0 0 0
1281 -732 63 29 422164 0 0 0
1288 -39 65 104 618761 0 0 0
-842 -269 118 24 608342 0 0 0
67 1017 99 70 872901 0 0 0
-765 -326 128 40 877539 0 0 0
-1027 1209 116 27 523230 0 0 0
5 -934 95 73 460295 0 0 0
-880 -1149 13 30 638471 0 0 0
686 220 124 75 449353 0 0 0
1236 -347 52 80 602181 0 0 0
830 -650 14 78 567830 0 0 0
976 -1041 53 115 718964 0 0 0
148 -622 39 37 185746 0 0 0
1036 -877 82 116 566433 0 0 0
699 246 43 23 892345 0 0 0
-1171 -1084 112 42 602637 0 0 0
12 936 114 77 685289 0 0 0
472 1238 2 93 842867 0 0 0
255 403 121 86 783246 0 0 0
-388 657 42 74 725816 0 0 0
-532 271 11 94 340797 0 0 0
-240 405 64 48 594502 0 0 0
420 -1040 27 82 558946 0 0 0
872 -868 101 97 536362 0 0 0
73 421 5 94 408338 0 0 0
252 -1082 21 87 367123 0 0 0
336 -1282 118 39 758973 0 0 0
415 -349 44 8 644032 0 0 0
564 -1221 6 40 303377 0 0 0
759 1130 51 90 498964 0 0 0
549 786 93 25 358815 0 0 0
-1164 -148 29 15 634170 0 0 0
-294 -1205 124 24 370052 0 0 0
-1123 -908 51 69 957997 0 0 0
-224 301 120 52 300980 0 0 0
-1286 -1002 53 106 998734 0 0 0
633 76 69 45 880015 0 0 0
528 411 39 55 547911 0 0 0
603 754 14 62 998631 0 0 0
-904 -904 129 79 457835 0 0 0
775 -1276 81 14 915437 0 0 0
-130 -970 100 66 319264 0 0 0
71 1197 31 52 432227 0 0 0
1147 228 123 94 478216 0 0 0
907 -709 51 114 567674 0 0 0
-103 974 123 2 532483 0 0 0
-1009 1237 99 87 485284 0 0 0
-820 -1052 91 18 135272 0 0 0
943 1287 42 106 773418 0 0 0
-229 -964 78 111 988725 0 0 0
637 -36 41 110 213191 0 0 0
425 -32 22 50 935652 0 0 0
-250 -436 99 66 833194 0 0 0
235 -812 86 107 369343 0 0 0
17 -87 30 111 161133 0 0 0
-527 230 16 53 173973 0 0 0
-155 856 100 79 199943 0 0 0
-947 -1052 122 12 642417 0 0 0
-572 1201 112 64 546001 0 0 0
1217 -625 49 87 555756 0 0 0
1090 101 97 21 373915 0 0 0
554 -115 31 8 407655 0 0 0
591 24 109 11 628073 0 0 0
367 -630 98 105 681640 0 0 0
-1026 -167 107 10 821255 0 0 0
667 701 100 19 195779 0 0 0
734 -1110 59 33 779298 0 0 0
-1082 -246 114 33 895310 0 0 0
-1036 -691 102 25 230776 0 0 0
363 -180 128 88 556560 0 0 0
-1287 1065 103 68 533989 0 0 0
242 1163 46 5 248368 0 0 0
-96 480 79 9 552392 0 0 0
-142 -478 121 89 548737 0 0 0
-1229 1023 43 18 993840 0 0 0
251 643 91 34 662589 0 0 0
1034 -352 48 87 869065 0 0 0
788 605 4 10 584744 0 0 0
-1077 650 111 48 450487 0 0 0
6 -102 34 40 847573 0 0 0
-30 212 29 42 538582 0 0 0
4 163 90 77 196276 0 0 0
71 312 75 106 195998 0 0 0
206 -814 124 35 835429 0 0 0
-1099 822 97 53 716119 0 0 0
1174 71 18 89 428711 0 0 0
770 -865 128 15 936651 0 0 0
-837 1101 95 51 141572 0 0 0
1198 254 32 50 649835 0 0 0
895 889 113 2 448277 0 0 0
-753 -987 120 84 590085 0 0 0
-1238 -932 119 101 956382 0 0 0
259 -695 56 98 571389 0 0 0
50 1175 45 74 872509 0 0 0
-948 -608 13 37 457836 0 0 0
-1160 1019 89 2 219771 0 0 0
-347 210 74 116 252325 0 0 0
191 308 118 19 729074 0 0 0
-1200 -526 12 2 504502 0 0 0
97 817 55 34 796641 0 0 0
497 922 18 49 985098 0 0 0
73 285 116 90 337444 0 0 0
-1242 -680 61 60 567524 0 0 0
-977 513 45 51 411340 0 0 0
-1051 -80 44 101 783902 0 0 0
526 1092 65 10 424213 0 0 0
214 57 77 85 271267 0 0 0
562 -445 72 58 882439 0 0 0
-861 -91 58 109 182068 0 0 0
-614 -1023 107 23 331601 0 0 0
-26 -232 78 20 906196 0 0 0
-712 137 82 23 515074 0 0 0
-562 -227 79 66 393734 0 0 0
768 524 15 79 728261 0 0 0
-103 -968 103 17 828214 0 0 0
760 -288 112 39 887674 0 0 0
-632 461 14 83 796604 0 0 0
-51 -1121 1 102 110788 0 0 0
-16 -873 47 60 593704 0 0 0
79 -411 23 13 328720 0 0 0
841 -111 119 99 878462 0 0 0
588 9 3 17 771982 0 0 0
389 171 19 35 394396 0 0 0
983 1047 111 61 832689 0 0 0
-252 1042 64 46 815762 0 0 0
-439 362 111 87 897776 0 0 0
-1029 987 42 21 372013 0 0 0
-1054 -906 61 63 622956 0 0 0
-777 -274 122 94 721559 0 0 0
412 -618 53 36 451970 0 0 0
-14 -176 122 49 553848 0 0 0
-422 -154 37 41 837267 0 0 0
-187 88 78 37 190619 0 0 0
685 1023 49 7 588071 0 0 0
712 477 119 23 304904 0 0 0
-45 664 75 30 229977 0 0 0
-183 -390 90 66 474688 0 0 0
-345 277 59 105 875287 0 0 0
451 790 86 4 988201 0 0 0
2 -1093 6 18 218484 0 0 0
107 -399 46 12 689462 0 0 0
-579 -848 66 95 989631 0 0 0
201 -833 16 24 493279 0 0 0
-887 863 92 17 859093 0 0 0
1253 -600 11 5 912183 0 0 0
705 1109 75 55 303879 0 0 0
-1250 -802 106 1 793206 0 0 0
645 487 103 68 288744 0 0 0
445 764 60 7 335750 0 0 0
1174 841 62 113 810072 0 0 0
-104 -560 34 94 351059 0 0 0
195 1146 1 6 493439 0 0 0
1259 -606 65 51 326634 0 0 0
-67 1103 45 100 301922 0 0 0
356 -214 113 73 418887 0 0 0
-932 -1102 87 11 699523 0 0 0
-478 -265 62 21 110406 0 0 0
817 112 115 1 337399 0 0 0
214 347 16 88 882881 0 0 0
924 -266 48 58 265134 0 0 0
736 989 58 59 188641 0 0 0
78 183 55 59 536068 0 0 0
-255 1085 36 60 137348 0 0 0
-659 -88 25 42 508683 0 0 0
91 991 90 35 843471 0 0 0
22 -306 54 89 737184 0 0 0
-838 1134 30 28 939162 0 0 0
-616 246 91 65 874726 0 0 0
1126 642 31 74 446229 0 0 0
-950 -259 86 32 121040 0 0 0
-869 -1254 90 70 354813 0 0 0
-62 714 101 13 266559 0 0 0
-1048 830 69 104 397062 0 0 0
-510 -286 40 50 700981 0 0 0
233 -739 50 63 868910 0 0 0
-253 -622 26 113 999405 0 0 0
-836 -121 7 83 217631 0 0 0
-348 -884 109 36 770094 0 0 0
676 907 41 6 264197 0 0 0
-154 -657 20 12 111674 0 0 0
99 834 24 1 571273 0 0 0
1274 255 113 43 719386 0 0 0
-456 386 113 60 407939 0 0 0
-941 -435 47 100 108896 0 0 0
666 -302 28 84 444009 0 0 0
-569 -535 78 81 369520 0 0 0
-208 -476 95 107 771512 0 0 0
-303 950 35 1 448252 0 0 0
-790 -1262 126 106 925553 0 0 0
41 3 123 14 262956 0 0 0
-979 990 43 106 884140 0 0 0
880 1234 117 10 875139 0 0 0
-188 -635 104 59 553286 0 0 0
842 -763 56 70 909285 0 0 0
791 941 64 28 495519 0 0 0
-737 566 85 48 916333 0 0 0
1218 -483 17 85 500704 0 0 0
805 1033 6 75 337808 0 0 0
-583 890 63 48 968070 0 0 0
-236 -1261 48 67 964228 0 0 0
-43 -1027 113 65 808808 0 0 0
272 1105 124 83 775878 0 0 0
-201 839 62 66 720664 0 0 0
1241 -1210 50 25 779454 0 0 0
-565 840 122 25 417889 0 0 0
-107 70 44 80 464958 0 0 0
-751 -67 107 26 193266 0 0 0
-47 1225 105 23 336261 0 0 0
314 1088 92 9 479266 0 0 0
-921 1017 75 103 174266 0 0 0
-73 540 102 61 158067 0 0 0
-327 504 7 54 852645 0 0 0
1075 581 32 55 257575 0 0 0
-409 551 59 48 456288 0 0 0
596 -176 75 112 243871 0 0 0
-558 858 13 50 837131 0 0 0
-1116 390 99 52 858735 0 0 0
564 134 44 46 969234 0 0 0
-561 333 27 56 417506 0 0 0
-394 958 32 1 387310 0 0 0
163 64 101 71 260222 0 0 0
-34 -1222 42 9 329613 0 0 0
262 259 110 105 416583 0 0 0
-753 -898 27 4 599570 0 0 0
-1104 -1235 34 107 102639 0 0 0
-67 -1170 114 77 298090 0 0 0
964 255 78 65 397613 0 0 0
-366 -465 117 15 998286 0 0 0
-363 -155 6 7 983714 0 0 0
1245 -879 14 22 219851 0 0 0
-1009 -1046 40 22 552415 0 0 0
-635 487 110 91 640444 0 0 0
1122 346 24 24 120292 0 0 0
965 -889 87 22 631271 0 0 0
-602 47 115 101 302817 0 0 0
-235 1123 119 109 858110 0 0 0
297 -1064 10 55 130681 0 0 0
-521 1016 18 116 701692 0 0 0
582 -637 79 96 891510 0 0 0
690 48 91 35 884991 0 0 0
-325 816 75 81 985923 0 0 0
-984 -605 41 31 667874 0 0 0
338 -1216 48 48 454071 0 0 0
1195 1122 28 77 336582 0 0 0
390 -414 100 47 825955 0 0 0
-1298 -758 58 115 700033 0 0 0
1145 1100 72 31 953067 0 0 0
659 -9 106 100 306187 0 0 0
1159 -180 15 33 905130 0 0 0
1178 -997 57 114 932834 0 0 0
-565 -297 35 25 395346 0 0 0
1208 -864 65 10 565868 0 0 0
-909 -22 94 45 874043 0 0 0
867 -1161 29 33 237141 0 0 0
-403 -1081 44 113 109101 0 0 0
1108 569 101 62 816980 0 0 0
-1261 678 97 26 725828 0 0 0
-943 -1195 70 74 930617 0 0 0
825 -1223 5 115 396237 0 0 0
-1278 957 11 88 688994 0 0 0
-443 -655 1 108 930694 0 0 0
699 754 56 97 321958 0 0 0
-718 1205 117 97 975900 0 0 0
689 480 22 85 324610 0 0 0
21 576 10 6 652846 0 0 0
1034 574 7 40 962665 0 0 0
-783 996 103 34 324813 0 0 0
849 -1185 11 97 950943 0 0 0
-1049 -1059 41 2 819883 0 0 0
-863 583 63 111 112283 0 0 0
-706 -335 98 100 820240 0 0 0
862 912 12 114 166193 0 0 0
-813 -1061 111 70 668594 0 0 0
673 -558 31 37 551925 0 0 0
-940 1196 56 99 463062 0 0 0
-30 -347 50 21 482857 0 0 0
-656 645 126 21 523516 0 0 0
233 -884 104 4 334411 0 0 0
-741 275 22 39 541235 0 0 0
301 11 109 35 143340 0 0 0
-1164 1041 14 34 729441 0 0 0
33 1059 16 105 834804 0 0 0
-392 418 94 36 216535 0 0 0
-180 38 62 24 304093 0 0 0
-495 744 28 52 696143 0 0 0
-288 -301 111 40 582658 0 0 0
-820 -1099 69 71 338495 0 0 0
312 -832 14 6 143495 0 0 0
-1096 -580 84 92 267168 0 0 0
-1239 -1037 78 79 584595 0 0 0
-799 244 43 7 861300 0 0 0
115 1192 38 106 742413 0 0 0
-403 508 81 104 436502 0 0 0
-138 -875 12 81 986362 0 0 0
-302 -181 26 58 544975 0 0 0
994 239 55 36 957851 0 0 0
-829 -795 66 44 804115 0 0 0
-943 515 69 47 879198 0 0 0
-756 -61 117 69 675938 0 0 0
890 -1142 125 108 570358 0 0 0
1052 1006 36 27 795613 0 0 0
1118 -669 14 81 366857 0 0 0
880 -808 64 14 815257 0 0 0
510 -57 53 63 196600 0 0 0
-133 571 39 82 625097 0 0 0
537 -724 66 57 386856 0 0 0
-949 -304 89 114 863511 0 0 0
580 572 122 97 345684 0 0 0
-239 -513 16 84 337651 0 0 0
-113 348 113 16 128483 0 0 0
378 -792 16 102 714030 0 0 0
-185 -694 71 63 777980 0 0 0
1255 -384 2 44 645828 0 0 0
205 -994 84 32 627412 0 0 0
1047 742 58 81 413731 0 0 0
835 -571 76 36 572001 0 0 0
-1274 -1091 80 45 151298 0 0 0
850 -1272 57 63 246044 0 0 0
-668 921 80 24 462393 0 0 0
-831 -23 124 46 524090 0 0 0
1296 -773 35 74 257940 0 0 0
-1071 -262 69 84 455107 0 0 0
27 177 80 92 716739 0 0 0
-1102 342 126 15 511524 0 0 0
-127 922 128 62 949434 0 0 0
1051 -286 122 108 220495 0 0 0
-1298 566 47 30 267494 0 0 0
631 46 67 7 734586 0 0 0
623 -1187 100 13 729046 0 0 0
1107 -182 92 29 420074 0 0 0
1117 -527 102 101 226504 0 0 0
-1176 1184 116 51 186699 0 0 0
-1160 62 20 69 267203 0 0 0
-588 -172 109 42 734720 0 0 0
790 1019 9 20 528109 0 0 0
804 1026 68 30 711436 0 0 0
987 6 114 53 661158 0 0 0
-1268 -1103 75 1 434837 0 0 0
-774 -476 62 59 391550 0 0 0
-813 -265 4 12 457853 0 0 0
1081 1117 21 25 566699 0 0 0
623 829 28 17 159664 0 0 0
205 -344 3 41 127757 0 0 0
708 -669 14 53 138039 0 0 0
159 81 19 111 149807 0 0 0
956 917 68 114 786557 0 0 0
-757 328 59 43 793403 0 0 0
-732 -776 4 39 241788 0 0 0
134 667 87 74 327876 0 0 0
719 869 55 90 594536 0 0 0
-241 339 23 63 996974 0 0 0
-541 -775 117 17 410185 0 0 0
962 676 113 26 151453 0 0 0
-235 -390 94 5 769192 0 0 0
693 -1286 68 92 191346 0 0 0
-216 513 59 94 580406 0 0 0
-1136 -747 57 90 551990 0 0 0
-569 -577 105 51 894859 0 0 0
315 1023 16 80 616223 0 0 0
199 1209 5 16 851714 0 0 0
381 -585 7 61 658723 0 0 0
541 860 90 15 311210 0 0 0
599 -644 18 112 594997 0 0 0
1222 1242 103 115 851222 0 0 0
783 902 51 40 804701 0 0 0
497 791 42 110 443808 0 0 0
-130 717 54 108 175951 0 0 0
-602 943 72 59 261388 0 0 0
-763 -1159 54 106 507979 0 0 0
-1292 949 51 58 993382 0 0 0
-1058 457 117 66 421581 0 0 0
8 285 77 7 169785 0 0 0
178 -1135 49 1 868754 0 0 0
420 -458 98 77 501339 0 0 0
224 -704 81 84 742211 0 0 0
346 -894 123 109 506686 0 0 0
-1106 1231 88 102 668940 0 0 0
666 -1170 18 57 759627 0 0 0
-500 493 7 19 976027 0 0 0
500 -173 62 67 130427 0 0 0
1227 -164 114 23 377434 0 0 0
-568 915 27 56 980071 0 0 0
-297 -1219 44 10 554742 0 0 0
-1173 387 124 89 721209 0 0 0
381 -665 61 37 733918 0 0 0
-743 -1298 102 40 208623 0 0 0
-295 -27 97 14 574358 0 0 0
-39 959 76 51 239673 0 0 0
-939 43 112 113 903802 0 0 0
943 382 91 1 215518 0 0 0
32 -582 113 51 434668 0 0 0
762 -793 40 70 789294 0 0 0
-583 -141 7 104 162162 0 0 0
-933 1215 106 93 694583 0 0 0
-171 -1169 8 45 547215 0 0 0
-627 53 59 85 489182 0 0 0
380 -621 102 24 182213 0 0 0
351 899 51 45 110105 0 0 0
-433 -111 33 71 880598 0 0 0
-451 -457 100 96 625545 0 0 0
376 -883 96 47 968274 0 0 0
845 -1276 17 3 434094 0 0 0
-941 -1218 73 36 186149 0 0 0
-721 914 117 107 167723 0 0 0
351 400 89 63 568632 0 0 0
1054 -1221 124 25 292623 0 0 0
511 216 7 91 103583 0 0 0
611 -414 126 74 154287 0 0 0
660 -205 90 57 528078 0 0 0
1290 -369 74 1 569004 0 0 0
-142 -924 102 21 636182 0 0 0
770 -306 23 3 205170 0 0 0
-583 458 106 72 957138 0 0 0
499 1245 45 71 740395 0 0 0
364 1131 75 110 214652 0 0 0
-713 691 61 47 489936 0 0 0
652 -31 75 52 406785 0 0 0
1205 -32 56 101 709268 0 0 0
-248 1071 85 44 976109 0 0 0
348 -819 44 101 432524 0 0 0
-985 92 13 40 907733 0 0 0
-568 -101 84 63 163470 0 0 0
-1109 -57 83 110 739677 0 0 0
611 -750 86 10 564573 0 0 0
502 -684 15 26 923713 0 0 0
-609 312 13 26 175631 0 0 0
-901 36 107 18 665803 0 0 0
906 383 93 74 284391 0 0 0
78 283 37 89 204978 0 0 0
-419 826 90 7 998993 0 0 0
1030 -616 107 38 516845 0 0 0
-114 -997 63 61 843860 0 0 0
-856 875 101 66 358094 0 0 0
-910 -370 69 26 388444 0 0 0
1022 280 14 31 921918 0 0 0
-453 266 83 30 334049 0 0 0
-283 12 106 69 663873 0 0 0
84 -1048 129 105 479055 0 0 0
-425 -1046 82 7 392114 0 0 0
-378 1218 98 116 725308 0 0 0
-1019 535 53 97 298226 0 0 0
-154 -304 48 75 347650 0 0 0
-904 108 9 46 942393 0 0 0
871 678 96 94 788071 0 0 0
354 841 47 25 531127 0 0 0
-1068 722 14 33 264556 0 0 0
1240 333 36 103 797561 0 0 0
-950 1058 53 58 990677 0 0 0
-996 -1052 21 101 538361 0 0 0
-541 -427 92 29 119576 0 0 0
-667 -313 30 110 276879 0 0 0
-1198 -617 57 15 229857 0 0 0
632 -707 78 19 607579 0 0 0
-68 -1103 26 67 878429 0 0 0
-259 982 76 19 194488 0 0 0
152 -1219 64 23 460084 0 0 0
1003 519 26 19 582583 0 0 0
-846 946 80 56 145978 0 0 0
-1256 -668 126 21 254004 0 0 0
445 480 104 82 252137 0 0 0
-532 -923 125 34 275126 0 0 0
-617 -337 45 60 246723 0 0 0
457 463 37 34 123679 0 0 0
-541 413 8 21 545030 0 0 0
1121 -1127 99 26 975222 0 0 0
1216 -981 43 43 887378 0 0 0
41 721 60 55 234079 0 0 0
-1162 -231 46 56 749463 0 0 0
-1019 -989 17 24 795559 0 0 0
-1116 1263 39 34 439254 0 0 0
391 493 120 22 885551 0 0 0
-754 240 127 90 308686 0 0 0
191 -766 128 67 730821 0 0 0
-775 -1068 3 107 187298 0 0 0
-574 370 70 54 891525 0 0 0
541 -248 14 58 408941 0 0 0
-289 -685 95 6 456403 0 0 0
1132 -1181 67 32 372999 0 0 0
985 1177 3 11 854600 0 0 0
-382 -790 20 62 907268 0 0 0
-861 -300 100 4 141149 0 0 0
466 -139 128 34 871436 0 0 0
-426 1084 79 105 259995 0 0 0
654 919 84 90 890754 0 0 0
-199 1081 113 96 598756 0 0 0
-603 55 117 92 121184 0 0 0
-1213 -100 91 80 974555 0 0 0
730 306 4 94 616486 0 0 0
-901 -452 78 14 322102 0 0 0
-233 -492 48 55 104388 0 0 0
-6 22 30 115 588249 0 0 0
967 1180 112 6 147229 0 0 0
-20 -1046 6 66 523830 0 0 0
787 97 48 57 728132 0 0 0
43 -359 93 72 365765 0 0 0
1052 -704 19 60 125177 0 0 0
346 -562 70 106 107061 0 0 0
-329 64 129 39 260348 0 0 0
658 1188 78 50 781155 0 0 0
-326 1028 88 25 995701 0 0 0
-930 -18 54 42 968039 0 0 0
-718 889 32 109 457637 0 0 0
-102 193 46 62 737604 0 0 0
1094 195 28 79 304183 0 0 0
668 415 113 86 134139 0 0 0
-158 -1216 60 57 296298 0 0 0
-336 977 39 65 861936 0 0 0
962 -734 37 48 833197 0 0 0
1080 148 1 35 269885 0 0 0
-569 -768 66 32 196811 0 0 0
275 -67 26 72 344905 0 0 0
-1213 1278 57 11 376434 0 0 0
-607 -764 74 96 574767 0 0 0
50 902 97 110 370916 0 0 0
-11 -309 17 41 444106 0 0 0
-1043 108 8 97 393772 0 0 0
-866 -282 45 4 243928 0 0 0
829 -987 122 83 910764 0 0 0
-250 1161 14 96 643714 0 0 0
549 708 5 40 965199 0 0 0
-868 -244 54 3 922169 0 0 0
124 -1146 59 81 370319 0 0 0
840 1172 98 96 150158 0 0 0
1158 599 88 78 389103 0 0 0
-196 -307 74 70 281918 0 0 0
540 -535 104 15 770189 0 0 0
-1161 298 96 111 987157 0 0 0
769 -181 74 7 786823 0 0 0
1295 -842 43 60 539842 0 0 0
1247 -1300 65 14 191110 0 0 0
738 1007 63 86 778007 0 0 0
-81 250 69 83 101693 0 0 0
-1057 583 44 108 469840 0 0 0
495 1178 9 57 472668 0 0 0
384 -637 65 90 433630 0 0 0
-298 256 112 64 841662 0 0 0
62 1254 61 96 966476 0 0 0
-1118 729 86 20 417156 0 0 0
968 513 93 57 827433 0 0 0
-379 750 97 49 557031 0 0 0
186 -626 105 34 322014 0 0 0
-423 797 75 43 699997 0 0 0
-669 -955 103 100 502239 0 0 0
179 301 8 42 936258 0 0 0
1274 413 31 76 611572 0 0 0
170 -1237 117 49 320527 0 0 0
-851 503 84 96 107973 0 0 0
52 -159 91 30 742224 0 0 0
-45 237 127 32 800730 0 0 0
-1029 258 20 83 893049 0 0 0
492 -480 115 67 583249 0 0 0
-1033 -499 94 8 812827 0 0 0
-1257 -78 24 5 796859 0 0 0
152 -314 83 15 895136 0 0 0
-274 -1296 7 33 233928 0 0 0
-713 738 127 59 225597 0 0 0
734 -537 126 62 994919 0 0 0
895 -798 99 73 718494 0 0 0
-40 1167 100 43 305707 0 0 0
-244 33 36 37 536431 0 0 0
1214 -150 83 66 837425 0 0 0
-787 -91 8 68 389254 0 0 0
701 -38 87 49 449437 0 0 0
1034 149 65 26 846723 0 0 0
-473 792 115 79 959784 0 0 0
115 316 53 38 676678 0 0 0
-630 -393 62 26 899949 0 0 0
-452 -26 29 26 169932 0 0 0
819 1176 42 59 437193 0 0 0
-967 -525 58 82 859362 0 0 0
464 -669 74 6 416522 0 0 0
-484 332 107 59 827625 0 0 0
-229 205 47 7 196382 0 0 0
-1052 -468 48 8 818278 0 0 0
824 857 57 85 317891 0 0 0
-947 -280 18 108 791998 0 0 0
-1271 -944 30 14 240204 0 0 0
-232 -1266 23 2 506562 0 0 0
215 -695 6 90 826798 0 0 0
-702 -534 13 93 925362 0 0 0
531 -630 42 63 565570 0 0 0
-1087 166 8 79 662169 0 0 0
132 616 127 104 382019 0 0 0
-553 1248 81 96 331631 0 0 0
-600 -1055 70 78 572100 0 0 0
248 859 78 57 634324 0 0 0
66 143 113 36 302992 0 0 0
460 456 116 105 371843 0 0 0
-9 1083 10 77 804735 0 0 0
1142 -632 85 98 806919 0 0 0
-701 -1127 124 47 441193 0 0 0
-593 -1124 40 86 679649 0 0 0
1026 -674 35 63 164607 0 0 0
-497 -149 58 36 981896 0 0 0
-1199 1280 117 14 939569 0 0 0
-894 202 112 56 420336 0 0 0
-290 -1259 50 21 625930 0 0 0
-46 430 21 101 216853 0 0 0
-1226 -674 103 84 195400 0 0 0
72 -318 76 98 167650 0 0 0
1060 1133 61 68 487046 0 0 0
331 -664 83 8 864028 0 0 0
410 131 36 72 874851 0 0 0
-1006 859 52 112 597789 0 0 0
-967 -199 96 81 539522 0 0 0
71 -734 109 47 165962 0 0 0
-577 1015 27 30 576582 0 0 0
349 360 104 83 876128 0 0 0
-225 295 110 73 504164 0 0 0
1271 -1271 124 37 969284 0 0 0
247 -1012 22 102 525432 0 0 0
766 312 58 10 446187 0 0 0
1212 -266 129 43 960334 0 0 0
-306 700 114 69 611240 0 0 0
-626 -1221 98 57 169601 0 0 0
137 346 76 94 250916 0 0 0
262 205 82 81 124204 0 0 0
494 527 66 56 441646 0 0 0
-436 -463 26 37 584354 0 0 0
921 708 127 35 518226 0 0 0
-762 -398 6 86 523299 0 0 0
31 212 44 96 712190 0 0 0
-802 709 1 81 819719 0 0 0
76 -363 4 19 551642 0 0 0
-230 -725 41 95 906690 0 0 0
-1 -859 58 112 671709 0 0 0
-859 1197 96 112 840235 0 0 0
1244 794 83 47 969540 0 0 0
255 361 11 13 981378 0 0 0
473 -1033 115 51 884023 0 0 0
-751 -260 102 43 383019 0 0 0
1156 1198 23 58 677965 0 0 0
268 130 45 50 230021 0 0 0
-11 501 21 80 217291 0 0 0
-960 349 10 93 681805 0 0 0
413 -1292 21 116 338548 0 0 0
892 -1191 123 59 115937 0 0 0
-638 113 14 39 163435 0 0 0
-1108 -668 37 75 394712 0 0 0
1140 1022 126 45 977438 0 0 0
561 -950 116 64 468604 0 0 0
1013 -592 93 88 262635 0 0 0
-697 162 90 64 513670 0 0 0
-640 515 112 15 409742 0 0 0
673 1231 19 83 906742 0 0 0
1165 -153 42 101 744202 0 0 0
-853 33 115 70 935460 0 0 0
849 392 87 2 771503 0 0 0
-892 -918 78 48 512756 0 0 0
311 -656 14 38 189199 0 0 0
563 976 8 38 950066 0 0 0
711 -275 7 13 272206 0 0 0
581 336 90 100 672768 0 0 0
-637 1015 17 57 328167 0 0 0
499 860 49 25 191454 0 0 0
-725 -551 81 112 651798 0 0 0
710 542 99 86 636133 0 0 0
-797 796 38 56 766419 0 0 0
-711 -886 39 39 486528 0 0 0
210 875 13 12 508436 0 0 0
-752 -1200 39 5 986785 0 0 0
-643 881 29 12 960168 0 0 0
431 971 116 114 616409 0 0 0
-650 1129 79 110 228160 0 0 0
-161 -811 126 33 227929 0 0 0
-845 259 93 65 106823 0 0 0
1101 35 50 108 502509 0 0 0
-1197 222 16 109 318441 0 0 0
-932 944 93 67 424244 0 0 0
-361 1176 9 1 586933 0 0 0
1253 630 101 73 283903 0 0 0
-581 832 110 111 973740 0 0 0
-252 573 29 70 990758 0 0 0
-208 -881 122 29 500304 0 0 0
-43 -939 18 86 892918 0 0 0
-267 1013 127 33 168534 0 0 0
865 -605 102 6 633041 0 0 0
-970 1116 23 103 600570 0 0 0
1284 968 106 3 517120 0 0 0
-1053 685 102 74 193575 0 0 0
-1102 370 81 101 765365 0 0 0
586 46 81 94 538901 0 0 0
-809 1004 103 102 252478 0 0 0
-725 935 26 66 204383 0 0 0
1045 1278 44 19 583521 0 0 0
343 835 27 28 485583 0 0 0
-500 -514 68 40 272364 0 0 0
1078 -388 112 4 194125 0 0 0
-817 1259 23 81 723088 0 0 0
-46 -900 64 37 718994 0 0 0
-1285 431 25 34 661403 0 0 0
372 -636 98 50 824944 0 0 0
603 1142 34 83 339560 0 0 0
-1192 536 11 44 784314 0 0 0
651 -175 30 67 423953 0 0 0
790 653 114 8 125517 0 0 0
-619 -495 101 104 861034 0 0 0
900 912 11 76 686057 0 0 0
922 560 47 88 956331 0 0 0
295 -67 121 90 508033 0 0 0
-1260 -452 83 64 791033 0 0 0
400 -575 110 46 823979 0 0 0
-486 -546 63 87 285906 0 0 0
-829 -1242 26 53 632371 0 0 0
850 1068 52 102 119208 0 0 0
568 683 114 55 904675 0 0 0
99 975 109 4 763810 0 0 0
-75 1222 80 79 325749 0 0 0
1239 797 114 6 137352 0 0 0
1025 258 93 93 660433 0 0 0
-230 1058 46 32 615256 0 0 0
1296 923 46 6 740183 0 0 0
209 -887 26 8 798121 0 0 0
817 -793 34 88 238917 0 0 0
-518 -628 115 106 851217 0 0 0
1010 -312 114 50 756903 0 0 0
-42 921 31 62 325264 0 0 0
-737 1284 52 48 971655 0 0 0
-312 986 99 57 190406 0 0 0
623 524 39 46 512366 0 0 0
-1171 715 1 36 912264 0 0 0
1131 784 20 108 435351 0 0 0
-691 483 120 20 823032 0 0 0
-153 -1073 74 28 960735 0 0 0
-1099 996 106 75 925339 0 0 0
-280 -638 22 38 294758 0 0 0
-29 -375 123 93 484961 0 0 0
-39 1182 21 79 109543 0 0 0
564 -1118 107 102 564048 0 0 0
-298 -1092 15 99 148080 0 0 0
1127 1266 14 46 100939 0 0 0
52 422 35 68 945594 0 0 0
-1105 -1095 35 53 105109 0 0 0
-134 703 27 8 710869 0 0 0
-735 -457 16 77 695857 0 0 0
-1023 -944 3 34 570713 0 0 0
511 1161 14 91 748188 0 0 0
1010 -640 104 38 289367 0 0 0
-1164 -525 104 72 153970 0 0 0
-1250 706 56 64 615799 0 0 0
-502 155 69 19 530593 0 0 0
-1025 308 102 26 406038 0 0 0
-951 -1058 8 109 120363 0 0 0
-222 -398 50 95 654481 0 0 0
1066 140 128 93 137821 0 0 0
197 -1217 24 66 461522 0 0 0
-948 -343 42 115 521896 0 0 0
-1124 -89 25 63 592685 0 0 0
-680 533 44 64 945987 0 0 0
713 1222 102 114 824779 0 0 0
-814 341 69 102 216692 0 0 0
-361 859 65 52 767597 0 0 0
-709 587 61 62 894769 0 0 0
-384 623 113 66 580410 0 0 0
821 -867 30 61 222539 0 0 0
40 534 76 6 544595 0 0 0
-91 -97 128 45 258929 0 0 0
96 -1042 106 24 298196 0 0 0
966 -745 100 101 413671 0 0 0
210 810 2 112 331650 0 0 0
-463 -784 78 33 210105 0 0 0
-269 -1102 106 58 869969 0 0 0
-1110 603 81 43 588418 0 0 0
597 -1032 110 43 601818 0 0 0
32 373 54 14 806868 0 0 0
141 474 34 13 315830 0 0 0
-398 722 79 29 807024 0 0 0
1129 -751 99 9 670743 0 0 0
-1026 150 63 72 983519 0 0 0
-687 1161 11 1 988392 0 0 0
204 276 111 33 807679 0 0 0
260 1120 120 80 169302 0 0 0
-752 -1173 5 61 887498 0 0 0
339 -89 69 52 551129 0 0 0
290 1150 15 61 257439 0 0 0
434 -1042 102 10 443316 0 0 0
353 235 81 107 867317 0 0 0
959 443 70 76 135307 0 0 0
-682 -827 23 32 393196 0 0 0
592 584 36 53 873517 0 0 0
-243 156 5 31 791581 0 0 0
930 314 3 24 754735 0 0 0
628 569 105 91 501047 0 0 0
-774 336 46 46 862115 0 0 0
-731 960 87 69 863889 0 0 0
1260 1204 90 58 869939 0 0 0
-953 92 33 56 456027 0 0 0
1076 -302 12 25 772227 0 0 0
806 -876 114 48 285261 0 0 0
-83 675 114 7 128323 0 0 0
-1290 -1054 4 112 658780 0 0 0
793 -9 45 40 520526 0 0 0
852 -682 51 6 751643 0 0 0
300 -957 9 11 997314 0 0 0
-849 -288 87 101 960993 0 0 0
802 465 57 70 721154 0 0 0
767 -703 127 18 500075 0 0 0
-390 1226 79 41 385580 0 0 0
293 -132 64 98 224916 0 0 0
-7 383 66 63 562679 0 0 0
-60 -322 102 16 453745 0 0 0
472 814 106 88 576710 0 0 0
-951 -709 68 102 875888 0 0 0
-32 271 57 9 570172 0 0 0
-258 106 35 3 707150 0 0 0
1271 42 111 95 507026 0 0 0
606 -81 52 24 873478 0 0 0
-1270 219 38 96 316115 0 0 0
-203 -537 10 4 908226 0 0 0
-266 -523 125 49 688272 0 0 0
830 1066 116 6 763828 0 0 0
179 996 128 25 910786 0 0 0
850 -814 60 85 720018 0 0 0
874 -771 114 6 946907 0 0 0
1274 -138 73 47 138334 0 0 0
-330 -989 70 110 654570 0 0 0
-1130 -798 102 51 404051 0 0 0
262 -553 101 36 663548 0 0 0
-484 1217 49 35 749108 0 0 0
865 657 69 113 302877 0 0 0
-230 -995 58 57 951439 0 0 0
-1168 -130 33 46 475212 0 0 0
-263 -760 23 104 478668 0 0 0
514 -724 126 40 320562 0 0 0
-735 -718 79 34 669202 0 0 0
-440 -771 98 96 392508 0 0 0
-947 -1278 93 91 818397 0 0 0
-1250 358 109 73 855218 0 0 0
1162 582 19 36 200060 0 0 0
-199 522 46 111 569994 0 0 0
573 553 29 55 732697 0 0 0
-362 602 14 78 632588 0 0 0
893 1162 63 4 538500 0 0 0
-187 821 3 4 690364 0 0 0
251 72 104 50 707864 0 0 0
-66 -686 88 106 571731 0 0 0
-1258 -590 4 14 791719 0 0 0
192 -153 88 36 776198 0 0 0
-526 -698 90 104 535378 0 0 0
703 -518 88 112 204782 0 0 0
1085 128 106 60 937061 0 0 0
538 1270 101 29 107353 0 0 0
-599 554 108 114 358668 0 0 0
634 222 74 45 199793 0 0 0
476 1172 6 16 327651 0 0 0
1062 278 104 55 349832 0 0 0
1135 1087 28 18 536641 0 0 0
383 -1266 27 15 345421 0 0 0
1011 -1179 53 9 397619 0 0 0
890 775 105 28 654979 0 0 0
-448 -813 91 91 164398 0 0 0
-1015 -224 32 70 122542 0 0 0
-1075 743 103 51 692146 0 0 0
-107 19 114 88 429796 0 0 0
-32 -266 70 74 116663 0 0 0
-411 -736 96 74 698237 0 0 0
-243 -424 5 21 965138 0 0 0
175 -752 100 72 157414 0 0 0
1203 -472 9 82 436439 0 0 0
-609 -698 3 29 371828 0 0 0
1075 -869 43 74 283580 0 0 0
464 -1050 57 47 623646 0 0 0
58 -1017 89 74 644016 0 0 0
-1080 694 3 43 364931 0 0 0
-180 -93 40 19 132965 0 0 0
59 1264 70 6 844501 0 0 0
998 -497 22 86 194653 0 0 0
582 -34 92 96 795087 0 0 0
-124 1116 38 19 242629 0 0 0
-185 -623 31 111 472501 0 0 0
343 966 67 107 887653 0 0 0
51 34 19 56 383913 0 0 0
196 726 25 80 787436 0 0 0
-81 -679 33 62 891140 0 0 0
435 -60 112 105 272910 0 0 0
1194 -49 64 22 722026 0 0 0
-1297 -637 25 108 301469 0 0 0
-271 704 14 8 889857 0 0 0
-733 -303 89 88 837069 0 0 0
-1063 -190 1 22 358045 0 0 0
-757 199 83 86 375768 0 0 0
144 664 120 91 934494 0 0 0
728 479 37 41 713979 0 0 0
-613 -1025 19 113 831775 0 0 0
694 -381 98 61 843720 0 0 0
-125 44 77 107 877153 0 0 0
1278 904 1 63 470191 0 0 0
-830 -76 33 59 392311 0 0 0
601 -581 89 21 250346 0 0 0
952 -796 5 31 112088 0 0 0
789 -470 79 87 148791 0 0 0
414 -1140 50 64 371664 0 0 0
461 982 3 42 398226 0 0 0
950 -286 67 110 591088 0 0 0
-295 782 106 103 657140 0 0 0
-694 1129 55 19 724916 0 0 0
-993 -56 3 70 719188 0 0 0
-235 -535 45 78 521616 0 0 0
-871 -86 120 112 823338 0 0 0
159 -24 45 115 656005 0 0 0
661 328 48 60 817282 0 0 0
1115 -422 48 115 611138 0 0 0
347 -79 37 61 698739 0 0 0
-821 -148 20 61 353687 0 0 0
-647 -1003 96 111 481847 0 0 0
1106 -1216 89 39 943952 0 0 0
1058 -82 54 9 387681 0 0 0
-705 658 39 32 297220 0 0 0
494 -899 34 81 783016 0 0 0
-858 708 97 48 652701 0 0 0
-931 1236 56 77 372448 0 0 0
1048 -1198 21 78 888317 0 0 0
782 166 20 7 233110 0 0 0
889 -522 38 68 316547 0 0 0
987 1283 129 3 549799 0 0 0
-52 118 108 23 668329 0 0 0
-396 -1002 62 106 564006 0 0 0
-351 260 120 82 304819 0 0 0
1198 -69 120 42 581052 0 0 0
950 84 81 26 296916 0 0 0
231 759 35 79 603865 0 0 0
591 359 27 24 886257 0 0 0
-944 -332 47 46 886713 0 0 0
1154 182 81 64 584561 0 0 0
1261 -1128 83 28 671268 0 0 0
550 -640 122 13 472388 0 0 0
-1061 -671 91 57 140252 0 0 0
-360 -1145 110 100 744285 0 0 0
763 -888 104 23 282296 0 0 0
1139 -1060 79 16 999371 0 0 0
641 593 4 29 472414 0 0 0
164 71 45 38 323324 0 0 0
-369 -44 79 29 876911 0 0 0
369 193 120 109 819862 0 0 0
784 -132 55 53 831628 0 0 0
461 -796 115 79 137637 0 0 0
-705 1205 108 31 953080 0 0 0
904 -521 55 59 840599 0 0 0
-285 -950 40 14 547790 0 0 0
905 -868 62 92 262290 0 0 0
-320 136 103 80 552399 0 0 0
354 -1150 19 89 424243 0 0 0
-906 -1225 103 98 523565 0 0 0
-561 921 67 54 427498 0 0 0
371 -872 69 24 530085 0 0 0
-815 -743 124 11 901471 0 0 0
-1219 -1099 39 5 794740 0 0 0
-885 -875 128 27 634824 0 0 0
-96 699 52 33 940247 0 0 0
925 -1006 63 101 145982 0 0 0
113 372 30 10 564634 0 0 0
-1237 1257 1 57 778703 0 0 0
891 426 26 38 797217 0 0 0
961 -1040 82 93 768868 0 0 0
-394 441 71 67 425942 0 0 0
-809 715 128 103 747973 0 0 0
-990 -444 50 54 660871 0 0 0
1034 1009 85 81 619423 0 0 0
169 1226 53 97 964108 0 0 0
1182 -321 29 98 144449 0 0 0
1096 235 121 92 908914 0 0 0
1035 -1218 18 13 640430 0 0 0
-1016 194 30 62 940351 0 0 0
-835 933 119 95 923442 0 0 0
412 728 28 20 762316 0 0 0
-166 -853 121 100 849471 0 0 0
-555 964 121 103 396630 0 0 0
-1291 299 116 87 212233 0 0 0
-1062 -1132 52 109 276240 0 0 0
-1063 586 79 102 294000 0 0 0
92 -390 20 115 279234 0 0 0
1096 734 120 8 980697 0 0 0
443 -1116 78 13 527529 0 0 0
-8 1202 102 110 407528 0 0 0
681 -792 43 75 484266 0 0 0
189 -805 5 32 816309 0 0 0
995 -1281 75 23 920487 0 0 0
191 -484 69 79 943277 0 0 0
1286 -897 99 13 853475 0 0 0
-934 498 79 58 842678 0 0 0
100 544 113 85 435641 0 0 0
136 -577 118 116 401801 0 0 0
1030 -32 2 111 674392 0 0 0
395 -1283 112 70 399592 0 0 0
180 1206 52 88 574259 0 0 0
-700 591 93 98 990928 0 0 0
-699 1128 83 5 986046 0 0 0
501 30 10 24 569909 0 0 0
350 761 87 42 584328 0 0 0
-860 -114 97 20 656605 0 0 0
-572 -761 68 51 572782 0 0 0
471 374 84 44 191148 0 0 0
-134 308 33 86 876662 0 0 0
905 -1180 49 89 226723 0 0 0
-293 -989 92 111 825135 0 0 0
1274 -326 14 26 759196 0 0 0
728 121 66 108 288122 0 0 0
-502 -765 7 67 359080 0 0 0
69 -428 38 35 191556 0 0 0
-334 514 63 14 930959 0 0 0
-1019 710 31 103 837200 0 0 0
401 -386 82 8 816428 0 0 0
500 1052 4 33 857414 0 0 0
950 1232 42 85 457635 0 0 0
-282 253 13 79 539526 0 0 0
-489 -842 41 79 864480 0 0 0
126 54 18 61 672516 0 0 0
-52 -920 68 68 335302 0 0 0
1084 -298 45 34 505759 0 0 0
915 201 20 97 576294 0 0 0
-631 1099 112 107 714690 0 0 0
361 -254 39 48 877210 0 0 0
453 647 73 13 896790 0 0 0
-47 -587 2 12 851731 0 0 0
840 1279 65 40 311284 0 0 0
1268 -1100 99 70 500523 0 0 0
706 353 31 89 589109 0 0 0
-1013 -435 41 80 954951 0 0 0
1185 557 4 65 726414 0 0 0
372 -207 40 35 114842 0 0 0
-927 7 79 59 109102 0 0 0
158 -430 108 67 171804 0 0 0
9 -455 50 4 406937 0 0 0
-788 449 98 103 751206 0 0 0
