1400
1078 1132 51 99 816469 0 0 0
116 1145 11 104 666120 0 0 0
722 205 107 56 227335 0 0 0
-1267 -556 15 79 463750 0 0 0
1263 -994 74 84 587269 0 0 0
-1212 -562 73 1 816171 0 0 0
-927 -331 19 22 737286 0 0 0
719 1301 52 76 727172 0 0 0
-914 781 47 35 467141 0 0 0
1306 489 68 19 433525 0 0 0
-524 -1292 13 69 287819 0 0 0
-624 415 24 117 165016 0 0 0
-1309 591 63 11 904444 0 0 0
621 -770 77 97 325203 0 0 0
-910 -1389 93 49 532485 0 0 0
219 -1210 89 105 253421 0 0 0
-406 -170 41 90 516347 0 0 0
-824 -212 72 107 448107 0 0 0
-649 478 98 124 256002 0 0 0
1372 -957 132 26 128872 0 0 0
1367 -496 124 57 112083 0 0 0
-1244 -1088 118 69 526205 0 0 0
-488 227 82 11 233084 0 0 0
-65 431 18 116 893096 0 0 0
39 353 90 38 956165 0 0 0
-1176 -885 99 21 212444 0 0 0
-1388 1399 106 57 956917 0 0 0
389 -385 97 104 742498 0 0 0
1187 1144 19 79 562711 0 0 0
1280 1305 32 9 934799 0 0 0
-1094 144 82 4 783044 0 0 0
-420 401 20 50 618724 0 0 0
-651 -478 37 100 751451 0 0 0
-612 1274 39 93 521769 0 0 0
610 221 88 27 810777 0 0 0
-1332 -487 4 116 602647 0 0 0
-887 1392 21 67 109062 0 0 0
1396 1139 128 80 378952 0 0 0
1112 -368 126 32 927511 0 0 0
1151 42 90 87 667661 0 0 0
-734 -677 34 59 847881 0 0 0
-455 1165 34 91 724960 0 0 0
479 -1350 111 86 169260 0 0 0
561 843 116 66 898330 0 0 0
-1319 402 124 61 210259 0 0 0
-56 822 119 56 396012 0 0 0
-751 -832 11 124 752914 0 0 0
-46 -539 22 105 947408 0 0 0
-592 -456 30 34 747937 0 0 0
-295 318 101 5 858241 0 0 0
-923 -1043 1 97 544030 0 0 0
674 -457 37 87 216558 0 0 0
1287 1106 23 63 237718 0 0 0
-666 -801 92 49 146550 0 0 0
-314 1391 75 73 477416 0 0 0
1030 1334 74 18 307393 0 0 0
-683 62 116 42 334177 0 0 0
104 -566 18 107 611474 0 0 0
-1296 -751 53 61 461041 0 0 0
1109 1148 19 75 156528 0 0 0
-159 -925 7 23 623555 0 0 0
1294 548 26 29 823451 0 0 0
471 453 89 35 291196 0 0 0
1012 -810 1 113 937011 0 0 0
1294 -42 124 50 752149 0 0 0
881 -157 3 1 193183 0 0 0
-1093 77 74 30 640663 0 0 0
-202 -958 3 69 166574 0 0 0
620 -991 99 85 510607 0 0 0
255 713 137 114 485083 0 0 0
403 491 124 91 176512 0 0 0
663 660 119 5 413910 0 0 0
-258 -686 27 45 952426 0 0 0
753 -1209 116 118 832974 0 0 0
489 692 64 108 548297 0 0 0
-656 -2 59 28 279285 0 0 0
671 666 132 69 212606 0 0 0
-706 -44 52 48 607794 0 0 0
148 1384 125 42 776942 0 0 0
-104 789 74 56 449991 0 0 0
957 269 35 48 530527 0 0 0
-1221 -1299 126 48 221580 0 0 0
80 -837 86 18 239523 0 0 0
-683 844 56 86 364149 0 0 0
-582 684 124 12 315205 0 0 0
1200 1303 118 27 843885 0 0 0
660 687 129 124 910367 0 0 0
-150 249 97 39 440128 0 0 0
-1035 186 10 106 515104 0 0 0
-440 1315 109 27 443693 0 0 0
-1050 735 82 38 446658 0 0 0
-354 554 39 45 473317 0 0 0
148 -714 122 3 804122 0 0 0
334 -560 125 27 695394 0 0 0
355 489 25 61 542982 0 0 0
547 -1171 88 108 470963 0 0 0
-22 -977 137 21 956715 0 0 0
224 292 96 17 327267 0 0 0
-1020 537 78 120 311651 0 0 0
-28 921 131 50 973689 0 0 0
730 317 28 3 182205 0 0 0
952 387 100 107 353918 0 0 0
828 -210 34 54 203468 0 0 0
409 714 8 64 703600 0 0 0
338 1330 50 38 343355 0 0 0
1023 593 70 72 939951 0 0 0
-1295 1256 7 26 827101 0 0 0
-874 1272 115 77 448816 0 0 0
-966 531 118 63 935865 0 0 0
-553 515 94 103 182019 0 0 0
932 -780 72 45 236069 0 0 0
-753 753 3 66 593258 0 0 0
227 -833 91 20 571341 0 0 0
274 627 53 98 568252 0 0 0
-843 -1218 79 17 817059 0 0 0
-957 305 60 107 530842 0 0 0
-473 -905 134 75 733085 0 0 0
-246 871 70 86 815576 0 0 0
365 982 120 90 672994 0 0 0
833 -860 127 46 108713 0 0 0
307 -1268 99 112 147310 0 0 0
88 -118 9 34 449847 0 0 0
-1097 955 39 45 963235 0 0 0
322 -1335 137 83 580972 0 0 0
280 134 49 24 163700 0 0 0
-339 642 114 42 884370 0 0 0
1070 -1224 84 50 316954 0 0 0
-89 -645 21 114 215381 0 0 0
-1064 251 82 96 821179 0 0 0
876 953 103 18 267030 0 0 0
-1212 -407 41 6 152704 0 0 0
-791 1029 127 94 108061 0 0 0
606 236 2 21 237401 0 0 0
-1275 -476 20 90 880740 0 0 0
688 -1131 84 74 312468 0 0 0
887 1106 31 19 991430 0 0 0
-1070 567 4 110 522318 0 0 0
166 -44 20 3 435114 0 0 0
784 -639 77 77 815082 0 0 0
1278 -1355 90 15 134870 0 0 0
1078 1352 71 73 794375 0 0 0
530 -994 131 66 492356 0 0 0
-158 394 45 40 470307 0 0 0
181 987 60 6 420003 0 0 0
901 -1075 20 112 636519 0 0 0
-459 591 106 37 622291 0 0 0
414 738 61 63 501493 0 0 0
125 1374 58 36 109186 0 0 0
882 -952 49 116 341452 0 0 0
-28 250 110 42 999269 0 0 0
1347 -1103 31 40 333256 0 0 0
1095 984 55 94 920642 0 0 0
-267 584 76 13 486465 0 0 0
601 -162 106 96 721973 0 0 0
-328 -1273 119 12 698693 0 0 0
1362 703 18 32 209423 0 0 0
-485 529 78 58 820397 0 0 0
773 -196 81 88 331979 0 0 0
456 -1312 122 32 766568 0 0 0
816 1074 25 40 552481 0 0 0
968 6 44 106 784065 0 0 0
-1098 -496 124 23 225529 0 0 0
957 1248 4 28 493763 0 0 0
-32 -832 33 53 934693 0 0 0
406 -276 30 29 997855 0 0 0
-266 447 35 96 481560 0 0 0
-892 997 5 62 777595 0 0 0
187 557 38 80 979968 0 0 0
-866 -1173 114 35 809111 0 0 0
-636 -398 137 91 713628 0 0 0
1202 637 64 27 817952 0 0 0
-469 -1036 122 31 152206 0 0 0
702 746 108 101 826421 0 0 0
1301 781 65 44 940967 0 0 0
-478 780 6 112 258818 0 0 0
-398 -718 8 111 489569 0 0 0
1088 -487 29 2 116301 0 0 0
-147 1138 31 27 484701 0 0 0
-573 -608 88 35 691162 0 0 0
-307 -1183 104 39 278185 0 0 0
-1320 -772 128 1 333962 0 0 0
1314 -928 15 114 962731 0 0 0
99 1148 24 53 664577 0 0 0
-98 1231 51 7 876691 0 0 0
975 -137 89 98 178327 0 0 0
512 1191 118 25 131715 0 0 0
884 -283 13 55 541590 0 0 0
-970 204 60 41 560419 0 0 0
-509 -820 130 49 726661 0 0 0
-1130 -979 36 64 863339 0 0 0
-1053 615 78 49 952501 0 0 0
-178 783 90 56 705022 0 0 0
-1346 -341 28 80 880406 0 0 0
-785 -896 84 64 620621 0 0 0
876 766 94 60 644147 0 0 0
-572 425 55 100 824923 0 0 0
-1158 1341 19 1 712205 0 0 0
920 110 114 51 986170 0 0 0
1236 683 41 101 428809 0 0 0
1288 1098 50 40 343392 0 0 0
-301 -908 9 61 508132 0 0 0
1094 937 97 51 780799 0 0 0
-22 -511 115 74 937864 0 0 0
688 -148 33 85 526304 0 0 0
-1234 -1190 83 70 761921 0 0 0
-483 1100 108 59 854931 0 0 0
-574 -763 40 55 185917 0 0 0
-1344 -359 35 88 184608 0 0 0
1233 -1393 11 39 882425 0 0 0
453 -177 83 33 151719 0 0 0
-261 275 96 83 916442 0 0 0
-439 -992 39 19 995837 0 0 0
-624 -595 31 50 307674 0 0 0
-185 1286 83 19 194921 0 0 0
-1220 -600 76 118 675114 0 0 0
-1021 1337 135 41 106918 0 0 0
977 731 23 117 446818 0 0 0
922 539 54 89 385664 0 0 0
482 1088 86 70 229227 0 0 0
1053 -401 80 58 273389 0 0 0
-104 -1354 110 58 739237 0 0 0
147 -296 118 121 637862 0 0 0
844 277 29 79 476469 0 0 0
1102 987 101 57 900599 0 0 0
-524 -781 2 31 557389 0 0 0
1014 1365 63 106 868086 0 0 0
1026 -1118 33 18 328370 0 0 0
-1057 926 48 112 121834 0 0 0
102 -44 88 11 617352 0 0 0
794 -719 49 122 288711 0 0 0
-20 -1334 54 3 940417 0 0 0
-1299 729 27 27 384124 0 0 0
241 163 34 99 120570 0 0 0
383 456 91 117 857182 0 0 0
-625 -923 7 1 252323 0 0 0
-324 -863 33 42 355766 0 0 0
847 1213 47 31 390837 0 0 0
-1079 -170 131 30 491505 0 0 0
697 456 99 113 639727 0 0 0
1116 -102 75 47 178330 0 0 0
134 -555 122 93 367116 0 0 0
-1041 122 9 30 603062 0 0 0
-1372 -247 67 89 824629 0 0 0
-112 117 102 82 692589 0 0 0
1359 251 14 117 347014 0 0 0
-1207 1275 37 17 323887 0 0 0
1134 -1328 111 90 536281 0 0 0
1014 16 107 91 498430 0 0 0
-139 169 74 28 601270 0 0 0
-740 -103 2 80 348675 0 0 0
1328 -328 105 1 756551 0 0 0
48 -745 16 65 234011 0 0 0
-299 592 12 61 536752 0 0 0
-1267 -456 129 92 296996 0 0 0
-843 652 106 106 374868 0 0 0
1363 95 64 83 221508 0 0 0
51 -2 53 107 108246 0 0 0
-1188 1114 45 51 235298 0 0 0
1094 961 86 88 452151 0 0 0
1268 -1186 53 17 855825 0 0 0
-574 -586 135 97 801259 0 0 0
1306 -317 101 31 991561 0 0 0
895 879 29 7 619791 0 0 0
908 -885 53 61 163385 0 0 0
931 -1317 15 43 404626 0 0 0
-971 1195 37 81 193697 0 0 0
-912 932 68 18 218244 0 0 0
87 485 61 122 252008 0 0 0
331 -1199 25 115 571758 0 0 0
-794 -701 101 96 196059 0 0 0
-1255 817 129 15 817260 0 0 0
-1268 1102 42 20 144228 0 0 0
51 -423 50 98 523458 0 0 0
-170 45 43 29 508890 0 0 0
-281 -985 7 1 998664 0 0 0
342 -472 50 8 116111 0 0 0
-1106 822 112 36 294885 0 0 0
-272 -208 74 112 589452 0 0 0
350 742 23 42 586960 0 0 0
733 -1246 28 53 188566 0 0 0
308 47 78 70 288673 0 0 0
-780 -1311 75 56 297225 0 0 0
-834 235 131 62 447700 0 0 0
-511 -1241 85 21 118868 0 0 0
-70 739 9 28 403799 0 0 0
-116 -662 82 56 815739 0 0 0
191 80 113 43 700694 0 0 0
1151 624 133 6 219485 0 0 0
1068 -940 72 101 715042 0 0 0
-694 -517 27 22 969757 0 0 0
-981 672 27 109 142026 0 0 0
-1215 961 92 43 583414 0 0 0
801 1044 102 78 311235 0 0 0
-755 157 5 40 862596 0 0 0
899 -391 46 52 419508 0 0 0
86 -959 75 44 829382 0 0 0
203 -861 122 86 199484 0 0 0
-636 564 84 16 483916 0 0 0
322 1075 133 45 614677 0 0 0
-954 -930 66 52 955240 0 0 0
1108 -53 73 117 730443 0 0 0
385 -279 128 102 423707 0 0 0
1391 -1054 33 38 164680 0 0 0
-1295 -597 125 3 401146 0 0 0
1027 399 86 107 300642 0 0 0
1153 -974 67 67 249226 0 0 0
1347 -129 50 57 937333 0 0 0
-488 393 20 18 290551 0 0 0
178 195 33 78 941323 0 0 0
924 -742 69 101 920383 0 0 0
-1356 -672 9 14 943827 0 0 0
20 -1224 65 11 504231 0 0 0
1305 -1368 6 5 673005 0 0 0
499 -787 32 17 239308 0 0 0
-1157 779 116 98 217548 0 0 0
-1284 1058 109 3 734369 0 0 0
1098 -957 22 50 561386 0 0 0
1089 499 101 78 685066 0 0 0
-239 39 57 121 483396 0 0 0
-1096 648 86 88 973540 0 0 0
673 -182 32 106 349455 0 0 0
854 -25 9 56 478487 0 0 0
-241 557 48 45 762651 0 0 0
-749 434 137 96 629771 0 0 0
-612 1194 52 7 747778 0 0 0
1087 -919 63 26 851046 0 0 0
1156 669 61 103 574092 0 0 0
-314 325 65 59 909335 0 0 0
784 1255 20 36 967476 0 0 0
-80 986 80 89 355043 0 0 0
304 389 3 77 586734 0 0 0
-482 1232 22 98 231979 0 0 0
-53 902 103 65 484657 0 0 0
417 -1228 54 22 471623 0 0 0
-111 1148 58 77 592423 0 0 0
-213 -315 75 119 689525 0 0 0
712 1400 124 103 601329 0 0 0
-91 7 132 33 898295 0 0 0
791 1018 23 75 677314 0 0 0
992 1139 41 44 545172 0 0 0
940 400 71 122 906081 0 0 0
986 434 12 45 838624 0 0 0
-698 1193 44 43 697222 0 0 0
1168 647 5 48 976495 0 0 0
-972 -124 128 97 178517 0 0 0
-236 -106 1 99 132110 0 0 0
-1273 404 135 52 301566 0 0 0
1018 1023 28 95 707970 0 0 0
-1181 -43 72 91 719683 0 0 0
-45 -177 62 78 282092 0 0 0
802 1126 107 22 951090 0 0 0
1283 568 68 59 961818 0 0 0
-816 611 128 43 226892 0 0 0
884 -130 62 16 180559 0 0 0
515 -290 80 115 401047 0 0 0
-817 -129 7 99 996934 0 0 0
938 -1044 129 108 926518 0 0 0
-703 639 10 36 226251 0 0 0
1201 -935 51 16 284636 0 0 0
-600 -444 102 30 365799 0 0 0
-687 48 45 98 334324 0 0 0
338 -862 95 56 784265 0 0 0
919 31 118 31 760965 0 0 0
-67 -474 77 40 986359 0 0 0
1246 450 94 81 483187 0 0 0
-1344 -563 128 54 348922 0 0 0
835 1088 114 80 690955 0 0 0
-299 1133 115 4 759660 0 0 0
-149 500 88 19 668324 0 0 0
432 503 51 6 457510 0 0 0
365 1327 9 90 844595 0 0 0
1356 -1213 43 54 653547 0 0 0
-1244 -670 76 102 917847 0 0 0
-617 1284 40 120 459299 0 0 0
-1323 1020 12 96 447498 0 0 0
129 1239 89 31 789247 0 0 0
183 -83 42 61 169543 0 0 0
-552 -1186 85 93 628377 0 0 0
-86 1344 16 63 704699 0 0 0
365 -896 88 24 517325 0 0 0
1093 1366 91 81 483518 0 0 0
-395 -808 71 36 426552 0 0 0
1322 -59 111 12 639008 0 0 0
92 628 31 15 381220 0 0 0
-1229 595 19 109 259559 0 0 0
104 -1254 19 8 218924 0 0 0
-56 1388 85 78 637673 0 0 0
1225 -761 126 47 241900 0 0 0
-1008 -89 122 38 748650 0 0 0
926 902 33 13 411146 0 0 0
1317 -1218 65 35 394717 0 0 0
-1385 33 68 114 927618 0 0 0
-312 898 38 35 725161 0 0 0
84 -1287 75 100 461092 0 0 0
-1112 1327 89 68 182875 0 0 0
106 323 63 95 914400 0 0 0
1081 -1264 49 24 857242 0 0 0
412 -812 123 71 814293 0 0 0
-762 180 105 4 247533 0 0 0
919 -1068 82 88 830995 0 0 0
1012 -360 36 73 666657 0 0 0
-948 -323 86 71 815148 0 0 0
-354 -1351 107 27 677968 0 0 0
-207 1251 62 65 863253 0 0 0
-7 -1235 2 10 410019 0 0 0
888 564 75 48 188455 0 0 0
-363 -62 70 12 420958 0 0 0
-722 -435 8 45 361144 0 0 0
1243 498 53 88 128935 0 0 0
-723 1164 123 111 177697 0 0 0
-1371 -503 13 18 517991 0 0 0
231 80 131 118 560317 0 0 0
815 -770 16 21 801830 0 0 0
860 -1003 105 71 919156 0 0 0
866 773 65 83 821518 0 0 0
640 472 86 20 623796 0 0 0
1386 592 65 39 703727 0 0 0
129 1374 10 26 722064 0 0 0
-463 -839 36 49 660362 0 0 0
-417 431 29 16 863048 0 0 0
474 -198 110 47 520141 0 0 0
1219 -811 3 36 688543 0 0 0
860 -80 89 16 132453 0 0 0
-109 26 52 73 983103 0 0 0
-637 11 89 57 215663 0 0 0
1260 962 8 120 742022 0 0 0
1318 -634 109 88 835306 0 0 0
-441 610 76 121 930495 0 0 0
820 -982 88 66 468425 0 0 0
189 204 2 27 781062 0 0 0
1065 -752 66 48 775450 0 0 0
-220 -726 81 48 927839 0 0 0
-1339 -218 45 113 356652 0 0 0
-441 249 121 32 266688 0 0 0
-764 -1030 135 121 395748 0 0 0
346 336 38 29 659387 0 0 0
398 -69 4 32 155417 0 0 0
-1376 -329 110 81 956410 0 0 0
-49 -77 86 60 147597 0 0 0
1090 553 34 56 748737 0 0 0
-1212 -380 33 100 949940 0 0 0
31 -726 6 95 871955 0 0 0
-1242 539 1 30 982108 0 0 0
-1113 461 107 59 700808 0 0 0
751 1371 55 91 815876 0 0 0
-319 9 49 77 254433 0 0 0
-811 -830 114 102 646144 0 0 0
1233 843 102 105 275369 0 0 0
1398 -1094 41 123 283581 0 0 0
832 770 98 87 835682 0 0 0
-991 -906 100 6 871345 0 0 0
671 167 87 11 309961 0 0 0
248 872 11 41 730471 0 0 0
1233 316 122 11 842155 0 0 0
443 -1090 55 57 704087 0 0 0
559 546 124 13 808968 0 0 0
172 278 26 66 155036 0 0 0
-1074 -1292 114 48 557529 0 0 0
687 -1304 121 98 950611 0 0 0
-139 482 99 82 558506 0 0 0
-300 776 81 20 370523 0 0 0
716 772 17 2 814359 0 0 0
607 -1123 118 68 869220 0 0 0
-1229 1316 83 97 876785 0 0 0
804 -831 129 59 553937 0 0 0
-1256 558 98 63 390182 0 0 0
-961 2 114 20 156504 0 0 0
-784 293 26 97 865503 0 0 0
-995 1131 24 61 961538 0 0 0
1180 236 112 82 868867 0 0 0
198 -928 108 62 214334 0 0 0
-482 -932 13 110 336030 0 0 0
342 1397 72 75 529137 0 0 0
-34 91 78 44 992116 0 0 0
-811 -6 2 111 204236 0 0 0
-1035 137 16 90 367340 0 0 0
1035 1110 87 87 268755 0 0 0
785 1185 53 98 610810 0 0 0
107 797 47 107 993127 0 0 0
9 -987 44 26 639713 0 0 0
-1200 1176 45 30 470250 0 0 0
-1176 -1110 134 90 891118 0 0 0
-316 137 78 13 567961 0 0 0
-90 -479 63 110 681827 0 0 0
-1293 422 59 58 722245 0 0 0
90 -263 110 24 681769 0 0 0
183 109 91 47 656835 0 0 0
1400 -963 120 54 890777 0 0 0
1199 -877 53 111 438677 0 0 0
1080 -926 21 35 536947 0 0 0
-1357 975 86 34 202517 0 0 0
1385 772 81 43 653842 0 0 0
62 -969 78 13 963627 0 0 0
-566 182 136 39 527900 0 0 0
-570 -67 94 31 505626 0 0 0
385 -1083 96 115 683593 0 0 0
-1007 595 84 70 609590 0 0 0
424 -366 2 16 287871 0 0 0
870 1015 62 63 402456 0 0 0
-1061 -505 84 61 649222 0 0 0
868 -1229 91 102 799799 0 0 0
1346 -547 30 4 588151 0 0 0
603 552 47 104 230472 0 0 0
-140 -156 54 104 381569 0 0 0
368 -865 97 18 768819 0 0 0
-368 -203 24 115 280418 0 0 0
-1340 -680 93 103 752873 0 0 0
113 -1068 23 51 936740 0 0 0
-660 1020 78 72 546496 0 0 0
529 -825 100 122 626620 0 0 0
1332 -1315 131 98 161634 0 0 0
-1005 -1326 82 113 850463 0 0 0
271 887 34 99 240661 0 0 0
-95 459 42 37 601335 0 0 0
-166 1293 121 32 129908 0 0 0
-141 1372 33 116 937592 0 0 0
-369 840 81 23 506631 0 0 0
75 640 4 98 919505 0 0 0
1384 -359 93 8 279319 0 0 0
79 269 46 39 449505 0 0 0
674 -1156 11 75 296428 0 0 0
1262 802 73 15 692520 0 0 0
-487 -1204 3 56 646611 0 0 0
-188 -346 38 89 594897 0 0 0
-672 -911 39 120 913825 0 0 0
-185 -935 121 22 209953 0 0 0
-573 812 20 79 824967 0 0 0
-91 1039 89 17 147674 0 0 0
-1382 -988 13 69 790482 0 0 0
-63 -1225 58 49 528686 0 0 0
560 899 123 112 692838 0 0 0
-245 -119 56 33 549932 0 0 0
41 -64 35 117 765528 0 0 0
-419 325 119 33 847554 0 0 0
-1057 -38 92 43 545233 0 0 0
-1189 -1318 6 14 737170 0 0 0
-360 -427 128 82 341065 0 0 0
-231 536 39 32 355924 0 0 0
822 492 104 94 499835 0 0 0
-1017 708 20 84 515937 0 0 0
547 90 81 37 899489 0 0 0
1213 1206 61 92 468177 0 0 0
1052 1181 89 97 462565 0 0 0
899 1248 89 70 464284 0 0 0
94 -1283 97 96 468275 0 0 0
38 -950 19 3 980161 0 0 0
668 -328 67 47 754297 0 0 0
1143 -1076 69 119 517162 0 0 0
1386 969 4 1 404596 0 0 0
1071 -1347 91 121 409540 0 0 0
258 -1372 3 102 648602 0 0 0
-29 -472 32 88 217219 0 0 0
1275 -877 121 101 358967 0 0 0
-1400 -1269 10 74 689194 0 0 0
727 958 110 107 308242 0 0 0
-910 1039 98 52 486934 0 0 0
-119 152 59 81 669174 0 0 0
39 1172 14 93 497710 0 0 0
-739 914 111 107 187275 0 0 0
-534 732 103 15 486791 0 0 0
-1272 1286 103 3 145104 0 0 0
1099 1142 105 77 386183 0 0 0
-1360 -640 38 93 631788 0 0 0
514 -522 105 10 771531 0 0 0
844 -194 105 57 726478 0 0 0
593 1248 52 40 544425 0 0 0
696 140 87 60 742149 0 0 0
-985 241 37 87 191718 0 0 0
-1254 1286 11 65 549173 0 0 0
192 -846 75 32 995875 0 0 0
-120 809 78 72 362656 0 0 0
114 -920 30 75 620841 0 0 0
-907 188 23 95 991149 0 0 0
909 347 25 86 995046 0 0 0
515 1088 88 109 945218 0 0 0
-210 -933 86 1 969301 0 0 0
-802 -708 130 90 813615 0 0 0
96 -419 29 114 956290 0 0 0
-1227 64 63 40 614467 0 0 0
799 697 66 76 948889 0 0 0
-217 237 2 99 424449 0 0 0
-858 -977 109 13 988602 0 0 0
-104 539 121 47 154143 0 0 0
1080 -973 114 15 427005 0 0 0
-952 1213 7 48 987284 0 0 0
-1078 332 92 32 648734 0 0 0
1397 -688 15 82 997235 0 0 0
404 352 68 98 112299 0 0 0
-696 -1302 29 26 187213 0 0 0
534 -727 12 87 869751 0 0 0
989 -897 109 68 110005 0 0 0
-961 1312 5 86 669439 0 0 0
-1015 -236 16 81 302466 0 0 0
67 -44 132 1 375236 0 0 0
-299 832 74 1 676246 0 0 0
-221 -694 106 70 535425 0 0 0
-1087 -9 136 24 964117 0 0 0
-1297 -128 124 29 970087 0 0 0
828 -672 49 95 800970 0 0 0
672 -25 72 31 986813 0 0 0
574 -424 38 6 383441 0 0 0
-663 1161 117 34 418564 0 0 0
-426 265 2 101 291866 0 0 0
50 1056 8 5 899812 0 0 0
-101 411 30 121 968948 0 0 0
837 -1058 124 3 159459 0 0 0
165 -670 59 51 103848 0 0 0
-105 18 54 73 901726 0 0 0
-787 1238 107 48 795913 0 0 0
1189 728 36 55 518340 0 0 0
-875 -481 41 114 920612 0 0 0
823 1259 61 121 932636 0 0 0
15 -934 72 43 580149 0 0 0
921 197 112 26 793732 0 0 0
-336 1396 69 11 356817 0 0 0
440 -806 3 60 739986 0 0 0
-471 -730 112 97 196267 0 0 0
-946 -1356 123 40 118157 0 0 0
-369 -1398 120 2 229824 0 0 0
-1011 -185 125 27 803261 0 0 0
1060 166 111 12 310136 0 0 0
1169 524 67 70 723294 0 0 0
1125 -387 3 5 983373 0 0 0
244 156 134 31 295216 0 0 0
-145 -554 123 117 894708 0 0 0
980 -735 109 119 585431 0 0 0
-173 -448 34 34 355686 0 0 0
574 -987 19 73 889949 0 0 0
473 -1029 106 70 576725 0 0 0
-1258 715 131 47 583982 0 0 0
-621 -1081 42 6 235630 0 0 0
-898 -1038 15 9 793998 0 0 0
1336 -783 30 71 759505 0 0 0
1289 -469 10 6 504756 0 0 0
1351 -1214 55 94 358045 0 0 0
-1180 326 74 47 822493 0 0 0
946 -1285 80 60 423787 0 0 0
-1236 -576 102 47 136847 0 0 0
637 -1027 132 19 613171 0 0 0
192 637 80 28 864503 0 0 0
34 902 87 118 521291 0 0 0
1079 -822 80 29 384509 0 0 0
-794 -297 25 47 879415 0 0 0
1155 -425 85 112 615132 0 0 0
1131 981 69 17 193949 0 0 0
-551 -161 9 52 791949 0 0 0
1046 -615 12 3 491605 0 0 0
25 -390 74 69 981863 0 0 0
1258 483 73 84 390739 0 0 0
-824 -484 115 57 567913 0 0 0
-347 145 48 86 797624 0 0 0
-1352 1177 91 67 606312 0 0 0
-456 -624 115 116 445401 0 0 0
690 -380 32 93 808826 0 0 0
-1047 1041 124 104 399214 0 0 0
619 1115 30 44 224297 0 0 0
1032 -1064 82 118 558040 0 0 0
-703 -1064 16 83 761280 0 0 0
-1172 -1363 124 70 120254 0 0 0
656 -294 70 64 733034 0 0 0
1011 319 104 84 161021 0 0 0
-892 470 112 16 173604 0 0 0
490 589 113 50 139230 0 0 0
1353 303 83 31 111401 0 0 0
1027 -971 88 22 406705 0 0 0
957 -1307 91 56 879811 0 0 0
312 901 91 28 709042 0 0 0
436 740 15 10 234497 0 0 0
-1082 -511 127 16 160384 0 0 0
289 439 47 102 979873 0 0 0
835 1058 84 103 320203 0 0 0
317 188 49 53 638384 0 0 0
-1360 -773 74 56 675967 0 0 0
-1249 416 109 87 785155 0 0 0
-808 -983 25 124 298807 0 0 0
1167 -518 10 36 263718 0 0 0
-866 -1258 78 96 914563 0 0 0
-1327 -666 72 80 772563 0 0 0
-769 -1001 80 30 862151 0 0 0
-173 235 130 89 390922 0 0 0
738 -984 96 4 850671 0 0 0
-546 -753 35 34 616191 0 0 0
-826 -702 131 82 644164 0 0 0
-980 -729 136 64 581834 0 0 0
385 -472 4 16 776180 0 0 0
480 516 5 49 753589 0 0 0
-380 -222 96 53 250807 0 0 0
1106 1217 51 94 836311 0 0 0
-781 -141 64 105 534240 0 0 0
-896 -344 65 21 515144 0 0 0
-502 1196 39 116 924984 0 0 0
1000 118 109 114 899101 0 0 0
1076 925 6 33 484055 0 0 0
562 581 59 51 587644 0 0 0
755 -771 22 65 205471 0 0 0
-457 -1061 114 8 552497 0 0 0
222 -709 94 103 670920 0 0 0
-1259 -1309 53 111 772974 0 0 0
-996 -812 114 24 449918 0 0 0
-1229 -1214 112 52 389859 0 0 0
715 1272 49 29 301186 0 0 0
-985 -338 54 43 189144 0 0 0
-1359 -1275 118 32 677475 0 0 0
1076 899 101 54 300009 0 0 0
-765 -219 121 122 104071 0 0 0
-860 -516 69 124 645080 0 0 0
-691 -407 132 111 364876 0 0 0
327 -606 70 18 885958 0 0 0
670 493 15 41 523475 0 0 0
1179 1005 39 11 432022 0 0 0
524 -397 80 81 876847 0 0 0
552 -209 126 82 403791 0 0 0
-270 -270 2 19 239746 0 0 0
960 -58 45 5 981352 0 0 0
472 326 112 4 382035 0 0 0
-1310 -781 129 22 735564 0 0 0
-1147 41 107 98 894292 0 0 0
-745 -174 65 16 792526 0 0 0
-380 423 58 109 605543 0 0 0
-1019 1130 90 26 393662 0 0 0
-812 854 28 46 139787 0 0 0
532 -83 66 115 202639 0 0 0
758 23 37 93 514588 0 0 0
-451 446 23 93 813231 0 0 0
15 1196 73 52 900529 0 0 0
532 -1192 23 100 963392 0 0 0
1031 -149 64 25 743179 0 0 0
-404 1107 82 45 714088 0 0 0
539 -841 109 35 663273 0 0 0
-609 45 126 78 528095 0 0 0
1082 578 18 65 924075 0 0 0
1130 1056 13 17 792864 0 0 0
-934 928 125 4 294351 0 0 0
-623 1000 31 61 667854 0 0 0
-1303 -669 33 62 705562 0 0 0
-901 -898 128 88 712312 0 0 0
-222 1242 16 79 419550 0 0 0
1203 608 124 106 647488 0 0 0
-1146 884 119 72 915398 0 0 0
-597 -1267 69 63 523086 0 0 0
-539 277 5 25 745432 0 0 0
126 214 39 45 808664 0 0 0
433 699 102 63 565645 0 0 0
1386 1287 13 124 143607 0 0 0
-1227 -290 51 123 210020 0 0 0
-811 824 57 123 427382 0 0 0
448 614 28 121 991369 0 0 0
702 -827 46 116 439504 0 0 0
-465 -673 112 48 684832 0 0 0
724 -686 43 118 540273 0 0 0
-917 -472 54 114 806965 0 0 0
-667 451 79 18 504596 0 0 0
139 -96 6 73 166787 0 0 0
611 -170 100 100 466366 0 0 0
793 -245 35 49 872800 0 0 0
-595 279 97 117 257431 0 0 0
917 770 97 40 867519 0 0 0
837 -1007 34 119 183494 0 0 0
-1264 -1157 105 5 686488 0 0 0
-872 780 62 94 778791 0 0 0
810 -1250 122 100 187346 0 0 0
-1029 -980 122 85 586456 0 0 0
-821 1137 84 25 282712 0 0 0
-390 -790 112 39 309473 0 0 0
917 1356 30 108 672973 0 0 0
-482 -703 106 114 538961 0 0 0
-745 -609 16 42 456095 0 0 0
1322 -93 69 17 237620 0 0 0
443 1331 76 121 640653 0 0 0
742 911 23 53 243531 0 0 0
-63 -157 56 95 737180 0 0 0
1271 -794 86 100 908800 0 0 0
362 1203 3 123 922347 0 0 0
-1203 207 56 44 705158 0 0 0
-338 -77 126 35 873547 0 0 0
1306 -1001 30 12 502538 0 0 0
869 640 120 88 951827 0 0 0
786 1226 113 61 501785 0 0 0
-1124 -561 15 69 811351 0 0 0
-1178 1027 122 91 748920 0 0 0
1330 -1348 62 106 404729 0 0 0
531 -771 111 62 557645 0 0 0
469 576 78 73 885786 0 0 0
-27 768 66 55 584029 0 0 0
-1072 -556 10 112 276230 0 0 0
-998 502 61 118 461332 0 0 0
-1177 597 115 19 810177 0 0 0
582 -564 112 70 996862 0 0 0
714 -344 31 74 239384 0 0 0
287 1226 116 6 500285 0 0 0
152 -651 12 88 926674 0 0 0
334 665 2 117 514652 0 0 0
31 -513 32 85 903927 0 0 0
-115 -255 22 52 908852 0 0 0
-107 151 136 64 481127 0 0 0
131 -1201 96 75 570430 0 0 0
-515 1071 95 30 269813 0 0 0
646 1298 18 30 995120 0 0 0
-261 -919 53 111 492996 0 0 0
-720 771 99 106 826953 0 0 0
1072 414 7 54 202562 0 0 0
1207 322 62 111 949212 0 0 0
-116 -267 6 2 162854 0 0 0
1054 762 78 52 685751 0 0 0
409 -857 120 124 726229 0 0 0
-1014 755 134 66 708410 0 0 0
-1164 -1160 50 73 972953 0 0 0
-812 -1345 49 71 900140 0 0 0
-1095 -1207 111 89 651851 0 0 0
512 -825 60 86 358188 0 0 0
1331 952 85 109 389820 0 0 0
-1267 698 110 92 110108 0 0 0
589 1045 39 75 144724 0 0 0
-967 662 132 28 809396 0 0 0
-737 649 12 34 455217 0 0 0
-851 1237 35 30 315763 0 0 0
-1272 -82 113 91 502862 0 0 0
-79 1029 29 7 232771 0 0 0
-206 596 43 85 550821 0 0 0
245 996 4 23 953931 0 0 0
1137 -576 62 34 902462 0 0 0
-776 594 35 76 515668 0 0 0
-672 -1149 113 15 114178 0 0 0
-865 -284 99 113 702538 0 0 0
-31 33 125 112 907460 0 0 0
612 114 34 119 720082 0 0 0
-1087 -1143 24 84 172353 0 0 0
1277 1236 93 35 653428 0 0 0
-723 -874 92 65 484115 0 0 0
759 -364 109 93 139397 0 0 0
1001 885 6 88 752404 0 0 0
459 996 68 123 140465 0 0 0
210 -1399 54 80 531193 0 0 0
-813 -191 60 87 545015 0 0 0
-120 721 111 118 216526 0 0 0
-992 -604 47 31 758986 0 0 0
808 -1338 67 69 550503 0 0 0
-7 -641 40 53 946271 0 0 0
-812 385 45 62 461998 0 0 0
-705 897 101 32 562074 0 0 0
52 -625 99 93 145998 0 0 0
-713 827 32 26 909976 0 0 0
-1211 -1238 124 29 720763 0 0 0
-221 -955 9 83 853503 0 0 0
1082 -252 24 59 708029 0 0 0
367 -418 12 49 244398 0 0 0
-629 269 23 82 142342 0 0 0
-199 429 86 17 976584 0 0 0
-1238 -381 34 41 898918 0 0 0
661 -564 107 62 984565 0 0 0
-884 69 61 59 539842 0 0 0
-705 1386 63 2 287479 0 0 0
-520 423 45 60 758016 0 0 0
-409 675 6 94 502937 0 0 0
1108 1246 119 89 869699 0 0 0
754 -943 115 96 397527 0 0 0
-1320 268 31 13 312709 0 0 0
-1342 564 23 100 660082 0 0 0
44 -861 17 63 100851 0 0 0
1272 1302 8 72 924040 0 0 0
-958 -797 135 20 237466 0 0 0
792 1043 20 83 347494 0 0 0
-979 367 108 55 178672 0 0 0
-714 434 93 71 844681 0 0 0
104 563 74 121 707240 0 0 0
-739 -1254 95 64 765208 0 0 0
-1089 -1267 91 21 509868 0 0 0
-748 -1089 50 37 630165 0 0 0
1364 -248 50 35 881426 0 0 0
-72 -1247 78 118 511562 0 0 0
429 464 2 24 300995 0 0 0
-258 1280 66 76 934761 0 0 0
-936 21 70 100 611967 0 0 0
-148 1232 27 37 347127 0 0 0
-1163 246 22 120 889933 0 0 0
-148 486 135 82 626973 0 0 0
-221 -710 56 58 634089 0 0 0
-850 1172 3 88 224193 0 0 0
329 1351 17 3 377486 0 0 0
-417 -788 25 19 294826 0 0 0
116 -7 4 83 111769 0 0 0
549 968 38 103 730188 0 0 0
-631 623 55 79 263339 0 0 0
587 -170 101 41 357706 0 0 0
210 1323 43 104 250351 0 0 0
280 1363 45 94 979634 0 0 0
-1363 825 55 100 759375 0 0 0
-133 373 50 64 540233 0 0 0
-1359 135 117 42 321418 0 0 0
164 597 122 80 998931 0 0 0
1334 313 91 12 261061 0 0 0
598 -1337 115 30 314536 0 0 0
567 -590 116 117 803293 0 0 0
832 947 32 15 100295 0 0 0
-1372 -853 84 15 445928 0 0 0
1184 -437 73 115 737083 0 0 0
-462 521 56 46 946515 0 0 0
-510 -203 57 18 729756 0 0 0
66 1134 43 78 550984 0 0 0
1359 921 46 20 915263 0 0 0
-941 -298 64 46 520021 0 0 0
471 207 83 75 254369 0 0 0
-839 -1309 43 21 385760 0 0 0
1116 -1348 50 26 504818 0 0 0
-423 -901 17 61 577957 0 0 0
-40 -18 125 9 459635 0 0 0
-693 -1018 94 117 115244 0 0 0
620 686 2 36 661102 0 0 0
-1006 -841 126 15 194586 0 0 0
-846 1197 35 96 442109 0 0 0
-892 1075 2 9 523057 0 0 0
-1006 -1079 75 35 416702 0 0 0
-833 1290 8 103 224949 0 0 0
119 892 30 85 377712 0 0 0
1309 -750 126 117 964830 0 0 0
-47 1096 124 112 998106 0 0 0
-1300 487 21 6 699480 0 0 0
966 -560 128 78 781821 0 0 0
1276 1315 67 31 741057 0 0 0
812 -683 41 70 183354 0 0 0
304 631 74 47 325310 0 0 0
1333 620 86 113 837941 0 0 0
1098 1365 76 93 893820 0 0 0
-1215 -173 67 90 498356 0 0 0
63 1244 56 12 380368 0 0 0
863 176 80 72 532300 0 0 0
-1086 379 20 81 443055 0 0 0
956 -1013 119 21 526745 0 0 0
1399 348 9 90 546549 0 0 0
1203 995 137 79 975125 0 0 0
968 1111 2 7 391035 0 0 0
-307 19 85 110 140558 0 0 0
32 1331 126 108 543372 0 0 0
-554 112 133 103 491254 0 0 0
540 -781 128 40 475764 0 0 0
1320 632 10 100 721387 0 0 0
439 -689 129 24 909269 0 0 0
1280 -1282 107 8 990179 0 0 0
1 1244 110 33 384781 0 0 0
-289 1061 8 88 490946 0 0 0
-75 548 51 29 643247 0 0 0
-1023 -814 84 118 714207 0 0 0
-1227 148 131 65 197400 0 0 0
-365 -587 31 68 388577 0 0 0
1116 1310 59 115 990539 0 0 0
908 -639 91 25 563884 0 0 0
292 441 7 70 980531 0 0 0
-621 -1007 96 18 246611 0 0 0
276 -475 83 97 484179 0 0 0
140 -113 91 109 996272 0 0 0
-356 1304 21 124 271142 0 0 0
335 -584 95 10 920126 0 0 0
-393 1151 64 43 296471 0 0 0
-1244 -719 15 8 232699 0 0 0
325 -165 102 24 742470 0 0 0
-1396 -655 116 56 677091 0 0 0
-754 386 59 123 321953 0 0 0
-1137 -1017 71 41 963006 0 0 0
-738 578 80 87 247270 0 0 0
-1103 82 75 69 735355 0 0 0
851 -409 86 69 376352 0 0 0
1304 -534 36 94 218246 0 0 0
-600 329 39 16 605243 0 0 0
864 1374 77 75 593680 0 0 0
-48 -162 4 27 170012 0 0 0
245 160 49 43 682292 0 0 0
-10 4 33 77 438684 0 0 0
-552 -1207 78 5 954504 0 0 0
-905 -858 134 27 563435 0 0 0
686 537 74 51 278288 0 0 0
1390 119 19 41 931079 0 0 0
-160 -1257 6 124 135108 0 0 0
-763 593 51 114 790684 0 0 0
1136 278 50 124 580376 0 0 0
6 510 23 119 386508 0 0 0
1084 -577 133 88 360596 0 0 0
-632 -1028 114 67 969676 0 0 0
-797 -506 85 64 526055 0 0 0
805 1099 67 77 286485 0 0 0
1343 1175 54 98 756540 0 0 0
980 771 107 65 985930 0 0 0
-360 947 115 104 879987 0 0 0
965 -139 33 101 337813 0 0 0
-182 1348 57 81 192971 0 0 0
-234 -267 4 91 141107 0 0 0
51 89 92 48 626442 0 0 0
1060 -1149 78 82 280347 0 0 0
-836 -937 78 44 254921 0 0 0
-656 -340 48 52 798364 0 0 0
-957 927 132 116 509900 0 0 0
-681 -680 126 113 223806 0 0 0
-510 451 34 49 146364 0 0 0
-654 -919 100 58 881381 0 0 0
887 -332 88 39 553000 0 0 0
-1118 339 12 56 873634 0 0 0
-265 703 37 26 915162 0 0 0
339 1368 11 33 886769 0 0 0
-935 1033 108 71 657575 0 0 0
-540 1129 25 49 776864 0 0 0
582 -201 10 106 870144 0 0 0
156 634 80 2 122931 0 0 0
-535 1143 29 62 758259 0 0 0
-1048 814 12 28 700289 0 0 0
-1366 -484 65 110 851858 0 0 0
-669 -1248 123 12 626709 0 0 0
140 1132 120 8 753608 0 0 0
723 917 74 47 954947 0 0 0
-1030 264 50 107 736160 0 0 0
1027 159 29 81 515544 0 0 0
-1078 -332 75 51 865957 0 0 0
-59 -532 49 21 810530 0 0 0
-302 1326 43 77 217599 0 0 0
805 506 100 77 120274 0 0 0
1181 531 115 122 397055 0 0 0
967 1269 5 71 672459 0 0 0
-1007 -639 95 42 402744 0 0 0
272 -1182 106 5 318166 0 0 0
-652 1192 2 56 906813 0 0 0
-286 -819 133 20 456124 0 0 0
634 924 75 87 232939 0 0 0
1193 305 63 74 535202 0 0 0
-176 948 27 80 214541 0 0 0
1227 106 132 108 772695 0 0 0
642 -811 135 9 513727 0 0 0
-797 -862 38 64 105483 0 0 0
690 385 99 92 263035 0 0 0
-1265 916 13 33 323551 0 0 0
-780 -218 14 84 779283 0 0 0
372 -1051 64 20 403523 0 0 0
556 1242 59 77 914087 0 0 0
836 -1083 7 105 448103 0 0 0
261 700 101 97 574744 0 0 0
173 -328 3 123 676081 0 0 0
-1030 -200 3 62 415463 0 0 0
-1196 1161 5 10 320663 0 0 0
-909 -811 82 7 912456 0 0 0
-1224 1087 46 118 365380 0 0 0
-154 -28 17 48 374759 0 0 0
-543 -30 66 32 987885 0 0 0
-1140 1091 109 106 743485 0 0 0
414 1072 97 59 712406 0 0 0
-48 -797 75 108 169013 0 0 0
355 1009 19 99 415781 0 0 0
725 32 130 33 263120 0 0 0
-705 -1250 81 24 652098 0 0 0
-1281 -1059 27 37 487764 0 0 0
-1098 -997 132 69 848308 0 0 0
-954 22 3 110 222096 0 0 0
423 -426 2 25 256213 0 0 0
42 224 50 105 427598 0 0 0
-492 -508 118 97 313560 0 0 0
-1243 -960 82 36 110047 0 0 0
1032 -717 36 101 121496 0 0 0
-1209 825 32 91 590944 0 0 0
-140 -1287 95 97 175622 0 0 0
-899 -376 60 106 239000 0 0 0
429 1225 74 81 866714 0 0 0
-1326 -1252 114 116 718062 0 0 0
343 -1094 61 20 755285 0 0 0
1026 -371 21 101 584518 0 0 0
264 -969 54 90 836321 0 0 0
923 999 59 101 443766 0 0 0
-564 -98 116 6 712990 0 0 0
949 -49 120 5 647862 0 0 0
-766 197 55 84 321170 0 0 0
1156 -734 130 120 473157 0 0 0
832 1215 123 82 216369 0 0 0
-302 -250 85 117 161848 0 0 0
-383 822 47 14 254328 0 0 0
-67 321 125 55 773892 0 0 0
-125 -964 47 44 279251 0 0 0
164 108 125 105 449897 0 0 0
-737 119 135 14 553317 0 0 0
-186 1087 36 73 829175 0 0 0
-144 650 34 104 190429 0 0 0
-1032 231 48 32 515752 0 0 0
-96 81 112 1 484333 0 0 0
167 659 24 55 830144 0 0 0
752 576 117 12 976639 0 0 0
445 433 43 39 847185 0 0 0
-362 880 130 47 634696 0 0 0
-969 930 60 28 938226 0 0 0
-526 -1120 6 42 663297 0 0 0
-799 991 27 106 850987 0 0 0
351 208 129 65 632125 0 0 0
1303 516 61 20 103582 0 0 0
-1155 -725 54 52 337237 0 0 0
1400 -803 11 30 935456 0 0 0
961 612 30 63 928866 0 0 0
1393 -9 131 112 758560 0 0 0
-768 412 131 50 416819 0 0 0
-1235 477 4 4 940485 0 0 0
-671 -389 50 67 611602 0 0 0
-511 464 60 87 314878 0 0 0
-524 835 119 19 841553 0 0 0
225 -340 68 108 810077 0 0 0
-822 8 131 51 761556 0 0 0
-26 894 20 25 350090 0 0 0
230 150 83 78 813767 0 0 0
-596 -1012 76 52 813703 0 0 0
-524 430 71 63 643305 0 0 0
-741 636 110 89 474369 0 0 0
1325 1 101 32 828530 0 0 0
299 -677 112 21 995959 0 0 0
-1015 -1252 116 117 705781 0 0 0
-536 1040 66 111 614629 0 0 0
-621 620 69 47 100009 0 0 0
-320 -605 120 26 859002 0 0 0
-738 -1126 26 3 574504 0 0 0
-1168 981 3 104 481424 0 0 0
822 668 26 86 920031 0 0 0
463 -1304 9 95 310167 0 0 0
-607 -1167 43 1 670572 0 0 0
301 1350 29 121 484278 0 0 0
-442 698 46 43 446124 0 0 0
1192 1327 54 98 287247 0 0 0
479 336 119 119 966077 0 0 0
-1003 456 91 18 737499 0 0 0
636 -1279 97 69 875736 0 0 0
-855 -1333 65 80 236081 0 0 0
950 -675 29 62 657447 0 0 0
-1367 657 106 64 448864 0 0 0
-21 -1170 129 16 689744 0 0 0
-350 -724 16 46 987871 0 0 0
305 -348 10 5 307945 0 0 0
-1050 1104 47 62 484958 0 0 0
-97 -678 35 90 508523 0 0 0
1028 -98 104 93 762071 0 0 0
-1209 1165 123 66 837203 0 0 0
-499 1074 82 81 245629 0 0 0
-253 -674 78 39 963540 0 0 0
-304 -1175 28 25 743582 0 0 0
1143 -765 104 5 796042 0 0 0
84 -496 78 57 798367 0 0 0
-1282 -1095 96 93 412260 0 0 0
333 -822 34 56 685741 0 0 0
-12 -794 116 16 498866 0 0 0
-1156 1226 72 61 848501 0 0 0
-1008 67 133 44 283209 0 0 0
-76 -356 91 13 636334 0 0 0
-586 -33 96 22 107689 0 0 0
-435 -803 34 4 723749 0 0 0
382 -913 59 26 425003 0 0 0
79 1377 131 6 489558 0 0 0
215 916 50 44 483867 0 0 0
1315 1148 123 91 144881 0 0 0
165 587 39 38 964623 0 0 0
1090 -1290 2 106 167987 0 0 0
-1357 -360 72 88 590509 0 0 0
1087 -1197 86 121 812559 0 0 0
-888 -1285 99 99 444845 0 0 0
-377 1253 108 102 153118 0 0 0
821 -165 9 32 573952 0 0 0
-31 584 64 113 576974 0 0 0
1078 -821 32 110 123813 0 0 0
881 -156 120 25 117789 0 0 0
216 1388 109 114 950554 0 0 0
848 -250 16 83 917461 0 0 0
-225 -1238 78 88 770153 0 0 0
184 849 137 118 823047 0 0 0
831 793 37 93 282661 0 0 0
-1179 953 79 1 179292 0 0 0
-954 635 33 20 124474 0 0 0
405 -1042 42 22 605222 0 0 0
1226 -1299 1 93 342413 0 0 0
65 -499 129 110 421559 0 0 0
944 -1297 9 61 350997 0 0 0
1270 426 47 9 189599 0 0 0
-447 -857 3 71 768902 0 0 0
779 439 11 27 421468 0 0 0
1351 859 61 71 185197 0 0 0
40 -364 61 36 376749 0 0 0
-89 1255 59 2 274679 0 0 0
-1214 19 87 33 865544 0 0 0
-283 1092 19 113 150650 0 0 0
1248 323 52 116 377791 0 0 0
977 -859 44 8 314178 0 0 0
-735 640 54 65 952918 0 0 0
-202 -350 57 102 570448 0 0 0
-498 -297 75 37 105176 0 0 0
-934 715 46 33 200915 0 0 0
1268 850 113 23 453078 0 0 0
-681 214 75 62 724776 0 0 0
-140 -839 3 43 703642 0 0 0
626 623 67 55 613151 0 0 0
217 -1201 5 1 775302 0 0 0
415 78 3 93 189824 0 0 0
991 -630 99 69 875712 0 0 0
670 1115 45 112 678721 0 0 0
86 -938 26 4 995781 0 0 0
794 652 79 20 219846 0 0 0
635 660 55 118 332144 0 0 0
-1112 -1116 7 81 600525 0 0 0
-538 370 64 35 318634 0 0 0
1111 -171 25 14 722853 0 0 0
721 763 94 90 512116 0 0 0
-183 660 10 11 156419 0 0 0
-1029 61 7 55 269559 0 0 0
732 1108 42 110 936479 0 0 0
-572 -655 61 38 213841 0 0 0
-1199 -562 136 98 516378 0 0 0
99 -849 86 28 662939 0 0 0
-897 -651 41 28 997120 0 0 0
846 829 20 117 419844 0 0 0
1157 554 51 49 776440 0 0 0
-820 -1316 37 11 219506 0 0 0
-1152 -475 81 58 982218 0 0 0
-1057 1060 55 69 741774 0 0 0
-888 319 19 80 702667 0 0 0
999 -1165 111 39 140817 0 0 0
254 726 66 64 732157 0 0 0
87 -724 19 10 214672 0 0 0
-1060 -1166 28 70 494254 0 0 0
-306 404 14 74 581329 0 0 0
607 -233 57 75 712564 0 0 0
-390 -891 25 29 927490 0 0 0
-710 -388 66 56 405066 0 0 0
543 939 45 9 894363 0 0 0
750 -971 4 116 519177 0 0 0
586 -367 26 19 470953 0 0 0
-1285 843 79 52 883138 0 0 0
-758 -332 91 77 850038 0 0 0
-814 1263 108 56 924003 0 0 0
-665 -703 106 103 680888 0 0 0
-116 422 117 16 959813 0 0 0
345 806 99 54 312109 0 0 0
-841 727 120 91 529101 0 0 0
102 -1204 26 39 359840 0 0 0
384 845 58 92 646000 0 0 0
1188 905 94 45 207297 0 0 0
-967 0 9 121 428258 0 0 0
1186 1379 80 65 444941 0 0 0
-273 -555 25 118 716784 0 0 0
1289 1334 118 35 378993 0 0 0
225 830 35 97 445485 0 0 0
503 -786 56 51 163499 0 0 0
-573 671 107 71 740748 0 0 0
789 872 51 2 825521 0 0 0
-1115 646 30 4 646013 0 0 0
1353 200 88 120 249491 0 0 0
80 1107 15 40 237219 0 0 0
-264 682 110 65 361491 0 0 0
517 839 81 26 507476 0 0 0
-458 -137 73 77 922914 0 0 0
1294 -450 5 25 801340 0 0 0
1265 636 35 94 860245 0 0 0
-599 -650 51 104 815631 0 0 0
-214 -413 49 81 528440 0 0 0
843 1226 23 1 327624 0 0 0
-579 1194 67 122 334506 0 0 0
-543 -527 7 52 974461 0 0 0
670 1154 63 22 754080 0 0 0
-1385 -453 34 108 930240 0 0 0
-1263 -885 46 21 379321 0 0 0
302 507 92 24 776849 0 0 0
-1397 861 7 108 431891 0 0 0
-392 -904 83 33 352819 0 0 0
-274 251 71 19 539862 0 0 0
46 -46 67 38 466134 0 0 0
1134 1150 107 72 562061 0 0 0
-869 662 111 20 289650 0 0 0
389 -984 125 84 886568 0 0 0
1124 -642 24 49 699793 0 0 0
661 1121 18 60 206685 0 0 0
-282 516 59 21 920015 0 0 0
-1102 -391 19 35 167862 0 0 0
83 -569 36 55 733183 0 0 0
411 -367 118 16 930560 0 0 0
1241 -426 116 107 940209 0 0 0
-731 -1327 107 27 434331 0 0 0
-352 597 88 40 237909 0 0 0
-1362 232 135 4 547858 0 0 0
-410 -846 63 56 347336 0 0 0
995 -1207 108 53 695687 0 0 0
-528 -804 82 22 749218 0 0 0
503 -40 76 68 643546 0 0 0
993 -332 79 37 218462 0 0 0
455 -4 48 65 397341 0 0 0
-701 528 68 12 697088 0 0 0
1200 -1169 98 70 706563 0 0 0
-269 -1135 25 34 313600 0 0 0
-378 308 30 109 562368 0 0 0
249 892 30 25 367722 0 0 0
-8 8 24 21 218091 0 0 0
1222 1130 42 96 113907 0 0 0
758 -1186 117 55 108751 0 0 0
495 -507 121 84 513530 0 0 0
-1002 -1040 32 81 121885 0 0 0
-1123 1130 31 105 767919 0 0 0
-1234 -163 62 105 606393 0 0 0
887 723 129 94 128388 0 0 0
-443 -332 97 118 400293 0 0 0
401 -879 87 55 539949 0 0 0
-631 -1088 51 92 596209 0 0 0
-896 193 94 22 524385 0 0 0
-377 808 36 93 815434 0 0 0
-500 1133 60 23 214290 0 0 0
1219 647 31 119 918893 0 0 0
129 -1213 5 45 668693 0 0 0
-54 -343 43 84 408069 0 0 0
1255 147 48 100 281366 0 0 0
-657 1015 84 40 507283 0 0 0
-189 -1380 23 16 302988 0 0 0
-922 293 8 123 920907 0 0 0
287 903 131 99 288209 0 0 0
204 -869 94 77 227242 0 0 0
-215 -437 64 31 474808 0 0 0
-660 892 81 17 178608 0 0 0
-930 880 82 11 369361 0 0 0
-822 501 67 111 688030 0 0 0
714 684 34 88 235625 0 0 0
-64 -1034 72 25 646082 0 0 0
922 1037 81 60 969487 0 0 0
707 -67 70 85 582041 0 0 0
-211 597 53 98 948523 0 0 0
-1136 -1053 122 122 920715 0 0 0
934 988 80 120 597614 0 0 0
-472 -1177 65 105 466759 0 0 0
-532 1121 93 71 786202 0 0 0
-1273 1349 101 26 590348 0 0 0
-1334 -162 41 8 298410 0 0 0
-139 363 128 14 625783 0 0 0
1063 1242 117 49 381738 0 0 0
-609 -39 53 118 184085 0 0 0
-130 -48 33 42 330693 0 0 0
48 -1039 112 50 564932 0 0 0
-386 -255 120 95 254852 0 0 0
360 -779 37 103 850209 0 0 0
-664 978 130 13 700218 0 0 0
-1110 230 16 96 900486 0 0 0
-585 571 47 79 956338 0 0 0
456 -720 94 45 380885 0 0 0
-1294 -1368 4 47 389376 0 0 0
690 33 30 46 330320 0 0 0
315 1075 98 8 862524 0 0 0
-252 1210 46 27 928242 0 0 0
-1290 -1150 72 16 455105 0 0 0
1074 -146 14 40 289461 0 0 0
228 -331 116 31 722781 0 0 0
-1074 -550 104 109 512986 0 0 0
-1003 -66 85 35 722312 0 0 0
178 1388 22 106 924973 0 0 0
-52 876 41 41 605039 0 0 0
-161 -75 43 49 421486 0 0 0
-1017 -848 116 3 607250 0 0 0
221 -794 43 61 728233 0 0 0
-600 -58 83 10 169590 0 0 0
-737 263 78 90 555042 0 0 0
1320 -694 104 20 539006 0 0 0
-945 92 41 35 638365 0 0 0
-1341 478 26 110 223365 0 0 0
707 1373 25 99 949583 0 0 0
-804 1112 52 88 797018 0 0 0
-412 -846 103 78 732686 0 0 0
1283 753 25 83 911148 0 0 0
960 -593 116 106 395221 0 0 0
927 80 83 81 230600 0 0 0
610 524 65 46 828085 0 0 0
-284 -1233 122 75 655392 0 0 0
907 216 10 4 247927 0 0 0
-267 -713 83 84 132861 0 0 0
-222 743 27 118 707624 0 0 0
-1276 756 116 47 189046 0 0 0
854 -422 103 34 832911 0 0 0
-546 -714 116 45 255441 0 0 0
-213 -770 106 31 474869 0 0 0
380 179 80 120 642310 0 0 0
604 -1351 105 97 136294 0 0 0
1243 -585 74 21 935782 0 0 0
-1063 -1270 38 64 991223 0 0 0
350 1188 65 56 850843 0 0 0
-1008 -282 127 10 527090 0 0 0
912 49 122 111 350155 0 0 0
314 966 119 89 899325 0 0 0
1027 51 56 74 762469 0 0 0
96 1344 126 124 729680 0 0 0
-1295 682 45 75 353765 0 0 0
1164 81 81 18 977446 0 0 0
724 -525 99 25 837824 0 0 0
-359 -1383 26 40 672222 0 0 0
-667 -184 41 105 152708 0 0 0
-984 336 86 74 242588 0 0 0
-1240 794 26 15 519143 0 0 0
-787 -799 129 30 537233 0 0 0
-927 234 123 96 976690 0 0 0
-712 -1220 128 18 222015 0 0 0
441 -1125 136 24 272985 0 0 0
-760 360 104 27 679888 0 0 0
1105 -1135 76 112 249892 0 0 0
-574 -1148 26 48 987500 0 0 0
177 -1088 7 81 570068 0 0 0
-76 -999 122 51 709883 0 0 0
1211 1116 24 94 276382 0 0 0
-556 -1105 53 8 824070 0 0 0
-183 -632 72 113 968535 0 0 0
-77 -478 87 89 150761 0 0 0
-950 1114 53 12 228354 0 0 0
-1204 -245 82 27 702632 0 0 0
-675 -91 71 117 904959 0 0 0
1005 848 91 7 801763 0 0 0
