1500
-289 -578 27 128 716615 0 0 0
-1291 -1350 88 63 482135 0 0 0
-241 649 27 58 272084 0 0 0
1118 879 41 56 309228 0 0 0
44 -275 130 13 432097 0 0 0
-797 -501 139 17 928645 0 0 0
1135 478 14 45 122851 0 0 0
1001 -245 26 92 138451 0 0 0
910 -777 78 30 627254 0 0 0
-773 -373 56 14 604794 0 0 0
-952 1385 32 77 754238 0 0 0
938 334 48 86 911461 0 0 0
1135 -1295 119 50 927967 0 0 0
202 479 35 75 163119 0 0 0
-431 -267 129 67 155175 0 0 0
845 481 104 79 784498 0 0 0
-38 -243 7 118 684385 0 0 0
1414 -389 132 68 597911 0 0 0
963 -679 47 101 232551 0 0 0
1498 49 17 84 713163 0 0 0
744 -474 60 82 259019 0 0 0
155 -669 74 36 234986 0 0 0
194 641 130 105 175174 0 0 0
-1252 1190 125 17 191361 0 0 0
591 223 140 120 979100 0 0 0
-207 -1239 82 131 854247 0 0 0
-227 606 114 96 966146 0 0 0
-97 1395 47 88 369286 0 0 0
719 470 25 119 213997 0 0 0
-895 -263 39 94 754349 0 0 0
544 853 124 70 259521 0 0 0
1133 216 92 2 614197 0 0 0
-829 1342 14 111 907036 0 0 0
-507 -297 125 114 330067 0 0 0
1393 1380 86 63 255782 0 0 0
250 980 97 46 238488 0 0 0
1171 1114 76 52 197391 0 0 0
-1050 891 142 132 722850 0 0 0
36 -422 135 25 649804 0 0 0
-542 -676 64 22 626837 0 0 0
709 -1378 54 73 391174 0 0 0
648 -209 52 32 183495 0 0 0
-438 -1076 106 31 339357 0 0 0
634 -1395 63 80 366893 0 0 0
1029 -248 30 107 308225 0 0 0
447 1140 19 111 150470 0 0 0
-679 -456 141 105 340658 0 0 0
1033 669 91 40 553108 0 0 0
628 -1026 140 93 166741 0 0 0
-93 710 33 35 367387 0 0 0
1441 409 21 3 274801 0 0 0
633 1007 75 119 675460 0 0 0
-1299 -106 103 121 547235 0 0 0
-641 -1110 80 45 775057 0 0 0
318 506 97 126 297940 0 0 0
-599 -273 26 31 202845 0 0 0
216 9 60 89 702156 0 0 0
-1380 746 89 1 912985 0 0 0
909 1208 92 10 169671 0 0 0
-302 307 98 3 644076 0 0 0
-1155 -189 46 91 351897 0 0 0
-133 -1120 45 103 145960 0 0 0
292 541 53 25 868766 0 0 0
-1408 -408 9 87 309238 0 0 0
1206 -79 127 42 631554 0 0 0
-1397 -630 143 34 424376 0 0 0
-169 -247 7 5 136483 0 0 0
-1055 871 3 115 680353 0 0 0
-1082 -246 120 96 318177 0 0 0
768 234 38 57 588567 0 0 0
1081 -982 9 13 510978 0 0 0
1028 -1478 123 45 888535 0 0 0
-1413 -1188 70 74 774839 0 0 0
-465 825 104 79 435091 0 0 0
428 -546 61 56 464605 0 0 0
-187 963 34 69 985728 0 0 0
-281 -143 40 22 742732 0 0 0
-898 1488 81 52 340287 0 0 0
-800 829 17 108 485536 0 0 0
525 -130 95 49 473224 0 0 0
-928 -40 131 54 671879 0 0 0
586 -1425 38 76 880565 0 0 0
-1160 798 91 18 638984 0 0 0
1272 -748 2 92 722671 0 0 0
1311 990 13 19 423059 0 0 0
-737 1466 42 2 476039 0 0 0
1358 -548 131 54 803022 0 0 0
-73 -1211 140 83 714594 0 0 0
-1383 -519 29 23 566456 0 0 0
689 850 39 51 427214 0 0 0
-1391 -316 17 114 873006 0 0 0
395 -1057 81 7 312568 0 0 0
57 927 76 59 409709 0 0 0
1119 -301 75 10 675229 0 0 0
601 -1102 80 5 706966 0 0 0
-170 -1083 25 107 551128 0 0 0
671 1422 13 40 744280 0 0 0
811 -1270 107 13 747628 0 0 0
-1195 -598 107 47 404772 0 0 0
1402 805 15 129 474512 0 0 0
641 219 109 23 504926 0 0 0
-645 -1440 12 37 438191 0 0 0
-375 1352 50 92 200130 0 0 0
187 532 81 17 672353 0 0 0
1236 -348 20 70 882058 0 0 0
841 867 140 29 634777 0 0 0
-474 274 21 12 986584 0 0 0
-445 998 139 72 114306 0 0 0
1321 -873 101 25 324975 0 0 0
1036 1183 23 26 211020 0 0 0
-736 509 114 13 208535 0 0 0
541 -875 130 53 847119 0 0 0
-747 100 106 33 550931 0 0 0
-359 513 125 48 603102 0 0 0
-332 -1235 26 83 394457 0 0 0
249 944 89 78 896097 0 0 0
639 -1168 84 52 288783 0 0 0
-1066 -647 59 118 910505 0 0 0
-34 -1186 4 48 286029 0 0 0
-939 984 69 121 773677 0 0 0
712 -1475 113 22 878616 0 0 0
-1180 -1132 53 41 943229 0 0 0
1494 -1431 47 29 645783 0 0 0
674 217 121 4 716041 0 0 0
357 588 114 89 431713 0 0 0
707 594 113 115 638162 0 0 0
995 1047 90 127 103001 0 0 0
-1345 650 89 48 720407 0 0 0
-703 -1008 103 40 470176 0 0 0
126 1075 57 12 636959 0 0 0
123 -1449 99 47 352509 0 0 0
-620 -223 60 9 642049 0 0 0
605 -1076 103 29 107908 0 0 0
182 629 122 89 253153 0 0 0
1017 740 134 73 680349 0 0 0
-785 343 126 115 768140 0 0 0
-772 1027 62 104 585033 0 0 0
-365 -705 106 50 921877 0 0 0
1157 99 119 101 338521 0 0 0
178 306 66 29 794620 0 0 0
-867 626 25 128 591669 0 0 0
-1328 -438 126 44 136066 0 0 0
1009 548 93 1 917210 0 0 0
1350 2 63 56 440232 0 0 0
1079 -821 122 11 585598 0 0 0
1282 781 75 20 437343 0 0 0
-852 -1256 142 89 851600 0 0 0
-1297 -727 106 105 894566 0 0 0
702 -490 112 55 168397 0 0 0
822 241 63 39 842600 0 0 0
1362 1021 50 107 330775 0 0 0
573 -541 21 86 384084 0 0 0
-707 1087 131 86 590316 0 0 0
105 1115 89 13 302353 0 0 0
-631 -1001 27 132 776684 0 0 0
1138 -1019 143 44 217232 0 0 0
-385 204 104 72 429960 0 0 0
85 -229 66 116 413285 0 0 0
-489 -938 96 123 814671 0 0 0
-354 -309 134 77 329772 0 0 0
426 657 97 94 528132 0 0 0
148 -817 90 53 200607 0 0 0
222 -871 48 54 370245 0 0 0
-538 391 36 9 762623 0 0 0
387 919 124 116 114057 0 0 0
918 -157 144 101 963807 0 0 0
1029 1051 32 55 472485 0 0 0
682 738 1 90 590249 0 0 0
1090 66 82 126 557315 0 0 0
301 1250 11 42 985779 0 0 0
-1296 -77 69 8 449404 0 0 0
1052 -929 75 131 791401 0 0 0
400 323 143 64 314135 0 0 0
979 -1031 23 27 668747 0 0 0
-616 999 121 76 221889 0 0 0
587 -16 142 41 935188 0 0 0
-714 134 54 3 248278 0 0 0
-620 -1291 139 1 990818 0 0 0
-1181 -347 64 22 513847 0 0 0
-37 -68 83 53 117380 0 0 0
981 456 86 92 936342 0 0 0
868 -200 56 97 214712 0 0 0
-135 431 129 17 312349 0 0 0
752 -877 84 129 317052 0 0 0
1466 896 22 34 894127 0 0 0
144 -822 123 28 990377 0 0 0
727 -1390 91 5 839441 0 0 0
-851 -1086 98 39 274718 0 0 0
-833 942 18 2 620338 0 0 0
143 -488 76 26 745513 0 0 0
946 -605 19 67 534459 0 0 0
-221 1370 9 39 800870 0 0 0
-657 -1086 27 125 993801 0 0 0
-920 -356 104 59 392126 0 0 0
961 -351 123 73 670903 0 0 0
2 -1331 119 51 910927 0 0 0
-1161 -138 92 48 729716 0 0 0
1354 -1021 88 116 378329 0 0 0
1175 -479 31 109 945029 0 0 0
-1285 47 145 129 799959 0 0 0
-1032 -1414 23 81 801329 0 0 0
-397 -663 104 103 971670 0 0 0
-746 548 109 123 280281 0 0 0
-405 1220 55 60 199945 0 0 0
3 507 8 113 518427 0 0 0
-527 964 91 45 376765 0 0 0
-102 1119 145 35 896171 0 0 0
-1237 1146 126 14 691625 0 0 0
-363 492 107 38 151134 0 0 0
1141 -1306 94 113 827165 0 0 0
467 595 133 95 655938 0 0 0
-397 936 117 42 486884 0 0 0
-785 235 123 126 756799 0 0 0
-1126 129 92 90 168488 0 0 0
-487 -858 72 80 474848 0 0 0
-120 309 71 126 375580 0 0 0
-628 -1005 58 126 317482 0 0 0
1094 531 56 11 143206 0 0 0
-1070 25 64 29 480974 0 0 0
-1410 39 25 91 603020 0 0 0
849 1103 40 98 976601 0 0 0
-815 -1366 107 86 621589 0 0 0
-490 235 3 110 516546 0 0 0
-976 -1312 25 41 990071 0 0 0
604 1293 6 87 963760 0 0 0
-918 1263 59 89 604091 0 0 0
726 275 117 130 705624 0 0 0
-1264 316 136 109 435863 0 0 0
1449 -893 68 25 438696 0 0 0
-1404 -1307 69 22 337495 0 0 0
496 -38 25 66 813759 0 0 0
-34 -1218 72 84 454471 0 0 0
1206 -1317 41 130 639663 0 0 0
778 -976 123 2 272555 0 0 0
-345 -598 55 126 398766 0 0 0
692 1288 11 66 272504 0 0 0
-1114 739 71 106 804121 0 0 0
269 517 137 76 513637 0 0 0
-88 888 29 119 961156 0 0 0
-434 436 54 14 571835 0 0 0
1487 -1235 118 130 777802 0 0 0
477 494 1 5 407886 0 0 0
1433 1405 31 91 116838 0 0 0
-1271 -1196 140 32 813684 0 0 0
-518 -1147 74 32 142463 0 0 0
460 -1041 19 62 517220 0 0 0
1465 737 88 9 151374 0 0 0
-193 1365 70 53 453423 0 0 0
773 -166 108 103 273384 0 0 0
404 776 4 118 914370 0 0 0
93 1138 25 70 728621 0 0 0
-1180 1400 76 73 396066 0 0 0
313 666 31 20 605649 0 0 0
1008 -1033 112 84 289410 0 0 0
-947 -1177 121 86 619022 0 0 0
204 -788 20 11 411171 0 0 0
356 1352 135 108 998398 0 0 0
609 367 65 69 865440 0 0 0
321 -1496 81 127 926044 0 0 0
205 488 24 24 481648 0 0 0
-604 681 59 124 498477 0 0 0
-1109 -1355 83 124 600485 0 0 0
866 944 43 46 647029 0 0 0
984 1430 20 29 887199 0 0 0
-522 353 20 67 779892 0 0 0
7 910 135 68 365379 0 0 0
-191 -1343 4 128 591493 0 0 0
1105 1492 139 85 771318 0 0 0
-1303 1495 6 100 379148 0 0 0
-1062 -374 53 28 652733 0 0 0
-1137 1158 110 24 255609 0 0 0
1086 259 2 50 440883 0 0 0
-2 -1176 28 31 956390 0 0 0
-776 358 102 22 926573 0 0 0
706 172 16 29 173660 0 0 0
-1194 304 133 23 657232 0 0 0
1022 332 50 62 901317 0 0 0
303 -1129 41 109 345667 0 0 0
86 -994 49 39 936069 0 0 0
1096 -455 57 87 847988 0 0 0
-49 -618 49 39 880012 0 0 0
-696 -1327 101 21 719558 0 0 0
653 320 85 72 627640 0 0 0
471 -583 53 103 980020 0 0 0
1225 1300 101 100 808422 0 0 0
395 12 4 110 314997 0 0 0
-336 880 15 40 233474 0 0 0
1232 -470 54 11 228515 0 0 0
206 840 122 26 437727 0 0 0
-858 -925 30 55 769711 0 0 0
923 837 136 77 484165 0 0 0
-1384 780 7 50 231430 0 0 0
-1096 101 132 79 635433 0 0 0
-796 149 108 130 669262 0 0 0
922 -1369 125 80 361380 0 0 0
954 497 138 101 600339 0 0 0
-1272 -40 11 50 542092 0 0 0
-1234 733 23 35 865973 0 0 0
444 -1122 69 19 349718 0 0 0
1415 -338 45 91 925650 0 0 0
-412 187 23 110 610270 0 0 0
648 -241 77 107 912153 0 0 0
-1195 486 121 87 547863 0 0 0
-72 -477 141 96 473261 0 0 0
-575 1263 30 85 413309 0 0 0
-970 -118 37 96 743388 0 0 0
-140 191 67 55 433258 0 0 0
-751 223 134 87 568104 0 0 0
1148 110 63 75 305283 0 0 0
829 58 88 116 936129 0 0 0
-20 -513 59 83 850073 0 0 0
830 1160 13 3 937795 0 0 0
-508 787 124 95 544388 0 0 0
433 -986 18 7 334395 0 0 0
-282 -458 125 87 918597 0 0 0
-726 -302 125 101 706723 0 0 0
785 -1105 67 75 155921 0 0 0
-749 -191 85 93 514641 0 0 0
1403 186 20 84 478996 0 0 0
112 1307 136 90 449374 0 0 0
-1056 542 121 17 391597 0 0 0
1221 -1437 120 76 578455 0 0 0
1322 -1192 63 91 512775 0 0 0
-79 -479 31 129 377892 0 0 0
-442 16 12 89 398680 0 0 0
-640 -32 138 73 296371 0 0 0
-62 -1052 99 18 778982 0 0 0
-952 -840 68 67 332239 0 0 0
378 916 69 53 929123 0 0 0
-189 -97 31 21 576634 0 0 0
783 670 54 81 577193 0 0 0
1314 342 10 129 531826 0 0 0
627 -151 133 82 219816 0 0 0
91 857 82 18 757838 0 0 0
1408 -208 105 3 831485 0 0 0
-976 954 134 61 892330 0 0 0
-1301 -1277 129 34 318701 0 0 0
-265 3 58 77 952523 0 0 0
-1472 1436 25 54 612617 0 0 0
-1169 391 137 65 105963 0 0 0
-967 598 108 37 499256 0 0 0
330 514 107 109 540995 0 0 0
462 468 43 14 673452 0 0 0
808 -551 25 105 934465 0 0 0
-1052 -15 49 9 398467 0 0 0
796 -142 80 115 646284 0 0 0
737 -1289 121 20 306897 0 0 0
-247 640 22 64 695094 0 0 0
223 -1082 63 119 575007 0 0 0
-982 -549 143 119 785706 0 0 0
793 -715 36 7 220036 0 0 0
522 -1466 53 107 472725 0 0 0
-885 1412 9 4 479335 0 0 0
788 637 122 12 727301 0 0 0
471 1409 103 18 730537 0 0 0
-185 -1123 69 50 383310 0 0 0
-831 338 19 70 284166 0 0 0
-874 -215 68 37 508326 0 0 0
568 -83 53 55 155700 0 0 0
-1122 1019 118 27 562744 0 0 0
570 -1415 98 44 841457 0 0 0
1007 -130 41 61 514263 0 0 0
1209 1019 132 73 938375 0 0 0
1252 154 46 59 887830 0 0 0
-1327 -670 104 113 434318 0 0 0
-103 -767 104 25 295701 0 0 0
529 -968 54 130 701347 0 0 0
1240 -1379 94 3 155244 0 0 0
-279 849 5 85 178418 0 0 0
517 -866 90 117 162232 0 0 0
1201 -1471 108 25 297160 0 0 0
-543 1016 63 83 431835 0 0 0
965 -713 75 89 784279 0 0 0
277 272 36 51 469950 0 0 0
43 680 90 56 272519 0 0 0
-329 131 34 61 243380 0 0 0
-1189 -795 106 79 156720 0 0 0
-446 -60 7 9 596977 0 0 0
151 1068 70 111 323735 0 0 0
-692 -830 18 114 102637 0 0 0
-950 -1371 79 44 114676 0 0 0
-481 839 12 116 881359 0 0 0
430 -980 106 97 933141 0 0 0
-1308 922 120 8 494616 0 0 0
-653 -47 144 48 793306 0 0 0
1259 806 111 65 869137 0 0 0
1103 -109 12 84 243452 0 0 0
-762 -1053 73 40 195278 0 0 0
985 740 23 59 577923 0 0 0
1151 1205 37 36 133474 0 0 0
316 1498 72 87 107065 0 0 0
192 355 77 122 527509 0 0 0
332 263 50 76 286965 0 0 0
993 327 112 50 859813 0 0 0
-1074 -1213 61 117 310106 0 0 0
472 0 141 78 861347 0 0 0
418 284 113 89 613011 0 0 0
1235 -1223 102 10 506220 0 0 0
-1215 -1125 111 97 379212 0 0 0
573 -500 84 98 575605 0 0 0
1272 -1138 126 32 799836 0 0 0
-1427 -1168 102 27 936453 0 0 0
-1473 407 93 121 672660 0 0 0
870 1340 136 122 141719 0 0 0
-862 -586 120 35 626027 0 0 0
1449 -1269 11 81 991437 0 0 0
-722 -651 126 122 240274 0 0 0
-1078 590 32 116 624052 0 0 0
-352 1383 70 121 629802 0 0 0
741 -934 68 132 548723 0 0 0
623 -162 78 84 373506 0 0 0
-582 906 99 27 749254 0 0 0
-737 -518 27 38 857241 0 0 0
755 1371 36 23 902834 0 0 0
1426 -1310 24 5 186644 0 0 0
-641 -1364 110 35 212502 0 0 0
-376 96 75 24 956804 0 0 0
-273 -473 81 24 677028 0 0 0
252 -1406 120 118 131858 0 0 0
1142 -940 87 29 320708 0 0 0
959 534 39 102 765491 0 0 0
-831 -1131 100 68 386227 0 0 0
-1487 -1232 19 101 874686 0 0 0
843 39 101 99 550967 0 0 0
1175 -167 79 45 999013 0 0 0
369 -719 7 44 784845 0 0 0
806 1224 141 58 322146 0 0 0
402 -404 11 1 485523 0 0 0
-858 220 13 91 344722 0 0 0
1300 -395 42 77 451774 0 0 0
1265 775 94 101 881653 0 0 0
-517 -25 34 132 296771 0 0 0
359 -275 86 80 103070 0 0 0
-736 953 72 30 152260 0 0 0
-930 -144 114 30 272079 0 0 0
-480 -354 132 80 248085 0 0 0
-1050 971 36 50 916428 0 0 0
1470 -165 127 51 244948 0 0 0
1422 -1251 86 119 911819 0 0 0
-1353 499 20 127 425523 0 0 0
51 -1278 142 67 322699 0 0 0
-1395 -1301 1 117 415428 0 0 0
-1363 235 44 49 304976 0 0 0
-1391 346 119 86 386835 0 0 0
-1374 -629 31 35 867970 0 0 0
443 -131 107 101 321134 0 0 0
577 -1494 50 31 745071 0 0 0
1313 125 128 103 969023 0 0 0
-235 767 69 63 662142 0 0 0
547 -1 114 56 706927 0 0 0
551 1443 54 99 259555 0 0 0
885 -544 4 39 171556 0 0 0
564 1183 78 44 382001 0 0 0
-1294 1115 139 113 346478 0 0 0
-1047 296 134 119 391460 0 0 0
1047 -643 114 54 276108 0 0 0
1040 1446 93 131 987682 0 0 0
-952 961 38 116 924662 0 0 0
-1141 -687 71 79 364961 0 0 0
-587 -80 20 32 358376 0 0 0
-263 676 3 12 910832 0 0 0
1343 385 59 125 669010 0 0 0
1466 543 29 83 713671 0 0 0
1027 326 91 28 485538 0 0 0
918 444 70 8 864716 0 0 0
-1461 934 55 90 717050 0 0 0
241 -300 24 116 390614 0 0 0
-992 1203 16 64 600447 0 0 0
1396 -978 34 125 851604 0 0 0
1164 1223 115 61 557815 0 0 0
388 392 34 114 369484 0 0 0
1009 -39 26 53 379515 0 0 0
-363 -405 84 69 414379 0 0 0
-510 -1043 12 37 201197 0 0 0
648 699 22 25 393136 0 0 0
445 46 83 19 948304 0 0 0
-1188 421 101 128 200499 0 0 0
-745 -744 114 93 673165 0 0 0
1115 60 56 15 526505 0 0 0
-106 1489 96 108 763229 0 0 0
-107 -1303 44 66 531245 0 0 0
-1178 488 64 71 445477 0 0 0
1176 -1472 50 113 544521 0 0 0
-1069 1346 49 11 824528 0 0 0
-1360 -366 22 40 254885 0 0 0
-1273 293 52 58 641420 0 0 0
916 -588 51 87 140410 0 0 0
-339 1103 143 1 280890 0 0 0
480 6 62 70 485815 0 0 0
-869 -634 57 92 695888 0 0 0
484 544 91 96 556010 0 0 0
364 540 40 82 985875 0 0 0
-1208 -668 39 16 552845 0 0 0
194 -1403 71 84 843092 0 0 0
211 -605 77 86 790225 0 0 0
1411 -811 54 18 792240 0 0 0
-200 -166 64 50 603944 0 0 0
-286 -1211 40 21 509657 0 0 0
-304 -275 128 91 288208 0 0 0
-528 -1207 101 25 268366 0 0 0
-399 -1162 125 87 599675 0 0 0
-266 -998 3 64 559043 0 0 0
328 1495 92 47 149712 0 0 0
359 -688 63 19 330436 0 0 0
1116 102 119 78 839752 0 0 0
558 -861 133 108 487593 0 0 0
-1170 1005 64 83 621804 0 0 0
51 1059 96 5 413468 0 0 0
1072 1099 143 55 805101 0 0 0
-659 1280 65 66 403905 0 0 0
782 -302 117 115 173359 0 0 0
605 -552 4 61 466206 0 0 0
-1440 -285 140 43 219907 0 0 0
472 -423 46 40 770161 0 0 0
353 66 63 84 914627 0 0 0
1053 -715 42 105 270063 0 0 0
-1322 1062 111 101 341839 0 0 0
-34 -1410 35 88 819757 0 0 0
-628 -1045 18 49 256944 0 0 0
-1033 1158 44 90 749435 0 0 0
-1320 -1175 26 8 730602 0 0 0
-931 899 136 35 743886 0 0 0
-857 -1465 53 73 900512 0 0 0
533 496 86 19 394570 0 0 0
-889 -1157 95 60 137032 0 0 0
1448 -99 17 112 995374 0 0 0
477 1161 133 68 869027 0 0 0
-1081 912 2 29 435134 0 0 0
-1422 -953 111 113 492857 0 0 0
653 100 112 41 394583 0 0 0
-318 -1043 121 6 767909 0 0 0
558 -1461 109 10 909811 0 0 0
1088 -825 134 7 843634 0 0 0
1248 -1325 141 33 586592 0 0 0
-1237 -51 9 104 643000 0 0 0
1317 -444 79 87 792806 0 0 0
1062 296 145 88 858375 0 0 0
1390 -108 41 97 878340 0 0 0
1373 1103 27 69 153803 0 0 0
387 -1183 127 25 762281 0 0 0
149 -1387 96 8 855148 0 0 0
625 -1142 132 11 404225 0 0 0
-853 -1144 7 122 981542 0 0 0
595 -603 45 94 138752 0 0 0
-1081 1267 117 97 656294 0 0 0
-603 -1121 73 57 224675 0 0 0
642 1349 120 90 609957 0 0 0
1450 32 52 50 860281 0 0 0
1099 1035 33 119 368848 0 0 0
793 1282 35 120 402485 0 0 0
1452 303 57 23 271397 0 0 0
-1015 1336 138 91 846412 0 0 0
-48 -1403 34 85 624906 0 0 0
1346 1499 133 81 146309 0 0 0
-891 958 39 19 139120 0 0 0
226 -1222 19 119 831256 0 0 0
-529 -875 31 51 175596 0 0 0
1370 1130 54 68 975098 0 0 0
-1457 1364 56 52 371999 0 0 0
1429 -179 34 91 232532 0 0 0
740 -775 55 110 543648 0 0 0
1353 16 125 71 696620 0 0 0
1120 -985 74 53 681396 0 0 0
-40 1017 69 14 412907 0 0 0
540 922 128 68 269701 0 0 0
147 157 63 23 616029 0 0 0
684 -973 34 75 179256 0 0 0
1094 -728 85 132 678558 0 0 0
-407 1325 50 109 988059 0 0 0
574 -893 46 62 788079 0 0 0
537 203 98 94 881756 0 0 0
969 -1256 37 31 993454 0 0 0
-148 -1069 99 105 426482 0 0 0
474 -761 45 101 424667 0 0 0
-980 234 18 13 785781 0 0 0
747 -1116 36 83 189304 0 0 0
1437 367 51 122 175645 0 0 0
-981 1497 25 110 637197 0 0 0
279 -44 129 38 663844 0 0 0
-1109 1450 31 1 412345 0 0 0
1447 -712 114 64 203207 0 0 0
-1176 218 99 102 520504 0 0 0
-1218 543 1 123 353652 0 0 0
961 -835 1 34 924717 0 0 0
-1418 1227 129 47 725087 0 0 0
1459 1242 121 57 325667 0 0 0
-440 -239 60 36 957125 0 0 0
963 790 62 89 700254 0 0 0
-513 713 28 16 228130 0 0 0
-824 460 34 101 522848 0 0 0
-1255 410 90 119 614757 0 0 0
613 311 97 10 789573 0 0 0
1037 218 134 85 784516 0 0 0
-955 -286 137 94 325408 0 0 0
-693 336 4 84 497981 0 0 0
207 734 106 48 498146 0 0 0
1417 1368 61 105 949297 0 0 0
-241 -671 53 93 479212 0 0 0
1068 585 42 119 499223 0 0 0
218 -1120 1 12 709886 0 0 0
-1485 -6 121 66 804015 0 0 0
-1010 -146 31 82 769363 0 0 0
-1456 376 90 106 710875 0 0 0
639 713 48 27 921771 0 0 0
-743 -255 35 86 776291 0 0 0
-461 -191 45 52 483732 0 0 0
311 294 66 115 527889 0 0 0
394 -495 44 29 217374 0 0 0
698 -815 71 68 362800 0 0 0
-1247 -752 85 13 748190 0 0 0
380 1365 72 102 155648 0 0 0
-489 17 130 131 228046 0 0 0
-736 -1410 19 122 847212 0 0 0
110 441 94 125 966275 0 0 0
888 1254 128 132 874838 0 0 0
-108 -1073 17 21 508317 0 0 0
-185 208 75 8 372868 0 0 0
461 -868 104 44 833510 0 0 0
-1438 -805 21 120 643173 0 0 0
-1090 -797 107 131 539178 0 0 0
1010 1441 70 69 711985 0 0 0
-167 533 36 105 963608 0 0 0
117 -1250 48 77 796973 0 0 0
-820 -657 36 36 807958 0 0 0
1062 -473 113 42 919868 0 0 0
-522 917 32 109 836435 0 0 0
101 137 104 30 650328 0 0 0
633 1143 30 38 559992 0 0 0
925 125 127 99 306002 0 0 0
-1161 1268 7 36 462297 0 0 0
930 622 117 24 834663 0 0 0
320 791 15 101 909139 0 0 0
-388 555 122 109 256086 0 0 0
-530 -611 118 32 134596 0 0 0
-862 1402 131 76 117610 0 0 0
-1242 376 47 3 296943 0 0 0
1256 -1239 78 131 335650 0 0 0
-226 609 121 79 184533 0 0 0
-928 513 83 89 153285 0 0 0
742 711 108 111 693982 0 0 0
114 -762 118 66 342302 0 0 0
-1042 -20 59 3 909551 0 0 0
1056 683 12 116 219275 0 0 0
-1336 -1317 47 38 616487 0 0 0
1323 1376 100 40 671357 0 0 0
1358 -209 96 89 718472 0 0 0
736 1163 141 31 744061 0 0 0
-632 -264 40 111 162263 0 0 0
1167 881 107 31 335194 0 0 0
-721 -1208 98 20 173994 0 0 0
-129 695 104 26 442692 0 0 0
-1212 -901 87 92 968764 0 0 0
-805 168 97 124 692684 0 0 0
-908 40 6 64 560462 0 0 0
1290 121 74 64 478555 0 0 0
-1421 -915 24 37 723168 0 0 0
-405 158 52 30 142216 0 0 0
608 -23 12 110 979658 0 0 0
1347 -840 20 87 430916 0 0 0
-433 1174 62 68 322160 0 0 0
-56 1075 93 83 445925 0 0 0
406 -469 26 74 303723 0 0 0
-237 -623 24 66 924121 0 0 0
627 831 140 33 828328 0 0 0
1267 671 65 119 908898 0 0 0
1277 1260 21 99 768516 0 0 0
-1260 -837 91 16 414427 0 0 0
-405 -275 58 20 111763 0 0 0
-903 346 104 20 419850 0 0 0
-1476 78 97 106 730138 0 0 0
-401 1185 85 111 541985 0 0 0
882 43 122 1 731551 0 0 0
-516 -316 143 104 449710 0 0 0
-668 1436 34 83 621064 0 0 0
1261 52 111 5 421159 0 0 0
-1184 -802 129 25 814670 0 0 0
1248 1086 90 55 685573 0 0 0
67 648 47 19 315799 0 0 0
8 238 4 70 791679 0 0 0
641 -449 112 62 518619 0 0 0
-543 1375 118 55 951369 0 0 0
861 -1057 16 115 116187 0 0 0
-1351 1291 87 127 747244 0 0 0
-880 1489 107 122 906293 0 0 0
-326 220 77 77 242275 0 0 0
802 864 128 36 907442 0 0 0
260 696 57 113 943589 0 0 0
833 -798 57 65 555235 0 0 0
-329 -759 123 15 850067 0 0 0
-373 -260 74 106 416001 0 0 0
1406 -1132 125 23 135851 0 0 0
-647 -886 125 87 473523 0 0 0
496 645 23 47 658243 0 0 0
236 -188 11 74 174037 0 0 0
-786 265 46 81 853812 0 0 0
976 1173 85 101 617706 0 0 0
-790 940 87 66 568874 0 0 0
754 1298 108 27 327295 0 0 0
1391 640 9 111 452102 0 0 0
253 959 5 43 424592 0 0 0
-1285 -980 69 1 105467 0 0 0
402 673 133 78 929234 0 0 0
1138 -319 134 10 442069 0 0 0
1394 1451 24 90 736405 0 0 0
-256 543 104 19 384739 0 0 0
832 1049 36 58 703015 0 0 0
-595 793 112 104 254414 0 0 0
626 -763 83 10 477916 0 0 0
1296 -153 123 104 658983 0 0 0
252 1482 111 89 364931 0 0 0
1017 -1496 131 21 826210 0 0 0
508 1079 15 41 444607 0 0 0
718 918 36 22 981902 0 0 0
283 -1347 103 80 305665 0 0 0
1160 -1354 21 2 346867 0 0 0
-762 -1012 87 104 707841 0 0 0
1397 1297 61 37 733205 0 0 0
-62 220 72 44 684037 0 0 0
-1216 -732 98 26 333963 0 0 0
192 641 21 55 123890 0 0 0
535 -107 18 69 993568 0 0 0
89 754 126 9 463694 0 0 0
-1196 -1075 58 45 709611 0 0 0
-105 -894 72 38 957198 0 0 0
-1114 1312 137 83 117785 0 0 0
877 -230 73 131 486357 0 0 0
1160 1497 137 32 651054 0 0 0
-1434 -1360 86 27 443714 0 0 0
58 -1475 26 65 713156 0 0 0
-314 201 56 20 208913 0 0 0
-1249 1062 67 15 253306 0 0 0
-685 -511 132 19 824971 0 0 0
-1327 318 135 100 750318 0 0 0
-1295 112 119 47 144876 0 0 0
-1329 -908 23 24 466951 0 0 0
1354 -1204 60 26 549503 0 0 0
-879 -1449 120 70 134710 0 0 0
-247 -866 68 58 883912 0 0 0
-739 331 8 67 121472 0 0 0
-201 551 6 98 482154 0 0 0
744 -1243 75 92 448923 0 0 0
-412 1028 67 81 201881 0 0 0
-1083 -263 20 96 242155 0 0 0
1348 879 97 28 689298 0 0 0
47 -984 89 73 665691 0 0 0
-991 260 77 120 220685 0 0 0
1098 736 37 107 148476 0 0 0
468 1076 44 50 415250 0 0 0
-105 131 129 26 773799 0 0 0
-127 917 12 83 983195 0 0 0
297 -182 104 113 362789 0 0 0
1021 -1272 17 103 158631 0 0 0
-406 708 85 29 419258 0 0 0
738 1021 2 41 833941 0 0 0
1168 -19 23 125 672760 0 0 0
-221 925 41 81 263375 0 0 0
-159 528 81 114 991045 0 0 0
1082 -1157 12 107 622847 0 0 0
1221 -792 111 107 852401 0 0 0
477 -87 83 91 539677 0 0 0
-804 -131 119 47 628447 0 0 0
1324 1452 25 70 841875 0 0 0
-706 -1036 126 33 631300 0 0 0
-601 221 47 129 555684 0 0 0
-1287 -791 137 87 388833 0 0 0
205 -464 141 75 895642 0 0 0
-1005 132 135 84 439974 0 0 0
-161 1159 26 72 872865 0 0 0
1105 -505 54 37 437887 0 0 0
719 196 72 60 320685 0 0 0
738 -455 94 127 706913 0 0 0
163 1166 49 3 264664 0 0 0
785 1014 117 33 365597 0 0 0
1424 918 56 30 671141 0 0 0
-98 -1181 47 10 240351 0 0 0
-1448 1402 137 96 878623 0 0 0
231 -194 54 37 137341 0 0 0
751 -289 53 30 554765 0 0 0
-625 -183 126 95 400079 0 0 0
1127 457 37 93 620935 0 0 0
1481 -1049 11 9 934867 0 0 0
953 -17 47 48 737402 0 0 0
1484 572 81 102 852560 0 0 0
1125 -637 145 115 105647 0 0 0
-893 -1401 51 127 297816 0 0 0
-540 887 87 116 348347 0 0 0
-1059 -616 84 63 671413 0 0 0
1322 -625 5 116 516451 0 0 0
462 1480 62 51 538596 0 0 0
47 -990 129 79 804932 0 0 0
-1155 -640 17 57 193145 0 0 0
-1293 1008 56 85 694170 0 0 0
119 1418 133 53 824930 0 0 0
93 -1002 121 21 259805 0 0 0
252 1163 111 36 466495 0 0 0
554 -1284 5 53 237201 0 0 0
1415 852 90 113 175166 0 0 0
1206 -352 33 38 283672 0 0 0
1488 -419 42 44 665780 0 0 0
-98 152 131 49 202124 0 0 0
-203 -942 17 32 941725 0 0 0
-830 -430 85 28 561819 0 0 0
-1035 -1151 57 105 436707 0 0 0
-753 818 138 46 604437 0 0 0
709 1258 77 126 388440 0 0 0
-1125 -105 50 44 869802 0 0 0
-247 1391 129 14 121358 0 0 0
-779 -288 93 54 977838 0 0 0
-1099 -178 15 65 163987 0 0 0
444 -1117 118 123 127945 0 0 0
861 -1217 144 101 310976 0 0 0
-1414 89 48 48 467784 0 0 0
556 -1004 47 81 566734 0 0 0
-347 -136 39 111 145559 0 0 0
-1397 -1266 111 32 189175 0 0 0
-457 977 18 104 854580 0 0 0
554 1443 107 109 704249 0 0 0
-876 938 144 33 215686 0 0 0
-312 120 86 98 534491 0 0 0
691 417 61 122 425900 0 0 0
1253 -1449 49 92 513058 0 0 0
1163 100 102 44 526084 0 0 0
-15 -503 23 10 235592 0 0 0
-150 252 139 101 316656 0 0 0
-30 -299 83 122 344269 0 0 0
1450 1039 115 82 999608 0 0 0
-854 826 69 58 980764 0 0 0
403 819 10 54 819950 0 0 0
229 -613 102 108 396134 0 0 0
-130 -57 145 52 188452 0 0 0
915 -1316 132 26 716943 0 0 0
-241 1190 137 118 924998 0 0 0
397 -574 72 32 953536 0 0 0
206 376 19 37 355041 0 0 0
443 607 79 41 900714 0 0 0
-143 -1220 130 106 948351 0 0 0
-580 -930 74 66 308613 0 0 0
-217 -1270 16 25 428818 0 0 0
1192 784 11 88 683307 0 0 0
1352 -302 85 66 701273 0 0 0
-863 13 50 131 856433 0 0 0
-1354 583 100 82 308017 0 0 0
137 -55 132 1 447293 0 0 0
-529 -154 48 38 744249 0 0 0
-642 -684 130 37 637251 0 0 0
329 -882 37 119 855702 0 0 0
-863 -400 75 37 651950 0 0 0
-285 771 94 44 864886 0 0 0
1111 1088 18 84 952815 0 0 0
1186 -1162 50 131 589005 0 0 0
587 1043 56 97 671772 0 0 0
675 313 95 38 486401 0 0 0
1479 825 120 41 389398 0 0 0
-575 -1447 8 126 507367 0 0 0
-102 -598 37 78 306382 0 0 0
122 504 98 13 157182 0 0 0
910 134 94 96 655079 0 0 0
-1276 380 69 110 906285 0 0 0
-479 -1319 36 74 727805 0 0 0
268 518 52 77 859528 0 0 0
-1386 994 63 29 241513 0 0 0
1 836 36 109 911578 0 0 0
442 1045 56 81 339024 0 0 0
81 -301 14 95 174968 0 0 0
-1335 930 33 129 576075 0 0 0
1204 983 112 87 899647 0 0 0
-1069 855 36 12 585076 0 0 0
-52 -1427 121 116 779112 0 0 0
-472 1150 39 71 446391 0 0 0
-432 974 100 11 616130 0 0 0
692 221 145 115 620529 0 0 0
-208 -196 120 114 642667 0 0 0
-170 399 123 130 836202 0 0 0
-1495 1036 105 51 636446 0 0 0
1078 -1491 99 3 853391 0 0 0
1213 494 130 16 334722 0 0 0
-1247 268 123 70 634554 0 0 0
-437 516 139 15 296685 0 0 0
1231 -1455 2 52 253362 0 0 0
1232 981 113 71 256636 0 0 0
-785 198 84 110 468584 0 0 0
-1012 -624 133 38 412560 0 0 0
-1354 104 102 123 377013 0 0 0
-661 942 31 132 325922 0 0 0
466 1468 24 125 869886 0 0 0
-307 246 124 48 554082 0 0 0
-1195 -634 113 114 137600 0 0 0
-1269 -1481 119 89 472537 0 0 0
421 713 92 69 629835 0 0 0
832 -245 103 41 773044 0 0 0
1103 1095 135 1 567060 0 0 0
-926 910 140 90 964252 0 0 0
-95 520 94 111 637965 0 0 0
-332 -1340 138 113 288400 0 0 0
-250 1498 25 22 725355 0 0 0
964 705 99 17 517275 0 0 0
-377 -161 141 122 673148 0 0 0
-267 -823 120 110 497170 0 0 0
-845 -1082 93 1 255450 0 0 0
182 -719 116 27 549474 0 0 0
118 167 33 22 837765 0 0 0
-898 350 23 62 389094 0 0 0
631 164 44 106 605014 0 0 0
-1255 -197 115 69 806759 0 0 0
1273 1313 71 64 733347 0 0 0
-1184 1305 75 72 637072 0 0 0
666 -568 91 20 859307 0 0 0
-1131 962 75 17 175044 0 0 0
-744 -252 70 29 168263 0 0 0
1085 1473 102 5 997553 0 0 0
-1218 1457 90 89 633383 0 0 0
942 1419 137 32 262563 0 0 0
-275 -47 90 96 883695 0 0 0
-797 -1418 116 37 533120 0 0 0
1134 -1074 19 36 592408 0 0 0
302 392 71 115 393597 0 0 0
24 121 52 120 723180 0 0 0
606 1211 134 10 992248 0 0 0
1407 -1331 106 69 121974 0 0 0
1494 3 115 123 344824 0 0 0
1440 37 125 46 291175 0 0 0
-1303 -103 58 75 606959 0 0 0
161 175 108 40 344907 0 0 0
-685 28 61 12 322437 0 0 0
793 -809 52 75 230134 0 0 0
-436 -546 125 99 919706 0 0 0
-701 1288 108 2 811822 0 0 0
-1165 1272 134 84 811265 0 0 0
1108 -396 63 89 397037 0 0 0
-318 -1284 5 89 168338 0 0 0
1101 -1258 96 59 568613 0 0 0
1023 286 136 125 531526 0 0 0
-678 1154 77 49 101059 0 0 0
1333 -912 30 82 953818 0 0 0
-678 -478 12 42 871492 0 0 0
670 -180 26 73 867783 0 0 0
700 -992 19 85 511783 0 0 0
-1320 1160 34 117 666068 0 0 0
-531 1032 113 121 216898 0 0 0
1079 155 71 107 924032 0 0 0
-1409 -550 126 85 165427 0 0 0
1154 223 137 129 667223 0 0 0
-344 625 130 67 108760 0 0 0
874 345 125 86 629253 0 0 0
-948 647 130 86 366252 0 0 0
-1217 -1119 110 20 502967 0 0 0
-1169 1217 88 36 964385 0 0 0
-427 1234 44 69 409486 0 0 0
-847 246 133 106 572086 0 0 0
1406 -1189 69 80 399512 0 0 0
-681 -1198 15 46 722243 0 0 0
1462 1143 13 83 915783 0 0 0
-1231 944 100 51 298077 0 0 0
506 -701 59 103 542047 0 0 0
1080 -1235 89 68 230697 0 0 0
-1004 -1417 36 20 850468 0 0 0
1461 -1094 38 94 854515 0 0 0
-894 -451 22 41 187551 0 0 0
-466 -1134 85 1 142599 0 0 0
-432 839 54 80 501327 0 0 0
-1477 -207 122 97 799394 0 0 0
-941 -1033 72 96 990839 0 0 0
-53 -242 116 100 297177 0 0 0
803 660 68 58 139854 0 0 0
1319 -218 5 46 433989 0 0 0
154 -1203 125 106 822294 0 0 0
730 793 82 107 604706 0 0 0
811 1062 61 17 507704 0 0 0
607 -270 50 67 529529 0 0 0
215 978 19 47 343930 0 0 0
-1039 7 81 5 684815 0 0 0
-1471 1324 95 6 147564 0 0 0
-909 -922 83 92 115582 0 0 0
1360 -376 25 36 951176 0 0 0
-1098 -1413 94 51 430833 0 0 0
-1064 777 96 87 548553 0 0 0
391 -1012 139 13 209850 0 0 0
844 202 89 49 964499 0 0 0
-497 -590 26 111 329419 0 0 0
-489 -274 23 61 368967 0 0 0
108 -805 30 49 114385 0 0 0
-258 -851 13 14 843954 0 0 0
-1292 -1417 60 86 518577 0 0 0
-284 -420 23 129 927068 0 0 0
-604 -265 53 117 991384 0 0 0
1163 783 47 8 967675 0 0 0
1345 -135 90 43 758215 0 0 0
336 728 72 39 806059 0 0 0
-969 -443 9 125 429381 0 0 0
-683 -386 12 28 222483 0 0 0
1354 -1309 79 4 345553 0 0 0
6 -488 49 11 398360 0 0 0
933 265 41 116 187427 0 0 0
-851 436 26 100 258489 0 0 0
539 1490 87 87 624208 0 0 0
828 -1410 92 28 101866 0 0 0
-572 -264 73 1 290594 0 0 0
404 94 32 17 675040 0 0 0
660 450 30 90 353713 0 0 0
1124 1107 117 115 578655 0 0 0
-676 213 65 124 434227 0 0 0
1441 1043 120 132 303880 0 0 0
460 1104 35 90 230263 0 0 0
67 -136 87 96 450887 0 0 0
855 -869 119 57 408755 0 0 0
-630 9 52 95 114325 0 0 0
1218 868 48 70 378948 0 0 0
901 249 67 37 186198 0 0 0
-563 857 138 10 953013 0 0 0
-666 -31 138 113 226912 0 0 0
-919 269 18 41 140811 0 0 0
1274 1456 66 78 752974 0 0 0
967 1481 56 62 146717 0 0 0
480 438 110 98 159598 0 0 0
-1373 -1206 10 40 875398 0 0 0
-228 -1324 90 39 590544 0 0 0
-779 -1095 99 23 486825 0 0 0
321 -48 76 73 193760 0 0 0
-861 682 125 76 278808 0 0 0
-473 1458 56 127 240522 0 0 0
-1174 -250 63 100 730766 0 0 0
801 928 5 39 489519 0 0 0
127 951 109 82 352255 0 0 0
682 1131 12 78 842945 0 0 0
-1327 -820 10 55 339360 0 0 0
-1057 -1479 18 120 157126 0 0 0
226 899 33 131 984738 0 0 0
1252 508 103 125 346637 0 0 0
-29 1425 131 110 870465 0 0 0
-1370 533 117 77 182046 0 0 0
192 1089 132 96 628547 0 0 0
1325 -381 98 14 486633 0 0 0
1295 -636 80 117 718774 0 0 0
-915 300 42 24 945991 0 0 0
-1441 1069 106 96 336228 0 0 0
-241 -69 131 36 374309 0 0 0
-223 -19 10 26 302934 0 0 0
1344 649 132 34 945293 0 0 0
324 -951 73 14 144041 0 0 0
-570 1380 59 51 756871 0 0 0
-518 983 22 73 594035 0 0 0
-136 -113 108 51 749843 0 0 0
907 1053 100 119 187357 0 0 0
1246 77 17 113 732729 0 0 0
-392 351 54 81 765141 0 0 0
56 -961 7 72 171059 0 0 0
1326 -385 121 8 733924 0 0 0
-196 -1284 50 66 895309 0 0 0
317 -1028 120 9 190752 0 0 0
-75 -441 36 88 275820 0 0 0
1343 1288 41 113 107624 0 0 0
184 1243 45 127 978926 0 0 0
-1406 1385 2 75 525394 0 0 0
146 1344 25 54 507121 0 0 0
-1394 1118 88 57 504323 0 0 0
-1096 -1473 17 107 642315 0 0 0
-40 -645 101 95 431150 0 0 0
-1026 -344 94 99 501877 0 0 0
-1020 541 40 119 788870 0 0 0
-146 -734 88 36 125543 0 0 0
-568 -1091 126 14 691502 0 0 0
-714 -861 45 96 985737 0 0 0
-837 868 137 119 239645 0 0 0
451 -1483 48 112 190000 0 0 0
-800 16 5 37 891454 0 0 0
-1338 1370 13 57 157846 0 0 0
-96 -1147 79 72 924706 0 0 0
1315 -654 131 4 901764 0 0 0
-26 -780 9 98 116953 0 0 0
288 945 22 119 622215 0 0 0
-489 224 104 29 219853 0 0 0
-13 817 137 127 532269 0 0 0
4 134 34 80 103081 0 0 0
182 -1143 98 54 741998 0 0 0
306 1333 5 87 557997 0 0 0
677 -1429 98 123 875130 0 0 0
-435 -1276 120 103 842287 0 0 0
342 53 55 129 278860 0 0 0
872 -515 72 41 204406 0 0 0
-127 635 11 117 506686 0 0 0
668 -722 141 9 186898 0 0 0
-213 -291 109 116 669388 0 0 0
283 1423 18 66 294547 0 0 0
1256 1038 67 36 445635 0 0 0
189 -1358 63 50 817874 0 0 0
877 -936 58 84 238596 0 0 0
-1482 -1337 110 113 404794 0 0 0
-781 -1054 73 16 254298 0 0 0
-1347 -135 28 98 352879 0 0 0
-533 -37 49 107 396815 0 0 0
453 48 87 61 297920 0 0 0
1479 -333 110 62 669334 0 0 0
1088 1497 19 14 852518 0 0 0
-995 401 70 28 187616 0 0 0
1021 1003 25 123 249769 0 0 0
-62 -1458 70 29 940994 0 0 0
1434 1041 53 51 598471 0 0 0
-450 1130 8 70 365579 0 0 0
-482 306 134 4 876723 0 0 0
997 -176 21 20 811199 0 0 0
714 -313 137 89 116992 0 0 0
-933 -169 29 87 315285 0 0 0
1094 820 102 92 951405 0 0 0
959 -427 67 61 989214 0 0 0
-1401 1026 81 40 843837 0 0 0
-913 498 137 11 369522 0 0 0
985 1257 120 6 382866 0 0 0
-816 1036 144 38 392738 0 0 0
-676 -1142 38 28 438388 0 0 0
58 1474 71 103 983970 0 0 0
1494 -64 53 101 239425 0 0 0
-385 1434 140 57 244605 0 0 0
-405 -897 2 60 260059 0 0 0
-1347 102 93 79 401698 0 0 0
641 1381 63 4 744573 0 0 0
-1492 -1008 61 12 546127 0 0 0
-230 1437 52 31 766078 0 0 0
614 -611 140 31 432291 0 0 0
-463 -590 114 57 233849 0 0 0
-1037 157 118 114 554914 0 0 0
959 1101 112 114 488596 0 0 0
-500 531 135 109 211226 0 0 0
665 505 18 15 983542 0 0 0
1090 556 82 2 709376 0 0 0
-619 1458 75 126 776427 0 0 0
-899 394 73 40 651698 0 0 0
704 -510 63 53 542298 0 0 0
1217 1110 142 14 366428 0 0 0
786 -401 85 128 329023 0 0 0
-631 -675 119 105 271184 0 0 0
310 90 61 39 877039 0 0 0
-1453 1196 133 14 912480 0 0 0
986 1293 101 58 827274 0 0 0
274 -1381 103 68 141435 0 0 0
764 -1469 130 109 674310 0 0 0
-862 834 86 89 456675 0 0 0
36 -582 53 131 339412 0 0 0
-587 -1316 105 4 742376 0 0 0
-658 -912 45 54 948197 0 0 0
-68 1441 114 20 990453 0 0 0
955 727 74 52 747983 0 0 0
-735 -246 116 70 345564 0 0 0
845 295 77 83 697378 0 0 0
-1135 -1121 7 16 686984 0 0 0
814 486 89 71 232683 0 0 0
-223 -276 5 48 355003 0 0 0
-1247 947 24 6 996786 0 0 0
1092 767 72 15 833672 0 0 0
-442 -310 77 98 558751 0 0 0
477 958 54 30 400952 0 0 0
-849 -90 65 15 785614 0 0 0
-1453 971 103 108 836683 0 0 0
780 352 115 74 153788 0 0 0
-1120 1137 63 111 633667 0 0 0
821 -171 70 45 265269 0 0 0
-876 -1217 140 87 181000 0 0 0
-151 -177 1 14 260341 0 0 0
1457 -312 29 108 439366 0 0 0
540 -171 119 90 249911 0 0 0
-1397 1115 106 104 618242 0 0 0
-370 -717 19 120 551710 0 0 0
-1045 361 74 86 582389 0 0 0
1114 -544 142 84 772845 0 0 0
-723 -1360 89 55 860020 0 0 0
239 216 115 44 886965 0 0 0
818 -55 100 126 389434 0 0 0
-1091 497 5 84 533063 0 0 0
813 -1187 15 10 689736 0 0 0
-1340 56 128 96 613358 0 0 0
1085 1113 127 78 249678 0 0 0
1459 -748 84 33 828882 0 0 0
122 1108 124 123 241331 0 0 0
-586 -1172 138 96 132208 0 0 0
1302 -529 22 71 447464 0 0 0
-164 -1163 120 132 407856 0 0 0
888 -374 114 30 370595 0 0 0
956 -354 12 105 591463 0 0 0
25 -703 129 10 200977 0 0 0
-1356 -209 132 76 646879 0 0 0
-7 -1247 102 114 549749 0 0 0
-1384 -1352 117 73 326511 0 0 0
-1370 -1375 126 47 187150 0 0 0
686 -1104 16 18 915703 0 0 0
-520 -1237 132 38 118810 0 0 0
-536 712 112 63 572204 0 0 0
-1271 -41 145 3 822252 0 0 0
680 1481 104 105 897191 0 0 0
-593 -638 36 72 361008 0 0 0
1023 -1435 106 34 200363 0 0 0
-559 -678 118 102 766717 0 0 0
357 90 11 57 220452 0 0 0
-597 -252 115 8 141541 0 0 0
-61 -1185 144 42 167338 0 0 0
1431 -497 87 46 757777 0 0 0
-750 723 97 99 564521 0 0 0
1385 498 24 55 584666 0 0 0
-1309 511 64 68 935867 0 0 0
775 -631 24 78 548855 0 0 0
1328 57 82 10 717081 0 0 0
-423 724 120 130 397789 0 0 0
688 188 125 31 416520 0 0 0
1227 -1083 121 125 979434 0 0 0
-696 -738 6 47 609525 0 0 0
1346 -968 60 60 741604 0 0 0
844 -998 10 12 480506 0 0 0
1240 624 133 81 186715 0 0 0
-945 333 71 109 852811 0 0 0
-77 -956 52 2 977985 0 0 0
-801 665 101 11 719506 0 0 0
-869 515 83 7 137097 0 0 0
-535 1167 2 88 825175 0 0 0
-229 219 38 10 292818 0 0 0
804 -1295 8 73 260015 0 0 0
401 -145 109 34 766650 0 0 0
-1019 -198 143 12 888564 0 0 0
-1318 -281 114 74 791871 0 0 0
-606 1151 97 110 522587 0 0 0
-690 -1271 73 59 407926 0 0 0
-1375 -1318 82 124 487019 0 0 0
-603 -407 33 8 170925 0 0 0
1223 -130 43 102 353305 0 0 0
-1401 1224 128 55 473088 0 0 0
-1324 -107 20 64 120964 0 0 0
-474 -652 120 20 340117 0 0 0
892 235 105 51 916416 0 0 0
862 -1165 105 9 598972 0 0 0
-1498 -53 73 100 856594 0 0 0
-1160 -1269 131 66 250008 0 0 0
782 271 16 39 458487 0 0 0
-693 684 17 10 525718 0 0 0
864 788 28 55 936758 0 0 0
670 1107 78 36 356376 0 0 0
54 1353 73 130 342652 0 0 0
908 702 67 54 762509 0 0 0
104 115 20 62 552226 0 0 0
484 799 76 82 310193 0 0 0
1234 -1382 105 58 146200 0 0 0
520 -586 143 8 880283 0 0 0
1130 33 81 38 588021 0 0 0
1079 806 76 117 800918 0 0 0
1169 -493 101 18 629435 0 0 0
668 -632 134 30 856598 0 0 0
701 -999 1 63 497856 0 0 0
275 1435 110 46 494689 0 0 0
866 1301 25 62 942167 0 0 0
806 509 68 52 731966 0 0 0
-81 27 3 75 354318 0 0 0
131 752 64 35 652008 0 0 0
93 1413 128 102 281768 0 0 0
-1135 -193 94 16 743256 0 0 0
-1088 -523 134 110 952197 0 0 0
1455 1321 126 121 788534 0 0 0
98 948 83 107 988166 0 0 0
-366 1283 36 45 817658 0 0 0
1117 -160 141 7 431502 0 0 0
-1123 1174 101 67 624980 0 0 0
766 -1440 75 112 980539 0 0 0
-864 -339 118 113 771288 0 0 0
-653 -901 54 21 823282 0 0 0
1466 -206 116 45 222161 0 0 0
-1093 -9 6 43 497329 0 0 0
-1023 581 60 129 229848 0 0 0
-1207 -778 36 80 130181 0 0 0
228 527 52 43 675053 0 0 0
1090 1330 83 9 792759 0 0 0
-506 -11 23 108 562431 0 0 0
511 -1075 10 93 296558 0 0 0
-1034 391 9 40 522090 0 0 0
456 -661 35 60 185608 0 0 0
1483 -809 145 83 969142 0 0 0
-262 -235 114 78 461405 0 0 0
-1322 -1333 17 12 191436 0 0 0
-651 -1290 65 43 664590 0 0 0
-820 307 145 68 214453 0 0 0
750 -386 120 56 893043 0 0 0
-496 -1295 35 101 999350 0 0 0
1212 775 46 98 437820 0 0 0
-310 1186 41 23 922917 0 0 0
-185 -1165 13 31 533802 0 0 0
1447 948 54 131 974053 0 0 0
1113 864 129 11 324526 0 0 0
-201 963 11 7 715174 0 0 0
960 -1352 120 99 344100 0 0 0
-344 886 79 30 280620 0 0 0
-652 1469 11 32 526114 0 0 0
1295 560 11 31 703466 0 0 0
1160 -426 17 123 534657 0 0 0
1393 518 136 50 112411 0 0 0
-720 -925 110 76 383706 0 0 0
-1075 488 116 61 928377 0 0 0
377 -167 4 98 637437 0 0 0
659 201 115 41 695990 0 0 0
-378 -304 77 73 799590 0 0 0
930 1461 10 101 128439 0 0 0
926 -544 109 27 328754 0 0 0
-1134 1350 10 86 359333 0 0 0
1054 -1168 110 81 821759 0 0 0
-1183 1287 91 111 593490 0 0 0
585 876 75 28 824911 0 0 0
327 422 38 129 862877 0 0 0
-1169 601 122 7 189741 0 0 0
-33 1233 47 46 552745 0 0 0
-1452 -628 131 111 688720 0 0 0
565 1394 83 22 598175 0 0 0
1256 1357 19 52 841651 0 0 0
66 -1119 93 23 213329 0 0 0
-921 1401 84 108 798016 0 0 0
813 -1045 46 121 237444 0 0 0
1028 -53 53 10 550916 0 0 0
935 -938 43 41 554735 0 0 0
-904 -1417 104 53 843479 0 0 0
-378 1364 29 108 732261 0 0 0
-488 -1146 2 71 295626 0 0 0
14 1472 54 56 732588 0 0 0
-1478 -946 60 80 378814 0 0 0
-1281 -1351 39 80 775706 0 0 0
-1173 382 5 1 786958 0 0 0
1081 920 67 72 870273 0 0 0
-183 135 90 10 295991 0 0 0
408 -1444 63 75 516356 0 0 0
-197 1290 8 50 281361 0 0 0
1177 -1043 1 10 784878 0 0 0
274 346 50 124 469067 0 0 0
279 658 48 74 519927 0 0 0
230 -1415 16 11 499663 0 0 0
-443 632 60 113 778801 0 0 0
-808 760 138 53 301178 0 0 0
390 803 78 66 321798 0 0 0
1371 629 45 128 446927 0 0 0
665 848 19 5 907271 0 0 0
743 -728 49 32 594990 0 0 0
137 -586 140 73 152570 0 0 0
615 181 112 69 457532 0 0 0
14 1092 78 107 500444 0 0 0
407 -589 106 59 591109 0 0 0
-1303 1238 133 39 496554 0 0 0
313 894 137 12 456990 0 0 0
662 -1107 99 122 927873 0 0 0
752 318 98 112 863407 0 0 0
699 675 26 23 764937 0 0 0
-308 -982 128 105 932118 0 0 0
-1227 899 113 90 903505 0 0 0
-462 1186 1 115 307024 0 0 0
148 1286 145 20 673775 0 0 0
-259 1134 12 90 799366 0 0 0
1388 564 75 75 112210 0 0 0
-1265 1185 28 39 135843 0 0 0
-1141 431 54 70 380915 0 0 0
17 -1157 98 68 830733 0 0 0
-270 -528 40 92 612092 0 0 0
473 463 88 110 599408 0 0 0
-383 -1360 20 118 190628 0 0 0
-366 1212 82 120 252888 0 0 0
-95 975 50 120 416545 0 0 0
222 -285 37 91 529039 0 0 0
-3 -256 79 103 947137 0 0 0
742 -1194 51 95 879915 0 0 0
-360 107 111 79 463391 0 0 0
-704 1427 140 120 455408 0 0 0
1025 -1049 34 18 570665 0 0 0
-1199 -242 36 3 490705 0 0 0
-1144 515 63 36 907257 0 0 0
-1300 -1175 143 112 696711 0 0 0
-735 -667 55 104 960801 0 0 0
-487 -1277 88 82 232920 0 0 0
-436 664 71 70 783881 0 0 0
1218 761 68 38 948798 0 0 0
1392 -303 50 119 334964 0 0 0
-260 -1212 119 21 989956 0 0 0
-188 613 114 42 500070 0 0 0
-854 -78 50 69 959219 0 0 0
-1306 944 76 30 281859 0 0 0
-624 1156 9 18 962680 0 0 0
543 -184 20 130 677415 0 0 0
74 -1086 17 48 931076 0 0 0
197 874 114 111 699765 0 0 0
1469 1274 118 121 221708 0 0 0
-437 -769 10 93 393278 0 0 0
-454 -1160 39 31 802957 0 0 0
1051 1095 81 93 842346 0 0 0
-444 749 28 105 635874 0 0 0
-904 1268 85 112 555110 0 0 0
25 658 45 14 705496 0 0 0
514 847 81 23 796790 0 0 0
-1104 -441 108 114 196717 0 0 0
-72 891 57 109 258229 0 0 0
-1165 313 2 107 565519 0 0 0
57 527 88 93 212936 0 0 0
259 -187 19 27 990483 0 0 0
268 933 90 44 865874 0 0 0
-8 -705 63 126 316259 0 0 0
746 1049 125 79 279296 0 0 0
-92 -337 31 81 220126 0 0 0
-817 304 119 95 488672 0 0 0
256 -224 31 8 530376 0 0 0
-37 -726 141 72 898700 0 0 0
798 614 72 1 721745 0 0 0
-1193 513 88 82 680210 0 0 0
-1475 -530 45 18 578313 0 0 0
356 421 64 131 867850 0 0 0
-1273 179 143 62 807978 0 0 0
-578 -1163 81 130 498517 0 0 0
755 -351 30 39 869320 0 0 0
-341 -249 100 61 560524 0 0 0
-1318 201 140 76 630261 0 0 0
998 807 67 31 460214 0 0 0
942 -756 145 110 568674 0 0 0
-168 -159 50 52 243680 0 0 0
-607 319 66 10 366545 0 0 0
-1284 -1127 106 81 811820 0 0 0
633 699 60 43 524411 0 0 0
1487 488 40 43 739406 0 0 0
217 343 89 75 919699 0 0 0
-971 489 97 35 853140 0 0 0
-885 1070 28 48 748595 0 0 0
730 -885 31 126 474166 0 0 0
734 1240 126 25 542766 0 0 0
-1415 265 1 88 213367 0 0 0
-594 -761 95 16 668989 0 0 0
259 1366 108 75 514537 0 0 0
-370 -643 24 50 720317 0 0 0
-370 -1229 17 125 466622 0 0 0
245 459 10 101 946409 0 0 0
-1163 783 136 77 573270 0 0 0
-844 163 95 125 295591 0 0 0
-194 -1403 7 11 898413 0 0 0
953 -803 93 123 522451 0 0 0
1115 950 83 34 787239 0 0 0
-346 -438 110 111 552790 0 0 0
192 1337 5 84 694856 0 0 0
601 -242 107 4 853253 0 0 0
1056 -830 56 48 953272 0 0 0
-994 776 131 100 892855 0 0 0
-1245 1407 85 33 913935 0 0 0
-948 682 73 37 398688 0 0 0
1241 1484 48 102 746635 0 0 0
-387 1169 5 108 655837 0 0 0
-3 -913 13 22 492277 0 0 0
614 755 88 42 221696 0 0 0
-1068 -970 100 130 340218 0 0 0
-775 -643 12 85 869308 0 0 0
-529 -1103 41 27 478525 0 0 0
-1104 -50 23 19 550648 0 0 0
279 1104 50 37 500706 0 0 0
-47 355 137 26 309721 0 0 0
763 -470 109 115 975679 0 0 0
302 690 65 12 185001 0 0 0
-32 -1467 121 127 806065 0 0 0
1347 -851 75 12 127669 0 0 0
-991 -1080 104 104 413727 0 0 0
932 881 78 98 447458 0 0 0
60 701 144 21 771717 0 0 0
1400 -519 54 1 906702 0 0 0
-1487 497 119 5 175192 0 0 0
1071 -1008 56 52 251213 0 0 0
-771 -156 142 113 567782 0 0 0
-620 -385 115 106 430616 0 0 0
-1063 863 21 68 271362 0 0 0
1366 1077 39 23 614225 0 0 0
-657 981 73 57 950717 0 0 0
1112 -146 115 84 765010 0 0 0
1271 1196 5 1 934399 0 0 0
-159 91 43 120 975113 0 0 0
-352 1069 91 57 876194 0 0 0
1339 -794 25 4 498367 0 0 0
1452 155 87 85 921707 0 0 0
-101 959 60 120 333652 0 0 0
-1059 127 91 31 889644 0 0 0
1180 237 32 31 758484 0 0 0
-280 -727 3 8 999247 0 0 0
-770 470 103 70 274282 0 0 0
-1497 1317 11 38 620898 0 0 0
-92 -818 104 76 106194 0 0 0
496 -755 6 102 499968 0 0 0
-1395 -609 60 71 932245 0 0 0
-979 400 117 45 620429 0 0 0
507 -841 123 11 779192 0 0 0
274 106 69 56 569886 0 0 0
-850 956 75 4 385632 0 0 0
1160 -918 139 112 123013 0 0 0
-38 753 90 99 264989 0 0 0
-1006 -148 138 41 818271 0 0 0
-328 376 39 43 264837 0 0 0
854 -14 127 57 313370 0 0 0
-912 983 140 29 759745 0 0 0
273 1152 129 48 231845 0 0 0
-807 -669 100 117 353013 0 0 0
-456 -131 82 6 619975 0 0 0
845 -1049 67 114 873085 0 0 0
-728 -624 132 65 611533 0 0 0
1408 -361 110 112 621585 0 0 0
581 -360 85 132 405256 0 0 0
-1133 453 5 76 480144 0 0 0
-542 677 50 116 400625 0 0 0
-444 -111 137 100 374711 0 0 0
149 -660 115 105 970110 0 0 0
1185 37 133 16 224211 0 0 0
-657 163 52 7 989008 0 0 0
435 494 119 120 787002 0 0 0
1262 -1259 88 14 133938 0 0 0
