1600
-100 925 149 103 314270 0 0 0
-63 -670 29 126 601215 0 0 0
-960 -1219 75 121 401575 0 0 0
106 979 122 92 950122 0 0 0
-869 -622 138 86 947192 0 0 0
-1439 -45 92 43 537933 0 0 0
-1198 1082 89 100 369175 0 0 0
989 1451 114 40 905348 0 0 0
385 131 115 60 199310 0 0 0
1202 -369 55 69 951937 0 0 0
-1140 682 92 5 237560 0 0 0
1214 79 97 33 102350 0 0 0
827 -634 66 119 572612 0 0 0
-709 -416 133 120 152207 0 0 0
897 65 3 68 648272 0 0 0
-1464 1346 147 65 998231 0 0 0
-387 297 42 85 485371 0 0 0
-133 1060 117 95 554564 0 0 0
-22 -995 23 1 982736 0 0 0
454 481 63 45 993790 0 0 0
-20 -259 2 65 779394 0 0 0
557 569 12 6 278175 0 0 0
-1176 531 24 19 406182 0 0 0
-1526 -476 13 75 462136 0 0 0
-741 504 130 30 979323 0 0 0
390 1374 47 17 767374 0 0 0
197 406 32 25 798012 0 0 0
-45 -549 91 112 258310 0 0 0
-877 -54 36 83 305483 0 0 0
1536 -172 72 125 233713 0 0 0
50 30 151 36 415059 0 0 0
-1092 92 143 23 349780 0 0 0
-1270 -1501 84 26 464722 0 0 0
631 1171 97 45 319127 0 0 0
-1026 -227 137 138 519909 0 0 0
-155 1054 95 138 615953 0 0 0
266 249 149 138 425590 0 0 0
-582 -1352 108 127 990003 0 0 0
-1469 -1419 19 64 966525 0 0 0
-292 -1573 107 60 805991 0 0 0
-451 380 142 116 296217 0 0 0
66 811 57 86 639319 0 0 0
-1455 1288 77 138 111802 0 0 0
68 319 21 4 902673 0 0 0
-1424 -319 37 29 320840 0 0 0
-139 -1503 63 121 159800 0 0 0
-1078 1241 120 124 262769 0 0 0
273 -413 107 3 829327 0 0 0
-519 1083 108 106 889750 0 0 0
-98 167 111 96 685778 0 0 0
476 -80 76 2 402899 0 0 0
1335 -687 95 121 907769 0 0 0
-96 45 149 15 833974 0 0 0
948 1383 85 58 676654 0 0 0
-245 947 18 88 816599 0 0 0
808 1537 49 50 483744 0 0 0
-331 1573 69 37 782217 0 0 0
-586 -1237 47 124 245682 0 0 0
-1118 -884 87 114 264827 0 0 0
311 64 70 21 597835 0 0 0
726 214 32 79 418661 0 0 0
569 1135 52 41 348702 0 0 0
145 -600 91 121 816515 0 0 0
-1284 1374 33 35 468304 0 0 0
270 -1501 83 83 893039 0 0 0
-345 465 99 123 200219 0 0 0
1152 1521 151 112 345810 0 0 0
-1576 1066 21 54 205103 0 0 0
-1423 530 99 106 536124 0 0 0
-145 -576 64 62 732506 0 0 0
-77 -1584 69 73 566199 0 0 0
1021 1551 105 35 562281 0 0 0
1221 1511 22 109 254635 0 0 0
-1232 1278 73 6 197048 0 0 0
-191 -900 62 33 280943 0 0 0
-888 -265 6 50 396772 0 0 0
1478 -1524 152 110 101750 0 0 0
1352 485 1 3 309469 0 0 0
-1302 517 125 65 357942 0 0 0
-284 1593 4 59 165129 0 0 0
-162 119 85 116 473937 0 0 0
391 710 132 100 227654 0 0 0
301 -124 119 94 524301 0 0 0
-1029 765 107 6 263380 0 0 0
882 -796 101 87 807070 0 0 0
-217 92 71 84 640582 0 0 0
585 -373 106 57 909649 0 0 0
-633 596 153 135 812675 0 0 0
274 -739 56 69 909302 0 0 0
-1545 -791 61 105 781594 0 0 0
1550 -482 139 133 351277 0 0 0
-984 1396 10 113 352538 0 0 0
-1512 -195 103 79 903409 0 0 0
38 1499 83 27 577218 0 0 0
-412 -261 40 38 943378 0 0 0
485 -720 102 117 463338 0 0 0
-458 344 145 34 446241 0 0 0
1565 523 79 129 515964 0 0 0
1130 -592 84 25 697633 0 0 0
437 281 126 48 236251 0 0 0
-1580 -372 139 22 986305 0 0 0
1058 -253 22 61 472334 0 0 0
-665 -1510 11 2 891957 0 0 0
-1547 -881 103 121 769252 0 0 0
-1332 -206 43 107 930970 0 0 0
-1171 -1550 36 50 990849 0 0 0
-83 -90 35 46 177726 0 0 0
1339 1352 134 20 796579 0 0 0
-1138 -1167 112 106 690366 0 0 0
1353 39 79 98 398662 0 0 0
-143 1547 60 33 584904 0 0 0
-232 -1232 107 88 306713 0 0 0
1255 -194 125 135 382876 0 0 0
-146 746 133 101 453668 0 0 0
-432 646 76 137 318534 0 0 0
-378 1017 52 5 985036 0 0 0
-251 606 49 86 124801 0 0 0
-1369 -1425 23 10 294880 0 0 0
-527 215 116 8 593514 0 0 0
-192 1296 90 55 374865 0 0 0
-299 301 76 50 503865 0 0 0
-484 -1586 107 113 995555 0 0 0
-526 -1588 74 2 682804 0 0 0
-63 215 116 121 450067 0 0 0
1133 -440 96 13 187264 0 0 0
-1319 557 122 43 314203 0 0 0
1013 620 66 75 352817 0 0 0
16 -979 100 25 276023 0 0 0
673 1558 18 10 909610 0 0 0
-1428 -387 57 127 392483 0 0 0
-1295 -1556 41 86 155066 0 0 0
244 1326 1 19 355494 0 0 0
-764 787 150 7 312389 0 0 0
-365 1415 81 138 919589 0 0 0
607 -568 60 122 280630 0 0 0
413 -198 36 35 932491 0 0 0
-1472 945 62 29 377824 0 0 0
-748 1258 116 28 727745 0 0 0
-840 388 144 44 240839 0 0 0
943 942 132 57 783318 0 0 0
-822 -997 136 58 888871 0 0 0
654 1154 111 134 432505 0 0 0
-761 759 110 44 976438 0 0 0
3 -1394 17 10 943660 0 0 0
-389 1171 146 133 423037 0 0 0
-1444 -178 13 58 979401 0 0 0
1145 160 95 22 611892 0 0 0
1302 -346 78 123 549882 0 0 0
1268 43 143 129 160170 0 0 0
1315 1220 18 10 311265 0 0 0
-429 -185 62 100 740527 0 0 0
385 294 119 48 433197 0 0 0
-143 -1552 42 12 914675 0 0 0
-100 -1055 24 139 313199 0 0 0
-1549 301 65 83 865992 0 0 0
-602 -501 112 14 143620 0 0 0
42 -1448 80 70 172457 0 0 0
-83 -154 71 67 683238 0 0 0
208 1010 132 40 968471 0 0 0
-797 992 5 106 300029 0 0 0
1507 -1028 118 20 898711 0 0 0
-812 1040 127 56 267038 0 0 0
-1111 -843 35 127 106910 0 0 0
-1585 773 11 72 952494 0 0 0
433 76 26 26 809057 0 0 0
938 82 21 137 318622 0 0 0
-10 497 113 56 738406 0 0 0
639 246 76 92 764818 0 0 0
-754 -630 4 65 193030 0 0 0
57 791 54 99 585434 0 0 0
-1459 -1003 87 53 952836 0 0 0
-1160 679 29 97 277208 0 0 0
-1592 -729 17 49 175340 0 0 0
601 -194 117 10 866282 0 0 0
-1513 184 18 48 229246 0 0 0
1000 1041 38 48 474858 0 0 0
-222 465 102 85 899491 0 0 0
782 -89 34 15 376565 0 0 0
993 210 103 85 974139 0 0 0
166 -986 108 104 340947 0 0 0
1125 -962 38 98 464503 0 0 0
-1104 239 27 35 629486 0 0 0
325 -1295 132 44 630430 0 0 0
15 756 5 19 475908 0 0 0
-1320 -551 55 31 732225 0 0 0
-827 1175 20 119 395363 0 0 0
1057 882 23 128 873657 0 0 0
-1355 -938 115 131 529228 0 0 0
478 -91 66 108 507545 0 0 0
-275 -1007 70 10 388647 0 0 0
-854 1008 36 67 403741 0 0 0
893 967 130 133 934292 0 0 0
1533 155 110 35 983848 0 0 0
-1459 138 23 2 905769 0 0 0
792 -1263 73 118 912025 0 0 0
-869 -186 127 76 763765 0 0 0
972 427 96 83 329505 0 0 0
243 1297 148 111 468710 0 0 0
-847 -726 65 44 440297 0 0 0
-255 1333 9 35 456503 0 0 0
519 -1227 140 84 272369 0 0 0
1539 -38 4 105 212885 0 0 0
831 -813 46 12 615714 0 0 0
-1147 128 5 72 778536 0 0 0
-301 -1192 79 61 449075 0 0 0
449 1342 109 136 640069 0 0 0
-1537 1330 108 98 493773 0 0 0
-307 121 104 100 820493 0 0 0
-1209 239 37 81 205651 0 0 0
1589 -3 14 61 288842 0 0 0
-147 1259 87 38 283405 0 0 0
-326 -1566 20 34 854014 0 0 0
-1350 -1432 36 113 681037 0 0 0
1185 1378 122 91 821165 0 0 0
1268 -1524 29 28 880263 0 0 0
-1361 1142 14 107 757565 0 0 0
-1545 -1409 137 43 129711 0 0 0
514 -329 8 63 105891 0 0 0
-261 -1594 128 49 495564 0 0 0
504 1276 103 133 844736 0 0 0
-912 -1484 60 89 528517 0 0 0
508 938 102 99 169581 0 0 0
-750 754 124 134 431508 0 0 0
-1286 -109 50 15 986760 0 0 0
-891 1408 81 89 881499 0 0 0
1544 -772 22 21 768281 0 0 0
1537 78 119 60 402473 0 0 0
158 -1454 49 20 986140 0 0 0
-686 90 131 114 774884 0 0 0
895 -1253 36 73 534810 0 0 0
1259 -1216 131 69 769622 0 0 0
1288 -723 144 43 331405 0 0 0
746 181 85 34 815183 0 0 0
-1206 326 151 128 796065 0 0 0
-719 716 115 77 754233 0 0 0
1394 1418 133 43 335267 0 0 0
-1543 -1488 64 63 355835 0 0 0
-1521 670 97 1 628909 0 0 0
831 -1065 31 88 904127 0 0 0
92 1422 33 53 438592 0 0 0
-448 -1549 53 87 281438 0 0 0
-963 -799 116 96 752181 0 0 0
537 -1160 132 55 555950 0 0 0
-778 1094 76 137 732343 0 0 0
-1587 -1340 23 87 514333 0 0 0
-1096 202 7 3 850265 0 0 0
-575 -212 106 95 281244 0 0 0
98 485 90 81 557952 0 0 0
1193 -367 6 130 709803 0 0 0
773 -421 2 110 386721 0 0 0
-65 -694 149 96 849762 0 0 0
756 -765 118 18 529947 0 0 0
-1113 -174 3 134 920061 0 0 0
-809 754 18 96 985710 0 0 0
-1315 1250 127 94 186265 0 0 0
447 461 18 12 127979 0 0 0
-847 -320 27 92 102828 0 0 0
1451 -1359 124 51 204996 0 0 0
1014 -1104 17 121 246988 0 0 0
-490 1018 96 73 431758 0 0 0
142 -1449 77 128 336294 0 0 0
-1392 -83 148 29 288770 0 0 0
856 -1316 94 98 107946 0 0 0
1545 -365 43 18 496868 0 0 0
602 -1294 98 60 195036 0 0 0
-1118 -202 53 42 463570 0 0 0
-957 -142 120 62 206395 0 0 0
-94 -704 143 118 541684 0 0 0
599 -356 77 135 937374 0 0 0
-656 -212 145 51 799825 0 0 0
-706 -1287 52 134 738604 0 0 0
1554 -262 67 121 952164 0 0 0
-360 -556 99 140 527670 0 0 0
-1069 -733 80 74 979697 0 0 0
418 -613 76 25 528793 0 0 0
-1183 1595 12 102 399601 0 0 0
1287 -1504 92 48 666067 0 0 0
79 1048 113 124 920673 0 0 0
-392 -1219 142 57 801840 0 0 0
111 -229 76 43 866927 0 0 0
355 597 83 77 463977 0 0 0
409 -255 82 136 753540 0 0 0
284 -844 47 18 647880 0 0 0
507 233 101 36 929584 0 0 0
965 -1488 16 51 237311 0 0 0
783 -220 133 84 886610 0 0 0
-856 -1079 110 110 483494 0 0 0
758 817 84 59 530554 0 0 0
11 -1205 81 55 159517 0 0 0
-579 -1537 20 17 982049 0 0 0
1332 -422 139 23 929774 0 0 0
-416 -905 90 63 202893 0 0 0
-1263 -329 77 31 117621 0 0 0
-916 707 97 31 724317 0 0 0
-530 -1347 21 82 557616 0 0 0
-170 1337 7 97 981528 0 0 0
-1108 -340 103 112 513677 0 0 0
-309 1104 136 106 757030 0 0 0
-904 -1153 69 116 573003 0 0 0
1512 -1076 4 129 513010 0 0 0
-1598 -1524 127 135 360341 0 0 0
437 932 7 111 702130 0 0 0
79 221 145 20 451767 0 0 0
1332 -222 133 118 226645 0 0 0
886 1000 148 42 202747 0 0 0
-1167 -459 1 96 746577 0 0 0
-403 556 145 35 981587 0 0 0
18 -414 111 34 175331 0 0 0
1080 874 71 127 914528 0 0 0
863 -541 18 40 732342 0 0 0
-1442 1031 122 92 261535 0 0 0
-379 -708 75 23 650849 0 0 0
-1225 1248 31 40 293454 0 0 0
1597 1261 104 13 907046 0 0 0
1396 75 134 120 346606 0 0 0
-1353 480 1 37 771451 0 0 0
-424 1510 147 118 989182 0 0 0
1590 -930 35 98 414293 0 0 0
1252 1311 63 88 222514 0 0 0
862 1339 68 58 737347 0 0 0
-736 1016 95 59 189376 0 0 0
-42 1295 26 123 775501 0 0 0
8 -545 128 4 939809 0 0 0
419 809 64 120 485338 0 0 0
-1088 -635 63 52 651625 0 0 0
-830 -341 144 73 823326 0 0 0
364 -691 115 111 924995 0 0 0
-689 -1284 144 2 508067 0 0 0
-832 992 137 54 462623 0 0 0
-645 -834 123 123 365487 0 0 0
-836 349 8 98 888314 0 0 0
848 1321 43 119 231451 0 0 0
-473 -102 92 117 230599 0 0 0
-962 -183 60 129 239137 0 0 0
735 -1001 26 81 566603 0 0 0
-1277 980 11 78 382458 0 0 0
-102 1139 25 83 710359 0 0 0
546 -41 65 59 751060 0 0 0
-1425 1474 96 30 932487 0 0 0
1447 679 93 52 702266 0 0 0
662 835 19 27 141178 0 0 0
-986 -1113 10 112 967167 0 0 0
698 -834 27 4 670888 0 0 0
19 -1237 133 115 652978 0 0 0
906 1451 3 79 336259 0 0 0
-1199 831 6 9 944347 0 0 0
-264 360 151 79 991369 0 0 0
-601 253 86 72 945848 0 0 0
-495 -1400 65 71 730766 0 0 0
-1438 886 36 90 989530 0 0 0
-1567 378 94 16 125179 0 0 0
-1537 -1357 144 35 405618 0 0 0
-596 752 91 117 983670 0 0 0
115 50 125 57 165592 0 0 0
685 963 74 128 738832 0 0 0
1344 571 25 12 282107 0 0 0
1179 691 145 19 803386 0 0 0
-1085 769 85 114 116542 0 0 0
-1080 167 128 130 826788 0 0 0
-488 -1404 8 137 492951 0 0 0
-730 143 31 47 172757 0 0 0
-426 -1137 134 14 595267 0 0 0
-1390 624 62 9 196601 0 0 0
206 -1196 66 58 235173 0 0 0
-1369 1054 70 31 475708 0 0 0
1463 236 125 60 649399 0 0 0
-1145 -769 28 91 245888 0 0 0
883 -279 141 85 998828 0 0 0
984 1447 72 84 205036 0 0 0
697 1325 80 102 906269 0 0 0
850 -954 52 83 578982 0 0 0
-100 907 130 137 953420 0 0 0
-214 982 146 2 148365 0 0 0
79 207 28 95 928422 0 0 0
215 1431 126 110 987502 0 0 0
-1056 -826 53 140 359398 0 0 0
-369 1417 149 114 630009 0 0 0
-1545 -1519 22 58 865419 0 0 0
1192 -1060 18 134 889178 0 0 0
-1307 391 103 77 473617 0 0 0
149 929 108 25 581949 0 0 0
649 -1368 147 28 676388 0 0 0
-1130 -1459 71 10 642817 0 0 0
-1002 -885 14 132 782025 0 0 0
219 -1253 3 31 818930 0 0 0
529 259 11 91 658599 0 0 0
141 -910 125 78 847925 0 0 0
-13 -1344 32 96 576593 0 0 0
1492 186 69 72 361696 0 0 0
367 -1151 143 10 950882 0 0 0
1426 1264 58 45 549945 0 0 0
169 819 69 130 208256 0 0 0
-429 857 85 40 786695 0 0 0
-967 521 23 110 359580 0 0 0
-381 -414 17 47 831213 0 0 0
-1382 664 127 106 945823 0 0 0
-1469 605 16 53 530074 0 0 0
542 1302 21 11 411476 0 0 0
-145 -519 48 3 211672 0 0 0
809 1576 124 137 727977 0 0 0
196 1248 111 18 714076 0 0 0
1305 -882 72 56 903228 0 0 0
-1236 443 67 53 603892 0 0 0
-655 -1589 75 99 185620 0 0 0
417 770 3 5 753104 0 0 0
-927 1217 103 1 571873 0 0 0
222 -366 52 23 629905 0 0 0
-1281 56 71 128 863099 0 0 0
1408 48 147 97 359928 0 0 0
-105 1236 18 2 497400 0 0 0
-1008 -1017 35 131 400867 0 0 0
-1545 7 43 130 521516 0 0 0
-1232 -1435 128 37 436973 0 0 0
310 -1453 38 1 313960 0 0 0
722 -1155 110 23 461597 0 0 0
-1473 -420 129 100 930976 0 0 0
-739 -1493 115 50 966063 0 0 0
-306 560 41 23 848196 0 0 0
1137 -59 72 105 193688 0 0 0
-1553 -1533 132 64 117106 0 0 0
-274 -881 8 36 471368 0 0 0
866 -537 22 115 405335 0 0 0
1347 668 83 96 220963 0 0 0
473 642 135 140 199165 0 0 0
193 404 76 118 413804 0 0 0
-920 -1580 119 127 797241 0 0 0
-1398 -572 45 83 646355 0 0 0
-931 -71 12 133 301007 0 0 0
-1576 -596 16 27 946888 0 0 0
898 1247 110 83 866259 0 0 0
-213 613 84 95 933394 0 0 0
-150 -1335 82 97 241669 0 0 0
-1105 825 98 33 731269 0 0 0
-997 -407 87 34 271765 0 0 0
1387 1532 118 133 718224 0 0 0
1258 1428 18 63 744365 0 0 0
1165 790 123 84 300727 0 0 0
1303 1006 43 55 965117 0 0 0
-290 1152 146 64 978848 0 0 0
879 752 108 72 537921 0 0 0
-1570 1056 145 27 295284 0 0 0
1570 717 143 82 133374 0 0 0
-504 1288 88 111 115441 0 0 0
770 -1397 104 48 720395 0 0 0
-670 1230 107 109 848788 0 0 0
881 914 117 1 340408 0 0 0
-732 -602 79 54 354553 0 0 0
-1181 -638 2 95 766839 0 0 0
1162 -1373 37 105 316524 0 0 0
-1589 -1048 70 136 251418 0 0 0
-1211 -271 94 49 329972 0 0 0
-111 -17 31 11 755407 0 0 0
-1345 -1410 43 75 967854 0 0 0
-903 -723 100 56 501680 0 0 0
-1290 -135 20 123 812003 0 0 0
-360 -880 85 62 622243 0 0 0
1266 354 56 52 601696 0 0 0
-1447 329 1 120 110765 0 0 0
775 971 45 25 943826 0 0 0
537 -954 3 103 584012 0 0 0
1523 -1129 83 20 742507 0 0 0
785 186 9 11 277346 0 0 0
127 740 46 100 650128 0 0 0
-223 1568 99 131 627966 0 0 0
1173 578 138 6 469129 0 0 0
1460 -638 80 15 119490 0 0 0
1422 297 149 17 129705 0 0 0
-800 79 37 8 870485 0 0 0
332 -731 89 2 699458 0 0 0
763 -348 131 27 669105 0 0 0
-1126 -49 34 90 293043 0 0 0
380 820 60 14 613953 0 0 0
-563 1371 6 41 813975 0 0 0
-1147 -1491 88 125 844288 0 0 0
-736 -1410 78 40 605660 0 0 0
-742 366 138 136 772822 0 0 0
714 520 100 64 534173 0 0 0
-953 463 144 139 975371 0 0 0
363 -72 144 67 427111 0 0 0
980 -1382 38 69 985669 0 0 0
494 132 70 19 548592 0 0 0
-426 -710 27 72 627453 0 0 0
1351 -57 2 110 259583 0 0 0
-1139 1237 88 69 651759 0 0 0
-1570 -1051 66 110 793938 0 0 0
86 179 26 2 774948 0 0 0
-1463 592 110 104 262659 0 0 0
1397 149 22 94 225105 0 0 0
-1377 -78 13 126 123058 0 0 0
-1117 1075 27 82 805911 0 0 0
564 -355 133 106 185005 0 0 0
-691 -81 42 114 582871 0 0 0
851 557 102 61 300453 0 0 0
-1182 1095 65 14 636501 0 0 0
-1401 1332 36 8 283506 0 0 0
-96 730 147 51 176720 0 0 0
66 1349 133 95 887484 0 0 0
-436 1486 82 126 172619 0 0 0
-562 -602 64 38 375195 0 0 0
170 -954 120 80 650608 0 0 0
-283 183 130 81 578009 0 0 0
824 855 60 6 979329 0 0 0
-1325 770 138 28 300961 0 0 0
157 1421 118 73 374972 0 0 0
-1596 -431 39 99 217438 0 0 0
1386 -1445 47 82 469477 0 0 0
937 -1342 32 118 806628 0 0 0
1276 31 62 125 493542 0 0 0
246 342 78 105 297204 0 0 0
720 236 80 18 192452 0 0 0
1105 -80 142 110 162385 0 0 0
1544 581 118 115 579176 0 0 0
830 11 138 62 904085 0 0 0
-388 461 119 103 829342 0 0 0
-385 1466 94 5 672883 0 0 0
698 -992 128 26 687806 0 0 0
1082 -628 27 11 950849 0 0 0
1195 693 47 51 552583 0 0 0
242 -580 6 89 692881 0 0 0
1492 -493 130 115 983453 0 0 0
-386 1011 1 14 263274 0 0 0
-504 923 27 5 935535 0 0 0
-1293 -325 92 134 937989 0 0 0
61 -1593 63 95 910855 0 0 0
-1225 813 19 105 693217 0 0 0
20 -1186 85 29 432302 0 0 0
-1269 -933 33 136 881366 0 0 0
963 -299 100 45 157529 0 0 0
1203 1071 131 34 524406 0 0 0
965 -1048 59 18 113238 0 0 0
1178 1423 6 40 588931 0 0 0
988 1426 29 80 432698 0 0 0
-773 -711 132 24 562440 0 0 0
783 435 145 107 787910 0 0 0
1110 1596 137 84 392670 0 0 0
-1077 -627 101 35 103797 0 0 0
-409 3 99 92 179185 0 0 0
825 -1542 151 26 968641 0 0 0
1032 -1197 4 130 895377 0 0 0
-1408 -733 32 93 367660 0 0 0
-360 -871 148 25 188680 0 0 0
-214 1413 130 64 785767 0 0 0
-160 1091 26 20 724498 0 0 0
-108 -421 117 128 662521 0 0 0
551 -1375 2 18 722206 0 0 0
717 74 135 132 313522 0 0 0
-1053 1375 22 18 562211 0 0 0
1102 -442 76 31 769970 0 0 0
1484 1396 102 126 668810 0 0 0
-1356 385 131 85 759419 0 0 0
1133 -329 54 100 394350 0 0 0
1107 1393 11 86 225450 0 0 0
955 487 124 40 781880 0 0 0
-220 -857 107 43 748418 0 0 0
90 -534 6 30 131837 0 0 0
-489 -1251 74 18 196795 0 0 0
-36 -1077 53 42 835794 0 0 0
-1540 -833 15 83 102860 0 0 0
-343 484 61 111 389116 0 0 0
805 -1076 85 135 674004 0 0 0
-1220 1428 25 94 561996 0 0 0
-1072 1429 144 140 609177 0 0 0
1545 -1381 96 80 673977 0 0 0
708 43 20 78 681167 0 0 0
586 1145 14 44 324918 0 0 0
1115 -1042 82 61 163729 0 0 0
-1569 -1373 109 8 421200 0 0 0
106 216 151 7 307261 0 0 0
-485 -212 120 3 993407 0 0 0
286 899 46 33 995002 0 0 0
211 1212 120 64 828360 0 0 0
1354 289 34 88 258379 0 0 0
-1439 -963 127 99 333690 0 0 0
748 913 85 96 549955 0 0 0
159 1056 123 23 342595 0 0 0
167 -381 151 131 682328 0 0 0
1383 927 105 104 835141 0 0 0
532 -1339 139 36 136160 0 0 0
1327 768 129 76 382961 0 0 0
508 572 36 139 214651 0 0 0
-1202 263 34 123 403341 0 0 0
-382 305 39 70 877224 0 0 0
351 1548 38 31 691114 0 0 0
1248 273 18 100 269669 0 0 0
997 -1301 42 74 211371 0 0 0
1372 -786 100 94 593178 0 0 0
-1583 -735 94 22 767754 0 0 0
-1541 555 135 11 862326 0 0 0
-178 813 92 62 792468 0 0 0
460 -1075 103 96 696343 0 0 0
831 971 130 130 313610 0 0 0
377 -1333 20 122 968460 0 0 0
-508 1203 87 98 127848 0 0 0
1589 -981 2 56 700512 0 0 0
-354 -142 133 114 249135 0 0 0
320 1216 64 92 262082 0 0 0
443 -795 34 36 374288 0 0 0
586 -827 105 133 421599 0 0 0
-1412 -1219 2 94 125959 0 0 0
1264 760 150 3 200291 0 0 0
410 867 45 37 471933 0 0 0
1465 -639 77 29 850618 0 0 0
-1503 -430 104 73 198280 0 0 0
84 133 50 38 357783 0 0 0
643 335 34 1 880518 0 0 0
1486 -941 122 6 813970 0 0 0
-1378 594 139 136 739923 0 0 0
1243 34 73 88 357666 0 0 0
-857 -1276 32 13 826070 0 0 0
1372 -893 51 23 360903 0 0 0
-369 1235 104 101 926202 0 0 0
-439 257 30 62 478545 0 0 0
1449 -1127 135 113 787966 0 0 0
463 507 70 100 819876 0 0 0
-400 -987 91 77 977956 0 0 0
-455 -728 83 136 362676 0 0 0
-32 296 82 129 380447 0 0 0
-1126 -699 82 65 111068 0 0 0
1216 -168 10 31 642706 0 0 0
-353 1251 64 5 847044 0 0 0
859 215 76 5 836906 0 0 0
-421 1576 105 69 338658 0 0 0
441 -655 103 21 575418 0 0 0
-1500 -976 59 4 723331 0 0 0
-798 865 15 42 858620 0 0 0
-971 1559 27 57 415378 0 0 0
696 -185 37 135 417276 0 0 0
-363 -130 144 95 954906 0 0 0
-393 1051 107 119 296035 0 0 0
561 617 71 23 713460 0 0 0
-841 -998 31 40 585425 0 0 0
746 -1015 110 22 132823 0 0 0
-2 -572 76 36 853816 0 0 0
-350 -1344 96 77 976734 0 0 0
-1044 358 148 90 375968 0 0 0
61 388 73 51 455699 0 0 0
276 1203 107 121 820399 0 0 0
1015 -837 84 28 871529 0 0 0
1222 -153 127 19 593356 0 0 0
-732 -1275 65 135 469582 0 0 0
615 -155 129 61 965174 0 0 0
755 -729 120 128 229105 0 0 0
-1020 292 111 127 243595 0 0 0
-632 766 58 128 259301 0 0 0
497 -1094 54 5 609704 0 0 0
-1053 -1532 38 38 407037 0 0 0
1003 -111 15 15 302431 0 0 0
-1416 1061 83 36 148426 0 0 0
-314 301 124 121 698028 0 0 0
38 178 53 128 147783 0 0 0
992 1367 61 135 545420 0 0 0
739 287 108 65 586432 0 0 0
1445 1567 132 108 826794 0 0 0
-861 142 87 33 677159 0 0 0
1217 -1235 3 98 520831 0 0 0
-917 -233 48 121 450152 0 0 0
-936 767 101 110 144097 0 0 0
175 -337 109 50 302252 0 0 0
881 -735 114 23 929254 0 0 0
1175 743 96 65 277852 0 0 0
302 -1563 71 3 308516 0 0 0
-1413 -540 150 120 962450 0 0 0
-1086 1519 34 63 303384 0 0 0
407 4 57 91 418557 0 0 0
-165 -1516 82 102 559846 0 0 0
-1292 588 148 74 247070 0 0 0
1574 -472 48 46 861275 0 0 0
1235 601 72 74 180195 0 0 0
127 1094 56 32 102158 0 0 0
1105 398 77 87 394818 0 0 0
-334 713 100 11 863152 0 0 0
211 -1283 63 38 820758 0 0 0
-157 -1491 59 112 211904 0 0 0
81 -979 44 133 612176 0 0 0
116 -238 119 116 324178 0 0 0
-484 -1049 137 4 987650 0 0 0
608 160 77 100 599712 0 0 0
1164 1185 92 98 777184 0 0 0
-1068 -80 112 1 889377 0 0 0
-954 527 8 24 168642 0 0 0
-574 616 42 29 272137 0 0 0
-984 -1487 73 65 298422 0 0 0
212 1032 145 24 859720 0 0 0
202 252 125 98 149301 0 0 0
-1010 -1221 125 115 421022 0 0 0
-1488 -238 42 35 997366 0 0 0
-789 -819 60 60 209967 0 0 0
165 -304 36 94 862492 0 0 0
-9 -679 69 138 935304 0 0 0
237 1538 43 97 672196 0 0 0
-1072 -755 72 50 763937 0 0 0
518 1373 80 136 379416 0 0 0
-536 -868 50 84 890973 0 0 0
-1187 -291 104 95 395688 0 0 0
1340 -1551 21 51 145241 0 0 0
-539 -1428 37 45 568859 0 0 0
276 -964 118 32 897984 0 0 0
-135 699 124 139 230764 0 0 0
1234 -109 81 129 482909 0 0 0
-659 1366 146 103 536730 0 0 0
39 -404 81 97 973667 0 0 0
775 -1363 41 69 336770 0 0 0
1393 -645 2 31 538605 0 0 0
1102 1277 103 30 872916 0 0 0
-16 -613 67 77 175081 0 0 0
544 -1473 69 117 885563 0 0 0
-712 -69 24 63 925422 0 0 0
1493 -1212 23 4 469466 0 0 0
-1015 970 42 67 202471 0 0 0
1339 -66 84 67 321483 0 0 0
146 -1235 78 55 682635 0 0 0
1136 663 61 52 749636 0 0 0
-1113 -38 49 86 269560 0 0 0
-735 -11 122 5 642026 0 0 0
-1222 -1048 30 11 489357 0 0 0
-1262 1503 46 51 983882 0 0 0
-1582 -647 101 128 603414 0 0 0
-618 186 118 52 171907 0 0 0
-539 -65 119 82 919824 0 0 0
269 -1040 34 39 132740 0 0 0
939 -1306 153 41 952329 0 0 0
-273 -1433 60 47 738669 0 0 0
-305 1134 93 11 656760 0 0 0
-89 -371 58 133 115216 0 0 0
608 1177 146 9 583518 0 0 0
-772 -708 8 66 710559 0 0 0
131 1247 147 17 747364 0 0 0
766 50 135 87 558669 0 0 0
-1062 -243 55 27 648817 0 0 0
881 1558 132 120 394723 0 0 0
441 1210 83 106 878976 0 0 0
1254 -1501 119 30 361254 0 0 0
-1564 1308 7 79 813974 0 0 0
556 -1248 137 31 116247 0 0 0
-1526 1056 64 123 190807 0 0 0
-943 -782 127 64 162065 0 0 0
84 -1415 31 3 780316 0 0 0
1103 -711 109 81 480342 0 0 0
105 55 28 62 912778 0 0 0
-1069 -138 75 123 596592 0 0 0
1374 1026 29 124 672640 0 0 0
-698 -183 102 64 921859 0 0 0
-122 -406 58 127 541223 0 0 0
-870 -1566 47 45 645120 0 0 0
1530 121 6 101 283512 0 0 0
368 -1551 116 79 310593 0 0 0
-975 -827 40 109 227094 0 0 0
962 -878 68 133 196879 0 0 0
-263 -609 150 38 717869 0 0 0
1256 -971 57 50 504115 0 0 0
977 410 9 104 724727 0 0 0
475 -86 53 47 507971 0 0 0
932 -778 111 14 418386 0 0 0
1318 1118 5 45 798293 0 0 0
-1322 387 33 57 644039 0 0 0
720 1552 61 38 669140 0 0 0
1135 -661 110 68 945228 0 0 0
564 -254 88 52 961702 0 0 0
-218 -983 8 1 959155 0 0 0
402 986 12 13 943380 0 0 0
-383 150 30 14 218919 0 0 0
-190 -1550 3 30 422195 0 0 0
1097 1341 65 112 612300 0 0 0
-1264 710 1 115 860347 0 0 0
1382 -1168 106 65 359665 0 0 0
588 -1342 146 5 189173 0 0 0
-1395 -1013 5 84 646692 0 0 0
631 -1366 145 61 534322 0 0 0
-134 -1359 94 130 572094 0 0 0
-1416 1314 110 17 190281 0 0 0
-1254 -623 70 34 654331 0 0 0
-1109 -1001 10 108 214838 0 0 0
-1382 -976 36 73 562051 0 0 0
1351 -787 139 124 547878 0 0 0
103 -156 20 1 200665 0 0 0
-627 11 106 23 798535 0 0 0
1223 -1530 94 14 743159 0 0 0
-65 -491 96 45 337491 0 0 0
709 -750 67 120 141655 0 0 0
-292 -885 61 30 326259 0 0 0
-84 -1480 94 62 670615 0 0 0
58 1422 9 15 763588 0 0 0
-120 -14 49 136 496317 0 0 0
-1531 785 144 126 525602 0 0 0
1011 768 40 60 521540 0 0 0
-774 1520 82 33 824565 0 0 0
-753 -910 41 65 463569 0 0 0
-1593 154 85 119 233809 0 0 0
-717 -561 147 106 746250 0 0 0
1405 1282 46 127 434510 0 0 0
-1463 -38 66 93 720490 0 0 0
-1072 -588 108 135 409705 0 0 0
297 1289 137 138 894394 0 0 0
-94 524 35 28 933558 0 0 0
-554 320 40 124 678599 0 0 0
887 1053 129 20 783429 0 0 0
-14 -1391 110 14 232083 0 0 0
247 -1018 86 116 234882 0 0 0
-1261 -1111 28 57 592700 0 0 0
42 1373 116 57 845293 0 0 0
1572 984 131 126 667531 0 0 0
1173 -786 17 59 467127 0 0 0
294 914 97 77 778359 0 0 0
-1229 -437 27 89 501101 0 0 0
1058 -873 19 5 186326 0 0 0
-749 754 20 54 969904 0 0 0
214 1240 112 135 151970 0 0 0
898 1428 31 41 228757 0 0 0
-836 336 58 112 608455 0 0 0
-911 -1599 36 128 564325 0 0 0
941 240 73 37 352947 0 0 0
1524 1497 103 20 254498 0 0 0
411 -54 14 57 471083 0 0 0
1005 46 77 128 161018 0 0 0
-1451 707 141 78 769489 0 0 0
816 140 38 118 963227 0 0 0
-163 1405 3 84 574774 0 0 0
-447 1336 94 123 467938 0 0 0
-290 1482 86 101 530681 0 0 0
848 304 149 125 924925 0 0 0
-1393 1457 52 116 446135 0 0 0
-187 -127 25 43 756465 0 0 0
822 624 47 47 148917 0 0 0
-1353 693 82 118 401050 0 0 0
714 -1355 29 117 119083 0 0 0
27 -1600 121 101 466154 0 0 0
610 1088 88 104 963920 0 0 0
181 586 97 69 111430 0 0 0
-141 -1585 59 93 130322 0 0 0
780 -1578 46 22 324949 0 0 0
-724 -209 13 8 895392 0 0 0
-901 -603 10 9 647660 0 0 0
614 -1126 131 2 616444 0 0 0
-1565 -969 19 140 284379 0 0 0
-1549 449 14 94 454235 0 0 0
1574 1385 64 108 658700 0 0 0
-1006 -863 58 67 929189 0 0 0
-320 -203 128 53 108813 0 0 0
-1403 741 138 22 583589 0 0 0
-1128 -1333 41 13 697124 0 0 0
-649 -1243 30 117 914257 0 0 0
1198 1019 105 63 495482 0 0 0
286 780 109 126 640420 0 0 0
-1176 949 127 128 968707 0 0 0
-1061 1508 14 102 883293 0 0 0
-987 -1551 137 126 798652 0 0 0
-429 1466 113 64 175644 0 0 0
-1264 8 132 67 364287 0 0 0
-1082 543 131 106 371033 0 0 0
-1382 -845 49 83 527043 0 0 0
848 456 38 71 386988 0 0 0
82 -1372 75 73 127066 0 0 0
-421 -908 92 71 799260 0 0 0
828 -1049 59 55 718006 0 0 0
-289 1457 149 138 723049 0 0 0
1486 -1478 136 129 844510 0 0 0
-597 248 74 32 113740 0 0 0
1443 739 91 140 332401 0 0 0
-132 1097 80 57 663301 0 0 0
-464 106 129 55 638708 0 0 0
-380 1599 16 29 279192 0 0 0
-1006 29 14 112 123695 0 0 0
1504 -425 13 92 648383 0 0 0
1189 -1496 55 112 950214 0 0 0
686 674 11 64 617402 0 0 0
-620 329 32 56 484177 0 0 0
607 -1403 80 49 249493 0 0 0
-161 363 49 56 922948 0 0 0
-1017 83 111 136 791754 0 0 0
-457 796 12 130 309973 0 0 0
1091 221 2 134 565916 0 0 0
-71 -12 29 12 478766 0 0 0
-1406 288 48 22 284714 0 0 0
-1081 -544 59 120 625810 0 0 0
1231 931 136 32 379731 0 0 0
995 -995 125 136 861947 0 0 0
-798 744 73 100 454551 0 0 0
-107 -754 14 51 780299 0 0 0
-437 -570 17 14 177463 0 0 0
-1285 218 36 126 189893 0 0 0
-148 145 9 82 555598 0 0 0
-124 -51 48 80 576191 0 0 0
-1409 805 153 117 521230 0 0 0
-584 470 96 38 209999 0 0 0
891 739 36 55 762189 0 0 0
1483 -1346 75 62 953820 0 0 0
-1196 -170 96 39 566653 0 0 0
-744 -107 85 109 972941 0 0 0
283 509 148 26 926132 0 0 0
-221 -1248 13 111 690029 0 0 0
-329 928 9 52 480812 0 0 0
1050 -81 132 44 667976 0 0 0
75 -458 49 57 382498 0 0 0
566 1335 114 120 733572 0 0 0
991 -786 49 61 318364 0 0 0
371 -1456 123 81 394829 0 0 0
-123 -1514 50 17 681107 0 0 0
-1437 1474 153 18 232659 0 0 0
-328 -847 144 137 208319 0 0 0
1052 199 143 13 422083 0 0 0
-192 -1587 21 39 426559 0 0 0
397 -1025 48 52 417995 0 0 0
-743 742 82 69 891893 0 0 0
1188 -1449 61 23 182952 0 0 0
26 -1146 4 127 956556 0 0 0
297 -587 97 22 763076 0 0 0
-375 1118 129 8 165310 0 0 0
83 603 77 86 596498 0 0 0
-498 -250 23 46 130751 0 0 0
763 -605 121 129 653178 0 0 0
-934 -264 87 31 239657 0 0 0
340 -987 17 59 541815 0 0 0
-663 -1388 5 71 326958 0 0 0
-208 1397 47 27 157215 0 0 0
-190 1278 72 68 808679 0 0 0
403 956 107 33 582955 0 0 0
216 894 42 48 374081 0 0 0
-1231 -16 99 47 887813 0 0 0
939 -71 144 49 211887 0 0 0
-459 -793 70 92 367690 0 0 0
-1304 1401 123 115 522864 0 0 0
883 -1488 33 63 816713 0 0 0
596 -922 9 20 718751 0 0 0
217 -1138 74 140 298244 0 0 0
1280 -1164 4 19 504726 0 0 0
656 1567 149 27 943303 0 0 0
367 -1159 129 47 578700 0 0 0
-115 -736 51 95 150432 0 0 0
-230 -389 82 4 124179 0 0 0
572 276 124 41 312920 0 0 0
-1261 -1082 113 93 450621 0 0 0
-749 1479 83 94 689985 0 0 0
1504 -755 68 128 225305 0 0 0
-1126 586 132 98 615778 0 0 0
472 1101 52 113 593423 0 0 0
341 -520 34 118 925843 0 0 0
-698 -355 65 43 549626 0 0 0
1430 983 63 111 291561 0 0 0
-851 248 14 125 323381 0 0 0
821 1562 148 59 445810 0 0 0
621 261 116 42 997298 0 0 0
-1247 -1463 89 57 808572 0 0 0
1008 -1316 114 105 155111 0 0 0
671 -301 137 89 753597 0 0 0
1176 1081 16 25 432801 0 0 0
-1115 1587 136 49 930114 0 0 0
449 855 67 16 690887 0 0 0
885 -26 20 9 734391 0 0 0
356 716 119 119 667830 0 0 0
1275 -1233 78 19 757707 0 0 0
820 57 133 127 856066 0 0 0
1501 -760 6 109 172804 0 0 0
-735 1552 81 71 454732 0 0 0
1550 -1435 45 32 579013 0 0 0
1507 -111 77 123 113138 0 0 0
-903 1433 100 130 885238 0 0 0
906 -523 69 133 560624 0 0 0
-1326 -1056 58 54 177098 0 0 0
-351 1014 41 20 987501 0 0 0
233 728 51 134 276059 0 0 0
1382 -555 117 62 144171 0 0 0
814 540 103 95 924755 0 0 0
536 1126 16 35 642352 0 0 0
-198 692 19 126 151467 0 0 0
-617 1110 103 26 626877 0 0 0
-267 766 105 81 274599 0 0 0
784 1590 117 66 620463 0 0 0
-1488 -1246 109 86 530184 0 0 0
-1301 -1286 99 111 778007 0 0 0
406 -447 34 123 325496 0 0 0
-275 -1219 70 97 218844 0 0 0
738 1204 30 81 121942 0 0 0
1428 -1596 102 20 361047 0 0 0
-1277 -377 90 12 509500 0 0 0
-878 648 93 123 752713 0 0 0
-1001 -1414 21 113 506788 0 0 0
-772 1211 23 14 204199 0 0 0
-465 -66 120 137 477699 0 0 0
-898 1054 88 74 627548 0 0 0
-1061 1276 38 3 737616 0 0 0
-733 -525 51 67 838502 0 0 0
-1505 1310 78 86 106430 0 0 0
-450 -606 101 69 873445 0 0 0
720 416 90 126 565381 0 0 0
-1388 701 134 67 659503 0 0 0
1015 -385 140 40 607529 0 0 0
-274 1432 52 29 968035 0 0 0
951 80 111 116 575404 0 0 0
-1594 -1369 16 36 619808 0 0 0
897 882 53 11 726203 0 0 0
289 979 81 84 735701 0 0 0
827 710 14 50 964301 0 0 0
1017 757 149 84 529464 0 0 0
296 411 148 111 683307 0 0 0
241 -813 149 32 291112 0 0 0
-1598 -738 54 11 190980 0 0 0
354 -224 8 80 370392 0 0 0
817 -1402 9 121 583331 0 0 0
-578 1318 22 65 449187 0 0 0
1516 683 85 47 985389 0 0 0
769 -829 116 72 754925 0 0 0
853 -62 46 67 482292 0 0 0
441 148 145 12 675914 0 0 0
1034 -452 107 119 846099 0 0 0
-498 -1478 123 138 953565 0 0 0
1473 -948 54 104 817939 0 0 0
129 -1334 66 55 507399 0 0 0
-218 599 144 38 424897 0 0 0
22 -1480 13 33 995975 0 0 0
1073 1279 28 69 589013 0 0 0
-988 -525 153 58 676914 0 0 0
1412 935 57 60 226063 0 0 0
932 -570 35 35 355448 0 0 0
-625 1075 59 6 487004 0 0 0
-1147 -1403 22 103 395099 0 0 0
-808 870 87 102 971925 0 0 0
-961 1598 13 111 445588 0 0 0
1053 -1252 93 138 911138 0 0 0
-767 -127 34 132 413933 0 0 0
-604 -907 46 88 115700 0 0 0
1427 -398 102 34 803133 0 0 0
-588 -584 31 116 988294 0 0 0
-1291 -1313 23 49 201506 0 0 0
657 -1549 2 37 107482 0 0 0
19 72 68 31 348364 0 0 0
837 -247 46 93 623704 0 0 0
1287 269 53 44 784625 0 0 0
-953 698 139 72 368588 0 0 0
149 -537 113 129 567490 0 0 0
341 911 149 72 575455 0 0 0
-643 233 146 88 535788 0 0 0
-79 1309 72 82 387962 0 0 0
-1107 1141 122 109 969318 0 0 0
528 1135 79 3 540528 0 0 0
-752 1538 63 108 634889 0 0 0
-461 -1542 76 24 521585 0 0 0
-83 -334 121 106 852865 0 0 0
684 -424 62 27 155722 0 0 0
1303 -797 11 24 623318 0 0 0
-433 -339 26 97 398477 0 0 0
-1304 -252 103 38 668373 0 0 0
-876 -1015 140 116 276855 0 0 0
-78 -1546 104 63 325478 0 0 0
513 -267 139 9 216315 0 0 0
1196 -1227 27 34 716115 0 0 0
-936 87 131 18 968140 0 0 0
289 553 96 135 314032 0 0 0
894 1492 2 118 155465 0 0 0
61 -382 132 14 837202 0 0 0
335 -294 22 66 125745 0 0 0
-801 1036 129 25 767641 0 0 0
-163 -1377 97 79 181713 0 0 0
-57 108 131 139 424900 0 0 0
-1082 297 53 30 491101 0 0 0
-866 1254 112 38 403433 0 0 0
1208 780 43 102 209967 0 0 0
11 -1200 53 55 911325 0 0 0
-80 -1164 112 105 448411 0 0 0
-159 -812 44 61 485363 0 0 0
-877 -798 118 21 526696 0 0 0
-203 759 3 17 198295 0 0 0
-1472 -896 38 28 705106 0 0 0
-550 750 150 39 772280 0 0 0
-333 -132 103 44 622260 0 0 0
1271 -421 130 81 409421 0 0 0
-1082 792 52 69 800297 0 0 0
-1044 -1122 64 100 524011 0 0 0
41 -325 15 49 800869 0 0 0
1358 -1461 3 15 864136 0 0 0
886 -1004 74 35 719635 0 0 0
-968 -519 80 101 613473 0 0 0
-186 1179 40 12 118208 0 0 0
560 400 137 94 939633 0 0 0
-1037 69 73 45 308646 0 0 0
-263 -449 81 123 165643 0 0 0
113 663 33 108 657820 0 0 0
1029 -457 100 16 555959 0 0 0
-1517 -1015 17 64 649968 0 0 0
1200 948 111 47 709723 0 0 0
-1436 -1359 143 52 344048 0 0 0
-442 717 55 42 868937 0 0 0
-232 -1108 36 137 371805 0 0 0
-1551 -315 132 74 605480 0 0 0
302 144 76 127 940821 0 0 0
-1009 -175 134 90 168588 0 0 0
-1098 -1240 76 102 194992 0 0 0
420 573 18 17 388167 0 0 0
-503 358 135 72 902600 0 0 0
-364 494 67 57 530628 0 0 0
1404 1264 123 102 287102 0 0 0
1211 210 13 119 130114 0 0 0
1171 279 93 80 845538 0 0 0
-1416 763 21 53 145727 0 0 0
166 -346 29 46 735107 0 0 0
1309 1235 11 17 445675 0 0 0
-922 1488 6 35 554751 0 0 0
619 -172 77 51 911507 0 0 0
1580 -43 124 100 271995 0 0 0
-1219 704 39 131 267881 0 0 0
612 -886 25 46 774874 0 0 0
649 423 121 88 523724 0 0 0
1060 1025 140 53 344079 0 0 0
1069 -1067 94 13 442442 0 0 0
-1205 0 104 87 656700 0 0 0
-159 -423 80 73 294455 0 0 0
209 -756 125 134 192224 0 0 0
-26 273 50 58 301021 0 0 0
-385 -619 122 136 567886 0 0 0
-492 28 30 130 921293 0 0 0
-1120 -1570 136 62 835543 0 0 0
-911 1123 145 13 843829 0 0 0
-779 806 31 131 884684 0 0 0
-750 480 105 4 106770 0 0 0
-456 -16 47 91 148926 0 0 0
-294 -153 99 100 242114 0 0 0
671 78 104 98 669432 0 0 0
1490 -503 47 26 527917 0 0 0
529 -924 67 87 735760 0 0 0
-988 1524 33 27 828553 0 0 0
-996 -811 82 90 846773 0 0 0
-406 -15 67 54 758325 0 0 0
-313 -1161 136 105 115379 0 0 0
-397 371 146 50 812513 0 0 0
499 522 59 127 995560 0 0 0
837 662 43 85 627099 0 0 0
1388 -1477 59 34 421952 0 0 0
-448 317 7 102 969015 0 0 0
627 -167 38 49 590509 0 0 0
419 -1364 105 103 201549 0 0 0
980 786 26 49 453906 0 0 0
474 -1476 129 84 767641 0 0 0
826 1221 79 63 495488 0 0 0
68 -583 9 25 956730 0 0 0
-481 -830 143 73 794001 0 0 0
-272 -1249 135 22 580921 0 0 0
-786 -803 152 23 937392 0 0 0
-168 -1032 43 27 414876 0 0 0
-999 103 63 10 771037 0 0 0
-1173 -1507 118 71 948486 0 0 0
129 -1127 44 32 117045 0 0 0
1491 -908 127 24 987909 0 0 0
190 -1106 91 20 767951 0 0 0
-1549 394 136 60 989866 0 0 0
593 -873 71 23 932421 0 0 0
1053 295 26 98 182507 0 0 0
-906 -642 1 88 526234 0 0 0
513 574 23 39 777294 0 0 0
1241 -253 128 20 418327 0 0 0
570 -1060 64 61 518925 0 0 0
-281 567 91 122 822769 0 0 0
-745 -611 44 100 221300 0 0 0
-249 -930 117 12 912231 0 0 0
513 -1446 139 98 129347 0 0 0
126 -1596 55 30 128806 0 0 0
545 -378 57 33 634540 0 0 0
469 -1556 94 111 183123 0 0 0
104 389 16 14 346057 0 0 0
-1471 818 144 60 174419 0 0 0
1084 998 72 48 614228 0 0 0
943 -132 112 92 679833 0 0 0
-1318 991 42 32 201636 0 0 0
1523 147 50 3 747406 0 0 0
172 466 101 83 663933 0 0 0
-389 238 81 96 507592 0 0 0
-57 961 132 139 483392 0 0 0
418 -587 62 51 593582 0 0 0
1238 458 31 97 195301 0 0 0
-473 99 66 80 522818 0 0 0
362 131 16 9 351302 0 0 0
-1152 -741 30 16 947701 0 0 0
-1222 547 98 133 702375 0 0 0
1070 1576 149 134 417474 0 0 0
-1300 -465 64 106 506242 0 0 0
-1529 647 108 108 122695 0 0 0
-1397 -734 92 3 632901 0 0 0
-945 -1426 115 107 739742 0 0 0
-1148 510 67 84 320481 0 0 0
-579 170 45 46 758313 0 0 0
611 1156 121 76 661009 0 0 0
-1226 -94 46 42 476227 0 0 0
459 1282 122 23 923536 0 0 0
774 -76 2 60 632227 0 0 0
-812 205 48 60 737120 0 0 0
-1532 -909 22 66 918910 0 0 0
-341 -222 73 54 411862 0 0 0
-1263 976 139 139 105281 0 0 0
-1498 -550 110 136 812871 0 0 0
207 -1120 112 83 609421 0 0 0
-664 1095 65 132 927816 0 0 0
-1327 474 3 49 704834 0 0 0
-1145 -548 104 107 776801 0 0 0
308 529 151 126 307526 0 0 0
-337 1039 91 13 417537 0 0 0
-578 -401 49 78 254096 0 0 0
208 -1467 53 12 158529 0 0 0
1470 -669 34 108 330216 0 0 0
-1196 -351 22 19 283059 0 0 0
12 -839 151 24 708754 0 0 0
946 -82 108 8 868453 0 0 0
1366 710 92 93 615608 0 0 0
359 491 71 5 271135 0 0 0
548 -291 8 40 586758 0 0 0
1431 160 46 12 648061 0 0 0
-1560 1377 79 103 149269 0 0 0
629 -452 97 73 268573 0 0 0
642 1373 58 10 936130 0 0 0
1409 -92 98 57 299298 0 0 0
-536 -20 24 71 569360 0 0 0
954 -780 17 121 335733 0 0 0
-864 261 74 120 554505 0 0 0
-656 -1269 32 132 754513 0 0 0
-1360 -530 69 112 747271 0 0 0
-1575 -1331 14 66 549769 0 0 0
-1573 -1528 92 3 100568 0 0 0
389 67 108 26 779695 0 0 0
742 -535 128 38 145251 0 0 0
-733 1000 12 93 275623 0 0 0
-282 -369 58 90 244396 0 0 0
455 930 72 43 575155 0 0 0
89 -687 88 77 464971 0 0 0
1294 108 88 66 842361 0 0 0
-22 723 128 1 124057 0 0 0
-352 1142 65 65 974037 0 0 0
1313 -26 102 137 181381 0 0 0
113 1318 43 57 696279 0 0 0
1308 -1120 25 15 265081 0 0 0
-1386 966 36 52 556792 0 0 0
-442 -997 71 119 447482 0 0 0
902 -47 19 6 182259 0 0 0
-1201 1379 146 119 301655 0 0 0
-318 997 81 121 770846 0 0 0
-578 -906 152 60 498412 0 0 0
-602 1130 37 71 850886 0 0 0
62 -266 8 103 793353 0 0 0
414 727 103 19 567529 0 0 0
496 1591 58 116 867361 0 0 0
-141 -133 25 109 566080 0 0 0
-684 661 124 95 296882 0 0 0
-191 1305 94 91 313807 0 0 0
-1596 -1249 23 139 328908 0 0 0
487 1292 77 110 739478 0 0 0
-1129 -760 11 7 234232 0 0 0
-1264 -478 53 122 431341 0 0 0
785 -1043 32 96 707126 0 0 0
-143 -1044 11 135 211170 0 0 0
1349 -1147 47 55 898773 0 0 0
-88 -1397 32 73 290201 0 0 0
1127 -279 150 134 771678 0 0 0
1234 -787 3 127 301472 0 0 0
193 -1338 79 18 412178 0 0 0
29 -1114 14 89 108128 0 0 0
852 463 32 74 426109 0 0 0
-1238 -314 86 10 242867 0 0 0
-444 727 152 3 861223 0 0 0
-1009 1247 145 67 504193 0 0 0
-1462 -1481 149 58 364161 0 0 0
1456 1564 84 63 632805 0 0 0
1173 925 108 106 680591 0 0 0
-707 -1142 37 61 390809 0 0 0
-218 1293 28 121 259512 0 0 0
-277 -1369 56 7 697208 0 0 0
-312 -925 136 75 110345 0 0 0
-1304 822 113 15 690134 0 0 0
522 1146 66 39 379784 0 0 0
1527 -936 73 31 843525 0 0 0
109 -486 71 134 487074 0 0 0
-702 1080 91 140 764176 0 0 0
247 76 114 51 189932 0 0 0
-1558 -41 132 4 756379 0 0 0
525 669 59 47 397267 0 0 0
336 -1407 114 82 391674 0 0 0
298 1042 97 95 128745 0 0 0
167 106 73 79 979601 0 0 0
-262 -809 85 102 224453 0 0 0
302 -567 79 90 673229 0 0 0
-1599 389 49 136 194813 0 0 0
-1286 -602 38 20 106926 0 0 0
1303 749 86 80 159704 0 0 0
-728 -319 11 118 771570 0 0 0
666 -116 4 133 363471 0 0 0
-1282 506 119 76 767494 0 0 0
1473 -729 49 60 200231 0 0 0
-654 1188 43 42 739314 0 0 0
-401 529 21 6 548021 0 0 0
1405 -91 123 129 612734 0 0 0
1356 -1175 76 68 409759 0 0 0
81 555 93 72 650039 0 0 0
-323 -1408 80 34 319151 0 0 0
825 -1308 90 106 918176 0 0 0
689 120 45 103 943244 0 0 0
1439 -21 95 32 444536 0 0 0
1586 702 13 96 456497 0 0 0
-525 -371 106 84 739636 0 0 0
-94 366 61 4 252630 0 0 0
75 759 59 77 559935 0 0 0
-1588 1063 19 113 851427 0 0 0
-1341 782 143 21 405377 0 0 0
-567 -1139 57 56 609482 0 0 0
-196 954 90 6 658686 0 0 0
-844 -1272 34 104 926445 0 0 0
-441 387 16 61 568626 0 0 0
-1367 982 148 129 232415 0 0 0
1566 1585 22 18 807714 0 0 0
871 -1131 86 133 283720 0 0 0
444 955 123 133 571831 0 0 0
640 -950 114 74 519095 0 0 0
1082 -1449 86 58 994499 0 0 0
354 1059 54 34 876028 0 0 0
-675 29 25 110 417081 0 0 0
-634 -995 133 36 424992 0 0 0
-1181 820 54 44 340977 0 0 0
143 566 102 11 716482 0 0 0
62 869 72 96 518736 0 0 0
-326 -543 147 80 281646 0 0 0
1286 74 46 34 905666 0 0 0
1122 -837 1 69 136179 0 0 0
-523 554 26 134 342179 0 0 0
1040 811 13 3 397854 0 0 0
-797 -871 90 82 177284 0 0 0
791 1534 153 114 576957 0 0 0
1193 474 137 76 593089 0 0 0
-1390 -210 80 71 100793 0 0 0
247 1316 56 16 422934 0 0 0
-248 722 150 132 195612 0 0 0
-313 77 5 66 414044 0 0 0
-144 750 96 91 120954 0 0 0
-756 569 7 111 277830 0 0 0
694 -1204 103 65 256544 0 0 0
1258 347 14 104 342922 0 0 0
970 128 125 109 324695 0 0 0
996 1546 153 68 724225 0 0 0
-62 29 98 96 342822 0 0 0
-591 927 34 15 878181 0 0 0
-208 -1342 149 91 252410 0 0 0
544 1548 17 86 698152 0 0 0
1190 1495 133 99 886284 0 0 0
-1240 -1284 115 85 243685 0 0 0
1570 213 102 1 812870 0 0 0
1360 -1519 3 99 920420 0 0 0
-551 -1323 96 97 528549 0 0 0
833 74 75 45 901895 0 0 0
1089 -256 8 47 399816 0 0 0
1003 -334 11 87 585844 0 0 0
808 548 11 117 408346 0 0 0
-283 -1455 152 31 383459 0 0 0
870 -922 88 38 153434 0 0 0
717 751 114 23 328265 0 0 0
-1329 811 21 53 798962 0 0 0
-46 912 20 85 294167 0 0 0
-86 -268 36 8 195715 0 0 0
-9 -1201 78 137 501311 0 0 0
344 1278 34 75 529340 0 0 0
-696 1105 14 130 287611 0 0 0
632 740 4 79 272231 0 0 0
-440 -711 53 53 653569 0 0 0
1090 -639 118 108 181435 0 0 0
590 400 22 12 606269 0 0 0
-460 -1224 23 92 929473 0 0 0
1223 -1300 76 75 711786 0 0 0
1002 620 97 120 116564 0 0 0
45 1501 128 119 961168 0 0 0
124 1513 33 133 454463 0 0 0
-1456 -1524 109 122 470751 0 0 0
-131 -578 95 33 627647 0 0 0
843 -1339 10 99 852873 0 0 0
1182 1228 58 110 924033 0 0 0
182 -224 50 94 878320 0 0 0
-292 -703 116 14 719667 0 0 0
188 744 110 59 982994 0 0 0
-289 1258 81 126 152720 0 0 0
-1181 -418 136 7 394151 0 0 0
410 -87 28 11 619528 0 0 0
-80 1445 73 124 246898 0 0 0
681 733 149 5 825429 0 0 0
-1141 1063 62 50 701458 0 0 0
13 291 123 55 679388 0 0 0
-1059 -1176 119 132 279009 0 0 0
1563 125 59 19 733259 0 0 0
-298 -430 10 133 939385 0 0 0
1055 1471 13 47 476443 0 0 0
-228 120 129 14 796897 0 0 0
1126 889 149 24 866442 0 0 0
152 459 137 97 226375 0 0 0
171 -1198 49 114 760350 0 0 0
845 1229 92 119 525624 0 0 0
-1505 722 97 48 205966 0 0 0
-751 937 151 107 738324 0 0 0
176 -1249 27 37 909182 0 0 0
109 -1145 133 76 563226 0 0 0
-58 1508 90 88 614650 0 0 0
-718 940 89 66 695710 0 0 0
91 1198 6 94 576205 0 0 0
-1313 -967 70 73 325467 0 0 0
-1157 283 121 94 875052 0 0 0
663 -730 112 121 469890 0 0 0
-808 1528 34 39 595433 0 0 0
-741 974 110 83 375759 0 0 0
148 -646 128 66 252796 0 0 0
260 -785 23 92 121568 0 0 0
-1500 -100 30 39 937640 0 0 0
-595 -1558 50 140 459956 0 0 0
-340 1079 104 58 198372 0 0 0
-1419 804 89 26 488624 0 0 0
-393 106 72 56 359117 0 0 0
1371 1125 32 67 551599 0 0 0
-126 -632 108 120 317769 0 0 0
677 -621 84 63 961379 0 0 0
154 1160 135 89 573173 0 0 0
-1548 -1135 98 140 471844 0 0 0
-76 482 80 58 410108 0 0 0
129 1323 114 81 948901 0 0 0
-740 -312 120 110 315195 0 0 0
305 -1476 16 88 150465 0 0 0
-228 -546 129 43 465859 0 0 0
1485 778 124 91 557648 0 0 0
377 -510 25 111 740338 0 0 0
-425 -278 153 55 893372 0 0 0
-1257 -801 148 117 367332 0 0 0
501 -787 68 134 521668 0 0 0
-462 -1063 85 130 721223 0 0 0
-1514 -1264 66 37 968782 0 0 0
662 1081 128 75 104231 0 0 0
-850 -1091 109 110 774218 0 0 0
43 -1576 17 59 916253 0 0 0
-567 63 45 26 286877 0 0 0
-85 644 119 60 107034 0 0 0
-560 -595 1 106 266384 0 0 0
824 376 144 126 871833 0 0 0
-381 1518 24 39 323826 0 0 0
-998 915 107 87 910354 0 0 0
-1186 -965 136 96 752214 0 0 0
-1418 -1246 49 97 220992 0 0 0
-1311 730 122 133 369121 0 0 0
-1096 -1135 138 69 920838 0 0 0
1250 -839 104 12 839129 0 0 0
-487 617 89 60 179222 0 0 0
1209 -614 9 111 470032 0 0 0
-564 1188 48 119 290831 0 0 0
-983 -388 108 88 971833 0 0 0
761 -491 57 125 480069 0 0 0
242 138 65 128 574387 0 0 0
308 145 51 54 889109 0 0 0
-1520 280 30 34 286045 0 0 0
365 599 79 102 235881 0 0 0
42 1485 141 10 108433 0 0 0
1088 1591 99 56 319958 0 0 0
265 -9 145 126 423206 0 0 0
-984 -1027 91 133 568572 0 0 0
134 -1071 98 22 810262 0 0 0
292 -332 21 140 664320 0 0 0
-1569 1097 111 38 354159 0 0 0
1048 288 66 126 681410 0 0 0
327 -1507 113 18 707293 0 0 0
1469 1283 56 30 820528 0 0 0
-1062 -1088 61 50 920863 0 0 0
1053 -546 1 101 165052 0 0 0
-852 -774 107 32 116905 0 0 0
-466 -1335 52 68 992214 0 0 0
-93 1444 134 34 557827 0 0 0
-972 -243 151 68 984735 0 0 0
-50 -994 33 73 237230 0 0 0
-1156 -543 146 75 441350 0 0 0
1383 -802 53 42 422505 0 0 0
430 301 143 114 194292 0 0 0
932 -1294 73 101 234951 0 0 0
-1171 775 146 88 674778 0 0 0
1431 990 55 20 643019 0 0 0
-1523 1245 151 80 319077 0 0 0
1451 -821 107 47 219904 0 0 0
1503 757 83 25 800581 0 0 0
508 -1462 41 20 293630 0 0 0
959 -571 105 139 828458 0 0 0
-402 -595 115 62 194878 0 0 0
1403 -1034 92 57 517614 0 0 0
1210 -796 49 68 260986 0 0 0
-371 -144 125 89 408676 0 0 0
-144 1178 104 32 364736 0 0 0
-315 1568 103 136 498335 0 0 0
699 -1191 117 16 365236 0 0 0
-1587 656 141 108 576375 0 0 0
1406 1559 97 96 793573 0 0 0
1084 -349 10 37 165310 0 0 0
1314 -204 113 52 241159 0 0 0
682 73 19 32 821224 0 0 0
1144 251 34 104 766191 0 0 0
-167 1304 16 85 545320 0 0 0
-674 -141 78 138 126287 0 0 0
-559 864 51 102 960993 0 0 0
-704 -466 81 103 977350 0 0 0
1145 1329 129 135 477183 0 0 0
-150 658 4 110 643503 0 0 0
-867 676 138 71 143879 0 0 0
-213 1569 32 49 766749 0 0 0
-793 675 101 2 506564 0 0 0
264 1202 147 51 803953 0 0 0
-709 -848 61 125 911328 0 0 0
624 -1285 19 96 912941 0 0 0
-275 685 40 26 530225 0 0 0
-537 -472 7 124 389123 0 0 0
759 -1089 125 8 459950 0 0 0
-361 -433 85 115 923813 0 0 0
-1408 673 27 31 372935 0 0 0
657 1475 90 28 874807 0 0 0
-578 -719 110 131 453982 0 0 0
-1493 930 137 52 886247 0 0 0
-796 -373 140 1 924325 0 0 0
268 163 55 80 520218 0 0 0
645 868 54 93 943473 0 0 0
-1251 -849 76 57 723338 0 0 0
-474 -739 51 61 805045 0 0 0
779 -892 47 108 303337 0 0 0
-1041 1124 78 81 504644 0 0 0
1068 287 85 21 507349 0 0 0
1236 1434 76 56 371129 0 0 0
849 -565 120 113 383791 0 0 0
-1010 -414 4 76 509010 0 0 0
342 289 134 119 209295 0 0 0
1275 421 46 38 349559 0 0 0
160 1001 114 7 380607 0 0 0
-793 -1294 150 41 949194 0 0 0
-1530 -1567 57 16 686670 0 0 0
-1272 -682 70 2 373605 0 0 0
1444 1334 77 120 981754 0 0 0
-1479 -657 148 17 814300 0 0 0
1191 1042 104 137 767344 0 0 0
1428 426 5 56 647136 0 0 0
628 1578 140 21 924015 0 0 0
143 280 139 140 282891 0 0 0
-1293 -378 74 65 886777 0 0 0
-1349 -1433 26 53 743966 0 0 0
338 1369 153 89 521011 0 0 0
1399 -1397 82 123 850516 0 0 0
-1280 197 110 99 512565 0 0 0
-108 -1263 3 49 272678 0 0 0
-1416 1098 86 90 884369 0 0 0
1179 82 53 129 900402 0 0 0
1523 -1007 143 38 185075 0 0 0
-1341 -854 1 39 244677 0 0 0
-839 1274 74 74 582316 0 0 0
625 1060 115 96 601738 0 0 0
335 480 30 140 273123 0 0 0
1091 -595 126 68 359019 0 0 0
1123 -1474 18 52 567434 0 0 0
873 -1235 97 113 834725 0 0 0
325 -2 152 62 543119 0 0 0
-298 1235 95 2 329309 0 0 0
-495 239 128 27 968801 0 0 0
132 -1530 128 109 925707 0 0 0
-998 -551 100 97 835945 0 0 0
-247 1029 139 99 988537 0 0 0
1511 -1357 139 46 994335 0 0 0
-192 -745 18 10 829337 0 0 0
-315 1301 61 128 756651 0 0 0
-1196 -1560 101 107 496443 0 0 0
908 512 71 70 626194 0 0 0
-1271 -1020 96 85 197516 0 0 0
1030 176 144 63 284615 0 0 0
-660 -579 118 120 463551 0 0 0
392 300 122 50 823247 0 0 0
1563 -879 145 16 547012 0 0 0
-866 -1309 109 76 484299 0 0 0
987 659 71 116 388518 0 0 0
990 -61 109 97 363469 0 0 0
1551 751 75 55 413567 0 0 0
1351 -577 4 41 869252 0 0 0
731 -1111 108 107 271492 0 0 0
-1551 789 132 24 116602 0 0 0
777 127 141 33 517747 0 0 0
1019 880 41 21 164695 0 0 0
1065 -282 111 55 647233 0 0 0
1292 -479 68 110 837843 0 0 0
660 1342 31 100 782498 0 0 0
-965 -1063 23 84 750532 0 0 0
662 -856 28 43 126627 0 0 0
-305 919 122 88 293786 0 0 0
-1508 -1055 20 94 625939 0 0 0
14 -777 152 115 451466 0 0 0
-35 -158 91 64 726548 0 0 0
-814 -43 84 137 472858 0 0 0
374 -1397 27 95 914935 0 0 0
-860 -1314 106 129 636652 0 0 0
1334 299 45 87 258734 0 0 0
251 28 14 125 458076 0 0 0
-1197 -544 93 11 385176 0 0 0
867 1292 50 63 723020 0 0 0
-548 -112 82 35 133081 0 0 0
-920 -39 131 96 924848 0 0 0
-465 -426 27 132 126118 0 0 0
546 4 53 129 983053 0 0 0
1185 524 113 104 881528 0 0 0
-1412 -31 35 108 469974 0 0 0
643 -839 64 40 713429 0 0 0
-827 482 49 12 896501 0 0 0
-1050 -337 33 95 436197 0 0 0
1250 25 121 140 407249 0 0 0
165 -536 120 128 522629 0 0 0
680 -38 13 69 559665 0 0 0
-1 797 149 107 925440 0 0 0
-121 -285 117 6 680629 0 0 0
-1559 -882 94 34 196683 0 0 0
