1700
-616 374 46 86 698733 0 0 0
819 451 110 32 718034 0 0 0
-722 1157 21 6 256942 0 0 0
-1049 699 37 45 841905 0 0 0
708 134 41 22 535188 0 0 0
844 623 119 49 922672 0 0 0
-1339 17 61 82 656359 0 0 0
-1423 150 124 135 275239 0 0 0
1369 72 65 109 648566 0 0 0
-276 -1473 110 47 134475 0 0 0
-1476 -783 32 15 599578 0 0 0
414 -1627 138 65 960807 0 0 0
918 497 83 131 729202 0 0 0
-250 1626 96 126 407852 0 0 0
1375 -864 139 44 689107 0 0 0
1034 1608 22 23 443416 0 0 0
915 -1231 16 59 881513 0 0 0
1652 -711 8 131 208628 0 0 0
-956 -1550 149 50 682107 0 0 0
-1303 1167 11 67 219662 0 0 0
-603 -1356 28 106 571031 0 0 0
702 -256 30 133 339907 0 0 0
1109 1012 117 127 893886 0 0 0
687 -273 68 56 895479 0 0 0
833 -1358 132 74 298999 0 0 0
-1085 301 105 56 127243 0 0 0
-89 471 111 141 323639 0 0 0
-1535 -719 103 117 245956 0 0 0
13 1109 120 83 944795 0 0 0
484 1403 50 54 884472 0 0 0
-1402 -14 92 28 766688 0 0 0
-1052 -346 57 126 264371 0 0 0
-651 856 107 20 365938 0 0 0
569 -1310 73 58 948870 0 0 0
-1084 -1031 83 32 857458 0 0 0
413 -1296 46 134 774185 0 0 0
-1292 343 69 77 162299 0 0 0
-158 904 52 23 253256 0 0 0
1492 359 106 96 415464 0 0 0
-1458 462 99 46 695525 0 0 0
1668 461 25 96 210942 0 0 0
668 94 49 106 516265 0 0 0
-1258 -1465 108 6 658985 0 0 0
988 1451 114 1 137499 0 0 0
1064 -668 48 104 569597 0 0 0
136 489 22 109 729994 0 0 0
-504 122 50 70 584300 0 0 0
638 627 18 50 144269 0 0 0
1071 -769 77 4 988307 0 0 0
-30 -1402 22 87 933540 0 0 0
1182 -1182 73 124 666188 0 0 0
-1002 782 74 114 169446 0 0 0
-1275 1487 62 51 963747 0 0 0
1014 200 88 34 420657 0 0 0
1298 1216 81 23 384403 0 0 0
-1107 1261 33 70 486067 0 0 0
1295 -1037 58 24 506736 0 0 0
-22 -1051 62 44 488033 0 0 0
104 -28 15 52 588139 0 0 0
-1204 -1061 114 52 279775 0 0 0
-653 844 151 12 375223 0 0 0
276 1676 70 112 150151 0 0 0
-1642 -919 74 118 359039 0 0 0
-808 -626 141 52 135141 0 0 0
469 -712 75 44 966646 0 0 0
-1088 1117 153 16 656410 0 0 0
-643 988 9 27 185040 0 0 0
-1015 -41 144 40 390742 0 0 0
1156 167 161 94 472890 0 0 0
-504 1611 134 70 673354 0 0 0
-1074 -1255 36 38 111902 0 0 0
475 -838 65 109 456513 0 0 0
-175 429 70 112 946678 0 0 0
1314 -1538 84 138 289918 0 0 0
-1288 505 159 42 212948 0 0 0
809 -445 82 124 681554 0 0 0
-1320 -1229 159 47 849673 0 0 0
1231 -25 94 83 621925 0 0 0
1617 829 146 29 504299 0 0 0
-1495 837 79 119 645157 0 0 0
-592 1553 123 90 496621 0 0 0
665 1436 152 67 680127 0 0 0
753 266 117 53 300339 0 0 0
-1153 -788 42 34 811473 0 0 0
727 -1679 20 33 439216 0 0 0
1636 1151 34 51 680183 0 0 0
1028 991 67 126 135318 0 0 0
1158 -359 150 66 632156 0 0 0
-1295 -826 106 51 993262 0 0 0
-355 48 74 89 816641 0 0 0
277 -364 62 22 776192 0 0 0
440 -1254 3 115 465247 0 0 0
-1412 85 4 145 652394 0 0 0
1602 967 158 75 898837 0 0 0
1302 -1257 69 90 986402 0 0 0
216 -1336 149 144 618205 0 0 0
1361 266 113 37 315696 0 0 0
1548 -1502 65 135 489911 0 0 0
1467 488 90 144 662130 0 0 0
-974 977 105 64 555901 0 0 0
-938 1658 105 39 157940 0 0 0
969 579 90 58 896282 0 0 0
654 -1165 149 96 623604 0 0 0
-1024 201 2 40 738192 0 0 0
1081 -236 78 10 555549 0 0 0
1010 1170 32 77 300221 0 0 0
566 -1072 80 12 209432 0 0 0
-732 -374 150 101 231081 0 0 0
73 785 14 64 652018 0 0 0
1056 -1151 131 105 672256 0 0 0
528 -905 42 81 262537 0 0 0
1515 -1353 125 95 152309 0 0 0
696 1516 9 19 218042 0 0 0
-401 -535 90 134 234231 0 0 0
-1287 1516 82 6 974787 0 0 0
-736 -1253 106 133 257064 0 0 0
-514 -128 83 68 172942 0 0 0
-1479 -269 78 58 490370 0 0 0
-55 1424 111 51 105135 0 0 0
-120 -1288 64 20 205374 0 0 0
-1121 -901 85 122 435778 0 0 0
1025 1469 129 45 556346 0 0 0
1102 -488 15 50 241708 0 0 0
257 107 125 112 479948 0 0 0
1281 377 92 65 735403 0 0 0
980 1349 21 116 327609 0 0 0
198 -679 68 107 718183 0 0 0
-501 -1668 97 70 826463 0 0 0
-1467 35 90 56 819258 0 0 0
-604 1529 101 99 478856 0 0 0
-788 1671 61 124 157402 0 0 0
860 -992 77 48 185698 0 0 0
374 -1503 50 69 506694 0 0 0
177 -520 61 92 504241 0 0 0
-1535 -1038 65 85 732124 0 0 0
-251 1284 81 63 982773 0 0 0
1033 930 108 57 254955 0 0 0
1077 1487 21 42 571198 0 0 0
-443 -921 14 75 608015 0 0 0
86 -419 150 13 334093 0 0 0
1555 421 106 104 596468 0 0 0
1636 -1528 44 50 609292 0 0 0
584 -1206 94 93 510133 0 0 0
-946 -154 116 8 164629 0 0 0
126 -515 156 37 369123 0 0 0
-758 706 114 140 143947 0 0 0
-1616 312 46 81 577382 0 0 0
-1352 117 58 70 637259 0 0 0
463 -914 118 43 461729 0 0 0
99 -857 142 104 234713 0 0 0
512 -1275 96 81 341403 0 0 0
910 -1696 105 122 912500 0 0 0
850 -157 84 16 234939 0 0 0
1 -1022 68 29 420724 0 0 0
-799 1606 134 113 565715 0 0 0
727 -914 138 132 388367 0 0 0
-98 835 31 98 294166 0 0 0
-981 711 1 81 302623 0 0 0
874 -253 84 117 642233 0 0 0
1391 1470 69 105 364692 0 0 0
1215 -1169 70 119 195213 0 0 0
277 101 142 10 370993 0 0 0
1191 13 126 24 146986 0 0 0
-1072 -17 19 147 237947 0 0 0
1419 1428 13 138 454703 0 0 0
252 -1440 15 91 169856 0 0 0
1594 -765 57 61 184963 0 0 0
1682 1520 154 66 313675 0 0 0
-520 1359 92 38 823176 0 0 0
-1166 449 134 5 551167 0 0 0
1655 887 32 87 842134 0 0 0
-374 1350 22 54 561920 0 0 0
-1507 -824 101 2 405255 0 0 0
-1189 -555 41 128 427623 0 0 0
451 1638 132 146 806778 0 0 0
941 574 28 54 905374 0 0 0
-30 803 41 98 717158 0 0 0
60 233 66 126 727687 0 0 0
-199 297 48 119 768605 0 0 0
-543 1478 33 142 529853 0 0 0
-1429 112 77 121 874726 0 0 0
-1182 173 45 117 539613 0 0 0
-1416 -1168 29 90 144971 0 0 0
-482 984 106 125 370281 0 0 0
943 -1383 11 11 280648 0 0 0
-1311 305 107 83 682485 0 0 0
365 1199 15 126 341444 0 0 0
-45 -577 155 102 677420 0 0 0
1630 -1352 156 85 586384 0 0 0
282 256 18 12 863162 0 0 0
931 -1397 58 100 397385 0 0 0
-914 1635 56 19 409395 0 0 0
-62 1311 3 29 575851 0 0 0
518 45 98 7 767722 0 0 0
1264 759 158 99 899690 0 0 0
1412 -466 61 35 840040 0 0 0
1579 -1124 144 29 290317 0 0 0
-1229 1474 44 21 469782 0 0 0
1332 563 127 121 645455 0 0 0
1146 129 46 82 883329 0 0 0
-1203 -699 159 118 301244 0 0 0
668 253 29 118 731382 0 0 0
-469 1517 139 58 892120 0 0 0
292 1376 36 15 473749 0 0 0
208 -445 3 110 809346 0 0 0
-436 1213 24 23 414413 0 0 0
-1630 60 63 17 854179 0 0 0
-847 472 85 41 381177 0 0 0
1463 -1176 19 80 441080 0 0 0
-1041 447 51 11 463259 0 0 0
1560 1690 150 53 396947 0 0 0
451 -1694 104 23 239836 0 0 0
-1355 -694 10 50 711331 0 0 0
-267 1477 112 144 775859 0 0 0
408 -1611 92 81 595796 0 0 0
-1592 -374 21 104 179409 0 0 0
-91 -1280 90 16 826647 0 0 0
1541 432 78 121 580583 0 0 0
1436 -40 97 104 971797 0 0 0
812 -1386 99 28 835532 0 0 0
-389 -1508 59 43 808020 0 0 0
793 -1275 5 57 367833 0 0 0
-221 1318 48 29 634473 0 0 0
1237 -39 143 53 615853 0 0 0
1529 580 157 40 536625 0 0 0
-1401 -1335 100 42 631842 0 0 0
-627 -1667 111 10 736336 0 0 0
260 1469 7 87 745293 0 0 0
272 -870 26 68 854264 0 0 0
-627 399 37 138 520432 0 0 0
794 143 84 66 463131 0 0 0
-1529 1252 143 53 803134 0 0 0
228 -1151 29 95 803539 0 0 0
1376 768 134 12 920348 0 0 0
-666 600 136 114 971038 0 0 0
130 -924 125 120 513790 0 0 0
1502 319 93 77 418341 0 0 0
959 370 63 22 619692 0 0 0
148 1541 54 147 986613 0 0 0
1286 1453 124 52 535133 0 0 0
464 514 109 105 430499 0 0 0
1280 1618 122 6 195808 0 0 0
446 -824 21 89 107365 0 0 0
-975 1035 13 4 427387 0 0 0
-2 -1109 60 9 393715 0 0 0
-860 530 81 130 445597 0 0 0
-133 -201 142 4 744164 0 0 0
1198 349 5 131 403783 0 0 0
-656 715 109 84 743971 0 0 0
1220 1620 101 52 913494 0 0 0
-631 -597 43 75 800073 0 0 0
175 -200 80 47 947248 0 0 0
1212 1016 132 114 933363 0 0 0
696 -512 119 93 670251 0 0 0
1623 330 66 147 101254 0 0 0
1577 276 154 80 352048 0 0 0
803 1423 110 52 548046 0 0 0
363 718 11 63 707176 0 0 0
-1503 1421 134 20 399888 0 0 0
1258 911 4 87 678887 0 0 0
-1146 -615 1 113 714030 0 0 0
-65 -1378 68 53 233737 0 0 0
-1665 -213 121 116 234083 0 0 0
-1276 -1423 157 29 277157 0 0 0
-781 -336 73 110 232768 0 0 0
651 1492 12 146 284646 0 0 0
-382 102 72 61 443143 0 0 0
220 37 46 8 222996 0 0 0
-1124 -418 55 145 433358 0 0 0
-290 702 33 1 835728 0 0 0
-1664 -1188 142 128 131312 0 0 0
1545 -1632 93 78 440213 0 0 0
-533 178 99 73 908813 0 0 0
1036 924 15 116 388508 0 0 0
1698 -507 61 25 360303 0 0 0
1307 96 20 27 823303 0 0 0
-721 -943 153 79 403372 0 0 0
-541 -528 103 68 164418 0 0 0
-1226 685 15 125 927025 0 0 0
-745 619 148 35 123386 0 0 0
-759 -1641 142 105 955029 0 0 0
196 1144 82 95 717791 0 0 0
-768 704 124 131 989021 0 0 0
-1356 301 138 38 378734 0 0 0
261 1551 81 55 445063 0 0 0
1219 1136 39 125 453631 0 0 0
33 -1664 132 111 560991 0 0 0
-1217 -1167 9 74 203384 0 0 0
1223 1522 111 129 743516 0 0 0
-1230 -1293 86 129 242190 0 0 0
1401 -1491 107 132 821590 0 0 0
111 1470 26 107 448597 0 0 0
-527 123 54 49 125186 0 0 0
-1026 -1225 155 17 154969 0 0 0
697 -633 43 117 981712 0 0 0
892 526 118 128 431851 0 0 0
-1530 -342 139 88 696717 0 0 0
-826 -1648 107 3 714933 0 0 0
15 -550 105 91 736438 0 0 0
-803 829 31 145 591083 0 0 0
1503 -1204 18 126 440125 0 0 0
479 -482 42 51 736168 0 0 0
507 -35 151 33 638831 0 0 0
96 -695 7 133 670256 0 0 0
-835 -87 56 122 766406 0 0 0
1571 1685 38 61 830747 0 0 0
93 261 44 119 344092 0 0 0
-1521 600 131 34 671205 0 0 0
-620 -321 72 83 197470 0 0 0
458 -1151 118 139 532053 0 0 0
602 431 93 30 905472 0 0 0
-1633 -1236 62 26 770815 0 0 0
-1658 1528 71 124 458031 0 0 0
197 1084 18 33 752068 0 0 0
-420 -979 10 95 524569 0 0 0
1275 1329 125 37 328408 0 0 0
-707 969 6 76 917241 0 0 0
-1542 353 122 107 750222 0 0 0
-999 1258 136 40 325892 0 0 0
101 1292 110 102 855568 0 0 0
738 -1408 51 70 748625 0 0 0
-1572 -622 57 145 202889 0 0 0
1074 703 148 59 916241 0 0 0
-1034 -859 35 148 195839 0 0 0
-1478 -1553 108 108 283453 0 0 0
280 856 138 66 704410 0 0 0
-347 -803 159 118 875637 0 0 0
1566 206 124 95 281629 0 0 0
-315 1072 27 132 679994 0 0 0
-1478 672 59 47 244308 0 0 0
-397 -1345 92 125 953210 0 0 0
1683 181 91 127 374879 0 0 0
-1092 1259 19 145 285040 0 0 0
530 106 77 60 653675 0 0 0
-828 1569 119 34 353898 0 0 0
669 -358 106 114 423482 0 0 0
1318 -1425 111 89 842236 0 0 0
-669 -1204 153 77 785452 0 0 0
1083 1360 39 80 955203 0 0 0
1198 -1669 63 123 885919 0 0 0
-1593 1509 148 35 598758 0 0 0
-807 -434 130 114 586674 0 0 0
-780 -187 132 68 815788 0 0 0
-933 -1536 7 115 110899 0 0 0
552 -512 33 126 563787 0 0 0
-230 149 142 116 257646 0 0 0
1529 657 9 86 218455 0 0 0
285 -152 11 35 983269 0 0 0
-341 -1689 128 78 194677 0 0 0
1340 -1459 110 117 383672 0 0 0
1356 -934 13 146 604597 0 0 0
-1030 -1129 34 89 999204 0 0 0
740 -1465 76 100 704608 0 0 0
-99 -1134 27 114 958015 0 0 0
2 -1529 80 34 513115 0 0 0
-1237 1556 115 20 747670 0 0 0
-1259 -1417 85 61 565630 0 0 0
1235 1484 39 138 676244 0 0 0
641 -1094 156 31 992811 0 0 0
-1489 -1104 8 1 683189 0 0 0
643 67 95 148 417809 0 0 0
77 310 39 113 458989 0 0 0
769 297 59 15 118004 0 0 0
652 -898 142 61 741744 0 0 0
-156 -650 29 63 583996 0 0 0
-917 455 118 130 798143 0 0 0
105 314 55 87 317359 0 0 0
1261 1339 83 47 170800 0 0 0
-452 317 139 101 837101 0 0 0
447 -1655 113 87 945206 0 0 0
432 2 63 45 200434 0 0 0
-1653 1653 14 130 215618 0 0 0
582 1260 137 72 635970 0 0 0
-692 394 106 104 103144 0 0 0
-593 494 4 125 771501 0 0 0
1223 1682 149 69 659076 0 0 0
1353 682 79 116 579418 0 0 0
-204 893 110 142 412948 0 0 0
-1492 -844 55 82 462951 0 0 0
1283 528 90 78 914778 0 0 0
-55 -883 70 118 541250 0 0 0
-1160 -425 118 133 822814 0 0 0
-1164 -270 66 118 369774 0 0 0
-419 1065 25 126 809090 0 0 0
873 -326 20 128 222822 0 0 0
-1088 707 71 103 562349 0 0 0
986 -1527 84 108 430869 0 0 0
-1166 -1596 146 110 482252 0 0 0
-736 1173 142 20 332402 0 0 0
-1438 -101 40 130 193650 0 0 0
578 144 36 16 404860 0 0 0
-712 -214 98 146 513095 0 0 0
531 -1107 114 99 473527 0 0 0
-325 -884 12 148 674457 0 0 0
1264 -1600 54 81 436432 0 0 0
1012 -335 49 97 187329 0 0 0
-1606 494 160 70 859428 0 0 0
-268 862 38 15 684686 0 0 0
208 -976 64 137 677534 0 0 0
353 -838 9 65 296787 0 0 0
117 513 135 134 656754 0 0 0
467 -1024 25 77 661292 0 0 0
546 9 110 75 290527 0 0 0
-439 -1239 140 90 131064 0 0 0
433 -31 140 97 572196 0 0 0
-719 112 115 24 224586 0 0 0
1381 1090 102 17 789790 0 0 0
758 -1444 124 5 285364 0 0 0
419 358 150 80 869520 0 0 0
-874 -495 38 106 607249 0 0 0
-1529 -139 122 127 432487 0 0 0
442 -1689 12 114 597952 0 0 0
1540 1659 96 25 233373 0 0 0
1564 1484 85 109 406183 0 0 0
1259 281 85 87 678377 0 0 0
-525 -1464 2 41 113487 0 0 0
-1376 300 159 35 976038 0 0 0
-1134 -1487 17 4 766782 0 0 0
-1645 -1467 95 132 344193 0 0 0
417 -1104 91 33 293117 0 0 0
715 -704 6 89 731867 0 0 0
-1139 186 12 36 349802 0 0 0
10 -1676 1 86 936162 0 0 0
621 1567 156 113 642103 0 0 0
256 -705 110 130 611579 0 0 0
212 -1178 44 131 191626 0 0 0
923 -1429 137 30 221533 0 0 0
-348 -343 135 42 961648 0 0 0
-1406 79 20 73 132671 0 0 0
-469 -222 27 53 719979 0 0 0
-1228 652 119 22 297580 0 0 0
-923 995 155 136 602626 0 0 0
1262 -145 35 103 524316 0 0 0
1184 -1230 6 63 601208 0 0 0
-108 327 89 51 880157 0 0 0
970 991 112 76 602700 0 0 0
-1190 1665 156 87 819667 0 0 0
-1644 768 136 79 793421 0 0 0
1474 224 153 109 617503 0 0 0
1375 -558 88 11 897077 0 0 0
1221 -703 157 114 959850 0 0 0
-1405 -934 151 44 533188 0 0 0
1365 739 79 6 745527 0 0 0
-1006 -1566 84 18 842723 0 0 0
169 1245 29 55 971013 0 0 0
367 -571 29 120 505526 0 0 0
529 -605 52 39 934092 0 0 0
-818 1508 28 1 106553 0 0 0
-1053 224 121 16 491532 0 0 0
-968 1000 55 10 197736 0 0 0
1421 -1505 70 104 138647 0 0 0
153 537 52 134 153357 0 0 0
727 -677 97 89 951510 0 0 0
-322 -284 136 74 551216 0 0 0
-1560 231 12 53 123771 0 0 0
-305 117 65 16 359999 0 0 0
735 1589 96 140 692540 0 0 0
-1207 476 74 45 392790 0 0 0
756 -394 110 29 277573 0 0 0
1117 -1358 44 135 594624 0 0 0
363 -1246 105 2 515219 0 0 0
-61 834 13 54 984807 0 0 0
1334 1551 109 98 992185 0 0 0
125 1616 160 108 262815 0 0 0
-1696 1148 143 96 455305 0 0 0
53 557 88 55 347759 0 0 0
-1435 -527 72 108 396525 0 0 0
-906 -394 68 11 425377 0 0 0
-647 -134 40 70 496999 0 0 0
140 -1330 100 64 569307 0 0 0
1654 -1602 147 25 256900 0 0 0
-1174 168 118 33 285821 0 0 0
-1565 -1480 34 21 356690 0 0 0
1275 -184 17 24 483493 0 0 0
1327 -1328 74 119 266597 0 0 0
-1511 10 35 146 309520 0 0 0
1653 1580 36 77 671452 0 0 0
1271 1031 72 98 167345 0 0 0
1698 -1500 69 102 426684 0 0 0
-845 -957 21 11 612911 0 0 0
-950 877 24 50 662257 0 0 0
-571 -1529 11 114 754787 0 0 0
-1036 770 6 34 993063 0 0 0
-1380 -557 56 142 950150 0 0 0
1416 -236 104 23 525062 0 0 0
1412 193 149 120 284029 0 0 0
-206 505 149 95 318553 0 0 0
593 -895 6 21 767177 0 0 0
884 -230 56 59 619040 0 0 0
-110 803 57 11 427907 0 0 0
-1525 8 126 138 487878 0 0 0
-1328 670 137 130 519022 0 0 0
1122 131 72 123 351648 0 0 0
-917 -767 84 51 635061 0 0 0
422 -1309 63 126 349336 0 0 0
538 -215 36 76 571528 0 0 0
-651 1282 112 99 431167 0 0 0
-1377 545 47 68 585143 0 0 0
-849 527 13 75 618813 0 0 0
449 -1353 73 58 216532 0 0 0
1278 -343 29 75 724902 0 0 0
652 190 64 33 620696 0 0 0
-1408 -689 4 102 765535 0 0 0
793 1568 52 20 212327 0 0 0
1194 623 86 84 666000 0 0 0
-636 -861 31 90 776104 0 0 0
-1067 1576 128 119 176984 0 0 0
-811 -372 93 30 678790 0 0 0
1675 -1471 69 78 841366 0 0 0
-985 -1361 62 67 367024 0 0 0
966 -1051 159 143 931641 0 0 0
1397 195 136 5 892678 0 0 0
300 -157 80 90 301404 0 0 0
352 26 87 88 649494 0 0 0
-857 -1368 159 45 131991 0 0 0
-289 -1671 148 100 376542 0 0 0
874 1142 84 26 797171 0 0 0
-1551 288 134 87 116549 0 0 0
787 1555 74 27 415309 0 0 0
514 -816 8 79 242059 0 0 0
1127 -1098 107 13 203028 0 0 0
290 786 148 9 457381 0 0 0
-947 262 40 33 568079 0 0 0
658 1458 135 26 768578 0 0 0
-1359 1002 37 31 514038 0 0 0
-866 103 151 17 506335 0 0 0
983 -38 105 102 339870 0 0 0
272 -1132 13 8 869323 0 0 0
-734 -1101 31 103 136976 0 0 0
566 -194 64 93 249516 0 0 0
-300 436 37 143 422912 0 0 0
1249 -1386 119 40 142521 0 0 0
-979 1567 149 3 651940 0 0 0
1328 -279 146 49 212501 0 0 0
-243 746 122 115 758564 0 0 0
839 -744 151 28 412364 0 0 0
-805 941 124 122 900828 0 0 0
549 -1065 44 75 581172 0 0 0
991 -1285 130 31 740803 0 0 0
1079 -1233 82 120 592082 0 0 0
-147 -480 87 93 222756 0 0 0
-222 -915 102 65 589734 0 0 0
670 1618 153 128 831580 0 0 0
-1611 1204 132 38 862952 0 0 0
1446 -1531 88 6 856147 0 0 0
-982 1362 57 105 148800 0 0 0
-500 -1501 48 126 873154 0 0 0
207 74 37 147 751157 0 0 0
-937 -1573 151 111 910013 0 0 0
-1137 739 80 139 979502 0 0 0
789 787 40 143 946598 0 0 0
-518 -1208 62 126 160404 0 0 0
836 1513 10 41 751422 0 0 0
-1466 462 34 6 908006 0 0 0
-1112 560 18 24 500538 0 0 0
-368 -863 70 33 568426 0 0 0
1668 -763 157 133 939835 0 0 0
1634 -651 76 19 829538 0 0 0
-832 -548 2 131 348024 0 0 0
-1520 1682 38 138 781738 0 0 0
-345 1670 106 17 756138 0 0 0
34 1678 155 58 835925 0 0 0
946 -1176 38 91 282340 0 0 0
-729 -1431 5 123 601889 0 0 0
1469 -178 130 46 598116 0 0 0
-810 946 144 68 772133 0 0 0
1362 -680 51 22 151119 0 0 0
1591 1369 79 74 887838 0 0 0
-429 -895 32 103 845535 0 0 0
-718 1666 119 40 882437 0 0 0
554 -105 44 100 385788 0 0 0
832 -1419 77 11 394367 0 0 0
-876 -289 112 122 260373 0 0 0
797 793 115 1 537395 0 0 0
1059 -1581 27 38 918021 0 0 0
-967 830 143 53 298282 0 0 0
943 215 95 1 907929 0 0 0
-742 1314 48 90 608225 0 0 0
1180 1470 18 64 280986 0 0 0
-433 740 132 145 911575 0 0 0
1021 1106 71 43 592535 0 0 0
-1013 -440 143 122 141731 0 0 0
-1498 -1521 111 18 635368 0 0 0
-1197 -206 16 80 208164 0 0 0
60 -1549 6 140 988282 0 0 0
-1518 -1391 34 129 407258 0 0 0
-196 583 81 103 781130 0 0 0
-607 210 78 109 954722 0 0 0
1304 931 95 131 760543 0 0 0
1322 917 19 74 698326 0 0 0
-1073 -561 55 46 745781 0 0 0
1087 1227 76 78 767456 0 0 0
1145 -454 86 44 560286 0 0 0
589 -1343 123 119 970082 0 0 0
317 -1381 69 146 161680 0 0 0
270 1042 108 60 431169 0 0 0
-880 306 127 108 109790 0 0 0
-941 -903 95 45 170663 0 0 0
-585 -90 152 147 301099 0 0 0
-1380 948 24 127 177536 0 0 0
-1558 1184 156 111 513294 0 0 0
-243 -1015 146 84 643310 0 0 0
-1300 1339 111 74 701020 0 0 0
92 448 146 28 790373 0 0 0
748 1595 19 14 388114 0 0 0
-1396 -974 146 21 905144 0 0 0
-1282 1034 96 69 207411 0 0 0
474 -494 105 12 579327 0 0 0
1313 183 71 117 954901 0 0 0
783 250 80 32 258447 0 0 0
-656 1041 87 49 284029 0 0 0
1494 -1313 78 112 511270 0 0 0
-728 -119 118 106 566222 0 0 0
1647 -1548 62 112 811625 0 0 0
641 152 44 27 384018 0 0 0
-49 1259 132 146 697958 0 0 0
192 -572 159 121 974921 0 0 0
619 1545 48 11 843271 0 0 0
-1281 -173 64 17 866840 0 0 0
621 -310 148 143 714170 0 0 0
-1097 795 18 111 637412 0 0 0
1571 338 97 61 985003 0 0 0
950 -1423 58 113 967775 0 0 0
-774 -1524 31 112 403665 0 0 0
-1168 1577 100 52 627766 0 0 0
1186 1617 43 74 560859 0 0 0
1343 -1306 154 15 562713 0 0 0
-1229 -807 128 35 616873 0 0 0
-1420 -1088 54 107 336497 0 0 0
944 -1260 101 120 355094 0 0 0
1066 1287 154 81 312812 0 0 0
-446 -1108 138 146 447405 0 0 0
77 846 119 118 698388 0 0 0
742 -571 21 110 327903 0 0 0
1153 183 141 124 389055 0 0 0
-1354 -1207 124 88 373784 0 0 0
-1253 849 33 36 475126 0 0 0
-1054 -893 29 60 450220 0 0 0
136 397 76 37 403913 0 0 0
-785 -500 155 62 502412 0 0 0
-816 860 124 27 718637 0 0 0
-1609 -1454 145 56 769081 0 0 0
361 -1173 72 79 410956 0 0 0
361 63 118 49 470319 0 0 0
187 1393 23 110 913589 0 0 0
108 61 70 2 786785 0 0 0
332 -544 153 23 919815 0 0 0
-1061 58 130 111 364482 0 0 0
-904 -281 118 4 118989 0 0 0
930 -1249 3 124 284611 0 0 0
1420 -1508 139 6 749036 0 0 0
-832 1073 118 72 458811 0 0 0
-312 -398 131 142 221565 0 0 0
-60 269 129 66 360191 0 0 0
1400 1207 3 68 922639 0 0 0
-128 1466 147 97 427515 0 0 0
-503 -14 59 22 788406 0 0 0
-536 799 5 36 944216 0 0 0
297 -292 106 45 752626 0 0 0
-1556 -375 54 40 167019 0 0 0
-337 378 38 15 288975 0 0 0
-1459 -302 114 84 879015 0 0 0
-330 -886 92 12 902823 0 0 0
-740 -10 61 113 327421 0 0 0
117 -1679 126 123 292693 0 0 0
-681 360 15 81 711670 0 0 0
-45 727 108 32 265802 0 0 0
1369 -345 28 73 827712 0 0 0
622 1055 12 18 434000 0 0 0
-1520 374 97 99 137455 0 0 0
-173 -315 109 98 351619 0 0 0
-1329 -988 61 63 998932 0 0 0
-776 -1346 4 124 735922 0 0 0
-708 1091 84 122 912771 0 0 0
-1233 1672 110 100 522364 0 0 0
-480 586 84 124 547332 0 0 0
-291 -1352 5 44 401684 0 0 0
1090 891 29 33 144711 0 0 0
-1588 -1499 50 5 528900 0 0 0
399 793 49 67 258381 0 0 0
1539 145 160 4 731633 0 0 0
1219 -206 85 52 522566 0 0 0
1470 -174 35 132 449127 0 0 0
691 1398 6 72 184959 0 0 0
313 -784 98 5 775734 0 0 0
-1113 1331 139 50 489238 0 0 0
-1141 601 79 27 211398 0 0 0
850 -417 56 72 395034 0 0 0
-786 475 105 4 647061 0 0 0
-1337 1478 86 5 639063 0 0 0
239 1291 120 77 727300 0 0 0
-912 411 152 9 426402 0 0 0
-96 -1268 117 108 280071 0 0 0
642 1687 18 84 515559 0 0 0
379 1375 140 135 975080 0 0 0
1488 1420 42 144 359539 0 0 0
926 -484 75 6 105180 0 0 0
1504 -1440 121 15 830152 0 0 0
-223 -479 20 143 821703 0 0 0
-1137 -1317 27 105 569038 0 0 0
-837 -1380 123 144 605618 0 0 0
549 997 106 120 214654 0 0 0
561 -1477 101 117 414123 0 0 0
-1650 -1517 41 20 577722 0 0 0
906 361 29 118 175764 0 0 0
310 1278 151 122 200196 0 0 0
1176 -780 125 60 573621 0 0 0
407 -97 115 32 804214 0 0 0
-186 662 155 108 341875 0 0 0
-640 1473 16 32 427978 0 0 0
-1444 -860 28 135 415527 0 0 0
-328 -1433 110 78 382032 0 0 0
-530 459 78 140 725223 0 0 0
1023 649 156 55 651905 0 0 0
-1223 1579 102 23 300960 0 0 0
-1436 1029 1 38 579399 0 0 0
-956 -973 102 57 250786 0 0 0
-1260 1613 92 79 816686 0 0 0
911 523 131 8 181804 0 0 0
-16 980 74 112 838222 0 0 0
-212 1574 120 4 337876 0 0 0
1516 240 37 10 371138 0 0 0
1317 985 8 108 644632 0 0 0
1434 -1593 102 12 271088 0 0 0
263 970 21 147 554347 0 0 0
-1177 -1529 8 60 943942 0 0 0
-258 -1118 144 64 442180 0 0 0
-717 1010 56 115 351257 0 0 0
-648 -1516 156 84 552862 0 0 0
694 -800 2 56 763926 0 0 0
862 1373 145 106 266770 0 0 0
1610 -495 105 2 340576 0 0 0
-577 959 15 62 541872 0 0 0
-1316 561 35 70 470873 0 0 0
-76 -1267 41 35 978364 0 0 0
649 938 43 112 178426 0 0 0
545 -579 6 117 266111 0 0 0
-1502 -1439 67 57 922226 0 0 0
533 1082 62 98 625123 0 0 0
-337 1118 32 65 184457 0 0 0
1528 1238 49 60 583948 0 0 0
-1464 179 72 81 973146 0 0 0
-579 1333 3 1 850480 0 0 0
-384 -165 36 41 732524 0 0 0
-1265 998 135 109 770458 0 0 0
1673 381 109 10 203313 0 0 0
1629 -1520 71 94 445177 0 0 0
1038 -1266 79 85 514749 0 0 0
342 -882 111 88 690838 0 0 0
855 283 141 80 497179 0 0 0
-682 -704 1 25 340986 0 0 0
-1044 -945 158 94 410728 0 0 0
-196 -219 36 137 765906 0 0 0
-622 802 145 84 340266 0 0 0
-676 -595 40 146 219086 0 0 0
-1015 86 152 77 709662 0 0 0
1537 412 157 116 852979 0 0 0
919 -898 105 57 794490 0 0 0
901 -1013 2 43 707093 0 0 0
-1066 -146 113 29 759339 0 0 0
847 800 58 10 357349 0 0 0
-1291 -805 108 108 725013 0 0 0
310 777 44 138 491708 0 0 0
864 612 104 12 503407 0 0 0
-723 1465 93 16 662361 0 0 0
-195 -1598 58 83 139690 0 0 0
274 76 96 19 896369 0 0 0
568 -94 112 55 118002 0 0 0
1231 707 135 48 418420 0 0 0
-1484 300 13 102 907149 0 0 0
-700 857 49 132 606297 0 0 0
-1286 -453 63 135 707232 0 0 0
-1613 -634 13 54 973597 0 0 0
429 -113 51 58 458090 0 0 0
1674 -576 142 118 419518 0 0 0
66 -1281 94 59 710433 0 0 0
126 688 110 132 101866 0 0 0
-1280 836 118 120 808620 0 0 0
-1073 -147 120 143 910427 0 0 0
138 -617 106 33 904740 0 0 0
1022 209 96 114 451255 0 0 0
-1398 -819 128 105 658421 0 0 0
370 -1108 126 86 571178 0 0 0
70 -1149 143 114 628002 0 0 0
-1346 -1021 155 74 933604 0 0 0
1407 -1316 97 120 507528 0 0 0
1548 -1490 63 129 605607 0 0 0
-457 -1004 64 114 691841 0 0 0
1471 -490 98 101 604313 0 0 0
-353 1687 19 144 455283 0 0 0
402 -1287 8 61 505259 0 0 0
-645 -1105 21 40 182050 0 0 0
386 20 32 80 143394 0 0 0
248 -496 58 131 784809 0 0 0
1104 -1685 46 108 724022 0 0 0
1192 29 52 138 652489 0 0 0
1127 236 22 106 329607 0 0 0
-137 66 65 99 888575 0 0 0
-287 -1428 90 14 414028 0 0 0
-382 1693 121 16 103639 0 0 0
-1533 1275 141 93 761861 0 0 0
459 -663 152 132 727031 0 0 0
115 -147 72 80 578284 0 0 0
231 -1011 43 92 352127 0 0 0
-131 373 124 70 326671 0 0 0
-1465 872 12 16 839105 0 0 0
-763 -1676 12 63 539617 0 0 0
-1570 -1362 20 148 556488 0 0 0
-1018 -1421 65 126 494772 0 0 0
84 148 108 110 712560 0 0 0
942 -1257 112 47 151642 0 0 0
445 -1452 28 74 160232 0 0 0
-1301 933 72 86 350746 0 0 0
1644 364 53 100 772403 0 0 0
-632 -556 158 41 293407 0 0 0
-1370 -1670 43 109 465657 0 0 0
-781 -656 129 128 480528 0 0 0
-1313 -231 141 98 567175 0 0 0
-1609 -1299 67 87 502733 0 0 0
140 1098 73 80 515044 0 0 0
-1625 1514 97 148 672642 0 0 0
-339 1073 143 47 550124 0 0 0
540 -470 75 52 758504 0 0 0
806 115 120 144 408685 0 0 0
498 -1144 25 110 988644 0 0 0
1264 -46 151 91 994330 0 0 0
360 -763 1 103 116701 0 0 0
624 -1622 41 132 987256 0 0 0
-662 1611 52 13 353456 0 0 0
-166 -580 130 112 335797 0 0 0
1482 -1535 70 9 647896 0 0 0
-563 -1355 76 86 276259 0 0 0
871 -807 114 6 988797 0 0 0
201 991 111 31 542064 0 0 0
934 -440 100 25 854746 0 0 0
-1251 1209 32 103 450207 0 0 0
-243 1546 67 103 807774 0 0 0
1464 -1168 27 100 180582 0 0 0
-536 1696 113 96 754168 0 0 0
-1383 -535 51 70 339531 0 0 0
-686 -799 145 86 717902 0 0 0
-1242 771 38 29 664342 0 0 0
-1432 -296 84 79 592391 0 0 0
1166 488 10 31 748400 0 0 0
115 741 147 83 949770 0 0 0
354 792 24 117 755476 0 0 0
861 959 106 53 211902 0 0 0
-820 -315 146 11 393541 0 0 0
-1508 -818 5 22 422126 0 0 0
-1546 1195 161 40 312596 0 0 0
1322 -688 135 100 303339 0 0 0
633 237 16 81 471907 0 0 0
-16 -1555 145 77 725743 0 0 0
980 714 70 35 607241 0 0 0
-276 729 65 54 816679 0 0 0
1604 -1429 21 145 854501 0 0 0
-602 -787 142 52 519029 0 0 0
-1031 -1056 102 23 871929 0 0 0
1430 939 110 94 289272 0 0 0
-238 -75 63 40 786635 0 0 0
-1630 1226 82 137 670243 0 0 0
-506 -503 94 44 934698 0 0 0
1623 1209 8 61 222014 0 0 0
753 1504 32 8 440652 0 0 0
1560 -1361 3 27 742011 0 0 0
-946 -659 97 133 645930 0 0 0
-1378 1486 48 38 516221 0 0 0
-276 799 99 43 240689 0 0 0
-1214 1139 108 66 285480 0 0 0
830 969 155 101 229240 0 0 0
-322 -1375 12 37 157697 0 0 0
1634 -1271 96 82 296049 0 0 0
1271 -1138 80 105 944105 0 0 0
-1041 755 159 130 524819 0 0 0
-137 255 6 81 390111 0 0 0
168 1068 112 106 916714 0 0 0
1023 -1478 36 117 553757 0 0 0
801 -1250 138 123 377951 0 0 0
618 417 28 141 345866 0 0 0
-1276 1031 17 41 861730 0 0 0
-843 -836 65 57 584764 0 0 0
1566 -266 136 24 573954 0 0 0
1629 -527 43 137 379912 0 0 0
1150 1444 38 41 641662 0 0 0
926 1440 58 72 217224 0 0 0
-780 659 84 90 112441 0 0 0
-1267 -84 119 97 455096 0 0 0
5 -1629 18 16 359217 0 0 0
-1214 -1112 129 111 811033 0 0 0
-558 1555 104 107 963422 0 0 0
1261 -626 47 7 161625 0 0 0
-258 1177 19 99 426219 0 0 0
584 1691 160 39 362915 0 0 0
-244 1424 148 28 196246 0 0 0
3 223 160 107 212329 0 0 0
-152 1331 57 27 864508 0 0 0
-49 -1553 49 124 657025 0 0 0
1245 -1539 72 120 329769 0 0 0
149 -14 62 25 123105 0 0 0
-817 100 13 5 564823 0 0 0
361 -1399 82 24 338453 0 0 0
-1450 1662 120 148 239503 0 0 0
1538 703 45 125 459922 0 0 0
-1587 806 101 121 814806 0 0 0
-1501 906 24 16 426855 0 0 0
810 -359 92 11 950621 0 0 0
-781 680 4 119 617419 0 0 0
41 1455 109 4 659102 0 0 0
910 594 125 133 596778 0 0 0
1093 1574 44 21 817724 0 0 0
-1510 -913 90 52 746224 0 0 0
-1260 1261 124 34 920643 0 0 0
1325 1388 63 88 519601 0 0 0
-1376 289 130 80 106212 0 0 0
-940 -1216 32 35 389460 0 0 0
1101 -570 90 106 899591 0 0 0
-314 -301 77 125 118394 0 0 0
1687 1475 132 51 239021 0 0 0
-460 -335 105 110 531098 0 0 0
1668 -238 94 80 335416 0 0 0
19 -1507 15 103 851392 0 0 0
-401 -1599 81 89 187110 0 0 0
-1143 -58 79 89 458401 0 0 0
-1076 1511 91 96 571618 0 0 0
-759 309 157 72 579361 0 0 0
-1329 344 28 37 580489 0 0 0
1457 -1584 135 56 827699 0 0 0
-300 1539 132 91 724406 0 0 0
1569 -1361 1 145 112126 0 0 0
-447 -547 127 94 264711 0 0 0
-1695 -832 121 116 791393 0 0 0
417 130 50 61 719995 0 0 0
182 -1337 75 73 491112 0 0 0
-999 1212 149 109 669389 0 0 0
-488 630 105 62 856212 0 0 0
672 1077 52 100 921356 0 0 0
345 1380 84 59 337831 0 0 0
743 1042 146 68 166508 0 0 0
1035 -440 79 132 987264 0 0 0
968 169 106 69 220564 0 0 0
929 898 124 57 233805 0 0 0
-311 -430 129 16 655078 0 0 0
500 1347 104 89 166201 0 0 0
207 -1512 115 106 375963 0 0 0
58 169 70 72 531188 0 0 0
1343 614 101 125 167915 0 0 0
398 1004 104 68 704341 0 0 0
-1654 44 54 89 173472 0 0 0
-53 458 98 40 380437 0 0 0
215 -1392 18 122 508691 0 0 0
1116 496 122 7 177589 0 0 0
986 -1477 51 135 754429 0 0 0
998 746 126 106 313085 0 0 0
-122 -31 121 36 441479 0 0 0
1478 -1377 31 11 903809 0 0 0
910 -125 85 13 568598 0 0 0
98 -95 101 89 467774 0 0 0
-625 1511 4 61 572741 0 0 0
-258 -782 86 112 693815 0 0 0
980 -882 9 92 547822 0 0 0
630 1343 10 143 938558 0 0 0
113 1648 126 6 151099 0 0 0
1317 721 48 4 899112 0 0 0
1143 -989 8 87 694907 0 0 0
-1431 1134 9 44 184378 0 0 0
411 -508 74 43 644456 0 0 0
34 -499 135 114 102206 0 0 0
202 -1307 155 99 822080 0 0 0
-1238 644 56 54 593557 0 0 0
-1268 611 74 27 727253 0 0 0
-536 211 38 98 424005 0 0 0
-353 960 96 47 981074 0 0 0
1635 864 123 94 260820 0 0 0
775 1425 82 136 667164 0 0 0
-1191 -991 35 80 345366 0 0 0
-413 83 51 37 924506 0 0 0
-879 -468 86 134 430320 0 0 0
1330 74 123 96 384835 0 0 0
-57 -539 149 32 386258 0 0 0
859 134 119 52 638087 0 0 0
-319 -433 7 61 476243 0 0 0
1645 321 96 141 599082 0 0 0
1089 1189 53 48 840901 0 0 0
-281 1071 115 52 861891 0 0 0
1320 788 106 95 122749 0 0 0
-1553 -1545 75 62 118543 0 0 0
-1248 450 98 79 174756 0 0 0
433 -618 37 50 439542 0 0 0
210 1178 130 56 674724 0 0 0
-1235 1110 97 71 897676 0 0 0
1151 158 105 137 862420 0 0 0
-495 128 97 42 385158 0 0 0
-349 202 50 65 981025 0 0 0
1102 1135 13 90 954073 0 0 0
-1592 -764 94 8 171852 0 0 0
920 931 95 27 258397 0 0 0
884 -1471 64 147 996438 0 0 0
1489 -1429 128 124 551771 0 0 0
1409 -614 119 104 721621 0 0 0
-225 1673 34 111 108168 0 0 0
-860 -505 121 104 176153 0 0 0
1381 415 138 80 915167 0 0 0
1064 -1667 103 140 914758 0 0 0
-835 667 127 68 150388 0 0 0
1222 164 93 82 945735 0 0 0
199 -1569 100 112 871016 0 0 0
-730 245 161 78 281000 0 0 0
432 255 150 49 212025 0 0 0
382 91 32 38 733676 0 0 0
-587 -731 82 56 594927 0 0 0
969 81 128 62 408953 0 0 0
-419 -1480 28 9 802913 0 0 0
-66 966 140 71 940256 0 0 0
1618 -1037 48 119 924505 0 0 0
16 -70 24 90 640129 0 0 0
-1259 1513 17 14 693073 0 0 0
1582 836 159 31 128214 0 0 0
-977 -584 57 137 636243 0 0 0
-1278 1156 156 123 480981 0 0 0
1182 993 142 105 810317 0 0 0
-245 -652 50 140 690786 0 0 0
672 -1312 35 22 763107 0 0 0
1118 1540 125 104 265900 0 0 0
687 1488 152 61 183108 0 0 0
1248 635 90 74 262114 0 0 0
-247 778 132 39 455697 0 0 0
-1077 -982 18 99 345255 0 0 0
-238 -1237 86 109 616016 0 0 0
1240 -859 50 30 658078 0 0 0
1390 1099 126 141 390384 0 0 0
-1336 -1346 78 103 130241 0 0 0
-1496 -156 102 93 359548 0 0 0
292 1188 111 62 892545 0 0 0
640 -1006 59 72 793995 0 0 0
1494 988 91 84 179547 0 0 0
338 -737 157 104 581251 0 0 0
732 1257 125 127 684200 0 0 0
196 1597 27 28 346514 0 0 0
-1650 -229 89 137 317709 0 0 0
-1655 -1011 84 14 855678 0 0 0
59 828 132 35 200357 0 0 0
-1146 1681 76 13 768611 0 0 0
-589 380 72 20 361897 0 0 0
1440 -253 113 1 177505 0 0 0
-176 328 153 31 878672 0 0 0
-330 225 148 95 678369 0 0 0
1587 -1430 116 14 184248 0 0 0
-901 -150 37 129 432475 0 0 0
-1213 946 25 21 606141 0 0 0
676 663 86 61 782200 0 0 0
-1622 927 79 1 586449 0 0 0
1329 -1495 161 96 170715 0 0 0
1076 1345 9 115 705465 0 0 0
-777 1644 71 120 589780 0 0 0
-298 1143 114 61 779440 0 0 0
1548 1553 41 109 958617 0 0 0
-1265 1368 12 91 997387 0 0 0
150 356 91 40 813742 0 0 0
1435 493 87 80 397330 0 0 0
-792 -1361 120 37 111327 0 0 0
1105 210 104 100 241287 0 0 0
-754 679 53 99 992916 0 0 0
563 -1328 150 48 569224 0 0 0
1153 1305 146 132 447893 0 0 0
-1648 -638 95 61 512281 0 0 0
1329 980 147 41 406753 0 0 0
798 895 111 125 790291 0 0 0
16 1286 129 14 913324 0 0 0
-147 430 40 145 589828 0 0 0
-962 -962 93 50 243001 0 0 0
1662 1628 21 12 904897 0 0 0
1188 324 12 145 233927 0 0 0
-564 132 87 140 917331 0 0 0
-916 1459 140 105 799494 0 0 0
-866 106 34 25 436811 0 0 0
-985 279 41 142 489429 0 0 0
-1195 -1477 75 108 131771 0 0 0
188 -1370 37 7 651292 0 0 0
1603 -338 159 16 143956 0 0 0
814 -1020 112 21 391021 0 0 0
-521 615 156 94 176168 0 0 0
509 4 21 9 576478 0 0 0
790 -1195 30 117 233622 0 0 0
-1013 982 46 109 109757 0 0 0
1699 -79 132 93 751819 0 0 0
673 219 105 113 637260 0 0 0
834 1456 118 143 713645 0 0 0
-1571 1698 138 131 753352 0 0 0
-1142 -581 124 17 902793 0 0 0
431 1210 139 76 953252 0 0 0
375 1155 123 28 642294 0 0 0
1329 -240 112 6 984357 0 0 0
1309 263 137 78 707534 0 0 0
457 190 44 94 482641 0 0 0
-343 -368 130 109 177479 0 0 0
308 -1471 74 82 639133 0 0 0
-1209 1507 62 49 754054 0 0 0
-449 -1290 64 22 908546 0 0 0
-726 -913 102 16 671005 0 0 0
-698 209 151 82 803411 0 0 0
-137 14 21 113 260625 0 0 0
1070 236 56 40 242530 0 0 0
975 197 99 31 433821 0 0 0
408 791 68 8 214233 0 0 0
-1092 813 14 4 630067 0 0 0
238 919 123 37 383171 0 0 0
49 -1308 13 48 669966 0 0 0
817 -417 43 64 749329 0 0 0
877 -1498 123 110 123718 0 0 0
-174 -1188 67 25 128299 0 0 0
-985 1454 136 3 168396 0 0 0
1360 1576 60 71 780801 0 0 0
-1514 114 4 23 951757 0 0 0
-224 777 142 59 837875 0 0 0
-717 -756 55 107 216710 0 0 0
-1396 1669 142 70 124311 0 0 0
-1265 295 46 71 491928 0 0 0
-836 65 41 25 786430 0 0 0
58 248 10 14 639771 0 0 0
1238 1350 134 112 889178 0 0 0
-1675 -28 21 120 187064 0 0 0
-1122 1676 18 129 473289 0 0 0
85 -396 104 58 825960 0 0 0
741 1571 66 12 205102 0 0 0
0 398 155 82 709120 0 0 0
-1394 1154 153 137 447778 0 0 0
1111 1608 70 140 949520 0 0 0
-452 -195 4 138 872446 0 0 0
-488 -823 34 7 337964 0 0 0
916 -198 44 72 737167 0 0 0
-1646 -387 57 108 938632 0 0 0
684 1390 39 42 933027 0 0 0
-1098 537 108 121 556679 0 0 0
-611 657 60 76 828026 0 0 0
250 -642 10 72 122546 0 0 0
803 -951 144 99 948177 0 0 0
1395 1392 157 93 514693 0 0 0
1095 1276 96 1 724092 0 0 0
-889 1583 34 118 606494 0 0 0
-211 1491 6 59 924528 0 0 0
-364 444 155 14 124996 0 0 0
-128 -663 40 36 704173 0 0 0
542 64 56 129 149987 0 0 0
1198 -1586 144 79 496976 0 0 0
284 -620 42 58 462106 0 0 0
1082 -280 4 58 469580 0 0 0
1423 1429 88 100 554581 0 0 0
488 -168 132 119 469827 0 0 0
-1664 157 49 51 339086 0 0 0
-873 175 119 12 651804 0 0 0
184 771 47 70 596914 0 0 0
687 1467 80 118 440890 0 0 0
77 -1013 29 91 842987 0 0 0
1615 758 60 46 494205 0 0 0
1227 -1692 14 68 304331 0 0 0
886 -1103 30 84 118410 0 0 0
215 -964 43 35 877546 0 0 0
867 -526 128 27 888913 0 0 0
-1131 -1284 20 84 180858 0 0 0
1433 -208 74 103 681346 0 0 0
-132 -568 120 124 721524 0 0 0
-1009 -766 99 20 168512 0 0 0
-589 581 104 54 237600 0 0 0
-381 -1654 137 147 911829 0 0 0
609 875 55 34 828392 0 0 0
-653 -1078 43 148 260951 0 0 0
881 -33 48 114 193054 0 0 0
-1240 678 3 62 829152 0 0 0
-1002 -743 61 67 891440 0 0 0
1272 1388 106 95 830822 0 0 0
-58 -1517 72 66 896558 0 0 0
-1586 368 61 133 746096 0 0 0
1686 198 13 9 137378 0 0 0
1078 -587 98 77 406336 0 0 0
-224 1109 35 58 772841 0 0 0
-1155 -360 151 23 944001 0 0 0
233 -717 145 105 528646 0 0 0
-306 -1450 122 105 292336 0 0 0
1556 -214 55 124 851660 0 0 0
-1664 51 49 117 962312 0 0 0
-593 1596 75 45 470197 0 0 0
-1516 9 111 116 907136 0 0 0
-970 442 118 94 892661 0 0 0
768 1095 148 97 793528 0 0 0
1261 1622 40 89 604677 0 0 0
-283 914 74 125 567215 0 0 0
-898 -464 93 70 667924 0 0 0
1034 305 129 10 770298 0 0 0
-380 -861 135 51 735053 0 0 0
-1262 -998 93 39 884656 0 0 0
-1116 -606 77 30 473048 0 0 0
656 1676 81 99 203638 0 0 0
-57 -497 71 57 572313 0 0 0
903 1446 151 54 651548 0 0 0
-1149 1065 82 29 412814 0 0 0
688 710 146 46 311851 0 0 0
-1466 161 31 45 523828 0 0 0
1643 -207 48 39 650927 0 0 0
-576 104 158 139 586188 0 0 0
402 -321 12 67 339541 0 0 0
-396 620 98 18 424338 0 0 0
-158 -684 72 47 744220 0 0 0
1422 -32 69 117 632649 0 0 0
1490 -1588 160 20 540439 0 0 0
34 -868 159 104 123521 0 0 0
-1499 853 138 82 356868 0 0 0
1389 1240 95 108 399111 0 0 0
970 437 147 132 271957 0 0 0
-900 1680 6 25 729071 0 0 0
844 68 90 92 489225 0 0 0
181 -300 100 147 300805 0 0 0
325 -1252 26 105 698168 0 0 0
653 -246 80 129 948520 0 0 0
-1122 1359 96 138 731170 0 0 0
831 1349 98 67 414173 0 0 0
-576 -520 147 135 989329 0 0 0
-257 95 136 36 883826 0 0 0
1435 -974 77 102 146089 0 0 0
-1402 925 50 142 929208 0 0 0
1023 1317 99 40 538058 0 0 0
-347 543 107 123 331012 0 0 0
-498 1668 147 52 992607 0 0 0
-320 101 31 103 169857 0 0 0
877 627 53 59 671842 0 0 0
-111 1506 145 28 361061 0 0 0
-479 -553 30 63 628297 0 0 0
-497 258 112 100 195062 0 0 0
1508 1517 21 105 726571 0 0 0
-1310 -90 38 123 529706 0 0 0
-917 -1694 21 57 686617 0 0 0
-1290 1397 126 47 299188 0 0 0
290 -1319 74 69 480126 0 0 0
358 778 152 29 602620 0 0 0
475 -1359 75 147 186371 0 0 0
-1116 -1677 50 54 216804 0 0 0
-1403 1381 111 92 389813 0 0 0
713 -1392 23 83 679330 0 0 0
458 -166 109 126 785595 0 0 0
-268 -1202 39 25 108949 0 0 0
-752 1624 126 127 969298 0 0 0
1373 129 104 110 465672 0 0 0
1425 439 84 134 537191 0 0 0
145 719 141 33 446895 0 0 0
193 160 86 127 485171 0 0 0
666 1413 19 6 344402 0 0 0
855 212 136 15 837172 0 0 0
-1237 456 31 6 151526 0 0 0
-1063 1555 45 105 955290 0 0 0
-249 717 151 34 799865 0 0 0
1293 5 136 28 689630 0 0 0
198 911 66 14 978901 0 0 0
231 -1118 15 22 156644 0 0 0
528 -691 125 14 135642 0 0 0
-1424 961 1 82 806510 0 0 0
233 1505 11 109 762138 0 0 0
-827 -1299 136 73 716985 0 0 0
0 -480 45 74 654955 0 0 0
848 644 13 81 146809 0 0 0
1575 -93 2 27 151681 0 0 0
1432 -1041 123 51 327192 0 0 0
250 -1341 104 68 665510 0 0 0
-438 -608 131 123 143473 0 0 0
1241 722 14 68 697255 0 0 0
-360 1000 149 148 417680 0 0 0
907 280 89 78 546576 0 0 0
-1692 508 70 39 974084 0 0 0
-1372 -958 133 4 243367 0 0 0
1055 -1036 147 119 802457 0 0 0
-1339 -127 26 116 171400 0 0 0
923 1461 135 17 364550 0 0 0
-436 26 35 24 536649 0 0 0
-876 -473 92 66 982915 0 0 0
-589 1236 75 140 868961 0 0 0
-568 864 10 121 460103 0 0 0
-254 1013 7 11 657007 0 0 0
-170 862 67 14 328747 0 0 0
341 -730 150 121 509767 0 0 0
-1151 707 106 121 500205 0 0 0
-953 753 57 30 196810 0 0 0
-168 -1315 77 116 837250 0 0 0
-581 -1271 98 143 307348 0 0 0
-1463 -115 3 28 676089 0 0 0
-377 958 3 145 764645 0 0 0
-356 75 25 94 264128 0 0 0
1067 -24 57 26 401990 0 0 0
856 744 90 5 432918 0 0 0
-908 -1379 127 130 435732 0 0 0
-1352 -136 52 43 432666 0 0 0
65 -1573 32 57 504382 0 0 0
1204 397 54 140 715938 0 0 0
855 -708 92 143 974419 0 0 0
-358 -585 22 111 301122 0 0 0
1437 -1222 125 31 817317 0 0 0
-489 374 51 94 674623 0 0 0
1311 -220 86 68 609546 0 0 0
1273 1078 80 35 729265 0 0 0
-1224 935 107 131 422460 0 0 0
1128 1187 68 20 343180 0 0 0
-757 530 35 58 609387 0 0 0
1487 843 116 40 307636 0 0 0
240 253 60 78 138568 0 0 0
460 192 94 104 511798 0 0 0
1587 -527 59 48 535049 0 0 0
863 -145 102 109 304932 0 0 0
1287 -827 94 117 201421 0 0 0
-490 -1454 41 138 138579 0 0 0
801 -1372 82 88 161860 0 0 0
-1394 -1265 65 93 630244 0 0 0
1088 -236 125 78 360090 0 0 0
-816 -1460 117 95 504043 0 0 0
564 277 15 66 655457 0 0 0
-759 -916 6 2 355736 0 0 0
1683 -694 158 33 113023 0 0 0
-246 194 97 101 488106 0 0 0
-1079 -246 46 143 272460 0 0 0
1310 685 71 23 372827 0 0 0
1550 -1242 86 82 632071 0 0 0
1582 325 17 66 298614 0 0 0
-48 -189 3 52 950915 0 0 0
-1664 700 94 109 457785 0 0 0
-1124 970 156 16 615133 0 0 0
303 -1082 58 94 869763 0 0 0
1630 -54 100 121 482009 0 0 0
1195 761 48 95 706818 0 0 0
1454 -238 110 10 667182 0 0 0
637 1681 160 68 235255 0 0 0
1347 221 109 50 872256 0 0 0
-490 1445 23 73 217607 0 0 0
-461 -135 121 64 771973 0 0 0
1146 1684 128 35 718107 0 0 0
-1613 1060 41 19 934667 0 0 0
1408 -1022 54 13 775280 0 0 0
-1002 -1694 27 113 475741 0 0 0
-772 -588 76 86 908238 0 0 0
-416 -54 8 136 535968 0 0 0
-1369 -822 10 129 336179 0 0 0
-938 252 18 90 814275 0 0 0
-481 -1602 86 135 717012 0 0 0
-1526 -298 133 139 840156 0 0 0
1001 119 68 25 459733 0 0 0
1480 466 113 134 273972 0 0 0
-607 -1638 88 50 246053 0 0 0
-1417 -1640 10 101 926120 0 0 0
164 -1003 109 34 160500 0 0 0
-371 1300 98 45 688228 0 0 0
733 767 104 141 293201 0 0 0
-756 -346 68 50 739258 0 0 0
-151 891 39 131 392868 0 0 0
-1175 31 108 120 383824 0 0 0
1563 98 126 130 949742 0 0 0
1182 243 144 66 322172 0 0 0
-471 822 89 15 177836 0 0 0
1064 1042 46 9 133479 0 0 0
-114 1477 97 78 308237 0 0 0
-923 -798 126 61 661436 0 0 0
-1487 -1417 50 27 885650 0 0 0
474 -518 48 136 608726 0 0 0
-1192 855 84 2 866761 0 0 0
1107 -1590 74 91 714942 0 0 0
704 -410 140 112 409257 0 0 0
-403 -1410 150 104 772077 0 0 0
-226 753 34 6 557436 0 0 0
-756 1698 98 129 188130 0 0 0
776 1589 86 69 771273 0 0 0
158 1082 35 3 424590 0 0 0
-1327 1077 13 13 659866 0 0 0
1075 -485 65 14 995481 0 0 0
107 480 48 106 665669 0 0 0
-84 -1091 54 15 718488 0 0 0
1189 711 132 121 201724 0 0 0
-1658 516 109 142 382952 0 0 0
-1245 26 106 104 622922 0 0 0
-400 -1267 79 80 876521 0 0 0
-1010 -1547 135 114 661094 0 0 0
117 845 42 92 316861 0 0 0
1168 -1213 146 74 355396 0 0 0
-802 -1499 137 122 621450 0 0 0
1250 -525 157 25 629564 0 0 0
-1141 -90 86 119 197825 0 0 0
-1139 -1286 25 93 407957 0 0 0
-351 -263 78 22 958595 0 0 0
724 668 30 120 328265 0 0 0
1491 172 90 5 898004 0 0 0
220 -1102 17 30 438281 0 0 0
1012 676 31 82 852233 0 0 0
-1444 -701 130 32 872809 0 0 0
-1118 1482 32 119 927539 0 0 0
1618 -285 6 120 866392 0 0 0
-1426 -1343 12 6 634999 0 0 0
-1132 -852 48 18 778491 0 0 0
814 -335 96 36 109011 0 0 0
-10 1449 7 41 956379 0 0 0
-620 1341 74 18 145464 0 0 0
-1689 420 114 102 207088 0 0 0
1557 -26 137 104 749417 0 0 0
-151 -1373 14 143 453968 0 0 0
-69 466 65 13 392934 0 0 0
886 1068 39 135 282412 0 0 0
-630 1198 22 61 864048 0 0 0
1087 441 9 147 241908 0 0 0
240 -898 137 37 337499 0 0 0
-1344 -26 159 88 541151 0 0 0
-215 -1156 22 26 296270 0 0 0
-1563 584 122 20 742495 0 0 0
-249 1421 4 54 686956 0 0 0
398 -860 54 94 354857 0 0 0
1030 638 97 38 392174 0 0 0
-1325 -1473 144 20 585729 0 0 0
1262 729 19 28 213185 0 0 0
149 -1275 65 58 437798 0 0 0
680 -1037 140 58 999842 0 0 0
-1422 699 50 7 360386 0 0 0
-601 747 159 139 668981 0 0 0
-924 1020 76 56 230352 0 0 0
246 -424 153 34 567957 0 0 0
-325 -91 77 116 428612 0 0 0
-723 -1533 56 8 856223 0 0 0
1672 5 103 147 103646 0 0 0
-1566 1357 93 143 440695 0 0 0
-1043 -1357 116 39 143949 0 0 0
888 685 144 61 482138 0 0 0
1149 -942 7 83 264201 0 0 0
-1415 -915 16 51 470496 0 0 0
-623 319 139 57 211378 0 0 0
-392 -759 77 36 582990 0 0 0
1162 886 24 44 102496 0 0 0
-94 927 132 108 366300 0 0 0
649 798 83 125 821864 0 0 0
-2 -430 149 14 492086 0 0 0
664 -391 83 21 678048 0 0 0
749 886 3 45 581689 0 0 0
-980 -1665 2 15 914719 0 0 0
-199 -1488 155 22 382795 0 0 0
129 1539 37 40 198290 0 0 0
-855 466 65 106 174013 0 0 0
-980 -1148 52 17 312465 0 0 0
-140 -1110 106 96 587002 0 0 0
-591 1198 37 106 545028 0 0 0
1339 -1651 72 136 376556 0 0 0
1391 584 55 49 913248 0 0 0
-1220 1448 121 27 602925 0 0 0
-1658 1629 4 108 681456 0 0 0
213 807 97 16 486939 0 0 0
658 -321 124 7 283155 0 0 0
684 220 24 91 126459 0 0 0
894 -508 124 30 245971 0 0 0
-389 -1107 80 28 417133 0 0 0
-898 150 9 32 607702 0 0 0
797 1548 119 110 922461 0 0 0
-1310 -969 3 116 620481 0 0 0
1340 886 82 47 188326 0 0 0
1088 1613 147 129 426061 0 0 0
964 486 58 93 575308 0 0 0
807 1329 143 108 198339 0 0 0
1665 -790 155 118 938136 0 0 0
208 -1068 154 43 148578 0 0 0
790 -451 108 62 823460 0 0 0
-306 -1107 31 119 635604 0 0 0
-665 1616 90 25 677395 0 0 0
-1363 -1455 158 65 788447 0 0 0
-915 551 124 145 174288 0 0 0
-697 -777 137 103 822484 0 0 0
-1017 -1314 1 134 108055 0 0 0
-485 -588 85 139 751245 0 0 0
-329 757 94 139 549543 0 0 0
641 650 159 75 148443 0 0 0
1536 1404 61 24 164927 0 0 0
-1257 -1679 107 97 602377 0 0 0
1579 -1568 132 24 577726 0 0 0
1156 1201 118 64 686620 0 0 0
-975 -470 118 11 624527 0 0 0
924 53 50 36 899087 0 0 0
-687 421 2 144 565360 0 0 0
-93 -1660 71 25 808713 0 0 0
939 218 109 26 870638 0 0 0
284 -224 38 79 620005 0 0 0
206 -1341 13 42 879603 0 0 0
-1678 -10 39 121 433295 0 0 0
1469 -1082 103 89 532029 0 0 0
1224 784 150 33 950146 0 0 0
-1183 61 67 39 447136 0 0 0
877 1587 26 111 387281 0 0 0
144 -939 156 119 761707 0 0 0
-472 -902 17 66 131810 0 0 0
841 -98 105 84 284582 0 0 0
-1648 -114 39 34 180345 0 0 0
-678 36 130 32 911985 0 0 0
1225 -296 143 56 720808 0 0 0
1012 -1024 85 87 935802 0 0 0
-517 -45 95 140 570618 0 0 0
268 1252 116 86 200741 0 0 0
1303 -1014 11 36 863866 0 0 0
-115 -285 102 82 846940 0 0 0
873 1115 65 6 776840 0 0 0
1359 451 17 130 220720 0 0 0
-1354 -787 156 15 784891 0 0 0
643 1325 14 110 148593 0 0 0
-1360 -466 75 53 546934 0 0 0
877 506 155 82 233538 0 0 0
-156 -66 110 66 487488 0 0 0
-464 762 155 28 243192 0 0 0
28 4 2 143 284542 0 0 0
936 30 154 111 233549 0 0 0
422 -435 105 71 888381 0 0 0
527 917 25 15 666779 0 0 0
1133 -964 145 110 705874 0 0 0
1308 -31 126 82 754667 0 0 0
-1493 -1583 103 134 518242 0 0 0
348 -1098 79 8 213522 0 0 0
1309 -220 6 104 591246 0 0 0
560 1634 156 92 368922 0 0 0
-1567 -174 102 134 541148 0 0 0
-1338 -838 52 132 826006 0 0 0
292 1540 146 90 382489 0 0 0
-1451 884 106 63 465707 0 0 0
743 1027 33 54 425380 0 0 0
776 -1694 14 72 347895 0 0 0
-1302 224 67 104 472228 0 0 0
-1516 1223 52 96 278708 0 0 0
-613 -836 5 136 882551 0 0 0
-1489 729 121 132 813128 0 0 0
-179 -962 5 115 688525 0 0 0
-841 127 35 69 712589 0 0 0
1323 -831 128 84 357826 0 0 0
1672 1358 74 11 965818 0 0 0
-797 277 78 15 584453 0 0 0
165 -204 87 130 620259 0 0 0
-83 -780 105 37 883654 0 0 0
-1442 1399 23 48 711390 0 0 0
206 -869 119 145 912768 0 0 0
361 -1509 65 7 399217 0 0 0
1263 1564 66 31 801146 0 0 0
1008 1086 44 133 199210 0 0 0
-370 925 46 24 416548 0 0 0
-670 -212 124 108 743763 0 0 0
-111 889 82 51 855140 0 0 0
363 536 74 83 333658 0 0 0
1207 452 59 112 940132 0 0 0
-129 586 23 21 527028 0 0 0
960 -1362 48 122 785144 0 0 0
82 -46 45 146 710949 0 0 0
695 -460 20 128 810809 0 0 0
-1585 -481 109 10 605590 0 0 0
-195 1365 46 28 388266 0 0 0
1299 -1290 73 31 540978 0 0 0
-170 1571 136 26 467253 0 0 0
1611 -1583 148 95 792388 0 0 0
327 -922 56 39 392216 0 0 0
-499 1172 66 12 889505 0 0 0
-561 -664 114 43 999759 0 0 0
-252 -1281 130 80 334382 0 0 0
-485 -1415 79 75 486280 0 0 0
1522 569 69 119 487389 0 0 0
401 933 13 19 944336 0 0 0
45 -1077 132 122 311332 0 0 0
-87 1248 136 9 555980 0 0 0
-469 574 158 84 364055 0 0 0
212 -47 108 122 626857 0 0 0
-990 -146 55 52 810089 0 0 0
225 -1022 102 104 144846 0 0 0
1515 -1459 14 68 677481 0 0 0
1479 1148 82 28 449597 0 0 0
198 1290 158 59 143333 0 0 0
-89 -1261 82 140 855294 0 0 0
-1683 -650 60 31 396635 0 0 0
749 1536 88 8 686544 0 0 0
-253 526 76 43 574874 0 0 0
-707 631 140 5 323836 0 0 0
-1176 231 143 126 497594 0 0 0
1597 1374 65 15 963702 0 0 0
-1550 1303 80 147 127779 0 0 0
1135 -131 104 100 654194 0 0 0
1590 -719 83 20 835510 0 0 0
846 1669 17 2 918224 0 0 0
-439 740 39 26 200534 0 0 0
861 1309 121 125 864417 0 0 0
1437 -873 147 36 663122 0 0 0
668 285 48 25 421376 0 0 0
-473 971 52 23 913476 0 0 0
-633 -194 63 54 665731 0 0 0
1386 -997 4 70 627645 0 0 0
-586 -249 125 43 174245 0 0 0
475 -1061 101 129 169219 0 0 0
1267 -474 130 117 487442 0 0 0
-1271 486 150 11 718731 0 0 0
356 -1405 82 43 444187 0 0 0
-234 732 101 5 371523 0 0 0
-668 1157 113 125 907042 0 0 0
23 95 105 57 131698 0 0 0
1138 675 122 77 692503 0 0 0
-348 273 140 47 566170 0 0 0
-1479 -169 142 20 882199 0 0 0
1104 -1481 113 114 801567 0 0 0
627 541 108 98 377211 0 0 0
281 477 86 30 440951 0 0 0
-323 -331 143 70 633612 0 0 0
-229 -1572 107 104 286783 0 0 0
954 -681 104 22 299495 0 0 0
997 1312 131 65 713371 0 0 0
590 -394 5 94 863576 0 0 0
1654 -851 78 131 699201 0 0 0
-59 -549 117 5 552547 0 0 0
761 -677 55 75 464127 0 0 0
183 530 25 82 124682 0 0 0
533 614 40 92 566262 0 0 0
671 -770 156 53 697310 0 0 0
226 -1280 94 51 972761 0 0 0
935 1040 109 113 117608 0 0 0
-85 -886 65 140 931100 0 0 0
-414 -855 76 20 150491 0 0 0
767 449 124 39 952412 0 0 0
284 -1203 88 132 744721 0 0 0
-570 1154 107 51 221288 0 0 0
828 -994 52 102 505124 0 0 0
-617 -1225 40 75 667209 0 0 0
1442 1450 144 42 333331 0 0 0
700 55 149 88 496681 0 0 0
-659 -1425 126 120 414610 0 0 0
41 -309 152 18 648465 0 0 0
349 -292 102 50 610637 0 0 0
1466 17 127 62 720166 0 0 0
615 415 60 106 850534 0 0 0
-242 1482 116 60 481075 0 0 0
-40 -1688 116 73 483558 0 0 0
778 -895 127 46 193595 0 0 0
-738 -1097 4 87 941077 0 0 0
255 863 61 67 193297 0 0 0
-1578 -1694 112 9 909450 0 0 0
-901 414 81 1 573750 0 0 0
880 646 119 70 438554 0 0 0
-1689 -636 9 39 294585 0 0 0
1048 502 146 67 244754 0 0 0
-296 1064 3 97 365894 0 0 0
-316 529 15 37 270410 0 0 0
-1637 600 100 130 624285 0 0 0
-1475 1187 10 103 287901 0 0 0
908 -1537 76 96 610042 0 0 0
1626 1272 90 112 851697 0 0 0
693 -625 129 81 236269 0 0 0
390 -1272 113 27 961212 0 0 0
-820 414 39 109 577134 0 0 0
1354 -1234 1 62 879311 0 0 0
1285 297 76 5 813287 0 0 0
1017 1023 43 130 577462 0 0 0
92 573 127 63 990206 0 0 0
569 133 3 7 608155 0 0 0
-86 -1302 130 117 269979 0 0 0
975 1387 20 27 768988 0 0 0
-1146 1273 11 58 863153 0 0 0
1638 -1414 54 63 652201 0 0 0
1228 -17 118 73 689326 0 0 0
525 151 159 43 662673 0 0 0
426 -1197 116 36 538554 0 0 0
68 -1004 34 86 754472 0 0 0
552 1038 1 22 933475 0 0 0
-589 875 159 114 202765 0 0 0
-151 1283 72 130 369984 0 0 0
44 1166 111 65 378103 0 0 0
1334 149 60 118 503282 0 0 0
-1188 863 118 29 110136 0 0 0
-321 -880 67 36 279271 0 0 0
-1475 450 7 116 277696 0 0 0
-1651 1643 129 107 730460 0 0 0
152 612 133 115 942245 0 0 0
-853 -952 70 53 471787 0 0 0
-337 337 103 29 210440 0 0 0
-1182 -1388 16 48 963964 0 0 0
-1521 1271 143 70 816987 0 0 0
-1680 969 31 11 890922 0 0 0
-798 -1176 127 122 880797 0 0 0
243 387 124 32 966252 0 0 0
-51 -177 34 119 864409 0 0 0
-180 270 82 84 669645 0 0 0
-100 1117 15 27 844685 0 0 0
191 -826 32 59 600141 0 0 0
1277 -1529 160 87 950182 0 0 0
83 1223 62 129 807699 0 0 0
-1166 -586 63 75 294292 0 0 0
-752 -615 158 138 388300 0 0 0
206 409 17 17 529282 0 0 0
1082 -692 103 86 156880 0 0 0
198 1361 154 50 788032 0 0 0
-934 455 64 67 342010 0 0 0
790 601 42 80 901417 0 0 0
1202 -578 93 65 161224 0 0 0
-903 513 21 138 994570 0 0 0
-695 554 158 111 493190 0 0 0
-1145 199 90 96 562633 0 0 0
-663 -705 123 146 722458 0 0 0
546 648 130 148 135579 0 0 0
-1524 -747 20 88 980689 0 0 0
-163 1098 10 34 239988 0 0 0
-321 69 154 81 560922 0 0 0
-814 -1483 2 50 905946 0 0 0
533 607 135 11 265449 0 0 0
892 -1486 79 116 743764 0 0 0
-641 -1259 140 16 428992 0 0 0
712 344 78 129 225985 0 0 0
-216 114 144 127 804753 0 0 0
-1240 -1223 134 63 985707 0 0 0
