1800
234 1338 2 98 978935 0 0 0
-977 -1538 80 57 326236 0 0 0
589 -311 104 136 276083 0 0 0
644 1726 71 88 767999 0 0 0
-150 1040 38 105 829989 0 0 0
1401 -351 45 4 565197 0 0 0
-313 200 137 149 188914 0 0 0
1057 -946 156 23 470267 0 0 0
4 -908 32 106 826880 0 0 0
297 1326 117 144 387594 0 0 0
-1304 112 150 123 482917 0 0 0
246 -605 67 115 995011 0 0 0
-1709 -85 154 48 517777 0 0 0
636 985 89 128 619892 0 0 0
-992 1045 80 16 848142 0 0 0
23 -655 169 17 204684 0 0 0
1527 -1466 110 35 407327 0 0 0
1612 1243 143 67 999111 0 0 0
-1679 -1348 87 73 975895 0 0 0
337 404 102 154 741117 0 0 0
1312 665 109 102 444543 0 0 0
1198 -1122 115 58 638200 0 0 0
1343 -790 33 49 610321 0 0 0
-566 -1465 54 15 674978 0 0 0
710 -1232 26 31 515758 0 0 0
1652 177 111 116 338029 0 0 0
-852 -1796 154 14 459515 0 0 0
-487 -932 128 101 447171 0 0 0
607 1472 66 74 560098 0 0 0
716 -1064 75 128 459633 0 0 0
1261 914 61 146 674893 0 0 0
-1224 -396 155 29 824712 0 0 0
323 -365 144 7 105996 0 0 0
1285 -168 38 88 360845 0 0 0
25 690 58 12 423995 0 0 0
874 11 28 130 195481 0 0 0
-524 -1299 13 136 414750 0 0 0
486 -1231 91 156 348899 0 0 0
-914 590 100 64 108240 0 0 0
91 597 146 149 233104 0 0 0
-1309 89 6 58 665431 0 0 0
345 -218 75 153 514261 0 0 0
1521 1017 68 133 765957 0 0 0
561 -320 168 95 794729 0 0 0
-995 794 17 116 635576 0 0 0
-1370 -1699 15 58 605605 0 0 0
-537 49 113 3 210204 0 0 0
-1178 768 155 144 406316 0 0 0
-1595 -1765 149 99 115066 0 0 0
1470 1779 54 65 768833 0 0 0
-872 -1626 117 73 136046 0 0 0
-199 788 36 48 462527 0 0 0
-247 85 54 89 878361 0 0 0
1719 -1147 10 82 114188 0 0 0
1285 559 86 141 441749 0 0 0
820 -347 66 80 299921 0 0 0
-524 954 11 150 308814 0 0 0
1692 -1040 34 57 883674 0 0 0
-1149 1538 32 19 476881 0 0 0
1506 -835 57 22 593079 0 0 0
-953 -1226 166 58 727227 0 0 0
1055 -604 111 96 641128 0 0 0
1316 -1308 43 136 806034 0 0 0
456 1566 7 97 282193 0 0 0
-1611 264 100 16 519768 0 0 0
-790 1053 16 109 925752 0 0 0
-1647 680 56 5 118202 0 0 0
-1171 574 63 1 745855 0 0 0
-1753 -376 124 96 440249 0 0 0
1019 -166 148 97 516351 0 0 0
-846 959 169 27 420709 0 0 0
-1733 1153 95 155 483257 0 0 0
-1365 1453 1 94 745740 0 0 0
1315 1577 155 39 250377 0 0 0
269 856 95 125 538135 0 0 0
1233 -596 52 30 489458 0 0 0
-1468 -1526 51 45 880409 0 0 0
280 303 155 84 568532 0 0 0
-712 250 92 42 993974 0 0 0
1718 1255 162 149 733705 0 0 0
1129 -78 165 37 531639 0 0 0
-130 -1373 105 17 757231 0 0 0
-141 -1685 15 113 979137 0 0 0
390 19 1 104 329160 0 0 0
-1129 1578 42 129 760247 0 0 0
-727 -598 111 135 807930 0 0 0
502 -779 94 42 900909 0 0 0
462 1038 69 14 566816 0 0 0
-715 1458 158 6 965635 0 0 0
219 -824 57 142 408484 0 0 0
-157 1788 51 60 243266 0 0 0
-355 1644 18 12 930614 0 0 0
1303 -910 13 129 581402 0 0 0
513 1311 88 136 667616 0 0 0
-1159 -1381 157 90 528766 0 0 0
-187 137 9 1 457060 0 0 0
-812 -296 22 48 348057 0 0 0
-623 1153 150 80 757769 0 0 0
-1526 274 32 45 323549 0 0 0
849 579 46 34 621628 0 0 0
-1505 -1247 35 98 773775 0 0 0
-433 467 123 81 333220 0 0 0
1107 1223 164 65 649563 0 0 0
-112 -1555 152 60 999190 0 0 0
-270 556 146 50 718700 0 0 0
155 274 73 145 856631 0 0 0
-1160 -914 25 24 556133 0 0 0
102 790 66 90 214645 0 0 0
-1508 -758 11 152 489264 0 0 0
892 1270 120 25 834166 0 0 0
-698 1547 128 15 834422 0 0 0
-983 -1363 39 56 320645 0 0 0
-478 222 54 63 831534 0 0 0
-1441 163 151 27 214048 0 0 0
-730 -258 165 41 295556 0 0 0
-1019 591 17 70 522821 0 0 0
-1305 -755 155 154 599160 0 0 0
-777 56 19 83 224716 0 0 0
-1208 -343 3 112 173901 0 0 0
-521 1654 36 5 932665 0 0 0
-1576 213 28 35 877853 0 0 0
1192 245 146 19 682639 0 0 0
396 655 88 9 177004 0 0 0
-1743 -758 58 129 897883 0 0 0
-779 -1663 82 21 933713 0 0 0
-962 -162 169 56 565284 0 0 0
-206 729 146 124 983749 0 0 0
-1065 -148 61 81 724559 0 0 0
886 1371 93 67 755674 0 0 0
-893 -1136 152 15 754616 0 0 0
-1258 -415 18 28 475839 0 0 0
-485 1049 115 122 880006 0 0 0
784 437 122 125 533289 0 0 0
-850 -938 91 87 206259 0 0 0
887 133 81 81 558675 0 0 0
62 -334 103 39 485473 0 0 0
-1321 -1600 163 38 935378 0 0 0
900 1399 166 29 801781 0 0 0
-300 -348 54 135 375692 0 0 0
-204 -479 64 88 724023 0 0 0
-1222 -1353 78 107 138967 0 0 0
291 731 143 114 581365 0 0 0
-1149 47 108 111 363963 0 0 0
1326 -1281 41 54 139322 0 0 0
-753 201 49 123 451415 0 0 0
1719 -570 148 141 576104 0 0 0
-1475 -358 79 34 997302 0 0 0
676 -1032 137 27 413638 0 0 0
710 805 58 142 291856 0 0 0
-693 245 161 124 998964 0 0 0
-859 -227 11 120 769120 0 0 0
-926 807 167 89 808787 0 0 0
1309 -821 12 124 859282 0 0 0
460 -1656 122 5 863518 0 0 0
181 1236 79 119 553783 0 0 0
-1262 -1518 90 11 253705 0 0 0
-1503 408 119 77 422343 0 0 0
-344 -905 45 110 611978 0 0 0
-1006 105 22 85 601129 0 0 0
1019 130 149 107 994255 0 0 0
1410 -1334 23 49 568818 0 0 0
813 -1675 113 124 229060 0 0 0
966 1001 60 153 747033 0 0 0
1429 -914 85 150 961525 0 0 0
-786 1252 47 20 587388 0 0 0
601 47 104 52 219815 0 0 0
1670 749 168 44 885477 0 0 0
300 -828 167 9 505983 0 0 0
-774 1199 160 86 961545 0 0 0
1121 -574 35 134 762996 0 0 0
225 -62 136 11 360769 0 0 0
-1382 1373 142 7 913826 0 0 0
345 -1115 122 153 595133 0 0 0
74 1227 132 149 297199 0 0 0
-266 -192 131 118 635276 0 0 0
-842 242 54 8 165257 0 0 0
1528 341 1 128 713838 0 0 0
1516 -162 124 142 576807 0 0 0
-787 1239 89 73 583965 0 0 0
-1583 200 72 130 817696 0 0 0
-1116 -263 29 114 865487 0 0 0
1173 1576 30 153 171638 0 0 0
446 -794 95 59 128609 0 0 0
-520 657 156 28 137072 0 0 0
-1387 598 154 54 336574 0 0 0
257 -902 14 58 210249 0 0 0
799 -170 34 62 252495 0 0 0
682 -453 90 56 135857 0 0 0
-354 180 142 130 641454 0 0 0
1514 -1511 19 6 648160 0 0 0
989 296 64 57 654648 0 0 0
-932 -151 80 107 549260 0 0 0
1424 -1151 4 31 227999 0 0 0
-889 -688 83 80 862892 0 0 0
1644 -1717 162 128 379051 0 0 0
1459 115 135 18 941412 0 0 0
687 -1066 60 96 122715 0 0 0
1207 -389 146 79 107823 0 0 0
-1376 1096 40 105 958294 0 0 0
-1297 -837 143 77 886300 0 0 0
-1390 -495 64 73 465538 0 0 0
536 872 39 106 127130 0 0 0
63 -684 102 80 173887 0 0 0
-155 1675 161 104 726396 0 0 0
-573 225 51 72 219514 0 0 0
-692 -848 40 41 439229 0 0 0
-1610 1276 90 139 619619 0 0 0
-1179 -742 141 134 113018 0 0 0
1449 -1156 10 96 931063 0 0 0
-378 1428 105 98 262652 0 0 0
181 706 100 38 757420 0 0 0
-432 1551 84 26 130563 0 0 0
-1336 -1596 158 8 973157 0 0 0
-264 496 160 53 559539 0 0 0
-436 -681 148 124 457702 0 0 0
-199 -148 99 64 799430 0 0 0
546 800 22 132 977203 0 0 0
272 -946 102 48 594975 0 0 0
1528 -974 60 147 380491 0 0 0
-1403 -66 96 7 729441 0 0 0
1181 7 91 87 445883 0 0 0
667 -244 64 6 986149 0 0 0
-53 322 30 108 820270 0 0 0
-1383 -897 48 147 333656 0 0 0
1412 1328 114 57 745718 0 0 0
1083 552 84 105 909184 0 0 0
41 -312 92 29 864308 0 0 0
162 -189 143 115 777350 0 0 0
-1309 263 100 26 963301 0 0 0
857 -1495 60 133 698169 0 0 0
1624 570 167 33 882062 0 0 0
-236 -1468 162 46 975971 0 0 0
-769 -1117 72 55 627654 0 0 0
1450 -1241 131 108 389498 0 0 0
642 -150 153 4 425630 0 0 0
146 -1674 113 104 962614 0 0 0
1727 -765 33 85 715110 0 0 0
1721 218 105 121 857673 0 0 0
266 532 95 136 116217 0 0 0
34 400 95 149 670557 0 0 0
788 -1097 12 144 277011 0 0 0
-1696 -802 105 122 293575 0 0 0
1502 1382 8 54 254396 0 0 0
1694 30 59 51 233574 0 0 0
-1691 1450 86 153 249807 0 0 0
-900 -1245 100 60 491674 0 0 0
217 628 169 32 230324 0 0 0
535 -1681 8 60 567076 0 0 0
136 -936 17 14 348267 0 0 0
987 856 168 85 458614 0 0 0
431 925 154 48 244502 0 0 0
-24 1533 27 58 186780 0 0 0
-1189 -50 29 68 927620 0 0 0
442 1058 69 128 789712 0 0 0
-613 -124 113 154 906078 0 0 0
1406 137 57 114 609598 0 0 0
-1677 -521 137 85 783629 0 0 0
1716 -1132 53 47 449533 0 0 0
525 1494 162 120 167933 0 0 0
-1359 -684 20 126 199372 0 0 0
-126 179 162 66 988194 0 0 0
450 -563 35 124 864368 0 0 0
-1139 1397 167 88 543937 0 0 0
-1005 1400 46 67 579500 0 0 0
-804 -621 121 109 335725 0 0 0
-1115 75 113 73 492640 0 0 0
933 811 162 84 821875 0 0 0
1166 1043 23 140 370977 0 0 0
-1497 -421 2 83 408666 0 0 0
-879 1175 84 75 235317 0 0 0
1798 -1548 20 116 979926 0 0 0
-1274 -1448 1 10 191626 0 0 0
660 -212 48 102 641244 0 0 0
407 1334 11 149 805184 0 0 0
734 -441 127 84 895455 0 0 0
194 1066 87 38 805179 0 0 0
-1204 -1378 118 44 635098 0 0 0
-910 810 25 56 358189 0 0 0
-1301 1185 162 49 431533 0 0 0
-877 1307 58 109 939463 0 0 0
13 1705 19 107 440415 0 0 0
243 -824 99 11 857845 0 0 0
1291 247 18 77 890026 0 0 0
-1255 -151 95 111 808740 0 0 0
1519 753 65 71 805044 0 0 0
1332 -988 74 48 128213 0 0 0
-1523 996 155 11 371000 0 0 0
1411 1140 93 81 215163 0 0 0
-302 -1399 156 3 345400 0 0 0
1495 -1691 78 110 854036 0 0 0
-856 -997 80 67 249816 0 0 0
-1538 -806 169 93 127966 0 0 0
1310 -1758 141 130 656529 0 0 0
-1075 1085 54 82 408136 0 0 0
-706 141 162 91 801015 0 0 0
700 -293 108 150 706341 0 0 0
1347 1345 88 123 172200 0 0 0
-319 -884 138 3 547223 0 0 0
-314 429 15 40 379264 0 0 0
1220 -520 47 60 756650 0 0 0
-320 87 158 76 518574 0 0 0
-165 -1301 154 19 876711 0 0 0
1743 -1035 20 143 348723 0 0 0
181 -121 33 97 851119 0 0 0
527 601 103 39 321181 0 0 0
888 1361 54 54 513452 0 0 0
1135 686 139 133 680766 0 0 0
-1200 1751 101 138 572116 0 0 0
-135 945 68 12 243654 0 0 0
535 720 101 58 853673 0 0 0
-748 -920 95 15 219816 0 0 0
471 -484 139 113 399255 0 0 0
-623 238 28 101 468253 0 0 0
602 1104 27 60 372588 0 0 0
-25 1151 116 71 436324 0 0 0
-1751 -95 158 45 235376 0 0 0
-473 173 126 111 609864 0 0 0
-1770 -843 82 87 823011 0 0 0
-1562 -661 142 36 283112 0 0 0
-814 1483 150 102 821816 0 0 0
-1335 -832 114 8 141637 0 0 0
-822 -16 124 65 977584 0 0 0
-1094 -516 75 156 871005 0 0 0
-1097 421 77 87 246847 0 0 0
356 -284 29 104 573448 0 0 0
-1529 1175 98 81 257420 0 0 0
-853 1477 35 25 351326 0 0 0
1502 -636 7 44 257676 0 0 0
422 1239 129 122 884547 0 0 0
337 15 50 106 691396 0 0 0
806 -907 73 36 219521 0 0 0
683 -163 81 96 512795 0 0 0
873 775 42 34 303312 0 0 0
-798 721 149 66 277835 0 0 0
24 1661 158 35 597601 0 0 0
-1429 -140 10 95 381213 0 0 0
-188 -1279 74 91 798923 0 0 0
1412 1122 92 24 840610 0 0 0
-1645 698 11 91 656611 0 0 0
1641 -563 2 88 207834 0 0 0
-474 1330 121 96 295849 0 0 0
-83 561 95 84 322232 0 0 0
256 -1387 16 5 608995 0 0 0
1219 1135 108 24 338530 0 0 0
1126 -1579 41 80 937508 0 0 0
331 209 59 84 815214 0 0 0
712 1390 75 11 772014 0 0 0
666 -669 49 142 790720 0 0 0
689 1293 32 133 285011 0 0 0
-668 837 24 145 390481 0 0 0
-436 -910 137 92 204480 0 0 0
-1693 -1605 21 127 628113 0 0 0
1371 -508 26 75 548506 0 0 0
381 884 115 142 253816 0 0 0
-557 1451 11 147 265182 0 0 0
-541 223 118 65 825935 0 0 0
338 -823 30 131 899759 0 0 0
380 779 67 154 841183 0 0 0
1725 -385 32 101 997300 0 0 0
-1244 -212 136 29 898888 0 0 0
-1154 -1233 88 106 608850 0 0 0
268 -993 132 14 218154 0 0 0
-251 1148 15 109 133951 0 0 0
-22 -778 29 4 946366 0 0 0
-391 -165 52 20 534124 0 0 0
-707 1190 29 79 217888 0 0 0
-484 937 72 122 685646 0 0 0
326 231 147 31 463581 0 0 0
956 -814 130 51 213965 0 0 0
1446 8 167 138 318511 0 0 0
759 903 136 18 935725 0 0 0
-967 -1066 107 84 719362 0 0 0
-1660 -1331 111 31 434014 0 0 0
1591 -371 120 136 453659 0 0 0
1380 -790 141 26 222719 0 0 0
693 879 118 41 862474 0 0 0
-1229 1394 155 56 843941 0 0 0
687 1655 30 112 583643 0 0 0
1676 479 61 98 663635 0 0 0
-489 407 68 148 213879 0 0 0
169 1338 155 61 784913 0 0 0
48 168 84 122 391371 0 0 0
-415 156 42 116 405768 0 0 0
344 864 89 118 156595 0 0 0
-391 1236 18 32 952613 0 0 0
1745 517 57 93 823812 0 0 0
1149 -551 86 58 946500 0 0 0
34 982 133 136 813697 0 0 0
1290 1234 17 93 882933 0 0 0
-1510 -340 93 52 912299 0 0 0
1685 1142 150 35 886230 0 0 0
-283 1049 32 120 799718 0 0 0
-416 1603 112 126 745497 0 0 0
1513 -967 131 48 527184 0 0 0
-1798 895 9 27 973895 0 0 0
1182 -539 165 103 483590 0 0 0
79 -725 134 9 254387 0 0 0
-547 611 86 24 240982 0 0 0
1746 -1726 33 112 339613 0 0 0
-1075 1470 59 121 285456 0 0 0
1082 187 62 61 340331 0 0 0
131 734 67 117 868217 0 0 0
-920 934 142 89 891043 0 0 0
316 -1193 141 115 332453 0 0 0
-1659 -1674 152 64 354867 0 0 0
-1608 -207 128 36 959403 0 0 0
151 995 116 130 744902 0 0 0
1754 -702 126 127 771342 0 0 0
1594 1535 65 120 286862 0 0 0
549 1314 130 44 425975 0 0 0
947 -518 156 104 775708 0 0 0
-1543 1615 45 138 140172 0 0 0
1450 1066 117 19 892503 0 0 0
1070 -454 66 97 943656 0 0 0
725 608 61 65 741449 0 0 0
-986 -51 26 24 313494 0 0 0
-1419 -1718 141 75 233144 0 0 0
-922 -1207 143 155 484186 0 0 0
-660 218 73 36 596960 0 0 0
-1489 229 85 55 701105 0 0 0
-1415 -850 54 106 952893 0 0 0
-1495 1627 161 47 818452 0 0 0
-101 466 53 58 142350 0 0 0
1476 1402 59 19 140303 0 0 0
1316 -1227 163 139 598370 0 0 0
-239 1469 56 66 972433 0 0 0
-1345 -1457 102 123 895440 0 0 0
1675 -218 158 54 315699 0 0 0
-1493 361 111 10 397859 0 0 0
149 -642 56 133 771703 0 0 0
-947 1602 164 116 160222 0 0 0
-1620 6 157 41 867905 0 0 0
-1392 491 84 100 495498 0 0 0
1638 -372 10 26 295269 0 0 0
-1693 -106 80 54 574592 0 0 0
1575 457 100 133 362902 0 0 0
-923 -1207 98 85 707745 0 0 0
-501 1409 32 96 916762 0 0 0
-121 -1427 12 109 717237 0 0 0
-1533 -212 116 117 856816 0 0 0
-737 780 134 64 161443 0 0 0
-1322 550 124 38 903394 0 0 0
-271 -116 77 111 101660 0 0 0
1612 1294 124 144 277112 0 0 0
1021 1105 151 97 713681 0 0 0
-804 -1194 20 94 829700 0 0 0
441 -1123 7 78 782335 0 0 0
1158 236 47 107 386501 0 0 0
-1060 899 158 60 302211 0 0 0
1157 303 67 27 670343 0 0 0
1700 -1525 39 21 819882 0 0 0
369 288 116 70 840297 0 0 0
-1183 -89 131 85 734466 0 0 0
-34 -368 11 114 670076 0 0 0
1368 -407 113 134 382455 0 0 0
-1143 942 11 91 858206 0 0 0
1626 -1220 158 113 956586 0 0 0
-454 11 23 133 228955 0 0 0
136 1734 64 47 607832 0 0 0
-192 1377 76 40 661669 0 0 0
-234 638 94 112 476430 0 0 0
865 -1416 105 50 710451 0 0 0
-889 1313 109 123 490599 0 0 0
-119 -767 165 30 761578 0 0 0
-293 -917 77 26 918093 0 0 0
640 370 122 75 891052 0 0 0
1669 -173 26 12 617090 0 0 0
434 1233 50 111 699402 0 0 0
-789 -520 70 77 768539 0 0 0
-1563 -1513 79 154 317762 0 0 0
-1560 880 145 116 684011 0 0 0
349 -33 109 120 355814 0 0 0
-287 16 127 28 745969 0 0 0
1104 -106 163 42 295680 0 0 0
679 -732 40 98 960362 0 0 0
454 -762 113 11 709296 0 0 0
1697 781 153 135 860350 0 0 0
-767 994 120 150 651255 0 0 0
-146 964 24 143 819399 0 0 0
740 -1586 125 21 663751 0 0 0
1301 -1342 117 49 964697 0 0 0
1571 735 54 112 584626 0 0 0
-706 942 43 64 371170 0 0 0
-1137 -587 161 56 379251 0 0 0
1133 292 20 9 757280 0 0 0
1326 1173 5 97 936658 0 0 0
-1302 1612 135 82 347402 0 0 0
-661 -232 67 1 969808 0 0 0
928 -1690 93 64 435652 0 0 0
-795 1442 85 155 723190 0 0 0
-659 -698 140 5 856317 0 0 0
943 1056 58 81 956819 0 0 0
-423 -1146 69 152 325128 0 0 0
142 936 133 100 437303 0 0 0
125 1792 13 129 599286 0 0 0
-1709 1233 153 50 906641 0 0 0
1214 666 49 67 711487 0 0 0
1200 1120 44 140 986259 0 0 0
1295 1315 140 72 168479 0 0 0
-909 -1205 96 100 613760 0 0 0
-1775 898 76 77 456781 0 0 0
476 -406 131 23 290045 0 0 0
1320 984 71 142 458970 0 0 0
279 405 137 135 351165 0 0 0
389 -1553 52 82 829089 0 0 0
312 -1160 8 64 574167 0 0 0
1626 -763 156 66 225757 0 0 0
-1716 1738 140 140 486216 0 0 0
1243 257 30 58 438210 0 0 0
-451 653 161 140 447211 0 0 0
1799 609 117 121 505574 0 0 0
1124 532 158 112 702645 0 0 0
707 554 164 115 519572 0 0 0
58 -84 118 145 730566 0 0 0
-881 -798 81 142 689731 0 0 0
941 1096 68 35 922902 0 0 0
1174 -1771 65 8 771363 0 0 0
853 286 72 140 126717 0 0 0
1014 527 9 113 339284 0 0 0
1583 -155 146 139 695106 0 0 0
39 -1160 1 124 142766 0 0 0
1043 -1258 86 62 489175 0 0 0
-1475 -784 166 96 932232 0 0 0
1374 -505 162 98 720432 0 0 0
1432 -535 152 30 134071 0 0 0
75 -1543 131 114 895658 0 0 0
1775 -1182 125 141 161456 0 0 0
-1518 111 72 108 492105 0 0 0
1740 -1198 11 2 212176 0 0 0
536 42 152 135 955657 0 0 0
-378 147 131 5 131084 0 0 0
-1680 -428 3 88 693842 0 0 0
-771 -1116 94 74 889526 0 0 0
327 1071 121 138 491909 0 0 0
880 -1763 19 6 398022 0 0 0
1536 428 53 36 848300 0 0 0
-849 -1193 134 94 584729 0 0 0
1745 -1733 153 64 651748 0 0 0
-218 -518 32 131 616929 0 0 0
-1417 -429 118 7 646878 0 0 0
1528 -73 67 154 756305 0 0 0
-530 -216 159 140 874140 0 0 0
646 1342 143 119 468438 0 0 0
956 1767 92 3 539682 0 0 0
-1374 -735 49 51 143009 0 0 0
1350 451 19 88 170106 0 0 0
-704 -1729 158 1 235670 0 0 0
-727 -1595 22 137 462515 0 0 0
859 -935 145 39 869453 0 0 0
405 1777 162 80 901342 0 0 0
-1378 -530 70 153 165489 0 0 0
-1669 -1515 13 91 143739 0 0 0
1021 5 30 147 920416 0 0 0
1772 -1312 107 153 632906 0 0 0
-1504 591 148 23 459858 0 0 0
-402 -132 17 143 669031 0 0 0
-1155 -1242 126 132 580998 0 0 0
1030 1381 41 51 518765 0 0 0
-115 -802 12 153 600403 0 0 0
-531 -889 82 99 306472 0 0 0
244 -685 56 82 487868 0 0 0
1530 894 134 98 387747 0 0 0
1723 -509 44 38 636276 0 0 0
1707 -333 149 52 778490 0 0 0
1659 -1677 100 108 820764 0 0 0
1012 -655 8 50 192506 0 0 0
-1234 -591 59 33 974347 0 0 0
-743 -1219 27 101 504664 0 0 0
-685 1381 46 39 630695 0 0 0
-221 -1408 152 101 681251 0 0 0
1226 -1177 150 85 909393 0 0 0
1790 1538 60 95 419545 0 0 0
-43 1566 69 41 252462 0 0 0
-1749 910 147 89 537541 0 0 0
1601 -1002 132 132 602558 0 0 0
1630 -157 134 32 417592 0 0 0
595 944 165 56 665202 0 0 0
-492 1118 130 25 747771 0 0 0
-873 757 81 149 583408 0 0 0
1231 1310 68 63 186957 0 0 0
507 -1057 144 16 123647 0 0 0
-1769 886 44 109 822985 0 0 0
3 -360 98 43 101885 0 0 0
119 512 120 106 252050 0 0 0
1487 -994 115 120 359944 0 0 0
1270 89 12 57 263767 0 0 0
1454 -490 84 74 169584 0 0 0
-813 -897 85 112 608279 0 0 0
1659 25 71 107 869869 0 0 0
4 1648 164 57 197412 0 0 0
-1085 -952 22 135 343663 0 0 0
-910 1670 156 55 721780 0 0 0
361 1153 33 126 502520 0 0 0
347 -204 33 26 245147 0 0 0
-1074 -1221 4 44 399216 0 0 0
855 -488 166 99 404628 0 0 0
880 -1273 151 152 933039 0 0 0
-1580 1647 120 120 965785 0 0 0
270 1433 91 78 760386 0 0 0
1506 403 33 116 786639 0 0 0
1335 1113 37 41 277901 0 0 0
1532 -1213 139 10 452207 0 0 0
-1285 99 6 56 391103 0 0 0
-832 972 86 125 718057 0 0 0
-771 1050 35 154 711287 0 0 0
-1467 959 43 73 757307 0 0 0
-211 -1550 152 66 156306 0 0 0
395 -896 139 71 380662 0 0 0
1581 1668 43 20 690639 0 0 0
-33 -472 169 50 216383 0 0 0
1775 1385 145 47 144589 0 0 0
-992 -1067 141 132 817589 0 0 0
682 1306 113 29 818817 0 0 0
1260 149 58 69 914740 0 0 0
-851 285 12 74 891528 0 0 0
1281 -1080 69 156 265229 0 0 0
1422 1342 135 119 154919 0 0 0
-1473 247 134 19 958752 0 0 0
647 677 145 72 191103 0 0 0
1200 -1246 70 119 274534 0 0 0
1206 1753 123 8 776985 0 0 0
910 -1701 85 27 444828 0 0 0
-332 68 133 156 957997 0 0 0
-1720 140 128 77 500011 0 0 0
1774 -118 115 21 787136 0 0 0
606 -756 126 58 443484 0 0 0
581 -393 30 6 745836 0 0 0
1065 -1694 147 103 318983 0 0 0
-21 1037 64 76 384927 0 0 0
-1343 1714 39 16 440635 0 0 0
-480 1368 39 106 825312 0 0 0
898 1138 139 136 798032 0 0 0
75 1650 99 3 458609 0 0 0
-1190 1517 64 61 158618 0 0 0
-1775 -437 115 55 915637 0 0 0
1172 521 87 56 974071 0 0 0
858 1166 16 72 383388 0 0 0
-108 -1565 17 113 652392 0 0 0
-844 1608 1 104 278436 0 0 0
-1354 -1428 54 146 667533 0 0 0
-1433 1406 127 104 540042 0 0 0
-926 -744 1 25 437692 0 0 0
494 1796 63 91 603913 0 0 0
-556 -367 143 5 430651 0 0 0
-1497 881 129 68 440603 0 0 0
830 -906 83 129 609975 0 0 0
587 1233 77 27 439332 0 0 0
1183 -1543 129 105 571898 0 0 0
1100 -222 46 111 827498 0 0 0
999 247 42 142 821895 0 0 0
348 -1239 138 138 544239 0 0 0
533 -88 5 59 714037 0 0 0
-1269 -428 122 8 583997 0 0 0
1165 1619 75 107 894852 0 0 0
1506 1393 168 60 730148 0 0 0
704 -925 103 91 816445 0 0 0
1506 -636 132 143 698721 0 0 0
1170 1211 117 29 913647 0 0 0
94 1796 30 33 739705 0 0 0
395 1416 76 95 248190 0 0 0
575 848 16 150 822684 0 0 0
-1035 312 12 11 517444 0 0 0
1470 1609 119 18 660341 0 0 0
312 -81 94 132 921870 0 0 0
-494 -906 49 96 524666 0 0 0
1655 37 89 128 318852 0 0 0
-1789 101 54 109 280634 0 0 0
-669 1513 100 30 743400 0 0 0
900 325 87 13 302148 0 0 0
-1020 -1506 103 83 473214 0 0 0
161 709 89 20 718731 0 0 0
1022 511 123 95 471980 0 0 0
1352 517 17 32 954552 0 0 0
-1045 -1163 154 33 681506 0 0 0
1429 -581 60 129 185775 0 0 0
-13 642 54 24 842052 0 0 0
1041 -1339 74 25 177527 0 0 0
-1584 -265 67 99 257284 0 0 0
-545 1203 158 130 322547 0 0 0
562 -1532 37 119 127608 0 0 0
-1781 -1495 92 86 751901 0 0 0
929 475 49 124 163873 0 0 0
-172 -166 18 43 290622 0 0 0
-1419 -1577 157 16 826651 0 0 0
-771 -327 4 35 755211 0 0 0
-1107 -1337 127 6 930188 0 0 0
-15 590 20 69 106254 0 0 0
222 -723 86 90 438116 0 0 0
1671 1382 22 101 197252 0 0 0
914 -710 41 93 366064 0 0 0
970 499 122 65 626645 0 0 0
-1627 1193 75 57 337109 0 0 0
177 262 106 133 923444 0 0 0
-1368 631 135 119 905349 0 0 0
253 -809 95 76 215641 0 0 0
-316 -1520 10 131 103056 0 0 0
625 -251 33 7 610681 0 0 0
-1 -733 84 144 382821 0 0 0
-510 -1261 52 106 515698 0 0 0
257 1598 34 137 583222 0 0 0
806 -277 71 152 692259 0 0 0
-878 295 90 114 928670 0 0 0
-983 -1766 71 120 561976 0 0 0
-1672 623 1 146 174150 0 0 0
934 1383 169 110 969086 0 0 0
844 -1351 73 85 852131 0 0 0
-1600 1506 71 112 969098 0 0 0
1264 1673 87 60 411241 0 0 0
-767 -572 78 58 550279 0 0 0
856 -236 100 132 124658 0 0 0
-928 -1743 17 155 241101 0 0 0
-362 -1106 23 43 853669 0 0 0
1419 -1639 25 103 619023 0 0 0
1033 986 130 84 918615 0 0 0
-412 -1033 128 98 405656 0 0 0
859 -1521 140 11 278528 0 0 0
1734 1184 83 37 586463 0 0 0
-1124 -749 62 30 180289 0 0 0
615 582 152 85 356798 0 0 0
1447 -243 84 23 241703 0 0 0
-194 503 162 70 649635 0 0 0
1331 -104 6 127 206307 0 0 0
1628 1800 145 156 366332 0 0 0
215 393 136 130 399890 0 0 0
311 71 161 149 910607 0 0 0
1464 -849 104 110 896719 0 0 0
360 1176 155 33 674243 0 0 0
1187 -548 110 129 307817 0 0 0
1309 1556 24 60 583500 0 0 0
-1603 -816 45 90 739582 0 0 0
-1751 328 167 75 303220 0 0 0
141 -1717 124 155 127879 0 0 0
-1028 -159 31 49 870962 0 0 0
690 -1422 97 91 244415 0 0 0
1652 -727 105 12 756390 0 0 0
-1004 -341 162 119 691878 0 0 0
-1540 -1592 107 48 224052 0 0 0
887 -823 124 92 501601 0 0 0
-1626 -732 87 67 910152 0 0 0
608 -1627 144 35 900914 0 0 0
1047 -1146 15 121 585629 0 0 0
-1050 -299 39 148 784047 0 0 0
-1102 697 5 71 613257 0 0 0
771 210 132 99 682231 0 0 0
235 1348 90 126 706723 0 0 0
-302 92 7 55 418362 0 0 0
178 -208 12 119 341648 0 0 0
847 -669 164 47 913002 0 0 0
-81 1657 1 116 259405 0 0 0
636 9 156 85 840643 0 0 0
-696 -1020 108 122 366286 0 0 0
-1108 726 27 56 786830 0 0 0
735 1280 107 103 505792 0 0 0
166 -1208 14 15 340579 0 0 0
-1263 -672 66 11 669722 0 0 0
620 -999 24 138 568776 0 0 0
-1684 -1087 153 33 126307 0 0 0
-1235 744 103 10 639078 0 0 0
-1788 791 34 49 885056 0 0 0
-1592 1724 83 22 211299 0 0 0
209 876 24 12 390983 0 0 0
1686 -394 92 89 476437 0 0 0
356 -1170 59 5 766586 0 0 0
1692 -633 129 129 822819 0 0 0
-1703 -961 21 95 723821 0 0 0
846 1339 51 100 480366 0 0 0
1095 -101 101 56 238836 0 0 0
-1139 1121 116 93 771587 0 0 0
-1433 1391 99 147 473767 0 0 0
1564 869 114 37 606958 0 0 0
52 -871 168 100 791072 0 0 0
1671 207 134 20 935649 0 0 0
-480 197 63 29 441024 0 0 0
471 924 93 98 786245 0 0 0
1345 1578 126 96 339767 0 0 0
-1233 -287 98 75 948499 0 0 0
-530 -382 41 10 108004 0 0 0
1592 -1351 82 155 134283 0 0 0
-1697 1776 80 47 250125 0 0 0
1628 270 127 12 678716 0 0 0
-890 -97 84 91 740156 0 0 0
-918 -1095 124 31 128706 0 0 0
-1366 616 99 106 792539 0 0 0
-620 -1608 127 114 780444 0 0 0
1221 -1270 79 134 176299 0 0 0
1369 -1545 100 113 165221 0 0 0
-772 1102 37 33 489846 0 0 0
-1750 401 122 124 186382 0 0 0
-392 1706 113 122 443646 0 0 0
-1776 -1539 101 131 843110 0 0 0
-697 456 99 67 557236 0 0 0
1689 -20 132 70 695638 0 0 0
-1784 567 138 94 412233 0 0 0
1206 264 84 54 498091 0 0 0
-478 -1286 100 44 214428 0 0 0
-417 204 121 147 994628 0 0 0
1263 -525 92 15 256791 0 0 0
1475 1685 157 42 640998 0 0 0
1781 -338 30 108 348897 0 0 0
-723 -590 20 148 577652 0 0 0
1556 185 48 98 436277 0 0 0
283 -1684 76 3 543031 0 0 0
1064 459 106 12 173984 0 0 0
-1650 925 63 117 550681 0 0 0
-4 934 40 44 988942 0 0 0
664 1471 27 88 167035 0 0 0
1435 -413 4 88 255219 0 0 0
-1169 -1382 77 88 239801 0 0 0
-1429 1095 115 59 392161 0 0 0
-1776 -1791 2 20 703584 0 0 0
-148 1095 80 29 800903 0 0 0
-1071 -349 97 146 230366 0 0 0
375 607 160 156 460343 0 0 0
746 946 109 135 298957 0 0 0
-962 1710 110 146 407107 0 0 0
1251 -1339 119 56 240025 0 0 0
694 -675 80 72 296771 0 0 0
-970 1046 55 17 709553 0 0 0
-1389 1657 168 96 131684 0 0 0
-1230 174 123 134 361608 0 0 0
319 -44 80 112 323379 0 0 0
1743 511 14 114 838623 0 0 0
395 899 94 47 403369 0 0 0
-1225 1464 91 81 284698 0 0 0
481 1507 169 24 216497 0 0 0
598 1330 29 99 905096 0 0 0
8 -314 158 7 905864 0 0 0
1254 732 112 131 654978 0 0 0
-745 676 47 54 378962 0 0 0
-1033 -424 71 94 857216 0 0 0
-1009 1673 68 133 571048 0 0 0
-1488 1604 158 62 125940 0 0 0
-1748 -1207 43 42 803700 0 0 0
1590 1106 157 73 230044 0 0 0
-1406 698 45 42 742421 0 0 0
1024 433 118 65 424749 0 0 0
1702 -1237 87 70 501898 0 0 0
-1172 1447 135 147 578302 0 0 0
918 -518 12 5 411777 0 0 0
-539 674 138 143 158541 0 0 0
-536 1354 66 48 556732 0 0 0
-486 822 20 111 544436 0 0 0
-17 -430 39 79 851482 0 0 0
129 782 119 26 808936 0 0 0
1531 -595 87 155 750261 0 0 0
601 -138 35 139 160453 0 0 0
-981 -1556 4 132 408348 0 0 0
-470 -1672 58 21 546390 0 0 0
-1184 1717 63 95 679184 0 0 0
-549 1618 147 146 972392 0 0 0
-1417 -1116 61 115 666967 0 0 0
-1165 -25 100 92 321030 0 0 0
1054 -519 160 32 538248 0 0 0
-529 -1726 112 115 193988 0 0 0
-90 859 157 83 167806 0 0 0
1609 1430 109 25 775857 0 0 0
75 579 10 139 928439 0 0 0
-1464 230 168 73 382362 0 0 0
908 -712 25 100 956050 0 0 0
1767 -881 126 145 102502 0 0 0
162 715 49 12 702560 0 0 0
-690 -1101 10 143 712825 0 0 0
372 473 37 135 317068 0 0 0
-874 -960 52 24 964487 0 0 0
1004 -827 29 106 662234 0 0 0
-403 790 7 146 306438 0 0 0
-1130 667 49 17 814085 0 0 0
-472 -997 126 155 146155 0 0 0
319 1026 7 67 741191 0 0 0
1551 -1609 150 55 888643 0 0 0
-582 78 100 82 414580 0 0 0
562 -1189 51 62 586699 0 0 0
-1566 629 101 107 597389 0 0 0
-1458 1422 18 137 525775 0 0 0
1380 50 19 88 142792 0 0 0
-873 388 96 133 593116 0 0 0
-553 -813 61 54 189738 0 0 0
-1427 1110 165 137 497802 0 0 0
-602 -1256 163 87 626056 0 0 0
-659 -1636 154 101 725808 0 0 0
-1497 -1073 117 52 384005 0 0 0
-1114 -494 53 61 623469 0 0 0
-446 916 66 59 340349 0 0 0
195 -321 160 108 203386 0 0 0
-1382 166 114 91 392561 0 0 0
1139 745 151 110 251850 0 0 0
904 -1437 131 153 793054 0 0 0
1238 1296 156 102 319128 0 0 0
-199 -936 120 142 301774 0 0 0
838 1102 45 20 397025 0 0 0
516 1359 106 41 947186 0 0 0
-624 384 137 27 874450 0 0 0
1548 -957 109 67 400643 0 0 0
-429 275 12 100 174263 0 0 0
702 -1510 12 14 299928 0 0 0
1478 23 21 89 264037 0 0 0
72 -1728 36 124 190662 0 0 0
149 -1218 29 121 161106 0 0 0
-1009 120 151 38 632708 0 0 0
-786 1526 99 15 565418 0 0 0
7 -572 98 85 720556 0 0 0
-345 1133 48 137 842895 0 0 0
1013 -1401 7 152 649217 0 0 0
1226 -76 161 94 461683 0 0 0
1155 -526 152 23 273086 0 0 0
-1545 699 62 99 774649 0 0 0
-646 513 39 151 646964 0 0 0
1670 -1427 93 114 332896 0 0 0
1394 -955 80 82 674058 0 0 0
-1230 1607 86 22 628194 0 0 0
-637 -1204 122 123 841496 0 0 0
-268 1433 62 106 530002 0 0 0
1279 -873 159 140 983362 0 0 0
768 565 147 65 881562 0 0 0
-881 -1532 148 125 754542 0 0 0
-1604 414 2 54 626572 0 0 0
1756 -1112 85 50 906224 0 0 0
1515 -426 73 96 371120 0 0 0
105 -372 141 129 634329 0 0 0
798 1014 116 94 840545 0 0 0
1525 838 30 1 618964 0 0 0
1473 -904 126 133 823462 0 0 0
-22 -1334 145 119 822755 0 0 0
-291 834 103 153 712368 0 0 0
-363 -620 101 93 507962 0 0 0
1155 -538 166 2 275982 0 0 0
-1413 -1377 22 153 285478 0 0 0
-1596 256 21 50 620222 0 0 0
1678 193 159 27 944251 0 0 0
502 1235 145 23 947469 0 0 0
-425 -290 129 146 180271 0 0 0
483 -240 169 94 375509 0 0 0
-1073 -1776 101 140 898430 0 0 0
-797 350 114 16 270208 0 0 0
197 -1427 141 120 938339 0 0 0
-1190 166 17 140 688750 0 0 0
927 -1111 102 135 590127 0 0 0
1735 664 55 154 381622 0 0 0
-660 410 25 78 447887 0 0 0
-1291 570 81 151 160899 0 0 0
-631 1755 24 92 719457 0 0 0
-327 -793 26 11 942059 0 0 0
1413 62 36 91 799058 0 0 0
816 348 135 121 937529 0 0 0
251 815 151 87 520661 0 0 0
1082 -1564 110 111 871520 0 0 0
-1184 599 98 85 633764 0 0 0
-1314 596 94 71 603605 0 0 0
1497 -828 118 24 762742 0 0 0
-1054 1147 89 146 232239 0 0 0
1379 1578 144 65 279845 0 0 0
-800 -1766 163 42 595349 0 0 0
-133 -7 74 113 944596 0 0 0
-469 1768 91 151 805162 0 0 0
-1212 1779 41 38 810013 0 0 0
1364 -1119 104 151 932224 0 0 0
996 -1640 168 55 786381 0 0 0
806 -166 68 31 381653 0 0 0
456 1133 133 106 671769 0 0 0
1689 1675 63 1 511952 0 0 0
1360 -998 129 4 265273 0 0 0
-206 1572 88 6 304252 0 0 0
1063 1225 90 3 157052 0 0 0
1208 1433 148 80 753976 0 0 0
-836 1557 145 111 268415 0 0 0
792 257 130 77 717906 0 0 0
34 59 142 129 441040 0 0 0
796 911 7 18 690087 0 0 0
599 1015 132 149 326390 0 0 0
-18 1574 157 51 321618 0 0 0
-1683 -694 7 3 752456 0 0 0
1750 -1169 152 45 452666 0 0 0
-426 1241 30 150 185121 0 0 0
1697 1226 144 84 343263 0 0 0
-1712 454 109 27 631024 0 0 0
-1455 -1746 80 147 362749 0 0 0
-1798 263 68 65 156119 0 0 0
718 198 29 109 452073 0 0 0
-244 16 113 83 628967 0 0 0
1256 935 31 34 609620 0 0 0
805 -1578 2 79 606082 0 0 0
726 -1672 85 10 418022 0 0 0
69 712 37 150 698683 0 0 0
-424 1527 37 150 193147 0 0 0
1291 -900 129 7 768799 0 0 0
644 144 93 57 772350 0 0 0
826 -162 24 14 759250 0 0 0
187 -884 144 44 650770 0 0 0
-904 -1723 95 75 743184 0 0 0
-723 1134 26 40 177862 0 0 0
-26 -1489 57 29 576432 0 0 0
1753 529 138 107 146506 0 0 0
1171 1675 12 97 453487 0 0 0
1313 878 103 146 603417 0 0 0
548 579 24 32 314544 0 0 0
1456 1574 97 66 783481 0 0 0
-1134 1195 102 90 279573 0 0 0
739 1597 15 91 102368 0 0 0
675 -1228 54 108 398219 0 0 0
-830 -861 66 60 989173 0 0 0
-9 230 125 86 445818 0 0 0
-1305 -940 136 60 627344 0 0 0
-1338 -667 121 115 438620 0 0 0
-1629 16 2 50 138966 0 0 0
1777 -1411 52 51 378555 0 0 0
1626 1156 53 139 446630 0 0 0
1514 967 6 21 409625 0 0 0
-293 1464 161 59 684502 0 0 0
-963 -866 98 11 340557 0 0 0
-49 -1244 80 2 376723 0 0 0
92 708 18 156 530451 0 0 0
-890 -782 110 146 789540 0 0 0
-1134 507 99 149 516904 0 0 0
659 -538 119 75 936918 0 0 0
1278 1085 76 94 165547 0 0 0
1715 -1187 47 61 106699 0 0 0
675 -389 132 111 543869 0 0 0
1562 1705 106 46 873867 0 0 0
-671 1317 37 32 961142 0 0 0
-219 -184 141 133 384625 0 0 0
1643 513 155 126 602194 0 0 0
1218 680 128 21 505707 0 0 0
-1709 -385 72 84 433538 0 0 0
1421 -419 61 51 380970 0 0 0
-1003 -1724 138 15 835082 0 0 0
-53 -1041 106 43 681077 0 0 0
774 -717 150 20 290538 0 0 0
-1302 1523 44 69 136036 0 0 0
-1184 -868 53 102 103897 0 0 0
854 -874 77 92 564424 0 0 0
-561 1349 158 124 534410 0 0 0
-736 1373 112 35 586239 0 0 0
-751 -543 112 6 643970 0 0 0
-351 -1320 102 70 319454 0 0 0
412 -1697 130 16 904271 0 0 0
-1776 -1023 5 8 319644 0 0 0
-1464 712 71 52 675425 0 0 0
-265 1537 158 56 330006 0 0 0
-1231 -79 104 123 592310 0 0 0
284 74 51 126 139817 0 0 0
-275 592 144 35 572687 0 0 0
-1539 -1780 120 72 163348 0 0 0
1385 1539 32 144 270466 0 0 0
-107 1717 115 154 636799 0 0 0
1112 -261 99 21 774720 0 0 0
-848 1783 108 113 591876 0 0 0
-764 -1260 143 109 207990 0 0 0
-1079 -1178 128 93 878511 0 0 0
754 -543 84 119 981354 0 0 0
-943 518 12 130 463389 0 0 0
-608 1060 70 61 359358 0 0 0
845 -1566 165 98 804514 0 0 0
1177 -1409 160 122 302312 0 0 0
-869 -1123 141 146 395123 0 0 0
-1729 -370 85 146 943417 0 0 0
-369 -830 86 113 750963 0 0 0
-393 -484 35 134 262017 0 0 0
-953 -75 116 40 816196 0 0 0
-1173 -300 162 132 956430 0 0 0
149 -1246 45 10 216356 0 0 0
910 -1329 114 101 189390 0 0 0
1283 -1029 93 92 810057 0 0 0
359 1073 94 156 304805 0 0 0
242 961 80 95 923906 0 0 0
-127 -411 163 119 960890 0 0 0
701 -395 135 51 534932 0 0 0
1789 527 59 44 243166 0 0 0
832 -1637 144 48 726241 0 0 0
-755 -540 163 65 433608 0 0 0
666 -1547 152 38 500902 0 0 0
746 465 17 68 747385 0 0 0
1675 -1306 168 98 652667 0 0 0
171 -1034 141 127 894655 0 0 0
-691 -1093 115 150 529783 0 0 0
47 -950 89 87 733052 0 0 0
1610 1064 103 12 893494 0 0 0
473 346 92 101 678353 0 0 0
-1251 -67 74 104 773273 0 0 0
-1271 367 61 4 521153 0 0 0
-918 7 74 37 494302 0 0 0
122 1696 35 53 624699 0 0 0
495 -231 73 144 929486 0 0 0
903 72 131 103 582241 0 0 0
498 -1725 24 84 698052 0 0 0
948 1005 57 26 849448 0 0 0
33 1162 150 5 291577 0 0 0
661 -1672 10 8 276511 0 0 0
1072 1304 136 23 493847 0 0 0
-1124 -804 96 13 917553 0 0 0
906 468 63 113 891151 0 0 0
1379 1183 44 109 412001 0 0 0
473 447 131 85 475446 0 0 0
1157 -307 80 14 717023 0 0 0
1218 1684 107 136 624859 0 0 0
-1746 439 16 123 955874 0 0 0
-744 -193 55 72 873112 0 0 0
-1128 1537 149 154 349309 0 0 0
-1007 81 110 84 555632 0 0 0
-1372 1255 169 51 694138 0 0 0
1764 824 144 2 289912 0 0 0
865 -1239 66 150 946529 0 0 0
-730 954 147 63 817189 0 0 0
243 196 144 5 368580 0 0 0
-613 1426 6 35 905216 0 0 0
411 327 27 92 632086 0 0 0
-764 -823 112 81 532885 0 0 0
1769 -1327 96 59 492163 0 0 0
357 1074 115 99 103232 0 0 0
1492 -583 38 46 152392 0 0 0
1360 -89 84 109 309860 0 0 0
715 -1568 111 79 840048 0 0 0
1726 503 138 80 164669 0 0 0
-486 34 139 79 515043 0 0 0
-83 139 32 131 868606 0 0 0
-696 1351 49 148 592074 0 0 0
1771 -110 130 5 707693 0 0 0
-1565 1733 63 103 864369 0 0 0
1064 -36 14 19 731957 0 0 0
1322 -1651 87 77 420979 0 0 0
1041 229 1 73 531517 0 0 0
-790 -1368 87 39 291154 0 0 0
756 -910 29 119 855544 0 0 0
-110 -157 32 122 136484 0 0 0
-1262 -1089 64 42 902223 0 0 0
-502 788 150 118 761440 0 0 0
-192 -701 54 63 228256 0 0 0
-780 -1561 100 4 285010 0 0 0
-1159 -743 52 137 484047 0 0 0
1673 -471 95 45 783821 0 0 0
1348 -140 57 137 986941 0 0 0
99 384 124 85 338771 0 0 0
-786 388 50 49 612789 0 0 0
-921 331 19 102 538061 0 0 0
-155 1391 121 88 721441 0 0 0
1797 1369 20 100 389812 0 0 0
514 -1323 152 97 841439 0 0 0
-386 -1047 91 42 194961 0 0 0
1614 -1721 30 46 203253 0 0 0
-1789 -480 169 136 659880 0 0 0
-338 -1676 96 11 832167 0 0 0
-754 299 54 115 335532 0 0 0
1378 -655 1 110 388621 0 0 0
-206 1049 148 113 110332 0 0 0
308 1435 134 96 175096 0 0 0
-737 225 25 121 304584 0 0 0
550 858 126 113 676750 0 0 0
-947 -1638 93 115 820655 0 0 0
1350 -701 82 86 229531 0 0 0
-123 -1121 75 149 528202 0 0 0
-53 1366 71 65 442973 0 0 0
-1454 -191 122 125 964133 0 0 0
1553 -1400 9 96 231679 0 0 0
1614 -777 124 69 534166 0 0 0
1496 1237 123 137 122101 0 0 0
-833 -1467 59 128 635655 0 0 0
499 -874 154 146 514095 0 0 0
-1769 -72 19 97 479015 0 0 0
355 1207 60 73 636857 0 0 0
-1419 -1141 65 47 951090 0 0 0
1091 649 14 13 640918 0 0 0
-943 -25 149 56 434957 0 0 0
956 1394 144 32 330913 0 0 0
-848 -332 38 21 375979 0 0 0
-433 793 43 47 566646 0 0 0
1571 639 108 55 209612 0 0 0
-1759 1135 161 56 973769 0 0 0
-1282 -300 114 5 618858 0 0 0
-16 1299 24 100 526789 0 0 0
-171 1726 4 95 654059 0 0 0
-983 -723 167 98 687364 0 0 0
-251 -821 25 18 209824 0 0 0
-117 -1250 48 18 473509 0 0 0
1739 253 13 36 624405 0 0 0
1210 -1052 135 54 284706 0 0 0
75 -893 127 121 379757 0 0 0
-1169 -1775 146 85 673084 0 0 0
-1409 -1379 70 65 540799 0 0 0
-141 -1589 162 92 163456 0 0 0
-1615 921 11 38 422586 0 0 0
124 1002 78 101 149663 0 0 0
-223 -661 124 47 805167 0 0 0
1465 1314 22 10 427084 0 0 0
1192 -640 79 13 317212 0 0 0
648 1352 96 111 198455 0 0 0
260 -966 40 60 654885 0 0 0
-1174 107 167 153 391838 0 0 0
-866 1036 78 25 927522 0 0 0
-1592 -624 168 73 180356 0 0 0
1492 -1116 80 97 264726 0 0 0
-1636 -1461 4 98 986125 0 0 0
-910 70 149 137 426385 0 0 0
-469 657 3 19 276465 0 0 0
-1340 707 68 151 741333 0 0 0
1045 401 70 126 341827 0 0 0
-1134 432 26 21 182595 0 0 0
-831 -1498 97 36 467968 0 0 0
-1465 1600 20 75 169688 0 0 0
-560 -403 151 86 841900 0 0 0
-1563 -583 29 99 971535 0 0 0
824 -1765 46 114 781724 0 0 0
1681 890 148 108 577682 0 0 0
1461 1731 122 4 517358 0 0 0
-1733 352 105 49 742017 0 0 0
-976 1626 64 33 923232 0 0 0
-1205 912 156 4 746038 0 0 0
-522 -618 157 146 361259 0 0 0
-1436 -140 161 129 892021 0 0 0
-1260 -910 100 152 228501 0 0 0
410 175 36 23 239885 0 0 0
789 1567 71 74 797295 0 0 0
-98 -133 50 65 272544 0 0 0
-903 1539 112 108 797743 0 0 0
357 1092 46 38 974772 0 0 0
-1497 -732 22 140 948906 0 0 0
-1525 22 133 87 270695 0 0 0
1138 -173 12 46 781972 0 0 0
1028 872 23 112 657867 0 0 0
792 -1666 63 47 446696 0 0 0
-1096 283 125 45 212012 0 0 0
-1086 379 164 138 752458 0 0 0
-1039 1601 23 134 765149 0 0 0
68 -1065 24 6 249633 0 0 0
418 1396 68 111 457595 0 0 0
-645 -770 154 43 868063 0 0 0
-985 -1609 63 145 398977 0 0 0
-1167 -1710 6 46 549277 0 0 0
77 -1077 76 144 174880 0 0 0
451 -1496 80 32 980340 0 0 0
1721 49 100 131 227753 0 0 0
1297 1435 118 52 691152 0 0 0
-554 1119 131 96 297436 0 0 0
-1136 1156 28 145 151015 0 0 0
584 -433 67 152 895412 0 0 0
130 261 88 53 731149 0 0 0
1608 -1659 142 114 144956 0 0 0
-910 1069 163 107 136700 0 0 0
-760 -866 81 19 848340 0 0 0
1270 -42 128 6 653799 0 0 0
350 -1678 123 7 675453 0 0 0
-1103 180 143 113 652813 0 0 0
-822 -1336 84 100 445126 0 0 0
135 -512 113 35 418356 0 0 0
887 1474 163 19 444260 0 0 0
451 1399 44 38 403118 0 0 0
-672 980 149 5 607584 0 0 0
969 258 161 14 889723 0 0 0
-335 760 23 65 474189 0 0 0
380 -1800 65 121 215813 0 0 0
-1268 1222 67 29 697200 0 0 0
666 323 165 66 588549 0 0 0
1120 -1748 55 79 273095 0 0 0
13 188 20 76 534481 0 0 0
-1485 1382 153 38 471094 0 0 0
-1498 -1644 94 143 332398 0 0 0
-1134 -924 65 44 161533 0 0 0
-1376 729 51 131 120195 0 0 0
-1128 1722 11 55 692028 0 0 0
1061 -1431 46 125 706426 0 0 0
-1738 -724 81 123 107798 0 0 0
1682 535 168 45 115699 0 0 0
-925 -841 78 3 695201 0 0 0
618 64 106 115 527710 0 0 0
-217 1741 119 111 502051 0 0 0
-500 -724 113 45 150974 0 0 0
261 850 9 7 950531 0 0 0
-1436 1227 67 14 527905 0 0 0
-552 -1070 110 150 452561 0 0 0
174 1769 63 1 682588 0 0 0
-1529 412 73 155 226693 0 0 0
-968 1760 95 45 408701 0 0 0
-1698 1134 164 63 382545 0 0 0
-407 -112 155 81 342494 0 0 0
-710 1397 167 14 897248 0 0 0
-115 -892 160 107 725832 0 0 0
-524 -1124 163 141 828391 0 0 0
-1271 1643 128 99 241646 0 0 0
-92 -447 79 108 191593 0 0 0
1701 -379 128 10 920029 0 0 0
1323 1185 61 75 445656 0 0 0
1030 937 141 129 202631 0 0 0
-312 -1225 106 86 329856 0 0 0
1410 191 109 7 980768 0 0 0
1286 -352 153 49 499249 0 0 0
-1107 -639 5 33 574508 0 0 0
527 1323 120 29 316233 0 0 0
-1375 1306 12 113 893676 0 0 0
1672 -682 117 66 133431 0 0 0
687 -1237 69 117 119892 0 0 0
1382 1795 139 87 297344 0 0 0
-1544 -217 37 4 424876 0 0 0
662 -436 47 12 360326 0 0 0
1277 23 100 137 849172 0 0 0
-373 -1277 148 100 540032 0 0 0
-873 -1602 81 61 101681 0 0 0
0 -1771 122 40 627155 0 0 0
1710 -75 84 45 996764 0 0 0
332 1350 84 132 248570 0 0 0
-911 -1326 127 117 226543 0 0 0
1231 -231 32 29 741161 0 0 0
865 1542 38 2 770302 0 0 0
-1663 -625 129 127 852427 0 0 0
-1253 927 169 77 179252 0 0 0
1100 -1017 135 32 722454 0 0 0
-539 -1517 137 1 920096 0 0 0
-766 680 40 46 605131 0 0 0
1156 1441 148 117 377259 0 0 0
94 -116 38 18 790153 0 0 0
-684 -54 1 85 946249 0 0 0
786 -224 33 127 732684 0 0 0
1136 526 45 41 850504 0 0 0
1435 -465 131 141 617427 0 0 0
1587 923 141 48 525362 0 0 0
241 -443 3 70 770604 0 0 0
-1005 -359 162 103 424140 0 0 0
126 438 111 102 666245 0 0 0
1189 575 91 86 903531 0 0 0
-359 1706 154 21 845243 0 0 0
-1723 304 165 31 318490 0 0 0
396 1509 141 36 618455 0 0 0
-73 -716 88 9 832569 0 0 0
1485 545 20 8 506410 0 0 0
-1347 -1797 39 141 241138 0 0 0
-538 -1295 72 85 721191 0 0 0
229 1120 5 89 323645 0 0 0
-957 -160 44 57 860421 0 0 0
-303 -631 137 6 804902 0 0 0
-798 -1270 13 149 317547 0 0 0
-991 1023 81 134 771997 0 0 0
-1150 -708 58 139 843811 0 0 0
-438 832 48 75 144919 0 0 0
-416 1601 60 39 234363 0 0 0
1232 876 91 36 555581 0 0 0
1729 1062 132 112 625867 0 0 0
547 -139 10 120 122481 0 0 0
-1309 353 79 100 577093 0 0 0
-569 1248 146 151 582628 0 0 0
960 -1219 135 91 190144 0 0 0
-208 -1406 5 53 795760 0 0 0
-439 1115 63 68 901755 0 0 0
-395 1320 32 113 701412 0 0 0
-281 1520 71 50 144188 0 0 0
-926 -1126 107 61 342610 0 0 0
96 950 113 128 934412 0 0 0
-515 -31 124 8 125588 0 0 0
-524 -450 150 75 837182 0 0 0
570 1587 113 91 579805 0 0 0
275 -42 91 148 597160 0 0 0
1262 1585 107 49 140478 0 0 0
-833 732 67 19 671779 0 0 0
697 -1728 10 4 190121 0 0 0
133 1009 128 103 315119 0 0 0
340 886 92 2 131509 0 0 0
-394 -90 141 43 672695 0 0 0
540 -1486 24 55 461263 0 0 0
-1714 1268 57 128 183913 0 0 0
17 -1345 49 94 997237 0 0 0
-465 -568 17 114 783049 0 0 0
472 -1228 126 131 351425 0 0 0
1436 -97 18 89 971454 0 0 0
1292 795 101 103 521727 0 0 0
190 1566 4 82 281237 0 0 0
386 1400 29 22 670246 0 0 0
-1418 -1661 30 45 316676 0 0 0
-760 1777 55 80 269302 0 0 0
-382 -1383 148 24 244508 0 0 0
-1320 1437 91 130 487105 0 0 0
-395 -661 126 14 869765 0 0 0
1240 158 96 148 625188 0 0 0
1550 -743 80 117 719597 0 0 0
1651 855 80 126 726197 0 0 0
1717 -1013 64 73 638189 0 0 0
-1298 515 76 116 457210 0 0 0
622 -769 63 74 431752 0 0 0
-1185 -1653 72 38 732428 0 0 0
-488 1741 10 130 747530 0 0 0
349 1415 133 78 552030 0 0 0
-991 1146 60 22 882827 0 0 0
-441 487 142 74 299646 0 0 0
-1283 -227 152 9 809988 0 0 0
-997 -695 109 143 477018 0 0 0
1275 -1711 68 71 209470 0 0 0
-1170 495 39 35 841004 0 0 0
1165 1216 41 7 854191 0 0 0
-1261 -7 113 140 930108 0 0 0
-1529 -1776 51 7 606711 0 0 0
-98 -440 19 62 229639 0 0 0
-481 -397 145 101 613134 0 0 0
172 -470 149 107 283820 0 0 0
-998 458 154 137 152537 0 0 0
950 -681 70 32 181609 0 0 0
918 337 141 120 561598 0 0 0
-986 -251 162 155 179646 0 0 0
-1765 -270 65 132 134271 0 0 0
-710 1444 33 62 305269 0 0 0
-1574 -196 28 131 954443 0 0 0
49 -1445 123 142 876699 0 0 0
-1096 -845 87 70 745441 0 0 0
304 802 69 61 105889 0 0 0
-101 -1200 8 105 888040 0 0 0
978 -779 4 27 833239 0 0 0
1797 -77 139 80 693979 0 0 0
-1025 -498 94 77 211706 0 0 0
-659 1214 98 46 841911 0 0 0
-539 941 155 115 147185 0 0 0
1431 945 3 140 428292 0 0 0
-1062 -196 97 26 790281 0 0 0
-1016 -1292 96 52 608065 0 0 0
-1319 -1063 106 114 519507 0 0 0
-1428 -953 11 105 670326 0 0 0
-1748 -823 52 13 102166 0 0 0
-1768 -1005 117 8 437199 0 0 0
-1241 522 60 79 814079 0 0 0
417 987 143 43 597567 0 0 0
-686 546 41 116 767469 0 0 0
682 672 26 18 291337 0 0 0
-1078 388 88 109 596456 0 0 0
-1203 -757 108 28 321651 0 0 0
1119 323 2 29 204668 0 0 0
-122 311 99 128 279898 0 0 0
365 671 152 47 658647 0 0 0
-1698 227 9 2 268523 0 0 0
-1235 1263 62 131 151331 0 0 0
-1779 -1794 22 130 325801 0 0 0
259 -1389 81 8 992002 0 0 0
-1703 689 58 42 915785 0 0 0
-1076 -1122 39 41 927818 0 0 0
-579 -75 43 52 260198 0 0 0
-1765 -1129 66 145 417198 0 0 0
319 -626 149 142 376662 0 0 0
-942 -1476 79 15 943175 0 0 0
1104 805 9 15 781971 0 0 0
-1171 -488 3 26 571213 0 0 0
1233 89 127 132 420302 0 0 0
1535 1027 150 34 408642 0 0 0
1418 -883 159 29 498206 0 0 0
737 -1731 142 2 850677 0 0 0
-1072 1504 106 135 956647 0 0 0
1640 -1611 120 43 125042 0 0 0
-795 1311 17 124 905188 0 0 0
-1800 -1514 19 86 733845 0 0 0
-341 -169 87 91 201956 0 0 0
-1572 -443 2 155 629202 0 0 0
660 -1098 42 50 956565 0 0 0
1558 322 51 92 612365 0 0 0
-1271 -329 101 55 731262 0 0 0
1350 -1137 117 106 413732 0 0 0
1725 1605 92 107 323563 0 0 0
-1597 1074 14 106 899249 0 0 0
629 -1479 142 101 747569 0 0 0
826 -1719 49 151 921495 0 0 0
277 -1656 155 76 663439 0 0 0
100 836 19 90 305323 0 0 0
644 -627 75 99 647148 0 0 0
1123 830 96 87 304151 0 0 0
-170 -1798 67 59 478634 0 0 0
-1464 -578 113 23 803399 0 0 0
794 -982 165 19 426545 0 0 0
1359 -1588 13 77 314593 0 0 0
-337 1435 61 75 872621 0 0 0
606 -630 164 45 848489 0 0 0
-1786 -811 17 128 975004 0 0 0
305 -789 115 96 437416 0 0 0
-1499 1040 148 64 798137 0 0 0
-1393 -1326 69 107 364811 0 0 0
1574 -656 97 115 775435 0 0 0
-1298 -1114 137 149 620528 0 0 0
720 403 52 50 140905 0 0 0
-898 1621 46 10 269022 0 0 0
1380 337 56 74 386333 0 0 0
1139 -373 70 145 555342 0 0 0
1328 -132 2 113 741448 0 0 0
1469 491 11 69 492034 0 0 0
1147 106 9 62 144401 0 0 0
-858 1609 26 39 191022 0 0 0
1379 1121 69 41 152151 0 0 0
-1307 1472 94 54 964960 0 0 0
1655 824 85 25 923777 0 0 0
1013 -511 35 99 852061 0 0 0
-1764 -47 32 96 300538 0 0 0
-161 983 23 71 571601 0 0 0
-651 878 52 5 965664 0 0 0
868 -208 58 40 674104 0 0 0
419 1005 14 32 474747 0 0 0
217 709 26 13 455202 0 0 0
-1670 964 31 138 696673 0 0 0
-1477 -162 25 66 866755 0 0 0
1708 -204 13 61 437194 0 0 0
-1320 -543 98 11 165032 0 0 0
-833 -387 150 113 255598 0 0 0
1289 -348 55 62 737618 0 0 0
-312 210 47 8 529324 0 0 0
-539 879 123 62 124622 0 0 0
371 1009 30 46 373087 0 0 0
713 1712 168 15 212040 0 0 0
-961 -441 97 109 252704 0 0 0
-96 -123 117 56 993120 0 0 0
908 1647 148 10 139891 0 0 0
-820 -871 127 98 176234 0 0 0
-450 -1007 154 76 242978 0 0 0
1635 -494 143 51 173270 0 0 0
-199 -1608 68 52 630775 0 0 0
-1532 1141 38 98 706176 0 0 0
-833 577 80 11 667393 0 0 0
978 1151 136 131 844501 0 0 0
-915 -1346 38 61 516961 0 0 0
1151 109 88 131 360351 0 0 0
-1647 -1408 135 96 726777 0 0 0
-1017 -1642 31 74 847180 0 0 0
-703 581 12 52 313640 0 0 0
-1403 1400 109 137 400336 0 0 0
418 -1028 121 124 487912 0 0 0
-338 658 161 49 153827 0 0 0
923 -1504 64 51 489703 0 0 0
-170 611 74 22 118586 0 0 0
-539 -25 40 90 550226 0 0 0
86 -1170 161 19 359556 0 0 0
649 -1271 56 129 941632 0 0 0
-266 -1031 89 14 666438 0 0 0
1234 840 130 109 538922 0 0 0
700 -1107 39 45 555015 0 0 0
956 -357 71 63 723250 0 0 0
1696 -185 168 3 320023 0 0 0
921 -626 161 7 876134 0 0 0
-203 -289 150 145 691680 0 0 0
-1497 598 109 50 648214 0 0 0
194 748 146 64 710909 0 0 0
15 -673 127 51 670464 0 0 0
91 1792 37 150 374636 0 0 0
1530 1156 163 107 463875 0 0 0
-207 1532 164 8 842289 0 0 0
1357 604 79 4 536674 0 0 0
1795 -1227 66 125 277730 0 0 0
-808 -368 124 141 617575 0 0 0
1145 1395 72 41 297334 0 0 0
649 -1713 78 35 901631 0 0 0
839 -584 149 32 181168 0 0 0
-138 109 128 105 520696 0 0 0
-1027 -850 57 124 729967 0 0 0
132 -1392 5 134 507929 0 0 0
1703 -604 38 95 405134 0 0 0
724 1692 131 106 977957 0 0 0
1567 42 65 138 876828 0 0 0
-1109 -374 82 9 308166 0 0 0
915 967 169 148 924667 0 0 0
-1671 933 37 58 837978 0 0 0
-644 -794 153 109 364129 0 0 0
-1441 307 3 134 731975 0 0 0
570 -324 120 5 134248 0 0 0
-10 -1660 38 11 883744 0 0 0
-1745 9 58 46 754516 0 0 0
-1261 -400 85 135 537359 0 0 0
-1354 -1027 23 59 699326 0 0 0
970 685 94 155 274481 0 0 0
-454 -811 42 33 858506 0 0 0
-935 154 49 13 612610 0 0 0
1028 6 19 99 439516 0 0 0
-1592 -1369 96 32 646414 0 0 0
-111 861 43 69 673604 0 0 0
-1530 -313 87 125 470505 0 0 0
1741 333 25 69 178258 0 0 0
1764 1411 160 91 382481 0 0 0
1766 467 79 47 324211 0 0 0
320 495 66 6 203610 0 0 0
1250 1617 158 118 446073 0 0 0
712 -900 143 111 479196 0 0 0
873 -1552 94 139 950451 0 0 0
-799 134 150 50 405629 0 0 0
-1349 -573 111 138 647487 0 0 0
210 -1075 138 35 654780 0 0 0
1030 -1513 27 10 910714 0 0 0
110 -678 4 53 657582 0 0 0
542 -536 1 70 434431 0 0 0
-1410 977 109 130 401829 0 0 0
-903 -219 91 133 664117 0 0 0
12 -1663 108 9 212366 0 0 0
-896 -239 158 142 478981 0 0 0
44 1537 144 64 922108 0 0 0
1674 756 88 68 649468 0 0 0
896 123 4 140 643694 0 0 0
-27 1365 100 62 434395 0 0 0
923 1327 4 3 237771 0 0 0
161 567 109 151 540736 0 0 0
671 -264 146 102 443102 0 0 0
742 -452 138 91 118486 0 0 0
393 -923 53 11 135437 0 0 0
-488 -8 127 150 640818 0 0 0
460 1678 72 144 675159 0 0 0
-500 -410 164 6 515045 0 0 0
-326 -180 81 44 822066 0 0 0
-826 641 110 25 977297 0 0 0
860 -1052 43 44 646780 0 0 0
588 -1487 81 74 472769 0 0 0
1736 -229 153 4 654155 0 0 0
1677 1471 147 154 207877 0 0 0
-1171 841 107 122 184735 0 0 0
-445 1432 68 55 770900 0 0 0
-819 -1493 131 122 439056 0 0 0
-869 -290 49 91 210369 0 0 0
-1712 -372 49 14 466682 0 0 0
1518 287 110 47 301657 0 0 0
-79 1652 64 16 628257 0 0 0
1323 173 97 120 899769 0 0 0
272 318 104 78 139508 0 0 0
-679 1011 118 41 576136 0 0 0
-998 -894 156 138 608773 0 0 0
-771 1710 154 15 657675 0 0 0
939 -926 72 13 584292 0 0 0
713 455 31 116 316482 0 0 0
1228 1572 64 143 344498 0 0 0
-67 140 18 30 423869 0 0 0
13 951 40 99 367866 0 0 0
-1141 1719 99 26 737819 0 0 0
719 -270 42 40 902711 0 0 0
1056 -710 105 144 467814 0 0 0
891 -784 84 66 800398 0 0 0
891 -134 98 1 220973 0 0 0
1623 1710 20 56 169186 0 0 0
-1074 -1303 49 11 464423 0 0 0
253 -264 36 155 276504 0 0 0
-123 614 20 102 225069 0 0 0
100 925 103 52 212973 0 0 0
-683 -1341 113 121 720055 0 0 0
1190 -1668 49 77 553018 0 0 0
-1547 -631 77 1 437393 0 0 0
1071 768 136 84 552244 0 0 0
-1433 624 127 151 440902 0 0 0
-1046 617 165 13 684067 0 0 0
1100 1494 167 140 663320 0 0 0
-1466 -1141 30 84 260190 0 0 0
487 -780 90 74 755231 0 0 0
158 -1081 132 15 613601 0 0 0
1245 -419 164 66 156616 0 0 0
852 459 111 64 744258 0 0 0
1580 465 100 39 417704 0 0 0
-1734 722 104 142 253944 0 0 0
728 -464 131 54 681148 0 0 0
-1072 -1463 63 11 341821 0 0 0
-1399 -1499 162 81 191939 0 0 0
1630 1785 97 104 818530 0 0 0
1137 -900 58 62 193846 0 0 0
1318 -1695 76 76 268726 0 0 0
509 506 87 14 104832 0 0 0
1010 -1532 7 51 909533 0 0 0
-483 -308 70 74 839396 0 0 0
-1386 -1106 11 120 650218 0 0 0
-1114 -381 37 36 354596 0 0 0
-279 1556 101 72 722119 0 0 0
-1028 -675 47 28 451105 0 0 0
-1139 -522 39 28 775709 0 0 0
1017 1758 75 57 576232 0 0 0
-178 -1206 36 135 235384 0 0 0
1580 -1214 88 73 575926 0 0 0
1213 -760 4 3 536303 0 0 0
-44 1253 114 76 966305 0 0 0
1338 1424 7 99 471233 0 0 0
1051 866 17 30 750100 0 0 0
1067 43 165 108 317262 0 0 0
-1510 288 31 111 468611 0 0 0
1161 -1165 88 109 931669 0 0 0
-655 -728 107 121 298377 0 0 0
-900 -136 96 66 197981 0 0 0
696 -27 138 133 951853 0 0 0
-102 -1135 38 120 359168 0 0 0
651 -676 86 154 950696 0 0 0
-1573 -845 76 27 272965 0 0 0
1759 -1099 80 37 718530 0 0 0
292 -712 145 79 429809 0 0 0
-1679 877 76 128 186099 0 0 0
775 857 164 79 121052 0 0 0
-1351 307 108 129 377271 0 0 0
15 786 56 77 495265 0 0 0
1204 466 126 21 825018 0 0 0
-1387 421 62 44 835822 0 0 0
-829 -1588 7 97 603744 0 0 0
-959 -39 147 16 727620 0 0 0
1296 -848 79 23 913173 0 0 0
-391 1022 154 25 627135 0 0 0
1594 -713 84 109 632358 0 0 0
1463 924 164 6 465986 0 0 0
-1512 1589 37 135 831232 0 0 0
189 -758 60 98 442342 0 0 0
-968 -504 113 40 827350 0 0 0
-767 72 13 85 597793 0 0 0
-1267 -1349 90 63 868535 0 0 0
977 1374 79 74 470150 0 0 0
548 328 135 4 663768 0 0 0
-248 90 164 82 412772 0 0 0
-509 1254 9 97 424979 0 0 0
-715 871 40 66 478682 0 0 0
-913 1447 168 99 839188 0 0 0
-929 1468 4 118 708156 0 0 0
-1157 993 38 86 470149 0 0 0
1156 979 13 86 549096 0 0 0
-1520 217 145 6 344887 0 0 0
1783 -194 112 146 290930 0 0 0
669 -391 62 28 297759 0 0 0
1082 1452 44 105 888269 0 0 0
-382 1531 88 66 565306 0 0 0
366 1168 143 10 714971 0 0 0
183 -413 128 139 933054 0 0 0
752 424 99 144 264769 0 0 0
-877 -1578 159 89 329917 0 0 0
1324 -308 92 18 267623 0 0 0
-1544 1106 128 146 663639 0 0 0
1394 1160 95 24 150283 0 0 0
-190 1118 46 52 971201 0 0 0
-1435 -532 45 82 283650 0 0 0
-1296 -948 38 46 694685 0 0 0
750 1153 35 20 798768 0 0 0
-1404 -1010 3 20 347886 0 0 0
-1173 51 143 38 569228 0 0 0
1092 -1699 165 13 510288 0 0 0
-202 -1431 118 61 290031 0 0 0
1163 -1064 105 36 793422 0 0 0
1435 598 134 76 830265 0 0 0
-1677 148 91 37 568337 0 0 0
-487 1679 165 108 219832 0 0 0
-509 -426 17 77 836091 0 0 0
-1146 -1575 92 100 963372 0 0 0
805 -329 38 97 730590 0 0 0
292 621 10 125 442256 0 0 0
724 -1393 20 35 663520 0 0 0
1065 -975 98 147 677172 0 0 0
-46 -1050 112 154 702141 0 0 0
236 -1642 60 133 823953 0 0 0
-538 -1733 38 121 373827 0 0 0
-436 -569 3 133 777925 0 0 0
924 383 101 124 644143 0 0 0
-1001 96 37 123 134386 0 0 0
543 238 23 42 523108 0 0 0
347 363 141 40 427295 0 0 0
7 971 112 64 923208 0 0 0
1610 810 35 141 614671 0 0 0
-594 -165 122 75 108130 0 0 0
-1113 -754 120 102 504563 0 0 0
522 1748 121 115 921949 0 0 0
1419 -1563 61 24 788443 0 0 0
-1061 -1800 49 77 511305 0 0 0
416 -9 28 111 624420 0 0 0
1393 1057 138 43 915197 0 0 0
-637 75 66 124 301955 0 0 0
-1162 -504 70 97 629677 0 0 0
-658 651 159 39 664637 0 0 0
1341 1374 62 45 888072 0 0 0
-113 -949 10 140 436286 0 0 0
-972 -323 119 109 549573 0 0 0
-451 -179 138 35 188231 0 0 0
-1576 -254 7 147 114431 0 0 0
-408 150 48 43 284767 0 0 0
-1244 1471 126 35 663176 0 0 0
-1106 1706 91 149 276597 0 0 0
-419 -1060 32 78 499575 0 0 0
-454 -1158 154 27 197242 0 0 0
-338 -1148 56 43 219225 0 0 0
-1607 54 27 95 904384 0 0 0
-1760 -906 13 128 543615 0 0 0
-1737 151 27 147 907182 0 0 0
-873 635 55 46 870163 0 0 0
1640 -705 47 36 490815 0 0 0
1651 1770 95 73 998632 0 0 0
218 -666 136 110 650351 0 0 0
-1756 -1757 47 110 119301 0 0 0
-300 -149 6 35 855105 0 0 0
417 -1267 89 137 543363 0 0 0
-744 -430 97 140 899009 0 0 0
774 1576 84 49 482599 0 0 0
-1132 637 117 34 867408 0 0 0
1681 -1636 113 125 669276 0 0 0
1015 -1538 64 105 210750 0 0 0
-1201 528 126 16 155462 0 0 0
785 -235 145 130 834157 0 0 0
1428 1329 34 28 878966 0 0 0
847 -1439 42 48 985978 0 0 0
-855 81 37 43 976740 0 0 0
-1156 351 44 108 191295 0 0 0
-1357 804 43 137 269620 0 0 0
19 1758 91 131 153675 0 0 0
1657 727 87 141 185864 0 0 0
613 1618 46 11 932436 0 0 0
764 585 25 12 412465 0 0 0
-978 179 78 48 348787 0 0 0
546 935 87 103 656077 0 0 0
1114 -1041 100 154 267226 0 0 0
375 -215 67 57 573036 0 0 0
-934 541 100 151 688805 0 0 0
-766 -222 123 127 588734 0 0 0
632 -1012 113 59 605528 0 0 0
423 -78 126 141 392490 0 0 0
-1110 1589 44 85 674206 0 0 0
-1584 1791 79 85 224051 0 0 0
-453 -757 38 156 118067 0 0 0
645 -1051 97 64 108556 0 0 0
1611 -1797 137 33 427443 0 0 0
-604 -1559 30 116 911509 0 0 0
571 -1102 107 85 673629 0 0 0
1287 -451 86 7 651464 0 0 0
-1388 20 25 54 430928 0 0 0
442 -203 138 151 294168 0 0 0
767 1360 86 1 707989 0 0 0
1795 1214 23 99 895012 0 0 0
