1800
-718 -1769 61 147 936097 0 0 0
1207 668 121 66 426404 0 0 0
646 809 158 83 412726 0 0 0
-764 1747 73 105 308375 0 0 0
-536 715 84 36 448153 0 0 0
-1336 1365 154 23 617843 0 0 0
-594 1371 9 23 588364 0 0 0
-1246 996 16 77 827845 0 0 0
1685 -135 159 50 218549 0 0 0
-777 818 119 37 605194 0 0 0
-1763 1060 37 1 529394 0 0 0
1223 1051 153 82 236770 0 0 0
-380 586 27 149 126671 0 0 0
1372 1486 135 106 235888 0 0 0
1086 1254 149 153 642711 0 0 0
510 -349 8 111 376738 0 0 0
863 1644 112 33 713883 0 0 0
768 -196 88 97 289816 0 0 0
1710 537 89 148 573930 0 0 0
1666 595 3 83 400649 0 0 0
-1605 -1493 55 125 299085 0 0 0
-30 976 47 154 837158 0 0 0
61 -315 74 82 845200 0 0 0
-1293 -1714 112 98 983526 0 0 0
-1633 -202 38 113 836317 0 0 0
540 200 116 34 907426 0 0 0
-578 1566 152 93 943164 0 0 0
-738 1707 39 156 194711 0 0 0
-1412 559 110 146 597756 0 0 0
966 -1137 132 34 781991 0 0 0
-273 -1390 39 83 316333 0 0 0
-836 1783 112 80 494023 0 0 0
1647 487 115 29 255804 0 0 0
-860 784 36 58 153398 0 0 0
-60 -674 23 111 227455 0 0 0
-1196 -1218 157 31 719532 0 0 0
1736 -1405 129 95 640924 0 0 0
183 1486 52 91 813393 0 0 0
1672 1583 66 126 109524 0 0 0
1694 -641 81 33 816530 0 0 0
1174 1755 28 52 560371 0 0 0
-339 1691 53 63 767251 0 0 0
-993 1415 143 50 703526 0 0 0
-121 -781 45 126 316306 0 0 0
492 -125 137 59 649189 0 0 0
253 -1012 114 36 382357 0 0 0
1559 -718 98 113 494855 0 0 0
-1002 -1279 59 124 393732 0 0 0
985 1242 17 72 186710 0 0 0
-642 612 90 91 417495 0 0 0
-1440 77 75 93 119950 0 0 0
947 1650 99 10 190491 0 0 0
-1328 -606 64 35 818819 0 0 0
1005 200 153 15 286487 0 0 0
35 -1591 15 2 982122 0 0 0
649 -749 25 43 566479 0 0 0
-444 26 54 64 550357 0 0 0
714 -1520 43 95 212043 0 0 0
30 -1012 70 114 801397 0 0 0
1004 -1677 169 152 150612 0 0 0
-182 1539 118 137 318140 0 0 0
1677 870 3 11 691766 0 0 0
818 -1590 26 103 766909 0 0 0
-1144 427 22 80 434176 0 0 0
-120 210 57 58 733746 0 0 0
740 -1641 111 151 572631 0 0 0
-1425 -97 143 148 958061 0 0 0
-1391 -1153 80 81 955244 0 0 0
-257 -932 149 101 704904 0 0 0
853 -939 92 113 892595 0 0 0
1257 1047 92 81 220751 0 0 0
116 -1790 45 88 321769 0 0 0
1226 48 70 83 305059 0 0 0
-1184 -715 112 18 590538 0 0 0
-845 1137 153 110 644266 0 0 0
168 -811 127 17 122280 0 0 0
775 -322 116 67 196035 0 0 0
-1385 -784 162 156 104852 0 0 0
-247 325 14 119 694394 0 0 0
1545 -1088 93 101 822270 0 0 0
1510 -651 83 62 330127 0 0 0
-526 -1394 118 72 881296 0 0 0
1792 941 155 9 202606 0 0 0
859 -1665 68 135 812751 0 0 0
-814 -768 150 117 587141 0 0 0
-1406 -368 57 36 378430 0 0 0
649 -1482 75 71 700693 0 0 0
619 -514 121 31 604932 0 0 0
-1665 -1650 70 36 746162 0 0 0
-1662 1381 66 40 860066 0 0 0
-1776 1639 123 92 439164 0 0 0
-301 524 43 39 669713 0 0 0
-800 403 114 140 381220 0 0 0
45 669 92 95 615883 0 0 0
515 -963 148 70 530674 0 0 0
1553 -678 141 137 996119 0 0 0
139 -719 133 44 796872 0 0 0
93 -342 97 92 552996 0 0 0
-1110 -185 26 20 918170 0 0 0
114 -558 27 93 619948 0 0 0
-1167 760 43 4 328885 0 0 0
1647 671 160 11 178684 0 0 0
-581 -1006 24 133 620176 0 0 0
846 -601 168 54 597875 0 0 0
1049 1432 148 141 126027 0 0 0
-1311 901 74 53 671070 0 0 0
1386 -1061 35 53 786010 0 0 0
831 1034 12 28 282595 0 0 0
-281 1234 107 139 662953 0 0 0
42 -944 108 73 164381 0 0 0
91 1436 149 134 665976 0 0 0
718 19 71 155 409828 0 0 0
1077 25 12 25 267931 0 0 0
447 1074 72 109 617472 0 0 0
-1015 1312 148 39 134369 0 0 0
-1147 674 74 23 576594 0 0 0
1447 781 68 143 259562 0 0 0
-1156 -293 76 95 425967 0 0 0
-359 -1220 25 129 395443 0 0 0
-178 -1477 114 132 368187 0 0 0
429 1470 102 115 555123 0 0 0
713 -180 69 72 507633 0 0 0
-1601 1573 81 128 693822 0 0 0
1610 1748 168 105 398449 0 0 0
526 930 43 60 551559 0 0 0
-1179 854 101 114 945696 0 0 0
213 -1577 98 49 231293 0 0 0
-1360 1794 12 11 890723 0 0 0
-1653 -49 46 28 522235 0 0 0
-274 1736 9 17 373093 0 0 0
-29 565 104 121 822260 0 0 0
1497 -1620 23 84 258066 0 0 0
160 -1408 158 31 249183 0 0 0
-879 -1757 9 38 565192 0 0 0
1675 -1711 22 76 819857 0 0 0
-1046 1507 4 8 789592 0 0 0
521 1389 28 110 660647 0 0 0
188 -1797 74 134 369675 0 0 0
-73 1504 49 153 907120 0 0 0
-775 809 72 150 276778 0 0 0
-1262 -1380 97 52 248280 0 0 0
-1734 -286 27 68 827896 0 0 0
-791 801 120 129 298012 0 0 0
516 380 128 155 753699 0 0 0
-657 1711 164 105 763782 0 0 0
1228 -1201 32 43 751256 0 0 0
-267 1342 110 124 344914 0 0 0
526 -59 41 54 413877 0 0 0
-495 1224 108 67 991920 0 0 0
50 -115 64 82 232552 0 0 0
-1531 1550 126 71 130241 0 0 0
1436 1151 121 76 851955 0 0 0
836 -612 91 50 799665 0 0 0
1195 -268 85 49 324963 0 0 0
473 352 79 140 538356 0 0 0
1488 621 137 68 706620 0 0 0
981 1531 91 124 857978 0 0 0
-25 1001 114 80 133692 0 0 0
-473 90 6 37 934106 0 0 0
1562 -285 4 72 336337 0 0 0
1160 -714 131 49 549690 0 0 0
-309 804 24 63 722086 0 0 0
-1354 -573 116 54 604191 0 0 0
913 -458 5 144 530068 0 0 0
1623 -399 116 101 409075 0 0 0
-943 121 153 122 956502 0 0 0
1599 -480 153 28 878808 0 0 0
1142 -1482 42 23 522599 0 0 0
956 68 158 154 317155 0 0 0
-425 466 107 63 370674 0 0 0
880 -1005 146 129 396136 0 0 0
-527 -1323 17 155 582160 0 0 0
-1193 1120 128 29 201557 0 0 0
335 -823 128 90 330991 0 0 0
-1716 290 43 84 729702 0 0 0
-233 -1039 153 138 828360 0 0 0
-110 -1310 119 111 917209 0 0 0
-1793 -208 116 10 916390 0 0 0
1327 263 125 53 248334 0 0 0
1730 -674 135 89 739940 0 0 0
665 112 14 48 621151 0 0 0
-1073 1397 12 71 527867 0 0 0
-915 -1531 68 45 885660 0 0 0
141 630 140 96 431917 0 0 0
-885 1241 52 116 996035 0 0 0
-179 -1519 144 35 210584 0 0 0
715 -879 55 153 293712 0 0 0
-645 848 62 49 725136 0 0 0
-173 1004 89 102 676619 0 0 0
1360 -298 132 56 963296 0 0 0
1370 703 19 29 391607 0 0 0
835 -1389 44 24 432615 0 0 0
601 -211 67 6 664145 0 0 0
1343 499 168 37 843743 0 0 0
1289 -686 66 81 272803 0 0 0
1709 1771 160 96 906503 0 0 0
-188 537 69 23 966211 0 0 0
-1399 213 17 49 576993 0 0 0
-1044 -1564 167 50 134182 0 0 0
-425 1271 149 40 379580 0 0 0
1793 -1423 9 75 334200 0 0 0
1573 1654 145 19 583511 0 0 0
1208 -1271 7 47 834590 0 0 0
-269 -526 42 140 595196 0 0 0
1303 -551 90 154 795421 0 0 0
586 1038 88 70 671287 0 0 0
450 119 80 24 636584 0 0 0
382 160 142 35 916963 0 0 0
656 1117 20 58 707418 0 0 0
273 -118 144 67 521646 0 0 0
-32 -366 96 49 395709 0 0 0
1734 -1190 154 76 192807 0 0 0
1462 -976 116 37 196886 0 0 0
-1157 -201 132 150 460991 0 0 0
-1473 1702 11 127 516265 0 0 0
427 1782 2 26 803120 0 0 0
-969 -1048 124 110 404208 0 0 0
-119 -935 25 117 203723 0 0 0
1794 -844 89 8 909477 0 0 0
-1173 1531 61 143 905832 0 0 0
-1080 139 24 119 992114 0 0 0
-638 -321 138 68 194664 0 0 0
-307 1618 109 35 651383 0 0 0
-1236 -1756 3 9 836103 0 0 0
-1133 604 71 83 106175 0 0 0
271 -202 56 152 891631 0 0 0
-1130 1178 114 37 784825 0 0 0
-136 -1695 64 104 476305 0 0 0
1115 -45 95 65 871880 0 0 0
1258 -1465 73 104 205640 0 0 0
299 -891 11 7 453324 0 0 0
642 345 62 137 430676 0 0 0
-1517 -1601 142 23 226747 0 0 0
-93 943 51 41 874644 0 0 0
-900 184 5 123 423855 0 0 0
352 1223 63 98 146942 0 0 0
1772 -931 90 76 501256 0 0 0
-32 -815 47 40 133508 0 0 0
690 1794 39 124 152165 0 0 0
553 209 134 42 389607 0 0 0
-349 -484 79 58 370022 0 0 0
32 -414 101 33 318164 0 0 0
1047 -569 32 102 631948 0 0 0
-1490 1561 151 18 738094 0 0 0
933 -1024 12 147 532322 0 0 0
-1565 581 68 4 489708 0 0 0
-1422 -1082 14 134 230224 0 0 0
-716 -209 103 68 699973 0 0 0
-1243 610 133 94 235835 0 0 0
-567 595 114 105 350249 0 0 0
719 1261 44 5 160629 0 0 0
39 -675 69 99 113861 0 0 0
-1347 -1737 70 42 286418 0 0 0
-120 1217 72 72 929860 0 0 0
831 591 162 60 981953 0 0 0
-1594 434 168 38 124459 0 0 0
-1247 254 82 121 693438 0 0 0
1723 -379 93 76 510266 0 0 0
-412 922 68 78 686845 0 0 0
-736 1784 14 133 404171 0 0 0
-240 -906 73 142 528224 0 0 0
-1548 851 41 143 135400 0 0 0
401 1231 141 1 877849 0 0 0
-570 -417 37 40 367058 0 0 0
570 88 149 103 733014 0 0 0
-1591 -219 110 113 315521 0 0 0
1030 -1489 147 127 467329 0 0 0
-1349 539 41 131 645590 0 0 0
-1768 -836 82 105 845860 0 0 0
1103 932 11 63 333561 0 0 0
-216 -1030 95 83 254136 0 0 0
1244 922 116 134 851326 0 0 0
335 -1618 18 66 590760 0 0 0
864 1286 101 128 846875 0 0 0
-798 315 63 133 394341 0 0 0
1153 -1553 27 32 304782 0 0 0
1588 554 30 154 798322 0 0 0
-1253 -1346 70 13 543489 0 0 0
-829 -1045 58 90 455167 0 0 0
661 509 129 116 726146 0 0 0
-1126 -72 150 124 407317 0 0 0
1079 -462 121 64 650279 0 0 0
-1660 745 132 6 831495 0 0 0
1332 -198 168 85 873243 0 0 0
-591 1787 118 4 941628 0 0 0
-1248 -1788 39 90 169293 0 0 0
87 843 148 137 939775 0 0 0
982 204 78 120 482424 0 0 0
-1385 683 114 49 755457 0 0 0
-1033 1509 7 125 449388 0 0 0
-1604 -1550 127 21 941333 0 0 0
12 692 44 100 599557 0 0 0
214 406 105 31 614397 0 0 0
1568 -1763 103 145 494023 0 0 0
-970 -954 79 128 957976 0 0 0
1441 -1064 97 132 869021 0 0 0
334 644 29 3 849808 0 0 0
210 -1579 139 119 691435 0 0 0
427 371 128 35 559734 0 0 0
1148 -1175 8 60 186998 0 0 0
510 1446 62 100 850207 0 0 0
1747 452 49 101 543337 0 0 0
-1784 -852 86 15 131010 0 0 0
1330 -1711 142 46 206563 0 0 0
1219 -488 82 10 920363 0 0 0
158 -655 8 131 454936 0 0 0
-390 1384 80 127 113383 0 0 0
-1269 -461 69 47 952538 0 0 0
-529 1314 35 55 220634 0 0 0
-1497 693 40 118 238439 0 0 0
-157 1105 58 144 187099 0 0 0
-672 -1193 11 153 781913 0 0 0
1658 1137 154 55 584404 0 0 0
418 1794 3 46 693177 0 0 0
-750 587 143 123 378311 0 0 0
-891 1556 108 151 305227 0 0 0
-1552 -1360 52 25 227760 0 0 0
-55 547 27 128 297771 0 0 0
164 -816 143 124 251279 0 0 0
-158 -459 108 58 647032 0 0 0
-1464 1513 77 13 261517 0 0 0
790 -490 88 78 647759 0 0 0
-794 106 115 106 709103 0 0 0
-1316 416 38 123 693176 0 0 0
37 888 139 139 490146 0 0 0
-578 -217 148 111 304593 0 0 0
73 995 139 106 546946 0 0 0
117 190 65 135 452899 0 0 0
1061 357 61 41 311419 0 0 0
-1574 1724 77 129 387061 0 0 0
605 806 143 60 500481 0 0 0
586 -1789 144 145 867718 0 0 0
-254 1614 18 36 651275 0 0 0
336 1422 159 58 676276 0 0 0
-190 -228 22 114 614750 0 0 0
982 888 114 30 384086 0 0 0
873 -1048 155 6 753758 0 0 0
-1679 -542 26 102 754846 0 0 0
-770 -20 46 59 565491 0 0 0
904 394 139 98 549673 0 0 0
-1030 283 111 135 668247 0 0 0
-1721 389 65 91 758603 0 0 0
857 -999 86 150 742386 0 0 0
889 1305 123 113 596940 0 0 0
308 1523 162 104 788976 0 0 0
-830 640 99 77 667053 0 0 0
81 -850 7 91 720987 0 0 0
1548 1266 128 62 485239 0 0 0
-1435 -553 41 154 368739 0 0 0
-959 -688 84 25 983427 0 0 0
-1030 1662 168 90 321756 0 0 0
1340 254 13 55 248004 0 0 0
-1538 1452 101 151 968886 0 0 0
1447 -1558 83 57 876064 0 0 0
-1688 -1595 90 100 989079 0 0 0
-1298 -717 83 125 123974 0 0 0
-66 997 55 27 814589 0 0 0
323 11 124 8 476523 0 0 0
-192 676 164 147 923803 0 0 0
-1554 -596 30 132 253019 0 0 0
-1440 18 156 96 669860 0 0 0
1077 1088 126 116 276301 0 0 0
-373 249 154 47 961269 0 0 0
498 -518 112 49 193999 0 0 0
1116 660 6 152 280275 0 0 0
1440 1526 89 23 665217 0 0 0
244 -1168 123 2 966553 0 0 0
688 1156 73 23 905814 0 0 0
1005 1145 47 136 703544 0 0 0
-570 -1146 112 70 846145 0 0 0
-190 1303 35 86 436806 0 0 0
-1124 64 43 3 860515 0 0 0
-749 -800 87 145 117891 0 0 0
861 1373 130 25 895543 0 0 0
-1318 -1287 147 5 779282 0 0 0
564 1359 149 48 209109 0 0 0
-1433 458 91 130 296829 0 0 0
92 1099 10 119 876184 0 0 0
-1540 1057 124 146 723419 0 0 0
557 -462 150 68 279405 0 0 0
1281 -89 112 140 138557 0 0 0
1228 1185 146 138 450864 0 0 0
-1455 -749 158 10 774712 0 0 0
-873 -814 105 34 702515 0 0 0
1437 760 126 108 811281 0 0 0
-1133 -1234 73 140 177733 0 0 0
-1376 451 67 147 914100 0 0 0
-359 355 63 130 150746 0 0 0
670 206 115 22 869431 0 0 0
354 1506 103 48 227798 0 0 0
426 -988 142 21 898015 0 0 0
1137 -257 97 79 164486 0 0 0
1144 1531 62 93 667906 0 0 0
-1284 101 53 30 811835 0 0 0
513 1262 98 134 348316 0 0 0
-1066 -1608 95 2 559081 0 0 0
-1687 1397 13 106 771056 0 0 0
-764 -240 17 15 188963 0 0 0
-1417 1431 61 15 880127 0 0 0
-1685 -73 77 108 578951 0 0 0
-5 1309 50 25 976260 0 0 0
1044 436 145 60 574621 0 0 0
759 1123 106 41 781556 0 0 0
-540 -868 110 82 145352 0 0 0
1159 -763 131 31 545160 0 0 0
-38 -1064 127 44 981835 0 0 0
1270 -1612 68 124 508321 0 0 0
963 -1422 13 120 414696 0 0 0
-566 1109 12 42 164343 0 0 0
-1206 -1564 138 17 447301 0 0 0
-1733 746 64 35 510372 0 0 0
255 1357 102 142 164472 0 0 0
-1656 1234 168 60 117539 0 0 0
-292 -1649 118 72 914855 0 0 0
991 676 68 30 333900 0 0 0
-1415 163 156 112 503860 0 0 0
-631 421 6 133 701559 0 0 0
-1338 404 169 144 573415 0 0 0
-491 284 57 154 433309 0 0 0
1788 916 21 106 103419 0 0 0
306 -563 90 21 635119 0 0 0
-462 498 86 45 804829 0 0 0
-323 -1672 24 95 286251 0 0 0
199 -957 36 129 572417 0 0 0
1496 -860 106 36 944218 0 0 0
-1556 -235 68 110 525089 0 0 0
256 -1578 108 155 812208 0 0 0
-73 746 78 1 219220 0 0 0
1791 1544 108 94 781912 0 0 0
-1293 -948 54 99 364358 0 0 0
-84 -863 15 52 825244 0 0 0
-1101 1768 104 51 229347 0 0 0
880 1703 86 143 257753 0 0 0
-1299 965 62 68 153971 0 0 0
-76 664 92 52 859444 0 0 0
-50 1729 151 12 309605 0 0 0
1041 1329 15 80 180998 0 0 0
472 957 44 3 494235 0 0 0
-1488 42 132 96 670910 0 0 0
380 380 65 48 479789 0 0 0
896 1799 1 125 235337 0 0 0
1379 1374 13 5 508828 0 0 0
-715 -475 62 27 697147 0 0 0
-1612 -95 84 99 311510 0 0 0
295 -801 59 45 503654 0 0 0
-1623 972 73 46 156215 0 0 0
-1559 645 60 72 394608 0 0 0
432 20 34 156 496234 0 0 0
-648 1152 25 140 809850 0 0 0
1594 1116 48 69 997567 0 0 0
1616 1492 135 104 992792 0 0 0
-1334 -191 52 98 252294 0 0 0
188 325 95 44 397291 0 0 0
1669 -1658 37 90 603306 0 0 0
1462 -207 19 107 364633 0 0 0
-885 50 74 95 941382 0 0 0
-871 -192 57 118 951856 0 0 0
906 118 2 11 829826 0 0 0
549 63 64 40 990438 0 0 0
1560 -925 84 110 889226 0 0 0
1322 1255 98 16 449778 0 0 0
178 1352 23 76 441212 0 0 0
-1265 1704 122 72 701944 0 0 0
706 439 99 135 567036 0 0 0
21 -1452 45 9 731887 0 0 0
-1348 -634 89 126 686163 0 0 0
-208 1344 117 102 664370 0 0 0
351 594 124 8 249262 0 0 0
463 1011 104 96 192952 0 0 0
-195 1797 121 82 793716 0 0 0
-271 650 75 129 606405 0 0 0
-1052 1327 52 86 162709 0 0 0
-11 1664 140 104 954283 0 0 0
-1502 -227 22 25 476278 0 0 0
1594 -647 16 49 881953 0 0 0
-70 -644 14 42 602749 0 0 0
187 -1498 37 59 594378 0 0 0
-185 733 140 62 186089 0 0 0
163 935 108 120 863865 0 0 0
-1326 1523 15 63 370949 0 0 0
-1776 1420 44 69 799914 0 0 0
1368 -1629 67 150 730857 0 0 0
-1617 941 47 113 325550 0 0 0
1093 626 97 73 181083 0 0 0
531 1643 136 37 523642 0 0 0
589 1240 62 101 539651 0 0 0
230 166 146 120 960173 0 0 0
532 -2 102 27 569912 0 0 0
-907 -384 32 86 841735 0 0 0
10 864 148 32 953034 0 0 0
154 -1768 113 125 305969 0 0 0
-124 556 30 133 758167 0 0 0
-1036 1465 162 60 591514 0 0 0
1292 538 11 77 516559 0 0 0
566 405 53 98 791835 0 0 0
1008 -942 151 7 506478 0 0 0
56 -1295 120 142 499259 0 0 0
-1435 -98 20 51 390901 0 0 0
781 -350 155 156 378721 0 0 0
-1044 -59 80 17 711346 0 0 0
1322 -260 12 23 172607 0 0 0
562 1630 65 154 974556 0 0 0
-1637 1442 4 111 818884 0 0 0
-922 -1005 32 137 141006 0 0 0
0 1586 147 62 458455 0 0 0
322 -1369 82 126 413091 0 0 0
-1027 -130 10 4 241404 0 0 0
-689 1114 156 124 943046 0 0 0
-915 773 159 24 655752 0 0 0
1268 49 109 138 409436 0 0 0
-1271 437 70 22 991242 0 0 0
738 301 22 154 512120 0 0 0
1210 -264 132 149 499262 0 0 0
-727 510 28 153 332163 0 0 0
562 -66 115 87 945402 0 0 0
658 1554 13 135 927128 0 0 0
402 -284 49 17 514732 0 0 0
113 -1415 164 38 522432 0 0 0
32 -1580 112 147 486563 0 0 0
-556 -1395 68 37 888275 0 0 0
510 599 153 99 469709 0 0 0
1224 686 120 124 281718 0 0 0
514 -1153 48 78 391793 0 0 0
-1604 -1665 137 41 548639 0 0 0
-926 -1119 82 71 322852 0 0 0
977 -357 43 38 912803 0 0 0
-1469 -1761 84 71 920510 0 0 0
1181 1284 87 47 156711 0 0 0
476 533 167 108 805767 0 0 0
1104 -1141 112 17 272286 0 0 0
-1783 1734 62 35 964769 0 0 0
1472 -1282 163 56 384538 0 0 0
-1332 -679 33 118 148866 0 0 0
-807 -1040 9 30 654818 0 0 0
-1657 139 96 64 253935 0 0 0
547 660 82 7 893057 0 0 0
114 -955 68 55 396211 0 0 0
-1445 78 161 87 671270 0 0 0
879 -1666 146 67 879093 0 0 0
-1454 753 23 44 764244 0 0 0
1655 294 35 83 949028 0 0 0
125 -340 76 71 175047 0 0 0
1191 1170 164 81 238861 0 0 0
1285 1031 24 19 272835 0 0 0
-890 -1349 22 123 178549 0 0 0
-57 -948 17 23 491768 0 0 0
-974 -201 115 64 437849 0 0 0
243 -529 121 48 414600 0 0 0
869 1776 57 42 167510 0 0 0
1517 233 102 147 346583 0 0 0
-1032 -1365 44 77 390118 0 0 0
1059 -649 128 49 427040 0 0 0
428 1800 40 50 732289 0 0 0
1725 -1637 45 72 306637 0 0 0
211 1561 35 133 242303 0 0 0
-409 533 122 45 840951 0 0 0
655 -1704 136 3 392235 0 0 0
1331 1737 81 148 239870 0 0 0
-1204 -954 160 120 769104 0 0 0
537 -1604 166 107 495342 0 0 0
680 1544 151 21 569711 0 0 0
-747 -853 142 95 107287 0 0 0
-858 1419 49 124 829072 0 0 0
-1046 -304 47 43 526898 0 0 0
-1198 -715 7 110 905963 0 0 0
-371 -647 79 42 119457 0 0 0
-378 641 153 75 354134 0 0 0
-185 953 71 149 605943 0 0 0
635 -35 160 73 137633 0 0 0
-1445 1524 59 79 109258 0 0 0
-1060 -303 103 98 488243 0 0 0
1378 -339 34 117 877310 0 0 0
278 -939 164 137 762059 0 0 0
1563 1053 148 69 194669 0 0 0
-886 800 58 122 854880 0 0 0
1327 -318 131 39 234316 0 0 0
874 -1424 120 92 920588 0 0 0
928 1375 57 94 423616 0 0 0
1240 17 159 149 684116 0 0 0
-6 -303 147 30 168058 0 0 0
-514 1253 52 28 874182 0 0 0
1661 -568 100 52 974316 0 0 0
1538 1757 85 37 803762 0 0 0
755 755 112 22 508854 0 0 0
-276 -622 40 101 895593 0 0 0
958 1556 10 79 467785 0 0 0
344 915 53 6 235206 0 0 0
509 -1414 48 11 442408 0 0 0
1063 1193 52 49 692211 0 0 0
-1586 -1132 14 142 494717 0 0 0
-1746 -984 144 98 205218 0 0 0
-438 -20 167 69 853851 0 0 0
985 -1630 113 32 321071 0 0 0
-1318 -1247 76 86 374841 0 0 0
541 1646 137 53 264937 0 0 0
-1770 -1562 130 37 494298 0 0 0
1338 1593 134 154 523036 0 0 0
-1490 225 130 149 973693 0 0 0
-643 -4 140 136 116728 0 0 0
-800 406 1 28 739036 0 0 0
-1518 964 28 11 466646 0 0 0
1397 261 107 52 528890 0 0 0
1390 -241 156 77 324416 0 0 0
1292 -816 111 56 324398 0 0 0
1597 -1792 52 142 433317 0 0 0
352 -1107 3 82 147122 0 0 0
-1752 1061 145 139 964441 0 0 0
1200 190 108 126 381882 0 0 0
-366 1270 81 30 525773 0 0 0
-1026 -752 35 66 707348 0 0 0
1368 317 41 16 546930 0 0 0
-485 -47 91 149 521067 0 0 0
-1422 1533 80 73 447793 0 0 0
-1036 -1153 76 15 232591 0 0 0
1159 -256 61 61 273675 0 0 0
966 -143 126 52 343703 0 0 0
-66 -901 110 65 971531 0 0 0
41 -952 148 119 823361 0 0 0
1548 -345 101 121 907006 0 0 0
-1739 -383 74 93 113756 0 0 0
-794 -1413 144 125 827804 0 0 0
326 -786 119 22 477468 0 0 0
-1217 1484 112 40 304094 0 0 0
-230 -526 138 29 915391 0 0 0
96 323 129 29 595483 0 0 0
106 1185 83 145 120051 0 0 0
-1545 252 106 25 232761 0 0 0
-645 322 107 36 671051 0 0 0
-238 1162 11 72 857027 0 0 0
422 -1236 127 144 466752 0 0 0
1462 -541 19 51 483599 0 0 0
-72 -1682 84 76 269664 0 0 0
-632 -178 118 71 746249 0 0 0
-676 589 138 6 443653 0 0 0
-57 630 134 53 650078 0 0 0
1720 -1554 137 143 879284 0 0 0
-1065 -1655 99 9 818628 0 0 0
1727 -1761 108 90 211193 0 0 0
281 -4 62 153 458534 0 0 0
1318 -1784 76 101 944080 0 0 0
1143 -1449 108 23 338497 0 0 0
-1105 -530 38 64 212159 0 0 0
-1400 1275 77 65 767519 0 0 0
-82 1286 103 117 482546 0 0 0
-578 -197 70 3 290434 0 0 0
-1592 -1619 112 144 681725 0 0 0
-1519 909 131 33 372750 0 0 0
408 -71 164 89 929341 0 0 0
-1125 930 123 67 513289 0 0 0
1185 503 12 91 262592 0 0 0
1117 -1740 24 20 693993 0 0 0
-970 1620 74 64 855894 0 0 0
1314 -920 11 88 937931 0 0 0
13 1296 164 128 195156 0 0 0
1101 -348 143 12 642299 0 0 0
-794 -1481 133 135 892114 0 0 0
403 1283 52 8 982719 0 0 0
-1251 109 19 21 708525 0 0 0
-1323 1349 53 120 574597 0 0 0
170 -137 43 130 905945 0 0 0
-125 -982 152 153 270795 0 0 0
319 1639 62 31 333018 0 0 0
584 406 23 9 773739 0 0 0
965 -1108 124 140 582414 0 0 0
-1684 -750 107 132 935147 0 0 0
1548 -1682 14 43 720543 0 0 0
-1339 -95 120 39 411587 0 0 0
-1274 1683 16 84 684259 0 0 0
1433 -140 14 156 205792 0 0 0
798 1102 138 99 960270 0 0 0
-1773 -1763 32 4 901685 0 0 0
-1281 -1555 156 137 706097 0 0 0
-803 -1038 98 34 825398 0 0 0
1624 -165 93 110 667646 0 0 0
-1620 -396 153 137 186350 0 0 0
785 -1632 155 73 155521 0 0 0
-1177 -1711 37 134 777377 0 0 0
1145 -410 32 69 489229 0 0 0
-1351 -1414 110 16 343184 0 0 0
1779 -865 9 51 149625 0 0 0
1120 297 131 9 257728 0 0 0
-435 -92 82 70 614076 0 0 0
1277 -1190 88 79 714424 0 0 0
-277 1190 145 8 979164 0 0 0
-1059 -126 5 80 862065 0 0 0
755 1406 138 147 823707 0 0 0
1676 -130 127 82 903755 0 0 0
-1551 -206 111 105 290140 0 0 0
1605 -1321 22 109 326905 0 0 0
-822 551 17 68 482245 0 0 0
96 817 10 7 271625 0 0 0
813 -1687 32 55 141547 0 0 0
141 1405 33 35 569103 0 0 0
316 -927 127 152 149045 0 0 0
-379 1556 157 60 234243 0 0 0
-600 464 11 122 518274 0 0 0
1060 -902 63 48 231305 0 0 0
-1660 228 107 37 454080 0 0 0
1569 266 124 127 417686 0 0 0
938 1743 60 8 363824 0 0 0
-1233 -1517 123 101 770242 0 0 0
250 21 19 156 963343 0 0 0
1656 -893 119 43 640276 0 0 0
-1023 1432 35 101 664292 0 0 0
-1680 919 82 72 284342 0 0 0
-396 1282 102 55 110601 0 0 0
46 -679 109 1 494282 0 0 0
566 -765 1 18 411226 0 0 0
-636 234 161 7 583168 0 0 0
-1283 -1680 137 112 722939 0 0 0
489 161 118 66 751841 0 0 0
1080 -174 39 11 892908 0 0 0
708 -532 165 145 760375 0 0 0
-432 -896 158 154 479422 0 0 0
-1779 520 13 115 688448 0 0 0
49 1427 143 34 740148 0 0 0
767 -1759 127 22 366580 0 0 0
1359 -1076 153 37 856909 0 0 0
-1264 1595 91 8 209733 0 0 0
-552 197 99 37 998840 0 0 0
1068 -1406 146 124 720892 0 0 0
1227 426 53 154 427373 0 0 0
815 -1583 1 5 409711 0 0 0
-238 -1535 23 140 139830 0 0 0
243 -1372 7 76 555621 0 0 0
-568 1562 36 149 865311 0 0 0
-1411 924 112 83 339556 0 0 0
-1351 -1125 160 120 335870 0 0 0
-1770 187 80 141 987901 0 0 0
1607 -718 146 156 797368 0 0 0
639 -1287 134 110 528596 0 0 0
-178 154 62 46 186169 0 0 0
1350 1638 24 63 351246 0 0 0
13 -549 137 154 404206 0 0 0
44 602 118 54 265736 0 0 0
-1721 -1757 64 25 652560 0 0 0
893 -1402 162 123 810172 0 0 0
-1245 -139 141 17 948460 0 0 0
-263 1082 71 36 500596 0 0 0
1408 -780 68 7 935065 0 0 0
-1453 -543 120 57 833345 0 0 0
-1023 -1385 35 74 170011 0 0 0
-1672 -1165 89 14 636095 0 0 0
17 -360 114 54 351028 0 0 0
434 1310 137 74 143718 0 0 0
-1326 -549 148 130 865724 0 0 0
1751 103 38 145 211323 0 0 0
-954 677 161 128 880635 0 0 0
38 80 66 141 261784 0 0 0
-172 243 129 70 959390 0 0 0
170 550 158 16 992477 0 0 0
1368 1459 56 155 869231 0 0 0
-1416 1243 99 36 126679 0 0 0
1747 -1068 19 22 126565 0 0 0
1158 1466 50 47 316678 0 0 0
-781 160 35 117 964427 0 0 0
-1508 1467 156 156 418853 0 0 0
-200 -666 75 65 499986 0 0 0
-87 -1207 169 16 872838 0 0 0
485 1521 58 122 243607 0 0 0
736 -636 65 147 745826 0 0 0
1026 -1385 149 81 283675 0 0 0
-826 -755 63 95 416003 0 0 0
1596 -1209 81 143 780125 0 0 0
1712 765 37 97 364062 0 0 0
1458 21 103 112 461168 0 0 0
1692 638 1 153 156488 0 0 0
-970 1669 61 69 593250 0 0 0
-398 -1521 122 36 563583 0 0 0
193 70 39 51 731770 0 0 0
1652 -682 35 17 224649 0 0 0
-1070 287 164 130 582597 0 0 0
541 593 158 64 870149 0 0 0
1737 -1298 45 87 439065 0 0 0
-34 -420 52 104 141129 0 0 0
-586 1488 87 52 238637 0 0 0
-69 316 146 150 195521 0 0 0
-1496 -1264 120 153 867120 0 0 0
-545 -1185 163 34 975169 0 0 0
1674 -1080 66 30 763428 0 0 0
-999 1681 133 7 523421 0 0 0
-1533 34 153 24 618964 0 0 0
872 -518 27 10 558573 0 0 0
471 440 146 155 855291 0 0 0
1794 187 60 38 813128 0 0 0
1247 295 114 126 676805 0 0 0
-1796 734 163 20 719714 0 0 0
1169 1313 104 39 872645 0 0 0
433 -1001 26 4 671301 0 0 0
1617 570 72 101 746089 0 0 0
-272 -1506 165 66 460669 0 0 0
-1582 171 18 54 603380 0 0 0
823 -440 21 136 737209 0 0 0
-1385 358 130 152 362241 0 0 0
1114 1535 28 40 929669 0 0 0
-494 789 99 145 774623 0 0 0
-1129 -1400 123 62 441908 0 0 0
414 501 167 83 387587 0 0 0
1282 117 134 116 701629 0 0 0
207 -596 149 149 877173 0 0 0
1734 -1029 51 134 668546 0 0 0
-1267 210 116 134 492920 0 0 0
319 -30 8 154 958026 0 0 0
255 -1082 56 135 670759 0 0 0
-829 1017 53 56 636070 0 0 0
912 193 123 14 704642 0 0 0
-465 1111 108 19 296913 0 0 0
432 527 152 83 327057 0 0 0
-1164 1254 10 111 264380 0 0 0
-864 602 133 58 754591 0 0 0
1368 -788 113 54 355487 0 0 0
1137 -348 13 153 703919 0 0 0
568 1694 98 30 300293 0 0 0
1608 -423 51 60 492484 0 0 0
-1514 -514 138 63 752137 0 0 0
-1048 348 2 87 666038 0 0 0
-491 434 146 60 490006 0 0 0
-598 -805 78 32 855279 0 0 0
-454 -97 95 48 340567 0 0 0
1433 1111 76 8 219156 0 0 0
-1214 -529 103 105 451916 0 0 0
-324 1033 45 105 395298 0 0 0
221 -1132 100 52 392928 0 0 0
-1127 -1346 32 40 198019 0 0 0
-781 -1423 10 19 356862 0 0 0
1786 -1196 111 95 145674 0 0 0
-6 -1337 139 131 879537 0 0 0
157 197 100 149 214732 0 0 0
-265 -599 77 98 509970 0 0 0
1371 408 53 25 268292 0 0 0
835 1460 56 8 111962 0 0 0
905 947 139 29 564057 0 0 0
-942 -1309 112 52 414240 0 0 0
-1760 -1278 84 73 323577 0 0 0
-1266 1030 131 124 530180 0 0 0
1655 -1367 137 98 855712 0 0 0
-724 675 87 80 727765 0 0 0
-1783 -132 106 59 875374 0 0 0
-337 1227 129 103 394623 0 0 0
-971 1426 56 120 401479 0 0 0
-854 1516 156 62 330183 0 0 0
-1259 -950 59 36 686128 0 0 0
-1512 1272 83 81 518026 0 0 0
1213 479 4 29 765658 0 0 0
-570 -480 37 63 712203 0 0 0
1009 -564 54 98 353330 0 0 0
-1166 1346 130 54 683465 0 0 0
-1674 -367 99 3 666241 0 0 0
422 -692 162 149 116550 0 0 0
-1217 91 98 88 720621 0 0 0
500 1687 12 35 322478 0 0 0
-620 993 94 95 700591 0 0 0
-814 664 103 96 187723 0 0 0
1793 1049 115 79 595706 0 0 0
941 -431 52 102 780025 0 0 0
-1485 -1369 113 4 349440 0 0 0
-369 1111 46 1 712818 0 0 0
1558 1177 24 4 181302 0 0 0
1455 -1632 58 148 445251 0 0 0
-1262 1082 37 14 575880 0 0 0
1177 563 47 94 220722 0 0 0
-66 -307 12 3 495470 0 0 0
-26 1212 89 123 532000 0 0 0
252 -649 165 14 149878 0 0 0
-1788 -1789 140 101 492705 0 0 0
-577 1380 122 74 991513 0 0 0
1574 -223 71 38 694099 0 0 0
-643 -927 27 83 549104 0 0 0
-282 -93 111 93 616732 0 0 0
-745 -1046 68 68 267257 0 0 0
1084 1542 59 34 564184 0 0 0
-1587 863 100 46 466488 0 0 0
-24 -1376 114 128 366467 0 0 0
1033 -348 101 34 994661 0 0 0
-1249 828 131 52 658461 0 0 0
-954 1644 16 34 593250 0 0 0
-1593 -770 135 28 775288 0 0 0
223 -1347 42 73 745700 0 0 0
1712 1125 77 91 431166 0 0 0
575 1564 78 63 584039 0 0 0
1792 1310 163 141 403251 0 0 0
961 1346 86 76 991039 0 0 0
1029 895 142 22 134624 0 0 0
426 -1101 7 156 561701 0 0 0
676 -435 71 93 438219 0 0 0
1328 -1105 60 137 336630 0 0 0
716 -626 100 14 368307 0 0 0
370 -673 152 20 933689 0 0 0
1674 348 100 13 260257 0 0 0
1233 -1590 133 2 127156 0 0 0
-253 -718 103 145 607664 0 0 0
1542 -1783 47 108 488191 0 0 0
-357 1302 96 15 575992 0 0 0
-359 -1495 144 30 221845 0 0 0
1146 -816 87 65 877355 0 0 0
684 -229 115 79 114641 0 0 0
925 -1560 38 127 726135 0 0 0
577 436 129 24 417016 0 0 0
71 646 10 1 276214 0 0 0
-1282 -1765 133 8 454833 0 0 0
-1310 -1247 95 78 727492 0 0 0
-164 -144 124 155 734465 0 0 0
1660 1112 138 69 230318 0 0 0
-403 -1612 58 34 125967 0 0 0
-950 -1469 153 88 978447 0 0 0
1258 -712 19 144 601793 0 0 0
-262 -1658 65 77 813735 0 0 0
-1595 -1796 148 111 297427 0 0 0
1648 -176 48 56 710235 0 0 0
547 -343 169 18 923106 0 0 0
-1654 4 106 108 199887 0 0 0
437 251 163 76 605640 0 0 0
-1346 1603 39 11 208491 0 0 0
-534 77 101 155 285583 0 0 0
163 937 146 129 197489 0 0 0
-1284 1575 88 5 465024 0 0 0
-225 -130 105 97 476586 0 0 0
-214 1011 127 135 975392 0 0 0
-605 693 168 51 611706 0 0 0
-75 -610 155 146 486869 0 0 0
1277 69 81 25 628649 0 0 0
1505 -790 124 135 119835 0 0 0
-170 889 29 7 324544 0 0 0
959 -777 30 120 668417 0 0 0
-1791 999 45 68 944278 0 0 0
-991 -315 35 143 962862 0 0 0
127 -930 166 78 265036 0 0 0
192 -1503 3 73 779802 0 0 0
-297 -1798 3 3 725771 0 0 0
1275 -728 6 43 786701 0 0 0
1668 669 136 12 249505 0 0 0
1546 144 21 142 453276 0 0 0
289 593 3 34 582342 0 0 0
-1162 -399 8 5 577927 0 0 0
-273 1420 18 54 359890 0 0 0
-65 -1114 91 79 490706 0 0 0
-404 1641 14 149 164912 0 0 0
154 -60 88 57 100741 0 0 0
869 467 20 10 334725 0 0 0
1326 870 105 153 517002 0 0 0
190 686 51 36 672796 0 0 0
1200 251 133 97 857303 0 0 0
-634 433 98 42 984171 0 0 0
-1533 -192 58 15 685561 0 0 0
-312 -1044 20 156 371107 0 0 0
1795 -1370 88 65 987287 0 0 0
1371 -437 73 5 859277 0 0 0
-148 730 38 155 119944 0 0 0
97 -856 2 73 583503 0 0 0
-403 1016 79 81 427623 0 0 0
-1267 506 150 58 708708 0 0 0
-1529 -1217 7 69 646074 0 0 0
-1609 621 109 154 604445 0 0 0
-1479 890 84 102 545268 0 0 0
608 105 96 153 637882 0 0 0
1349 -1120 40 151 651550 0 0 0
106 482 23 82 164940 0 0 0
-898 -784 73 145 113440 0 0 0
1017 -1588 120 3 264715 0 0 0
-188 -437 65 19 974480 0 0 0
1303 314 71 131 365919 0 0 0
-730 570 71 95 223570 0 0 0
1399 1577 21 109 161419 0 0 0
-1104 -1718 20 18 630316 0 0 0
569 64 30 31 952228 0 0 0
1025 1757 128 16 399776 0 0 0
-509 264 98 115 915827 0 0 0
1581 1212 67 2 558608 0 0 0
907 1157 133 74 330566 0 0 0
-543 1536 37 84 968689 0 0 0
-1274 -385 41 123 344141 0 0 0
799 177 122 119 490162 0 0 0
199 -1568 48 34 839650 0 0 0
-646 -1258 70 11 484395 0 0 0
1541 156 17 16 396430 0 0 0
-842 1381 115 141 579077 0 0 0
119 -1320 124 141 271054 0 0 0
-174 256 43 122 141160 0 0 0
1560 -1040 158 148 765410 0 0 0
507 -864 113 41 935586 0 0 0
463 -343 142 35 604560 0 0 0
-805 447 150 94 418038 0 0 0
-620 1179 84 67 334365 0 0 0
843 -805 162 81 835964 0 0 0
1443 300 40 93 932465 0 0 0
197 -1321 152 99 868459 0 0 0
-533 -543 146 145 241396 0 0 0
761 640 5 83 831328 0 0 0
-1052 -1141 11 97 487124 0 0 0
-985 767 163 33 322403 0 0 0
-1201 -322 3 112 228270 0 0 0
-639 1627 140 151 771175 0 0 0
1247 347 149 15 963676 0 0 0
-405 -1367 56 100 780322 0 0 0
-113 1186 72 125 548203 0 0 0
238 1457 164 124 344787 0 0 0
677 1784 93 14 728959 0 0 0
792 -695 64 72 120291 0 0 0
-162 -1236 2 17 975163 0 0 0
1166 -1205 21 116 518488 0 0 0
-1590 136 114 32 555495 0 0 0
-1442 1133 34 110 313712 0 0 0
-1225 -1362 122 74 464319 0 0 0
784 -1454 97 89 270788 0 0 0
-1481 -942 135 149 168822 0 0 0
-676 -79 136 38 867656 0 0 0
327 7 50 90 450195 0 0 0
-683 -780 38 66 240866 0 0 0
-858 -616 105 95 330074 0 0 0
467 500 61 139 598172 0 0 0
-1031 -848 80 20 221202 0 0 0
-164 1073 47 98 847074 0 0 0
1134 651 64 143 539558 0 0 0
-1608 1029 66 36 946098 0 0 0
259 -910 28 92 616928 0 0 0
301 1711 18 39 785939 0 0 0
-1252 190 11 145 961511 0 0 0
-1130 -77 122 3 639450 0 0 0
-1775 639 158 77 990947 0 0 0
237 515 19 103 749266 0 0 0
1750 126 5 133 602927 0 0 0
334 -74 142 9 953547 0 0 0
978 -509 31 109 867868 0 0 0
-179 39 91 33 541540 0 0 0
-1235 47 20 45 904291 0 0 0
1205 136 161 8 605438 0 0 0
1153 -600 136 135 797911 0 0 0
-1599 448 121 135 705203 0 0 0
-879 -305 84 141 476137 0 0 0
343 -1213 164 54 869366 0 0 0
1066 451 63 25 972942 0 0 0
-926 1576 86 144 419332 0 0 0
1376 -63 30 92 582012 0 0 0
647 11 29 43 203041 0 0 0
-602 793 158 7 647554 0 0 0
1614 -519 4 115 927954 0 0 0
1330 -1260 99 65 955792 0 0 0
-1013 -450 66 151 115655 0 0 0
1424 1039 39 32 544442 0 0 0
-26 105 62 2 110000 0 0 0
-86 -484 5 31 893376 0 0 0
1312 222 103 52 545862 0 0 0
512 1204 156 156 456864 0 0 0
35 1352 27 144 633853 0 0 0
-94 90 114 71 450492 0 0 0
-108 1329 19 39 405574 0 0 0
1217 1468 12 103 486262 0 0 0
204 990 156 78 388979 0 0 0
772 -1438 166 35 595431 0 0 0
554 212 60 94 938312 0 0 0
-967 -1233 140 15 634785 0 0 0
-283 -988 99 39 345197 0 0 0
317 740 19 66 119636 0 0 0
-901 994 140 120 118184 0 0 0
-360 1409 76 51 859609 0 0 0
72 -1701 38 30 788657 0 0 0
553 -207 17 142 676838 0 0 0
-582 1253 146 17 142683 0 0 0
736 -471 100 15 356954 0 0 0
208 -1270 141 52 491776 0 0 0
-835 -841 5 83 789920 0 0 0
1753 1175 43 148 255792 0 0 0
-1792 121 120 148 575155 0 0 0
860 1678 93 89 726875 0 0 0
600 -1134 111 151 591948 0 0 0
1166 -547 7 131 356095 0 0 0
499 -342 82 61 521767 0 0 0
-1795 -937 19 84 683339 0 0 0
1731 650 33 40 400106 0 0 0
1685 -567 110 39 419270 0 0 0
374 314 55 28 600282 0 0 0
-1389 977 147 69 965063 0 0 0
-1621 18 99 55 903033 0 0 0
-1438 -233 91 102 669944 0 0 0
-608 37 46 118 787125 0 0 0
-86 1063 4 109 185032 0 0 0
-1012 505 101 110 455480 0 0 0
1352 1368 51 128 799673 0 0 0
353 633 15 107 209740 0 0 0
-99 1656 138 9 346260 0 0 0
-252 311 103 38 152867 0 0 0
-1055 -528 146 156 195113 0 0 0
-1756 -1556 21 32 114879 0 0 0
-506 455 150 101 465003 0 0 0
-36 791 37 21 659892 0 0 0
-1689 181 105 150 940024 0 0 0
214 802 122 70 425220 0 0 0
-814 -1403 11 127 977482 0 0 0
-422 632 87 58 617644 0 0 0
-1098 -1589 123 105 414984 0 0 0
534 1506 75 136 507025 0 0 0
-1260 1714 71 146 728988 0 0 0
1308 -1320 54 88 179619 0 0 0
813 1264 146 57 131582 0 0 0
-1548 -1606 120 33 516900 0 0 0
-1433 1747 11 60 630998 0 0 0
-1561 1451 101 122 426939 0 0 0
540 13 121 31 462266 0 0 0
860 52 107 9 864994 0 0 0
771 1512 2 79 802373 0 0 0
1469 -828 111 126 195454 0 0 0
-1308 -753 115 39 374873 0 0 0
-1448 331 133 79 124867 0 0 0
-30 1392 169 30 334417 0 0 0
655 -1356 144 51 421232 0 0 0
-1005 1170 132 72 807039 0 0 0
772 1699 47 61 811490 0 0 0
-1070 -333 10 77 159815 0 0 0
-709 93 39 134 167995 0 0 0
-419 977 9 114 549973 0 0 0
-991 971 61 35 758370 0 0 0
616 1389 78 99 564891 0 0 0
-819 1228 10 133 281502 0 0 0
-746 830 47 118 799081 0 0 0
-946 -1307 122 24 280676 0 0 0
-344 -1533 74 146 433136 0 0 0
-228 1034 137 111 685411 0 0 0
380 1389 20 130 608121 0 0 0
1752 -1144 56 108 804905 0 0 0
397 204 70 129 939687 0 0 0
-1205 910 81 147 514789 0 0 0
1120 1549 51 80 350564 0 0 0
1548 1359 58 148 681185 0 0 0
1578 -327 111 48 560460 0 0 0
1275 -342 68 141 851059 0 0 0
338 -414 19 127 278865 0 0 0
791 -1701 139 134 653522 0 0 0
1357 955 16 19 411170 0 0 0
-1228 1540 35 14 481868 0 0 0
-333 512 98 142 644771 0 0 0
66 1155 159 2 991945 0 0 0
1371 552 79 11 509171 0 0 0
658 1756 143 124 328073 0 0 0
956 -832 130 52 742935 0 0 0
-1036 -392 33 118 214880 0 0 0
-1482 -927 114 7 166092 0 0 0
-1048 502 86 98 626950 0 0 0
-436 -1126 57 17 248679 0 0 0
-1774 -810 154 81 177818 0 0 0
-962 -904 74 44 700838 0 0 0
-341 -1620 66 56 119479 0 0 0
462 -863 70 140 206823 0 0 0
1198 -1293 161 18 737956 0 0 0
1414 769 43 141 248676 0 0 0
918 1540 34 59 147021 0 0 0
-852 96 167 94 902024 0 0 0
263 1646 158 39 719069 0 0 0
-1191 529 81 86 940596 0 0 0
-1532 1064 116 16 770236 0 0 0
-1565 -1493 119 1 367633 0 0 0
154 -2 134 87 322585 0 0 0
-1133 -1409 169 139 970335 0 0 0
990 206 158 100 234589 0 0 0
-625 941 165 11 486503 0 0 0
1540 1246 66 66 722104 0 0 0
1659 1601 81 79 619269 0 0 0
-1770 128 72 114 109855 0 0 0
1692 1091 65 39 409759 0 0 0
613 162 90 49 922266 0 0 0
582 -462 124 108 400460 0 0 0
-1070 203 69 110 999230 0 0 0
517 -112 15 147 552827 0 0 0
-125 954 6 24 664781 0 0 0
-1645 1764 105 141 224073 0 0 0
-968 -652 93 92 916777 0 0 0
172 -1047 164 140 889105 0 0 0
431 884 160 3 531083 0 0 0
1654 -117 35 34 438855 0 0 0
-931 -954 107 23 395303 0 0 0
-759 -1292 130 94 402742 0 0 0
1608 -225 115 32 630498 0 0 0
-1612 1004 69 38 757396 0 0 0
693 202 54 33 323653 0 0 0
-1633 -535 93 147 646494 0 0 0
-60 1718 10 57 843833 0 0 0
-801 -398 39 70 978995 0 0 0
-1307 883 55 70 821220 0 0 0
-312 -1047 152 142 580168 0 0 0
1635 -719 90 123 989332 0 0 0
-1778 -1184 154 142 184970 0 0 0
487 217 131 114 234036 0 0 0
-405 986 37 67 461555 0 0 0
-666 916 101 54 786376 0 0 0
-179 -522 61 9 668677 0 0 0
293 501 60 134 366571 0 0 0
1375 -1225 3 75 740021 0 0 0
-1450 609 85 130 881814 0 0 0
-282 74 151 26 858782 0 0 0
-554 847 101 26 885337 0 0 0
-302 1642 103 105 773012 0 0 0
1789 1127 155 126 690130 0 0 0
-1101 771 93 72 880022 0 0 0
-924 -1633 159 1 948080 0 0 0
1598 1478 87 125 648401 0 0 0
-1057 -313 55 61 197088 0 0 0
1319 -463 104 44 434510 0 0 0
541 733 93 99 532663 0 0 0
-1190 -37 160 132 582322 0 0 0
-1056 417 136 122 727582 0 0 0
-1103 -1197 130 20 686132 0 0 0
-51 -1584 146 74 725038 0 0 0
-904 -1411 65 19 918521 0 0 0
-1605 1675 122 19 680808 0 0 0
432 -849 106 118 291500 0 0 0
1258 1167 88 97 448208 0 0 0
-898 1461 9 133 476466 0 0 0
1296 900 88 59 785383 0 0 0
-25 275 72 8 172551 0 0 0
-105 -1707 49 118 329970 0 0 0
781 -879 25 105 729965 0 0 0
597 -614 56 29 703696 0 0 0
1512 249 60 148 256935 0 0 0
200 -1624 137 127 979669 0 0 0
1206 -1190 144 19 452285 0 0 0
1016 600 158 39 691876 0 0 0
-473 1565 18 89 309050 0 0 0
655 1224 2 18 493296 0 0 0
-409 -1577 46 27 842851 0 0 0
-581 -1202 137 25 638304 0 0 0
-761 1264 101 39 197695 0 0 0
863 -289 138 123 398585 0 0 0
1220 -451 89 96 101816 0 0 0
-799 -1419 85 7 513818 0 0 0
951 -605 87 88 202015 0 0 0
447 -902 13 18 342823 0 0 0
307 1398 116 102 675997 0 0 0
345 219 25 57 137692 0 0 0
991 -1138 68 13 322748 0 0 0
-1662 -1207 30 11 415856 0 0 0
-867 882 139 30 843146 0 0 0
-406 313 40 83 705858 0 0 0
-1186 41 19 115 518441 0 0 0
-1376 43 13 33 324867 0 0 0
429 1278 2 156 676766 0 0 0
281 -636 52 65 704041 0 0 0
-751 157 95 44 593663 0 0 0
1219 1462 149 138 363642 0 0 0
-1305 668 25 89 260317 0 0 0
-730 1491 88 155 731291 0 0 0
-810 487 132 133 409543 0 0 0
1325 -1309 19 142 485880 0 0 0
716 -1474 66 45 245254 0 0 0
-741 -1565 118 62 468592 0 0 0
1540 1175 130 19 559419 0 0 0
852 121 104 32 231372 0 0 0
1471 -218 36 31 818425 0 0 0
1016 -1107 20 94 785045 0 0 0
1065 346 146 5 834327 0 0 0
-418 488 167 30 430131 0 0 0
509 508 69 19 145395 0 0 0
-591 202 15 120 312254 0 0 0
-1441 1320 146 139 652671 0 0 0
-1753 -1649 150 68 267010 0 0 0
1258 -1622 55 118 327221 0 0 0
-1151 -813 9 130 326176 0 0 0
-673 -611 141 74 911707 0 0 0
1042 1087 21 154 518117 0 0 0
-672 -1370 93 126 117365 0 0 0
804 838 95 86 826114 0 0 0
398 152 93 61 369717 0 0 0
-1535 518 166 30 852495 0 0 0
540 -975 106 59 175341 0 0 0
1107 -1071 6 92 667228 0 0 0
-1240 -441 122 103 653362 0 0 0
489 546 146 66 316411 0 0 0
-304 -424 31 60 794643 0 0 0
-918 226 114 20 791957 0 0 0
655 -1 1 40 103574 0 0 0
1742 -801 133 44 924880 0 0 0
317 1381 75 56 497185 0 0 0
1685 890 47 52 562001 0 0 0
13 1581 68 52 563764 0 0 0
-402 -156 42 44 183817 0 0 0
1777 449 75 45 357390 0 0 0
646 108 60 7 178990 0 0 0
-823 749 94 75 930513 0 0 0
1188 988 115 26 114375 0 0 0
1776 1044 116 64 257496 0 0 0
947 736 16 86 625300 0 0 0
-554 230 94 110 622282 0 0 0
-268 -920 14 15 245893 0 0 0
-77 634 127 95 945259 0 0 0
-579 -1571 106 34 375318 0 0 0
1511 -1570 131 113 496682 0 0 0
557 280 43 4 201408 0 0 0
-1318 -545 42 25 154847 0 0 0
1675 -829 11 97 652229 0 0 0
1318 -1485 22 76 660709 0 0 0
1554 1380 89 95 139153 0 0 0
352 377 144 139 836134 0 0 0
-370 1039 54 118 958747 0 0 0
-1102 -684 78 35 118762 0 0 0
409 -1659 148 49 768728 0 0 0
1698 14 97 6 627015 0 0 0
920 540 88 129 326646 0 0 0
630 -590 32 71 828215 0 0 0
-268 -1693 151 79 646787 0 0 0
386 1725 92 130 456761 0 0 0
589 553 153 89 902398 0 0 0
-818 917 50 104 772750 0 0 0
-1472 -443 133 73 341296 0 0 0
112 -1064 73 35 431487 0 0 0
-789 -86 11 39 416275 0 0 0
-291 560 133 126 505054 0 0 0
1376 1016 93 147 508545 0 0 0
46 -796 38 76 469733 0 0 0
943 1373 128 67 438593 0 0 0
1020 377 70 104 855791 0 0 0
959 -644 125 150 344168 0 0 0
1459 -662 94 125 331085 0 0 0
-1297 1095 63 118 242960 0 0 0
412 783 132 31 648245 0 0 0
-1090 -245 70 141 671816 0 0 0
-1399 -1535 66 59 631829 0 0 0
745 1686 100 98 691271 0 0 0
-768 624 26 113 295344 0 0 0
-1323 -746 159 36 545806 0 0 0
-1617 881 17 98 572860 0 0 0
1266 -921 5 148 477702 0 0 0
-1082 1420 134 76 824199 0 0 0
-331 -649 99 102 885518 0 0 0
-237 -321 133 69 559770 0 0 0
-1738 -294 162 112 469925 0 0 0
387 -1505 126 20 516089 0 0 0
-739 -1184 69 83 346561 0 0 0
-1599 -1305 146 16 944644 0 0 0
724 1263 109 55 772675 0 0 0
-1081 1514 150 5 669189 0 0 0
-1576 -1060 119 16 124196 0 0 0
-768 988 165 86 332317 0 0 0
755 440 41 135 269122 0 0 0
1797 1040 86 128 474480 0 0 0
300 446 102 15 246204 0 0 0
-336 392 50 36 898097 0 0 0
1143 -1531 94 127 739952 0 0 0
886 -1500 116 61 963700 0 0 0
967 579 114 104 819680 0 0 0
-491 928 16 6 834391 0 0 0
-925 -1424 150 142 581684 0 0 0
-1558 300 148 97 282060 0 0 0
-1062 -1575 109 41 422900 0 0 0
1163 -909 8 23 542909 0 0 0
66 -392 27 10 189982 0 0 0
584 -705 78 107 639214 0 0 0
441 -1570 98 135 418831 0 0 0
935 -1689 91 2 884828 0 0 0
1143 -1613 149 74 909018 0 0 0
1127 -1655 136 89 997020 0 0 0
-1619 -822 107 104 492090 0 0 0
315 1152 77 75 597996 0 0 0
99 808 7 70 846751 0 0 0
971 1411 21 79 654160 0 0 0
1032 1516 112 3 593567 0 0 0
-1226 -804 66 104 487322 0 0 0
-294 1468 17 30 957712 0 0 0
-748 -839 133 88 316490 0 0 0
-1798 1481 100 110 567026 0 0 0
423 1146 162 76 119595 0 0 0
-1122 -538 72 66 735772 0 0 0
-901 1514 87 2 796921 0 0 0
432 1654 79 28 211380 0 0 0
1103 1388 58 73 752863 0 0 0
-1500 192 4 73 219205 0 0 0
1145 869 114 108 620699 0 0 0
-1728 -1573 100 131 120445 0 0 0
103 318 101 135 625607 0 0 0
1193 -1043 8 141 252664 0 0 0
-1788 -640 133 100 297492 0 0 0
431 1263 26 147 551860 0 0 0
-1519 -1346 62 98 333711 0 0 0
388 -1478 6 86 129383 0 0 0
585 889 155 22 533707 0 0 0
-1013 -1485 94 83 413469 0 0 0
-1243 123 77 12 987182 0 0 0
-179 -1065 104 84 753372 0 0 0
1668 -1285 81 89 117179 0 0 0
1031 -947 53 14 154205 0 0 0
-820 1278 141 87 562222 0 0 0
424 514 101 154 360089 0 0 0
931 -124 148 128 239982 0 0 0
-564 -353 108 31 993648 0 0 0
1592 139 17 131 268571 0 0 0
-977 -978 90 76 789990 0 0 0
412 497 160 147 926029 0 0 0
-239 667 86 27 201427 0 0 0
333 -1083 82 92 490567 0 0 0
-1728 -1305 88 104 479692 0 0 0
-780 1649 131 105 215601 0 0 0
-496 477 14 109 803991 0 0 0
-911 -360 160 38 843844 0 0 0
-256 1457 101 12 233780 0 0 0
-326 19 85 21 651121 0 0 0
1095 659 64 65 460247 0 0 0
-26 1213 33 35 690930 0 0 0
-1610 -1121 22 120 991315 0 0 0
1563 347 10 29 866716 0 0 0
-1675 -298 128 133 754675 0 0 0
98 915 114 85 555477 0 0 0
1138 -1268 95 135 932586 0 0 0
-680 -245 9 121 528987 0 0 0
1092 -534 152 56 656400 0 0 0
-321 1474 17 112 821922 0 0 0
-125 -74 96 1 503929 0 0 0
1164 1080 74 29 308147 0 0 0
-1378 -1169 63 48 280450 0 0 0
-411 792 7 130 457944 0 0 0
94 -1269 114 37 564271 0 0 0
-301 915 89 143 376901 0 0 0
-419 156 62 57 703144 0 0 0
917 852 60 151 630155 0 0 0
-241 1622 142 143 531311 0 0 0
-1615 -193 47 121 351443 0 0 0
-496 -605 120 60 303367 0 0 0
-1485 1076 135 98 792894 0 0 0
-662 71 75 127 476349 0 0 0
490 386 153 147 585010 0 0 0
1779 -1494 44 14 720594 0 0 0
58 -343 128 71 871703 0 0 0
162 1325 136 117 594350 0 0 0
-538 1235 127 121 385349 0 0 0
917 -1132 44 101 505504 0 0 0
1745 -170 29 51 200382 0 0 0
-310 1559 102 45 165654 0 0 0
1400 -751 8 32 741573 0 0 0
-1324 1231 153 146 357245 0 0 0
-479 975 98 57 356021 0 0 0
1085 -138 118 52 147812 0 0 0
871 1241 167 38 473509 0 0 0
-436 25 43 36 243879 0 0 0
-270 1207 45 107 812641 0 0 0
-1406 -623 105 138 772486 0 0 0
800 248 151 88 725841 0 0 0
1778 -1040 77 134 129396 0 0 0
227 -108 124 153 486391 0 0 0
-895 1266 39 125 680454 0 0 0
264 -1356 91 36 264394 0 0 0
1344 -1217 50 110 783141 0 0 0
195 -186 2 67 200749 0 0 0
751 -261 17 28 824104 0 0 0
-1084 -1521 110 133 135918 0 0 0
1405 -839 121 44 662779 0 0 0
-317 423 149 154 508116 0 0 0
468 -679 73 16 728053 0 0 0
524 273 119 132 994889 0 0 0
-1657 -346 107 46 457754 0 0 0
1555 -1651 161 22 448311 0 0 0
1012 -492 117 96 577720 0 0 0
-807 119 14 28 697225 0 0 0
1073 1766 140 88 480755 0 0 0
626 -488 138 50 378620 0 0 0
-964 811 18 16 415769 0 0 0
349 871 50 93 167186 0 0 0
-328 -871 13 25 766873 0 0 0
-991 -777 67 62 287746 0 0 0
147 -436 9 136 249374 0 0 0
1579 -1349 15 45 818728 0 0 0
410 754 55 50 844631 0 0 0
-435 -1393 59 72 961366 0 0 0
-1560 1552 83 102 766734 0 0 0
-151 -1154 98 80 333154 0 0 0
734 692 26 89 113606 0 0 0
-1112 554 22 56 378418 0 0 0
1725 1444 8 32 209965 0 0 0
-595 -213 160 37 710665 0 0 0
-742 -943 49 118 818861 0 0 0
1601 -1244 135 28 788508 0 0 0
513 653 142 57 697619 0 0 0
-114 633 136 115 883889 0 0 0
821 -610 151 73 339604 0 0 0
-748 210 146 45 530246 0 0 0
1390 -1243 12 39 986668 0 0 0
-1144 780 104 75 825741 0 0 0
-556 -465 85 62 194255 0 0 0
-209 -1462 136 129 724297 0 0 0
1552 -1575 86 129 491305 0 0 0
1328 -876 164 51 156128 0 0 0
-1406 -1395 108 21 348449 0 0 0
-1396 -1284 165 156 784068 0 0 0
-1094 642 38 17 678630 0 0 0
1290 313 131 112 667021 0 0 0
-1288 820 144 61 160381 0 0 0
1272 -1739 1 139 172120 0 0 0
-476 -113 157 44 459751 0 0 0
-324 -373 67 4 858663 0 0 0
-362 -842 4 74 659591 0 0 0
572 -1621 104 147 160782 0 0 0
164 117 38 142 536612 0 0 0
-758 1446 26 151 423186 0 0 0
835 -1317 5 41 989321 0 0 0
-106 -1282 115 9 414056 0 0 0
1442 -785 95 133 300157 0 0 0
1308 161 51 88 596038 0 0 0
934 -1185 5 53 521741 0 0 0
78 -1296 83 89 968520 0 0 0
1287 122 31 89 704526 0 0 0
-263 614 140 99 468159 0 0 0
572 -758 115 13 977292 0 0 0
1028 1419 103 61 331433 0 0 0
867 1044 6 103 339495 0 0 0
792 -164 146 131 167974 0 0 0
1589 1134 37 91 210714 0 0 0
568 1654 16 78 971347 0 0 0
-400 986 102 70 309550 0 0 0
-443 -889 97 70 345171 0 0 0
215 1184 127 102 484824 0 0 0
-1018 -322 36 1 179135 0 0 0
1298 12 140 143 901174 0 0 0
802 -115 163 68 763334 0 0 0
690 -1800 94 135 744330 0 0 0
707 -933 121 78 351157 0 0 0
-729 -1177 91 20 847795 0 0 0
857 843 6 115 335578 0 0 0
1757 -1224 70 48 171435 0 0 0
-266 -1726 62 124 519134 0 0 0
692 -1021 88 52 414762 0 0 0
-444 405 166 13 625227 0 0 0
-1388 -708 7 4 464481 0 0 0
-804 -212 104 31 276659 0 0 0
1438 -656 101 27 878238 0 0 0
-1210 1129 148 129 833683 0 0 0
1305 -1423 44 116 243200 0 0 0
1742 -689 48 146 180389 0 0 0
621 927 113 119 227039 0 0 0
554 574 108 32 331748 0 0 0
-962 1011 84 126 157979 0 0 0
1518 -834 87 29 541765 0 0 0
-529 1416 160 150 438838 0 0 0
-1296 -1303 5 44 156290 0 0 0
-152 -441 138 2 671585 0 0 0
1662 -291 149 44 467453 0 0 0
930 -1644 142 50 127092 0 0 0
76 1311 143 142 435380 0 0 0
107 -1327 63 107 582700 0 0 0
1517 -339 87 26 468914 0 0 0
-1473 1518 80 146 549555 0 0 0
-1518 894 28 104 563791 0 0 0
1042 451 72 125 650289 0 0 0
-1751 183 124 36 629117 0 0 0
1690 1039 70 57 898389 0 0 0
1463 480 13 34 373243 0 0 0
601 297 124 102 423987 0 0 0
1601 185 167 139 491004 0 0 0
-756 632 48 52 406299 0 0 0
-628 441 146 55 217182 0 0 0
1565 -722 29 142 308043 0 0 0
-1772 -952 54 137 368408 0 0 0
251 -1524 127 16 182092 0 0 0
-279 458 23 36 721511 0 0 0
-1438 556 19 63 858769 0 0 0
175 -414 110 2 673923 0 0 0
-403 -709 133 15 789608 0 0 0
-1499 1624 100 64 110071 0 0 0
499 -461 48 1 219018 0 0 0
1663 1421 93 57 354381 0 0 0
524 1614 136 113 781064 0 0 0
-1761 -547 49 7 234575 0 0 0
-559 -1056 111 2 620966 0 0 0
-428 -582 35 42 999717 0 0 0
64 -1661 128 5 918582 0 0 0
-263 1097 119 109 585163 0 0 0
-1294 -701 51 80 745112 0 0 0
186 1394 35 36 727102 0 0 0
-1001 526 47 90 375084 0 0 0
-659 -379 46 30 759357 0 0 0
1285 -742 117 114 141798 0 0 0
596 487 82 142 149030 0 0 0
-659 -776 60 38 560266 0 0 0
-791 1308 119 69 940196 0 0 0
41 754 60 105 243089 0 0 0
-453 1703 134 54 190777 0 0 0
-546 688 64 5 658791 0 0 0
-1780 -957 61 101 678708 0 0 0
-1204 -1387 24 84 443945 0 0 0
-342 -1490 59 149 456628 0 0 0
1220 220 29 148 368045 0 0 0
1493 -1781 48 44 125374 0 0 0
-1683 -1734 140 12 796513 0 0 0
-1540 1031 78 156 458198 0 0 0
588 -713 2 126 247726 0 0 0
-558 -527 149 33 277410 0 0 0
771 1010 83 86 163773 0 0 0
-249 148 74 42 123755 0 0 0
899 -756 94 64 509986 0 0 0
-250 -48 105 107 917570 0 0 0
-897 1529 49 49 160802 0 0 0
1156 -1062 10 80 356488 0 0 0
1401 1233 112 152 272663 0 0 0
1132 447 99 137 585772 0 0 0
-797 1120 56 5 325444 0 0 0
-1349 1773 54 6 623064 0 0 0
534 923 82 12 128902 0 0 0
973 -1765 67 67 197270 0 0 0
725 -1354 6 106 981788 0 0 0
1379 444 46 55 855071 0 0 0
-997 1260 159 27 415200 0 0 0
270 409 132 36 769990 0 0 0
-698 -1644 112 68 150275 0 0 0
1467 518 50 8 422592 0 0 0
-1671 -292 162 4 141901 0 0 0
1631 747 34 34 543107 0 0 0
-1394 -1622 166 88 869571 0 0 0
1489 1229 91 49 756257 0 0 0
367 -315 151 110 621857 0 0 0
-103 -947 16 60 727365 0 0 0
508 896 40 95 686620 0 0 0
643 667 85 102 697501 0 0 0
1659 -532 148 5 523373 0 0 0
-1171 466 65 44 216688 0 0 0
-1020 606 26 125 574603 0 0 0
-1742 1771 151 45 840134 0 0 0
481 996 92 88 232305 0 0 0
-494 326 131 146 732269 0 0 0
388 -550 22 107 403845 0 0 0
457 117 154 36 864553 0 0 0
1675 1725 87 15 367581 0 0 0
-924 -990 77 64 649902 0 0 0
688 916 137 135 525749 0 0 0
727 -970 101 113 331343 0 0 0
1477 397 125 88 294392 0 0 0
1233 -500 31 153 301285 0 0 0
-1586 -987 105 52 493205 0 0 0
54 -547 36 7 784387 0 0 0
-1164 783 84 57 862659 0 0 0
-1447 734 139 68 255640 0 0 0
1656 424 97 53 313126 0 0 0
1266 1323 108 134 264092 0 0 0
827 -1412 97 7 789101 0 0 0
1194 -112 49 111 685330 0 0 0
1577 1446 118 66 376086 0 0 0
549 1569 122 75 239440 0 0 0
-70 1220 57 53 845476 0 0 0
1435 -1164 162 126 353407 0 0 0
342 -15 90 13 457556 0 0 0
-1364 -1113 74 59 511471 0 0 0
-503 -847 78 16 378277 0 0 0
610 -1767 42 134 998318 0 0 0
-1631 1498 58 110 356582 0 0 0
-1000 1372 130 48 446881 0 0 0
-1608 1153 59 72 671380 0 0 0
787 101 39 37 247071 0 0 0
386 891 86 111 267103 0 0 0
1634 -1511 133 117 131886 0 0 0
962 -304 153 62 458897 0 0 0
1287 -1321 90 95 113521 0 0 0
-1018 802 126 48 383383 0 0 0
-1520 1665 124 150 367211 0 0 0
1526 1199 42 97 596250 0 0 0
612 1793 36 110 907610 0 0 0
689 227 9 109 220081 0 0 0
1560 15 39 9 856558 0 0 0
-647 1634 7 120 272078 0 0 0
220 1158 151 30 972154 0 0 0
1760 576 40 28 423510 0 0 0
94 -1027 151 3 126463 0 0 0
137 202 1 75 933577 0 0 0
-758 -1681 1 92 512347 0 0 0
1529 1079 28 81 749653 0 0 0
83 1701 132 107 577337 0 0 0
630 -197 70 107 200785 0 0 0
-150 318 70 56 915310 0 0 0
734 -1786 159 112 451350 0 0 0
-850 789 50 45 272364 0 0 0
-1176 -1441 63 135 745103 0 0 0
-1585 495 77 94 409160 0 0 0
703 -33 84 145 707603 0 0 0
-1491 522 135 117 155565 0 0 0
-1656 1575 17 151 790365 0 0 0
648 506 73 111 701880 0 0 0
-1535 -1361 35 27 877899 0 0 0
-1486 -382 92 141 863988 0 0 0
1513 645 79 133 135226 0 0 0
-332 1132 48 130 845678 0 0 0
-208 1000 104 43 648789 0 0 0
1083 1270 128 144 358626 0 0 0
-904 946 126 113 614449 0 0 0
-966 173 65 116 889777 0 0 0
1207 -1195 154 96 195364 0 0 0
-689 -633 78 16 119379 0 0 0
50 289 30 122 627451 0 0 0
1266 1070 72 6 215752 0 0 0
470 -802 65 99 619801 0 0 0
-1401 -674 128 155 505684 0 0 0
1137 -430 97 40 863314 0 0 0
1246 -2 114 29 185255 0 0 0
1490 -1356 12 148 254261 0 0 0
-663 1496 35 151 334044 0 0 0
1573 1371 82 26 504705 0 0 0
-95 -531 69 40 731906 0 0 0
1126 1511 45 105 198731 0 0 0
1670 -246 112 87 776820 0 0 0
-64 -223 162 118 607317 0 0 0
-1456 731 50 1 698363 0 0 0
1310 -1114 130 139 802799 0 0 0
-593 -600 121 34 384203 0 0 0
-1465 -1798 128 96 529672 0 0 0
579 -1424 158 6 822022 0 0 0
-1 1238 157 88 199643 0 0 0
624 409 140 21 325619 0 0 0
-1291 -405 142 67 485587 0 0 0
814 948 33 79 744384 0 0 0
-982 1731 19 8 150246 0 0 0
1542 -59 53 155 432968 0 0 0
714 145 11 146 592209 0 0 0
-518 -1430 64 142 885900 0 0 0
1700 1261 26 128 338052 0 0 0
289 -1177 15 85 577155 0 0 0
580 -1357 140 88 477724 0 0 0
-1015 -917 24 63 882228 0 0 0
946 -1644 17 3 954187 0 0 0
-1180 564 166 29 586328 0 0 0
-1394 -1329 46 110 525429 0 0 0
1225 837 2 110 632798 0 0 0
-609 1081 90 97 973596 0 0 0
-584 -1341 70 35 773906 0 0 0
1136 94 167 52 211039 0 0 0
935 -767 51 96 837711 0 0 0
-64 -779 106 154 353134 0 0 0
-434 1472 34 83 908461 0 0 0
610 -1199 114 140 813321 0 0 0
-685 781 25 108 583985 0 0 0
-225 906 86 71 877712 0 0 0
592 -949 118 95 637997 0 0 0
-1529 -399 145 130 974808 0 0 0
-1596 -1146 52 16 866627 0 0 0
-1285 -980 144 98 546472 0 0 0
200 -880 141 147 954178 0 0 0
-399 -500 31 38 999510 0 0 0
-1167 -1333 132 94 816077 0 0 0
-51 -1700 68 88 634208 0 0 0
-1585 488 98 105 154694 0 0 0
-1283 589 64 3 698764 0 0 0
-1665 1342 46 5 168323 0 0 0
700 -596 42 120 453012 0 0 0
1274 -140 50 57 457975 0 0 0
738 -705 103 108 176566 0 0 0
-597 -1031 163 149 146678 0 0 0
-104 1611 76 31 638081 0 0 0
-213 646 68 65 126731 0 0 0
-33 1581 166 51 135210 0 0 0
1389 -644 136 34 531227 0 0 0
-283 -1287 27 22 810514 0 0 0
-1091 867 151 94 800453 0 0 0
954 -1313 130 75 652345 0 0 0
-265 616 39 110 526609 0 0 0
-157 -1693 17 108 434629 0 0 0
1016 -73 24 135 426108 0 0 0
1462 109 19 141 199271 0 0 0
605 1268 126 122 393160 0 0 0
-1710 -915 59 57 353047 0 0 0
-1271 197 21 93 655122 0 0 0
142 -1035 128 115 595536 0 0 0
1194 267 10 41 880418 0 0 0
-46 -104 125 33 816305 0 0 0
-48 -607 96 70 512280 0 0 0
967 1655 30 97 245448 0 0 0
705 -519 145 96 481708 0 0 0
294 -780 49 107 806908 0 0 0
-365 67 29 46 333478 0 0 0
-1068 -346 3 151 289617 0 0 0
-1645 1660 33 68 838255 0 0 0
786 1196 158 33 931917 0 0 0
-1027 808 138 22 105857 0 0 0
418 1505 97 143 133618 0 0 0
1588 1164 46 150 600055 0 0 0
1381 646 58 78 512239 0 0 0
-394 -228 76 41 413335 0 0 0
188 -1538 23 56 175908 0 0 0
-475 276 151 105 640929 0 0 0
-104 -1047 96 22 435150 0 0 0
492 452 68 61 447148 0 0 0
1118 613 65 100 620576 0 0 0
1550 862 41 135 812412 0 0 0
-1157 -1667 61 46 708710 0 0 0
-14 1744 49 2 264202 0 0 0
632 -1696 44 50 477970 0 0 0
-1371 486 18 129 967170 0 0 0
-144 1110 142 140 622742 0 0 0
305 -24 46 122 154043 0 0 0
509 -938 43 8 574935 0 0 0
-1756 -569 63 108 876697 0 0 0
1073 -151 32 52 540094 0 0 0
-468 1473 99 106 161794 0 0 0
-1332 16 97 133 522238 0 0 0
-755 -80 7 116 292558 0 0 0
1299 -530 123 56 295024 0 0 0
-197 -1397 33 56 782300 0 0 0
441 272 49 110 823322 0 0 0
16 1303 121 128 336138 0 0 0
-1460 84 99 86 939354 0 0 0
1791 -66 55 60 541441 0 0 0
519 -1750 66 82 400619 0 0 0
1081 -1307 57 69 832762 0 0 0
401 269 124 149 984673 0 0 0
-1066 1329 152 140 792815 0 0 0
190 -1706 123 125 713167 0 0 0
767 1009 127 59 368479 0 0 0
-1426 308 71 142 375047 0 0 0
-857 -295 167 51 898714 0 0 0
331 -1180 162 58 509768 0 0 0
351 -1432 66 6 272884 0 0 0
