1900
-1589 -294 139 145 438592 0 0 0
147 660 62 136 184914 0 0 0
-122 1819 54 9 813590 0 0 0
1691 647 42 162 350745 0 0 0
-560 -130 3 155 414732 0 0 0
328 -1406 130 8 514018 0 0 0
1022 144 4 157 292893 0 0 0
314 -1444 137 10 864555 0 0 0
-7 1813 94 130 251638 0 0 0
1407 -1069 18 91 983641 0 0 0
119 -215 35 76 696666 0 0 0
-210 1637 92 24 800256 0 0 0
576 1282 158 28 868098 0 0 0
-927 -1283 63 51 999162 0 0 0
438 189 90 90 110535 0 0 0
686 -1682 40 45 173619 0 0 0
1566 1480 79 139 969795 0 0 0
1093 485 58 144 205596 0 0 0
676 1449 88 53 218957 0 0 0
1469 -897 100 69 229547 0 0 0
950 1674 16 75 855158 0 0 0
-1590 -1516 23 48 262356 0 0 0
1057 -1581 109 143 439430 0 0 0
1790 -1755 102 78 406147 0 0 0
-255 960 19 142 523331 0 0 0
1595 306 22 119 674441 0 0 0
-769 -1640 5 126 515329 0 0 0
458 564 119 2 938792 0 0 0
292 661 163 148 179823 0 0 0
-1675 -759 34 159 805257 0 0 0
-1491 856 1 100 192403 0 0 0
-1573 -1339 156 18 352242 0 0 0
-1483 -535 86 69 588031 0 0 0
-1627 1830 35 7 923399 0 0 0
-234 441 129 71 681833 0 0 0
666 -1419 35 126 167337 0 0 0
548 -316 32 100 848276 0 0 0
1794 -287 68 142 174066 0 0 0
-1631 886 7 59 113419 0 0 0
793 410 48 159 851289 0 0 0
-1892 1472 126 64 380293 0 0 0
256 175 89 15 169032 0 0 0
1093 -1663 35 162 555083 0 0 0
960 238 52 58 998062 0 0 0
-1455 -1693 97 50 806654 0 0 0
-1830 -89 126 11 624433 0 0 0
-1435 544 124 8 630558 0 0 0
-203 -376 71 7 170942 0 0 0
-1328 28 101 57 248176 0 0 0
560 1573 128 63 220258 0 0 0
1881 416 75 36 868274 0 0 0
1730 616 43 81 276271 0 0 0
164 -959 153 117 635662 0 0 0
-1625 107 4 30 897318 0 0 0
-596 -1837 133 127 550257 0 0 0
-1871 205 8 29 595902 0 0 0
-1373 1270 52 63 766345 0 0 0
-1674 181 96 93 629645 0 0 0
-922 650 116 161 854284 0 0 0
-690 1467 16 88 258649 0 0 0
981 1098 121 7 308241 0 0 0
123 503 175 164 216936 0 0 0
-349 -678 94 146 779184 0 0 0
-703 1207 36 25 911409 0 0 0
-165 -1440 27 94 848884 0 0 0
1233 11 12 8 363643 0 0 0
1574 -1703 120 109 792319 0 0 0
-1792 -1627 40 98 781602 0 0 0
-897 1682 114 142 853150 0 0 0
1185 1648 88 68 267361 0 0 0
-28 483 35 9 807568 0 0 0
-1191 142 41 12 704628 0 0 0
1134 -673 69 87 408736 0 0 0
-379 -408 81 105 769181 0 0 0
-327 41 65 85 228608 0 0 0
1760 -1840 168 124 210256 0 0 0
-1189 -1731 99 1 933034 0 0 0
-377 -827 150 55 942787 0 0 0
1652 1201 127 75 262817 0 0 0
-1346 -956 151 143 842921 0 0 0
-1477 -774 177 2 232891 0 0 0
-824 1799 36 85 595507 0 0 0
152 -1207 49 117 340712 0 0 0
699 15 22 30 159611 0 0 0
-980 -1696 159 30 678122 0 0 0
-691 474 4 74 632061 0 0 0
-534 -1017 28 151 814543 0 0 0
1139 -623 141 151 803418 0 0 0
1120 1604 139 68 182943 0 0 0
-367 -1349 18 63 402841 0 0 0
719 -729 79 152 213761 0 0 0
1634 1038 60 12 118020 0 0 0
1856 -684 6 121 726210 0 0 0
249 1080 78 121 305099 0 0 0
-1472 -783 3 134 909050 0 0 0
-519 1754 79 32 505388 0 0 0
859 -247 93 37 635205 0 0 0
-3 136 67 40 881769 0 0 0
-1836 -101 58 1 608163 0 0 0
-1856 -1047 70 42 370773 0 0 0
1415 1877 79 143 431494 0 0 0
-1894 -21 35 22 706005 0 0 0
-1041 659 14 40 368825 0 0 0
-771 -730 151 99 236356 0 0 0
-1848 245 144 145 978528 0 0 0
-940 -1896 11 152 561623 0 0 0
913 -611 127 114 887780 0 0 0
-1609 -309 16 16 810036 0 0 0
448 -192 109 72 306265 0 0 0
-933 -87 87 148 709289 0 0 0
-1523 1654 74 120 157299 0 0 0
-1371 -318 173 16 126329 0 0 0
1435 -1058 52 141 435201 0 0 0
-1825 426 73 44 838316 0 0 0
1863 1311 23 101 306464 0 0 0
1893 234 119 50 793903 0 0 0
1002 26 153 99 530560 0 0 0
-1107 -1554 171 151 271270 0 0 0
1272 -1875 127 53 102215 0 0 0
756 370 165 18 776766 0 0 0
-957 383 16 87 725278 0 0 0
-1032 -1655 140 160 961739 0 0 0
1275 -1503 108 75 243397 0 0 0
-59 30 116 14 191151 0 0 0
-830 97 18 115 556287 0 0 0
-499 -907 130 112 430572 0 0 0
-1693 1090 33 137 221793 0 0 0
-1071 524 129 127 534515 0 0 0
-1170 -1398 38 156 595903 0 0 0
-563 -99 2 48 670654 0 0 0
1062 -471 130 106 957657 0 0 0
-982 1810 69 97 132790 0 0 0
172 -835 39 17 852503 0 0 0
-1705 555 129 26 769117 0 0 0
1818 1066 91 10 304631 0 0 0
395 -74 134 13 546806 0 0 0
-1258 31 127 122 582676 0 0 0
1765 -926 82 70 667394 0 0 0
-731 -131 95 34 405021 0 0 0
1201 1603 145 103 777801 0 0 0
404 296 48 127 738552 0 0 0
1236 837 138 33 136613 0 0 0
553 188 72 163 860359 0 0 0
1226 -95 103 61 647439 0 0 0
-937 397 175 102 159785 0 0 0
675 121 17 15 563286 0 0 0
950 184 104 125 911062 0 0 0
-439 -1410 2 77 689115 0 0 0
1738 -1373 81 99 296816 0 0 0
-519 -1365 48 129 985369 0 0 0
-980 -974 6 82 876263 0 0 0
-817 284 45 89 804855 0 0 0
-491 1835 136 123 350192 0 0 0
1796 281 160 63 386732 0 0 0
371 503 85 85 548181 0 0 0
-282 -800 12 112 504812 0 0 0
226 603 105 160 134747 0 0 0
-1856 1331 12 136 799405 0 0 0
-381 823 95 154 505741 0 0 0
-1190 1133 121 41 675150 0 0 0
521 -1591 107 57 934533 0 0 0
-1136 1288 129 22 681340 0 0 0
-1643 756 48 44 416598 0 0 0
-231 23 83 83 761050 0 0 0
-348 13 12 132 971936 0 0 0
-747 -949 84 114 355848 0 0 0
806 1827 166 51 495093 0 0 0
-1092 -1652 145 76 570423 0 0 0
108 89 172 12 226456 0 0 0
42 -1712 171 77 648552 0 0 0
484 46 24 13 502450 0 0 0
1089 85 59 141 973355 0 0 0
841 1491 139 27 684947 0 0 0
802 -145 32 89 941709 0 0 0
-750 941 94 134 653420 0 0 0
178 -1860 109 106 590976 0 0 0
-1424 -533 165 69 600738 0 0 0
-609 1682 16 102 612330 0 0 0
-1396 807 135 138 190367 0 0 0
-1181 -807 19 32 947190 0 0 0
-460 980 40 158 212220 0 0 0
215 -237 58 50 396735 0 0 0
581 1434 124 24 373010 0 0 0
-1888 740 86 3 937444 0 0 0
-1412 389 177 58 766861 0 0 0
-923 1299 65 119 207984 0 0 0
-1296 340 112 130 772143 0 0 0
5 -36 55 153 755385 0 0 0
-1184 -1812 126 116 171077 0 0 0
-777 1720 34 132 393619 0 0 0
-1688 -1900 117 117 924397 0 0 0
911 858 112 151 127061 0 0 0
1048 420 24 124 749470 0 0 0
-1636 172 125 4 719012 0 0 0
-1 -1235 173 139 206328 0 0 0
-529 -1304 105 102 257012 0 0 0
-1813 -190 151 102 785193 0 0 0
923 1531 44 132 100778 0 0 0
1371 -157 143 68 616025 0 0 0
-766 -1592 11 128 795293 0 0 0
97 -440 103 90 630727 0 0 0
1824 -1223 24 80 682291 0 0 0
-88 -277 152 153 914372 0 0 0
-1389 1254 171 151 226140 0 0 0
-1343 1578 20 156 566260 0 0 0
466 -1406 110 69 696171 0 0 0
-1366 1821 116 68 497891 0 0 0
373 23 151 143 779095 0 0 0
-734 1294 36 122 176746 0 0 0
-413 -714 155 128 360626 0 0 0
1180 221 112 107 467381 0 0 0
964 1288 25 136 456292 0 0 0
-1460 -1013 24 78 404692 0 0 0
-988 -593 6 164 359853 0 0 0
1475 -1494 11 133 234878 0 0 0
-1074 1670 107 5 638116 0 0 0
-422 239 129 25 972794 0 0 0
1360 -684 45 68 930585 0 0 0
-1595 -522 140 134 774247 0 0 0
-1633 980 168 137 820883 0 0 0
-793 -15 106 11 931792 0 0 0
1623 1842 69 131 646307 0 0 0
-1762 -1414 162 90 549032 0 0 0
1011 1805 25 9 586720 0 0 0
1406 -90 69 111 190404 0 0 0
-531 -605 11 18 519686 0 0 0
-1571 -1093 128 51 180083 0 0 0
601 609 113 2 383402 0 0 0
-94 -237 149 73 286279 0 0 0
-1690 25 85 155 638343 0 0 0
-841 1695 36 48 237729 0 0 0
834 1593 171 44 446056 0 0 0
832 -1560 65 50 167399 0 0 0
783 1325 15 114 415078 0 0 0
-1032 1333 140 142 281025 0 0 0
-796 460 110 127 570896 0 0 0
1183 591 59 80 805841 0 0 0
1746 1711 38 115 998751 0 0 0
-1366 1502 71 135 780966 0 0 0
566 291 169 69 894647 0 0 0
-1705 -520 131 75 313928 0 0 0
-178 -1896 62 2 119883 0 0 0
923 -1161 30 56 397244 0 0 0
193 -590 22 78 684470 0 0 0
-400 -770 147 90 919089 0 0 0
-625 -417 87 51 381175 0 0 0
-1878 181 87 146 616968 0 0 0
1638 -282 63 44 208746 0 0 0
1336 1530 92 149 964769 0 0 0
-1853 276 101 106 669922 0 0 0
773 -1195 112 58 228997 0 0 0
502 1429 168 33 126906 0 0 0
-1352 -1316 86 105 289934 0 0 0
-1513 -339 125 153 726544 0 0 0
-1249 -1845 46 68 308477 0 0 0
397 1285 76 102 136710 0 0 0
-388 -64 51 23 520153 0 0 0
-951 1087 103 134 705307 0 0 0
1418 1559 137 55 339368 0 0 0
-941 1404 64 36 811721 0 0 0
-35 312 33 76 888016 0 0 0
-1116 -612 53 11 579472 0 0 0
1799 -942 129 50 539735 0 0 0
1747 1495 127 73 143532 0 0 0
-53 1730 64 118 161552 0 0 0
1630 -863 165 128 968488 0 0 0
385 737 120 149 174103 0 0 0
-1660 -784 153 152 453167 0 0 0
-1707 1439 121 13 375003 0 0 0
-1794 130 126 55 135153 0 0 0
-1341 -998 5 25 929617 0 0 0
809 -433 53 47 205829 0 0 0
1114 -278 104 5 664163 0 0 0
31 -1759 165 101 545655 0 0 0
-1189 1539 22 25 218230 0 0 0
-865 -554 157 67 988309 0 0 0
-1129 -1104 13 144 407514 0 0 0
-914 -1237 52 21 353853 0 0 0
557 1051 120 108 824037 0 0 0
1046 1081 56 62 439020 0 0 0
-571 1760 49 9 893749 0 0 0
-1622 1481 137 90 844586 0 0 0
244 -188 27 30 314643 0 0 0
851 -764 14 22 667118 0 0 0
1022 -959 168 80 429835 0 0 0
1393 779 81 27 658344 0 0 0
-1549 -1753 22 142 337785 0 0 0
1684 1792 175 68 148434 0 0 0
-1373 -1203 73 73 744253 0 0 0
905 60 68 27 366146 0 0 0
344 -24 112 125 996843 0 0 0
-1612 -135 161 66 863615 0 0 0
-291 192 41 134 862922 0 0 0
-850 1038 1 8 811959 0 0 0
-1407 -1688 174 1 384431 0 0 0
1429 -1203 75 109 783657 0 0 0
-751 -716 25 130 892683 0 0 0
1086 743 80 70 962713 0 0 0
-1493 -1814 5 55 613161 0 0 0
1557 505 149 24 461310 0 0 0
209 1478 149 56 395270 0 0 0
-383 320 108 101 294978 0 0 0
-876 -400 12 161 778199 0 0 0
1883 609 59 148 591800 0 0 0
97 -1079 121 151 135456 0 0 0
195 -1863 31 118 770190 0 0 0
-1362 -651 67 49 668598 0 0 0
-446 1133 87 128 637186 0 0 0
1465 1380 69 113 920099 0 0 0
-1170 -617 28 78 128036 0 0 0
-1347 1237 27 24 348254 0 0 0
526 -247 108 31 691666 0 0 0
1723 -1632 161 80 697745 0 0 0
-1724 -1700 154 138 361606 0 0 0
489 -397 167 124 224561 0 0 0
-1677 524 138 47 631597 0 0 0
-1780 678 29 156 131832 0 0 0
-34 792 85 132 981489 0 0 0
-978 780 149 12 998583 0 0 0
-530 1075 38 5 777036 0 0 0
-464 309 42 117 477509 0 0 0
1685 -1101 100 141 111279 0 0 0
1383 1504 122 79 746042 0 0 0
-1050 -1150 104 33 554796 0 0 0
1638 1197 35 98 340897 0 0 0
-676 1197 10 81 355107 0 0 0
1196 -432 119 89 262026 0 0 0
1180 1014 40 146 163434 0 0 0
214 -381 29 147 263657 0 0 0
1423 18 37 132 889742 0 0 0
1767 -1107 13 59 766362 0 0 0
-329 -1338 59 61 128074 0 0 0
-827 -1180 154 123 790521 0 0 0
-746 -1061 12 134 193501 0 0 0
-551 -1260 64 149 686716 0 0 0
946 -808 162 49 881172 0 0 0
-832 -803 23 94 518500 0 0 0
700 371 130 13 172063 0 0 0
617 1168 134 136 954305 0 0 0
135 631 120 116 583652 0 0 0
1062 470 20 100 274965 0 0 0
1164 -240 43 14 611563 0 0 0
-1760 -1677 94 21 143160 0 0 0
-806 -555 164 72 429500 0 0 0
-751 -448 67 63 383699 0 0 0
1013 -1157 9 51 251522 0 0 0
349 -1828 9 121 668017 0 0 0
-695 -165 43 110 740972 0 0 0
-1029 89 32 115 335555 0 0 0
-215 1277 159 34 639580 0 0 0
1071 -764 153 44 760059 0 0 0
776 1763 117 18 599585 0 0 0
-1496 1567 29 157 611348 0 0 0
-409 -715 43 129 473252 0 0 0
893 -709 115 135 136843 0 0 0
1222 1587 64 120 900411 0 0 0
1750 1246 163 61 227941 0 0 0
-61 -1211 81 21 541034 0 0 0
-626 -801 50 90 229263 0 0 0
-1741 222 58 28 879140 0 0 0
1124 862 14 14 266706 0 0 0
1110 989 130 138 530502 0 0 0
307 -1720 123 56 727086 0 0 0
-3 1207 67 157 361508 0 0 0
-734 392 101 23 673779 0 0 0
453 1671 122 20 757791 0 0 0
1242 -1562 44 149 971362 0 0 0
-650 1798 161 106 917600 0 0 0
790 1103 70 163 307684 0 0 0
-1887 239 139 92 785947 0 0 0
267 -347 96 161 461392 0 0 0
1849 536 166 105 947561 0 0 0
1152 1186 65 31 835835 0 0 0
-1724 239 73 13 120911 0 0 0
171 -1696 134 79 187802 0 0 0
-1262 -346 168 50 173119 0 0 0
-1384 -356 61 66 112694 0 0 0
1777 1564 34 35 226380 0 0 0
-937 1730 84 36 936220 0 0 0
569 392 131 41 273490 0 0 0
-699 -1204 174 24 790913 0 0 0
-750 -107 19 17 610051 0 0 0
-27 862 6 102 604940 0 0 0
-1817 1097 138 31 748802 0 0 0
-1350 -694 38 28 547126 0 0 0
-546 -1260 136 33 681904 0 0 0
-967 -1001 129 34 604863 0 0 0
-1529 1766 131 80 608088 0 0 0
1703 28 141 33 108717 0 0 0
1757 -1082 162 144 590179 0 0 0
-363 -1175 46 148 716888 0 0 0
1409 -572 159 36 604302 0 0 0
-1754 517 118 84 464288 0 0 0
-896 -1158 7 132 676231 0 0 0
-1124 1296 107 63 868512 0 0 0
-710 -1704 122 44 763550 0 0 0
-1734 455 117 6 324468 0 0 0
-205 -1707 62 122 150708 0 0 0
1299 -1179 144 99 734324 0 0 0
-865 286 121 100 797175 0 0 0
-428 1534 168 117 675283 0 0 0
461 -115 109 76 855346 0 0 0
1621 -1820 87 70 691536 0 0 0
-1002 833 119 53 828753 0 0 0
-201 -927 119 17 113905 0 0 0
-1622 1549 27 11 561777 0 0 0
-1582 702 147 21 581344 0 0 0
628 1288 52 108 387228 0 0 0
1634 -1553 104 62 699051 0 0 0
-41 365 170 32 120142 0 0 0
-1802 1116 39 91 148875 0 0 0
-676 279 18 74 115760 0 0 0
-166 489 139 59 574881 0 0 0
912 -456 35 89 804186 0 0 0
-1587 -519 27 98 559729 0 0 0
-165 -52 13 151 601171 0 0 0
1149 694 158 112 381012 0 0 0
1539 -226 53 13 705826 0 0 0
1511 1258 116 79 872065 0 0 0
-24 195 72 7 474654 0 0 0
1374 135 114 82 630643 0 0 0
-438 933 166 48 563543 0 0 0
173 -1295 111 74 846791 0 0 0
442 -1500 109 83 463139 0 0 0
160 192 144 106 527706 0 0 0
1597 667 174 120 787167 0 0 0
-1279 827 169 110 841767 0 0 0
-103 -432 156 58 746340 0 0 0
-303 -531 169 72 284714 0 0 0
-1306 -444 68 44 866579 0 0 0
84 939 162 18 164225 0 0 0
120 -1598 29 10 519335 0 0 0
318 177 11 104 640010 0 0 0
1142 1672 168 29 206229 0 0 0
119 -49 114 70 474200 0 0 0
793 1248 112 126 690805 0 0 0
-1573 847 119 151 289278 0 0 0
467 40 169 8 863106 0 0 0
-163 -1239 138 154 870764 0 0 0
-1773 -102 71 99 356613 0 0 0
1180 -1192 103 73 201414 0 0 0
-391 -843 81 75 843054 0 0 0
1883 509 151 136 247984 0 0 0
1106 -927 66 60 656529 0 0 0
-1781 -438 136 119 339508 0 0 0
854 460 69 15 603973 0 0 0
1204 -463 4 87 557486 0 0 0
1281 -1722 75 159 156477 0 0 0
1733 -1893 50 149 344700 0 0 0
-897 -28 119 148 417346 0 0 0
-1217 476 30 75 354972 0 0 0
-520 -165 38 94 947853 0 0 0
-1240 -994 149 152 724823 0 0 0
-348 -934 140 99 322775 0 0 0
1199 533 19 71 164082 0 0 0
1144 -1019 68 24 378295 0 0 0
-921 -1463 103 18 991605 0 0 0
346 -542 89 68 189206 0 0 0
-1019 184 86 24 586789 0 0 0
653 -23 53 21 117553 0 0 0
-1633 1480 90 29 433573 0 0 0
1790 -1496 119 108 680283 0 0 0
-897 -629 18 32 993168 0 0 0
-66 1869 174 104 352679 0 0 0
1198 -1692 5 57 993622 0 0 0
-1204 567 176 157 434611 0 0 0
445 1633 136 144 825575 0 0 0
1627 -62 166 158 798388 0 0 0
-1193 -637 69 150 286888 0 0 0
-1655 -1693 117 119 621029 0 0 0
-1704 55 62 17 580416 0 0 0
323 -881 56 3 304562 0 0 0
1539 -895 132 118 206213 0 0 0
-1320 1599 62 148 227706 0 0 0
1657 -398 6 91 735899 0 0 0
306 -387 29 128 573514 0 0 0
-119 814 83 53 438447 0 0 0
-190 -1871 30 78 275288 0 0 0
-696 -964 134 1 896326 0 0 0
-1461 -1228 48 118 948020 0 0 0
1098 621 125 84 632438 0 0 0
1135 -132 36 118 174858 0 0 0
-303 1009 33 102 155888 0 0 0
-99 1312 38 161 216476 0 0 0
-366 1643 50 36 848405 0 0 0
1877 363 77 139 435593 0 0 0
13 -1555 81 78 735039 0 0 0
-37 1337 172 6 139639 0 0 0
551 -1630 9 2 324689 0 0 0
-217 -1325 89 84 759437 0 0 0
-1401 -1296 151 77 330467 0 0 0
-1198 -1599 88 9 718976 0 0 0
-769 1041 103 136 535085 0 0 0
1588 33 62 137 525426 0 0 0
382 -275 122 140 218526 0 0 0
879 590 74 110 489361 0 0 0
-166 391 161 109 561699 0 0 0
1376 -85 150 128 167283 0 0 0
-1242 1013 36 33 672909 0 0 0
833 403 137 43 829166 0 0 0
1759 1081 87 107 144942 0 0 0
-26 -1120 32 113 330867 0 0 0
-698 114 66 153 566921 0 0 0
-387 -596 104 21 929261 0 0 0
-1427 -1819 55 145 636798 0 0 0
-438 1206 60 105 198984 0 0 0
-720 674 47 18 676865 0 0 0
-219 1200 105 107 640494 0 0 0
-1218 -536 45 115 424503 0 0 0
-1609 -495 141 42 765635 0 0 0
-1540 -1796 6 96 954376 0 0 0
1655 1752 41 60 757116 0 0 0
1194 -1711 54 61 881701 0 0 0
-1293 -1771 164 10 924307 0 0 0
-902 148 149 129 273925 0 0 0
-133 -560 127 50 754284 0 0 0
-1211 -322 45 143 338890 0 0 0
-704 1528 40 37 886893 0 0 0
-320 -1254 146 99 160768 0 0 0
750 -295 1 42 731747 0 0 0
-840 -1209 93 137 754718 0 0 0
-690 -1361 50 35 549655 0 0 0
21 -924 176 56 436102 0 0 0
-1539 -970 112 89 309532 0 0 0
1275 68 173 96 206659 0 0 0
-934 633 121 97 508849 0 0 0
-1181 1777 93 155 458297 0 0 0
-1716 1582 136 11 846358 0 0 0
-1666 1664 126 75 604008 0 0 0
1295 1249 151 58 422897 0 0 0
995 -954 131 50 466504 0 0 0
203 1541 171 10 918830 0 0 0
-807 1879 23 21 420134 0 0 0
1817 1405 59 46 150127 0 0 0
-208 -192 152 112 594937 0 0 0
-1346 -1488 10 36 131007 0 0 0
-528 -687 95 70 615225 0 0 0
392 -1156 142 158 296227 0 0 0
1841 268 165 150 707126 0 0 0
-259 -5 35 29 685797 0 0 0
741 1394 121 98 735154 0 0 0
-884 -797 109 65 555359 0 0 0
-174 -703 39 88 441189 0 0 0
-653 -1333 13 60 857801 0 0 0
-412 -968 63 93 372677 0 0 0
-122 -1211 113 100 493984 0 0 0
-1332 -905 61 12 647995 0 0 0
1 -77 172 4 653597 0 0 0
-44 -1533 171 75 355343 0 0 0
-1545 1465 56 78 904419 0 0 0
859 421 109 41 990711 0 0 0
-710 1869 64 36 412928 0 0 0
-989 -1119 3 57 700594 0 0 0
1173 172 94 148 295606 0 0 0
-63 1573 56 79 612694 0 0 0
-473 826 137 57 679013 0 0 0
1143 -318 61 157 220630 0 0 0
-1778 1789 20 89 842980 0 0 0
-1685 1479 81 54 418005 0 0 0
16 -388 142 8 452276 0 0 0
-1755 -319 114 118 351372 0 0 0
1397 -93 92 18 837986 0 0 0
-25 1822 37 6 128351 0 0 0
887 722 40 32 956855 0 0 0
1456 -1640 109 89 967699 0 0 0
820 -94 84 76 780490 0 0 0
-566 1619 112 162 772549 0 0 0
68 433 117 156 719745 0 0 0
508 -1842 6 51 978785 0 0 0
1018 1278 99 106 747390 0 0 0
99 827 64 149 408640 0 0 0
-651 -553 110 44 923724 0 0 0
-743 255 11 82 356386 0 0 0
1829 -1065 27 27 709115 0 0 0
391 685 147 136 821003 0 0 0
1101 733 46 107 919497 0 0 0
206 -1732 151 19 137228 0 0 0
317 818 54 75 810507 0 0 0
-726 -300 153 119 745560 0 0 0
295 1035 47 101 457906 0 0 0
1371 -1758 52 120 852538 0 0 0
-597 -1496 163 84 727312 0 0 0
60 1727 154 5 954988 0 0 0
-1486 -614 86 43 537895 0 0 0
-169 -83 107 103 534162 0 0 0
634 -1608 43 53 856674 0 0 0
662 1561 81 127 849122 0 0 0
-804 1657 7 28 303945 0 0 0
384 198 38 109 722519 0 0 0
-1620 -1396 117 43 749640 0 0 0
1453 -293 131 58 828813 0 0 0
-1853 -505 48 86 110551 0 0 0
1602 1542 10 26 899915 0 0 0
-102 -815 43 113 829332 0 0 0
1789 -1551 24 133 304994 0 0 0
-933 -1336 36 50 939264 0 0 0
-587 1571 103 149 510821 0 0 0
1026 -583 166 57 347201 0 0 0
-523 1141 164 121 115358 0 0 0
1324 891 131 149 152011 0 0 0
453 -1240 61 119 363754 0 0 0
-1600 658 17 105 117519 0 0 0
-265 77 38 78 390652 0 0 0
-1805 -1103 38 9 800309 0 0 0
43 -1681 108 5 692504 0 0 0
1007 1578 145 71 847651 0 0 0
137 1323 145 64 964930 0 0 0
-1107 1604 166 49 128341 0 0 0
1400 -1409 160 112 488578 0 0 0
114 1898 86 105 276252 0 0 0
346 1248 135 68 373339 0 0 0
1 -1772 32 74 196984 0 0 0
1776 1126 161 91 525925 0 0 0
-1161 -614 22 112 659487 0 0 0
-296 629 91 142 504526 0 0 0
-351 647 95 154 449454 0 0 0
743 -1415 53 156 559741 0 0 0
-338 -1835 23 126 894646 0 0 0
630 -541 39 8 940600 0 0 0
1179 1283 130 13 657621 0 0 0
1342 -421 83 127 326248 0 0 0
-444 -1394 37 39 820510 0 0 0
-959 -1820 166 105 216133 0 0 0
1714 408 139 121 955242 0 0 0
643 -1518 45 126 987320 0 0 0
-103 906 17 145 542329 0 0 0
1208 1592 108 136 896609 0 0 0
1186 375 45 15 839276 0 0 0
-511 -1784 4 155 277378 0 0 0
-1731 1241 137 124 317606 0 0 0
-679 -1094 39 112 833206 0 0 0
-1185 1145 159 97 390471 0 0 0
-1740 -1748 153 11 131783 0 0 0
-1630 1616 156 82 114845 0 0 0
-1044 -584 110 84 434172 0 0 0
325 -381 124 35 746312 0 0 0
1893 -346 55 75 579007 0 0 0
253 1301 81 74 839329 0 0 0
1816 642 9 81 872625 0 0 0
-738 530 175 76 333049 0 0 0
-1221 -578 71 105 229043 0 0 0
-1839 1064 137 142 674738 0 0 0
-1768 -210 7 82 105270 0 0 0
-164 902 175 137 695656 0 0 0
-597 -1729 157 57 628876 0 0 0
-1351 677 49 21 601713 0 0 0
-1276 -920 177 126 119512 0 0 0
1371 1854 172 147 156901 0 0 0
1775 -1644 67 16 932913 0 0 0
1286 -646 101 74 599031 0 0 0
-703 -314 148 35 817471 0 0 0
1567 -601 87 126 633362 0 0 0
-104 1457 47 143 452852 0 0 0
-1309 419 5 29 183830 0 0 0
-1643 -1213 44 21 819646 0 0 0
1794 -1310 71 123 915636 0 0 0
-133 1873 88 151 681951 0 0 0
434 -430 155 113 760541 0 0 0
-554 700 62 4 251834 0 0 0
1206 -414 64 138 271016 0 0 0
-705 -1867 119 44 911941 0 0 0
774 -161 77 69 690997 0 0 0
-1108 -1414 146 21 107856 0 0 0
14 347 17 14 660532 0 0 0
1394 1494 164 106 583142 0 0 0
325 -1054 68 105 259001 0 0 0
-1594 378 164 133 235676 0 0 0
-1810 1387 109 37 163205 0 0 0
982 154 65 146 278603 0 0 0
909 864 84 64 932044 0 0 0
-92 -1807 67 33 170016 0 0 0
169 715 113 26 596730 0 0 0
534 -1374 43 107 458535 0 0 0
1415 -1515 77 147 171776 0 0 0
-821 1723 162 95 936020 0 0 0
1843 -60 67 75 912337 0 0 0
1683 822 21 93 505278 0 0 0
816 -1475 92 38 300855 0 0 0
356 -1812 90 131 711576 0 0 0
-1341 -1548 39 36 657838 0 0 0
-952 1300 74 114 582113 0 0 0
-790 1821 87 152 539821 0 0 0
-714 -275 114 155 292070 0 0 0
1265 413 115 34 874498 0 0 0
581 -634 177 39 984590 0 0 0
727 513 37 144 572733 0 0 0
1679 1791 71 134 312247 0 0 0
-777 135 34 145 222150 0 0 0
-338 -541 154 153 169433 0 0 0
1529 -1418 3 110 396841 0 0 0
-70 -452 24 137 596816 0 0 0
885 1396 126 131 238530 0 0 0
-1171 72 42 134 165865 0 0 0
-916 -1451 108 164 292035 0 0 0
837 -1485 65 133 117154 0 0 0
985 -1802 26 110 583021 0 0 0
105 -214 137 135 794779 0 0 0
629 616 164 19 182406 0 0 0
1623 412 37 148 214365 0 0 0
-191 1127 5 144 321808 0 0 0
1124 -383 108 135 909166 0 0 0
-193 1484 36 59 916090 0 0 0
-668 -958 160 71 161210 0 0 0
-1261 -950 162 135 944220 0 0 0
241 -584 154 85 202472 0 0 0
-419 1774 21 51 745745 0 0 0
-898 -958 105 38 590556 0 0 0
1136 -1683 117 33 613765 0 0 0
-597 962 166 26 577400 0 0 0
1561 -1780 170 106 926078 0 0 0
-1411 811 30 75 397884 0 0 0
1298 -588 81 44 988577 0 0 0
-1520 1210 2 26 999435 0 0 0
-81 130 25 36 748231 0 0 0
1795 1375 50 133 517896 0 0 0
-706 445 1 150 600112 0 0 0
-1556 -1682 100 37 502267 0 0 0
-1536 103 90 150 900104 0 0 0
1567 1154 56 103 532887 0 0 0
259 202 12 93 546261 0 0 0
-1655 -505 24 3 645505 0 0 0
1614 -1139 27 29 841930 0 0 0
-1014 -773 45 53 530546 0 0 0
971 168 39 66 796782 0 0 0
919 -1154 122 115 997621 0 0 0
805 -1742 82 134 669218 0 0 0
-1722 555 108 104 974376 0 0 0
-1663 1142 12 19 276503 0 0 0
-1662 -933 27 120 884668 0 0 0
-297 -1656 54 116 416009 0 0 0
505 1490 67 162 143821 0 0 0
-1414 296 177 95 293375 0 0 0
-710 1806 5 5 700659 0 0 0
-1308 800 127 30 902072 0 0 0
-1520 186 122 140 775057 0 0 0
-1677 -988 41 132 290207 0 0 0
-716 160 61 64 339095 0 0 0
1391 385 87 67 844033 0 0 0
993 1089 4 29 124055 0 0 0
945 1720 65 6 850292 0 0 0
-194 573 6 118 225628 0 0 0
1652 67 123 41 130814 0 0 0
1195 -2 56 75 823522 0 0 0
217 867 115 162 156753 0 0 0
1206 313 36 89 873752 0 0 0
1192 787 123 50 598397 0 0 0
619 1388 8 9 565257 0 0 0
-1501 -154 167 106 184793 0 0 0
912 156 108 10 265995 0 0 0
-1527 -923 110 81 388880 0 0 0
1334 827 89 128 546141 0 0 0
-412 221 44 46 864453 0 0 0
1448 1217 144 160 459942 0 0 0
-1722 966 56 81 686431 0 0 0
1004 -1261 47 149 860676 0 0 0
-409 -156 114 88 757097 0 0 0
1572 -96 112 117 665288 0 0 0
-917 1482 171 61 483559 0 0 0
-829 702 93 137 746996 0 0 0
-120 -1381 132 131 105463 0 0 0
-458 927 168 149 104636 0 0 0
-660 -1804 12 101 637455 0 0 0
-257 -1708 56 154 144106 0 0 0
1423 -154 5 112 141909 0 0 0
-234 1898 131 22 200061 0 0 0
1141 -1174 177 69 389970 0 0 0
415 -913 122 121 488370 0 0 0
-826 -793 130 68 434094 0 0 0
1660 -1728 88 62 463341 0 0 0
459 -791 74 80 807092 0 0 0
334 1500 47 110 171769 0 0 0
-1019 1819 19 79 168799 0 0 0
-724 1523 40 34 265780 0 0 0
-1146 -1217 25 97 762033 0 0 0
-39 1442 47 132 843406 0 0 0
-280 802 102 25 381123 0 0 0
1460 1306 52 77 890941 0 0 0
-1819 1442 34 51 869450 0 0 0
1161 -856 2 128 703725 0 0 0
1290 -626 147 126 455766 0 0 0
986 -1633 130 73 732645 0 0 0
-679 -1895 85 61 606672 0 0 0
1366 -1203 20 99 159623 0 0 0
633 -868 115 9 499693 0 0 0
-1183 198 43 37 902079 0 0 0
-158 -359 146 33 232798 0 0 0
915 -1825 122 26 457305 0 0 0
1296 -168 89 141 654284 0 0 0
570 -752 169 152 985966 0 0 0
-967 248 119 1 556967 0 0 0
-1255 -992 119 76 175373 0 0 0
-1120 -979 33 143 645474 0 0 0
-924 1143 63 51 996514 0 0 0
-413 -1489 152 29 227792 0 0 0
-1463 255 123 15 810641 0 0 0
1234 350 135 146 101944 0 0 0
1550 -263 161 93 764649 0 0 0
1543 -1900 36 160 759868 0 0 0
880 -98 58 32 818139 0 0 0
164 136 23 22 450217 0 0 0
-1604 287 120 38 359501 0 0 0
1021 -1613 49 122 473579 0 0 0
-1205 1420 117 64 917877 0 0 0
1271 -1766 98 82 582221 0 0 0
1333 702 174 140 225718 0 0 0
-1588 -1704 98 150 234230 0 0 0
-660 -1826 99 98 471343 0 0 0
-224 -1688 112 66 320610 0 0 0
1474 1499 55 50 754613 0 0 0
1673 1270 153 125 662029 0 0 0
1266 511 79 103 597845 0 0 0
-1574 1464 140 63 601302 0 0 0
478 1721 46 100 311991 0 0 0
1748 -600 100 50 660742 0 0 0
-862 -1292 100 31 263758 0 0 0
-417 -1043 114 67 606849 0 0 0
127 -702 174 162 532972 0 0 0
215 -1864 87 49 567812 0 0 0
851 -565 148 24 431707 0 0 0
-685 1518 172 85 181969 0 0 0
1210 -171 133 98 122884 0 0 0
-969 -1710 99 13 605021 0 0 0
-339 -812 3 100 714377 0 0 0
-1323 308 58 32 553169 0 0 0
-1528 -626 102 163 227503 0 0 0
-1071 -1265 176 128 937577 0 0 0
1602 -358 79 43 627400 0 0 0
-525 -1313 143 60 392610 0 0 0
-933 134 144 94 429870 0 0 0
1063 -640 153 5 188748 0 0 0
1595 -919 175 16 950132 0 0 0
1459 -1597 89 16 286710 0 0 0
224 -949 75 74 914563 0 0 0
1634 28 84 115 591428 0 0 0
-1892 -1643 134 96 540853 0 0 0
-1089 679 122 28 878734 0 0 0
1679 -1497 93 109 608887 0 0 0
-910 1332 143 55 134266 0 0 0
-1546 -999 10 89 569310 0 0 0
653 -596 111 19 388519 0 0 0
-200 -1144 55 44 555420 0 0 0
-635 1449 161 150 404700 0 0 0
712 943 37 26 847411 0 0 0
-1309 751 115 138 732339 0 0 0
-2 -826 31 149 909409 0 0 0
-1577 -1761 28 136 643166 0 0 0
-1761 1192 40 18 982816 0 0 0
380 -291 173 125 420117 0 0 0
1049 -589 94 14 425200 0 0 0
216 459 46 57 372147 0 0 0
681 1838 168 117 826013 0 0 0
-239 1848 89 29 657962 0 0 0
-1409 -1502 64 84 507566 0 0 0
-1130 83 88 38 907762 0 0 0
149 572 31 136 882125 0 0 0
-85 -1721 157 81 647234 0 0 0
1744 -433 79 72 466412 0 0 0
-165 -1890 173 149 722005 0 0 0
1449 206 83 51 331348 0 0 0
-528 -1307 137 164 942800 0 0 0
-872 452 10 100 628452 0 0 0
1536 -587 133 131 144703 0 0 0
-1826 -1515 32 86 667121 0 0 0
-1501 -155 169 32 598119 0 0 0
188 -463 169 126 663753 0 0 0
776 317 151 48 794849 0 0 0
-1785 1563 15 42 771113 0 0 0
835 -1383 162 10 872058 0 0 0
1165 -658 104 81 876841 0 0 0
-1759 1062 96 74 197659 0 0 0
-1413 -247 177 101 291947 0 0 0
-471 -1815 159 82 375677 0 0 0
-1345 1523 54 10 331203 0 0 0
-1454 510 49 125 178067 0 0 0
968 -3 51 76 814120 0 0 0
-1690 -1124 3 115 870008 0 0 0
-1282 172 98 34 903344 0 0 0
-484 1500 151 142 261367 0 0 0
-730 -1512 169 76 416570 0 0 0
1625 1647 86 87 454002 0 0 0
-613 -867 46 71 642709 0 0 0
-381 1646 11 81 521397 0 0 0
-1861 1135 139 7 661411 0 0 0
-617 -146 63 18 245331 0 0 0
-982 -260 2 23 908620 0 0 0
1776 1458 40 141 371703 0 0 0
1092 1006 65 118 549838 0 0 0
-390 1384 31 66 763834 0 0 0
-1686 1798 74 19 103255 0 0 0
1385 -1161 151 5 944851 0 0 0
-376 -1047 45 63 950673 0 0 0
-1816 -70 64 101 700100 0 0 0
1105 -461 153 73 471193 0 0 0
622 1399 15 162 942726 0 0 0
572 -1235 130 2 965489 0 0 0
592 -1223 168 2 375218 0 0 0
659 1310 69 120 213422 0 0 0
-1041 -162 84 106 898965 0 0 0
-766 -893 4 35 546478 0 0 0
1365 -1761 131 67 411024 0 0 0
1823 665 101 35 226206 0 0 0
1461 1392 37 44 778334 0 0 0
191 1355 123 97 720849 0 0 0
-757 -657 15 54 107571 0 0 0
1410 -943 152 77 715405 0 0 0
-1224 301 172 162 207884 0 0 0
-1607 -1302 61 21 417545 0 0 0
-1070 1085 80 158 344469 0 0 0
-1148 950 149 13 715157 0 0 0
1497 1815 66 130 350851 0 0 0
1573 -593 113 4 193535 0 0 0
-873 1173 82 155 962069 0 0 0
367 -1220 111 149 490295 0 0 0
-1220 1328 115 52 975097 0 0 0
1289 940 61 15 492719 0 0 0
-1368 1859 160 134 793166 0 0 0
-641 1351 6 17 789942 0 0 0
-386 -262 76 73 837045 0 0 0
1065 -1123 97 67 624165 0 0 0
-935 545 167 3 418132 0 0 0
1693 1021 161 150 131079 0 0 0
-343 -1673 30 111 996165 0 0 0
-595 1577 125 109 162578 0 0 0
-7 1680 66 124 596320 0 0 0
1808 -442 166 160 282314 0 0 0
-1420 -1337 124 17 325166 0 0 0
-1758 -1677 35 57 980043 0 0 0
1880 -244 25 125 167553 0 0 0
1714 -1072 165 54 921092 0 0 0
-1228 1845 81 92 391421 0 0 0
1822 1640 19 74 896062 0 0 0
1158 -675 117 93 872859 0 0 0
-868 -80 166 115 524189 0 0 0
1691 1768 39 107 882946 0 0 0
-99 -1664 154 92 475284 0 0 0
-308 -1480 7 71 151664 0 0 0
-915 1003 83 113 945383 0 0 0
1554 1055 72 40 644072 0 0 0
-1161 1120 80 80 514326 0 0 0
1833 -829 88 132 107909 0 0 0
1752 -1887 108 16 316290 0 0 0
496 358 43 83 833738 0 0 0
1083 -1064 33 5 677774 0 0 0
-937 -1363 1 50 915324 0 0 0
-166 1678 100 31 830392 0 0 0
712 1308 169 79 872596 0 0 0
-1817 -1188 33 73 302871 0 0 0
1708 447 86 117 687591 0 0 0
-1686 -1472 120 65 242009 0 0 0
281 -561 88 154 384153 0 0 0
1206 570 166 128 171659 0 0 0
836 1848 127 79 608274 0 0 0
-774 129 132 82 733378 0 0 0
-230 -475 91 137 175175 0 0 0
-1640 -1799 135 61 392034 0 0 0
1279 651 9 87 897413 0 0 0
-934 1608 38 18 720506 0 0 0
-1610 1831 103 61 815652 0 0 0
993 -476 140 127 465429 0 0 0
-1799 -638 166 149 943970 0 0 0
1016 754 101 46 970918 0 0 0
1870 -1548 108 15 440818 0 0 0
-951 -127 71 150 818272 0 0 0
337 316 48 77 317493 0 0 0
-734 870 108 92 398112 0 0 0
534 -494 130 7 538920 0 0 0
295 381 48 89 933291 0 0 0
1313 581 176 60 251628 0 0 0
-1333 -1860 9 35 930885 0 0 0
-1201 -965 138 6 440084 0 0 0
350 -172 74 31 865452 0 0 0
1087 -142 40 155 421800 0 0 0
534 -1726 158 50 916674 0 0 0
543 11 155 114 950070 0 0 0
-304 1166 89 89 252855 0 0 0
-399 893 111 28 482569 0 0 0
1207 -1897 52 21 493883 0 0 0
352 1744 44 115 388825 0 0 0
-476 826 146 136 272075 0 0 0
554 1721 173 3 249339 0 0 0
1635 890 128 148 247489 0 0 0
1512 -1509 57 102 607261 0 0 0
1833 -1163 148 107 667569 0 0 0
889 1508 148 110 915930 0 0 0
-123 4 27 121 278525 0 0 0
1325 -411 91 114 928703 0 0 0
1341 -1720 37 99 911593 0 0 0
1686 -1072 48 68 736504 0 0 0
-233 941 116 32 931565 0 0 0
-918 185 152 50 348364 0 0 0
-350 -1442 63 140 913539 0 0 0
-1701 49 60 157 586202 0 0 0
1799 -1528 14 105 802613 0 0 0
-335 -1721 143 71 673131 0 0 0
1305 -154 142 42 460975 0 0 0
-981 -571 73 65 100785 0 0 0
-531 321 45 84 305967 0 0 0
-1413 -1022 93 157 713050 0 0 0
-1195 1578 16 132 331384 0 0 0
-18 740 63 94 211276 0 0 0
980 728 133 32 435203 0 0 0
-1817 799 21 148 885254 0 0 0
-17 -938 19 69 707870 0 0 0
-690 -80 10 81 321964 0 0 0
745 -517 21 55 228991 0 0 0
417 1777 152 121 511876 0 0 0
-1507 1730 96 143 470184 0 0 0
1789 -1225 27 78 762858 0 0 0
-315 -275 40 111 796445 0 0 0
-609 10 119 92 928073 0 0 0
650 1536 2 122 261904 0 0 0
1665 -1690 48 88 338286 0 0 0
-1577 -1435 170 146 550246 0 0 0
-762 1765 43 53 188740 0 0 0
552 282 46 160 817722 0 0 0
-603 -612 95 145 788085 0 0 0
1205 -1695 105 127 897437 0 0 0
-262 879 107 28 963061 0 0 0
-1552 -39 6 140 917077 0 0 0
-189 302 154 51 326659 0 0 0
1759 1577 65 64 464560 0 0 0
-772 408 156 155 105189 0 0 0
704 233 139 120 879139 0 0 0
372 -154 122 35 175685 0 0 0
694 -1657 71 72 943532 0 0 0
-621 220 36 125 681418 0 0 0
-1487 759 156 92 333202 0 0 0
106 1338 100 64 242989 0 0 0
-1678 -767 155 19 690146 0 0 0
-349 1810 151 96 494561 0 0 0
-1526 929 67 73 949750 0 0 0
1703 352 111 48 630177 0 0 0
-1523 1591 106 92 920480 0 0 0
422 901 46 34 178190 0 0 0
-28 1657 118 147 494810 0 0 0
-1825 -1327 10 20 738975 0 0 0
-674 -355 22 113 785783 0 0 0
1168 -1833 132 23 293199 0 0 0
-274 -374 17 45 606493 0 0 0
-1069 1721 105 116 863542 0 0 0
-1724 -951 105 76 929504 0 0 0
-883 623 141 119 801062 0 0 0
513 -443 146 52 977338 0 0 0
-523 1296 5 86 584687 0 0 0
-1710 195 19 57 154304 0 0 0
-755 -882 122 27 334132 0 0 0
-1013 -1755 142 8 549851 0 0 0
1467 1684 92 156 586813 0 0 0
-842 749 31 164 155926 0 0 0
679 -1506 27 112 438061 0 0 0
988 -581 32 39 602627 0 0 0
-981 642 5 148 706976 0 0 0
408 -603 43 158 644666 0 0 0
-351 612 71 57 528636 0 0 0
-430 -361 125 53 369356 0 0 0
-1679 -178 100 162 792924 0 0 0
356 -123 150 157 933479 0 0 0
980 928 114 132 794165 0 0 0
-1647 -1090 99 148 322986 0 0 0
1103 -281 129 47 445871 0 0 0
332 -979 11 126 498348 0 0 0
1139 -914 108 135 668181 0 0 0
1789 926 158 11 107894 0 0 0
-320 18 64 38 536186 0 0 0
918 -699 64 157 514167 0 0 0
757 1671 102 49 274433 0 0 0
1134 -327 8 163 291764 0 0 0
383 1081 13 120 243214 0 0 0
-1359 182 98 67 379387 0 0 0
1574 -330 31 148 270285 0 0 0
721 1048 154 78 255255 0 0 0
-807 923 90 32 248206 0 0 0
-265 -1403 84 151 291913 0 0 0
-1502 68 55 154 699474 0 0 0
-1293 -1793 109 87 274842 0 0 0
-372 -1743 62 68 984709 0 0 0
425 -1206 169 116 142016 0 0 0
95 534 71 68 424718 0 0 0
-1614 -1159 148 98 150683 0 0 0
818 1683 66 103 335668 0 0 0
1407 -393 173 25 344899 0 0 0
1154 -664 13 135 291276 0 0 0
465 -1359 46 18 134576 0 0 0
1076 -638 106 12 752819 0 0 0
-682 352 23 67 110513 0 0 0
498 355 50 49 417389 0 0 0
463 932 1 58 488702 0 0 0
1345 1021 18 133 259586 0 0 0
1525 -1598 78 56 541880 0 0 0
1299 1603 88 93 949936 0 0 0
-798 -1639 8 143 386160 0 0 0
-4 -1451 41 125 884664 0 0 0
575 -359 124 151 867990 0 0 0
980 819 64 137 451536 0 0 0
878 595 90 20 526307 0 0 0
-818 1523 148 110 252830 0 0 0
761 -1476 50 95 857929 0 0 0
-771 1644 104 144 780119 0 0 0
710 955 155 25 604604 0 0 0
782 1670 93 91 721627 0 0 0
-817 -1502 105 119 823229 0 0 0
1105 1900 78 17 183667 0 0 0
-1435 502 131 35 561689 0 0 0
-1350 -1631 22 32 358711 0 0 0
-544 -1553 142 143 364293 0 0 0
-1591 -848 170 152 876948 0 0 0
-1691 -853 98 102 840066 0 0 0
228 -1240 62 127 984893 0 0 0
715 -1473 53 87 263910 0 0 0
-1779 631 10 129 513280 0 0 0
-1684 -1035 170 100 385214 0 0 0
156 839 47 104 986338 0 0 0
-487 -123 21 71 812764 0 0 0
-497 -1199 138 113 772993 0 0 0
-1204 -142 115 102 999962 0 0 0
-1662 -1031 48 2 905491 0 0 0
-1297 1197 148 129 941937 0 0 0
1366 -594 67 84 499875 0 0 0
-90 111 161 45 398997 0 0 0
-1239 -1131 77 85 314751 0 0 0
1875 174 152 66 733579 0 0 0
-1598 741 48 14 266722 0 0 0
1886 -794 37 103 973654 0 0 0
-629 1210 7 54 814567 0 0 0
-723 1266 37 98 713004 0 0 0
-485 -673 130 139 725482 0 0 0
-1879 -635 97 104 263939 0 0 0
1534 160 39 127 232276 0 0 0
365 1685 101 111 634421 0 0 0
703 195 20 18 312166 0 0 0
1285 1113 160 151 409798 0 0 0
-1221 -1134 136 3 125953 0 0 0
1235 1065 58 60 136477 0 0 0
1500 -561 44 100 795322 0 0 0
1318 1603 17 99 248449 0 0 0
-1867 -1231 65 63 858087 0 0 0
-1539 882 174 39 583330 0 0 0
-1675 1394 32 131 675266 0 0 0
192 -585 119 102 142956 0 0 0
68 1641 11 53 367118 0 0 0
-547 1044 41 75 386660 0 0 0
1598 -1845 105 98 285025 0 0 0
-1610 1253 22 149 629992 0 0 0
-1237 515 129 110 138935 0 0 0
411 1180 80 154 581882 0 0 0
374 -490 8 106 430792 0 0 0
1198 1870 27 14 587367 0 0 0
-192 -406 152 155 548137 0 0 0
-930 -1367 149 63 964340 0 0 0
-1239 -1732 75 88 231406 0 0 0
-462 -384 136 114 383115 0 0 0
818 333 174 60 478220 0 0 0
1779 -1891 144 61 367398 0 0 0
1501 -704 122 103 805457 0 0 0
-964 -565 73 141 580814 0 0 0
-1620 1724 132 49 712501 0 0 0
-321 -1164 82 160 599790 0 0 0
646 1312 132 101 499800 0 0 0
-600 -1736 144 139 579608 0 0 0
745 -1396 11 21 305698 0 0 0
-1643 1029 100 112 368654 0 0 0
-1841 -1166 19 25 201894 0 0 0
808 1480 158 1 968263 0 0 0
-1124 -1138 157 94 621799 0 0 0
-1100 1616 111 143 741500 0 0 0
1602 -950 121 132 775896 0 0 0
-1872 1265 153 25 738305 0 0 0
-545 -1114 40 5 174042 0 0 0
206 1433 136 55 423403 0 0 0
-412 1739 63 136 916826 0 0 0
1368 1766 175 61 734803 0 0 0
1340 1382 122 64 781465 0 0 0
1764 957 68 67 805083 0 0 0
1621 1368 76 153 863490 0 0 0
-606 -1491 103 113 892194 0 0 0
-845 -1023 116 44 678899 0 0 0
1200 -1498 156 126 313544 0 0 0
928 389 71 105 797862 0 0 0
1101 -421 155 83 579031 0 0 0
-1722 528 10 26 473557 0 0 0
683 -1265 172 133 138860 0 0 0
87 -1276 101 104 505941 0 0 0
1342 1315 150 104 818040 0 0 0
-783 -859 171 156 912117 0 0 0
-1430 -1266 12 135 602177 0 0 0
1281 -328 148 83 152614 0 0 0
341 -1339 99 73 932606 0 0 0
968 -70 70 92 377879 0 0 0
-111 -1093 139 161 372698 0 0 0
621 1097 15 103 553978 0 0 0
229 902 102 127 326409 0 0 0
1154 -1705 92 158 531414 0 0 0
-812 -438 149 121 318841 0 0 0
1799 1711 10 6 863225 0 0 0
-667 1431 101 81 817338 0 0 0
1135 1020 114 92 462314 0 0 0
-1503 -351 5 81 671899 0 0 0
-214 -1441 148 53 391538 0 0 0
-939 -192 44 81 119585 0 0 0
-1493 237 11 52 197428 0 0 0
-1264 -190 127 32 333251 0 0 0
-282 -564 91 141 647333 0 0 0
1078 789 103 9 741152 0 0 0
-768 -1746 45 44 604463 0 0 0
1169 1602 163 128 393117 0 0 0
1283 -80 48 22 726473 0 0 0
855 1090 134 78 533156 0 0 0
-998 923 98 41 683626 0 0 0
-1699 -1759 65 118 107013 0 0 0
62 1041 3 8 910130 0 0 0
1425 731 135 20 434514 0 0 0
-1649 723 49 130 464197 0 0 0
-266 758 60 43 377157 0 0 0
176 -1118 131 67 859969 0 0 0
1481 581 70 136 989061 0 0 0
1501 85 112 80 351540 0 0 0
1716 -145 116 119 201531 0 0 0
1023 1413 9 112 579794 0 0 0
10 -1634 33 9 258606 0 0 0
1454 361 153 114 514281 0 0 0
-840 -1808 6 102 688783 0 0 0
552 638 150 159 545666 0 0 0
-829 -635 132 58 198624 0 0 0
1093 1502 106 92 569496 0 0 0
-801 -199 170 139 467694 0 0 0
22 -671 176 82 548939 0 0 0
-1854 -1683 73 58 422581 0 0 0
395 -461 137 152 434385 0 0 0
1435 -532 75 145 211928 0 0 0
565 1768 14 114 431401 0 0 0
1432 -625 152 66 913451 0 0 0
1664 -973 125 36 268955 0 0 0
1314 235 155 134 446822 0 0 0
1506 1431 86 133 977847 0 0 0
1377 273 39 66 388065 0 0 0
-902 -1022 76 101 800369 0 0 0
-1640 1757 158 110 862869 0 0 0
1374 -1815 150 94 787603 0 0 0
-1284 1656 124 109 426470 0 0 0
-1876 561 61 82 931106 0 0 0
-205 1590 63 87 531783 0 0 0
1282 940 104 86 338248 0 0 0
1608 -1283 96 107 106845 0 0 0
-621 380 86 86 154570 0 0 0
-1135 -1345 29 56 242045 0 0 0
434 -1155 138 89 801836 0 0 0
23 1495 13 54 334577 0 0 0
-1389 26 63 140 347335 0 0 0
-262 -598 162 81 120989 0 0 0
-1616 -921 157 49 694483 0 0 0
-1120 -1523 157 42 926594 0 0 0
-1808 -1635 59 52 863405 0 0 0
-335 -165 156 34 158757 0 0 0
505 -123 26 141 453030 0 0 0
-1263 -1612 139 146 465946 0 0 0
-751 -387 66 115 922810 0 0 0
1674 -1497 44 65 377888 0 0 0
-1349 609 17 57 625651 0 0 0
-1184 386 119 91 414279 0 0 0
1578 -648 114 164 294446 0 0 0
905 -444 151 96 524580 0 0 0
516 -478 80 103 581198 0 0 0
-1585 1234 23 65 790966 0 0 0
-1854 354 87 114 981032 0 0 0
-872 -1483 125 10 616247 0 0 0
-1143 86 154 86 883765 0 0 0
1291 -1494 165 81 488832 0 0 0
770 1691 20 65 302648 0 0 0
1873 -1561 90 41 840816 0 0 0
1537 -80 161 66 580650 0 0 0
-413 -1419 173 47 987250 0 0 0
1411 -1091 72 110 359718 0 0 0
1381 1291 134 44 995508 0 0 0
1663 1245 58 88 635611 0 0 0
1521 1249 9 10 790560 0 0 0
-1496 -771 144 15 783921 0 0 0
1440 1889 43 106 605719 0 0 0
-1443 -1231 122 21 875914 0 0 0
-73 273 44 6 229054 0 0 0
-470 1434 19 153 755581 0 0 0
-729 -982 85 137 477084 0 0 0
-1221 -1463 9 67 183207 0 0 0
670 -1373 159 47 900832 0 0 0
526 983 166 26 128404 0 0 0
-1853 344 26 24 757313 0 0 0
-250 664 138 139 903217 0 0 0
1249 386 134 127 978855 0 0 0
407 -1565 6 21 882949 0 0 0
835 326 64 116 325037 0 0 0
-1869 -1517 6 164 464134 0 0 0
549 85 97 102 667117 0 0 0
225 -1847 39 57 412944 0 0 0
1343 1405 57 142 313018 0 0 0
-1022 -690 52 147 546146 0 0 0
-1517 -33 28 3 370728 0 0 0
47 -1469 37 146 709891 0 0 0
-413 1557 25 117 811097 0 0 0
361 -1303 22 139 509755 0 0 0
986 -1604 86 122 335061 0 0 0
1228 -886 166 66 147186 0 0 0
698 -1516 128 73 454492 0 0 0
-61 -881 77 21 786892 0 0 0
-1522 1316 163 105 121549 0 0 0
-40 -1582 167 68 413584 0 0 0
1200 134 123 107 525475 0 0 0
1367 789 174 28 456027 0 0 0
1535 -1162 118 161 554331 0 0 0
1137 -914 95 76 281758 0 0 0
-860 76 3 33 471587 0 0 0
1693 -1653 106 42 517608 0 0 0
-1662 -1726 56 160 805912 0 0 0
1491 -788 21 140 412745 0 0 0
1597 30 149 48 583615 0 0 0
1396 568 57 79 151080 0 0 0
1871 -61 71 151 820508 0 0 0
-1087 50 158 126 819302 0 0 0
1512 94 161 64 116310 0 0 0
1230 933 18 16 743874 0 0 0
-1262 200 58 33 393358 0 0 0
-1586 1766 160 103 833945 0 0 0
-597 1015 20 80 590140 0 0 0
1824 -1618 4 100 251851 0 0 0
1796 -1576 42 24 660891 0 0 0
1788 362 57 111 476578 0 0 0
1633 1222 66 160 507033 0 0 0
-1299 1886 120 47 728204 0 0 0
-600 -1818 171 37 476750 0 0 0
-478 322 86 7 259118 0 0 0
-1417 673 171 29 287629 0 0 0
579 918 160 25 314624 0 0 0
-238 -496 124 86 866896 0 0 0
1635 -994 67 43 141070 0 0 0
-1518 1877 60 82 508087 0 0 0
-783 -1429 169 135 291924 0 0 0
1384 -1422 66 71 277216 0 0 0
-97 -1348 124 27 180911 0 0 0
-686 270 57 30 135135 0 0 0
601 -1534 107 130 917571 0 0 0
1063 -455 71 100 988074 0 0 0
1829 124 73 157 228967 0 0 0
1455 1867 138 114 698602 0 0 0
-798 -847 39 118 378564 0 0 0
349 1841 119 133 931767 0 0 0
-973 -1217 151 123 656132 0 0 0
396 -885 89 66 597244 0 0 0
529 995 70 26 750896 0 0 0
-1322 -1111 141 155 179195 0 0 0
-389 1048 177 110 142668 0 0 0
-1099 684 87 54 881949 0 0 0
-1303 -563 13 18 661084 0 0 0
-1780 -133 177 143 711963 0 0 0
1460 664 46 142 615513 0 0 0
-301 -1091 162 70 471474 0 0 0
331 956 41 25 623141 0 0 0
-364 -686 52 85 413677 0 0 0
-1877 1374 14 107 829626 0 0 0
181 870 177 119 721055 0 0 0
-254 -1659 2 4 360342 0 0 0
-1833 -1827 165 48 392043 0 0 0
1769 -1057 94 20 138102 0 0 0
1223 777 53 131 742786 0 0 0
-1541 -656 173 19 837466 0 0 0
763 -427 140 76 677515 0 0 0
-255 1893 103 127 901636 0 0 0
-1562 -568 129 9 229537 0 0 0
-1472 -203 2 69 295478 0 0 0
-1858 1605 145 73 540371 0 0 0
298 -1516 143 72 799822 0 0 0
1314 635 24 87 246207 0 0 0
217 -1014 43 10 957976 0 0 0
1555 1858 75 147 610659 0 0 0
-942 1741 4 64 991995 0 0 0
-1106 713 34 37 977102 0 0 0
344 251 122 92 762253 0 0 0
-335 -460 2 52 778315 0 0 0
-1103 1181 128 19 573217 0 0 0
-308 -286 48 77 866627 0 0 0
-1166 -373 15 118 573498 0 0 0
116 -704 143 133 951288 0 0 0
741 -1287 167 57 958905 0 0 0
-1797 378 71 8 543042 0 0 0
187 -25 18 97 486787 0 0 0
594 -1359 110 112 292082 0 0 0
937 1472 23 127 600197 0 0 0
1528 121 109 138 648160 0 0 0
-1762 -243 31 82 676924 0 0 0
779 498 109 126 981942 0 0 0
-196 1253 31 83 210884 0 0 0
1559 -1743 139 86 872686 0 0 0
-1586 -1347 7 60 915508 0 0 0
18 -530 10 135 565818 0 0 0
922 1330 101 35 664506 0 0 0
-1104 -926 132 162 662590 0 0 0
118 1390 116 53 330278 0 0 0
-133 675 51 144 615311 0 0 0
858 669 123 156 416797 0 0 0
-1454 -711 148 22 147486 0 0 0
-532 -1362 97 84 856160 0 0 0
1293 695 139 98 226723 0 0 0
1008 -373 49 119 803171 0 0 0
300 -665 46 90 766289 0 0 0
-415 -792 84 103 612587 0 0 0
18 -700 38 93 122189 0 0 0
1542 -435 137 119 756934 0 0 0
-1368 1104 33 20 369065 0 0 0
-813 -1121 120 75 357183 0 0 0
-235 -1367 41 83 393388 0 0 0
844 -1377 52 12 832865 0 0 0
1247 1303 172 52 411391 0 0 0
-765 1058 174 48 837369 0 0 0
-1088 1105 70 8 128236 0 0 0
174 878 66 109 819017 0 0 0
-899 -1216 65 46 124428 0 0 0
-1236 -1879 85 75 274377 0 0 0
1529 995 72 104 798034 0 0 0
-1120 614 63 5 894333 0 0 0
-782 203 110 67 787560 0 0 0
-1663 -1900 152 98 105244 0 0 0
473 629 18 117 953074 0 0 0
1699 1137 11 152 441694 0 0 0
-786 -1410 102 19 819864 0 0 0
-1511 -767 57 143 709946 0 0 0
-457 -922 165 8 180850 0 0 0
-873 -161 99 24 523950 0 0 0
-1183 -1684 169 128 834842 0 0 0
861 -210 70 103 847190 0 0 0
-53 -1552 21 48 998021 0 0 0
-666 1172 34 109 475617 0 0 0
1574 -1062 84 28 150081 0 0 0
-454 -1077 17 136 198282 0 0 0
1886 -1793 144 162 102779 0 0 0
-1647 -888 167 16 672726 0 0 0
-1262 338 135 24 285042 0 0 0
-1064 -358 121 117 169052 0 0 0
1161 -630 93 41 430909 0 0 0
1503 -1420 124 55 156497 0 0 0
1607 1406 96 134 585811 0 0 0
-1499 773 175 93 205673 0 0 0
133 510 177 153 865928 0 0 0
870 -1322 92 37 301189 0 0 0
-371 578 98 143 843325 0 0 0
-1213 996 64 123 182322 0 0 0
-1201 872 30 154 863181 0 0 0
-1194 507 58 140 427475 0 0 0
933 -726 21 97 333722 0 0 0
291 1035 90 145 415434 0 0 0
1043 -513 129 36 682303 0 0 0
-206 -446 22 46 356901 0 0 0
-1555 636 100 59 912235 0 0 0
-1096 715 2 63 561742 0 0 0
1697 -657 142 151 992857 0 0 0
765 1715 34 19 107076 0 0 0
-353 -1236 14 29 865895 0 0 0
1383 165 71 151 202275 0 0 0
66 605 52 147 805403 0 0 0
920 -539 83 86 930278 0 0 0
475 201 100 124 790895 0 0 0
-1885 627 68 21 819266 0 0 0
543 957 84 36 631079 0 0 0
1610 -539 169 112 965282 0 0 0
-926 1823 174 140 271411 0 0 0
-1336 1126 120 19 932021 0 0 0
912 -1763 140 122 984587 0 0 0
844 502 29 121 884794 0 0 0
-490 -368 31 30 442633 0 0 0
-1774 1290 101 141 238609 0 0 0
621 39 94 129 432176 0 0 0
-1271 422 112 151 956380 0 0 0
1767 -815 50 157 177068 0 0 0
734 -4 102 1 411375 0 0 0
-1600 173 139 117 244359 0 0 0
-1775 104 125 1 278127 0 0 0
497 1308 131 114 891348 0 0 0
-961 1001 113 12 229083 0 0 0
970 -471 27 28 124185 0 0 0
1000 544 153 118 730734 0 0 0
1410 415 46 51 584091 0 0 0
-916 1798 36 2 305015 0 0 0
1535 -234 47 43 316852 0 0 0
-251 1722 63 22 360837 0 0 0
1133 -207 115 76 459696 0 0 0
1492 1056 166 35 348040 0 0 0
-935 -994 100 80 841088 0 0 0
-1493 605 32 99 496356 0 0 0
1499 697 166 95 252850 0 0 0
-370 306 99 60 479689 0 0 0
1359 1122 82 163 760362 0 0 0
-777 -194 104 56 468317 0 0 0
-1656 -197 110 100 944639 0 0 0
-1870 -730 54 38 487598 0 0 0
-337 1205 37 43 214856 0 0 0
-155 -845 127 78 990425 0 0 0
-617 -1469 84 141 807591 0 0 0
1875 358 158 76 985316 0 0 0
1679 -125 7 86 626806 0 0 0
-835 -1253 78 94 694838 0 0 0
-152 1649 3 52 185056 0 0 0
-433 197 56 137 161481 0 0 0
1042 -788 124 61 404282 0 0 0
-1258 1612 176 14 818224 0 0 0
-1128 1232 94 138 294167 0 0 0
635 -1700 53 15 225884 0 0 0
1388 841 81 152 665827 0 0 0
-1561 1616 146 131 722355 0 0 0
-590 328 117 34 641338 0 0 0
1171 1540 28 121 201270 0 0 0
-855 -594 56 61 599481 0 0 0
-764 -1344 152 97 371378 0 0 0
1148 208 159 61 996255 0 0 0
648 -1321 17 93 501550 0 0 0
560 -779 171 14 256272 0 0 0
1700 105 5 79 833744 0 0 0
-1601 -723 3 157 277158 0 0 0
1823 -1700 98 5 824693 0 0 0
-924 -1576 64 101 983574 0 0 0
-185 -1338 70 33 831500 0 0 0
978 425 78 7 714418 0 0 0
1652 769 105 100 534136 0 0 0
987 -294 108 61 277512 0 0 0
-699 1058 133 69 631815 0 0 0
1097 -375 119 72 166410 0 0 0
7 1203 132 102 724732 0 0 0
208 1665 172 8 143158 0 0 0
1549 964 170 114 981008 0 0 0
821 1180 19 50 181716 0 0 0
-216 1847 105 152 246383 0 0 0
-1736 1471 40 67 516892 0 0 0
385 -1804 29 115 955645 0 0 0
1846 -145 83 146 117269 0 0 0
-1780 6 40 40 490554 0 0 0
235 -279 22 107 507388 0 0 0
-317 1386 82 122 999661 0 0 0
953 447 119 101 866247 0 0 0
1896 243 165 129 251225 0 0 0
205 1848 54 92 947043 0 0 0
324 -54 126 76 175010 0 0 0
-1351 833 57 13 860212 0 0 0
507 -603 41 5 769342 0 0 0
174 802 90 34 970903 0 0 0
44 -1016 170 95 140119 0 0 0
-919 -1392 90 109 474227 0 0 0
-1374 -1029 120 30 442586 0 0 0
1170 828 27 114 927228 0 0 0
476 -463 154 63 249080 0 0 0
581 257 24 80 923905 0 0 0
-1815 1306 94 40 521155 0 0 0
1258 -365 66 98 630981 0 0 0
-839 -280 88 139 462760 0 0 0
-1479 189 78 43 736438 0 0 0
1843 -370 85 29 263793 0 0 0
-1210 -615 20 132 948079 0 0 0
738 -1585 122 120 291873 0 0 0
233 180 101 99 105628 0 0 0
876 -1083 12 51 399521 0 0 0
-1870 1113 172 69 155760 0 0 0
1500 -1396 96 118 618239 0 0 0
-1723 1879 50 53 317148 0 0 0
7 -898 87 42 764426 0 0 0
1638 1704 177 36 912395 0 0 0
1261 -1205 163 55 314239 0 0 0
-306 1532 44 3 165616 0 0 0
1289 -1464 15 149 252286 0 0 0
-68 255 54 106 961220 0 0 0
-888 -728 134 125 424212 0 0 0
-822 228 43 74 243434 0 0 0
-204 -1855 68 75 632290 0 0 0
-1416 729 2 150 711986 0 0 0
-1215 1511 177 46 694112 0 0 0
-874 1281 95 61 693734 0 0 0
769 906 110 62 548011 0 0 0
702 -1008 126 158 931576 0 0 0
927 839 101 34 904141 0 0 0
1663 1268 84 25 200732 0 0 0
-1528 -1589 3 8 731837 0 0 0
-1723 518 108 73 983021 0 0 0
1552 391 89 103 596797 0 0 0
490 1790 81 73 818563 0 0 0
-939 1004 154 48 413229 0 0 0
-1450 -651 107 3 669676 0 0 0
-661 -1606 79 85 927366 0 0 0
-979 -1007 170 39 491943 0 0 0
-1324 -609 93 141 263821 0 0 0
-675 -674 92 99 595876 0 0 0
1030 -1230 93 76 119508 0 0 0
821 256 17 97 145656 0 0 0
1873 -1291 53 39 337738 0 0 0
-511 -948 17 118 637981 0 0 0
-360 -515 132 19 978193 0 0 0
490 1085 164 95 877966 0 0 0
-96 703 123 1 564620 0 0 0
1796 280 138 75 570065 0 0 0
816 -1617 45 158 599847 0 0 0
-1470 1145 132 134 142594 0 0 0
-1435 1516 74 22 293131 0 0 0
1340 -37 145 39 379591 0 0 0
-1290 -1713 48 73 851368 0 0 0
24 -324 14 104 917914 0 0 0
-676 -602 21 80 269949 0 0 0
-123 -211 159 158 395325 0 0 0
-658 1596 75 93 117037 0 0 0
312 1504 3 25 852211 0 0 0
-1770 392 44 101 163012 0 0 0
-1366 667 100 159 668946 0 0 0
336 -1483 161 48 362969 0 0 0
-1588 1093 19 58 302315 0 0 0
125 1757 118 7 416875 0 0 0
137 -832 77 151 389251 0 0 0
-365 -1397 41 114 377513 0 0 0
-951 1042 81 101 585696 0 0 0
97 1649 54 99 826714 0 0 0
-132 -522 89 24 770623 0 0 0
-309 1643 118 124 479082 0 0 0
-210 -831 155 81 900228 0 0 0
-1568 -1174 92 12 845102 0 0 0
-182 484 111 134 406635 0 0 0
1099 578 11 88 974436 0 0 0
-1213 558 106 48 585714 0 0 0
672 -493 114 77 299886 0 0 0
785 1351 74 19 743865 0 0 0
1857 -1816 28 74 455837 0 0 0
1070 1151 22 78 149457 0 0 0
1282 1785 146 119 188578 0 0 0
-33 1634 70 97 515492 0 0 0
255 -1267 81 20 638320 0 0 0
1248 1447 174 61 609512 0 0 0
-1837 -169 127 142 388783 0 0 0
728 1098 176 70 329653 0 0 0
-828 1053 73 27 779059 0 0 0
-1501 488 77 130 218415 0 0 0
-638 -613 135 105 639304 0 0 0
253 676 44 88 349969 0 0 0
32 1193 75 161 473442 0 0 0
-1185 -1127 11 92 122638 0 0 0
1524 -1741 112 111 608228 0 0 0
-561 1082 127 67 223276 0 0 0
-590 154 90 37 818824 0 0 0
-1034 -1723 15 37 259741 0 0 0
-101 1422 134 48 524050 0 0 0
107 -782 140 73 482861 0 0 0
1195 162 75 57 319119 0 0 0
-1730 -1790 81 4 571178 0 0 0
1549 104 33 162 769175 0 0 0
1211 -1045 12 157 331601 0 0 0
-828 -189 48 8 517364 0 0 0
1168 -984 22 33 758095 0 0 0
272 875 47 68 103899 0 0 0
-1778 793 146 138 818055 0 0 0
-520 479 63 123 803764 0 0 0
-1388 -87 138 95 117802 0 0 0
-1372 -1369 136 92 464793 0 0 0
683 -301 93 13 514691 0 0 0
1400 1128 60 157 988255 0 0 0
22 1255 102 136 665494 0 0 0
-1467 -670 120 9 227125 0 0 0
-756 -1025 50 81 336075 0 0 0
242 1311 17 49 167692 0 0 0
626 -1276 139 13 404659 0 0 0
-598 -684 115 99 355083 0 0 0
-174 930 35 91 929947 0 0 0
1701 1150 128 46 504952 0 0 0
186 -459 31 11 804842 0 0 0
-1453 854 130 4 571008 0 0 0
1428 977 150 163 872268 0 0 0
-1258 -240 95 4 428916 0 0 0
-1138 501 126 100 736011 0 0 0
113 1107 141 131 668864 0 0 0
1174 -415 90 26 497848 0 0 0
-1523 -1754 62 32 397288 0 0 0
-122 -259 15 73 737460 0 0 0
1486 1075 2 14 309722 0 0 0
1327 849 47 76 696218 0 0 0
-1875 -531 26 123 386647 0 0 0
1241 -1655 142 121 232661 0 0 0
-1008 -1883 33 56 801124 0 0 0
803 -1445 91 114 747795 0 0 0
1424 1593 102 6 840312 0 0 0
734 -907 1 63 206410 0 0 0
1736 -1017 118 80 480119 0 0 0
941 -1379 124 142 830634 0 0 0
898 -1344 61 138 279802 0 0 0
-1 -1548 35 79 713743 0 0 0
521 303 43 138 924430 0 0 0
1766 -1687 43 16 364855 0 0 0
-391 -1576 15 100 702760 0 0 0
304 -615 136 71 106613 0 0 0
954 1341 27 90 484456 0 0 0
-1228 -1646 128 31 102417 0 0 0
1742 1090 154 105 878680 0 0 0
1831 -581 104 100 491393 0 0 0
-1751 -854 59 41 119352 0 0 0
1899 1259 106 8 223572 0 0 0
1630 1824 76 107 258547 0 0 0
-433 562 118 164 471649 0 0 0
1474 1168 132 163 383285 0 0 0
385 -1129 142 50 893592 0 0 0
1133 -154 141 39 775153 0 0 0
-1379 327 37 102 852386 0 0 0
338 -195 153 164 992902 0 0 0
945 733 25 59 507323 0 0 0
-411 1262 23 114 269072 0 0 0
1721 -989 135 24 178124 0 0 0
1848 -290 139 17 427187 0 0 0
-49 -289 168 4 821133 0 0 0
-63 1142 42 89 414022 0 0 0
534 107 11 120 240544 0 0 0
-990 -1813 73 146 778502 0 0 0
1721 -1434 68 144 318011 0 0 0
-1717 432 108 111 661179 0 0 0
-763 -1339 104 159 600898 0 0 0
-46 308 116 10 337062 0 0 0
33 1228 152 103 698968 0 0 0
716 -438 151 84 294370 0 0 0
-695 238 150 19 700173 0 0 0
-1222 -10 4 99 122364 0 0 0
-1414 402 13 142 304099 0 0 0
-590 1780 48 23 527996 0 0 0
1776 -111 172 56 353584 0 0 0
-638 527 103 162 364152 0 0 0
-868 -1396 112 39 639369 0 0 0
-1045 182 43 63 801534 0 0 0
1570 655 61 53 635712 0 0 0
553 944 150 105 518100 0 0 0
112 -1225 4 89 859957 0 0 0
-1765 656 103 99 225121 0 0 0
798 345 30 74 336710 0 0 0
-430 -1488 85 156 470294 0 0 0
-402 533 129 41 106159 0 0 0
893 -1138 166 156 357853 0 0 0
-1255 -1749 8 120 203190 0 0 0
-1652 264 16 70 734333 0 0 0
-1474 1285 56 57 958949 0 0 0
-123 -613 35 91 578743 0 0 0
863 -717 9 1 812382 0 0 0
1342 -709 83 108 529186 0 0 0
-1151 -169 2 147 566941 0 0 0
-251 969 131 128 916960 0 0 0
-1257 341 169 157 568572 0 0 0
1022 300 38 42 351554 0 0 0
-1076 858 123 18 186064 0 0 0
-1734 1560 167 15 982970 0 0 0
-1095 -467 43 98 873342 0 0 0
298 -667 176 59 770398 0 0 0
-1331 -698 95 117 857377 0 0 0
1199 441 99 51 310504 0 0 0
-972 990 146 119 743562 0 0 0
934 1394 165 78 330807 0 0 0
-185 1253 124 50 942603 0 0 0
-57 -1041 79 82 187674 0 0 0
1351 1679 15 34 403732 0 0 0
1479 -108 8 98 960736 0 0 0
-1809 -1045 144 5 672481 0 0 0
537 -490 130 10 572982 0 0 0
-982 -898 1 19 754314 0 0 0
979 1709 157 32 992507 0 0 0
-1126 1465 57 34 665725 0 0 0
773 774 86 160 221634 0 0 0
462 1896 47 147 423365 0 0 0
-1354 -1782 100 66 603784 0 0 0
57 1441 138 156 983124 0 0 0
1228 1754 77 41 743213 0 0 0
-1128 -1310 44 4 657642 0 0 0
-258 -1376 20 1 411483 0 0 0
-1258 1501 86 155 117364 0 0 0
-165 1786 54 18 417069 0 0 0
-330 -1451 24 108 341420 0 0 0
-1617 -1886 141 149 833436 0 0 0
-318 975 121 74 458638 0 0 0
-1147 1028 162 20 346775 0 0 0
-654 783 163 81 769327 0 0 0
-1462 887 7 143 566588 0 0 0
334 1620 45 7 778768 0 0 0
808 -907 149 99 712697 0 0 0
-84 -751 40 41 250385 0 0 0
-502 1568 58 162 657231 0 0 0
-1065 1644 95 156 254114 0 0 0
359 -387 54 56 716262 0 0 0
-1834 792 132 17 318917 0 0 0
-1588 1529 73 12 287166 0 0 0
-528 -1441 143 4 654636 0 0 0
-58 1345 78 142 299845 0 0 0
382 -1435 164 160 271540 0 0 0
697 1821 159 77 461913 0 0 0
1444 -853 42 37 132558 0 0 0
1009 -648 66 116 788426 0 0 0
-1216 255 46 119 560622 0 0 0
-1037 -65 115 112 650098 0 0 0
870 -1515 24 91 981006 0 0 0
-317 480 59 18 627886 0 0 0
1388 1723 33 56 316728 0 0 0
-1479 -165 140 30 382086 0 0 0
1436 -199 76 26 928895 0 0 0
514 1290 16 58 385062 0 0 0
1639 -3 36 36 156870 0 0 0
1013 576 112 25 883961 0 0 0
606 870 146 20 367434 0 0 0
-1316 1010 25 95 190961 0 0 0
63 -591 79 41 107957 0 0 0
1711 107 99 27 992444 0 0 0
-884 43 26 48 814774 0 0 0
278 1170 10 115 442629 0 0 0
297 -150 114 11 190529 0 0 0
1808 -341 114 16 358457 0 0 0
-357 1153 151 100 298791 0 0 0
-1158 -1729 38 122 825064 0 0 0
-1159 25 45 139 905089 0 0 0
-2 1392 19 131 379842 0 0 0
-1084 -1183 106 20 381679 0 0 0
-1616 1104 50 110 680201 0 0 0
1876 965 40 162 526576 0 0 0
118 -595 168 72 159910 0 0 0
618 427 164 149 756589 0 0 0
-779 1733 28 88 134728 0 0 0
-83 -171 168 128 437050 0 0 0
-1082 1301 169 159 614073 0 0 0
-1109 1455 67 77 854442 0 0 0
-419 272 151 58 707504 0 0 0
-1668 -267 131 6 478234 0 0 0
934 888 162 75 217328 0 0 0
122 -409 15 123 824866 0 0 0
517 1153 72 144 568204 0 0 0
153 662 55 157 462536 0 0 0
12 -528 49 56 418980 0 0 0
1574 861 57 93 809028 0 0 0
-1024 -1026 55 29 120403 0 0 0
-398 99 124 149 193342 0 0 0
-1281 1693 56 84 767484 0 0 0
1285 -526 69 27 903699 0 0 0
379 119 90 51 934278 0 0 0
1150 -1228 146 105 733868 0 0 0
-1290 1794 87 72 726548 0 0 0
1565 461 161 62 654180 0 0 0
-845 -506 136 116 279504 0 0 0
1704 -861 95 150 144392 0 0 0
-829 -485 169 154 500056 0 0 0
-1236 -1113 24 125 269192 0 0 0
-863 -1805 123 91 992401 0 0 0
1302 600 165 33 196559 0 0 0
-805 -988 82 32 538639 0 0 0
-1085 -107 84 41 920607 0 0 0
1838 1105 92 91 346633 0 0 0
-1372 1585 137 109 306599 0 0 0
237 -524 21 45 828978 0 0 0
-1121 -468 162 97 441270 0 0 0
851 178 127 81 885791 0 0 0
-746 -1228 46 136 610172 0 0 0
1732 -1038 29 32 471628 0 0 0
-833 298 100 84 818206 0 0 0
372 673 60 112 245026 0 0 0
742 474 142 53 221112 0 0 0
187 767 168 154 836297 0 0 0
-487 -1650 98 83 866409 0 0 0
1480 -943 126 15 727185 0 0 0
-1495 -1558 22 153 113571 0 0 0
1817 -452 19 61 703757 0 0 0
436 -1581 66 156 364167 0 0 0
1004 450 91 118 660186 0 0 0
1575 -168 117 74 998825 0 0 0
-802 1137 2 97 392483 0 0 0
-1005 -1075 67 125 681339 0 0 0
279 -1540 103 74 369302 0 0 0
1870 1254 56 86 755908 0 0 0
-1093 827 44 9 221955 0 0 0
214 -1076 78 20 970715 0 0 0
-1004 174 23 16 338356 0 0 0
701 -928 40 142 658191 0 0 0
1031 -1201 113 23 789656 0 0 0
933 -1610 173 32 305173 0 0 0
322 176 115 66 266576 0 0 0
-1343 673 17 138 588604 0 0 0
259 388 163 128 845006 0 0 0
-312 -1188 72 65 896200 0 0 0
1826 1438 139 15 366914 0 0 0
897 -1491 34 143 156253 0 0 0
1242 1676 134 9 190245 0 0 0
-757 -653 36 76 202768 0 0 0
1850 204 6 54 181321 0 0 0
1464 -1233 172 82 894453 0 0 0
-1560 -1087 173 11 167063 0 0 0
1211 503 62 139 380031 0 0 0
1675 1085 133 64 588255 0 0 0
-1846 102 121 86 412223 0 0 0
1550 1697 62 18 345424 0 0 0
-1734 -35 52 22 952766 0 0 0
1080 -790 24 75 129303 0 0 0
-122 154 146 94 826042 0 0 0
-643 894 161 158 245595 0 0 0
-474 96 166 87 759293 0 0 0
-64 -452 34 74 656097 0 0 0
1291 1510 151 18 109140 0 0 0
718 -529 24 56 698628 0 0 0
1859 -1356 94 147 290157 0 0 0
1166 945 147 146 556970 0 0 0
1588 -870 136 141 257825 0 0 0
1869 1357 12 128 526056 0 0 0
603 1576 65 150 208876 0 0 0
-1638 -853 166 83 517635 0 0 0
1047 656 81 97 258564 0 0 0
1819 -370 173 64 321395 0 0 0
424 -1260 114 32 572588 0 0 0
1761 256 49 32 626178 0 0 0
