200
9 135 35 12 547319 0 0 0
187 -150 31 15 163395 0 0 0
32 -94 15 11 306461 0 0 0
152 69 10 27 903870 0 0 0
166 -64 8 2 524461 0 0 0
33 -144 23 22 193513 0 0 0
103 96 34 10 405715 0 0 0
55 35 10 26 735281 0 0 0
-170 112 13 25 338112 0 0 0
-99 15 31 14 537832 0 0 0
-39 -57 33 15 743516 0 0 0
-112 73 5 25 827835 0 0 0
-152 120 33 14 210812 0 0 0
61 60 16 12 821195 0 0 0
-114 152 23 6 421916 0 0 0
38 19 15 17 739659 0 0 0
145 16 19 2 388826 0 0 0
-153 -187 34 11 556198 0 0 0
124 -81 33 21 181092 0 0 0
119 -26 31 19 944115 0 0 0
-154 -111 6 19 895949 0 0 0
-112 134 27 4 695174 0 0 0
2 -155 28 24 139494 0 0 0
-23 163 11 7 184783 0 0 0
-67 -159 13 22 432337 0 0 0
-174 124 17 2 581342 0 0 0
39 44 17 18 371753 0 0 0
19 -103 36 2 645838 0 0 0
-95 -53 41 6 293827 0 0 0
-179 177 6 6 875867 0 0 0
106 -188 2 27 130559 0 0 0
-50 -194 39 11 344793 0 0 0
-130 187 19 17 701765 0 0 0
-123 40 36 12 853488 0 0 0
-25 50 8 16 178932 0 0 0
-156 188 7 23 585554 0 0 0
-174 169 40 23 336781 0 0 0
-100 20 38 21 920008 0 0 0
-22 -58 38 15 547420 0 0 0
196 -145 7 23 104186 0 0 0
178 102 3 1 567226 0 0 0
-154 174 21 19 552102 0 0 0
-95 -200 23 18 236017 0 0 0
-187 -10 16 22 925361 0 0 0
145 -119 24 26 255833 0 0 0
-198 138 40 9 326930 0 0 0
-81 -86 11 25 711485 0 0 0
-22 88 15 17 277381 0 0 0
140 10 3 8 324365 0 0 0
-181 -120 40 7 374491 0 0 0
-136 78 33 4 603735 0 0 0
56 -27 2 14 545090 0 0 0
-158 -183 13 13 605261 0 0 0
98 179 34 19 645383 0 0 0
9 190 34 11 678045 0 0 0
23 -53 21 14 522057 0 0 0
-142 89 25 19 362768 0 0 0
149 43 8 2 999616 0 0 0
-192 118 24 14 623704 0 0 0
47 77 33 14 533750 0 0 0
-126 -155 28 20 384456 0 0 0
37 24 27 7 848012 0 0 0
167 120 3 24 489890 0 0 0
161 24 16 28 302044 0 0 0
-13 -111 2 13 693176 0 0 0
-134 -172 21 21 969597 0 0 0
-156 -56 5 16 522680 0 0 0
-182 -195 24 22 107979 0 0 0
133 168 25 1 534658 0 0 0
-34 -185 33 10 411546 0 0 0
4 -20 37 5 574960 0 0 0
60 88 17 16 220599 0 0 0
13 47 17 3 106200 0 0 0
185 -173 26 25 396911 0 0 0
179 102 39 19 428398 0 0 0
-10 95 41 7 242506 0 0 0
-71 17 37 1 884407 0 0 0
-130 -115 24 11 143201 0 0 0
-173 -183 40 17 915446 0 0 0
-139 -88 41 28 590169 0 0 0
149 187 21 6 602532 0 0 0
89 -117 3 11 975296 0 0 0
9 79 35 10 914583 0 0 0
162 -41 17 1 127499 0 0 0
-128 -163 20 19 935076 0 0 0
184 -74 34 19 500040 0 0 0
61 71 16 21 705307 0 0 0
114 -106 29 10 515713 0 0 0
92 12 21 10 320747 0 0 0
-105 -86 25 21 869324 0 0 0
-32 -13 37 22 732884 0 0 0
88 -39 2 10 542040 0 0 0
-68 63 4 8 969903 0 0 0
13 -3 33 21 377478 0 0 0
-49 -143 25 1 231601 0 0 0
19 185 33 19 644314 0 0 0
-112 136 12 22 647225 0 0 0
-139 90 21 6 961358 0 0 0
118 -20 26 22 896930 0 0 0
-185 87 14 11 147148 0 0 0
167 48 15 24 679314 0 0 0
32 -93 6 12 484121 0 0 0
10 -65 32 7 373000 0 0 0
41 -10 18 6 687769 0 0 0
-41 -196 36 13 626280 0 0 0
181 -101 14 4 249618 0 0 0
33 129 1 8 624217 0 0 0
-135 -59 31 5 583051 0 0 0
-106 46 32 22 490285 0 0 0
182 76 8 28 180641 0 0 0
91 98 20 27 546797 0 0 0
41 112 24 28 712101 0 0 0
-184 8 23 18 416062 0 0 0
84 105 1 1 449046 0 0 0
-128 95 18 7 294995 0 0 0
49 -69 24 7 862328 0 0 0
-121 7 9 14 739307 0 0 0
-102 138 36 23 948954 0 0 0
106 -146 8 21 649424 0 0 0
-190 12 2 14 467779 0 0 0
81 -179 4 22 863127 0 0 0
3 142 3 11 291137 0 0 0
-38 16 18 3 989580 0 0 0
31 69 11 6 685691 0 0 0
-37 19 20 16 262922 0 0 0
113 -66 41 10 490363 0 0 0
180 180 29 18 569916 0 0 0
-137 199 2 21 211540 0 0 0
-188 -120 12 11 948828 0 0 0
167 -101 37 16 193886 0 0 0
152 -87 5 28 795181 0 0 0
89 -1 40 15 592890 0 0 0
-124 54 37 3 324305 0 0 0
166 -139 11 26 533710 0 0 0
157 33 21 1 301724 0 0 0
50 113 30 28 193976 0 0 0
-28 25 37 14 331156 0 0 0
-189 -60 22 3 541444 0 0 0
-179 171 9 6 506032 0 0 0
10 -106 22 19 127335 0 0 0
-149 -36 3 17 339564 0 0 0
73 -185 10 23 865406 0 0 0
-120 149 6 16 585441 0 0 0
-77 69 17 4 125340 0 0 0
131 -77 26 24 377572 0 0 0
-64 -86 29 7 796376 0 0 0
170 -148 22 7 449333 0 0 0
-65 -191 31 28 960537 0 0 0
-160 -94 10 26 551373 0 0 0
54 74 27 14 272427 0 0 0
123 173 23 25 489727 0 0 0
55 -1 21 23 942586 0 0 0
177 -199 28 2 419984 0 0 0
-11 39 28 27 796414 0 0 0
-78 -19 41 7 125651 0 0 0
191 165 1 28 278637 0 0 0
-76 4 20 12 436027 0 0 0
-88 -52 32 19 477120 0 0 0
-59 -141 10 17 205566 0 0 0
92 -134 18 2 369338 0 0 0
-163 -79 10 17 190419 0 0 0
200 91 3 4 376814 0 0 0
-16 -41 31 20 674796 0 0 0
145 115 38 4 473257 0 0 0
-103 -115 32 6 863628 0 0 0
-78 199 38 19 838309 0 0 0
174 -97 41 16 100975 0 0 0
-38 -66 22 8 953926 0 0 0
15 -54 1 23 682656 0 0 0
-95 -144 13 5 300306 0 0 0
64 92 28 20 137800 0 0 0
-70 -189 22 19 489894 0 0 0
-7 -104 10 2 376115 0 0 0
16 -16 16 20 996301 0 0 0
-83 123 27 13 762135 0 0 0
-60 -16 28 2 395652 0 0 0
-79 -184 13 4 386668 0 0 0
-17 38 6 24 923011 0 0 0
161 31 35 28 667602 0 0 0
97 121 26 5 961840 0 0 0
183 -89 40 26 514679 0 0 0
-54 196 24 1 540297 0 0 0
-169 -49 4 17 955607 0 0 0
-157 106 34 28 494318 0 0 0
119 46 22 21 414251 0 0 0
46 127 23 17 886335 0 0 0
55 183 15 5 793750 0 0 0
-113 -130 35 28 682977 0 0 0
-188 169 41 21 381799 0 0 0
-91 -91 18 24 152116 0 0 0
-122 -173 17 5 191305 0 0 0
-146 63 34 13 128759 0 0 0
194 -140 22 18 497457 0 0 0
162 170 27 14 748500 0 0 0
-11 -71 27 4 617361 0 0 0
181 -143 30 17 234804 0 0 0
58 -178 28 14 456241 0 0 0
-83 -24 25 3 830841 0 0 0
153 73 16 20 658901 0 0 0
-94 115 21 2 111044 0 0 0
