2200
917 960 150 97 800674 0 0 0
435 958 182 113 661451 0 0 0
1437 1353 116 54 857579 0 0 0
-1747 278 125 186 352420 0 0 0
-1469 -525 158 175 961083 0 0 0
-865 1596 102 105 572889 0 0 0
822 -1603 25 27 491843 0 0 0
768 -1840 156 25 650319 0 0 0
733 1814 122 115 922376 0 0 0
556 -1572 37 129 241888 0 0 0
-930 864 154 188 623282 0 0 0
-571 2064 15 159 385988 0 0 0
1349 -1136 17 48 579756 0 0 0
-1009 -767 38 28 884275 0 0 0
-1120 604 24 142 778812 0 0 0
-618 -953 170 65 309571 0 0 0
-1631 2196 107 128 998203 0 0 0
-1239 -2147 58 126 213741 0 0 0
1572 -2141 36 61 176483 0 0 0
-1467 -1986 194 89 578542 0 0 0
2027 410 52 106 245250 0 0 0
1507 -1744 118 32 377837 0 0 0
2166 305 116 159 764665 0 0 0
1695 -306 165 72 947904 0 0 0
1737 1737 84 141 498585 0 0 0
647 456 89 6 462097 0 0 0
-39 246 136 147 905893 0 0 0
1534 414 38 62 893605 0 0 0
156 -748 105 146 690222 0 0 0
677 -484 86 111 519466 0 0 0
-489 1320 3 82 136806 0 0 0
1491 1070 56 91 679451 0 0 0
-78 -511 88 9 785441 0 0 0
1100 2092 54 85 882482 0 0 0
-2 -1216 122 95 809793 0 0 0
1942 -2131 155 119 278302 0 0 0
1155 1257 76 44 361842 0 0 0
815 -492 19 65 930350 0 0 0
-1128 866 46 70 293778 0 0 0
-1869 2098 144 54 513807 0 0 0
-1059 -103 195 109 892977 0 0 0
-1890 1297 55 156 326744 0 0 0
958 1610 189 171 609747 0 0 0
-1993 -819 91 132 849273 0 0 0
1554 -1016 44 182 233434 0 0 0
184 61 172 118 271515 0 0 0
-1632 1532 140 51 177099 0 0 0
-1912 190 30 114 664458 0 0 0
734 966 181 151 759470 0 0 0
-729 1924 129 59 239928 0 0 0
663 -291 58 87 734513 0 0 0
694 -1001 2 120 798105 0 0 0
856 -1873 107 24 699559 0 0 0
-416 -1869 160 119 511432 0 0 0
717 -1634 89 12 881322 0 0 0
-505 1109 197 73 686960 0 0 0
2003 -637 154 172 537455 0 0 0
-1213 2062 181 59 315079 0 0 0
-866 1128 188 31 348299 0 0 0
-1442 -1078 93 72 559858 0 0 0
-833 -1911 119 99 677084 0 0 0
1935 1374 3 107 618893 0 0 0
4 2089 1 25 153597 0 0 0
-1093 -524 57 138 780699 0 0 0
-2001 -527 94 9 110505 0 0 0
-1484 1320 119 125 712233 0 0 0
-2079 -1393 39 30 150400 0 0 0
742 -528 3 107 976342 0 0 0
-1302 2118 101 157 296318 0 0 0
-109 -761 171 19 243845 0 0 0
-141 -1297 49 90 845998 0 0 0
1006 -1928 119 96 953772 0 0 0
-595 -1313 124 42 166729 0 0 0
-2027 -302 168 111 737805 0 0 0
-322 659 102 8 331300 0 0 0
-1620 -1433 89 134 204016 0 0 0
-435 -503 31 10 364353 0 0 0
1647 -482 55 73 377603 0 0 0
-1903 299 170 91 228457 0 0 0
50 120 137 123 634892 0 0 0
-1790 1661 199 104 743138 0 0 0
-2048 1251 193 34 517386 0 0 0
-128 101 183 16 175276 0 0 0
-1168 -1375 66 60 425687 0 0 0
862 -1865 16 1 963615 0 0 0
-1745 -1426 146 11 506419 0 0 0
124 757 67 185 727122 0 0 0
1149 -1768 199 43 211009 0 0 0
-2072 35 4 5 322874 0 0 0
-597 1802 32 86 675778 0 0 0
-2108 -2003 190 123 675031 0 0 0
-380 -801 150 166 779835 0 0 0
2005 -1969 138 36 164271 0 0 0
1677 2106 13 82 128634 0 0 0
525 -433 107 116 603185 0 0 0
1343 -1215 22 3 152322 0 0 0
-703 577 62 80 192706 0 0 0
181 -1798 5 98 583444 0 0 0
687 567 67 136 357782 0 0 0
-660 766 135 107 259094 0 0 0
216 -635 48 147 954840 0 0 0
614 -952 32 156 433554 0 0 0
-991 1518 64 42 584113 0 0 0
-1626 -316 94 66 153337 0 0 0
1481 296 47 122 955565 0 0 0
1299 646 67 84 968491 0 0 0
1935 2164 58 150 918750 0 0 0
1204 1216 19 62 855595 0 0 0
756 1933 131 165 531008 0 0 0
-1418 -1303 161 20 328086 0 0 0
2164 72 77 105 518263 0 0 0
-729 -1970 185 56 389087 0 0 0
-1640 -1133 94 111 497028 0 0 0
20 -1144 195 157 892451 0 0 0
-1344 -1094 27 142 499388 0 0 0
-504 -2071 75 57 460653 0 0 0
293 -949 1 13 211599 0 0 0
-183 1958 123 132 548793 0 0 0
247 1143 96 46 713452 0 0 0
2161 -1937 149 142 573316 0 0 0
904 -1711 172 21 751332 0 0 0
1801 -1543 108 10 627497 0 0 0
1847 1216 69 79 725704 0 0 0
-885 -1802 76 188 590095 0 0 0
-199 1635 29 78 248288 0 0 0
-211 -1545 126 105 667111 0 0 0
1452 -1799 123 110 530248 0 0 0
764 780 105 184 908677 0 0 0
649 -47 82 179 546868 0 0 0
-866 -317 71 151 618409 0 0 0
-400 1118 132 37 701655 0 0 0
443 -1203 21 78 728855 0 0 0
-91 100 35 156 406902 0 0 0
1172 1865 131 70 529416 0 0 0
2180 1043 69 179 877793 0 0 0
648 1158 97 125 676638 0 0 0
1159 -1136 121 125 217889 0 0 0
1640 -1672 60 87 578557 0 0 0
2122 869 41 174 362192 0 0 0
-683 1105 89 48 269554 0 0 0
462 -116 82 80 528767 0 0 0
115 -697 179 62 732151 0 0 0
801 1514 129 12 507325 0 0 0
1406 316 178 39 824917 0 0 0
-376 1972 64 188 226038 0 0 0
-1332 -211 185 43 943146 0 0 0
1220 -2152 66 65 416821 0 0 0
1883 -863 25 69 258765 0 0 0
427 -203 69 140 632117 0 0 0
60 2045 131 33 940577 0 0 0
-1389 -751 143 47 194643 0 0 0
-945 -1812 32 183 301277 0 0 0
1459 486 171 89 945897 0 0 0
-1601 1161 37 69 385621 0 0 0
-150 1638 9 182 991221 0 0 0
-1883 -1178 137 177 528910 0 0 0
2102 1094 152 154 227641 0 0 0
-517 -118 27 68 207354 0 0 0
-1417 -1308 181 103 870493 0 0 0
623 -1984 137 123 949120 0 0 0
-520 -1660 109 74 313653 0 0 0
-376 1765 145 35 748839 0 0 0
1156 1737 144 137 343441 0 0 0
1286 -943 100 32 834550 0 0 0
-909 -697 26 45 260424 0 0 0
1219 835 157 95 257096 0 0 0
-1217 447 31 33 602995 0 0 0
1826 -152 76 46 577863 0 0 0
647 1995 22 12 854399 0 0 0
-1362 -735 143 177 592859 0 0 0
-286 2111 70 166 262985 0 0 0
-1160 1100 26 179 338036 0 0 0
141 727 125 144 163740 0 0 0
1392 -14 152 100 370392 0 0 0
-541 1996 87 163 121242 0 0 0
-1866 -1104 25 119 725096 0 0 0
1908 -1628 131 154 152559 0 0 0
-1758 476 80 157 835863 0 0 0
747 1871 10 17 655942 0 0 0
-1176 924 94 58 945670 0 0 0
-260 2161 53 130 604351 0 0 0
-43 62 191 46 758274 0 0 0
170 -749 13 84 734644 0 0 0
-140 736 19 44 488164 0 0 0
36 90 49 164 476864 0 0 0
-1739 1730 100 161 908210 0 0 0
1253 -1241 161 145 706865 0 0 0
-1297 -273 198 168 785810 0 0 0
-1635 365 86 25 943677 0 0 0
-1384 771 37 173 315181 0 0 0
1099 796 105 36 967737 0 0 0
-20 275 44 3 231731 0 0 0
-1834 -1927 11 35 237309 0 0 0
-1294 -433 84 22 224768 0 0 0
395 1558 180 55 392001 0 0 0
-1915 1284 98 176 152261 0 0 0
60 1370 200 95 151045 0 0 0
-479 -839 156 102 591049 0 0 0
61 1476 118 151 982692 0 0 0
-34 812 147 127 384426 0 0 0
-1728 -1572 33 145 122939 0 0 0
-1795 913 71 1 425920 0 0 0
-1612 148 110 40 958920 0 0 0
1924 531 31 163 786573 0 0 0
443 -1185 49 21 146778 0 0 0
2051 -245 111 10 261759 0 0 0
-1378 956 70 70 517035 0 0 0
-2089 2098 157 94 603229 0 0 0
-293 -1800 115 114 155938 0 0 0
-1516 2018 84 30 635080 0 0 0
-1798 -964 75 88 821657 0 0 0
1730 995 157 66 820740 0 0 0
714 -436 64 152 154887 0 0 0
-1514 -1658 9 94 775127 0 0 0
1670 273 96 111 538449 0 0 0
2200 -668 10 67 521874 0 0 0
-2179 -809 63 49 938349 0 0 0
-1074 1302 6 152 211363 0 0 0
1617 -340 88 112 927243 0 0 0
414 -1987 48 135 392619 0 0 0
-1726 -847 76 139 321306 0 0 0
161 2095 12 184 641779 0 0 0
-524 1022 6 18 360866 0 0 0
1402 -1095 167 173 268619 0 0 0
1740 -481 177 96 632695 0 0 0
1973 1971 5 96 693620 0 0 0
1430 1642 153 8 898463 0 0 0
2141 -2042 23 98 754476 0 0 0
-609 1027 19 60 311093 0 0 0
-77 611 161 61 130711 0 0 0
-2165 673 112 174 776449 0 0 0
-1985 -715 103 106 696136 0 0 0
1208 1156 104 133 506198 0 0 0
-701 1752 198 71 194829 0 0 0
256 1562 10 80 917598 0 0 0
-1104 731 190 75 193424 0 0 0
-1161 -448 163 92 398568 0 0 0
1532 873 109 168 372098 0 0 0
618 862 196 70 189946 0 0 0
593 -216 199 8 572856 0 0 0
-1452 -1415 58 135 797127 0 0 0
-1000 704 183 133 801368 0 0 0
1311 1211 43 98 666042 0 0 0
-921 -188 186 16 543186 0 0 0
1073 -1991 29 42 668107 0 0 0
-1060 -2136 3 8 421196 0 0 0
2002 2126 50 143 363745 0 0 0
51 227 100 128 132842 0 0 0
2149 -1568 169 183 434282 0 0 0
-1828 54 40 104 454863 0 0 0
600 -1769 23 49 687790 0 0 0
555 1866 27 75 827693 0 0 0
9 1616 139 156 141280 0 0 0
443 -810 87 102 337989 0 0 0
-1254 -751 12 67 946167 0 0 0
-1804 -2058 83 178 365155 0 0 0
-1063 -1602 39 134 773419 0 0 0
-381 -832 170 28 408274 0 0 0
128 -1869 150 11 784120 0 0 0
1081 -561 117 88 439562 0 0 0
1766 -1832 173 183 936178 0 0 0
-550 -1901 59 1 180265 0 0 0
1306 753 40 12 592747 0 0 0
25 841 85 187 284110 0 0 0
-102 -220 50 64 581179 0 0 0
-1973 988 74 56 145605 0 0 0
1330 -238 144 181 109629 0 0 0
180 -381 137 98 575302 0 0 0
786 1221 80 86 169987 0 0 0
1822 -866 72 100 943606 0 0 0
-167 -1223 152 86 872043 0 0 0
-1266 -1327 173 85 495937 0 0 0
-431 1936 199 126 217138 0 0 0
-1510 -359 117 150 374573 0 0 0
-356 -687 91 142 360765 0 0 0
1881 340 49 67 258442 0 0 0
-362 -1597 76 143 100828 0 0 0
1072 1824 108 150 698064 0 0 0
995 346 16 97 787479 0 0 0
284 -2146 91 93 767635 0 0 0
-42 2035 70 71 349281 0 0 0
-374 -1250 43 10 635997 0 0 0
786 1812 136 20 283629 0 0 0
681 1181 84 114 445293 0 0 0
1397 1109 158 61 866830 0 0 0
-1662 228 102 61 197878 0 0 0
-624 1163 27 53 703311 0 0 0
-1475 1901 158 90 718778 0 0 0
1469 500 188 92 442050 0 0 0
1727 -1708 119 22 614853 0 0 0
-863 556 109 142 518843 0 0 0
-1286 796 98 4 799671 0 0 0
-377 332 115 171 462128 0 0 0
1452 1782 50 110 459163 0 0 0
1943 -919 186 120 564626 0 0 0
1536 297 6 21 673360 0 0 0
1086 -298 77 87 965002 0 0 0
1033 -1030 67 176 389049 0 0 0
-1346 1707 184 52 237237 0 0 0
861 -1829 192 166 844537 0 0 0
-1855 -1781 197 41 971877 0 0 0
-1542 -564 75 166 216991 0 0 0
-638 783 97 74 748909 0 0 0
-953 -1937 127 17 182818 0 0 0
-584 435 176 168 824285 0 0 0
-621 -1455 37 165 401890 0 0 0
212 613 33 135 854634 0 0 0
-2027 2175 100 163 123575 0 0 0
1806 1716 97 152 303229 0 0 0
24 -1776 55 36 329595 0 0 0
-211 666 25 43 796169 0 0 0
-1613 -1198 84 75 323732 0 0 0
506 -1422 138 154 816972 0 0 0
-1939 1330 172 25 995916 0 0 0
1916 370 34 2 845868 0 0 0
311 385 23 6 610532 0 0 0
1371 -486 55 118 457417 0 0 0
-1298 1584 58 21 239276 0 0 0
1035 -1506 156 154 663506 0 0 0
641 1068 161 28 230296 0 0 0
-1375 1894 151 17 933686 0 0 0
-1128 -844 92 96 224511 0 0 0
-1878 -130 134 165 392335 0 0 0
1116 -132 201 150 956748 0 0 0
1477 1993 113 99 815293 0 0 0
1315 1642 61 121 946205 0 0 0
1531 -1406 36 163 185416 0 0 0
845 397 104 160 431149 0 0 0
-305 2041 178 56 508671 0 0 0
-506 1985 43 63 569798 0 0 0
223 -1056 115 24 925689 0 0 0
-1171 -2198 63 38 225831 0 0 0
-1808 326 162 81 509144 0 0 0
-1643 2120 105 11 130954 0 0 0
-868 1265 28 38 795605 0 0 0
1609 -1522 175 42 747220 0 0 0
1682 -1317 125 117 635273 0 0 0
320 -546 64 4 226435 0 0 0
-763 -43 76 115 712836 0 0 0
1591 287 84 71 361208 0 0 0
2133 -1192 64 75 759363 0 0 0
226 325 69 50 284823 0 0 0
-1256 -337 193 32 917615 0 0 0
2140 191 170 106 738189 0 0 0
-1967 400 174 48 224785 0 0 0
-2161 1096 44 76 813550 0 0 0
1842 2186 142 134 852446 0 0 0
1221 -1755 95 70 950607 0 0 0
-464 68 195 107 128154 0 0 0
1814 1470 90 59 997548 0 0 0
1030 1091 154 30 952065 0 0 0
2076 1189 40 55 430635 0 0 0
-630 1982 149 146 890799 0 0 0
-2191 -1264 30 88 385764 0 0 0
-349 -1533 88 98 982231 0 0 0
-2142 6 148 185 191710 0 0 0
-1558 178 29 102 651904 0 0 0
1415 -1378 111 186 251466 0 0 0
-401 -418 187 48 373731 0 0 0
132 -1437 113 100 199722 0 0 0
-1133 -45 191 126 394081 0 0 0
-1195 -2070 84 172 768332 0 0 0
507 -1903 27 28 585929 0 0 0
1028 814 190 63 442181 0 0 0
-657 -1188 182 81 899699 0 0 0
624 367 18 24 860325 0 0 0
-1916 2096 52 188 719313 0 0 0
555 876 60 22 957326 0 0 0
785 1149 77 80 836498 0 0 0
-975 -1805 79 118 287685 0 0 0
1100 -763 29 27 235461 0 0 0
1883 -617 179 73 867369 0 0 0
-113 -1419 119 115 248656 0 0 0
-1068 1052 179 176 675884 0 0 0
-564 -753 9 184 672146 0 0 0
872 2191 11 45 831890 0 0 0
-623 467 172 129 126745 0 0 0
83 1565 154 66 872141 0 0 0
-2120 2124 135 156 773858 0 0 0
1312 198 176 99 867122 0 0 0
146 -1868 90 37 592181 0 0 0
-1046 -913 182 58 782508 0 0 0
772 -413 183 26 293317 0 0 0
-120 964 9 32 372126 0 0 0
534 -469 54 85 469162 0 0 0
-550 1804 151 176 639254 0 0 0
29 -1462 55 155 963196 0 0 0
-846 25 100 85 436395 0 0 0
521 -592 200 58 153485 0 0 0
1405 1724 144 183 957468 0 0 0
-2035 -1012 12 129 855704 0 0 0
-225 -1647 28 149 998060 0 0 0
529 -1948 174 8 624516 0 0 0
311 744 121 142 140712 0 0 0
-224 223 124 48 303747 0 0 0
75 -839 169 36 417651 0 0 0
-2153 1649 126 78 968407 0 0 0
252 -188 34 95 977795 0 0 0
-559 300 97 81 602291 0 0 0
-853 1934 191 34 954210 0 0 0
1140 933 164 34 343410 0 0 0
-842 1353 49 185 573536 0 0 0
-2051 -187 54 66 513920 0 0 0
-1545 865 126 130 366521 0 0 0
2009 -453 135 166 240680 0 0 0
-1803 -1386 177 67 313750 0 0 0
-1827 1226 179 162 283322 0 0 0
-932 -967 157 27 860292 0 0 0
-299 -276 103 19 692648 0 0 0
-2162 1858 50 5 797283 0 0 0
-100 2185 40 161 853653 0 0 0
-824 2065 2 110 725811 0 0 0
1412 570 112 142 979820 0 0 0
-842 1992 192 30 509530 0 0 0
-191 701 58 168 988496 0 0 0
1200 -1355 134 68 271187 0 0 0
141 1211 68 155 225438 0 0 0
-2194 1382 148 120 553104 0 0 0
-1909 -1837 7 59 903470 0 0 0
-521 -855 191 185 723243 0 0 0
-543 866 130 50 818122 0 0 0
1617 1566 40 150 323417 0 0 0
-603 507 68 73 702892 0 0 0
1385 -187 189 27 627085 0 0 0
1553 -468 167 92 632122 0 0 0
2141 -2132 10 52 566033 0 0 0
-633 -567 71 52 963397 0 0 0
996 265 26 122 567102 0 0 0
861 142 106 87 706564 0 0 0
691 1977 179 61 509205 0 0 0
1520 -1935 90 34 407156 0 0 0
1197 649 201 75 404112 0 0 0
925 -799 103 83 405561 0 0 0
-710 926 126 129 199186 0 0 0
978 -1731 51 58 623607 0 0 0
-1896 -850 53 34 446298 0 0 0
-2118 1309 63 106 211555 0 0 0
-1022 1035 12 66 397349 0 0 0
-93 107 33 97 343886 0 0 0
-1951 2106 43 164 717777 0 0 0
619 -1470 51 118 984246 0 0 0
-637 -1797 186 147 874811 0 0 0
-957 1719 46 119 980178 0 0 0
565 -1688 26 171 972500 0 0 0
2135 -804 77 88 787105 0 0 0
1895 1233 52 167 812260 0 0 0
1649 -2068 64 128 958616 0 0 0
-2175 2003 109 143 108359 0 0 0
844 1232 58 21 662486 0 0 0
-1824 -769 156 52 972341 0 0 0
824 -2193 171 45 135047 0 0 0
925 1388 125 169 532648 0 0 0
-102 690 129 39 111023 0 0 0
-933 2070 86 20 830876 0 0 0
-1028 -862 118 11 883674 0 0 0
1362 -806 49 178 330828 0 0 0
1230 -1340 172 187 873031 0 0 0
-1000 -540 113 136 322336 0 0 0
-164 986 162 146 729863 0 0 0
-2081 1785 163 186 523693 0 0 0
-1836 -1086 162 118 943979 0 0 0
1489 1726 188 99 236543 0 0 0
-2133 -2115 119 76 501860 0 0 0
-82 1013 149 2 557880 0 0 0
930 -447 176 77 267272 0 0 0
-2107 714 94 182 864754 0 0 0
-985 85 153 184 332900 0 0 0
-872 387 96 91 662779 0 0 0
2144 2021 16 1 491978 0 0 0
-2005 -147 172 7 178510 0 0 0
-1543 -1063 88 148 268365 0 0 0
157 -963 74 13 562850 0 0 0
-1149 1803 18 122 332697 0 0 0
-306 -1970 114 116 116060 0 0 0
35 -2098 51 101 228821 0 0 0
-1294 -1240 74 102 224554 0 0 0
-208 -158 114 147 789776 0 0 0
-1162 -628 142 11 265382 0 0 0
-221 1432 15 181 162021 0 0 0
-318 -1311 75 23 835262 0 0 0
-790 -963 141 181 350894 0 0 0
-478 1920 31 141 792866 0 0 0
1996 -1948 23 133 672238 0 0 0
-218 1719 24 154 120817 0 0 0
-1018 709 126 50 136280 0 0 0
1581 872 24 99 476935 0 0 0
-858 -235 195 130 203506 0 0 0
1307 -1231 194 158 660769 0 0 0
362 -1477 6 93 328105 0 0 0
294 2060 170 140 535410 0 0 0
-1283 97 181 126 784341 0 0 0
-943 2106 1 48 612127 0 0 0
2024 1262 65 188 593558 0 0 0
1500 -388 10 39 772356 0 0 0
1882 1136 4 147 297211 0 0 0
268 -3 128 65 355365 0 0 0
-32 580 176 91 498179 0 0 0
-476 1834 46 130 637281 0 0 0
-53 -1235 65 147 504860 0 0 0
114 1387 178 121 836633 0 0 0
1938 -72 22 26 124242 0 0 0
626 -1373 185 68 248894 0 0 0
585 -2061 109 23 779743 0 0 0
366 -1729 53 107 498954 0 0 0
-120 2119 106 188 231314 0 0 0
-752 -1524 155 122 582124 0 0 0
-1034 446 167 49 607300 0 0 0
796 1243 51 64 834829 0 0 0
-195 -1731 50 183 847554 0 0 0
-1347 64 85 125 196187 0 0 0
764 1227 124 77 651925 0 0 0
1877 345 120 133 179822 0 0 0
-1265 -1580 40 82 935844 0 0 0
1681 1357 14 42 819434 0 0 0
-972 -289 4 126 110217 0 0 0
-349 -2026 169 87 677922 0 0 0
-406 1663 75 64 803284 0 0 0
-955 1339 113 135 456318 0 0 0
30 1102 179 125 758035 0 0 0
619 -273 10 49 800670 0 0 0
1756 -933 90 106 265137 0 0 0
1308 1907 109 110 187484 0 0 0
-776 321 5 21 379236 0 0 0
1826 1522 140 106 787842 0 0 0
193 -1208 58 79 967794 0 0 0
-966 -606 119 140 108281 0 0 0
-931 -2113 31 129 258108 0 0 0
2162 -1295 17 147 527188 0 0 0
-1984 811 40 110 464686 0 0 0
658 -1627 91 21 609465 0 0 0
1338 -382 127 158 889431 0 0 0
215 2199 141 57 756747 0 0 0
-78 -1753 32 3 683044 0 0 0
1793 2079 114 59 391288 0 0 0
-974 -1 72 111 877040 0 0 0
364 -98 104 173 653753 0 0 0
-622 758 148 53 122556 0 0 0
2155 -1284 125 78 794172 0 0 0
1812 166 61 167 577925 0 0 0
1140 -941 6 95 354756 0 0 0
1644 -865 137 62 132092 0 0 0
-1908 -500 53 89 778756 0 0 0
-1695 -196 163 34 154740 0 0 0
-1149 827 47 10 706123 0 0 0
-1153 -1930 101 125 336977 0 0 0
2104 -2067 154 4 859614 0 0 0
-1753 892 169 146 684842 0 0 0
-980 1112 121 1 842120 0 0 0
-9 -1821 193 66 125142 0 0 0
-1261 -697 4 116 453873 0 0 0
-486 -1581 135 181 946607 0 0 0
1024 -224 169 70 611313 0 0 0
542 662 181 106 393837 0 0 0
-1708 -165 186 155 426584 0 0 0
-590 -1725 161 48 742660 0 0 0
-677 483 68 152 547695 0 0 0
1453 -1583 131 92 537873 0 0 0
2167 1933 133 83 677283 0 0 0
1218 198 35 48 840399 0 0 0
537 -240 181 159 313380 0 0 0
1710 1970 27 150 356858 0 0 0
-1409 1173 1 19 557711 0 0 0
2011 -1383 15 36 541494 0 0 0
-1759 -1137 65 109 903946 0 0 0
109 -357 45 87 492719 0 0 0
1924 -1379 75 16 893537 0 0 0
1041 423 76 124 365668 0 0 0
-1983 -1383 31 64 686932 0 0 0
-1905 -712 178 109 115781 0 0 0
-369 -947 54 98 113003 0 0 0
841 -1999 194 14 776380 0 0 0
468 -188 27 50 972530 0 0 0
1058 -175 154 100 373790 0 0 0
376 -362 87 89 412034 0 0 0
-1586 -1768 78 179 128706 0 0 0
-154 -347 13 31 911875 0 0 0
-1090 -1992 90 113 803908 0 0 0
276 558 143 10 325850 0 0 0
-1496 -285 171 162 996055 0 0 0
-1784 -1632 90 36 195854 0 0 0
1948 -1050 116 15 647656 0 0 0
-47 -2089 191 174 753731 0 0 0
942 -1167 42 102 828220 0 0 0
987 -1485 3 10 615340 0 0 0
-815 -1489 141 116 207488 0 0 0
-1957 -343 84 172 372907 0 0 0
-2002 1553 12 108 243257 0 0 0
950 940 58 168 218104 0 0 0
1349 776 176 100 254408 0 0 0
-1554 470 108 137 301825 0 0 0
1710 -1907 35 137 347787 0 0 0
1037 -176 165 20 593683 0 0 0
1650 -931 67 22 831821 0 0 0
1408 -1922 85 177 409711 0 0 0
-999 2118 109 159 279359 0 0 0
-504 -1917 34 27 966364 0 0 0
-1357 -566 15 37 748862 0 0 0
-965 1901 199 32 575762 0 0 0
645 1509 151 182 952582 0 0 0
891 1425 96 76 108639 0 0 0
1141 -1572 11 42 412947 0 0 0
-899 23 123 19 885356 0 0 0
438 845 51 6 157487 0 0 0
2094 -2071 148 88 671439 0 0 0
-1571 610 178 152 351843 0 0 0
-518 262 144 97 865448 0 0 0
-1992 -659 139 58 559730 0 0 0
-867 -273 22 115 726040 0 0 0
969 -2003 200 148 668937 0 0 0
966 -1355 8 91 878991 0 0 0
-1279 -1027 69 36 584312 0 0 0
-1897 -968 122 82 524689 0 0 0
1862 -2071 183 64 105208 0 0 0
-1597 1555 40 37 898776 0 0 0
1240 892 18 42 105054 0 0 0
1703 -2140 152 97 745336 0 0 0
1518 25 171 7 672371 0 0 0
1021 -218 104 132 888015 0 0 0
-2007 -1812 95 69 501035 0 0 0
-771 1080 116 39 596343 0 0 0
615 80 188 149 332902 0 0 0
1671 2052 135 1 440603 0 0 0
-161 -510 75 69 480286 0 0 0
1186 930 58 14 292596 0 0 0
-676 -192 105 52 216213 0 0 0
-1159 -725 91 45 852183 0 0 0
1490 -663 50 187 448713 0 0 0
-1352 714 123 37 514970 0 0 0
-1671 3 90 40 731307 0 0 0
376 1641 118 8 797355 0 0 0
695 -1735 162 30 184506 0 0 0
718 243 170 151 153537 0 0 0
-1525 1450 31 51 423846 0 0 0
378 -2160 43 105 490142 0 0 0
-872 1094 185 142 555862 0 0 0
25 -2139 63 59 366994 0 0 0
893 903 89 75 863705 0 0 0
-1502 1742 90 16 347027 0 0 0
1746 46 134 176 340224 0 0 0
-773 -417 176 125 914718 0 0 0
-1977 -1936 195 179 605944 0 0 0
-1802 2007 48 137 454229 0 0 0
2159 958 115 88 734587 0 0 0
537 824 109 67 538349 0 0 0
597 1870 173 62 749449 0 0 0
558 -2087 24 14 350408 0 0 0
1585 79 9 59 571985 0 0 0
-77 1852 169 136 312053 0 0 0
800 1577 188 79 897379 0 0 0
1655 -1195 110 180 413135 0 0 0
-329 -329 26 80 812206 0 0 0
-1492 -1670 38 23 202857 0 0 0
744 1439 155 72 597467 0 0 0
-799 -287 24 58 706436 0 0 0
956 368 8 68 929324 0 0 0
1532 1815 70 99 342826 0 0 0
-969 536 105 70 407046 0 0 0
538 835 78 52 938265 0 0 0
-176 2079 14 162 524614 0 0 0
1233 1285 159 8 207714 0 0 0
-184 -1589 138 100 492530 0 0 0
-1719 -501 64 118 451236 0 0 0
585 1316 35 124 158911 0 0 0
573 -815 27 115 366544 0 0 0
-754 634 71 98 340278 0 0 0
-1206 1544 182 138 801410 0 0 0
-1583 2080 196 34 547313 0 0 0
-126 760 24 143 630758 0 0 0
1543 1616 25 42 529863 0 0 0
1769 -746 157 71 445520 0 0 0
1613 -171 187 97 653119 0 0 0
-263 784 188 37 346165 0 0 0
394 1833 177 108 828288 0 0 0
-191 -1260 96 116 112765 0 0 0
-1034 1461 47 20 939853 0 0 0
113 -407 96 57 601507 0 0 0
573 390 176 67 195241 0 0 0
1834 -1288 38 42 575800 0 0 0
874 1584 45 122 730750 0 0 0
1349 -1382 59 45 173425 0 0 0
-1505 -401 181 9 974807 0 0 0
1939 1623 201 3 526582 0 0 0
1577 -588 64 43 923212 0 0 0
-596 725 122 113 542503 0 0 0
-1746 375 189 95 288433 0 0 0
-2008 -414 89 150 791123 0 0 0
-169 -710 53 45 692978 0 0 0
1481 -1263 53 147 742286 0 0 0
342 274 50 59 963459 0 0 0
1714 193 25 90 570366 0 0 0
2026 1542 44 33 272822 0 0 0
811 -1270 108 141 211319 0 0 0
-1227 2005 169 14 317330 0 0 0
287 310 194 159 878640 0 0 0
-402 1446 78 53 704434 0 0 0
-1853 -1827 125 25 440449 0 0 0
1658 259 99 29 227802 0 0 0
264 773 194 127 918962 0 0 0
543 -257 180 28 949137 0 0 0
-1696 477 132 143 904342 0 0 0
-380 -1700 34 77 584588 0 0 0
-155 485 149 42 103741 0 0 0
1464 568 161 45 475670 0 0 0
-453 1668 15 155 856266 0 0 0
1494 782 159 46 904920 0 0 0
-185 859 152 169 242791 0 0 0
1172 1936 127 42 579755 0 0 0
1343 1366 197 62 234055 0 0 0
-1511 -1002 114 40 319844 0 0 0
-434 -1991 126 170 812277 0 0 0
-2054 -702 146 101 467378 0 0 0
1940 1141 51 120 894269 0 0 0
1466 -2078 138 57 630065 0 0 0
33 481 91 74 808993 0 0 0
617 -2084 53 44 854492 0 0 0
-1218 -183 106 146 819942 0 0 0
-672 2119 59 170 146273 0 0 0
1809 1459 88 52 944414 0 0 0
1105 2098 35 183 660372 0 0 0
851 -597 11 18 719532 0 0 0
1627 -873 19 38 619239 0 0 0
1265 479 60 108 863779 0 0 0
1192 1697 16 184 575091 0 0 0
1073 1260 111 37 690086 0 0 0
457 -1298 95 60 711080 0 0 0
-2150 -1878 119 60 238224 0 0 0
1559 -1900 191 26 598980 0 0 0
-533 1156 66 87 505553 0 0 0
-911 1164 76 71 173645 0 0 0
1103 817 157 59 907116 0 0 0
-1798 -1072 166 52 240286 0 0 0
-533 40 98 53 404184 0 0 0
666 1718 54 160 528590 0 0 0
-737 1101 19 127 881361 0 0 0
1058 -2193 63 164 229638 0 0 0
1626 -967 103 31 945276 0 0 0
759 1989 175 80 428044 0 0 0
1239 -2154 83 63 754349 0 0 0
1683 1761 119 67 394657 0 0 0
2157 -1151 63 133 279252 0 0 0
-2067 -1161 49 136 578432 0 0 0
1319 -1444 116 21 676168 0 0 0
1933 183 124 176 878541 0 0 0
-203 -1579 125 113 145114 0 0 0
-1447 1582 89 166 519071 0 0 0
1560 -296 10 180 345259 0 0 0
-1450 -244 23 153 829598 0 0 0
-197 -216 118 68 818526 0 0 0
-1170 449 115 165 235604 0 0 0
1204 -449 129 119 706331 0 0 0
-680 1886 141 82 130371 0 0 0
-1277 -668 21 78 605484 0 0 0
2172 1814 165 99 178696 0 0 0
-1963 191 20 70 344288 0 0 0
681 507 166 64 351235 0 0 0
431 781 51 178 779890 0 0 0
-913 -1253 92 130 445118 0 0 0
-652 -197 112 137 246161 0 0 0
997 -1979 115 30 426699 0 0 0
1655 -1845 107 187 945513 0 0 0
655 -1947 34 34 102717 0 0 0
756 -83 67 176 305054 0 0 0
748 -836 53 90 868282 0 0 0
1453 471 30 79 668175 0 0 0
1265 1306 76 75 568554 0 0 0
-913 -996 88 175 369381 0 0 0
-64 -1428 49 157 100616 0 0 0
249 -504 73 6 335859 0 0 0
1108 -2136 169 142 178176 0 0 0
587 1140 83 50 402423 0 0 0
-1695 1457 25 154 389334 0 0 0
32 406 57 174 483936 0 0 0
1416 -1245 47 33 146911 0 0 0
-2072 2138 16 64 870035 0 0 0
619 1110 33 67 540120 0 0 0
1480 -2017 8 179 448464 0 0 0
-1338 -951 53 50 437179 0 0 0
242 -1164 157 152 834963 0 0 0
2191 -1149 200 143 627888 0 0 0
-1294 13 146 102 250279 0 0 0
-996 -332 189 82 167933 0 0 0
-1114 -2050 92 7 753433 0 0 0
-149 -864 123 28 903855 0 0 0
1114 -2064 41 116 531703 0 0 0
-1313 -673 68 46 595318 0 0 0
953 904 92 25 781563 0 0 0
-1162 1019 107 140 214039 0 0 0
1743 -840 187 154 778516 0 0 0
832 -842 199 92 975778 0 0 0
-263 656 50 93 863612 0 0 0
-1570 -2194 36 22 296651 0 0 0
2082 508 117 76 346693 0 0 0
-459 -492 139 81 953920 0 0 0
1268 497 3 19 409442 0 0 0
588 1051 143 181 820073 0 0 0
1447 -2053 166 68 409661 0 0 0
1375 -727 35 168 791925 0 0 0
1916 -785 74 47 527859 0 0 0
91 -1615 114 161 477767 0 0 0
-1807 867 187 108 390271 0 0 0
1691 -1279 84 94 720022 0 0 0
68 452 200 119 104721 0 0 0
1619 -809 129 153 673975 0 0 0
-1045 1350 99 32 256957 0 0 0
-1132 1768 96 102 178287 0 0 0
-305 242 168 37 513153 0 0 0
-822 2040 168 86 721032 0 0 0
-1668 -1799 2 60 615267 0 0 0
-656 -767 111 124 543420 0 0 0
-1906 1837 172 128 296461 0 0 0
-36 -429 45 75 633394 0 0 0
-1884 -6 178 157 435352 0 0 0
-1192 391 127 2 972879 0 0 0
-746 -1982 89 98 946447 0 0 0
-2162 1981 167 54 920921 0 0 0
1580 500 71 155 196550 0 0 0
436 -941 10 119 235220 0 0 0
444 -59 107 92 252969 0 0 0
739 -1575 102 22 390325 0 0 0
925 2033 17 54 506261 0 0 0
422 -22 133 174 879110 0 0 0
-1123 1427 184 128 521689 0 0 0
-1212 1331 162 109 353237 0 0 0
-574 -1 182 13 469441 0 0 0
95 -969 65 177 261258 0 0 0
121 -1423 150 141 237702 0 0 0
2144 -549 73 35 125377 0 0 0
1791 1332 176 26 652060 0 0 0
-56 1487 5 150 889996 0 0 0
1475 1553 98 177 488851 0 0 0
-1741 -1866 97 133 758016 0 0 0
1015 -2096 97 112 671922 0 0 0
-287 193 178 51 734694 0 0 0
910 -210 20 73 125291 0 0 0
-948 -1630 123 42 708302 0 0 0
450 1709 32 71 870253 0 0 0
1760 729 98 99 391074 0 0 0
913 1745 114 116 935675 0 0 0
1174 469 40 142 713351 0 0 0
-886 1785 83 107 223723 0 0 0
-456 -344 113 145 235522 0 0 0
592 2054 75 1 650867 0 0 0
1870 -68 153 149 497088 0 0 0
1267 -373 96 54 638642 0 0 0
303 -1146 185 69 148520 0 0 0
1087 -126 153 88 707998 0 0 0
1502 -1351 100 127 173858 0 0 0
-57 -555 140 44 901124 0 0 0
-190 -319 98 159 230059 0 0 0
815 -1385 28 105 256576 0 0 0
-63 -1156 124 16 500225 0 0 0
1633 -1803 107 148 663576 0 0 0
451 1029 158 17 958021 0 0 0
392 -1385 42 114 495286 0 0 0
-1555 -420 26 149 970892 0 0 0
-868 716 163 171 579418 0 0 0
574 117 178 114 627639 0 0 0
439 -246 96 4 299772 0 0 0
-836 -1169 92 54 597375 0 0 0
1210 1258 63 1 393924 0 0 0
-1479 1728 129 9 353830 0 0 0
-1618 -2099 146 77 951110 0 0 0
-1282 -93 152 108 237557 0 0 0
290 1665 186 5 620509 0 0 0
-1436 1756 1 3 771939 0 0 0
486 -858 6 70 343801 0 0 0
-656 -1348 5 153 591664 0 0 0
-234 -1307 88 25 999423 0 0 0
208 -1866 134 84 699396 0 0 0
141 1862 146 53 731396 0 0 0
1841 246 8 179 568762 0 0 0
287 1997 61 10 500949 0 0 0
-1780 814 120 59 839079 0 0 0
58 796 166 66 206710 0 0 0
1523 -44 198 8 435534 0 0 0
1471 -380 140 97 806248 0 0 0
-1477 999 102 120 190506 0 0 0
717 1727 164 120 391742 0 0 0
816 -35 27 76 178437 0 0 0
-879 -515 130 112 976867 0 0 0
-1834 1316 99 89 998949 0 0 0
-1955 1759 147 25 940891 0 0 0
-1897 1143 60 118 604300 0 0 0
-1709 -1950 132 24 806321 0 0 0
-1348 1614 171 89 896220 0 0 0
565 1780 39 11 322490 0 0 0
-704 858 129 148 745361 0 0 0
-1396 2157 23 66 470111 0 0 0
-1045 -1103 65 27 687079 0 0 0
218 -331 78 156 980908 0 0 0
-109 -1678 3 113 499564 0 0 0
1716 26 177 161 979033 0 0 0
-13 -1469 150 182 158714 0 0 0
-1705 -2094 172 86 251638 0 0 0
1413 576 135 175 986090 0 0 0
1184 -1548 79 180 202426 0 0 0
923 578 30 68 809520 0 0 0
395 7 193 139 482404 0 0 0
-148 -1785 76 21 650432 0 0 0
7 -133 105 8 987778 0 0 0
-1816 -1236 174 159 840472 0 0 0
-1014 -564 59 57 492901 0 0 0
1392 698 177 169 563759 0 0 0
-399 2162 28 52 453465 0 0 0
677 272 29 72 894267 0 0 0
-239 136 60 71 100368 0 0 0
69 721 107 117 838991 0 0 0
-418 -1114 93 112 527881 0 0 0
-772 1077 178 146 250840 0 0 0
-1236 -593 30 39 859362 0 0 0
687 -468 129 10 410792 0 0 0
-1208 1845 167 51 544543 0 0 0
56 338 91 152 563923 0 0 0
-1983 -1835 161 170 159346 0 0 0
747 -1002 87 114 476286 0 0 0
-327 820 138 99 817519 0 0 0
-248 -1011 95 164 143303 0 0 0
-807 -2024 168 177 929894 0 0 0
982 -483 38 14 316002 0 0 0
1369 -394 142 146 188554 0 0 0
-1316 -1019 97 151 117005 0 0 0
-265 209 119 174 852201 0 0 0
-1783 1411 89 183 317630 0 0 0
-1570 2182 105 128 825287 0 0 0
-534 -526 67 96 587774 0 0 0
2030 2007 150 85 677748 0 0 0
1074 1813 91 128 920961 0 0 0
463 -1268 9 92 422030 0 0 0
-1610 996 138 76 542746 0 0 0
958 332 108 38 200905 0 0 0
-901 -230 61 1 783156 0 0 0
465 -1816 30 3 402861 0 0 0
503 -585 139 130 288919 0 0 0
-511 1369 161 119 483175 0 0 0
-1716 1964 20 48 901845 0 0 0
261 -1019 190 108 476227 0 0 0
1826 -1397 175 21 410132 0 0 0
-1957 1780 89 120 562233 0 0 0
857 -1144 122 28 388038 0 0 0
357 1854 40 89 453787 0 0 0
-1386 1496 147 143 481074 0 0 0
1556 91 136 114 416657 0 0 0
-1509 1770 170 127 454489 0 0 0
795 -1662 70 167 576033 0 0 0
-554 -1723 54 144 154717 0 0 0
-307 -715 57 156 799439 0 0 0
-678 1865 63 135 119449 0 0 0
-1705 2083 6 84 821414 0 0 0
1926 510 116 88 328365 0 0 0
-43 -1441 163 72 282167 0 0 0
1402 74 76 19 178157 0 0 0
-22 -2171 184 34 655993 0 0 0
-1457 -987 58 82 710441 0 0 0
-907 -471 193 120 147166 0 0 0
-2061 -1766 114 73 239126 0 0 0
1602 -627 185 19 963285 0 0 0
1193 1540 199 107 445059 0 0 0
507 63 109 132 178884 0 0 0
-1455 775 109 12 373065 0 0 0
976 -1361 15 147 643746 0 0 0
1099 965 80 23 989988 0 0 0
-2041 653 157 49 798621 0 0 0
1324 1217 201 144 320625 0 0 0
1440 -520 76 124 803269 0 0 0
-209 -1663 131 72 362190 0 0 0
1327 1399 41 143 450956 0 0 0
1382 -1795 102 154 575185 0 0 0
738 -1695 97 146 124162 0 0 0
950 -1370 36 135 226612 0 0 0
-664 532 75 177 821634 0 0 0
-344 1635 201 115 880930 0 0 0
968 1437 14 152 952159 0 0 0
2051 601 186 32 155974 0 0 0
-197 41 84 104 437004 0 0 0
-394 -789 152 15 155905 0 0 0
1181 305 114 30 662361 0 0 0
-416 -239 89 171 942627 0 0 0
930 1198 24 147 782035 0 0 0
756 118 107 118 311586 0 0 0
1825 809 180 10 381896 0 0 0
1684 2126 79 73 184340 0 0 0
-345 1984 159 135 694427 0 0 0
903 -1403 146 144 164543 0 0 0
-480 -909 24 19 519308 0 0 0
596 622 101 96 199973 0 0 0
1561 -2072 43 26 220557 0 0 0
129 1883 114 23 414640 0 0 0
680 187 85 67 789323 0 0 0
-557 -2028 197 31 539165 0 0 0
-170 -1268 24 127 503859 0 0 0
908 1726 60 147 848362 0 0 0
1203 -1493 115 96 808955 0 0 0
-525 941 15 7 764138 0 0 0
1630 -11 127 157 286872 0 0 0
886 891 164 77 134605 0 0 0
-1352 -653 155 114 601024 0 0 0
-448 -1997 126 26 279445 0 0 0
-687 55 78 15 164322 0 0 0
1220 -2131 108 45 511996 0 0 0
788 -1481 69 77 635512 0 0 0
-1359 1325 96 9 579302 0 0 0
1897 236 158 75 667672 0 0 0
-52 1411 57 142 316614 0 0 0
-1681 -294 83 89 954734 0 0 0
773 -494 198 2 698706 0 0 0
2003 1155 198 124 398738 0 0 0
81 2150 164 99 978010 0 0 0
205 563 189 102 163141 0 0 0
-1189 1338 104 79 349621 0 0 0
1440 -630 94 153 976556 0 0 0
2042 484 172 105 618509 0 0 0
1742 -210 84 114 930443 0 0 0
-1283 -661 136 79 299392 0 0 0
1569 -240 163 141 882910 0 0 0
1550 -353 9 55 247159 0 0 0
-1356 -1599 103 129 165340 0 0 0
253 699 46 139 635129 0 0 0
-1941 -1838 84 97 435400 0 0 0
1354 -544 188 135 270883 0 0 0
-441 114 114 83 994926 0 0 0
5 1821 159 93 904960 0 0 0
2086 -1505 54 144 402933 0 0 0
-466 -58 114 90 849922 0 0 0
1620 776 8 147 590280 0 0 0
891 -416 68 185 275089 0 0 0
-2046 -537 26 178 506198 0 0 0
-2047 -278 145 151 855892 0 0 0
-5 -145 103 46 158777 0 0 0
-1828 -1757 113 145 660827 0 0 0
385 -882 98 32 285686 0 0 0
936 932 33 43 141962 0 0 0
-976 1903 53 112 456714 0 0 0
1044 1683 70 169 965851 0 0 0
-1074 -1190 127 5 853626 0 0 0
1086 -1003 164 66 776472 0 0 0
-1249 -980 34 7 332834 0 0 0
-741 -917 83 184 212464 0 0 0
-1166 405 170 112 158958 0 0 0
-681 878 95 118 237089 0 0 0
639 -1633 156 18 436649 0 0 0
-112 1128 54 159 579626 0 0 0
-1805 -1306 29 13 515264 0 0 0
-1947 -1454 150 62 576649 0 0 0
800 701 52 175 897381 0 0 0
-1620 -1952 182 75 528348 0 0 0
926 -1929 124 170 932576 0 0 0
120 817 180 88 478466 0 0 0
-1985 -2074 156 75 774954 0 0 0
1475 -105 15 36 240341 0 0 0
1828 -294 189 156 685427 0 0 0
1181 -850 12 2 543691 0 0 0
-963 -1083 189 76 688264 0 0 0
-1847 874 97 110 429270 0 0 0
-1951 539 180 119 599662 0 0 0
-1490 -742 192 105 979232 0 0 0
-617 646 193 107 567470 0 0 0
269 1216 179 159 135787 0 0 0
138 -357 170 105 322782 0 0 0
1242 82 1 99 681028 0 0 0
1522 1869 135 80 200045 0 0 0
-401 1233 146 84 524611 0 0 0
766 569 7 67 389366 0 0 0
993 -1684 150 136 946209 0 0 0
-2037 -646 135 23 527930 0 0 0
-2096 1261 57 93 437499 0 0 0
1689 458 194 124 922055 0 0 0
-1200 928 47 42 423576 0 0 0
282 -1323 169 109 936088 0 0 0
-1585 -1851 147 125 924420 0 0 0
-1271 -344 187 57 451355 0 0 0
830 -1710 86 13 819689 0 0 0
2154 716 58 74 117006 0 0 0
-173 -1857 53 2 166919 0 0 0
1844 607 131 48 610774 0 0 0
278 1894 2 21 105579 0 0 0
149 -2148 108 128 130739 0 0 0
1335 -1062 193 39 658925 0 0 0
-2031 25 75 115 495229 0 0 0
2068 1544 149 76 217773 0 0 0
1873 2161 42 7 453267 0 0 0
1588 1019 6 90 568926 0 0 0
-21 -628 76 164 495477 0 0 0
-1914 784 162 71 739063 0 0 0
-598 -1426 158 162 268425 0 0 0
376 1736 161 122 681273 0 0 0
314 -1623 128 100 185290 0 0 0
983 -370 58 164 220356 0 0 0
-1238 798 188 7 193599 0 0 0
853 -459 117 143 528559 0 0 0
-1334 2182 106 44 831390 0 0 0
2125 -1168 17 120 273854 0 0 0
403 -1064 136 188 326369 0 0 0
1461 -723 137 11 819765 0 0 0
-173 -2188 141 12 825981 0 0 0
465 1640 96 17 896998 0 0 0
-575 -1117 111 18 824146 0 0 0
321 1413 154 146 631121 0 0 0
1974 1652 71 10 572339 0 0 0
1706 2052 102 69 565603 0 0 0
2173 -1429 137 61 600301 0 0 0
1277 -1913 190 146 367553 0 0 0
408 1000 137 127 380293 0 0 0
-1831 -36 165 105 622781 0 0 0
-643 -1663 189 82 460761 0 0 0
614 -1911 33 73 572546 0 0 0
1050 1818 59 184 139873 0 0 0
-1279 945 135 51 536251 0 0 0
927 -595 133 38 339114 0 0 0
2005 149 171 125 609681 0 0 0
1225 325 151 71 645138 0 0 0
-1112 738 93 1 489464 0 0 0
-1003 -2129 21 31 926050 0 0 0
1929 1106 75 184 251900 0 0 0
-1826 2190 82 146 926974 0 0 0
-2165 1621 75 133 987581 0 0 0
-1598 1771 77 60 498170 0 0 0
634 1443 65 150 967277 0 0 0
794 329 5 182 112743 0 0 0
-449 -1008 99 26 995175 0 0 0
1628 -782 137 182 898497 0 0 0
-1561 -43 164 61 674162 0 0 0
580 -459 94 184 390425 0 0 0
-326 566 71 82 232947 0 0 0
-554 -633 78 40 347157 0 0 0
1965 1947 82 17 645192 0 0 0
1354 435 63 50 987103 0 0 0
1983 -2097 109 4 538814 0 0 0
-1894 -1305 26 153 185800 0 0 0
1715 590 62 140 604653 0 0 0
1337 122 40 5 470855 0 0 0
787 -436 80 39 750002 0 0 0
670 -1937 198 163 978634 0 0 0
-225 1853 179 112 377388 0 0 0
1318 -128 81 11 514592 0 0 0
519 1543 54 20 641339 0 0 0
-774 675 189 142 322412 0 0 0
-1784 -202 183 138 478061 0 0 0
-2152 1290 47 182 293540 0 0 0
229 1831 200 72 183039 0 0 0
-1250 1650 164 23 917690 0 0 0
851 1532 135 119 815370 0 0 0
945 -1434 96 181 370603 0 0 0
-778 -407 127 42 586217 0 0 0
837 -1683 43 41 213521 0 0 0
-1951 1302 201 156 452456 0 0 0
1316 376 140 155 659796 0 0 0
-1890 -1612 139 14 861829 0 0 0
-50 -633 197 187 248317 0 0 0
-1035 385 166 44 782572 0 0 0
-1155 1040 182 174 862150 0 0 0
362 2174 120 5 995360 0 0 0
-11 -1567 129 155 481067 0 0 0
1040 1112 63 64 387441 0 0 0
-312 -850 193 127 364205 0 0 0
1254 -1188 122 8 275145 0 0 0
1382 -1706 130 47 300535 0 0 0
1933 820 69 3 561077 0 0 0
-983 1526 141 94 877794 0 0 0
1284 -1989 108 159 185800 0 0 0
-1824 -539 67 18 876999 0 0 0
775 -1533 158 6 243532 0 0 0
2092 -1017 147 158 348431 0 0 0
275 217 198 126 545828 0 0 0
-1632 273 2 176 851253 0 0 0
402 152 150 104 522294 0 0 0
-1247 479 27 177 509859 0 0 0
-1053 -394 78 68 204835 0 0 0
485 1811 92 104 180346 0 0 0
-1059 -1039 90 57 774186 0 0 0
-1761 -1716 51 2 417146 0 0 0
1137 5 167 21 266284 0 0 0
1532 1195 189 119 780921 0 0 0
16 1653 63 81 731343 0 0 0
-2088 -844 169 166 285909 0 0 0
357 -122 103 29 356732 0 0 0
-393 -375 137 79 228119 0 0 0
1061 1050 42 144 298457 0 0 0
-1328 2138 128 81 972206 0 0 0
-1515 965 92 150 510580 0 0 0
1915 -700 46 27 944383 0 0 0
2184 878 111 31 331131 0 0 0
-542 2199 179 107 608067 0 0 0
-537 -263 136 188 281258 0 0 0
752 -656 116 55 177375 0 0 0
1468 194 152 88 400419 0 0 0
1749 -1487 146 141 458028 0 0 0
-1344 629 67 33 355838 0 0 0
1774 532 127 53 321221 0 0 0
905 -2049 98 177 848054 0 0 0
-2050 1843 192 21 235168 0 0 0
819 686 9 132 142723 0 0 0
-1661 176 201 85 733998 0 0 0
1321 -312 8 74 542404 0 0 0
-85 1521 201 111 593780 0 0 0
-1900 596 41 54 487816 0 0 0
650 731 44 70 240822 0 0 0
1109 -585 158 161 811376 0 0 0
6 -1081 21 123 611055 0 0 0
-1647 -664 179 18 253818 0 0 0
-1748 177 108 183 724801 0 0 0
-1798 -1443 150 78 513769 0 0 0
2188 268 185 77 597510 0 0 0
92 -70 184 185 836314 0 0 0
1435 1489 144 57 295042 0 0 0
1004 -128 92 93 621673 0 0 0
-289 -801 192 1 865397 0 0 0
-2022 -1545 107 121 320190 0 0 0
955 2034 94 172 226368 0 0 0
-906 -1928 20 136 152077 0 0 0
-1648 1228 35 74 749183 0 0 0
-844 -700 80 109 871864 0 0 0
-57 1413 176 112 161806 0 0 0
2192 -990 46 161 964094 0 0 0
-1797 1877 175 129 142653 0 0 0
-1949 -1219 127 111 749664 0 0 0
-803 1172 175 78 908383 0 0 0
-1045 1154 80 62 912952 0 0 0
159 1076 4 148 564173 0 0 0
-1993 -1890 111 108 838447 0 0 0
1861 -1467 18 26 576808 0 0 0
211 -1999 85 28 271246 0 0 0
-1172 1551 173 81 666549 0 0 0
-423 -866 33 122 783592 0 0 0
1704 -586 197 123 163200 0 0 0
-1665 527 177 101 436312 0 0 0
-1335 -1184 13 36 183648 0 0 0
-536 2190 143 91 164309 0 0 0
415 -1471 91 8 630873 0 0 0
639 -965 61 156 528333 0 0 0
-674 743 36 170 511186 0 0 0
-1796 1108 40 114 461570 0 0 0
1659 -1567 174 33 161803 0 0 0
291 -576 3 186 978685 0 0 0
491 571 71 107 464512 0 0 0
1902 1240 6 46 953225 0 0 0
690 1188 113 108 910169 0 0 0
-1274 320 126 137 860293 0 0 0
-1552 139 37 21 500288 0 0 0
-171 1906 67 138 635397 0 0 0
-844 -1906 55 72 308780 0 0 0
1581 1018 59 27 828441 0 0 0
405 1471 79 107 389210 0 0 0
-293 1660 88 117 128615 0 0 0
1265 -1352 152 45 948534 0 0 0
-456 -1382 15 60 608154 0 0 0
-1220 -830 126 100 661832 0 0 0
1271 -1476 96 79 242062 0 0 0
1960 2195 24 133 687817 0 0 0
-16 -1438 22 92 167817 0 0 0
553 1764 60 40 786188 0 0 0
-721 742 59 103 306673 0 0 0
465 1829 97 178 310417 0 0 0
784 -1690 135 138 945932 0 0 0
-1262 1457 195 90 164429 0 0 0
979 466 52 21 463357 0 0 0
944 -886 198 25 385150 0 0 0
660 -874 53 70 188061 0 0 0
-58 534 127 153 158239 0 0 0
-1694 -2063 166 46 615557 0 0 0
345 -751 46 60 440031 0 0 0
-1141 1262 152 22 382335 0 0 0
-1444 -19 21 148 284809 0 0 0
-94 -1284 158 96 479550 0 0 0
1003 -746 137 65 482647 0 0 0
364 -2016 107 43 923672 0 0 0
660 727 113 29 658228 0 0 0
1288 762 73 124 591141 0 0 0
1877 -2148 126 146 525557 0 0 0
-1600 731 89 94 261327 0 0 0
1389 -1642 79 22 134682 0 0 0
587 1506 18 38 970967 0 0 0
-425 1623 109 95 177951 0 0 0
1616 -1770 118 89 189914 0 0 0
1772 -611 41 94 837751 0 0 0
1311 -1175 41 74 371355 0 0 0
-1521 1117 136 36 768221 0 0 0
793 -1708 64 135 580024 0 0 0
-405 768 10 109 924946 0 0 0
482 -798 155 58 801957 0 0 0
-178 -1819 167 39 276143 0 0 0
2096 370 21 3 919704 0 0 0
1459 -1086 192 122 438091 0 0 0
1299 -998 99 116 464760 0 0 0
1384 648 135 102 165404 0 0 0
1078 405 81 129 614934 0 0 0
-373 1311 50 127 193150 0 0 0
-1791 -1550 199 48 261982 0 0 0
1572 -1587 169 178 707919 0 0 0
1518 -972 149 99 279507 0 0 0
1073 226 108 171 856962 0 0 0
960 76 178 86 399331 0 0 0
1191 918 127 161 202460 0 0 0
1956 -1788 55 79 857424 0 0 0
-698 1911 200 44 776497 0 0 0
2124 -327 107 48 353405 0 0 0
-1641 1856 187 125 436717 0 0 0
1241 -590 166 11 146881 0 0 0
944 -979 19 129 285839 0 0 0
-1083 1772 111 1 647978 0 0 0
-51 13 75 131 767072 0 0 0
730 129 52 5 402527 0 0 0
-1890 1594 55 26 198395 0 0 0
-1391 -1400 137 40 441913 0 0 0
2099 -590 108 85 555988 0 0 0
518 135 130 25 601187 0 0 0
89 -1949 147 46 783450 0 0 0
-483 847 33 52 239650 0 0 0
-1792 -325 187 161 205356 0 0 0
-577 161 126 147 304359 0 0 0
-1358 -1469 136 181 902243 0 0 0
-998 1826 39 108 100825 0 0 0
-461 -122 119 23 461220 0 0 0
971 1855 3 152 939135 0 0 0
1981 471 167 146 884809 0 0 0
1277 100 194 154 187729 0 0 0
1380 -1700 186 132 163006 0 0 0
359 -1700 154 139 291007 0 0 0
-518 -1909 167 77 694968 0 0 0
395 815 81 39 491852 0 0 0
727 1595 104 82 684314 0 0 0
1342 -2054 126 85 622326 0 0 0
-591 180 35 179 966513 0 0 0
445 -1531 9 39 372826 0 0 0
-1657 -303 13 110 694923 0 0 0
302 2163 40 91 218057 0 0 0
996 -2007 156 117 767026 0 0 0
-664 451 192 95 605623 0 0 0
1501 -1204 36 25 893021 0 0 0
-510 -128 188 163 571985 0 0 0
-1531 399 73 70 120315 0 0 0
988 -1743 173 28 525342 0 0 0
-1412 -1674 147 5 846632 0 0 0
-2 2013 115 81 544584 0 0 0
-941 1553 196 74 387418 0 0 0
1076 -477 52 180 869682 0 0 0
-1847 1680 14 28 543467 0 0 0
1927 -2056 56 141 875075 0 0 0
-527 -1160 176 38 350232 0 0 0
-819 1769 93 64 948549 0 0 0
-206 1884 174 124 968846 0 0 0
2000 903 133 140 503148 0 0 0
393 1859 70 146 367953 0 0 0
-1824 -847 71 83 275837 0 0 0
-2028 319 193 165 916192 0 0 0
1930 -1719 140 121 762028 0 0 0
-677 -32 109 54 710734 0 0 0
266 -962 99 28 972633 0 0 0
1940 -1551 75 78 879922 0 0 0
-377 -740 150 31 320893 0 0 0
1251 -1413 34 6 337119 0 0 0
1602 146 64 15 185462 0 0 0
2072 -489 86 142 143528 0 0 0
-1352 1875 93 162 150965 0 0 0
-1281 -387 181 159 314059 0 0 0
64 53 158 112 742289 0 0 0
-186 -1141 198 3 913871 0 0 0
-1467 1662 37 3 332601 0 0 0
-513 -1730 62 65 905749 0 0 0
-828 -26 164 112 915532 0 0 0
1209 -2124 88 84 349538 0 0 0
2172 -426 175 181 156240 0 0 0
509 157 128 25 236063 0 0 0
-626 -694 31 41 463294 0 0 0
2022 -1084 150 175 974372 0 0 0
-1436 574 183 164 421852 0 0 0
-2007 -1332 8 41 546882 0 0 0
-303 1761 176 107 454323 0 0 0
-29 1500 196 122 489676 0 0 0
1410 736 170 94 293545 0 0 0
2192 1765 58 155 284224 0 0 0
-1076 455 91 113 972063 0 0 0
-1248 -735 201 138 177356 0 0 0
-156 548 178 160 522722 0 0 0
478 -2038 195 9 158977 0 0 0
1152 1285 190 110 733771 0 0 0
-906 1805 23 105 860168 0 0 0
-108 1326 81 38 704044 0 0 0
2138 -1309 121 127 635395 0 0 0
596 1913 82 124 571217 0 0 0
1884 -1626 132 166 751682 0 0 0
-106 -262 79 20 190644 0 0 0
334 -453 95 97 829958 0 0 0
394 -1714 128 69 476557 0 0 0
667 824 122 92 219281 0 0 0
688 1196 140 104 529686 0 0 0
-1226 -1082 147 39 861281 0 0 0
-62 1833 103 106 208891 0 0 0
-740 -367 178 149 879673 0 0 0
-1460 -877 33 129 400726 0 0 0
-1072 1009 13 58 272020 0 0 0
-2035 1039 120 101 325271 0 0 0
1220 -968 52 186 399299 0 0 0
-636 1465 170 15 710130 0 0 0
1076 915 66 102 901783 0 0 0
-628 -1089 129 171 175643 0 0 0
-1117 1303 143 69 263388 0 0 0
1768 314 173 136 236187 0 0 0
-1175 -864 60 122 213246 0 0 0
230 -1905 127 88 835237 0 0 0
-308 2114 137 119 191422 0 0 0
-898 1172 167 23 808764 0 0 0
633 -2008 63 88 624330 0 0 0
1064 1473 121 19 163489 0 0 0
-1571 -804 64 42 734415 0 0 0
-841 946 82 163 519341 0 0 0
1018 -934 37 171 543308 0 0 0
244 1429 105 91 437937 0 0 0
-236 1406 103 67 954377 0 0 0
908 -1066 102 61 760970 0 0 0
2192 -554 172 169 735458 0 0 0
2018 946 165 89 828933 0 0 0
672 2102 178 56 653661 0 0 0
-2130 -962 100 118 356646 0 0 0
-428 -1760 123 183 375862 0 0 0
886 1479 62 173 637412 0 0 0
-1053 338 198 96 446523 0 0 0
1536 -1498 200 67 416552 0 0 0
-66 -535 75 143 154357 0 0 0
1381 1275 105 125 379721 0 0 0
772 518 33 92 542208 0 0 0
1867 1353 3 181 537484 0 0 0
228 444 171 106 450444 0 0 0
-536 -1854 199 45 501727 0 0 0
-1097 -2090 82 155 131646 0 0 0
1959 562 7 88 648022 0 0 0
1603 692 154 115 359644 0 0 0
-1645 267 99 57 175642 0 0 0
376 1523 40 183 978705 0 0 0
-1404 1223 38 19 108926 0 0 0
-1486 1391 128 104 310193 0 0 0
-1527 -161 55 174 475019 0 0 0
425 1785 51 2 673641 0 0 0
675 641 176 115 540636 0 0 0
-1576 1199 188 73 993298 0 0 0
2057 -319 158 148 595672 0 0 0
-1194 -2185 183 69 999334 0 0 0
-604 1631 136 9 179298 0 0 0
1906 1837 40 167 638616 0 0 0
-1138 162 2 28 964512 0 0 0
810 -1492 24 108 530612 0 0 0
-815 1739 158 111 113438 0 0 0
-864 1278 40 68 373589 0 0 0
-1161 220 130 76 340369 0 0 0
130 -817 86 65 986148 0 0 0
-1479 1908 200 10 157054 0 0 0
-1159 1397 58 104 913312 0 0 0
-1051 -279 80 101 300736 0 0 0
-1547 -1068 14 116 806563 0 0 0
2029 154 18 13 160537 0 0 0
1351 -260 83 147 884781 0 0 0
-455 1594 9 96 911099 0 0 0
1105 1406 136 15 659557 0 0 0
-143 287 35 14 583842 0 0 0
-706 -584 115 54 999998 0 0 0
2065 -1940 76 128 425635 0 0 0
-1188 -1845 82 55 491687 0 0 0
1508 -826 201 24 287957 0 0 0
2109 1457 80 164 654126 0 0 0
-405 -1811 121 174 151193 0 0 0
-7 2136 5 1 120697 0 0 0
-1995 -318 20 2 545880 0 0 0
2193 2034 140 90 549127 0 0 0
-1304 1655 115 61 528671 0 0 0
1305 -367 136 133 907235 0 0 0
-991 -1239 62 50 348203 0 0 0
-1372 -853 150 114 875729 0 0 0
-1174 1512 16 156 117297 0 0 0
-1834 1325 34 180 836836 0 0 0
857 -1381 88 188 741413 0 0 0
-1420 -168 24 78 250332 0 0 0
-400 1678 98 109 216381 0 0 0
-1974 -1456 201 107 208589 0 0 0
-2162 30 113 110 946705 0 0 0
2018 1623 142 144 326362 0 0 0
383 994 84 169 263764 0 0 0
-524 1840 132 171 491380 0 0 0
890 -645 186 123 762471 0 0 0
-1771 1263 132 125 679521 0 0 0
-52 1555 24 137 496816 0 0 0
-1981 1502 152 96 528266 0 0 0
-1625 2171 122 186 848822 0 0 0
1098 -494 113 110 250983 0 0 0
2080 239 97 149 992456 0 0 0
2040 2062 21 109 560033 0 0 0
-2194 -549 74 143 538108 0 0 0
-1998 959 90 76 588152 0 0 0
-1580 -613 41 20 614412 0 0 0
-2164 -1855 168 140 678954 0 0 0
1055 -1304 15 89 816917 0 0 0
1658 1362 199 72 370906 0 0 0
-825 1655 83 173 252220 0 0 0
-1774 514 169 74 592296 0 0 0
-1905 1021 21 130 584266 0 0 0
184 -2070 177 51 827505 0 0 0
-1043 -1801 87 79 514138 0 0 0
1562 534 144 74 192778 0 0 0
-192 1553 148 63 257541 0 0 0
1802 597 185 26 793812 0 0 0
-425 1814 10 54 771726 0 0 0
748 -1914 47 100 884636 0 0 0
1003 1385 31 55 758441 0 0 0
159 -784 65 148 303277 0 0 0
-1419 2108 185 167 255488 0 0 0
1501 -1926 47 133 980020 0 0 0
147 1488 139 120 814283 0 0 0
-1505 1967 22 25 702696 0 0 0
-1406 -691 46 14 506660 0 0 0
1386 -1037 191 129 183405 0 0 0
-557 469 127 23 301371 0 0 0
-751 1548 96 98 662125 0 0 0
-1418 -239 94 47 719405 0 0 0
1957 341 181 9 575950 0 0 0
1470 349 197 118 538079 0 0 0
520 1545 67 104 256964 0 0 0
-1588 12 84 139 617706 0 0 0
1526 -625 183 149 924753 0 0 0
928 -1952 106 146 685010 0 0 0
1690 1628 52 148 458916 0 0 0
-290 -822 51 69 476576 0 0 0
950 -1286 106 140 301233 0 0 0
1774 761 151 95 459247 0 0 0
1076 1775 99 19 814240 0 0 0
-1298 1448 13 50 816968 0 0 0
172 1645 127 42 506990 0 0 0
1910 80 200 164 193269 0 0 0
1428 43 57 188 887688 0 0 0
-1527 1663 34 184 625572 0 0 0
479 1649 19 181 988002 0 0 0
825 1601 85 105 839529 0 0 0
-13 -6 68 157 964128 0 0 0
1256 -1153 60 45 920401 0 0 0
-1791 322 186 98 395353 0 0 0
922 2045 91 26 570321 0 0 0
887 1760 2 103 669310 0 0 0
-1300 -959 7 149 161082 0 0 0
-1331 2108 133 146 501718 0 0 0
1751 -942 145 125 436723 0 0 0
1930 -1048 180 6 309496 0 0 0
-2200 780 92 147 988350 0 0 0
-1261 748 68 110 217416 0 0 0
733 -1047 42 55 504048 0 0 0
-1270 -1004 2 164 870298 0 0 0
-35 1972 67 165 793066 0 0 0
41 2079 14 6 423015 0 0 0
2091 -1008 67 17 817210 0 0 0
631 -1835 109 78 728954 0 0 0
283 1878 62 153 844640 0 0 0
2199 -270 43 82 320912 0 0 0
982 -1671 130 173 374121 0 0 0
1968 1707 69 170 122485 0 0 0
2060 1527 73 65 822546 0 0 0
1709 1040 115 84 877871 0 0 0
-329 -113 115 21 954725 0 0 0
1886 -967 36 148 943224 0 0 0
-1569 -841 26 184 928641 0 0 0
-1614 -2046 132 176 717533 0 0 0
-1960 687 93 176 825232 0 0 0
-922 -1072 125 133 554721 0 0 0
2159 -1409 46 63 376675 0 0 0
45 267 145 26 728667 0 0 0
-536 -267 137 83 495782 0 0 0
2131 -878 80 64 113190 0 0 0
1062 -1136 42 58 652251 0 0 0
2153 81 2 182 158714 0 0 0
294 -1016 10 162 390883 0 0 0
-823 970 14 65 334009 0 0 0
-1628 -974 174 65 278805 0 0 0
-984 -1445 84 70 591367 0 0 0
1894 -1138 127 33 318033 0 0 0
-275 -702 40 56 235126 0 0 0
1015 1900 135 122 541598 0 0 0
-1649 -1441 167 50 909398 0 0 0
-1539 912 182 48 478342 0 0 0
1581 -746 102 90 313192 0 0 0
661 -1551 5 176 832732 0 0 0
1782 -608 62 20 267012 0 0 0
-1895 1767 193 162 843725 0 0 0
-1080 657 186 16 425373 0 0 0
-227 1258 149 34 589141 0 0 0
-1901 613 172 9 203996 0 0 0
1548 1094 56 6 670120 0 0 0
1860 784 171 185 396443 0 0 0
-39 -2176 7 144 945437 0 0 0
-2151 363 105 116 752766 0 0 0
137 1106 158 102 998413 0 0 0
498 1547 8 23 118390 0 0 0
905 -839 143 159 975690 0 0 0
-609 780 165 63 347895 0 0 0
1694 -480 129 17 500750 0 0 0
1767 -1181 36 52 372444 0 0 0
-1898 -1838 7 72 590385 0 0 0
1670 -1058 171 108 662672 0 0 0
491 -434 148 29 222044 0 0 0
-305 127 7 145 760867 0 0 0
296 -1606 10 69 733071 0 0 0
-472 1416 138 113 969637 0 0 0
-1559 -955 50 38 664213 0 0 0
-905 -621 61 116 474777 0 0 0
358 -371 31 67 963624 0 0 0
1006 -1073 183 137 826413 0 0 0
-415 -1148 101 48 710338 0 0 0
-983 -2165 46 86 374860 0 0 0
-1304 1859 139 70 913273 0 0 0
-834 -1782 114 12 464272 0 0 0
1282 -235 167 174 662159 0 0 0
-742 -2053 136 8 249766 0 0 0
-920 -183 21 99 269849 0 0 0
290 1462 111 168 166419 0 0 0
1725 -59 42 3 992457 0 0 0
104 1313 57 171 384233 0 0 0
-1805 -1192 122 14 235929 0 0 0
-2030 644 37 127 445799 0 0 0
-1945 1418 106 37 487594 0 0 0
1681 1028 77 59 195239 0 0 0
-901 300 12 177 936023 0 0 0
974 646 86 60 549599 0 0 0
-601 -66 177 47 927729 0 0 0
1161 133 97 141 969875 0 0 0
-1297 2030 192 125 967103 0 0 0
575 666 76 109 448685 0 0 0
1477 -1122 73 28 705996 0 0 0
277 -806 119 116 521851 0 0 0
1313 -1730 46 121 304377 0 0 0
-1758 1971 121 2 664606 0 0 0
986 -1135 88 137 950865 0 0 0
-907 524 100 122 497013 0 0 0
1738 1364 119 131 861551 0 0 0
132 -1056 138 80 949794 0 0 0
-457 -964 98 168 125787 0 0 0
-818 650 49 135 785670 0 0 0
-564 619 103 74 534360 0 0 0
1980 -544 112 171 765743 0 0 0
-2097 -868 50 110 615479 0 0 0
641 1500 128 149 180000 0 0 0
-158 -327 88 171 608910 0 0 0
1526 -1485 182 134 274464 0 0 0
910 -233 37 17 538601 0 0 0
-251 411 10 107 529290 0 0 0
1131 1447 56 13 515397 0 0 0
514 -1280 31 54 811667 0 0 0
-489 1673 51 62 644476 0 0 0
-1310 241 31 42 695898 0 0 0
-1758 -1527 171 161 610300 0 0 0
-119 847 172 5 147118 0 0 0
-988 -116 160 99 115339 0 0 0
-2109 -1152 141 114 205346 0 0 0
384 1299 50 84 716027 0 0 0
-1321 1101 163 134 599130 0 0 0
-106 -454 88 164 114825 0 0 0
316 -1538 182 107 627429 0 0 0
415 -1258 30 74 155672 0 0 0
-1676 1383 24 154 745771 0 0 0
-1082 823 159 187 963210 0 0 0
-402 956 162 16 689391 0 0 0
-1197 1530 149 179 202728 0 0 0
1808 -198 158 64 701750 0 0 0
568 1051 181 137 352461 0 0 0
389 641 190 27 677877 0 0 0
-2130 -532 201 51 375844 0 0 0
-613 -1067 200 186 290235 0 0 0
1574 -359 39 93 847506 0 0 0
-642 -1762 181 163 563866 0 0 0
1246 1133 154 114 127354 0 0 0
-269 -1078 10 92 667714 0 0 0
1087 2175 165 142 701124 0 0 0
120 608 94 59 529626 0 0 0
1975 1872 7 161 702431 0 0 0
2071 -1113 70 93 556334 0 0 0
-778 924 147 137 173852 0 0 0
167 1822 127 38 158863 0 0 0
908 -1757 43 104 509855 0 0 0
1664 -1556 49 153 340230 0 0 0
-1787 562 102 97 574314 0 0 0
941 2001 193 33 814831 0 0 0
-303 -1844 6 7 624999 0 0 0
926 2136 2 51 858610 0 0 0
-1399 1939 83 112 345450 0 0 0
575 326 184 137 689081 0 0 0
-1659 -251 108 141 167429 0 0 0
-264 -1900 87 60 909500 0 0 0
-334 -1665 26 71 394246 0 0 0
55 695 165 40 413537 0 0 0
-1214 -810 129 96 945157 0 0 0
77 477 11 139 349158 0 0 0
-1845 -2149 177 58 868264 0 0 0
1455 -1231 85 23 765166 0 0 0
-844 -1053 99 15 664010 0 0 0
920 440 172 97 255217 0 0 0
2005 228 178 60 764548 0 0 0
1457 -2118 116 122 376110 0 0 0
638 424 139 10 191903 0 0 0
1792 -2081 127 100 959815 0 0 0
1211 -366 100 18 475249 0 0 0
-1596 -638 201 70 654741 0 0 0
1094 -271 69 123 741144 0 0 0
1757 480 166 174 133923 0 0 0
-521 303 57 136 171717 0 0 0
962 -590 186 60 319858 0 0 0
489 -1361 110 90 237430 0 0 0
1779 -1404 139 121 425236 0 0 0
-1536 1154 124 127 200559 0 0 0
1463 798 44 86 762707 0 0 0
-47 906 50 110 179734 0 0 0
-2035 1161 129 171 506069 0 0 0
-652 1787 123 68 662003 0 0 0
-1098 -1566 6 39 885273 0 0 0
652 1207 14 98 659063 0 0 0
-1201 -128 150 12 847336 0 0 0
1771 -1563 167 77 828115 0 0 0
455 375 164 50 469327 0 0 0
-123 -663 7 98 675991 0 0 0
-261 1608 88 35 475006 0 0 0
-1236 -1827 86 179 366023 0 0 0
-83 1489 46 18 252553 0 0 0
-1922 557 180 166 374097 0 0 0
361 -1943 188 1 873874 0 0 0
-1579 1839 72 169 891265 0 0 0
1926 1172 103 110 150745 0 0 0
1447 -582 23 17 127993 0 0 0
-1660 1203 66 104 627491 0 0 0
-1775 1654 69 94 632018 0 0 0
1543 535 195 43 166250 0 0 0
1172 466 40 103 133247 0 0 0
-499 -447 194 25 520826 0 0 0
1884 -1136 128 185 334801 0 0 0
-746 1677 86 10 439800 0 0 0
-1431 -1711 45 144 217152 0 0 0
-1603 816 5 12 378216 0 0 0
-1924 -509 84 19 750694 0 0 0
1379 -813 156 114 542689 0 0 0
1950 -777 99 173 758049 0 0 0
626 221 56 112 101533 0 0 0
2157 1175 174 92 808336 0 0 0
-1686 -251 47 35 741626 0 0 0
-217 1990 91 144 437952 0 0 0
-367 -1757 100 178 196739 0 0 0
-125 -1366 89 151 516188 0 0 0
1305 -974 195 134 579172 0 0 0
1587 -1789 119 75 141918 0 0 0
-1998 1775 170 36 674232 0 0 0
-1949 -1223 174 136 399878 0 0 0
1058 -1169 83 152 320082 0 0 0
1803 -406 175 143 156765 0 0 0
-1197 -895 36 80 219593 0 0 0
815 -1291 33 71 807186 0 0 0
-856 -527 54 104 294043 0 0 0
1886 -1471 195 128 284396 0 0 0
1071 1356 126 69 346625 0 0 0
-1787 584 114 83 272665 0 0 0
1473 -527 61 34 378583 0 0 0
1583 -2057 90 120 738684 0 0 0
1811 -1571 26 111 521127 0 0 0
-1239 -2060 87 48 540909 0 0 0
-228 211 78 30 192639 0 0 0
1471 1703 103 110 650220 0 0 0
-48 990 109 98 703041 0 0 0
403 1620 108 163 301187 0 0 0
-2019 -1694 27 76 126521 0 0 0
-97 -246 153 170 276056 0 0 0
-1703 1879 142 24 420141 0 0 0
-329 -205 143 157 968723 0 0 0
1298 367 40 158 333418 0 0 0
-449 -1325 109 37 238721 0 0 0
805 165 148 78 132120 0 0 0
-46 -1633 151 69 311072 0 0 0
-984 -1170 152 41 705326 0 0 0
-780 1067 53 88 127828 0 0 0
-1268 -77 154 153 556282 0 0 0
47 -2099 115 169 656309 0 0 0
-1274 1229 43 18 466940 0 0 0
946 32 139 123 727310 0 0 0
-768 52 4 110 904278 0 0 0
2179 -323 44 118 437178 0 0 0
713 -1871 20 18 153308 0 0 0
383 -171 112 185 238623 0 0 0
962 1368 85 132 455857 0 0 0
456 209 186 183 851988 0 0 0
129 -415 194 148 129429 0 0 0
-227 -944 185 60 582406 0 0 0
319 797 25 54 570501 0 0 0
1604 -1701 199 137 443159 0 0 0
-809 78 181 2 334904 0 0 0
1524 -2145 128 142 951615 0 0 0
-21 1873 141 55 815354 0 0 0
1431 2170 77 159 229414 0 0 0
345 -1275 56 32 159067 0 0 0
-549 -852 71 179 554246 0 0 0
1865 943 37 26 142243 0 0 0
1478 1868 47 22 122524 0 0 0
-2105 606 26 35 828718 0 0 0
111 2126 144 82 492425 0 0 0
1458 320 127 113 391083 0 0 0
-1961 -674 186 104 833783 0 0 0
-1749 2069 67 157 434186 0 0 0
278 32 145 146 381681 0 0 0
-1189 -383 2 183 151692 0 0 0
1141 -1233 187 7 980733 0 0 0
2071 -1429 65 87 542943 0 0 0
23 -652 84 34 563884 0 0 0
-1729 -768 93 35 240293 0 0 0
-1968 88 161 136 826494 0 0 0
1071 -149 114 140 846957 0 0 0
-837 -373 30 94 665267 0 0 0
2093 1985 13 139 933924 0 0 0
-627 -1271 162 93 388198 0 0 0
-1733 1175 96 113 529556 0 0 0
-2027 856 171 8 691714 0 0 0
-169 -983 108 82 549461 0 0 0
-942 -1946 26 130 154964 0 0 0
-538 860 173 64 754294 0 0 0
-2051 -1011 68 8 123666 0 0 0
1066 1754 1 70 288185 0 0 0
445 323 152 174 666271 0 0 0
693 -42 8 48 103348 0 0 0
-760 -1623 39 71 677670 0 0 0
1181 -452 78 188 640598 0 0 0
-530 -2172 123 22 535123 0 0 0
-394 -2066 99 12 708836 0 0 0
1249 1246 1 24 896689 0 0 0
-602 423 123 179 753848 0 0 0
966 -1910 189 102 967955 0 0 0
-1454 515 121 22 720228 0 0 0
-222 1729 142 147 920221 0 0 0
-217 1746 178 102 871895 0 0 0
-2055 -518 136 141 547584 0 0 0
-422 1402 166 184 367216 0 0 0
731 -322 199 9 506213 0 0 0
1899 983 117 172 408087 0 0 0
-271 -1685 161 101 525701 0 0 0
337 -730 73 23 905446 0 0 0
-1777 2121 103 157 716520 0 0 0
796 1433 155 22 899205 0 0 0
-1871 -715 88 109 532101 0 0 0
1453 -1677 3 167 996469 0 0 0
-289 1025 36 96 349928 0 0 0
-1796 555 72 97 346607 0 0 0
-1774 603 172 20 984596 0 0 0
-65 1840 187 51 872198 0 0 0
-433 -1816 6 58 355360 0 0 0
928 -536 47 135 990415 0 0 0
-2149 -1176 138 51 889838 0 0 0
1339 1806 48 121 699152 0 0 0
1362 -1950 77 7 407809 0 0 0
160 -10 126 84 894108 0 0 0
-1241 -1295 94 89 972049 0 0 0
-669 -720 190 151 941737 0 0 0
716 -26 101 96 988396 0 0 0
-919 -1991 128 114 799961 0 0 0
-1701 -983 182 61 614171 0 0 0
1367 51 96 8 798999 0 0 0
-1323 -2031 199 152 979794 0 0 0
260 -1128 118 157 525469 0 0 0
1523 -884 136 135 941072 0 0 0
-39 262 121 105 464182 0 0 0
1020 -280 199 165 756084 0 0 0
306 1447 72 19 324494 0 0 0
-746 -13 33 128 773965 0 0 0
-905 -1599 74 10 946227 0 0 0
-2101 -250 45 132 634842 0 0 0
2020 1521 123 12 141930 0 0 0
790 -1614 32 96 559561 0 0 0
-1061 1291 130 78 183225 0 0 0
-945 1084 14 46 811982 0 0 0
1269 1349 101 3 938155 0 0 0
874 -357 135 108 215218 0 0 0
1857 -632 75 55 581905 0 0 0
-703 2170 80 37 660286 0 0 0
-1637 1119 196 128 621290 0 0 0
879 -1041 31 54 179295 0 0 0
126 747 187 74 724722 0 0 0
-733 2152 183 153 898505 0 0 0
-507 -46 6 78 915227 0 0 0
-1546 -1660 60 95 909343 0 0 0
-1204 1277 65 44 272737 0 0 0
369 -1519 3 123 154927 0 0 0
596 340 24 124 854686 0 0 0
733 -2019 21 40 511381 0 0 0
1652 1346 67 92 888664 0 0 0
687 -2143 188 154 975764 0 0 0
63 -1987 107 31 174076 0 0 0
320 -636 130 40 847247 0 0 0
134 198 78 132 125273 0 0 0
128 624 125 166 227797 0 0 0
-2035 -1627 35 161 613942 0 0 0
-171 2115 139 170 596724 0 0 0
862 -2183 89 19 402932 0 0 0
-633 -564 175 26 893737 0 0 0
395 -972 11 35 298543 0 0 0
-1154 -743 140 183 419631 0 0 0
1287 -1815 70 33 982929 0 0 0
-2015 100 42 143 247160 0 0 0
1771 -891 9 74 188961 0 0 0
-1055 -335 122 89 336548 0 0 0
-744 1380 157 153 183153 0 0 0
1632 1969 16 8 691235 0 0 0
883 610 102 48 942416 0 0 0
-1963 791 173 122 561287 0 0 0
1456 -887 33 26 751124 0 0 0
716 648 106 38 957506 0 0 0
422 1827 42 43 499323 0 0 0
204 2035 104 131 380652 0 0 0
-173 973 51 45 510965 0 0 0
538 -1909 161 177 854937 0 0 0
185 158 13 21 534836 0 0 0
867 -1418 51 83 465228 0 0 0
-1658 1876 157 73 857422 0 0 0
548 1558 22 185 989086 0 0 0
302 -626 149 11 202272 0 0 0
1151 -1759 164 144 841915 0 0 0
1572 614 29 176 827935 0 0 0
-1613 1301 158 117 286340 0 0 0
1674 1749 66 100 981309 0 0 0
317 1953 142 107 654996 0 0 0
-1515 -1641 45 21 400806 0 0 0
-1910 -979 37 137 939609 0 0 0
-1802 -597 160 186 773791 0 0 0
-1926 -150 75 169 238613 0 0 0
147 -1806 120 103 195121 0 0 0
-1365 -2080 72 112 522557 0 0 0
-559 1221 145 95 340202 0 0 0
986 1703 189 14 796491 0 0 0
-1265 1631 41 121 391055 0 0 0
-1797 1149 167 172 684968 0 0 0
1414 -1357 126 161 553750 0 0 0
1478 -1852 59 21 435653 0 0 0
-208 -1962 63 93 167358 0 0 0
-1083 -2122 149 56 980465 0 0 0
-1088 -1174 167 138 270831 0 0 0
-145 396 166 167 998262 0 0 0
1448 -1852 42 41 519529 0 0 0
1318 1958 180 149 628003 0 0 0
-310 -1729 2 53 780177 0 0 0
-1598 687 171 170 743687 0 0 0
-365 -990 52 91 346226 0 0 0
965 -789 54 84 459152 0 0 0
-1119 131 58 13 347191 0 0 0
-1788 -1131 197 141 573231 0 0 0
586 1520 64 163 550855 0 0 0
-1386 -106 98 64 300670 0 0 0
276 752 89 54 761922 0 0 0
-222 -2017 189 81 211502 0 0 0
934 -2019 3 94 428382 0 0 0
1297 1690 5 139 566035 0 0 0
1564 2184 30 89 801511 0 0 0
1458 706 44 167 978231 0 0 0
-803 -924 132 26 644089 0 0 0
1916 1742 155 182 167668 0 0 0
-765 388 163 111 875380 0 0 0
1404 677 144 153 723044 0 0 0
-1124 307 184 68 935190 0 0 0
1059 -1049 183 19 187480 0 0 0
882 1982 115 61 352775 0 0 0
-1116 130 173 165 304153 0 0 0
489 -1404 150 14 670644 0 0 0
589 1824 23 69 354264 0 0 0
-174 -1525 84 37 118288 0 0 0
-817 -1764 20 182 935080 0 0 0
2117 -529 162 171 552439 0 0 0
1070 -898 183 66 279186 0 0 0
-1139 -1695 72 63 445739 0 0 0
160 -804 4 66 126448 0 0 0
735 1745 194 87 392238 0 0 0
1477 1350 126 47 784660 0 0 0
-1493 1892 11 74 968224 0 0 0
-443 1790 119 70 380593 0 0 0
-555 1900 177 3 810382 0 0 0
279 -258 167 76 727002 0 0 0
1190 680 37 66 738025 0 0 0
38 -1412 31 147 370752 0 0 0
-540 -816 128 122 896487 0 0 0
-1967 -22 12 183 660666 0 0 0
308 -205 9 77 337028 0 0 0
1614 -1704 29 91 590261 0 0 0
848 520 111 108 333462 0 0 0
-974 -576 19 3 282043 0 0 0
254 -933 201 66 176134 0 0 0
2119 -1983 138 96 345025 0 0 0
-1207 -519 29 9 337866 0 0 0
-1059 -211 188 110 526916 0 0 0
2077 -1582 95 107 827532 0 0 0
-553 -1077 162 101 778475 0 0 0
-495 -2036 184 155 683775 0 0 0
1017 -834 58 2 763638 0 0 0
-152 889 86 52 846450 0 0 0
-2015 1645 123 150 477033 0 0 0
-799 797 170 101 276191 0 0 0
-927 -1585 111 20 753556 0 0 0
826 -710 9 72 198138 0 0 0
-318 883 155 132 394577 0 0 0
2048 884 164 25 149160 0 0 0
-947 1545 91 88 439766 0 0 0
847 1363 35 167 916335 0 0 0
1251 876 126 84 139889 0 0 0
550 1518 53 134 218479 0 0 0
-1434 -341 142 116 356231 0 0 0
1088 2189 125 29 915610 0 0 0
1623 -1810 107 40 692607 0 0 0
1486 2160 112 56 289598 0 0 0
-1226 1777 140 143 907404 0 0 0
1864 1345 8 119 352367 0 0 0
1324 -1116 142 158 446793 0 0 0
1923 1391 17 22 354789 0 0 0
449 814 163 95 323426 0 0 0
473 -1402 72 74 357631 0 0 0
1741 1971 151 34 577795 0 0 0
977 -1812 92 108 684250 0 0 0
-1412 175 133 137 522005 0 0 0
-1995 -643 58 146 166060 0 0 0
-1091 2175 119 38 113329 0 0 0
-54 384 4 153 898294 0 0 0
1647 1348 33 103 554212 0 0 0
-486 850 81 100 511564 0 0 0
-481 1795 29 170 712488 0 0 0
51 -570 113 133 883093 0 0 0
658 1378 38 32 398087 0 0 0
82 1584 11 79 497572 0 0 0
69 268 34 122 800209 0 0 0
76 439 44 48 135041 0 0 0
1549 -154 52 12 145303 0 0 0
-298 1849 136 178 221790 0 0 0
-81 -925 163 139 494880 0 0 0
2189 1207 51 108 839097 0 0 0
-522 380 66 65 889464 0 0 0
-344 928 78 13 323075 0 0 0
88 1360 48 69 377657 0 0 0
-909 955 6 16 705541 0 0 0
-1002 1838 86 67 993003 0 0 0
630 51 110 20 651555 0 0 0
1670 -220 90 62 638760 0 0 0
-1631 81 63 58 928533 0 0 0
-241 -943 29 91 611376 0 0 0
-1785 1052 73 64 356119 0 0 0
594 1880 104 15 407178 0 0 0
1306 -1029 107 101 964445 0 0 0
-768 126 144 45 870135 0 0 0
1810 -1473 56 150 534287 0 0 0
-1890 -1327 140 159 817209 0 0 0
214 1649 26 43 766916 0 0 0
371 -937 88 55 258728 0 0 0
-980 1589 142 128 316294 0 0 0
-1123 1809 24 135 266979 0 0 0
51 -200 2 140 121920 0 0 0
735 -492 32 8 854230 0 0 0
-2046 2110 189 98 623573 0 0 0
1999 -612 118 55 580883 0 0 0
-1744 1687 13 47 398594 0 0 0
-1925 209 102 14 922627 0 0 0
140 -1228 130 44 109207 0 0 0
-1164 1021 44 135 712015 0 0 0
212 -247 54 99 777581 0 0 0
852 -1584 158 109 675369 0 0 0
1188 1355 35 15 201175 0 0 0
1062 -1603 142 96 707556 0 0 0
-1098 -1003 140 162 351575 0 0 0
471 1364 27 34 103053 0 0 0
-1547 -1085 139 99 330887 0 0 0
-955 -621 52 41 153086 0 0 0
302 -1626 13 72 388457 0 0 0
-494 -1059 87 84 450594 0 0 0
-56 2080 162 2 293159 0 0 0
1601 639 201 17 763709 0 0 0
783 681 168 155 777929 0 0 0
-678 1888 36 34 927510 0 0 0
-2116 -719 88 20 519181 0 0 0
-863 -2007 18 175 878589 0 0 0
1485 229 48 112 340118 0 0 0
1329 678 62 103 794209 0 0 0
266 -1185 111 157 432366 0 0 0
1303 953 180 174 615360 0 0 0
-266 832 177 12 428727 0 0 0
-452 -1082 28 57 888518 0 0 0
-85 1555 179 110 446277 0 0 0
1963 -262 62 38 633821 0 0 0
825 1761 30 61 764178 0 0 0
-2127 965 198 108 843738 0 0 0
-1877 1011 45 79 869304 0 0 0
-322 -1270 197 29 149847 0 0 0
-1596 -571 105 48 115412 0 0 0
1085 1290 12 153 810213 0 0 0
429 -798 86 86 267469 0 0 0
-834 34 110 109 987875 0 0 0
2175 -779 99 15 980836 0 0 0
-1221 -2 108 14 433587 0 0 0
1357 1039 73 64 625678 0 0 0
-2046 560 50 43 724581 0 0 0
258 2104 136 160 917910 0 0 0
-842 510 186 178 240435 0 0 0
-1606 2082 191 88 853500 0 0 0
-2011 -405 138 164 391583 0 0 0
141 -1290 3 40 408015 0 0 0
1890 892 122 30 564030 0 0 0
150 -1110 7 168 994124 0 0 0
1197 -96 150 176 473226 0 0 0
-92 -1677 1 43 164247 0 0 0
-155 -863 116 171 231602 0 0 0
-824 -345 181 62 128945 0 0 0
-1455 1378 157 124 814799 0 0 0
1386 -789 8 85 394538 0 0 0
-892 2153 10 14 215309 0 0 0
-1157 324 65 72 501873 0 0 0
938 80 6 56 126688 0 0 0
-635 -241 94 42 890803 0 0 0
65 927 62 14 208902 0 0 0
-545 1292 141 1 803503 0 0 0
-359 991 141 74 952640 0 0 0
-887 -964 185 128 580309 0 0 0
-1380 574 111 66 849333 0 0 0
-748 418 77 14 893933 0 0 0
-381 -1344 23 13 859643 0 0 0
109 898 115 53 881851 0 0 0
791 -223 33 111 409663 0 0 0
-547 1805 159 125 397556 0 0 0
-757 10 29 6 270177 0 0 0
-457 -725 131 105 768671 0 0 0
1916 -1247 77 103 927264 0 0 0
132 -1197 156 136 991340 0 0 0
1378 -531 143 156 223143 0 0 0
1069 -1529 198 168 414566 0 0 0
51 -450 149 9 789955 0 0 0
-1681 1107 19 118 230631 0 0 0
-193 -257 163 160 234999 0 0 0
-1323 -321 61 167 189337 0 0 0
201 1459 82 162 627168 0 0 0
-1160 -2114 177 137 436838 0 0 0
-692 1470 75 73 961327 0 0 0
1102 -918 96 176 874248 0 0 0
1723 76 113 36 198161 0 0 0
-1705 -472 63 95 821194 0 0 0
411 -1612 158 82 985006 0 0 0
-1854 392 138 171 577688 0 0 0
-752 1812 113 138 860507 0 0 0
-1596 -1335 33 101 608468 0 0 0
795 -20 141 44 252840 0 0 0
361 1001 110 127 151510 0 0 0
-1378 665 199 158 555943 0 0 0
-94 1963 29 69 125904 0 0 0
404 1097 109 170 587102 0 0 0
671 -2059 122 97 803062 0 0 0
360 -685 89 22 695332 0 0 0
1364 609 189 155 919607 0 0 0
160 1197 185 68 579274 0 0 0
1424 -1006 151 106 551028 0 0 0
-342 -687 40 1 259109 0 0 0
2007 2022 1 9 231458 0 0 0
-1369 -1002 153 145 802259 0 0 0
1437 -1317 8 26 562602 0 0 0
-217 579 56 5 192748 0 0 0
-641 467 193 140 936778 0 0 0
-710 275 26 31 927169 0 0 0
1177 -1785 8 17 146944 0 0 0
156 -126 18 12 719992 0 0 0
-1591 -725 127 48 825353 0 0 0
568 749 160 41 549453 0 0 0
333 -376 13 63 284456 0 0 0
-1071 2096 22 23 147171 0 0 0
-438 1921 4 8 203535 0 0 0
-755 -1121 186 170 655146 0 0 0
1595 643 93 28 486597 0 0 0
616 2093 93 14 244814 0 0 0
-90 1737 60 69 524856 0 0 0
-1526 1865 28 148 407152 0 0 0
-1013 -161 145 6 733322 0 0 0
997 -92 1 150 216043 0 0 0
-1739 77 183 71 321560 0 0 0
1655 -33 178 156 250813 0 0 0
2140 1885 31 59 760150 0 0 0
-801 -929 132 154 890522 0 0 0
1550 2012 191 152 941037 0 0 0
1185 1396 89 130 540604 0 0 0
-1134 -1780 200 29 824498 0 0 0
-1497 2069 17 186 270535 0 0 0
-53 1778 159 36 654161 0 0 0
-1141 -1319 81 45 842376 0 0 0
1512 1600 91 16 324841 0 0 0
2152 -1335 99 119 459863 0 0 0
-951 1303 87 166 468795 0 0 0
-2172 -69 74 161 290428 0 0 0
-905 -1171 55 151 549130 0 0 0
-1740 1250 188 36 263310 0 0 0
595 1223 19 167 427498 0 0 0
1729 741 5 22 715742 0 0 0
419 -1324 75 36 767470 0 0 0
-29 -1545 121 185 560087 0 0 0
-271 487 178 107 397300 0 0 0
-1546 -1161 178 91 908007 0 0 0
-306 -664 145 97 328689 0 0 0
-2195 180 177 81 548538 0 0 0
-1094 -962 133 135 166348 0 0 0
-1507 -904 26 103 947309 0 0 0
-96 -1060 26 15 200627 0 0 0
-1546 87 21 34 109891 0 0 0
2185 106 125 162 936071 0 0 0
575 1304 53 169 961220 0 0 0
-1815 -1288 36 68 190975 0 0 0
1127 -246 200 138 825067 0 0 0
2184 539 135 110 285044 0 0 0
1061 -742 4 21 952157 0 0 0
-1447 -1513 99 57 554354 0 0 0
1784 431 166 73 130295 0 0 0
486 -1720 8 20 502548 0 0 0
