2300
2280 -430 71 12 418049 0 0 0
-1769 -1097 29 47 266122 0 0 0
-136 -809 77 1 127014 0 0 0
-194 1175 120 91 520593 0 0 0
-929 945 25 192 731973 0 0 0
1428 1176 100 112 847395 0 0 0
1794 -538 7 156 950031 0 0 0
511 1415 193 78 433659 0 0 0
-1001 -26 181 138 870063 0 0 0
-1315 1755 194 111 562712 0 0 0
1785 65 23 110 899421 0 0 0
-13 -454 137 178 526315 0 0 0
-1693 -605 13 23 520547 0 0 0
-1908 -1292 4 90 174814 0 0 0
-1196 -1733 163 63 362970 0 0 0
623 2049 187 159 181088 0 0 0
-264 2223 168 151 330192 0 0 0
-504 1851 141 65 625595 0 0 0
-901 -708 144 147 270302 0 0 0
65 -2147 199 150 161369 0 0 0
-253 631 114 18 455162 0 0 0
-1693 -506 27 31 104655 0 0 0
2157 -1630 9 196 956646 0 0 0
-2080 1504 20 154 633549 0 0 0
-1564 700 68 6 568591 0 0 0
-190 -2060 137 149 421091 0 0 0
2024 -299 65 43 852454 0 0 0
-1372 2072 121 124 436855 0 0 0
-198 45 39 6 249738 0 0 0
895 -187 43 156 359151 0 0 0
-1420 -1696 39 190 354110 0 0 0
681 770 75 136 145595 0 0 0
2128 -1293 154 134 284939 0 0 0
987 -35 143 74 110127 0 0 0
-449 1543 206 165 204674 0 0 0
-535 -1078 198 148 367544 0 0 0
-2287 -1191 177 11 150894 0 0 0
1874 939 194 184 535649 0 0 0
-397 2109 198 13 872839 0 0 0
2029 1231 38 112 785369 0 0 0
-1141 684 200 6 510977 0 0 0
269 -805 141 194 137824 0 0 0
-1147 1468 147 146 595547 0 0 0
-729 1952 81 182 281677 0 0 0
-204 417 206 88 484223 0 0 0
1754 1795 195 149 197879 0 0 0
-1235 -875 43 165 397374 0 0 0
1486 -1232 130 131 739792 0 0 0
-532 -1668 125 79 272354 0 0 0
302 -2174 48 31 519624 0 0 0
885 2246 111 49 399931 0 0 0
-1709 1177 47 172 570897 0 0 0
783 274 55 136 539492 0 0 0
-1400 212 54 139 696680 0 0 0
348 -1932 178 172 471425 0 0 0
1859 -2165 148 182 100052 0 0 0
-765 -1828 47 149 562423 0 0 0
-1337 -297 63 30 531506 0 0 0
-16 222 31 157 718374 0 0 0
-181 -1170 66 109 807580 0 0 0
974 732 145 31 278191 0 0 0
-1671 354 135 151 722332 0 0 0
629 1269 38 94 365646 0 0 0
728 -605 6 177 685942 0 0 0
-491 745 52 170 151554 0 0 0
171 -60 28 58 230884 0 0 0
-190 685 69 122 561685 0 0 0
1796 -1815 47 134 257023 0 0 0
-634 -1538 174 50 949502 0 0 0
-1078 1624 208 129 915145 0 0 0
887 1122 104 184 845679 0 0 0
-1335 -1070 175 37 564757 0 0 0
-2027 -1355 118 127 216224 0 0 0
-1239 -44 175 110 381459 0 0 0
-1644 419 195 11 608520 0 0 0
1824 821 111 78 308225 0 0 0
296 -800 18 58 196844 0 0 0
1387 -698 29 163 339191 0 0 0
-983 -742 37 56 818211 0 0 0
-1067 -1847 73 121 277038 0 0 0
-1857 -406 162 100 258470 0 0 0
-326 2130 192 109 162499 0 0 0
576 1255 65 47 804265 0 0 0
1733 467 40 47 409230 0 0 0
-688 1620 176 148 728451 0 0 0
1721 1684 85 177 833328 0 0 0
1722 1200 161 186 790712 0 0 0
-1442 -29 56 57 232903 0 0 0
785 -850 31 112 146011 0 0 0
-2152 -45 95 130 147733 0 0 0
703 1334 151 129 473695 0 0 0
-713 1530 123 79 673470 0 0 0
-789 406 200 128 112627 0 0 0
-772 -1248 30 75 594747 0 0 0
1101 1222 119 175 876715 0 0 0
1048 2056 168 158 825298 0 0 0
561 1674 67 18 985957 0 0 0
-2169 1448 113 49 628423 0 0 0
-868 2167 166 22 461113 0 0 0
1981 -522 114 151 452073 0 0 0
-868 1883 188 186 696012 0 0 0
-1195 1686 39 117 105663 0 0 0
-45 -503 3 1 357245 0 0 0
1735 -1977 41 121 531767 0 0 0
-2108 -796 16 127 978353 0 0 0
509 -822 23 136 724150 0 0 0
1572 -976 101 34 576376 0 0 0
1743 329 55 83 469895 0 0 0
552 2109 166 75 854254 0 0 0
-340 -1420 120 107 607915 0 0 0
-2036 1263 119 12 847870 0 0 0
-559 983 59 148 602828 0 0 0
-1604 2036 112 109 438396 0 0 0
-1072 603 75 180 180381 0 0 0
-2212 705 186 99 937863 0 0 0
1866 1475 116 129 650751 0 0 0
-1627 39 141 141 703140 0 0 0
-106 520 169 16 602907 0 0 0
-241 -2292 180 127 265600 0 0 0
1973 682 142 58 786543 0 0 0
-1058 -55 39 152 566041 0 0 0
488 250 170 183 256407 0 0 0
-68 70 44 3 500767 0 0 0
-1093 742 125 187 144233 0 0 0
2292 -1609 126 29 510765 0 0 0
1235 -735 205 52 355368 0 0 0
-2113 603 129 13 547341 0 0 0
-653 -572 130 95 907746 0 0 0
835 -2099 38 57 826600 0 0 0
-986 980 179 40 742875 0 0 0
-1456 945 104 59 580608 0 0 0
1642 515 63 101 820225 0 0 0
-2188 169 132 19 667013 0 0 0
1780 528 14 51 290457 0 0 0
-758 -1383 22 100 929785 0 0 0
-1089 109 159 11 551401 0 0 0
1682 2114 191 91 893983 0 0 0
-408 -1597 147 124 428996 0 0 0
-1476 -1023 178 4 270171 0 0 0
-1305 1671 108 118 451427 0 0 0
303 -1421 136 126 374922 0 0 0
-527 336 144 30 675331 0 0 0
1459 1703 191 29 962831 0 0 0
557 2176 142 22 719639 0 0 0
729 1203 35 59 970313 0 0 0
1575 -292 135 170 653365 0 0 0
626 -362 137 47 223103 0 0 0
613 363 76 73 343133 0 0 0
456 -55 131 46 191012 0 0 0
-878 1285 59 48 368619 0 0 0
783 -829 20 186 218393 0 0 0
-1574 -1129 208 96 522861 0 0 0
1986 672 197 122 558824 0 0 0
-1293 2145 194 99 967648 0 0 0
-947 181 10 196 755917 0 0 0
1597 2140 58 185 947385 0 0 0
1823 1251 136 149 203556 0 0 0
-595 -1445 169 119 665934 0 0 0
394 -197 187 82 728332 0 0 0
-2249 637 162 133 221188 0 0 0
-2180 -83 61 125 415175 0 0 0
-716 -1731 205 58 114641 0 0 0
-1343 1856 99 91 913487 0 0 0
-2218 -1087 115 66 634250 0 0 0
-191 2294 156 162 327357 0 0 0
524 -90 124 86 137781 0 0 0
-1414 -1727 10 131 544762 0 0 0
-1067 -534 81 151 242233 0 0 0
1318 579 105 118 720415 0 0 0
-668 751 21 89 812410 0 0 0
1378 -969 186 190 464905 0 0 0
-112 1963 13 77 320256 0 0 0
-1462 53 42 80 129661 0 0 0
-1016 -2104 22 194 796920 0 0 0
1189 -399 144 153 975295 0 0 0
538 -1992 83 59 139809 0 0 0
2299 460 29 89 694616 0 0 0
-124 -1595 121 91 983778 0 0 0
-1072 1573 199 191 784018 0 0 0
42 1973 48 98 899526 0 0 0
-1779 1549 2 67 571799 0 0 0
175 -335 37 177 721601 0 0 0
-2276 1478 96 90 932551 0 0 0
-1508 1497 31 61 955890 0 0 0
-1731 1328 163 143 857578 0 0 0
507 -670 157 96 308153 0 0 0
682 -2028 71 172 711256 0 0 0
-814 223 13 82 817002 0 0 0
-1399 -1735 119 124 134948 0 0 0
-1021 373 177 84 616953 0 0 0
1182 -2119 9 192 406120 0 0 0
-199 -1461 15 111 913750 0 0 0
1196 -597 152 13 759747 0 0 0
-1014 2246 188 136 915825 0 0 0
1226 -446 56 187 893474 0 0 0
889 -94 192 107 299207 0 0 0
-2103 -1380 200 33 482160 0 0 0
-1310 -1348 34 114 234164 0 0 0
1374 -1842 40 6 932561 0 0 0
-957 -1431 6 117 167602 0 0 0
1891 1644 137 161 343291 0 0 0
-1245 -1338 42 122 555308 0 0 0
618 12 124 12 951783 0 0 0
1019 1816 58 132 573010 0 0 0
284 -403 114 181 352298 0 0 0
-2047 -1432 72 72 524118 0 0 0
1229 1271 101 1 555432 0 0 0
-598 503 114 25 803215 0 0 0
-563 868 115 35 432062 0 0 0
637 -1543 120 75 343270 0 0 0
-1583 362 177 11 997278 0 0 0
851 -1841 200 97 890030 0 0 0
374 -2145 7 95 310503 0 0 0
-2276 1731 197 14 749677 0 0 0
-266 -1103 101 89 438963 0 0 0
117 906 41 54 674321 0 0 0
-2087 -1298 73 67 277283 0 0 0
398 -525 147 104 212490 0 0 0
-1132 1351 35 81 512468 0 0 0
1401 -860 34 154 902680 0 0 0
-2176 904 126 180 875607 0 0 0
1798 -1091 59 54 762810 0 0 0
1359 -398 51 55 982251 0 0 0
2221 86 173 22 594306 0 0 0
-1111 -1236 72 40 698175 0 0 0
-423 117 32 63 303952 0 0 0
1306 -1203 27 101 983775 0 0 0
146 -865 168 127 164635 0 0 0
363 -744 154 84 173393 0 0 0
-555 -863 80 44 700520 0 0 0
1478 -669 37 170 657077 0 0 0
-2107 -732 81 9 848300 0 0 0
-178 -519 174 65 255384 0 0 0
1905 1463 202 103 924931 0 0 0
-1374 -187 192 134 686456 0 0 0
1799 274 2 47 549044 0 0 0
-250 -1032 61 10 575545 0 0 0
1374 -1418 180 140 424607 0 0 0
526 -444 33 10 284526 0 0 0
-385 -717 69 144 207437 0 0 0
-1254 2051 66 84 322241 0 0 0
1709 -1123 32 138 566105 0 0 0
1505 -1887 87 143 990139 0 0 0
1089 -229 31 140 330081 0 0 0
-697 639 180 187 131977 0 0 0
-1251 606 81 58 956067 0 0 0
1708 139 33 57 518289 0 0 0
631 -706 171 146 466948 0 0 0
1845 -1038 84 166 592572 0 0 0
1786 -1760 75 125 265740 0 0 0
1077 805 142 32 172628 0 0 0
1195 93 36 33 343310 0 0 0
-1936 -1976 109 187 912915 0 0 0
-37 1850 165 68 486989 0 0 0
1566 -944 92 42 791705 0 0 0
-836 1801 35 35 298851 0 0 0
-1213 945 202 51 202654 0 0 0
1785 -1664 60 79 465383 0 0 0
2212 -1446 143 142 691445 0 0 0
778 -1248 15 166 942020 0 0 0
1707 -662 113 26 864993 0 0 0
-1976 719 189 24 162348 0 0 0
-323 1453 2 25 713727 0 0 0
-147 1066 201 104 191481 0 0 0
1786 -1386 133 56 221505 0 0 0
-1422 2069 121 178 538294 0 0 0
-1162 1733 40 44 919696 0 0 0
-1553 751 25 11 522106 0 0 0
2213 1151 18 83 839584 0 0 0
-498 1190 96 122 621188 0 0 0
-1865 679 186 128 517602 0 0 0
-437 -647 156 169 547462 0 0 0
-1122 707 30 181 875702 0 0 0
989 -559 158 186 374181 0 0 0
-2287 265 193 45 286645 0 0 0
-1944 317 166 29 652393 0 0 0
-1467 943 86 91 352543 0 0 0
857 -1519 115 140 588338 0 0 0
1089 -690 31 87 286384 0 0 0
-1671 -1352 30 76 847392 0 0 0
-955 73 21 178 713066 0 0 0
-1735 -1184 189 65 774189 0 0 0
1208 -777 161 14 594177 0 0 0
2116 -764 159 55 403147 0 0 0
992 -516 195 182 879399 0 0 0
131 -1690 182 148 301755 0 0 0
345 -1480 108 51 221989 0 0 0
-2179 -613 161 142 377884 0 0 0
827 -43 197 131 442832 0 0 0
-1859 897 89 113 381953 0 0 0
2256 -2025 170 44 273488 0 0 0
1228 776 164 94 131105 0 0 0
-1833 780 111 189 316795 0 0 0
-1434 1947 179 130 105155 0 0 0
1997 -2080 132 96 560754 0 0 0
-240 -1271 2 89 516670 0 0 0
-2015 2016 154 105 273552 0 0 0
-414 -164 132 190 772544 0 0 0
1713 -858 187 161 243050 0 0 0
1573 -1182 27 28 313104 0 0 0
-486 714 161 39 731118 0 0 0
-1979 202 202 184 600661 0 0 0
-628 164 19 6 320464 0 0 0
2183 -1274 202 150 727989 0 0 0
1440 1332 125 121 856867 0 0 0
-2229 693 6 25 602848 0 0 0
-1522 -1167 43 185 360872 0 0 0
1349 1456 10 77 555444 0 0 0
2155 -447 72 19 726320 0 0 0
-1264 317 189 144 179682 0 0 0
155 398 185 154 641333 0 0 0
-155 231 188 170 288390 0 0 0
2170 2062 75 39 700212 0 0 0
185 -779 106 118 107193 0 0 0
-806 -98 172 15 525304 0 0 0
-2238 -120 98 48 627130 0 0 0
-1349 -1049 160 178 277601 0 0 0
1319 205 62 104 134952 0 0 0
-366 1288 31 131 654546 0 0 0
1597 -1320 53 6 335637 0 0 0
1249 467 102 46 605301 0 0 0
1670 -469 85 148 770511 0 0 0
-161 1913 34 112 645383 0 0 0
2138 140 128 166 506712 0 0 0
-648 252 92 8 778955 0 0 0
167 -2089 62 86 350802 0 0 0
124 2270 171 8 468415 0 0 0
-1876 -1835 63 133 722791 0 0 0
1984 -290 96 187 408049 0 0 0
1175 -891 194 149 805777 0 0 0
-1475 -1712 74 100 151551 0 0 0
1302 977 174 155 707446 0 0 0
1684 -1852 18 108 283694 0 0 0
-999 1703 111 152 243055 0 0 0
1745 -2026 185 81 570459 0 0 0
1873 -1967 84 42 155749 0 0 0
-1217 1369 6 67 876760 0 0 0
-437 -2108 28 125 623244 0 0 0
890 -835 22 130 812067 0 0 0
864 566 151 106 522412 0 0 0
2118 -1034 43 131 357934 0 0 0
14 -835 136 171 611715 0 0 0
2060 -2243 55 72 149232 0 0 0
-2138 1433 108 188 959639 0 0 0
1430 1480 46 167 254869 0 0 0
-1046 -1162 98 21 453141 0 0 0
288 326 186 195 471215 0 0 0
291 715 102 5 691584 0 0 0
-1449 -1674 89 133 920894 0 0 0
463 -1055 72 2 562073 0 0 0
105 320 47 150 182651 0 0 0
-928 -1334 187 187 334560 0 0 0
830 -2085 58 11 452294 0 0 0
-1349 123 163 152 295697 0 0 0
1209 -1950 16 149 266369 0 0 0
1534 1457 70 163 822862 0 0 0
-1251 -1305 198 116 351158 0 0 0
578 1644 54 42 931150 0 0 0
1767 540 46 111 206052 0 0 0
-367 -1495 159 60 647508 0 0 0
-1367 2177 165 107 607162 0 0 0
1578 351 72 107 449669 0 0 0
605 1304 7 81 605500 0 0 0
1242 -2193 206 94 581637 0 0 0
196 922 142 154 544753 0 0 0
-280 1195 93 163 543813 0 0 0
1689 -1391 126 158 582848 0 0 0
2194 -1827 68 88 578839 0 0 0
1142 661 205 17 971106 0 0 0
663 637 154 23 345703 0 0 0
-2190 293 76 67 827361 0 0 0
1880 -1659 30 21 621866 0 0 0
746 210 91 153 203984 0 0 0
759 1621 39 39 343152 0 0 0
-2122 -1454 175 93 598678 0 0 0
-281 345 53 16 243937 0 0 0
-1936 -181 83 24 958336 0 0 0
1882 1812 66 114 601361 0 0 0
-941 2154 8 86 297321 0 0 0
-221 -752 45 53 539899 0 0 0
1927 -1158 16 68 888675 0 0 0
-1372 1748 100 83 213068 0 0 0
2225 -1592 164 114 327115 0 0 0
1783 -1444 61 9 753168 0 0 0
526 -118 19 61 327175 0 0 0
-621 -74 161 9 609651 0 0 0
1641 912 1 188 486634 0 0 0
1300 -238 104 151 726264 0 0 0
-1374 -1428 89 80 796814 0 0 0
-2017 -627 96 10 765868 0 0 0
77 -80 68 118 194852 0 0 0
2005 893 169 109 204963 0 0 0
1805 -394 62 37 552270 0 0 0
590 -1305 55 62 360390 0 0 0
1380 243 181 167 452266 0 0 0
1676 160 179 76 189454 0 0 0
-2255 2195 168 4 865384 0 0 0
1791 1680 15 25 162087 0 0 0
-287 2186 63 169 678263 0 0 0
-423 66 118 102 848950 0 0 0
1416 -2083 52 23 777805 0 0 0
-774 -956 38 16 670255 0 0 0
897 811 165 16 563287 0 0 0
-1800 -2214 147 184 432124 0 0 0
-1218 -653 75 48 783261 0 0 0
1960 1078 154 48 660822 0 0 0
1696 1027 194 42 305775 0 0 0
1105 -1210 103 138 277348 0 0 0
-337 1776 79 100 489178 0 0 0
2084 384 77 111 806422 0 0 0
1170 -940 76 103 584090 0 0 0
2074 119 182 111 319633 0 0 0
-1989 -1811 108 173 550803 0 0 0
-2049 -1445 206 57 284391 0 0 0
-1543 246 2 189 753958 0 0 0
1041 -1271 73 39 689229 0 0 0
503 864 97 111 294392 0 0 0
1701 -1225 36 136 954521 0 0 0
362 1064 102 42 941446 0 0 0
-2225 1464 54 161 878314 0 0 0
-1410 -1910 60 183 821093 0 0 0
1976 -2245 43 5 655523 0 0 0
2140 -990 198 24 433235 0 0 0
509 2051 83 194 643714 0 0 0
0 1102 88 183 808946 0 0 0
1124 251 130 189 171099 0 0 0
-431 -1122 119 46 697042 0 0 0
-387 612 61 1 535613 0 0 0
-629 -424 195 52 186723 0 0 0
-1188 2252 103 147 128744 0 0 0
-1917 -884 191 36 139926 0 0 0
1740 1627 10 109 506842 0 0 0
-892 -1968 113 175 853749 0 0 0
-1194 912 41 148 347578 0 0 0
763 736 59 194 488323 0 0 0
-233 -1768 202 40 373698 0 0 0
-1995 -1936 113 32 591411 0 0 0
2148 -1837 192 181 702791 0 0 0
-2083 -1770 175 7 896763 0 0 0
1772 -547 191 8 627323 0 0 0
-189 854 99 140 517361 0 0 0
1131 1176 80 60 883316 0 0 0
-2111 1913 182 67 750785 0 0 0
-1948 191 80 68 571377 0 0 0
799 -1286 199 72 433008 0 0 0
502 1589 65 91 762073 0 0 0
488 -528 110 47 316692 0 0 0
845 -650 78 4 134533 0 0 0
-75 555 29 22 213711 0 0 0
850 147 158 5 399922 0 0 0
-821 551 125 67 246866 0 0 0
1687 -138 41 165 471285 0 0 0
22 719 148 12 678330 0 0 0
-716 949 154 134 189994 0 0 0
1179 1853 141 64 572309 0 0 0
2042 466 72 32 946986 0 0 0
612 -2266 164 104 307406 0 0 0
-1950 -911 203 142 165691 0 0 0
-1515 -1498 165 153 990683 0 0 0
749 1844 175 69 385324 0 0 0
-1075 1041 98 192 759842 0 0 0
-1207 -1265 39 145 179822 0 0 0
-1880 1445 118 152 747757 0 0 0
-82 1995 53 126 756651 0 0 0
-2 1222 11 64 840941 0 0 0
-397 2042 96 86 912744 0 0 0
-1773 -2064 83 196 342683 0 0 0
-998 -1422 136 119 720316 0 0 0
1542 1284 70 6 194659 0 0 0
636 -1553 130 51 491431 0 0 0
-794 -1147 141 166 216946 0 0 0
-1139 102 189 176 763551 0 0 0
-1135 1142 178 123 213759 0 0 0
-462 -1669 154 73 410701 0 0 0
-159 -412 158 142 982198 0 0 0
1723 -947 43 21 636865 0 0 0
-1020 -211 160 26 147530 0 0 0
-605 -870 140 123 255137 0 0 0
-1183 -2114 207 97 121475 0 0 0
-1518 229 43 70 495761 0 0 0
1046 -2145 104 88 945575 0 0 0
-464 504 118 125 725575 0 0 0
661 429 69 144 397765 0 0 0
-2137 2041 142 88 837375 0 0 0
932 -2226 123 13 783858 0 0 0
-1035 1431 66 41 828432 0 0 0
711 638 185 66 429768 0 0 0
1344 1953 209 119 563829 0 0 0
-2167 2184 152 163 822216 0 0 0
-1974 1612 25 34 999631 0 0 0
1950 -2012 74 121 620526 0 0 0
168 1723 163 3 202197 0 0 0
970 -2087 177 189 970990 0 0 0
-1662 -1773 98 55 701354 0 0 0
681 2072 36 79 617658 0 0 0
-3 -1683 52 172 804720 0 0 0
1448 419 65 181 419091 0 0 0
-407 399 142 8 643591 0 0 0
-427 1626 69 178 588286 0 0 0
2184 -843 201 100 976261 0 0 0
640 115 64 146 724998 0 0 0
1535 -622 32 169 539709 0 0 0
-2052 -201 127 153 910249 0 0 0
-1523 -7 106 147 774593 0 0 0
-2219 -1138 122 191 719011 0 0 0
-2146 2127 13 162 354962 0 0 0
1057 -466 61 20 722999 0 0 0
141 -1954 1 189 893805 0 0 0
1235 -1679 198 126 466315 0 0 0
1170 -1276 140 141 500863 0 0 0
689 1922 148 24 166556 0 0 0
-1188 -636 59 111 384686 0 0 0
-1806 1660 162 6 121341 0 0 0
-864 127 169 46 688433 0 0 0
-359 1954 1 123 590500 0 0 0
1377 290 37 194 543798 0 0 0
-1243 -1462 204 156 556512 0 0 0
-1122 -106 30 137 447997 0 0 0
1395 2192 104 85 274542 0 0 0
1063 2290 41 113 874191 0 0 0
840 2257 81 41 146640 0 0 0
841 -9 40 154 253409 0 0 0
-2270 1558 123 4 911478 0 0 0
-209 -1384 109 102 694777 0 0 0
658 732 18 41 738389 0 0 0
-915 2176 59 63 333738 0 0 0
-1123 -216 171 101 480033 0 0 0
-2201 -1151 178 136 141905 0 0 0
1230 -405 18 62 243769 0 0 0
-1744 208 22 158 630657 0 0 0
-1514 2013 162 101 813083 0 0 0
2287 1009 43 42 706216 0 0 0
345 1976 54 172 224367 0 0 0
413 799 122 14 795456 0 0 0
-369 -1556 200 151 111011 0 0 0
234 -1903 130 98 349489 0 0 0
-1836 -1370 182 185 821250 0 0 0
1215 -205 25 138 206333 0 0 0
-544 -521 123 60 358427 0 0 0
706 592 163 88 131044 0 0 0
-2077 -975 175 4 491831 0 0 0
1138 1180 206 34 466914 0 0 0
836 -1741 195 19 627112 0 0 0
1944 -594 69 10 182812 0 0 0
1312 1935 152 26 542535 0 0 0
-251 -1811 59 189 861251 0 0 0
-1447 -1036 196 183 132455 0 0 0
-1014 1920 31 87 830167 0 0 0
-856 479 206 124 332375 0 0 0
1985 273 67 115 507800 0 0 0
-950 671 124 30 370352 0 0 0
-1668 -1455 200 4 750279 0 0 0
395 547 16 91 382369 0 0 0
-590 -597 15 121 858059 0 0 0
939 1530 93 139 439617 0 0 0
586 -859 63 192 772825 0 0 0
269 864 102 187 149358 0 0 0
-2212 1330 133 175 689961 0 0 0
698 1561 20 190 277934 0 0 0
-754 -717 50 25 545082 0 0 0
1863 30 65 97 206265 0 0 0
1555 -57 198 68 229700 0 0 0
-1104 -347 132 13 382405 0 0 0
-1770 -333 148 81 502623 0 0 0
1475 -814 34 188 432302 0 0 0
-846 -2108 8 56 327552 0 0 0
2107 -1248 94 4 292222 0 0 0
1599 1327 43 107 388258 0 0 0
-596 -1371 165 51 390904 0 0 0
41 207 152 173 941949 0 0 0
269 -1244 14 45 232822 0 0 0
1562 -828 10 39 554236 0 0 0
286 250 53 154 843306 0 0 0
-164 2136 81 113 622673 0 0 0
886 93 178 186 475278 0 0 0
1109 1315 161 112 511532 0 0 0
-2122 -1412 153 32 674865 0 0 0
836 1536 150 57 430370 0 0 0
-2175 -1713 150 116 719648 0 0 0
542 2241 24 44 886942 0 0 0
-811 -1273 159 136 374354 0 0 0
-513 -888 38 73 933075 0 0 0
649 -352 73 87 400539 0 0 0
-723 -2021 142 23 737088 0 0 0
-2192 -948 16 70 624261 0 0 0
-1429 440 138 188 810479 0 0 0
-890 940 30 45 974713 0 0 0
-625 327 124 140 497207 0 0 0
-1324 -1113 112 63 251898 0 0 0
624 384 51 57 915965 0 0 0
-1589 -2121 146 111 360368 0 0 0
-1720 785 103 92 339697 0 0 0
1306 1006 50 27 981806 0 0 0
-1329 -2058 139 65 795585 0 0 0
-279 -2258 63 195 463653 0 0 0
-954 -762 192 187 875437 0 0 0
1624 -1076 209 185 853175 0 0 0
-1803 -1917 150 137 718959 0 0 0
1880 338 10 178 138710 0 0 0
-62 227 5 79 862600 0 0 0
2219 179 10 33 357377 0 0 0
2299 901 96 38 986547 0 0 0
2166 2281 87 57 831072 0 0 0
-1628 -943 92 181 545280 0 0 0
-1463 710 150 115 597627 0 0 0
465 841 79 112 230254 0 0 0
1057 1119 105 4 421190 0 0 0
2214 1121 38 70 647486 0 0 0
2033 -72 165 188 982290 0 0 0
-1430 726 3 34 673400 0 0 0
-1596 611 134 5 751171 0 0 0
-1581 864 189 66 517615 0 0 0
1961 2120 133 140 608654 0 0 0
-2186 1403 178 26 411226 0 0 0
-883 48 41 114 254898 0 0 0
-1418 1041 151 104 341330 0 0 0
-530 589 9 170 592679 0 0 0
-121 -332 39 173 539344 0 0 0
-1204 -1893 14 51 942440 0 0 0
2290 -203 113 3 459096 0 0 0
-985 -66 136 43 585721 0 0 0
-1947 -186 140 94 692283 0 0 0
-351 11 184 64 374059 0 0 0
1503 1770 178 50 410117 0 0 0
1762 1413 20 60 345683 0 0 0
-28 1803 23 131 152879 0 0 0
1655 -2180 162 62 615526 0 0 0
-2117 -988 202 108 197534 0 0 0
2225 -1934 64 192 498517 0 0 0
-804 1843 198 176 332210 0 0 0
1472 -686 101 15 968889 0 0 0
-189 1998 106 70 544377 0 0 0
-2078 165 19 65 719111 0 0 0
-603 -896 44 97 639828 0 0 0
240 1652 90 193 771930 0 0 0
-434 1925 205 165 114389 0 0 0
-892 -491 185 172 880443 0 0 0
-1916 559 6 79 825363 0 0 0
-805 351 147 167 555237 0 0 0
1878 1019 134 22 821590 0 0 0
-2005 489 12 68 689399 0 0 0
-1379 -871 201 49 108922 0 0 0
-908 944 183 103 961439 0 0 0
1606 -1426 48 195 866108 0 0 0
-1497 1727 146 75 622962 0 0 0
2239 -423 24 37 508181 0 0 0
790 -252 156 37 728911 0 0 0
1675 2266 9 52 971956 0 0 0
1334 1115 105 35 208212 0 0 0
1904 -1201 79 80 218866 0 0 0
1733 -885 63 182 623032 0 0 0
-121 -2191 142 98 271956 0 0 0
1610 1324 5 133 406016 0 0 0
951 -1565 31 153 800654 0 0 0
-987 1171 75 143 850810 0 0 0
455 -516 155 169 878084 0 0 0
-123 -836 151 191 615911 0 0 0
1939 -420 174 70 124270 0 0 0
738 944 108 114 521145 0 0 0
1335 -1044 5 15 627391 0 0 0
-2157 -2126 163 125 831226 0 0 0
86 -1531 122 72 904948 0 0 0
1918 2218 37 150 140563 0 0 0
-1698 -1413 78 68 771115 0 0 0
-650 -334 154 190 687848 0 0 0
403 1538 144 108 619601 0 0 0
1363 910 158 146 129307 0 0 0
1478 -569 191 31 850853 0 0 0
-174 1714 186 64 292017 0 0 0
1633 -133 156 86 841551 0 0 0
-1821 1555 170 72 487079 0 0 0
1457 1587 125 125 556524 0 0 0
-2284 1708 54 171 782586 0 0 0
1088 1309 181 42 658325 0 0 0
222 -132 83 184 585272 0 0 0
1013 569 61 95 557326 0 0 0
1136 1962 166 2 661532 0 0 0
295 -2278 72 88 920426 0 0 0
-1445 -1323 49 57 161155 0 0 0
2184 -534 201 105 441934 0 0 0
556 -1035 72 17 691733 0 0 0
1134 87 77 5 462021 0 0 0
381 -323 132 189 290622 0 0 0
2062 146 33 87 623349 0 0 0
-1745 -1297 81 92 860134 0 0 0
1632 2084 45 30 857651 0 0 0
-521 2005 197 93 466182 0 0 0
-1902 189 89 103 278840 0 0 0
-926 182 156 70 402282 0 0 0
-1958 1713 201 22 591240 0 0 0
-929 1266 72 58 848933 0 0 0
779 -540 32 114 398174 0 0 0
-358 -2107 39 129 940955 0 0 0
-330 -48 167 189 813940 0 0 0
-239 -725 113 168 673783 0 0 0
-404 -754 85 68 175845 0 0 0
-918 867 4 54 182215 0 0 0
1833 -1359 53 29 905261 0 0 0
280 1798 58 160 749466 0 0 0
-455 -1665 147 135 550219 0 0 0
-1349 449 152 177 279301 0 0 0
-1931 -352 202 48 564933 0 0 0
463 340 45 52 790793 0 0 0
259 -995 168 15 616396 0 0 0
-1994 -1817 119 62 583964 0 0 0
572 1252 84 17 992215 0 0 0
1854 903 34 48 380576 0 0 0
-304 -2160 6 171 193353 0 0 0
1956 -1509 21 76 701824 0 0 0
1421 415 190 187 884068 0 0 0
718 -2 168 179 623734 0 0 0
-1956 -1877 205 120 727581 0 0 0
649 -1648 42 29 990406 0 0 0
-1042 -21 194 43 203537 0 0 0
-1202 1050 167 150 449767 0 0 0
-2057 -1710 69 151 401828 0 0 0
-1573 -607 208 16 415428 0 0 0
-2083 -1090 111 108 774573 0 0 0
1393 736 144 37 954394 0 0 0
-2201 1153 118 13 279027 0 0 0
1025 969 198 188 957687 0 0 0
1496 1972 144 94 127797 0 0 0
2034 1247 164 173 333057 0 0 0
2006 -187 77 29 339991 0 0 0
1832 1027 155 77 968600 0 0 0
1844 -431 61 35 189471 0 0 0
1227 1899 140 75 649269 0 0 0
-704 -525 178 117 912364 0 0 0
1950 -1045 146 154 517261 0 0 0
1115 1313 121 191 427479 0 0 0
1220 -2244 88 47 299900 0 0 0
-100 -154 63 13 773850 0 0 0
167 -1578 39 129 582848 0 0 0
207 1074 154 137 673954 0 0 0
851 -1313 125 167 324273 0 0 0
1047 1532 99 181 564470 0 0 0
2021 1350 19 25 526884 0 0 0
-1998 1845 205 48 199953 0 0 0
1774 -631 198 48 608688 0 0 0
-648 1600 204 26 122008 0 0 0
-1090 -1358 197 53 319730 0 0 0
2026 996 49 156 462858 0 0 0
567 787 113 27 681123 0 0 0
1576 769 58 57 964374 0 0 0
2173 -257 140 182 915685 0 0 0
-2141 -1962 126 111 524845 0 0 0
-1888 -1206 145 36 736761 0 0 0
-792 900 136 112 936579 0 0 0
-17 1992 158 130 575065 0 0 0
-1892 1693 163 145 865777 0 0 0
-950 1807 10 147 209058 0 0 0
769 104 158 106 870173 0 0 0
2238 1238 51 33 220799 0 0 0
797 -1141 48 193 876572 0 0 0
-1158 1809 135 130 906905 0 0 0
-1712 1010 41 8 736814 0 0 0
1141 -1956 112 104 921142 0 0 0
2185 334 58 140 529162 0 0 0
1143 -408 88 134 994099 0 0 0
-1180 -534 182 177 643416 0 0 0
-1341 532 49 128 168481 0 0 0
902 228 51 83 542222 0 0 0
1201 1043 87 187 980890 0 0 0
1044 -1290 175 34 278403 0 0 0
491 266 109 112 869466 0 0 0
1216 -272 60 97 118946 0 0 0
1167 -183 104 39 600849 0 0 0
272 226 181 88 726603 0 0 0
-2152 -2009 46 32 914796 0 0 0
-1176 120 64 65 808749 0 0 0
964 1626 208 152 845829 0 0 0
-1697 697 65 64 347571 0 0 0
2284 1832 170 101 135612 0 0 0
-306 -1675 13 121 957115 0 0 0
369 -392 108 196 632885 0 0 0
-1423 387 70 108 259892 0 0 0
546 -1668 149 90 573833 0 0 0
296 -824 207 49 943676 0 0 0
-1704 384 147 89 844536 0 0 0
1326 -848 101 154 459408 0 0 0
-532 926 55 192 419601 0 0 0
1829 -1587 20 186 104867 0 0 0
2179 -1467 126 167 242466 0 0 0
-2137 1859 105 64 240175 0 0 0
-548 -369 107 128 422568 0 0 0
957 972 149 177 874326 0 0 0
-1426 1676 143 64 335768 0 0 0
1962 2279 201 192 810713 0 0 0
495 -533 15 60 456127 0 0 0
623 -503 137 80 863406 0 0 0
-1139 -1116 153 82 162703 0 0 0
1999 45 88 48 315732 0 0 0
-824 866 142 141 258356 0 0 0
2293 1143 58 131 616862 0 0 0
2072 -1274 57 167 919814 0 0 0
630 -2113 179 25 545530 0 0 0
-1867 -1053 204 112 251647 0 0 0
-524 633 85 132 458091 0 0 0
1780 -422 22 164 640960 0 0 0
1157 423 95 118 328770 0 0 0
-1056 1789 208 55 108507 0 0 0
1312 -1535 114 75 295007 0 0 0
2062 -198 73 142 492657 0 0 0
-87 1548 41 103 639290 0 0 0
1344 -1555 163 143 840714 0 0 0
-2081 -2251 171 23 282108 0 0 0
1914 -52 131 141 449766 0 0 0
943 -1869 38 3 936339 0 0 0
-1234 1442 29 68 212297 0 0 0
-1308 -2170 180 28 479409 0 0 0
-113 -565 27 74 390792 0 0 0
-1122 -1932 197 99 173389 0 0 0
-210 -427 4 138 262062 0 0 0
-657 -825 194 65 420352 0 0 0
-718 -96 19 83 364886 0 0 0
-1016 -2021 11 88 738518 0 0 0
73 909 168 93 615147 0 0 0
-1498 1552 51 27 690384 0 0 0
-264 1174 163 77 444401 0 0 0
1012 1676 7 155 679380 0 0 0
280 -1033 24 71 828393 0 0 0
1763 2053 143 180 179499 0 0 0
-1247 355 144 103 963504 0 0 0
-182 264 73 126 572386 0 0 0
985 1994 87 57 889873 0 0 0
-921 -1046 154 47 733744 0 0 0
95 223 37 59 590738 0 0 0
193 1099 29 74 613296 0 0 0
-586 456 167 8 669635 0 0 0
1291 -1315 36 97 671148 0 0 0
341 -1928 51 131 701346 0 0 0
-2231 -2064 75 79 801929 0 0 0
-345 -1695 135 121 851625 0 0 0
-516 -824 58 105 647489 0 0 0
-279 -1103 174 137 283843 0 0 0
1301 -342 129 140 588774 0 0 0
-2220 663 77 63 531685 0 0 0
-371 1601 109 81 524180 0 0 0
-830 2004 71 149 802590 0 0 0
-334 -1398 110 128 836879 0 0 0
800 -2148 63 23 221341 0 0 0
-68 -1697 50 7 106256 0 0 0
-519 -2275 25 39 798381 0 0 0
456 1664 87 96 972914 0 0 0
1982 -631 207 147 840317 0 0 0
1186 -1609 69 167 604129 0 0 0
368 -2101 94 81 726533 0 0 0
-2017 1938 150 65 559205 0 0 0
-1619 -600 43 46 893943 0 0 0
1897 1946 97 166 739360 0 0 0
-886 613 41 81 736267 0 0 0
-1948 1576 80 137 392763 0 0 0
1088 1784 140 120 666520 0 0 0
-1404 300 84 184 906126 0 0 0
-641 -304 32 66 353967 0 0 0
-1071 1377 25 185 244921 0 0 0
-950 -221 51 151 929911 0 0 0
1832 588 90 98 686901 0 0 0
-660 1173 28 10 641379 0 0 0
-1969 1150 53 38 565870 0 0 0
-446 122 106 10 511103 0 0 0
-1027 -2104 81 78 139904 0 0 0
-260 1142 80 18 187913 0 0 0
-1037 521 44 107 996837 0 0 0
-651 823 122 117 154845 0 0 0
2172 2251 151 159 257403 0 0 0
-2172 -217 186 151 132662 0 0 0
-80 -1376 52 52 215545 0 0 0
2130 -877 42 139 452057 0 0 0
-1047 -805 178 102 142007 0 0 0
-1786 -888 27 119 706040 0 0 0
694 -1001 61 117 708568 0 0 0
1850 -573 35 76 485248 0 0 0
1961 -34 167 35 314683 0 0 0
-757 1748 128 117 245461 0 0 0
-159 1846 46 25 780805 0 0 0
-845 25 131 14 782238 0 0 0
-659 -223 161 4 312699 0 0 0
-1537 1587 131 9 309986 0 0 0
-1018 2101 26 122 372355 0 0 0
-1969 -2214 88 114 565057 0 0 0
651 70 191 54 610292 0 0 0
-1704 -2155 176 191 369856 0 0 0
-1243 2046 41 33 944609 0 0 0
-128 -1924 146 184 743042 0 0 0
-507 -1842 142 33 505269 0 0 0
204 -2021 142 82 864326 0 0 0
1673 1015 147 56 887883 0 0 0
164 396 112 187 128503 0 0 0
8 -1146 170 156 528609 0 0 0
-716 344 173 102 717365 0 0 0
-360 -297 186 163 989664 0 0 0
749 -1860 174 48 609815 0 0 0
-1557 -1302 130 156 658807 0 0 0
-707 -1031 93 85 208433 0 0 0
391 2154 9 108 752772 0 0 0
-348 41 106 90 559473 0 0 0
-434 2200 23 67 906602 0 0 0
1749 856 96 56 288019 0 0 0
-106 -1 194 167 501413 0 0 0
1524 1628 164 151 396960 0 0 0
906 443 90 81 890679 0 0 0
1846 359 204 116 791776 0 0 0
-2149 -2253 133 87 272280 0 0 0
800 775 63 119 965690 0 0 0
-1794 -1559 143 180 153420 0 0 0
1534 1035 149 167 632831 0 0 0
-2111 -555 14 83 545674 0 0 0
-1023 -1110 38 132 235477 0 0 0
313 65 65 80 595288 0 0 0
-981 1015 193 47 564312 0 0 0
1640 1400 204 119 913826 0 0 0
-1131 -1142 64 176 841594 0 0 0
-1792 1817 5 188 276082 0 0 0
-1687 -420 194 73 343043 0 0 0
2249 788 15 56 304231 0 0 0
-1068 -1410 184 17 258325 0 0 0
1980 -1050 36 125 118082 0 0 0
368 1341 170 64 284693 0 0 0
1233 -1913 181 110 294909 0 0 0
-2277 -585 140 177 798896 0 0 0
-1471 1004 193 89 939876 0 0 0
-894 1689 32 156 582920 0 0 0
-2171 1451 191 177 976313 0 0 0
908 -1116 181 152 221054 0 0 0
2154 1578 84 161 798216 0 0 0
-1827 -1796 200 123 639979 0 0 0
57 -2182 72 115 854668 0 0 0
1099 -1053 116 60 947356 0 0 0
1396 961 172 149 434040 0 0 0
-131 881 116 29 457198 0 0 0
-2191 1294 37 17 269577 0 0 0
844 1427 148 83 658517 0 0 0
-218 759 53 6 782131 0 0 0
1036 1660 116 160 174473 0 0 0
-293 1150 208 107 902399 0 0 0
-924 898 142 83 553630 0 0 0
360 284 147 20 228745 0 0 0
493 52 122 47 904097 0 0 0
-426 -1058 156 119 636365 0 0 0
1769 263 102 175 532945 0 0 0
790 -1397 74 180 611719 0 0 0
-156 1737 159 45 356538 0 0 0
2165 -1009 121 189 643568 0 0 0
-540 381 119 107 906895 0 0 0
-1157 -145 62 20 237236 0 0 0
-1077 249 37 112 409735 0 0 0
1456 1271 39 4 304746 0 0 0
-971 297 115 101 240225 0 0 0
-666 -1496 26 64 537778 0 0 0
37 -612 120 173 225145 0 0 0
523 -1607 81 165 458568 0 0 0
-1792 -1761 78 68 100511 0 0 0
-1056 -119 150 47 909110 0 0 0
1990 1575 122 64 991255 0 0 0
-2119 1124 74 190 796669 0 0 0
-74 875 186 89 110125 0 0 0
-2112 400 157 144 302431 0 0 0
-2250 2081 121 114 929187 0 0 0
2095 1179 39 118 833232 0 0 0
-491 1341 60 142 939637 0 0 0
-2009 1308 48 161 649252 0 0 0
-1763 -808 88 169 425101 0 0 0
954 1428 61 46 983302 0 0 0
-1404 1918 165 67 724290 0 0 0
-969 176 159 87 453463 0 0 0
72 -1365 96 68 192489 0 0 0
-1359 1585 147 172 382420 0 0 0
628 -1727 65 166 821462 0 0 0
960 1705 183 23 998238 0 0 0
71 -813 75 117 968868 0 0 0
-413 -120 98 182 674074 0 0 0
-1073 -466 196 59 468659 0 0 0
1494 -1937 198 59 354966 0 0 0
-427 2092 84 10 534881 0 0 0
316 -1010 169 58 489876 0 0 0
-608 742 89 144 131145 0 0 0
188 -87 132 195 742243 0 0 0
-1672 1928 37 110 905245 0 0 0
-170 -2198 62 180 444117 0 0 0
554 2140 182 134 397497 0 0 0
-1983 -702 38 89 392474 0 0 0
-721 1190 142 152 629286 0 0 0
-917 376 19 85 416111 0 0 0
624 -27 35 118 503963 0 0 0
1344 396 199 125 678718 0 0 0
273 1391 88 130 423868 0 0 0
-1859 466 134 3 902671 0 0 0
1439 1970 189 154 309558 0 0 0
937 -2216 56 126 587183 0 0 0
924 -2161 206 81 760281 0 0 0
320 -1839 7 182 746331 0 0 0
-382 1890 155 46 378770 0 0 0
-1558 2160 116 40 947660 0 0 0
2059 144 191 166 844885 0 0 0
-875 1042 183 86 139828 0 0 0
-232 -2190 106 155 186681 0 0 0
406 -1287 115 12 147851 0 0 0
816 608 201 35 759026 0 0 0
1018 535 196 139 526920 0 0 0
-1554 -1642 66 19 264443 0 0 0
338 142 129 114 563263 0 0 0
1838 -520 173 139 977964 0 0 0
-1315 157 173 133 348456 0 0 0
1105 1620 170 25 208375 0 0 0
1397 -1877 72 70 928479 0 0 0
-2195 -530 206 97 558002 0 0 0
-658 799 154 120 231163 0 0 0
-310 -447 51 118 832252 0 0 0
339 625 45 72 992556 0 0 0
1682 1205 78 16 534780 0 0 0
807 899 208 104 426026 0 0 0
-730 -1939 160 12 552389 0 0 0
999 2128 147 101 833785 0 0 0
2170 -1210 25 185 983895 0 0 0
473 -278 201 79 382581 0 0 0
1259 1540 164 46 800440 0 0 0
262 -2264 102 48 732321 0 0 0
626 1555 178 73 601081 0 0 0
-893 751 36 76 866831 0 0 0
1212 510 173 15 820190 0 0 0
1118 594 195 29 702553 0 0 0
-528 -2175 3 39 332573 0 0 0
-1811 864 161 31 146221 0 0 0
-1210 137 160 14 186010 0 0 0
732 840 96 108 675547 0 0 0
613 -320 5 69 839409 0 0 0
-1533 522 119 189 949418 0 0 0
1471 -480 35 40 321297 0 0 0
74 -407 51 19 677044 0 0 0
187 1416 145 157 572108 0 0 0
702 510 87 48 277673 0 0 0
-1849 464 196 46 619385 0 0 0
2223 1981 117 165 840841 0 0 0
-1758 1668 190 112 451916 0 0 0
1516 -859 5 107 546369 0 0 0
1074 544 86 187 210574 0 0 0
-1863 -852 178 194 676218 0 0 0
1309 -465 112 147 126772 0 0 0
-150 2154 150 52 880502 0 0 0
-930 -2228 175 55 727727 0 0 0
-1308 1940 52 124 167952 0 0 0
-1482 -2067 93 62 875893 0 0 0
1198 1461 23 3 368804 0 0 0
-1110 -751 135 109 182952 0 0 0
2188 2086 45 124 690961 0 0 0
-1071 -2209 10 82 413470 0 0 0
-1891 1087 132 181 134589 0 0 0
1249 -62 68 16 587563 0 0 0
1597 -16 194 106 899039 0 0 0
892 1489 147 194 764385 0 0 0
354 1132 100 96 595509 0 0 0
743 30 72 122 384163 0 0 0
551 -84 4 136 182747 0 0 0
246 -635 195 172 745853 0 0 0
354 963 83 124 465000 0 0 0
917 -1176 153 13 796055 0 0 0
-736 632 167 136 704375 0 0 0
-1573 1181 97 116 180225 0 0 0
1046 -1860 64 131 341335 0 0 0
-2280 -1249 35 33 499026 0 0 0
-690 397 19 98 906581 0 0 0
1233 -125 75 193 731205 0 0 0
1992 -529 12 131 940412 0 0 0
1294 -1743 193 120 286255 0 0 0
-579 -419 13 103 948617 0 0 0
1817 -1006 198 77 609843 0 0 0
-300 -1599 160 52 952519 0 0 0
-1291 821 69 167 106414 0 0 0
-460 -1378 21 136 891958 0 0 0
-787 1877 117 5 252155 0 0 0
-1686 2185 207 169 464238 0 0 0
152 -122 166 195 221994 0 0 0
488 1386 192 103 294005 0 0 0
1395 34 209 114 377736 0 0 0
-1 -1465 135 168 733160 0 0 0
529 -1023 2 120 123371 0 0 0
1841 -177 170 166 608593 0 0 0
-1602 1510 9 135 155685 0 0 0
942 912 46 26 186448 0 0 0
-1541 2254 171 18 132197 0 0 0
2119 2070 61 87 388860 0 0 0
1024 3 171 103 490568 0 0 0
947 -410 13 120 199514 0 0 0
1386 551 10 50 410266 0 0 0
291 831 33 169 177204 0 0 0
1297 535 126 99 197022 0 0 0
-1242 19 196 103 560460 0 0 0
491 -332 11 110 504021 0 0 0
-725 -558 105 192 284847 0 0 0
111 2053 154 17 575858 0 0 0
-1917 938 119 90 754429 0 0 0
2244 -555 114 96 469775 0 0 0
1250 -44 4 63 352721 0 0 0
-1557 -1013 204 161 870756 0 0 0
-962 -1837 73 13 443891 0 0 0
1064 -367 176 95 966186 0 0 0
1796 -637 69 52 387610 0 0 0
-2230 -1289 28 135 197970 0 0 0
2224 1990 65 49 596462 0 0 0
1573 1005 54 72 329327 0 0 0
-1740 -2019 72 143 537802 0 0 0
1564 1672 8 36 844876 0 0 0
2278 -973 81 106 451398 0 0 0
-451 -1698 133 180 295800 0 0 0
1400 1270 145 34 192696 0 0 0
-672 -1396 83 12 979146 0 0 0
-1698 164 99 192 858827 0 0 0
2300 -1830 194 31 951988 0 0 0
265 -1100 171 27 719659 0 0 0
1040 -1254 97 165 917375 0 0 0
349 564 16 109 710325 0 0 0
1208 -2034 94 92 747515 0 0 0
722 -1132 41 83 751171 0 0 0
-593 1068 126 180 728559 0 0 0
-1818 -1272 51 162 886109 0 0 0
-1838 -121 23 49 122579 0 0 0
500 -994 25 3 943475 0 0 0
-453 -1314 81 4 846489 0 0 0
-417 1472 179 1 112258 0 0 0
-1086 1030 105 2 648081 0 0 0
-25 726 183 57 359519 0 0 0
1714 -1055 46 161 819202 0 0 0
-1669 -608 48 196 434441 0 0 0
-2115 2120 27 141 228473 0 0 0
1238 657 128 157 867393 0 0 0
101 -1722 50 58 259234 0 0 0
-623 -958 143 22 560641 0 0 0
-1474 619 183 180 812358 0 0 0
2156 -427 106 103 576407 0 0 0
2109 1759 21 117 371231 0 0 0
-1573 -982 67 116 616999 0 0 0
1684 -143 126 190 711243 0 0 0
-210 1262 161 92 115756 0 0 0
-1620 -433 186 77 948483 0 0 0
983 44 194 90 769411 0 0 0
-609 -470 128 181 101051 0 0 0
-1301 868 126 53 846011 0 0 0
643 -1514 174 149 603017 0 0 0
472 2186 200 82 421568 0 0 0
-653 -1048 111 69 953288 0 0 0
483 -153 174 151 578414 0 0 0
-2160 517 190 25 162502 0 0 0
1132 -811 50 97 755235 0 0 0
1152 -75 6 4 973122 0 0 0
1715 2136 25 127 612552 0 0 0
1986 -2012 29 120 537126 0 0 0
-769 -2081 20 130 701666 0 0 0
-539 540 26 178 352923 0 0 0
1688 1797 60 139 302958 0 0 0
-787 840 204 131 926304 0 0 0
849 140 83 167 303843 0 0 0
1374 -758 204 85 523910 0 0 0
591 -656 27 157 351840 0 0 0
-228 395 41 111 510173 0 0 0
-1861 938 140 98 331876 0 0 0
-424 1331 89 6 597368 0 0 0
-2178 -807 65 69 486052 0 0 0
-37 1880 150 159 356824 0 0 0
1686 -253 191 88 910172 0 0 0
2052 497 104 41 440437 0 0 0
440 888 173 40 145371 0 0 0
-1503 -1741 112 47 242054 0 0 0
1620 888 167 52 130529 0 0 0
368 1997 77 136 160759 0 0 0
809 -119 206 177 701727 0 0 0
-24 36 117 194 602093 0 0 0
134 515 151 121 703958 0 0 0
-923 -1626 4 142 779255 0 0 0
-1536 -1878 125 5 472008 0 0 0
-335 874 69 66 916096 0 0 0
306 -168 51 45 611611 0 0 0
-1388 1978 185 12 460738 0 0 0
718 1780 65 170 931084 0 0 0
-1354 1228 8 92 116644 0 0 0
2162 713 164 157 653960 0 0 0
-1417 934 127 33 309784 0 0 0
889 -529 67 120 497189 0 0 0
796 -1182 184 186 252066 0 0 0
-892 -192 16 157 526468 0 0 0
1270 -1375 55 122 164060 0 0 0
62 176 171 65 120227 0 0 0
-1162 745 66 76 807448 0 0 0
-195 -871 206 179 981966 0 0 0
700 -1106 88 111 202339 0 0 0
250 -743 87 45 167536 0 0 0
790 1818 131 38 631535 0 0 0
-74 -1384 51 106 903711 0 0 0
-890 -243 95 43 390042 0 0 0
-914 1647 132 8 954598 0 0 0
1570 -1439 21 123 854762 0 0 0
1592 1766 11 175 339449 0 0 0
1373 1478 182 173 508221 0 0 0
397 837 196 45 220744 0 0 0
-407 1803 178 142 494338 0 0 0
-1879 -534 22 138 242263 0 0 0
-82 -266 132 125 271790 0 0 0
2039 1318 110 52 119824 0 0 0
-1414 20 60 121 894180 0 0 0
1934 -504 19 5 474123 0 0 0
-2146 2124 190 46 700626 0 0 0
-2266 459 148 152 486223 0 0 0
-2071 1243 176 18 397257 0 0 0
2159 568 137 117 169627 0 0 0
-1530 1753 148 173 209038 0 0 0
1049 -1250 201 120 501134 0 0 0
-1799 316 96 2 960842 0 0 0
-2115 -1689 196 83 279020 0 0 0
1035 -1576 168 32 957631 0 0 0
-1967 498 43 35 159517 0 0 0
-1514 -400 91 87 209915 0 0 0
-174 -1489 207 186 255035 0 0 0
-493 -1875 68 49 835030 0 0 0
886 1476 51 186 750664 0 0 0
-2196 335 155 31 251571 0 0 0
-1333 486 99 131 289270 0 0 0
-610 1594 97 67 967384 0 0 0
1799 -609 11 27 615452 0 0 0
1955 -2099 83 110 875551 0 0 0
-1939 1294 109 10 134315 0 0 0
273 1388 197 72 964014 0 0 0
2175 -1303 88 20 563282 0 0 0
2203 -2146 138 97 175287 0 0 0
530 -912 16 83 320789 0 0 0
-265 2098 101 116 819050 0 0 0
-631 -855 152 121 859453 0 0 0
1645 124 142 7 483229 0 0 0
2219 494 175 27 285535 0 0 0
-1881 284 145 188 358954 0 0 0
232 584 181 40 718558 0 0 0
-515 -1792 174 98 680723 0 0 0
-1390 -1528 133 122 561089 0 0 0
-603 -1978 65 132 649439 0 0 0
1036 -1123 175 58 722419 0 0 0
-1093 -40 173 133 374643 0 0 0
1518 144 185 189 994764 0 0 0
1645 -703 12 43 865126 0 0 0
-1902 866 167 112 254839 0 0 0
35 -13 164 151 723938 0 0 0
2154 2045 106 23 274273 0 0 0
345 1941 59 73 505228 0 0 0
1979 1183 19 66 258867 0 0 0
-2270 -458 188 123 936274 0 0 0
20 -975 30 98 533122 0 0 0
-637 -1553 126 60 654437 0 0 0
-2129 163 53 64 342789 0 0 0
-2072 -1941 42 21 320273 0 0 0
435 -625 143 80 262275 0 0 0
532 -411 12 38 251524 0 0 0
435 -685 98 194 572286 0 0 0
15 588 59 51 835345 0 0 0
-1213 -1119 189 148 226551 0 0 0
-814 1723 128 135 391230 0 0 0
802 -45 12 7 855041 0 0 0
1347 -1167 200 104 156570 0 0 0
-968 1766 165 196 743668 0 0 0
1863 167 14 53 478062 0 0 0
-600 -1029 74 165 805926 0 0 0
335 1456 153 66 266263 0 0 0
-2294 1766 102 149 160562 0 0 0
-1166 1004 142 97 524251 0 0 0
-1312 279 21 90 961985 0 0 0
3 961 192 194 106302 0 0 0
459 -2056 162 154 271960 0 0 0
403 2138 189 182 658259 0 0 0
1688 352 155 9 226305 0 0 0
-1651 -305 209 49 152789 0 0 0
-1878 -1121 84 29 279129 0 0 0
-2066 -1359 101 187 284682 0 0 0
449 1468 168 169 957287 0 0 0
218 -886 156 49 134825 0 0 0
-1302 -322 48 172 948204 0 0 0
1494 1885 178 125 778029 0 0 0
-868 1084 38 102 449411 0 0 0
1090 1707 103 186 378685 0 0 0
458 1819 90 47 787631 0 0 0
-1925 1243 192 61 307363 0 0 0
925 1392 193 62 492743 0 0 0
-752 -1657 161 53 597352 0 0 0
-1116 -1783 87 178 406097 0 0 0
1606 -2086 146 3 842010 0 0 0
-903 -179 208 100 424984 0 0 0
-1972 236 15 131 439239 0 0 0
1286 -2078 10 138 354549 0 0 0
-258 -1471 49 162 163961 0 0 0
-1368 -56 45 147 194776 0 0 0
-2104 1147 87 96 918886 0 0 0
1594 -875 29 1 500496 0 0 0
1863 -159 174 92 443066 0 0 0
-134 -1012 39 177 546470 0 0 0
-174 -1685 64 180 327925 0 0 0
1959 -560 195 143 611934 0 0 0
-1416 712 45 63 536892 0 0 0
2013 -3 164 146 307983 0 0 0
521 1916 165 156 858593 0 0 0
266 148 34 74 825040 0 0 0
-892 2227 129 136 336188 0 0 0
1533 -1404 114 36 543072 0 0 0
-1811 1619 158 36 411821 0 0 0
-1521 -1509 70 174 886686 0 0 0
406 -450 143 54 899533 0 0 0
-364 -34 157 139 688119 0 0 0
-812 -1974 56 1 135552 0 0 0
1199 16 133 99 726898 0 0 0
-1611 339 43 166 473713 0 0 0
-787 -2271 204 59 958199 0 0 0
-2123 -1484 79 108 264201 0 0 0
-884 -779 15 111 182124 0 0 0
-729 1366 123 162 280556 0 0 0
-93 -909 77 127 908782 0 0 0
643 -1058 147 45 650150 0 0 0
2044 -1584 178 128 716919 0 0 0
-1051 -262 107 93 491436 0 0 0
-1848 124 155 120 456702 0 0 0
1355 1685 1 101 980680 0 0 0
725 -950 128 94 402060 0 0 0
953 762 25 72 265431 0 0 0
1283 -607 72 149 118633 0 0 0
-1515 -2238 76 9 596515 0 0 0
-699 -1549 78 124 477628 0 0 0
-481 -527 110 43 526358 0 0 0
-2074 -156 173 141 519199 0 0 0
-2229 1600 159 7 118660 0 0 0
2042 -1463 80 16 890437 0 0 0
1871 656 7 178 288780 0 0 0
-1499 -1193 11 27 704021 0 0 0
-1039 -1477 201 35 626038 0 0 0
68 326 60 101 780025 0 0 0
1833 -2111 193 183 244488 0 0 0
-1903 -1498 109 132 776228 0 0 0
-43 819 154 23 690179 0 0 0
227 -1595 77 175 867758 0 0 0
2188 -685 148 187 670491 0 0 0
1960 -1507 51 98 107449 0 0 0
1636 470 155 143 293680 0 0 0
-2074 774 10 2 275172 0 0 0
736 151 40 105 229818 0 0 0
-1169 -491 144 18 608641 0 0 0
-1980 -275 192 88 468029 0 0 0
-86 230 115 54 466624 0 0 0
1233 1069 23 167 933967 0 0 0
2198 -1794 207 82 716490 0 0 0
666 -543 157 195 864265 0 0 0
1316 967 151 194 240038 0 0 0
2142 -1652 201 58 866259 0 0 0
1291 -1391 202 87 661494 0 0 0
1623 -1281 150 112 534005 0 0 0
1583 -419 6 20 773214 0 0 0
57 -1395 44 55 496910 0 0 0
1564 1165 82 80 335945 0 0 0
1952 2024 85 178 457527 0 0 0
-1226 190 151 33 786306 0 0 0
-2155 -364 159 145 587338 0 0 0
-125 -1220 207 94 347839 0 0 0
1191 1829 199 4 188191 0 0 0
-1431 825 186 147 500258 0 0 0
-795 2049 123 24 838611 0 0 0
-583 2184 109 149 863485 0 0 0
1585 -1699 54 76 567655 0 0 0
1872 -1309 114 52 424317 0 0 0
1965 1620 17 71 876502 0 0 0
-838 -1487 84 134 878392 0 0 0
208 -1844 162 116 456370 0 0 0
-1120 -418 165 26 395695 0 0 0
-905 693 82 157 410285 0 0 0
-1979 2251 86 92 881135 0 0 0
1335 -1478 172 70 639469 0 0 0
-1382 1266 11 64 331475 0 0 0
789 -1678 162 111 303285 0 0 0
-2108 -465 183 189 371024 0 0 0
1230 -915 207 86 262116 0 0 0
1753 -771 3 25 878428 0 0 0
2210 -1248 82 91 678276 0 0 0
1172 396 98 34 952416 0 0 0
1979 1091 41 127 538617 0 0 0
-1697 -1969 60 129 263844 0 0 0
2108 -646 41 95 906454 0 0 0
1213 1133 196 55 786987 0 0 0
-1295 -2294 60 127 424737 0 0 0
-494 -1297 93 186 372985 0 0 0
2198 922 115 14 508880 0 0 0
1286 179 32 176 786003 0 0 0
-2208 -1637 25 189 500072 0 0 0
1581 -24 5 31 602038 0 0 0
1575 -1456 206 181 636265 0 0 0
-484 -989 188 169 736842 0 0 0
2194 -1203 175 105 415968 0 0 0
-551 1324 23 15 307545 0 0 0
-1593 -1350 123 122 871014 0 0 0
-1647 2136 68 130 282020 0 0 0
-1735 -2260 67 18 140092 0 0 0
312 -903 136 120 872286 0 0 0
1691 -248 192 85 829302 0 0 0
-597 -281 32 168 662848 0 0 0
369 -253 39 64 691745 0 0 0
466 -2081 100 99 159754 0 0 0
531 -266 47 106 201882 0 0 0
1443 660 73 113 443439 0 0 0
281 1205 9 59 839809 0 0 0
356 576 194 69 397404 0 0 0
94 -919 202 88 302455 0 0 0
-1032 1577 193 181 140744 0 0 0
150 229 60 168 203517 0 0 0
-594 -2284 27 67 884109 0 0 0
463 683 14 96 144742 0 0 0
1054 847 73 78 827708 0 0 0
-712 2129 52 86 277287 0 0 0
407 1123 50 8 656019 0 0 0
-389 1358 8 83 462439 0 0 0
-1521 631 188 100 123071 0 0 0
750 115 81 18 322176 0 0 0
1288 -1109 77 186 566270 0 0 0
-1959 895 30 95 994002 0 0 0
-1754 238 40 179 643910 0 0 0
2106 967 78 58 372625 0 0 0
-399 35 10 85 769928 0 0 0
658 -929 15 113 774194 0 0 0
1882 -1861 184 40 827934 0 0 0
-576 -1750 187 133 557655 0 0 0
1269 1885 36 15 961767 0 0 0
-701 810 189 132 821612 0 0 0
-799 2260 113 13 958537 0 0 0
-1700 2175 46 150 492591 0 0 0
-489 -1815 191 170 697005 0 0 0
1998 1648 106 143 587941 0 0 0
1957 162 177 153 509892 0 0 0
-1588 452 114 127 956680 0 0 0
576 -905 26 51 442719 0 0 0
1300 -301 23 57 587483 0 0 0
666 -1187 97 4 938734 0 0 0
1197 -952 100 52 330160 0 0 0
718 -1516 102 21 697713 0 0 0
-1482 1774 198 104 456638 0 0 0
-2236 459 56 62 876326 0 0 0
-249 553 85 42 355063 0 0 0
1223 410 189 84 645320 0 0 0
-506 -397 116 42 917165 0 0 0
-1114 -694 45 25 284233 0 0 0
-1020 370 185 108 760376 0 0 0
1447 680 178 139 204978 0 0 0
1250 600 16 184 755356 0 0 0
-417 -1348 133 51 825448 0 0 0
-1763 -838 41 139 407535 0 0 0
-105 -928 183 144 254401 0 0 0
76 -1361 131 152 144496 0 0 0
-1305 -1795 74 17 985945 0 0 0
-704 514 20 118 788790 0 0 0
-2084 2081 133 37 159732 0 0 0
184 -659 192 183 782767 0 0 0
403 1064 178 64 806948 0 0 0
-515 232 87 34 651628 0 0 0
-830 1148 189 18 196275 0 0 0
-1301 62 33 100 975801 0 0 0
495 -2251 147 77 172682 0 0 0
1862 1891 112 97 216637 0 0 0
731 137 137 97 606281 0 0 0
-1614 890 199 145 280701 0 0 0
1795 1806 100 140 200986 0 0 0
-1978 830 41 167 898608 0 0 0
-863 -545 5 156 446620 0 0 0
-935 -1 66 94 485731 0 0 0
-1346 2266 164 99 746683 0 0 0
-36 653 23 14 193247 0 0 0
643 -1837 41 186 680137 0 0 0
-2098 997 130 42 660760 0 0 0
-1465 327 30 182 634505 0 0 0
-2008 1391 97 51 753681 0 0 0
1476 299 48 34 263599 0 0 0
-839 -812 50 149 743091 0 0 0
245 -310 86 99 200190 0 0 0
-170 -1559 105 7 524554 0 0 0
2095 -192 152 144 709190 0 0 0
-1615 1937 193 171 580560 0 0 0
-2073 730 45 114 526409 0 0 0
-1642 -2064 138 69 975051 0 0 0
661 -34 14 24 515073 0 0 0
-392 1869 138 78 630582 0 0 0
1354 2291 50 53 253189 0 0 0
-1632 79 184 183 462221 0 0 0
1471 -892 105 191 817510 0 0 0
1060 866 179 119 367940 0 0 0
-244 1668 130 195 569452 0 0 0
-512 817 1 117 670068 0 0 0
1305 1025 19 112 726855 0 0 0
856 259 114 143 804238 0 0 0
-1734 406 48 21 440339 0 0 0
498 -1152 73 152 479904 0 0 0
-24 -1324 190 137 281278 0 0 0
748 1562 192 88 390099 0 0 0
1770 352 99 126 665298 0 0 0
1458 -2256 82 173 477284 0 0 0
2195 751 204 152 401987 0 0 0
-1547 -162 44 126 976416 0 0 0
1940 -1191 95 44 780859 0 0 0
140 -2138 161 10 410442 0 0 0
545 498 31 51 215454 0 0 0
2187 -1039 100 129 252233 0 0 0
-1796 -1968 123 51 442315 0 0 0
-2232 462 169 131 942671 0 0 0
1507 1091 63 174 664423 0 0 0
1708 1849 73 104 352258 0 0 0
341 1162 126 190 389974 0 0 0
-456 -1698 22 151 580632 0 0 0
-46 -1770 168 89 635053 0 0 0
-1651 -800 136 89 376452 0 0 0
-582 -447 98 83 362850 0 0 0
-1098 -1278 109 77 725135 0 0 0
-2048 -30 5 72 174049 0 0 0
-1184 -14 132 97 841158 0 0 0
1849 -973 199 1 870590 0 0 0
906 -1383 55 94 532466 0 0 0
2157 -288 177 25 396283 0 0 0
192 2253 129 5 728829 0 0 0
2027 1084 4 171 427569 0 0 0
-371 332 137 36 434438 0 0 0
59 -2070 188 192 136407 0 0 0
298 82 147 81 384673 0 0 0
1669 567 43 184 586196 0 0 0
-1585 -835 87 121 485842 0 0 0
399 507 128 141 744602 0 0 0
-1700 885 94 81 376073 0 0 0
1350 1795 98 13 563198 0 0 0
-540 -120 85 161 227341 0 0 0
1990 -1448 158 98 984458 0 0 0
64 574 147 49 452392 0 0 0
403 -2085 179 93 250423 0 0 0
-1667 -681 183 44 749714 0 0 0
-1150 -1051 45 75 554207 0 0 0
-912 1854 135 38 957384 0 0 0
-1267 2219 191 158 248178 0 0 0
286 1318 160 169 588327 0 0 0
1842 690 156 141 526354 0 0 0
-1608 1602 133 115 477858 0 0 0
2144 -255 39 185 658224 0 0 0
766 -1564 169 126 409762 0 0 0
1795 -837 26 21 134604 0 0 0
439 743 48 7 767800 0 0 0
1839 642 43 146 310396 0 0 0
1111 -390 25 66 563009 0 0 0
-216 1621 141 121 301731 0 0 0
-539 1602 106 65 586889 0 0 0
201 -425 1 88 565051 0 0 0
59 -585 177 96 472043 0 0 0
-57 -1537 153 106 432324 0 0 0
-987 -572 138 76 448915 0 0 0
287 168 12 89 504148 0 0 0
640 -377 39 149 399904 0 0 0
2176 1816 168 134 337443 0 0 0
384 1007 49 116 950974 0 0 0
1650 -1991 119 85 733332 0 0 0
-993 -1185 161 146 521803 0 0 0
-1204 -12 66 37 283531 0 0 0
1346 1864 25 54 184169 0 0 0
-195 993 196 36 105902 0 0 0
-1915 -199 93 196 407551 0 0 0
-400 1270 9 175 565519 0 0 0
1309 -859 151 146 573328 0 0 0
2203 -2095 3 187 396952 0 0 0
619 973 23 94 129305 0 0 0
1709 -815 79 30 123828 0 0 0
1918 -1057 105 67 818706 0 0 0
1148 -967 105 9 569190 0 0 0
2001 -939 26 81 891055 0 0 0
1229 -1199 18 94 385549 0 0 0
2254 2009 51 74 800180 0 0 0
1369 473 113 117 160701 0 0 0
2251 170 173 29 388103 0 0 0
-803 -983 17 173 559757 0 0 0
-1491 -2183 9 89 724980 0 0 0
1724 -355 34 111 676598 0 0 0
-1300 1017 133 18 307493 0 0 0
1611 156 45 103 675453 0 0 0
1136 508 108 100 323651 0 0 0
1492 1273 107 50 190243 0 0 0
-405 1574 60 94 228871 0 0 0
243 -1876 119 87 843770 0 0 0
1935 1232 141 3 227926 0 0 0
1282 -1536 5 131 470406 0 0 0
-1621 -1138 118 148 680491 0 0 0
-906 -1184 50 69 196744 0 0 0
99 -710 98 25 885812 0 0 0
1949 103 142 15 716431 0 0 0
412 35 102 159 880053 0 0 0
-296 1641 155 77 553493 0 0 0
-701 384 107 84 532280 0 0 0
1342 2095 20 92 343345 0 0 0
426 -1591 142 4 623509 0 0 0
628 -1523 33 50 615789 0 0 0
1482 -1506 176 192 189242 0 0 0
1568 1653 183 124 865729 0 0 0
2014 522 92 194 918212 0 0 0
1044 1268 137 180 620001 0 0 0
-342 -599 96 76 478077 0 0 0
-635 -577 168 95 176558 0 0 0
2017 2196 5 168 598031 0 0 0
-1520 -218 53 121 344393 0 0 0
1326 1811 201 42 331172 0 0 0
-1281 -1271 14 129 614561 0 0 0
2105 2204 96 169 782060 0 0 0
1533 141 67 26 991380 0 0 0
457 -2267 199 108 663813 0 0 0
1722 1456 170 87 126060 0 0 0
-1186 -708 75 194 702156 0 0 0
1785 -1676 151 52 675015 0 0 0
2078 -1190 182 188 910279 0 0 0
340 1584 25 174 656353 0 0 0
-993 -2077 208 91 674797 0 0 0
-681 -256 5 129 253559 0 0 0
1686 673 129 12 339215 0 0 0
-2174 -1680 64 6 796925 0 0 0
747 -2178 3 132 492977 0 0 0
1807 -1988 6 61 571640 0 0 0
-1173 2068 203 37 925633 0 0 0
837 944 23 31 317435 0 0 0
1587 -184 3 32 568037 0 0 0
-465 1152 134 169 703944 0 0 0
274 -382 56 35 942927 0 0 0
1437 -178 76 21 298515 0 0 0
1449 -1363 50 50 606110 0 0 0
679 -227 179 189 180467 0 0 0
880 892 180 195 965653 0 0 0
-1646 -683 205 32 227510 0 0 0
1971 -352 180 117 923604 0 0 0
-1868 -808 138 79 602357 0 0 0
-2048 -349 194 96 388275 0 0 0
-1958 2294 18 166 917588 0 0 0
-249 -2054 35 163 663306 0 0 0
1528 63 98 108 174771 0 0 0
-482 -1509 28 43 326481 0 0 0
670 -623 80 43 308343 0 0 0
-742 701 10 147 734250 0 0 0
-404 -1778 194 89 197406 0 0 0
-803 -1352 110 196 539136 0 0 0
-784 2286 31 5 464751 0 0 0
-1839 -1203 206 57 874611 0 0 0
-1852 1632 41 55 433976 0 0 0
-815 1691 120 14 810255 0 0 0
-2282 -1844 58 122 621603 0 0 0
-507 -1327 94 115 260841 0 0 0
2219 -2050 174 83 182302 0 0 0
-354 1708 8 172 881830 0 0 0
2104 706 155 37 442514 0 0 0
-338 -1785 11 121 576104 0 0 0
-1884 -1329 207 176 746094 0 0 0
-744 -1209 93 157 375515 0 0 0
793 -1954 138 120 554989 0 0 0
895 -2292 74 5 579260 0 0 0
1243 -285 142 152 164419 0 0 0
1148 -389 132 36 139615 0 0 0
-1839 1231 13 18 306280 0 0 0
-1482 -1666 181 184 380382 0 0 0
714 -75 53 63 399873 0 0 0
-170 1446 109 129 941007 0 0 0
-1030 1474 162 19 956398 0 0 0
-300 1405 79 85 575947 0 0 0
-1948 878 153 138 718208 0 0 0
819 1821 76 145 933638 0 0 0
358 -1193 26 40 752579 0 0 0
-272 1282 113 7 516225 0 0 0
623 -762 73 105 958779 0 0 0
-1391 -342 116 96 548449 0 0 0
-129 -627 111 72 378002 0 0 0
-1379 -301 34 111 333091 0 0 0
-797 -1459 120 177 618050 0 0 0
2252 1416 10 158 168994 0 0 0
865 -1599 72 78 222290 0 0 0
-1541 -831 104 74 647986 0 0 0
274 2297 63 35 273247 0 0 0
-1916 558 115 184 926623 0 0 0
-907 876 13 93 752688 0 0 0
-320 488 198 99 440153 0 0 0
-2100 774 29 25 321610 0 0 0
1961 -1259 100 162 112311 0 0 0
289 1377 120 88 415775 0 0 0
1761 2237 164 74 181636 0 0 0
76 -1711 66 105 138121 0 0 0
227 -917 157 8 896701 0 0 0
-185 185 14 47 832003 0 0 0
-1467 -1964 54 13 542990 0 0 0
139 -184 104 70 867519 0 0 0
1231 -2018 2 121 675232 0 0 0
-367 2268 115 145 953977 0 0 0
-347 -824 124 151 733050 0 0 0
1106 -453 178 71 786532 0 0 0
-1658 1440 158 133 930488 0 0 0
-1458 711 33 19 556915 0 0 0
100 134 209 130 950891 0 0 0
-1598 2004 2 168 745241 0 0 0
480 2161 55 53 939729 0 0 0
-21 -349 113 24 617070 0 0 0
1422 -1005 35 103 691568 0 0 0
1863 -1498 84 68 863998 0 0 0
-1542 -566 58 65 409249 0 0 0
1981 -1859 186 135 909137 0 0 0
1753 87 83 81 997969 0 0 0
371 -1572 67 127 705584 0 0 0
-677 2053 57 159 806801 0 0 0
242 -20 138 195 447901 0 0 0
660 2229 129 56 645885 0 0 0
-985 768 96 68 988180 0 0 0
-1726 1328 101 62 134955 0 0 0
1430 1782 31 29 689515 0 0 0
-250 685 178 123 899227 0 0 0
-2205 341 99 128 939592 0 0 0
1261 1691 101 169 821956 0 0 0
1747 -161 6 86 699683 0 0 0
608 -2059 4 191 830523 0 0 0
7 589 62 148 920898 0 0 0
485 1363 120 103 762889 0 0 0
488 1974 94 5 665379 0 0 0
2177 1075 117 77 100283 0 0 0
1346 -2038 115 50 645796 0 0 0
2253 -2184 64 148 153921 0 0 0
730 -615 118 17 815555 0 0 0
1873 -924 31 67 519650 0 0 0
-1974 -244 7 117 250212 0 0 0
347 1450 65 194 336006 0 0 0
2100 -857 152 65 418879 0 0 0
-1883 1420 109 9 757598 0 0 0
1378 -1374 9 91 311272 0 0 0
1333 -1569 168 5 736964 0 0 0
-592 -2047 32 51 882444 0 0 0
-663 -179 102 135 143098 0 0 0
-2035 739 75 54 306547 0 0 0
-1568 855 43 97 875019 0 0 0
1861 810 104 14 274920 0 0 0
2200 1211 36 99 822321 0 0 0
764 -319 52 104 543077 0 0 0
-812 2033 200 24 719508 0 0 0
-1587 108 105 76 479593 0 0 0
-1560 -778 191 7 149531 0 0 0
1303 458 127 72 784821 0 0 0
-1248 -1748 39 185 978269 0 0 0
-692 -1601 9 140 226842 0 0 0
1878 -55 194 97 309392 0 0 0
-191 638 44 157 709009 0 0 0
526 1874 95 15 903707 0 0 0
1169 727 111 55 768627 0 0 0
1530 -303 203 124 246495 0 0 0
843 701 118 106 191606 0 0 0
-814 -2208 12 124 432699 0 0 0
106 -1086 111 55 293988 0 0 0
-1966 -2080 100 13 586221 0 0 0
658 -377 154 92 338407 0 0 0
1442 285 38 50 534201 0 0 0
266 191 55 141 293387 0 0 0
598 1877 18 174 383091 0 0 0
1030 -951 157 59 415548 0 0 0
186 513 49 70 209605 0 0 0
-1575 139 186 108 664034 0 0 0
986 1249 151 196 621772 0 0 0
1143 -859 16 76 393161 0 0 0
-1788 -1811 19 1 272668 0 0 0
1513 1694 61 92 408455 0 0 0
-17 -765 176 82 556962 0 0 0
-1457 -201 196 69 886664 0 0 0
-1488 -2119 2 101 219855 0 0 0
-453 -1962 88 180 256477 0 0 0
1777 1444 117 172 487884 0 0 0
2216 1938 22 76 844981 0 0 0
1336 1723 76 68 633099 0 0 0
194 -1780 92 68 874903 0 0 0
-173 -1483 77 85 570300 0 0 0
806 1950 80 195 220664 0 0 0
-1224 -1860 82 172 519342 0 0 0
-982 -224 96 160 770493 0 0 0
-487 -2070 89 194 648831 0 0 0
1633 -551 28 54 236686 0 0 0
1148 -1313 138 182 186404 0 0 0
2005 351 202 6 209421 0 0 0
1298 918 114 64 747161 0 0 0
637 941 51 101 529667 0 0 0
-1717 -1349 137 5 663884 0 0 0
-102 -2294 11 175 962793 0 0 0
1922 -228 176 130 923513 0 0 0
-450 1091 27 21 962524 0 0 0
-2127 868 198 147 801299 0 0 0
-771 -120 124 47 786591 0 0 0
121 -590 66 91 196125 0 0 0
99 150 147 119 565887 0 0 0
-142 -814 88 46 417898 0 0 0
-408 -771 37 47 526977 0 0 0
2217 -782 8 117 762881 0 0 0
1699 -2077 32 168 378168 0 0 0
1503 58 61 120 587320 0 0 0
1311 -485 182 106 687289 0 0 0
23 -1679 101 182 353740 0 0 0
-188 768 136 46 464922 0 0 0
-1955 -1658 138 168 149344 0 0 0
307 263 175 159 821331 0 0 0
-1712 -103 190 188 263048 0 0 0
-212 -1593 6 94 883306 0 0 0
2141 -2123 107 53 979828 0 0 0
1848 2044 113 7 629548 0 0 0
-2048 1714 167 89 477233 0 0 0
2160 -719 121 35 473737 0 0 0
-879 -1953 83 106 609131 0 0 0
-617 -1352 114 134 900951 0 0 0
-357 1230 121 192 540033 0 0 0
461 2115 58 116 860193 0 0 0
569 -1264 159 72 683019 0 0 0
1577 -1910 54 65 688275 0 0 0
-1623 1074 208 158 528928 0 0 0
-87 2140 75 84 783808 0 0 0
-492 -1164 203 15 185887 0 0 0
-1065 2293 149 186 444909 0 0 0
-564 -2065 202 21 135494 0 0 0
1546 -693 186 169 547221 0 0 0
773 -275 119 76 953460 0 0 0
-1727 2255 108 124 950209 0 0 0
2205 -696 9 185 921893 0 0 0
-387 741 194 107 174723 0 0 0
1529 -1032 117 104 577247 0 0 0
911 -1832 11 84 714057 0 0 0
2027 1292 200 133 554487 0 0 0
-2154 832 100 125 283757 0 0 0
-880 2281 109 125 694498 0 0 0
1549 1510 177 133 558520 0 0 0
378 1939 127 145 976413 0 0 0
2013 500 27 92 870096 0 0 0
2094 429 114 44 224225 0 0 0
-7 1695 125 196 126190 0 0 0
1633 254 123 137 526288 0 0 0
1060 -946 146 30 812546 0 0 0
417 -1997 123 84 119633 0 0 0
-370 -1112 141 150 312797 0 0 0
-1719 210 180 130 691452 0 0 0
2036 248 141 126 119413 0 0 0
-1636 1227 3 61 221452 0 0 0
7 -155 197 8 412600 0 0 0
-1573 1801 5 107 587615 0 0 0
1464 -2193 140 32 857664 0 0 0
-467 -689 58 162 306000 0 0 0
-2286 -1039 192 12 891971 0 0 0
-282 1744 4 55 759134 0 0 0
883 1628 181 109 552879 0 0 0
-1058 489 31 154 183655 0 0 0
-1129 -1146 123 77 313335 0 0 0
-813 157 32 61 131767 0 0 0
-1483 -2257 22 39 698719 0 0 0
710 834 26 127 880927 0 0 0
971 1109 207 81 640689 0 0 0
-1243 -2066 147 37 601905 0 0 0
1537 -502 52 59 946671 0 0 0
-1072 522 62 18 256618 0 0 0
953 218 65 180 765147 0 0 0
-1871 1563 73 42 320606 0 0 0
-1232 1074 209 51 651062 0 0 0
-354 -974 173 99 493732 0 0 0
2159 187 197 182 912938 0 0 0
1949 732 196 141 706646 0 0 0
1370 -1443 133 116 602721 0 0 0
769 -2120 199 190 846441 0 0 0
-1453 -557 137 26 398715 0 0 0
-360 1222 142 121 831393 0 0 0
1690 1716 188 54 486418 0 0 0
1869 -1901 154 34 993520 0 0 0
248 -1104 9 170 770044 0 0 0
1679 -1126 91 130 357165 0 0 0
1879 -2269 5 115 207769 0 0 0
-814 1583 157 147 786549 0 0 0
-258 -690 199 108 941747 0 0 0
1260 792 64 191 482209 0 0 0
-467 -1403 102 126 887513 0 0 0
1885 -1895 137 153 269516 0 0 0
-1394 1630 61 123 296514 0 0 0
153 -923 118 79 953751 0 0 0
-1970 -296 58 107 157088 0 0 0
741 -163 151 139 512249 0 0 0
1606 573 9 96 418077 0 0 0
-1340 469 11 148 798691 0 0 0
-2090 2083 16 111 552440 0 0 0
460 140 202 48 278702 0 0 0
1767 1748 126 9 895090 0 0 0
427 -1596 132 29 302785 0 0 0
-1457 263 82 41 915727 0 0 0
-651 504 25 165 410049 0 0 0
481 -1939 6 121 177694 0 0 0
791 2017 84 111 737293 0 0 0
-2023 1098 84 129 961710 0 0 0
-1057 -612 63 144 566493 0 0 0
1823 -1812 117 55 804812 0 0 0
-360 2179 53 1 411649 0 0 0
-1254 -666 199 86 929312 0 0 0
-700 -133 17 194 363570 0 0 0
-1768 -394 50 165 681813 0 0 0
282 -781 39 58 612568 0 0 0
-185 896 183 19 258223 0 0 0
1989 2277 155 148 469556 0 0 0
370 -1093 97 142 973990 0 0 0
304 -1702 148 27 519433 0 0 0
-1647 -317 151 41 291486 0 0 0
-2238 -1460 173 74 441887 0 0 0
353 1449 55 163 522076 0 0 0
-1576 1294 157 161 733092 0 0 0
-853 939 209 167 210221 0 0 0
-284 1825 110 28 875587 0 0 0
1098 -2216 33 75 504597 0 0 0
1746 -593 178 94 631569 0 0 0
-734 -134 137 78 196485 0 0 0
960 414 31 36 727661 0 0 0
-388 401 24 78 591944 0 0 0
-2167 844 79 98 548447 0 0 0
-394 522 130 190 994360 0 0 0
890 -1868 83 14 655125 0 0 0
-555 1215 103 98 669172 0 0 0
-491 2107 117 100 230610 0 0 0
-589 501 151 111 826667 0 0 0
-650 -1985 21 167 653236 0 0 0
-2219 -1168 175 61 789376 0 0 0
-2149 -1105 87 19 148363 0 0 0
-2116 -666 185 76 231457 0 0 0
-785 -2244 155 46 759946 0 0 0
1499 489 157 104 440209 0 0 0
-1603 -1009 139 173 159478 0 0 0
1294 -1487 57 65 903258 0 0 0
785 -2169 127 90 862314 0 0 0
1328 445 92 1 500208 0 0 0
-567 -1464 26 117 420761 0 0 0
721 582 5 18 299913 0 0 0
-1441 -312 198 80 800173 0 0 0
1703 -330 150 49 237367 0 0 0
304 -246 205 184 636351 0 0 0
-789 2015 147 114 776657 0 0 0
-399 -274 176 164 968443 0 0 0
1078 -1706 147 131 905947 0 0 0
1183 894 56 171 911909 0 0 0
833 -1299 209 148 548508 0 0 0
-2076 -2059 64 194 226250 0 0 0
-2100 1684 50 154 223521 0 0 0
1687 2091 127 110 523660 0 0 0
1300 836 59 165 222245 0 0 0
-1634 165 81 97 731247 0 0 0
1984 1373 49 145 214631 0 0 0
1818 393 27 168 325363 0 0 0
-638 -99 98 120 311960 0 0 0
74 2115 137 77 404683 0 0 0
-1997 -164 35 161 969319 0 0 0
-930 1824 76 40 501525 0 0 0
-933 -76 112 153 733035 0 0 0
224 -1078 194 187 951220 0 0 0
-788 1393 11 167 576042 0 0 0
-2289 819 40 94 293118 0 0 0
1985 1022 110 96 436147 0 0 0
-1489 -2125 79 140 202025 0 0 0
-1704 2261 16 90 472803 0 0 0
-1802 -1733 163 179 808235 0 0 0
278 -2036 12 46 844841 0 0 0
1298 1983 47 68 586592 0 0 0
-1118 918 63 120 238361 0 0 0
-1618 2002 180 154 184738 0 0 0
1723 340 202 80 588256 0 0 0
1749 977 185 129 877983 0 0 0
1959 -1554 158 196 782192 0 0 0
-2273 -2075 65 160 803486 0 0 0
-1158 693 15 10 434859 0 0 0
-84 -858 122 58 718020 0 0 0
1012 784 140 175 935297 0 0 0
-2092 -1311 8 137 419344 0 0 0
351 160 70 161 587974 0 0 0
-395 1954 70 137 137083 0 0 0
-2110 427 186 9 746114 0 0 0
761 2160 90 16 879925 0 0 0
2078 1387 116 165 643342 0 0 0
414 -2299 122 105 235116 0 0 0
-340 -1141 92 123 157869 0 0 0
-1407 -2159 160 116 977398 0 0 0
-1674 2141 126 81 395321 0 0 0
91 -752 130 35 333034 0 0 0
-1698 -1699 97 169 962852 0 0 0
-501 -336 59 70 977124 0 0 0
670 1926 147 20 308178 0 0 0
-851 1791 99 52 214331 0 0 0
-368 -510 134 69 589654 0 0 0
1878 -1955 118 181 276136 0 0 0
1677 1864 144 148 849031 0 0 0
2153 -1476 106 175 444975 0 0 0
-726 -1621 113 81 278278 0 0 0
-1730 -1916 26 49 480803 0 0 0
1484 -2279 108 30 931699 0 0 0
-1065 2104 192 11 268201 0 0 0
1293 1569 202 58 767268 0 0 0
1966 1763 198 175 298029 0 0 0
-1171 -1794 43 7 898380 0 0 0
701 -524 45 24 233365 0 0 0
-2255 -2283 20 118 754699 0 0 0
1277 1373 154 109 230948 0 0 0
2140 1672 34 123 225224 0 0 0
-1238 -1245 17 62 749092 0 0 0
424 -2005 111 161 646311 0 0 0
-1828 -1689 8 62 366103 0 0 0
2055 1825 14 164 628520 0 0 0
1717 384 71 104 217273 0 0 0
-269 -2280 43 57 811902 0 0 0
1296 -2100 130 179 126230 0 0 0
2234 442 157 42 437710 0 0 0
-705 1870 206 137 521503 0 0 0
2053 255 143 83 756803 0 0 0
-2167 -327 88 32 870195 0 0 0
-594 -435 203 99 657433 0 0 0
1037 -1802 199 177 386446 0 0 0
737 1633 69 19 282814 0 0 0
-2043 -131 192 36 227530 0 0 0
72 -1533 110 13 893174 0 0 0
-872 -2011 8 111 848910 0 0 0
-2056 -979 137 195 128012 0 0 0
1751 -363 152 174 866778 0 0 0
-754 -1512 124 52 235136 0 0 0
198 1273 114 144 520227 0 0 0
2283 -2023 81 72 330502 0 0 0
-1409 1490 48 169 933275 0 0 0
1490 -1241 27 172 176790 0 0 0
264 351 122 156 485033 0 0 0
-554 968 150 112 730060 0 0 0
-2247 63 161 97 957557 0 0 0
-1723 -250 201 102 362004 0 0 0
-739 2108 80 122 328003 0 0 0
329 -198 14 9 969580 0 0 0
-1163 -1814 148 24 623592 0 0 0
-1630 -178 156 23 500270 0 0 0
850 -607 148 1 640532 0 0 0
-2086 -1522 66 32 319583 0 0 0
215 2190 144 65 696748 0 0 0
637 2250 50 27 309490 0 0 0
2151 -1159 107 22 272399 0 0 0
-1582 1992 19 64 981593 0 0 0
-84 963 165 96 410307 0 0 0
-449 -1776 134 74 591022 0 0 0
-1256 759 55 51 439179 0 0 0
-79 2230 183 113 364778 0 0 0
-1727 -572 120 89 254708 0 0 0
2114 275 83 70 628709 0 0 0
-172 -1772 119 28 434263 0 0 0
-1994 -585 61 125 476610 0 0 0
-1941 -532 63 27 197185 0 0 0
-2085 959 177 23 725183 0 0 0
1434 -1760 66 150 223375 0 0 0
-1239 -2086 118 173 151820 0 0 0
489 74 34 20 540712 0 0 0
1741 -548 193 106 600618 0 0 0
1813 -1509 28 111 409059 0 0 0
1253 -1138 201 14 171573 0 0 0
-1583 -190 104 176 459814 0 0 0
488 -1409 54 159 959780 0 0 0
-531 1591 89 16 477969 0 0 0
-1360 1656 97 125 988966 0 0 0
159 345 76 141 434907 0 0 0
1481 -1032 12 78 200341 0 0 0
1863 1654 117 7 355579 0 0 0
-2148 796 77 98 845846 0 0 0
763 1467 184 40 717082 0 0 0
-357 1767 56 50 820685 0 0 0
1447 -2208 29 101 761015 0 0 0
-2048 115 83 1 563702 0 0 0
103 1832 133 79 790403 0 0 0
-1578 1305 207 34 424238 0 0 0
-866 -1059 58 26 873156 0 0 0
-2293 2122 155 19 117296 0 0 0
-662 337 154 188 901905 0 0 0
-1142 -1015 154 188 877526 0 0 0
73 -1328 92 54 912089 0 0 0
2130 2160 42 7 291738 0 0 0
1063 -392 5 124 488269 0 0 0
-1748 968 149 22 326423 0 0 0
718 -156 103 49 504342 0 0 0
1830 -2278 10 165 427710 0 0 0
1443 902 67 19 227239 0 0 0
-1497 1452 4 125 806970 0 0 0
1542 -454 84 49 479033 0 0 0
-498 -1949 51 100 180123 0 0 0
632 788 7 28 141574 0 0 0
1744 2171 89 160 747811 0 0 0
1499 120 179 163 825075 0 0 0
1129 2163 151 123 549626 0 0 0
2215 9 53 34 240050 0 0 0
1502 1422 164 13 595329 0 0 0
2210 2190 63 61 837165 0 0 0
1521 825 192 29 114805 0 0 0
-179 1196 196 116 471153 0 0 0
-1442 138 192 40 416951 0 0 0
2160 -299 198 5 955821 0 0 0
821 -1403 169 155 984351 0 0 0
885 -778 31 95 543108 0 0 0
-888 2007 140 46 204949 0 0 0
1721 -544 82 17 708158 0 0 0
-1085 -1630 60 10 229958 0 0 0
1816 284 179 129 895953 0 0 0
720 2072 69 58 598515 0 0 0
-1731 90 50 19 946418 0 0 0
1116 -250 24 7 681138 0 0 0
1497 1849 139 183 746731 0 0 0
-750 -2186 161 140 190785 0 0 0
1508 -49 149 47 682917 0 0 0
-2225 362 88 156 690910 0 0 0
-1903 570 42 136 114778 0 0 0
-2279 -1954 28 118 169167 0 0 0
813 165 37 6 750363 0 0 0
-2179 865 158 11 627034 0 0 0
1816 -1580 82 113 657772 0 0 0
516 2264 27 52 923950 0 0 0
-645 -338 147 195 550741 0 0 0
-1524 887 147 93 769785 0 0 0
1352 -1177 104 131 913184 0 0 0
1863 1516 35 122 382858 0 0 0
-867 -906 86 88 945705 0 0 0
1000 695 49 100 771985 0 0 0
26 -131 207 158 862554 0 0 0
-2110 -183 15 66 776472 0 0 0
2180 -1872 34 176 183033 0 0 0
2087 1945 197 81 780817 0 0 0
1749 -920 141 73 767764 0 0 0
840 2226 77 196 807177 0 0 0
-96 -1509 3 67 814311 0 0 0
-851 1712 14 179 844192 0 0 0
1238 -898 76 109 139552 0 0 0
-1713 -1367 107 117 200576 0 0 0
438 -1890 202 161 119349 0 0 0
127 -519 4 14 539950 0 0 0
-2224 -1822 132 190 979440 0 0 0
-530 -456 37 87 951021 0 0 0
469 1286 133 81 573655 0 0 0
-1970 902 135 6 449045 0 0 0
2260 -1864 30 170 332191 0 0 0
-964 -1032 22 87 308829 0 0 0
991 2110 129 89 857205 0 0 0
31 320 115 6 611513 0 0 0
-2196 1896 74 117 894098 0 0 0
-1048 -92 106 67 722861 0 0 0
8 -9 42 187 723049 0 0 0
1803 -69 9 180 975517 0 0 0
589 -1464 193 155 691824 0 0 0
-916 389 184 133 924086 0 0 0
-1759 -1329 63 77 582990 0 0 0
-903 2026 198 15 886612 0 0 0
-1647 322 198 136 326978 0 0 0
460 172 101 18 600699 0 0 0
284 -406 63 42 234248 0 0 0
-2085 2055 25 146 449975 0 0 0
1186 -1696 1 192 925516 0 0 0
-371 568 206 20 751714 0 0 0
-53 -2199 56 119 763345 0 0 0
809 -1049 115 7 624886 0 0 0
-1364 759 128 177 555864 0 0 0
-1672 132 107 42 627985 0 0 0
-1066 -888 195 33 662950 0 0 0
829 -2101 111 131 367834 0 0 0
1513 377 153 6 491203 0 0 0
2015 1798 46 48 784986 0 0 0
1096 925 124 133 328991 0 0 0
-178 -739 102 52 906516 0 0 0
-2178 -150 8 128 246086 0 0 0
-2175 -107 99 18 650926 0 0 0
1682 -1596 45 11 435645 0 0 0
-2149 -2188 97 83 822249 0 0 0
-769 -2274 159 30 363892 0 0 0
1805 -772 160 96 733810 0 0 0
-1230 -1217 65 187 108795 0 0 0
-38 -943 66 59 506153 0 0 0
-1932 -1023 45 25 213385 0 0 0
949 -1452 11 187 252727 0 0 0
1888 1130 201 195 392085 0 0 0
-1831 1294 27 51 244748 0 0 0
-543 -930 50 155 294883 0 0 0
187 1055 100 164 764870 0 0 0
715 1285 34 151 260862 0 0 0
-2120 997 158 120 560825 0 0 0
-1338 -1528 171 2 320151 0 0 0
-221 1962 112 139 196324 0 0 0
-2089 -1962 73 131 655037 0 0 0
1669 -789 87 46 207877 0 0 0
1593 1205 16 123 962920 0 0 0
-1210 -975 42 4 788057 0 0 0
-323 721 40 69 547137 0 0 0
1579 -1707 17 113 212303 0 0 0
960 -1272 199 8 523894 0 0 0
378 258 145 138 601052 0 0 0
2180 115 79 128 399854 0 0 0
690 1937 175 24 962323 0 0 0
-2080 1195 79 135 601963 0 0 0
1945 -1211 155 29 973645 0 0 0
1815 1151 159 66 416582 0 0 0
-995 -560 168 157 485985 0 0 0
-845 -1129 104 54 886865 0 0 0
1136 2257 55 103 719616 0 0 0
962 -398 114 11 168993 0 0 0
-354 -1173 120 110 842229 0 0 0
-1707 -912 17 46 739109 0 0 0
1970 1609 79 145 435427 0 0 0
1372 38 61 171 168358 0 0 0
-1328 2210 97 174 330988 0 0 0
436 265 138 75 270890 0 0 0
1791 -1430 64 133 774672 0 0 0
705 1334 202 36 866030 0 0 0
2192 1214 118 88 128681 0 0 0
-1872 -1317 119 143 621281 0 0 0
-882 -1109 101 84 764031 0 0 0
-206 -1191 179 140 186673 0 0 0
-1789 1912 18 18 806323 0 0 0
-1385 -1189 17 39 592680 0 0 0
-2056 530 140 33 434768 0 0 0
97 1598 43 81 899431 0 0 0
-1936 -1901 9 95 974809 0 0 0
2004 619 168 113 775469 0 0 0
-1371 -31 114 79 208965 0 0 0
-373 1303 173 14 502569 0 0 0
-890 -2147 101 153 292085 0 0 0
-1717 -80 96 98 421554 0 0 0
1893 1849 137 87 161260 0 0 0
-981 -1080 178 90 209682 0 0 0
271 -311 52 50 618562 0 0 0
-49 2133 52 65 393147 0 0 0
1723 1426 107 196 764295 0 0 0
-44 1662 92 30 103647 0 0 0
-1552 -86 30 88 407393 0 0 0
-337 1579 22 134 226719 0 0 0
545 -1855 156 25 405391 0 0 0
1384 -2049 130 27 848169 0 0 0
-1399 745 177 25 715692 0 0 0
-145 -1696 104 58 640293 0 0 0
2010 452 155 117 253784 0 0 0
1189 82 76 139 221900 0 0 0
-1275 -1555 144 13 120185 0 0 0
170 256 72 65 553095 0 0 0
1019 -1833 19 5 649207 0 0 0
1305 -1268 11 162 464634 0 0 0
2068 -1577 32 20 452751 0 0 0
111 700 29 172 449890 0 0 0
-1941 1764 104 166 864701 0 0 0
-2056 -1869 130 14 201881 0 0 0
-1058 1922 51 62 217094 0 0 0
-1161 -624 65 133 895051 0 0 0
-252 -1658 9 138 627639 0 0 0
-477 2122 187 17 183979 0 0 0
-1980 -852 180 54 128239 0 0 0
1725 -2155 146 28 475078 0 0 0
-967 1103 90 105 454580 0 0 0
2043 1632 145 3 312373 0 0 0
835 1988 113 87 682681 0 0 0
-76 1918 93 158 102695 0 0 0
1683 1848 71 70 533326 0 0 0
-1292 1404 202 74 597990 0 0 0
-113 2117 170 50 655220 0 0 0
-1856 931 162 8 608491 0 0 0
381 -619 179 89 383150 0 0 0
-1465 1409 185 32 511465 0 0 0
-1395 1815 120 36 696967 0 0 0
-1587 396 36 137 176461 0 0 0
376 235 101 43 676043 0 0 0
793 2278 48 45 787417 0 0 0
-1278 -811 159 109 405094 0 0 0
658 -321 131 5 425269 0 0 0
-1274 926 122 19 149920 0 0 0
-1880 -55 118 154 601834 0 0 0
-31 -884 32 131 519477 0 0 0
295 -747 45 21 857045 0 0 0
2118 -627 96 180 606357 0 0 0
-1531 -1263 82 116 307669 0 0 0
-626 973 11 147 943605 0 0 0
1506 417 114 174 204227 0 0 0
-1697 1 126 32 354000 0 0 0
-1175 -448 38 93 896059 0 0 0
908 -268 130 107 342118 0 0 0
-458 -2257 105 129 775426 0 0 0
-2064 -1701 187 159 668796 0 0 0
-2220 -885 128 67 523557 0 0 0
324 217 196 35 616152 0 0 0
1914 -1512 68 74 210375 0 0 0
-551 701 124 163 520327 0 0 0
2218 -925 143 97 266204 0 0 0
-501 -226 202 148 510676 0 0 0
-1747 -1295 160 28 282741 0 0 0
1340 -914 45 125 531379 0 0 0
168 -31 49 80 996335 0 0 0
-411 -775 160 42 100926 0 0 0
-578 1480 52 147 875449 0 0 0
25 47 138 61 781247 0 0 0
112 1926 58 24 123751 0 0 0
1068 502 34 101 565785 0 0 0
788 -1186 107 136 772613 0 0 0
1281 -1444 148 94 510596 0 0 0
1988 -802 8 124 161341 0 0 0
520 -81 109 39 672498 0 0 0
562 -2133 37 125 266388 0 0 0
1752 -714 107 32 815564 0 0 0
2223 1243 108 90 426980 0 0 0
1107 1890 20 27 264886 0 0 0
-173 702 192 1 958957 0 0 0
-1721 -1172 186 150 611694 0 0 0
1033 1267 74 101 395093 0 0 0
1988 -283 205 111 911807 0 0 0
2264 -1887 61 88 559280 0 0 0
1924 -879 106 1 243307 0 0 0
-803 1471 36 37 503133 0 0 0
-5 1365 93 25 179821 0 0 0
1617 -396 125 65 769142 0 0 0
2031 1940 140 106 662395 0 0 0
-1050 1929 67 40 400318 0 0 0
737 -1089 134 178 736836 0 0 0
-1222 872 32 5 727074 0 0 0
-1020 1654 188 162 807689 0 0 0
