2300
1793 -144 167 193 862742 0 0 0
-274 1372 7 18 920829 0 0 0
-1466 2097 54 183 680838 0 0 0
2258 1042 201 123 296300 0 0 0
113 -2145 15 131 684554 0 0 0
-46 162 120 146 421852 0 0 0
103 651 145 135 899165 0 0 0
1115 -2206 1 94 216609 0 0 0
1411 -1696 102 18 371786 0 0 0
965 -1722 179 74 567929 0 0 0
2012 1220 138 108 987482 0 0 0
1023 1979 57 47 158212 0 0 0
806 259 36 16 725781 0 0 0
626 -884 95 100 442435 0 0 0
-1662 -1421 51 150 376207 0 0 0
-1018 1897 148 11 270684 0 0 0
-974 1666 6 110 249783 0 0 0
2004 -1066 86 187 478719 0 0 0
-1135 -1154 64 92 522707 0 0 0
-40 2012 126 147 917343 0 0 0
430 1729 64 165 406372 0 0 0
-1413 1738 12 140 326075 0 0 0
-1382 168 120 120 490553 0 0 0
1393 -914 183 171 178105 0 0 0
1940 2019 68 192 343839 0 0 0
1085 -2083 124 53 188784 0 0 0
-1758 1792 116 31 390286 0 0 0
1065 -913 53 58 952487 0 0 0
-1816 133 18 1 902140 0 0 0
210 -441 202 138 580808 0 0 0
-1515 -1279 10 73 282413 0 0 0
-283 -71 13 175 145961 0 0 0
-2041 1829 141 145 966463 0 0 0
2079 145 78 18 765607 0 0 0
2153 -748 208 38 488606 0 0 0
1919 -297 82 164 229775 0 0 0
-495 -801 69 80 371285 0 0 0
-1976 1435 62 155 821419 0 0 0
-519 -2048 122 177 202342 0 0 0
-1905 -44 149 32 450740 0 0 0
1140 -1160 84 63 663681 0 0 0
1305 397 114 153 701542 0 0 0
-1479 -654 189 133 687478 0 0 0
836 -521 167 169 216616 0 0 0
1309 1676 198 81 853698 0 0 0
502 -1876 141 146 410437 0 0 0
1092 -532 27 138 635699 0 0 0
520 -1098 163 187 147607 0 0 0
970 -79 206 18 903976 0 0 0
-989 1883 76 187 824650 0 0 0
-2052 -619 167 23 208869 0 0 0
1156 -885 91 155 653622 0 0 0
1119 441 64 11 902316 0 0 0
1319 1651 164 59 164360 0 0 0
-1605 600 77 114 687503 0 0 0
1002 277 99 13 788205 0 0 0
828 -2108 140 189 278256 0 0 0
-1937 -2114 49 22 299532 0 0 0
1330 -146 43 86 453142 0 0 0
-6 1637 77 95 227680 0 0 0
-280 94 71 122 815813 0 0 0
1548 1123 63 98 450121 0 0 0
-1710 -75 81 171 432371 0 0 0
1895 726 208 188 452918 0 0 0
-680 -1306 200 194 868656 0 0 0
-1450 1598 10 107 249159 0 0 0
2178 -1236 115 160 780885 0 0 0
-1093 -1231 175 161 178608 0 0 0
1596 1940 163 13 783552 0 0 0
1897 -751 151 144 710590 0 0 0
1406 -1279 149 112 481301 0 0 0
-832 -1929 18 68 201349 0 0 0
2212 -1256 133 43 938790 0 0 0
380 -1913 90 161 513021 0 0 0
-647 -347 140 153 791405 0 0 0
757 1420 173 135 550223 0 0 0
711 -1903 2 79 269609 0 0 0
-1064 -1601 206 156 300592 0 0 0
-1857 167 190 182 290039 0 0 0
1393 650 8 181 212517 0 0 0
2215 514 93 151 107234 0 0 0
1878 -574 185 189 239445 0 0 0
74 -341 146 100 481281 0 0 0
-584 721 43 155 427819 0 0 0
-562 1800 30 156 825314 0 0 0
-1798 1391 45 137 702532 0 0 0
1969 50 109 83 342815 0 0 0
-118 -1423 9 152 734101 0 0 0
745 1062 165 4 912472 0 0 0
1870 1830 171 179 535401 0 0 0
1765 -745 68 71 980644 0 0 0
506 174 174 68 574052 0 0 0
259 599 186 148 110650 0 0 0
-2264 1813 27 99 302291 0 0 0
-1855 -766 50 184 299185 0 0 0
1698 1680 130 54 808186 0 0 0
-2103 -1898 158 194 898268 0 0 0
2029 -85 20 38 402771 0 0 0
-1452 -266 60 174 359243 0 0 0
1659 -2123 83 59 753462 0 0 0
983 -1260 57 179 155527 0 0 0
1376 -1217 143 48 202864 0 0 0
1072 -832 75 30 429145 0 0 0
-1410 567 27 146 708267 0 0 0
1833 -1731 150 188 606671 0 0 0
786 -1436 54 119 772681 0 0 0
760 83 78 5 592235 0 0 0
-644 2079 141 73 164144 0 0 0
-1376 -2195 178 98 235511 0 0 0
-689 927 194 122 185792 0 0 0
1977 901 58 65 589182 0 0 0
-1398 1430 87 170 860960 0 0 0
619 -1227 41 26 378696 0 0 0
-596 -2079 195 69 195646 0 0 0
1827 -2016 162 107 175629 0 0 0
845 641 84 35 364404 0 0 0
-2298 -1291 126 12 773120 0 0 0
269 -1450 144 35 401061 0 0 0
-907 -2102 157 36 811444 0 0 0
-679 682 190 5 994653 0 0 0
-75 -2071 179 75 696383 0 0 0
-1751 -495 23 14 575034 0 0 0
-1753 2073 102 97 100321 0 0 0
1976 1823 87 105 140794 0 0 0
559 899 67 48 321001 0 0 0
-1793 -762 31 61 729456 0 0 0
-1721 1919 197 139 914136 0 0 0
-2290 -2181 191 145 751213 0 0 0
-419 1491 130 118 167242 0 0 0
-986 -2274 102 52 791873 0 0 0
1202 828 107 184 593162 0 0 0
-841 2206 39 130 187071 0 0 0
268 1398 116 27 988935 0 0 0
-353 -1114 158 126 503175 0 0 0
190 646 76 29 126243 0 0 0
-1638 -1566 60 27 244784 0 0 0
-1557 2032 145 170 734470 0 0 0
-1742 -1031 165 79 739692 0 0 0
-1985 511 83 97 862561 0 0 0
520 -594 57 45 984706 0 0 0
577 1428 126 131 628255 0 0 0
554 -669 154 66 614864 0 0 0
-446 142 115 127 209207 0 0 0
1885 -198 17 20 684111 0 0 0
-1110 1599 170 91 843465 0 0 0
1167 1148 206 23 918937 0 0 0
193 -1262 163 90 605083 0 0 0
2046 -1694 206 5 904891 0 0 0
-2200 2080 127 41 803254 0 0 0
1158 -1010 206 165 642332 0 0 0
475 -2264 114 123 542696 0 0 0
1891 -1217 169 118 856333 0 0 0
-1054 -403 153 97 978603 0 0 0
1235 284 137 107 533584 0 0 0
1154 -81 124 23 788571 0 0 0
-373 2236 83 65 724974 0 0 0
2001 -2028 91 128 248465 0 0 0
-389 -2201 121 11 741869 0 0 0
2247 1917 107 44 633495 0 0 0
-199 221 24 134 835339 0 0 0
1855 1501 148 53 148116 0 0 0
-1485 -1533 16 128 700302 0 0 0
878 -1909 104 47 890454 0 0 0
1308 -488 182 83 760750 0 0 0
-1896 -1033 205 27 932011 0 0 0
539 -2039 88 81 664042 0 0 0
-233 1777 178 90 987067 0 0 0
-2030 1207 154 109 895905 0 0 0
1404 853 169 59 907197 0 0 0
-999 -1236 107 165 857813 0 0 0
-726 1165 119 100 833531 0 0 0
-1553 -1805 82 172 538531 0 0 0
1005 -1187 182 133 672013 0 0 0
-2029 1330 80 133 472724 0 0 0
63 -2272 4 62 196267 0 0 0
737 808 16 80 918826 0 0 0
-217 -921 208 144 531131 0 0 0
900 -240 74 146 659563 0 0 0
-679 2162 72 91 511019 0 0 0
196 -2294 62 102 982910 0 0 0
-153 -208 195 26 930013 0 0 0
-353 -180 194 39 118219 0 0 0
1038 -1114 145 171 927687 0 0 0
1419 -2246 27 163 803166 0 0 0
1752 -1035 1 195 223750 0 0 0
1619 93 174 189 191871 0 0 0
-1734 219 57 50 141690 0 0 0
-1770 280 105 16 459811 0 0 0
-1679 854 57 38 108744 0 0 0
-956 -1439 102 81 999450 0 0 0
-1297 -849 13 174 838966 0 0 0
1176 -1426 41 178 306855 0 0 0
964 -1898 43 194 865037 0 0 0
-1918 -994 40 37 408994 0 0 0
-743 -2100 173 189 391343 0 0 0
-364 -131 146 110 928161 0 0 0
-349 1141 21 172 304254 0 0 0
1180 -886 209 119 244844 0 0 0
85 654 129 189 255227 0 0 0
1666 1854 36 51 138724 0 0 0
644 -431 58 28 676749 0 0 0
811 -1041 44 47 996848 0 0 0
1209 -2112 182 17 705509 0 0 0
-770 -1742 27 33 954069 0 0 0
182 1996 165 65 359638 0 0 0
1787 -622 132 156 794179 0 0 0
-1515 -170 180 89 870631 0 0 0
-1988 4 26 35 530522 0 0 0
704 1755 166 174 712347 0 0 0
-1095 1234 126 32 712753 0 0 0
1194 1129 49 164 321484 0 0 0
1777 1528 126 167 891448 0 0 0
871 1555 92 181 317471 0 0 0
1275 -1319 96 37 646256 0 0 0
680 -405 200 142 348064 0 0 0
-801 -1498 191 11 803028 0 0 0
-1762 -1464 59 150 410440 0 0 0
1345 -184 48 193 727877 0 0 0
2183 -1483 8 13 316708 0 0 0
-1784 -745 11 174 515023 0 0 0
94 1998 61 80 838619 0 0 0
-120 669 17 16 778736 0 0 0
961 -1800 17 89 438715 0 0 0
-264 2068 94 156 683333 0 0 0
317 -731 84 51 167376 0 0 0
1549 -118 29 91 656878 0 0 0
-1003 1261 109 144 503876 0 0 0
1601 1236 95 36 891874 0 0 0
1906 -1839 88 86 309250 0 0 0
-994 -957 1 140 359151 0 0 0
838 1351 94 185 190744 0 0 0
-1544 -617 147 141 524645 0 0 0
-1529 1365 79 28 544476 0 0 0
1092 1808 19 6 874781 0 0 0
-1769 -1774 46 138 149338 0 0 0
-1937 1759 145 100 639240 0 0 0
575 2232 131 195 292853 0 0 0
1547 -1816 164 96 893645 0 0 0
1761 1291 56 167 488150 0 0 0
-1745 1538 7 26 570468 0 0 0
-1175 950 59 9 367798 0 0 0
2294 718 11 27 157786 0 0 0
-1807 900 161 13 406653 0 0 0
-486 1915 57 132 824354 0 0 0
892 -1194 48 84 547968 0 0 0
1032 1451 207 73 198219 0 0 0
-286 1713 179 73 796650 0 0 0
-1188 1617 84 59 534828 0 0 0
858 -1245 54 64 559762 0 0 0
-1845 1570 196 15 313327 0 0 0
1522 1968 184 179 709324 0 0 0
378 2252 111 14 921224 0 0 0
-950 2059 199 93 395264 0 0 0
759 1257 58 11 991600 0 0 0
451 -1669 182 126 732498 0 0 0
-833 1263 155 191 612361 0 0 0
2063 -2253 92 69 754861 0 0 0
1210 -227 81 21 402926 0 0 0
1449 723 18 172 441640 0 0 0
-202 1557 68 139 402157 0 0 0
-2021 1995 91 170 309585 0 0 0
6 1237 48 172 761661 0 0 0
-1156 -629 30 86 133920 0 0 0
-2220 433 26 115 630278 0 0 0
1330 772 13 43 215106 0 0 0
587 216 136 170 196376 0 0 0
-1506 1586 116 187 505439 0 0 0
-2018 -168 139 80 695320 0 0 0
-1027 373 86 140 642053 0 0 0
947 -2169 5 60 634398 0 0 0
907 -2162 12 59 105125 0 0 0
1819 2176 207 12 687214 0 0 0
984 -977 172 132 759520 0 0 0
-1831 -120 72 14 984390 0 0 0
1876 244 69 153 435757 0 0 0
-2124 -680 87 152 676822 0 0 0
72 -1825 23 72 607624 0 0 0
-1243 1828 136 70 262889 0 0 0
495 1512 35 150 389123 0 0 0
1583 -1711 62 106 236811 0 0 0
1323 -2272 137 35 157247 0 0 0
-2128 -413 190 68 812413 0 0 0
689 -1623 179 180 584957 0 0 0
1122 -1637 88 80 600193 0 0 0
-312 1364 13 85 139848 0 0 0
-1205 682 26 140 602987 0 0 0
-442 -1617 74 63 763497 0 0 0
1078 -1636 147 135 795219 0 0 0
-1865 1219 101 176 908802 0 0 0
-2297 -2269 96 16 598198 0 0 0
1122 -1100 6 188 636248 0 0 0
1033 131 47 30 500827 0 0 0
263 -926 122 112 145090 0 0 0
763 1554 141 47 790282 0 0 0
-1134 -764 3 135 980746 0 0 0
-1748 -1648 131 113 800413 0 0 0
-1021 -536 196 60 220747 0 0 0
-2249 1002 132 2 880720 0 0 0
-1787 -1546 57 76 640288 0 0 0
-1871 -1013 194 85 517765 0 0 0
1900 2044 50 152 835498 0 0 0
383 1783 82 80 760365 0 0 0
-845 -834 36 188 255770 0 0 0
614 373 28 35 562815 0 0 0
-239 -994 57 160 662225 0 0 0
828 400 39 130 374361 0 0 0
20 2023 155 124 132842 0 0 0
-317 -2016 163 135 988184 0 0 0
1418 -1070 114 143 569293 0 0 0
-1154 1786 25 27 564719 0 0 0
-692 -1499 153 145 264754 0 0 0
-881 -2130 36 145 350181 0 0 0
230 -1630 174 122 740404 0 0 0
-702 548 149 4 624240 0 0 0
-2130 1197 191 167 165106 0 0 0
-249 1195 134 84 270283 0 0 0
-467 -745 173 42 473785 0 0 0
-516 -781 4 118 224164 0 0 0
1174 1260 190 9 417835 0 0 0
1835 -1143 87 73 859079 0 0 0
1466 -594 23 23 489550 0 0 0
1551 354 152 127 673480 0 0 0
-2165 -368 7 129 541278 0 0 0
-642 1183 92 154 956433 0 0 0
1962 1501 179 86 835625 0 0 0
2051 777 92 7 840714 0 0 0
-844 349 14 181 654560 0 0 0
2166 425 140 105 379536 0 0 0
-46 -1323 188 2 854582 0 0 0
106 1110 193 129 125822 0 0 0
-974 348 121 43 780798 0 0 0
-1515 2 142 193 944527 0 0 0
-2111 2003 128 119 681909 0 0 0
380 367 155 24 152701 0 0 0
-461 -927 137 80 511406 0 0 0
-45 1592 119 120 868587 0 0 0
-266 -455 112 175 394822 0 0 0
771 -527 19 175 208626 0 0 0
2168 1506 79 121 398280 0 0 0
1041 -558 187 53 888073 0 0 0
1332 -595 191 75 635875 0 0 0
-2126 -966 123 142 378113 0 0 0
-424 -1014 14 154 228186 0 0 0
-1212 2155 184 163 352318 0 0 0
-1807 -525 12 79 945207 0 0 0
1685 -1791 103 156 128615 0 0 0
-941 -405 141 190 880153 0 0 0
525 -2121 81 65 732872 0 0 0
-799 657 64 13 127701 0 0 0
818 355 71 171 416508 0 0 0
-1519 2117 104 72 709979 0 0 0
643 1367 69 100 871951 0 0 0
-1162 462 195 177 826254 0 0 0
411 -1521 13 131 883100 0 0 0
-1728 -1360 193 13 797847 0 0 0
-2247 -1039 98 82 313903 0 0 0
-69 -1850 129 185 352838 0 0 0
-1511 2025 143 58 778505 0 0 0
-58 -2117 11 57 808937 0 0 0
2069 569 200 188 344449 0 0 0
80 1094 38 156 366921 0 0 0
1257 -772 172 175 121683 0 0 0
233 -1392 181 4 380699 0 0 0
-294 522 176 70 998683 0 0 0
-1793 -779 84 129 575414 0 0 0
-1400 -1338 108 174 648407 0 0 0
973 1002 78 78 763566 0 0 0
-919 1622 140 181 444963 0 0 0
1198 1602 36 103 476809 0 0 0
457 840 54 46 311410 0 0 0
-2056 1404 147 171 193397 0 0 0
-1409 -1407 182 62 792574 0 0 0
230 1132 158 91 829530 0 0 0
788 399 149 51 881225 0 0 0
1742 -1177 121 108 539373 0 0 0
1001 -2276 49 10 543434 0 0 0
1472 -1881 167 187 195901 0 0 0
757 -300 45 57 409693 0 0 0
699 -292 1 105 174461 0 0 0
-656 489 159 161 243623 0 0 0
328 2030 44 7 267312 0 0 0
546 -1786 205 58 895856 0 0 0
-91 -813 139 55 376119 0 0 0
827 1829 125 86 497350 0 0 0
-413 2081 13 153 114327 0 0 0
-1863 1607 1 103 213023 0 0 0
1948 937 166 95 638648 0 0 0
2202 124 22 4 798106 0 0 0
-1352 1784 30 90 497131 0 0 0
-254 -741 126 158 618400 0 0 0
-290 -58 148 108 982715 0 0 0
1917 -484 202 110 754318 0 0 0
968 661 151 105 494452 0 0 0
1035 248 159 152 758445 0 0 0
-1472 -1900 7 184 953076 0 0 0
-747 106 117 153 504148 0 0 0
-190 -491 191 23 929149 0 0 0
-1769 1980 25 183 981579 0 0 0
1590 1088 186 126 667630 0 0 0
738 1188 71 72 740394 0 0 0
396 -870 200 25 714862 0 0 0
-61 1542 199 83 559210 0 0 0
787 -2087 110 34 536114 0 0 0
-133 1522 125 96 938265 0 0 0
-1006 -1521 57 14 697007 0 0 0
-1093 -1480 121 88 332815 0 0 0
947 -893 68 137 801135 0 0 0
1434 512 131 184 407175 0 0 0
367 105 87 172 147907 0 0 0
-1144 -589 84 54 528094 0 0 0
913 -1724 16 118 904910 0 0 0
-1190 -1646 174 40 973713 0 0 0
-858 2014 122 125 897606 0 0 0
-1013 344 32 20 969747 0 0 0
1436 45 147 119 729369 0 0 0
-1765 -2083 203 94 448565 0 0 0
1414 -1674 149 165 472103 0 0 0
-2169 -280 68 192 685767 0 0 0
1050 246 27 150 642887 0 0 0
817 1403 152 101 829380 0 0 0
-735 -280 192 45 837714 0 0 0
-759 -2236 91 196 185723 0 0 0
-1860 -1233 90 70 611925 0 0 0
-1723 1006 112 177 600952 0 0 0
-1758 -252 16 54 497828 0 0 0
784 1658 175 32 341485 0 0 0
-516 -575 137 98 324872 0 0 0
711 244 85 142 251496 0 0 0
-557 -112 57 119 604637 0 0 0
-1393 2133 65 119 936661 0 0 0
-2282 201 8 28 276977 0 0 0
-952 -1633 58 35 950120 0 0 0
1418 436 158 150 984390 0 0 0
-1810 1457 173 78 308681 0 0 0
111 -1835 187 70 820818 0 0 0
2223 141 112 123 798091 0 0 0
-610 730 76 64 628922 0 0 0
-1444 -839 3 98 231311 0 0 0
478 -1079 14 83 944189 0 0 0
1900 -1380 109 59 951258 0 0 0
-596 -2284 65 143 961022 0 0 0
-1226 1517 101 76 972789 0 0 0
708 -256 105 119 775788 0 0 0
-1173 617 21 118 421933 0 0 0
1687 -1422 40 49 665705 0 0 0
652 2293 92 76 796833 0 0 0
-1159 965 46 134 561862 0 0 0
-486 1222 179 96 623404 0 0 0
-1274 -1298 145 34 760538 0 0 0
671 -1702 185 35 257676 0 0 0
-1286 -1847 27 57 960766 0 0 0
-674 2045 61 34 874503 0 0 0
741 1902 141 161 189302 0 0 0
-1408 632 55 186 374000 0 0 0
-1803 -1956 181 139 746076 0 0 0
1472 -1647 128 69 860637 0 0 0
-1719 10 25 134 832079 0 0 0
732 479 104 59 272576 0 0 0
1927 -2244 77 175 887873 0 0 0
2233 361 174 35 807162 0 0 0
2215 2222 133 145 287686 0 0 0
-1047 266 11 175 947411 0 0 0
-2063 -1824 89 54 524319 0 0 0
-2142 -950 184 108 834164 0 0 0
-1006 1731 147 142 177200 0 0 0
-733 78 105 11 811123 0 0 0
2245 826 57 44 371244 0 0 0
-2005 1637 153 55 641931 0 0 0
337 -1378 49 188 692225 0 0 0
2231 521 159 134 476986 0 0 0
621 -1989 8 148 559313 0 0 0
-1317 580 79 55 763081 0 0 0
245 -1130 165 164 829119 0 0 0
1747 689 76 167 935985 0 0 0
-1368 1398 96 113 310398 0 0 0
97 -777 146 124 919700 0 0 0
956 -1372 26 165 736916 0 0 0
1604 -302 39 138 139972 0 0 0
-1257 952 12 23 267112 0 0 0
-1167 1056 147 90 722326 0 0 0
-1027 96 198 68 624112 0 0 0
1377 -1302 129 59 834994 0 0 0
-1242 524 4 180 281918 0 0 0
-1185 -15 153 130 435367 0 0 0
1037 687 75 47 606739 0 0 0
-1712 576 169 148 847305 0 0 0
1869 1615 93 44 276112 0 0 0
-374 997 154 164 471213 0 0 0
-584 441 169 13 822984 0 0 0
207 -499 40 196 490700 0 0 0
-807 545 190 124 905771 0 0 0
1220 521 117 73 410976 0 0 0
-1069 -2262 64 105 818870 0 0 0
367 1477 50 167 208233 0 0 0
1140 579 117 166 489931 0 0 0
-605 745 207 167 839726 0 0 0
11 1204 207 79 836301 0 0 0
1631 -1049 76 29 253901 0 0 0
52 -1594 24 103 612879 0 0 0
-152 2190 81 52 487530 0 0 0
1859 982 51 169 729524 0 0 0
-1338 -1367 27 41 298583 0 0 0
-10 -901 26 51 283456 0 0 0
-355 -257 170 13 244148 0 0 0
1822 771 45 162 565805 0 0 0
-1161 884 163 169 693081 0 0 0
-590 1413 171 102 593996 0 0 0
-1501 -1339 114 171 666672 0 0 0
1518 1791 174 154 472070 0 0 0
1436 -709 179 75 452021 0 0 0
2179 38 194 134 233934 0 0 0
2031 -871 190 67 114361 0 0 0
-2015 -1792 180 34 931137 0 0 0
450 1925 180 182 766639 0 0 0
-2095 929 152 77 510120 0 0 0
926 -487 187 4 833840 0 0 0
-1685 1414 27 100 676162 0 0 0
-1416 817 93 190 458990 0 0 0
-334 1589 144 152 815787 0 0 0
-1959 -1712 83 95 813425 0 0 0
2199 -1585 78 124 785206 0 0 0
1456 -1123 141 23 554628 0 0 0
-622 426 18 196 351312 0 0 0
1338 1893 126 2 399617 0 0 0
2180 1921 205 75 527691 0 0 0
1348 -1100 58 38 699357 0 0 0
415 1817 50 57 618604 0 0 0
1720 208 13 113 944566 0 0 0
-776 -435 103 101 884863 0 0 0
-234 -198 203 35 199388 0 0 0
-1494 921 25 76 700692 0 0 0
-2145 1497 55 141 578840 0 0 0
835 -1835 75 173 999641 0 0 0
-536 -1629 29 92 728342 0 0 0
-753 -2183 175 9 424347 0 0 0
1614 -1036 37 40 827555 0 0 0
1403 -2006 65 2 543266 0 0 0
-55 647 47 172 279593 0 0 0
266 -1844 128 88 949503 0 0 0
-561 -1761 96 139 249736 0 0 0
366 162 79 88 303045 0 0 0
120 2159 41 135 212496 0 0 0
-25 -1341 149 153 243208 0 0 0
-185 -1348 32 81 474493 0 0 0
-408 48 193 195 840873 0 0 0
428 -1048 21 190 347025 0 0 0
-1035 -1083 158 166 629397 0 0 0
605 -144 173 122 218541 0 0 0
2242 -1057 137 35 912452 0 0 0
2297 -2167 142 70 295738 0 0 0
-569 -1428 196 85 464918 0 0 0
2264 40 191 146 157209 0 0 0
414 -646 1 189 911938 0 0 0
-1137 -479 151 78 311215 0 0 0
638 1060 201 66 761695 0 0 0
-660 1912 52 69 578542 0 0 0
508 -337 123 22 645176 0 0 0
1149 -1709 88 39 200399 0 0 0
-538 -1600 16 131 838793 0 0 0
782 -419 49 69 889349 0 0 0
241 1511 206 177 819515 0 0 0
955 1471 182 144 906706 0 0 0
-134 1349 30 73 144608 0 0 0
-1136 -1157 162 166 878496 0 0 0
-400 -1101 170 109 897527 0 0 0
-1249 -18 209 15 417947 0 0 0
2113 2041 103 190 200596 0 0 0
1090 1230 68 167 401518 0 0 0
-811 -1231 39 54 892796 0 0 0
1374 -2172 38 170 277140 0 0 0
-1560 1053 135 34 828313 0 0 0
1042 -2109 113 49 168860 0 0 0
-1563 -598 170 184 660708 0 0 0
2153 294 100 96 623690 0 0 0
1117 -2164 114 7 566961 0 0 0
448 -1996 96 29 227435 0 0 0
-1845 -1808 93 124 975528 0 0 0
-743 1397 52 17 993517 0 0 0
2156 -1171 185 63 929305 0 0 0
522 -1331 42 47 379387 0 0 0
-1899 -1876 189 167 647943 0 0 0
2100 -659 204 103 169556 0 0 0
2109 -1232 188 30 395836 0 0 0
964 -2175 32 86 310073 0 0 0
-2056 1625 203 38 463640 0 0 0
2184 1308 86 177 157834 0 0 0
-357 -257 138 172 755954 0 0 0
326 211 199 65 380230 0 0 0
-307 -519 62 31 998196 0 0 0
1790 -1863 153 63 732649 0 0 0
-1891 2110 99 43 774370 0 0 0
-583 222 17 188 294727 0 0 0
1293 -1664 11 87 401357 0 0 0
-1839 70 135 170 909931 0 0 0
25 1895 22 144 642776 0 0 0
899 -437 205 129 779573 0 0 0
465 440 186 162 807155 0 0 0
-426 407 73 94 603607 0 0 0
-625 -1674 158 134 914249 0 0 0
-152 474 132 194 654796 0 0 0
1368 1577 60 78 566451 0 0 0
1537 -1574 36 117 972255 0 0 0
-760 1588 191 101 727335 0 0 0
780 1168 191 41 352564 0 0 0
-1606 -2168 13 116 125357 0 0 0
413 -1930 38 123 951571 0 0 0
1069 -934 164 58 270225 0 0 0
-1718 -2252 47 148 909346 0 0 0
2155 2006 72 182 916833 0 0 0
-1758 -1337 151 86 457202 0 0 0
712 1838 173 172 291342 0 0 0
109 -2009 112 76 528728 0 0 0
-460 -516 54 12 855811 0 0 0
299 -1917 80 189 838230 0 0 0
334 415 165 134 788659 0 0 0
1092 -280 128 79 951241 0 0 0
-1088 -23 22 93 573036 0 0 0
1258 -417 76 83 792478 0 0 0
685 1055 43 119 633411 0 0 0
1317 1586 96 145 799399 0 0 0
-1550 2140 128 83 723117 0 0 0
296 1797 122 90 483138 0 0 0
-2006 -703 125 190 647867 0 0 0
-383 2178 159 57 149478 0 0 0
767 -2275 58 30 160473 0 0 0
-2232 868 111 140 449263 0 0 0
1205 -535 128 17 965546 0 0 0
2216 1451 111 177 586718 0 0 0
-2136 762 34 71 421419 0 0 0
2096 -750 181 114 680303 0 0 0
-2025 -2023 199 33 208306 0 0 0
228 1905 65 22 108371 0 0 0
-1688 104 111 99 525467 0 0 0
-1755 1929 160 45 429868 0 0 0
-1098 -2277 48 109 908418 0 0 0
1743 828 3 149 387354 0 0 0
1655 821 101 116 279518 0 0 0
479 -680 174 97 482903 0 0 0
1365 2291 95 89 766691 0 0 0
-943 814 125 127 103003 0 0 0
509 468 102 77 219964 0 0 0
-4 699 117 34 665675 0 0 0
646 962 70 46 727633 0 0 0
2027 294 165 186 669310 0 0 0
2131 -1005 84 176 144062 0 0 0
1289 -689 164 60 509895 0 0 0
2273 -1967 203 187 389239 0 0 0
-1717 -1624 49 193 555030 0 0 0
-2118 -1977 109 64 334325 0 0 0
777 1515 51 121 732848 0 0 0
1108 931 19 3 834959 0 0 0
-914 -481 79 74 586889 0 0 0
-464 -554 107 188 666598 0 0 0
-401 33 21 149 957166 0 0 0
-146 -1290 146 113 599925 0 0 0
-1312 399 184 125 686639 0 0 0
383 431 205 92 812628 0 0 0
-1410 1615 208 149 216952 0 0 0
1172 1459 171 11 572897 0 0 0
-408 1189 158 66 288769 0 0 0
1226 -992 170 95 399332 0 0 0
2218 877 33 167 708348 0 0 0
-1350 -243 103 109 209954 0 0 0
1565 -1751 3 21 592546 0 0 0
1153 710 160 170 697055 0 0 0
1234 438 207 179 516065 0 0 0
-1540 -1882 129 2 484545 0 0 0
429 1884 137 148 143036 0 0 0
231 -1474 43 126 144964 0 0 0
307 -1995 52 118 828633 0 0 0
-754 -1226 112 84 978808 0 0 0
-967 214 24 16 233516 0 0 0
-593 453 149 106 963701 0 0 0
1625 -19 127 166 153884 0 0 0
-2235 711 202 109 958649 0 0 0
-385 -1883 66 48 339674 0 0 0
1784 135 164 78 166274 0 0 0
1284 -1202 15 7 995233 0 0 0
346 1233 139 84 862539 0 0 0
-455 286 30 81 470709 0 0 0
-341 670 11 167 791087 0 0 0
-1128 1889 204 37 229799 0 0 0
2093 -1618 204 152 715721 0 0 0
-1747 1647 181 9 324340 0 0 0
-730 1683 147 119 237293 0 0 0
-1450 1161 31 44 957172 0 0 0
264 325 162 61 352898 0 0 0
590 -1057 131 100 271656 0 0 0
1924 764 30 120 966863 0 0 0
-611 -1245 104 169 916160 0 0 0
-124 -1876 102 28 662092 0 0 0
2188 -676 194 29 242006 0 0 0
-1758 -1472 72 76 285285 0 0 0
-2119 676 58 56 384481 0 0 0
47 -2149 47 194 458068 0 0 0
156 -1671 182 74 335601 0 0 0
1326 -1311 162 97 605003 0 0 0
-1464 619 141 165 489925 0 0 0
1722 111 147 102 174984 0 0 0
-605 -899 42 14 421419 0 0 0
-7 1416 115 53 587592 0 0 0
-758 -1852 96 28 699981 0 0 0
-2109 -2084 2 54 724859 0 0 0
-1017 -2290 43 26 367381 0 0 0
-1972 -280 126 139 881395 0 0 0
2011 -866 207 54 530923 0 0 0
681 1817 149 176 879267 0 0 0
-356 133 10 117 749166 0 0 0
-2179 1825 189 188 536327 0 0 0
-182 -842 67 81 690971 0 0 0
-799 -1344 13 34 326647 0 0 0
562 -2281 54 163 875238 0 0 0
1909 -1163 39 133 482296 0 0 0
-819 2204 27 39 856980 0 0 0
-986 -281 58 105 685894 0 0 0
-1084 30 188 32 225886 0 0 0
218 1632 30 125 978392 0 0 0
-112 -2162 147 105 811433 0 0 0
1737 2058 91 12 204491 0 0 0
741 -1190 28 83 308152 0 0 0
-1996 -1791 158 101 263304 0 0 0
-875 -1674 80 141 615127 0 0 0
908 -382 51 193 206924 0 0 0
2100 -2224 194 134 926509 0 0 0
-2229 -1875 34 93 360733 0 0 0
537 -1073 7 43 572425 0 0 0
-992 2072 183 119 691742 0 0 0
911 -1284 49 98 596343 0 0 0
-1248 -763 40 177 215059 0 0 0
627 -1043 65 166 770722 0 0 0
594 2102 49 72 961191 0 0 0
945 382 110 162 654017 0 0 0
-574 1541 65 39 759737 0 0 0
-2012 -1167 27 147 578298 0 0 0
-590 -1550 130 110 461012 0 0 0
911 -411 39 32 519818 0 0 0
946 1560 201 133 247444 0 0 0
-438 -765 100 5 289353 0 0 0
-817 -1721 127 147 552770 0 0 0
-282 1505 70 153 847869 0 0 0
1539 -308 161 182 453304 0 0 0
1105 1139 120 49 770749 0 0 0
2152 2272 201 1 195159 0 0 0
-1992 2258 143 6 406963 0 0 0
416 -1158 203 113 212134 0 0 0
-652 1790 104 163 733731 0 0 0
1885 -788 95 41 600627 0 0 0
1916 931 159 191 605701 0 0 0
-1018 1729 118 109 899994 0 0 0
-512 -1369 85 127 285357 0 0 0
-348 -1899 56 74 272291 0 0 0
-588 -2129 103 154 686119 0 0 0
1148 -146 107 195 847111 0 0 0
-1686 2293 52 35 701761 0 0 0
-117 -2271 120 22 551854 0 0 0
1313 1881 141 159 258058 0 0 0
1903 267 85 19 924504 0 0 0
1781 -1688 207 68 435260 0 0 0
649 -776 30 17 655088 0 0 0
-868 -1649 34 24 330137 0 0 0
-301 1663 57 10 509308 0 0 0
1663 1743 12 39 681677 0 0 0
-1825 1014 23 1 629912 0 0 0
1466 812 169 68 683778 0 0 0
1189 999 119 57 248464 0 0 0
2203 -336 16 156 755021 0 0 0
1805 -1529 168 19 398351 0 0 0
-1822 -1123 56 44 522618 0 0 0
2245 1786 187 86 279676 0 0 0
1170 -1367 111 101 223551 0 0 0
-1208 1468 41 91 435868 0 0 0
-2092 101 15 52 275555 0 0 0
251 1145 59 173 170245 0 0 0
-680 -1297 114 30 291219 0 0 0
-2112 1068 3 76 846602 0 0 0
-1762 -489 136 70 855944 0 0 0
1199 -549 22 180 347601 0 0 0
1105 -34 29 87 948508 0 0 0
2014 649 202 11 977618 0 0 0
-1291 -2232 136 185 274716 0 0 0
-1161 -838 4 163 835611 0 0 0
1815 -715 49 39 950754 0 0 0
-874 -1710 129 81 438089 0 0 0
-1786 279 158 182 523903 0 0 0
-1208 1753 142 177 118491 0 0 0
1075 -485 162 172 654613 0 0 0
-1765 -626 198 140 542164 0 0 0
203 2110 88 61 716454 0 0 0
-838 -775 95 163 582688 0 0 0
-283 1351 109 191 819068 0 0 0
-1328 -951 207 47 551692 0 0 0
365 1607 164 54 591330 0 0 0
-1181 136 91 153 537268 0 0 0
-1640 362 97 120 716658 0 0 0
887 2144 149 124 778101 0 0 0
1986 1369 18 183 529046 0 0 0
341 342 108 37 371996 0 0 0
-115 594 71 38 406511 0 0 0
119 -414 189 89 924420 0 0 0
45 -211 46 118 147645 0 0 0
2275 1446 182 153 294863 0 0 0
608 185 104 84 820625 0 0 0
1583 -1776 147 167 411200 0 0 0
-947 -1750 183 167 927423 0 0 0
2176 1221 84 21 965554 0 0 0
-2173 1668 99 46 729869 0 0 0
-285 1583 57 41 434375 0 0 0
-883 -371 23 130 590776 0 0 0
843 -1892 166 99 310812 0 0 0
-1308 527 105 49 754032 0 0 0
1605 1015 172 137 551288 0 0 0
2104 1130 116 165 782479 0 0 0
-1991 1407 94 82 930053 0 0 0
-2201 601 49 123 225094 0 0 0
-799 2169 29 159 125005 0 0 0
-1199 -1748 61 183 204931 0 0 0
1083 1315 179 124 969667 0 0 0
1673 -1580 27 33 514821 0 0 0
-182 -2225 17 179 513320 0 0 0
-2016 1833 160 11 711986 0 0 0
1437 -1512 60 126 103988 0 0 0
437 -360 149 17 487604 0 0 0
-989 -1102 128 166 496999 0 0 0
-510 -434 61 51 897401 0 0 0
-870 517 196 41 989607 0 0 0
-2132 -1691 102 134 914135 0 0 0
-1298 -739 88 89 997634 0 0 0
-1609 -660 41 11 386078 0 0 0
1662 -290 149 15 970029 0 0 0
-802 -1845 126 26 923544 0 0 0
953 1918 122 130 883270 0 0 0
-1752 750 182 66 764594 0 0 0
-250 -1867 186 86 186871 0 0 0
1101 1695 136 165 420846 0 0 0
563 1339 178 75 711533 0 0 0
-1807 -1348 149 68 737984 0 0 0
255 2032 160 48 136985 0 0 0
2163 -2285 151 139 186272 0 0 0
1260 287 25 148 998352 0 0 0
-304 -108 77 92 237337 0 0 0
-780 -676 203 96 560191 0 0 0
1833 1939 120 163 708991 0 0 0
1128 -600 150 185 851027 0 0 0
-204 1033 32 60 449335 0 0 0
-1031 2059 184 163 642945 0 0 0
-1419 -553 63 183 774649 0 0 0
465 -2276 196 70 241799 0 0 0
-998 -292 10 35 450840 0 0 0
-56 -1712 107 67 846054 0 0 0
-861 1540 133 176 970090 0 0 0
979 969 59 102 875593 0 0 0
1578 830 129 66 722634 0 0 0
-2142 727 171 105 794677 0 0 0
-1922 -1631 170 78 544068 0 0 0
-1488 -1848 167 106 522591 0 0 0
27 761 111 67 779526 0 0 0
2069 1626 132 75 309605 0 0 0
251 82 71 127 264711 0 0 0
1340 -61 130 166 283788 0 0 0
-1214 -697 52 5 928740 0 0 0
-1907 -871 71 169 778286 0 0 0
1600 2028 177 70 595171 0 0 0
297 151 21 63 231335 0 0 0
7 -1996 147 32 929989 0 0 0
1668 2008 187 114 802688 0 0 0
-1044 -1069 49 194 498484 0 0 0
1086 1406 82 113 467703 0 0 0
-1799 1961 121 10 873250 0 0 0
456 -823 58 85 658467 0 0 0
1475 -1478 113 172 664468 0 0 0
-1526 825 49 158 374888 0 0 0
-1337 -1703 202 11 671903 0 0 0
2076 -842 84 98 231431 0 0 0
982 -1887 149 37 313407 0 0 0
1011 -539 18 71 225260 0 0 0
479 239 29 139 766250 0 0 0
-668 162 133 9 560144 0 0 0
-700 -2141 83 187 977794 0 0 0
-931 408 159 164 813794 0 0 0
2064 892 159 110 914374 0 0 0
-1370 -1132 56 120 601964 0 0 0
-548 -1869 103 33 665149 0 0 0
-463 -298 146 137 974386 0 0 0
-624 -2080 146 87 313380 0 0 0
-1409 495 206 168 646918 0 0 0
-1390 808 43 148 436426 0 0 0
-1805 -1154 73 182 510206 0 0 0
-1297 -286 175 6 444820 0 0 0
1719 -172 189 104 312578 0 0 0
179 1868 106 173 649594 0 0 0
-2033 1788 128 48 754300 0 0 0
1945 1287 178 95 774450 0 0 0
-1597 1478 176 79 484573 0 0 0
-1945 -115 111 62 940959 0 0 0
-569 509 16 26 898399 0 0 0
212 -845 76 92 940139 0 0 0
-189 601 192 191 598937 0 0 0
2174 -1234 120 120 971195 0 0 0
-1920 188 105 61 483360 0 0 0
-1590 -728 9 78 700862 0 0 0
-46 851 39 175 280148 0 0 0
2063 1737 141 130 520159 0 0 0
3 550 154 46 855258 0 0 0
-68 864 60 196 718940 0 0 0
1148 187 32 55 214619 0 0 0
2074 -1810 176 175 274523 0 0 0
1543 248 97 187 650200 0 0 0
-159 1495 117 143 210103 0 0 0
-154 536 26 11 813402 0 0 0
-1704 61 202 124 797735 0 0 0
-2119 -765 118 89 941683 0 0 0
294 -2175 8 123 478982 0 0 0
-2108 -1839 15 147 391491 0 0 0
863 1056 67 51 546741 0 0 0
727 2080 31 49 571034 0 0 0
-1404 1478 116 137 400921 0 0 0
651 -41 130 57 178785 0 0 0
1587 -627 156 99 906999 0 0 0
850 -800 113 183 152162 0 0 0
383 33 152 67 763804 0 0 0
-473 -841 107 52 617623 0 0 0
-1565 -1980 64 79 554801 0 0 0
1618 118 39 176 904161 0 0 0
-940 -1959 114 113 181747 0 0 0
987 -402 159 70 209052 0 0 0
-1810 2091 63 99 878830 0 0 0
391 -877 41 100 299934 0 0 0
1704 -1978 40 135 701338 0 0 0
2271 -2209 86 73 565989 0 0 0
-2236 1050 97 189 692109 0 0 0
2144 329 46 156 578859 0 0 0
2150 -753 12 9 981872 0 0 0
-270 894 173 26 476707 0 0 0
-1392 2181 49 184 600941 0 0 0
-2187 757 206 34 956858 0 0 0
857 -513 15 126 321928 0 0 0
-1651 -737 49 6 892695 0 0 0
1082 -261 58 44 348316 0 0 0
-1531 77 172 21 405082 0 0 0
1795 596 85 45 899507 0 0 0
1905 -664 59 185 785788 0 0 0
2178 -1429 71 195 131372 0 0 0
1036 -1879 143 138 812638 0 0 0
849 -2084 158 138 252930 0 0 0
-652 1146 79 13 767968 0 0 0
1638 -1063 43 128 175932 0 0 0
25 -1959 5 166 922413 0 0 0
-1355 2050 143 176 232319 0 0 0
-1163 204 26 56 436718 0 0 0
808 451 71 72 755143 0 0 0
2122 -1939 1 101 611401 0 0 0
351 -1942 190 186 519502 0 0 0
-122 1234 70 114 423621 0 0 0
977 -475 29 169 494108 0 0 0
-277 1566 183 129 770799 0 0 0
462 84 95 160 809420 0 0 0
1022 995 191 108 502694 0 0 0
-1911 -512 27 164 694534 0 0 0
-1955 -1887 89 93 841746 0 0 0
785 -153 144 112 529048 0 0 0
654 -1538 134 46 940669 0 0 0
856 67 123 6 220070 0 0 0
2119 -69 48 165 111217 0 0 0
592 -1656 38 122 735477 0 0 0
1934 700 107 147 667953 0 0 0
838 -1071 199 43 164729 0 0 0
-1150 -943 181 41 694398 0 0 0
346 -1767 10 56 753628 0 0 0
-114 -381 38 105 995786 0 0 0
783 -867 64 179 655541 0 0 0
1562 1472 7 96 506080 0 0 0
-1465 1409 115 124 763358 0 0 0
967 -1385 158 124 354142 0 0 0
2019 1859 59 42 514927 0 0 0
888 -1191 128 8 783444 0 0 0
-2055 1980 32 136 696163 0 0 0
723 977 169 34 640225 0 0 0
-299 -80 192 95 768237 0 0 0
-1513 1350 43 39 112284 0 0 0
-927 2158 146 152 119388 0 0 0
-2102 -1169 99 85 638437 0 0 0
238 -576 156 77 472706 0 0 0
453 -476 94 138 577578 0 0 0
153 1502 127 65 655308 0 0 0
105 -1763 201 60 875941 0 0 0
-357 761 151 168 753033 0 0 0
-1560 1657 159 173 516535 0 0 0
-492 1077 129 67 397813 0 0 0
1229 2074 81 7 297602 0 0 0
217 -761 36 179 455405 0 0 0
-212 -612 207 86 207689 0 0 0
2055 1941 61 37 194775 0 0 0
-2151 -549 190 158 471302 0 0 0
1725 -1430 143 91 178705 0 0 0
-484 -1321 140 133 269329 0 0 0
2015 1372 62 112 548017 0 0 0
1638 1831 26 22 351555 0 0 0
305 -90 142 68 793681 0 0 0
1680 882 120 96 951660 0 0 0
763 -1826 157 86 222697 0 0 0
716 349 77 70 114539 0 0 0
-1034 -1907 160 162 404696 0 0 0
-55 -760 104 72 732228 0 0 0
1841 491 132 152 876364 0 0 0
1102 352 60 38 340421 0 0 0
-258 1212 87 123 384443 0 0 0
2086 555 146 15 140577 0 0 0
1764 49 175 120 285674 0 0 0
1651 -1664 108 141 428013 0 0 0
-1484 1762 166 155 361283 0 0 0
234 2178 115 97 869842 0 0 0
2126 930 209 1 821644 0 0 0
112 1728 19 133 987011 0 0 0
-158 -474 171 161 459178 0 0 0
-709 2078 33 169 476181 0 0 0
-2066 913 185 14 233872 0 0 0
-961 -1944 207 25 569676 0 0 0
1120 -1880 185 57 423939 0 0 0
-186 646 183 117 565055 0 0 0
382 -775 173 157 641812 0 0 0
630 1257 147 134 785225 0 0 0
1031 -39 27 88 991915 0 0 0
204 -616 103 16 119383 0 0 0
849 527 28 13 681974 0 0 0
-725 -485 50 70 796988 0 0 0
542 -996 172 112 827635 0 0 0
-999 -1819 8 170 773920 0 0 0
883 -1069 146 34 923947 0 0 0
-812 2074 119 116 180758 0 0 0
-1727 -1965 10 128 408693 0 0 0
1549 1747 61 175 966581 0 0 0
895 -329 14 111 539818 0 0 0
-1098 -1475 91 79 553628 0 0 0
-1788 577 164 25 112093 0 0 0
2034 -1701 117 77 192770 0 0 0
-270 1339 108 161 283743 0 0 0
-1965 -770 64 100 734726 0 0 0
-407 -533 99 119 935882 0 0 0
1960 1226 45 94 154922 0 0 0
1698 -1810 65 173 802110 0 0 0
-1968 -432 193 182 723206 0 0 0
2141 17 68 117 468675 0 0 0
458 -941 206 94 379058 0 0 0
1747 104 177 143 606071 0 0 0
2124 -1338 60 138 563221 0 0 0
1602 -1124 15 31 116028 0 0 0
-1651 -1655 99 37 713525 0 0 0
563 1317 151 104 572559 0 0 0
620 -739 142 133 369908 0 0 0
1365 39 181 6 553268 0 0 0
1970 2261 17 185 312150 0 0 0
-1813 -278 122 83 524705 0 0 0
-1875 -1015 179 149 734743 0 0 0
-1168 -1734 159 148 342039 0 0 0
1518 -1379 30 163 851310 0 0 0
-447 -406 88 7 391513 0 0 0
552 1035 202 195 239200 0 0 0
2107 -705 195 124 245062 0 0 0
1460 2280 145 64 492702 0 0 0
478 -2288 59 149 311818 0 0 0
1874 -704 41 24 589563 0 0 0
814 964 147 100 134836 0 0 0
242 741 24 21 518757 0 0 0
2144 -56 160 80 586689 0 0 0
-465 1538 139 146 600658 0 0 0
702 -1042 68 159 601695 0 0 0
503 -407 194 138 515527 0 0 0
1306 1236 119 162 260330 0 0 0
-1659 -1648 202 22 627829 0 0 0
-1409 1625 189 96 549576 0 0 0
-960 1833 130 140 940479 0 0 0
-2065 739 100 72 816955 0 0 0
1468 1155 184 143 784823 0 0 0
-586 102 172 142 645270 0 0 0
-987 -1159 154 83 796264 0 0 0
794 -1019 57 149 516747 0 0 0
1536 1319 140 73 609975 0 0 0
-204 1668 66 30 394072 0 0 0
959 -976 122 20 621905 0 0 0
1667 845 113 94 298288 0 0 0
-568 -711 129 177 548031 0 0 0
1907 1488 76 58 899878 0 0 0
714 -2260 50 72 556658 0 0 0
-1801 2047 109 30 513338 0 0 0
2198 287 175 70 430257 0 0 0
75 -1000 172 79 928181 0 0 0
1706 -136 55 132 548041 0 0 0
2185 4 105 31 458434 0 0 0
-1294 -893 114 143 462084 0 0 0
-2245 360 65 175 124379 0 0 0
29 -1575 11 124 836410 0 0 0
22 -2272 60 13 793696 0 0 0
-2081 -1952 173 96 823127 0 0 0
467 -2128 142 109 444181 0 0 0
-1961 -838 184 34 974000 0 0 0
1209 1257 161 33 413162 0 0 0
1942 -859 87 61 781970 0 0 0
-1359 -1126 191 47 665757 0 0 0
1591 1345 199 116 374440 0 0 0
-1079 1576 138 1 987922 0 0 0
702 1786 97 151 990649 0 0 0
-1637 951 70 148 234113 0 0 0
196 -622 56 128 839801 0 0 0
1268 710 82 74 831397 0 0 0
-715 -817 107 6 879208 0 0 0
-922 -141 158 140 334773 0 0 0
-1065 -1626 19 65 446944 0 0 0
-924 518 40 131 824020 0 0 0
2184 1139 121 124 694572 0 0 0
-1313 -1272 87 73 603044 0 0 0
-1042 -213 9 21 391590 0 0 0
-2083 -371 135 107 358974 0 0 0
-2075 -1140 133 35 851884 0 0 0
2058 -371 91 140 231949 0 0 0
-805 1921 129 6 928617 0 0 0
506 -908 200 117 572754 0 0 0
-807 222 87 16 190981 0 0 0
454 -1988 167 2 571390 0 0 0
548 2015 206 155 966012 0 0 0
-293 -797 143 10 145012 0 0 0
1944 -1633 18 14 480006 0 0 0
966 -1295 85 50 532136 0 0 0
-456 2280 167 117 631659 0 0 0
2006 -1462 23 49 977092 0 0 0
2032 -1553 36 93 697817 0 0 0
-1573 -2140 56 51 378244 0 0 0
-839 946 14 55 598895 0 0 0
-1027 1520 193 160 509058 0 0 0
1255 -1597 62 109 673553 0 0 0
-1580 -512 189 170 656791 0 0 0
-103 -1512 140 181 912401 0 0 0
1981 -787 73 120 526267 0 0 0
1991 2185 125 106 836437 0 0 0
2248 1973 170 3 131749 0 0 0
-1277 -467 3 96 184243 0 0 0
-2096 2177 111 126 414774 0 0 0
2106 -1867 122 95 205296 0 0 0
-2232 -1385 58 60 989160 0 0 0
-1789 1956 2 150 809558 0 0 0
-1647 -2070 192 117 311577 0 0 0
2211 2055 30 122 450995 0 0 0
-694 1453 112 1 815863 0 0 0
-257 -2198 182 73 940806 0 0 0
-1634 -523 8 85 653041 0 0 0
472 -1798 168 109 867607 0 0 0
-2095 780 126 184 381456 0 0 0
-611 1334 145 40 643465 0 0 0
-2173 1292 66 157 244240 0 0 0
-263 -105 101 49 982805 0 0 0
1929 503 196 176 589581 0 0 0
1803 -1490 197 84 591161 0 0 0
1936 1422 54 131 832949 0 0 0
2062 -2189 37 136 297848 0 0 0
2159 295 146 178 350113 0 0 0
271 1958 166 14 829190 0 0 0
2093 2197 38 120 110779 0 0 0
-2194 -1516 163 171 101726 0 0 0
-249 684 140 10 127443 0 0 0
-582 -1640 39 181 299334 0 0 0
415 -1388 198 159 756991 0 0 0
1725 215 187 56 293493 0 0 0
30 -717 10 146 596643 0 0 0
2162 2028 91 81 521070 0 0 0
1258 344 165 131 432938 0 0 0
1948 -1394 103 7 441700 0 0 0
1518 -1719 61 145 321811 0 0 0
-166 1160 11 87 609738 0 0 0
-1076 -20 202 114 191863 0 0 0
740 -191 59 29 139796 0 0 0
-878 -302 208 175 634872 0 0 0
-1795 -866 34 28 224649 0 0 0
-256 30 121 189 846923 0 0 0
105 -71 142 127 962556 0 0 0
1367 -1783 67 96 684920 0 0 0
-978 769 122 46 189937 0 0 0
41 -31 209 59 104850 0 0 0
-409 412 152 183 976339 0 0 0
-1922 -205 77 62 933596 0 0 0
1786 737 63 160 289587 0 0 0
-1732 2061 85 133 952017 0 0 0
1831 -585 171 162 585768 0 0 0
2067 1070 35 136 238086 0 0 0
-725 292 124 46 375133 0 0 0
-1306 -980 65 11 361960 0 0 0
-866 -318 68 26 430592 0 0 0
1705 1753 131 193 892608 0 0 0
1840 -260 105 80 987145 0 0 0
-741 1472 134 58 148133 0 0 0
1841 -2172 108 129 194827 0 0 0
2046 -1834 205 102 703782 0 0 0
-1710 -1864 138 65 592258 0 0 0
-808 1423 192 106 426618 0 0 0
956 1684 204 41 672207 0 0 0
505 -610 58 33 354630 0 0 0
977 -1531 1 103 138274 0 0 0
-1836 -1058 65 12 511931 0 0 0
-1438 -2030 163 73 382190 0 0 0
-490 1125 140 114 533754 0 0 0
-1388 -1672 152 64 962519 0 0 0
-1999 -1218 8 46 854747 0 0 0
-1672 1516 184 46 311107 0 0 0
535 1074 160 11 562866 0 0 0
-1338 2298 113 122 624976 0 0 0
-1241 1877 201 15 636990 0 0 0
-1072 1267 16 29 760803 0 0 0
-537 -38 123 72 240524 0 0 0
-1224 -1730 103 111 129055 0 0 0
2237 358 38 80 896416 0 0 0
1319 784 181 36 522253 0 0 0
-947 -1305 58 68 165649 0 0 0
-640 -544 45 196 880121 0 0 0
-1275 -1261 7 155 647605 0 0 0
1020 -2103 118 26 226740 0 0 0
477 1715 46 103 315093 0 0 0
-736 722 136 44 239702 0 0 0
-240 -709 68 159 766437 0 0 0
-2217 -1295 185 82 522177 0 0 0
-1157 1815 204 116 874537 0 0 0
2049 -1799 108 154 584133 0 0 0
-1116 321 177 119 422270 0 0 0
1971 -73 85 18 666416 0 0 0
1874 -1117 25 76 872632 0 0 0
-1594 879 34 63 965868 0 0 0
636 -1478 197 122 523934 0 0 0
748 -1084 28 29 874462 0 0 0
2004 956 192 2 550507 0 0 0
-483 -130 92 12 265864 0 0 0
-943 2173 112 151 713905 0 0 0
1712 -1203 54 99 780073 0 0 0
1363 -313 19 152 230106 0 0 0
-859 -1847 76 21 323615 0 0 0
-1239 -483 204 163 116367 0 0 0
1070 2221 111 39 648577 0 0 0
-1952 2194 6 172 454477 0 0 0
-980 -1410 205 172 931890 0 0 0
-2031 -896 192 34 562468 0 0 0
942 -1750 42 43 830176 0 0 0
-683 -470 36 50 479269 0 0 0
-256 8 98 113 713561 0 0 0
-1465 -1801 26 86 428004 0 0 0
-538 1600 191 126 630810 0 0 0
-311 -1644 102 170 756024 0 0 0
622 -1407 38 178 581609 0 0 0
195 -1020 169 24 805581 0 0 0
802 995 139 179 256784 0 0 0
1838 -90 71 24 177231 0 0 0
-1387 168 19 88 393663 0 0 0
57 -1022 41 113 397017 0 0 0
-1793 -457 96 139 920545 0 0 0
954 161 82 189 638873 0 0 0
184 -1209 72 82 725047 0 0 0
-1548 -1356 56 112 415376 0 0 0
1600 1832 167 186 729639 0 0 0
-1559 364 150 108 478780 0 0 0
1912 -1344 59 65 176557 0 0 0
-2190 1108 56 86 219938 0 0 0
-540 -508 69 127 551074 0 0 0
-2185 1436 24 97 194256 0 0 0
-256 -1354 119 178 451717 0 0 0
-1285 1655 180 20 165116 0 0 0
578 309 90 100 120025 0 0 0
-1559 354 42 18 768178 0 0 0
-2096 741 190 171 590492 0 0 0
-582 1885 128 23 548619 0 0 0
1049 -1522 196 189 517690 0 0 0
2207 2104 194 161 756359 0 0 0
-185 -1279 106 17 256586 0 0 0
-1410 -898 65 104 468581 0 0 0
678 -254 181 181 696544 0 0 0
2051 777 108 178 563990 0 0 0
173 -2240 172 5 823097 0 0 0
1244 21 6 90 580886 0 0 0
-1925 1136 112 67 111496 0 0 0
983 122 172 22 806278 0 0 0
428 21 166 64 458499 0 0 0
1114 2265 35 139 792316 0 0 0
707 -277 105 135 243465 0 0 0
-2029 -1852 2 143 413948 0 0 0
2140 980 84 127 339178 0 0 0
-2226 1304 25 127 850620 0 0 0
-1942 -1905 150 72 738421 0 0 0
886 -1329 154 74 230032 0 0 0
1628 -1845 165 46 661569 0 0 0
2168 1420 171 27 438626 0 0 0
1889 -1629 12 97 722662 0 0 0
-1832 1549 64 129 325609 0 0 0
232 408 139 118 527125 0 0 0
-159 -1527 51 72 588037 0 0 0
1057 -330 140 136 471107 0 0 0
1045 -2220 120 189 700376 0 0 0
967 236 88 89 392959 0 0 0
626 583 99 187 194032 0 0 0
24 -1520 191 66 999401 0 0 0
-374 13 18 84 935589 0 0 0
898 -891 9 3 270531 0 0 0
-239 -77 65 77 162865 0 0 0
-1391 371 198 105 441018 0 0 0
1694 1705 201 183 555583 0 0 0
-565 417 114 9 891118 0 0 0
-1298 -2208 67 161 610205 0 0 0
1223 -1779 35 75 802343 0 0 0
-1008 -93 198 18 591042 0 0 0
-422 -1473 104 65 863570 0 0 0
-1041 1661 76 193 216370 0 0 0
196 -1475 10 59 292091 0 0 0
-1785 881 192 70 259172 0 0 0
-1675 -1742 87 122 223752 0 0 0
911 1564 114 9 799790 0 0 0
-1319 302 39 95 614181 0 0 0
-1426 1565 120 170 949124 0 0 0
-2075 1423 208 98 235576 0 0 0
1505 -1076 13 156 293655 0 0 0
721 -2128 3 28 812176 0 0 0
-2101 175 141 41 909801 0 0 0
-1382 -1111 42 144 644651 0 0 0
-442 -1813 102 50 481229 0 0 0
488 -2094 60 6 135749 0 0 0
-1680 -1340 49 76 851759 0 0 0
1824 -1218 199 78 280339 0 0 0
-1018 1202 71 8 935505 0 0 0
-918 -1991 69 78 212635 0 0 0
-59 -415 24 28 739255 0 0 0
802 -44 178 128 751726 0 0 0
-1856 -2033 5 185 219866 0 0 0
1352 -373 190 109 373335 0 0 0
-1048 -1993 160 24 428240 0 0 0
-1913 1985 171 61 711072 0 0 0
-2012 -1720 25 96 918709 0 0 0
2254 1785 184 101 597316 0 0 0
-352 -101 165 171 587089 0 0 0
-2001 1277 199 138 836303 0 0 0
752 -345 69 170 372877 0 0 0
912 -1590 206 107 997728 0 0 0
-1499 2039 170 40 477497 0 0 0
1536 2239 5 149 545846 0 0 0
-919 672 126 42 408259 0 0 0
2245 -800 192 97 153841 0 0 0
-172 944 20 22 927933 0 0 0
-1810 -1491 108 44 927224 0 0 0
-1183 1247 48 133 873329 0 0 0
2179 -847 17 20 974777 0 0 0
1862 2054 1 78 304821 0 0 0
-1992 -1732 165 176 782875 0 0 0
-1584 1532 19 194 797032 0 0 0
-1121 -1471 12 134 348999 0 0 0
-2211 231 115 84 934920 0 0 0
-617 156 18 93 495671 0 0 0
693 421 175 164 625655 0 0 0
1903 -877 60 196 224192 0 0 0
-497 -365 83 58 120261 0 0 0
-316 -1232 161 108 351109 0 0 0
1543 -881 53 33 319053 0 0 0
-754 258 135 60 831652 0 0 0
-1249 -2046 144 137 172519 0 0 0
281 -719 193 179 717144 0 0 0
-1147 -1618 72 35 895116 0 0 0
1584 892 17 31 722883 0 0 0
-766 24 146 115 642852 0 0 0
725 1103 26 181 717645 0 0 0
-897 1858 192 179 643455 0 0 0
664 -884 110 128 915262 0 0 0
609 -1831 200 181 660641 0 0 0
-944 139 55 88 599042 0 0 0
-1095 -1366 109 16 423327 0 0 0
1741 1339 141 133 760875 0 0 0
1936 1770 66 153 544197 0 0 0
-437 -2081 24 99 879279 0 0 0
-515 1016 58 120 355833 0 0 0
-335 1221 19 76 768748 0 0 0
-1996 1352 187 138 664825 0 0 0
1968 740 57 94 823514 0 0 0
662 586 183 74 247173 0 0 0
-358 -207 145 158 312347 0 0 0
1888 -1593 183 101 381443 0 0 0
-1731 -1031 154 99 319151 0 0 0
2060 -697 8 88 296517 0 0 0
-1630 -617 148 52 734151 0 0 0
-1831 -86 25 24 815848 0 0 0
1259 -2135 68 106 163396 0 0 0
-2171 -1917 63 17 360872 0 0 0
-928 562 32 183 485900 0 0 0
1330 -237 12 84 416297 0 0 0
1637 -498 100 62 872342 0 0 0
1471 -346 152 21 826044 0 0 0
1575 1561 12 163 621427 0 0 0
-2238 450 76 169 390118 0 0 0
1961 737 5 33 845174 0 0 0
-787 965 74 171 519623 0 0 0
-935 1670 103 25 117753 0 0 0
-1128 -1124 7 81 929256 0 0 0
-1740 -771 73 124 318629 0 0 0
-2134 2110 197 67 981523 0 0 0
-1839 2032 98 23 811364 0 0 0
2297 1650 167 167 974039 0 0 0
-1589 581 182 141 841136 0 0 0
-2050 776 161 137 901664 0 0 0
608 -1943 63 140 820718 0 0 0
1757 157 146 155 184053 0 0 0
1286 -1977 139 106 784391 0 0 0
1875 -2044 163 118 582156 0 0 0
-92 654 146 129 351047 0 0 0
-1742 -1082 192 190 213124 0 0 0
356 -467 24 144 574173 0 0 0
-2099 -2151 189 15 933520 0 0 0
-532 -1480 130 2 211350 0 0 0
1840 524 136 58 773620 0 0 0
-2148 360 27 163 303950 0 0 0
-2196 407 193 122 870052 0 0 0
-2215 -1984 88 176 416062 0 0 0
1223 -1760 18 152 785884 0 0 0
1350 1734 42 2 738723 0 0 0
2086 1265 78 26 672035 0 0 0
-1319 877 53 191 527477 0 0 0
-1011 107 133 92 419810 0 0 0
230 -1113 39 160 770256 0 0 0
1420 2000 148 141 745844 0 0 0
-225 559 176 128 251203 0 0 0
-1637 -2037 12 178 972586 0 0 0
-2253 120 115 133 800966 0 0 0
1409 -822 176 152 557189 0 0 0
888 -716 156 171 542624 0 0 0
788 968 129 177 224689 0 0 0
654 735 157 192 373798 0 0 0
2035 -1632 200 143 529107 0 0 0
-1114 -824 55 70 642476 0 0 0
721 -512 162 104 232173 0 0 0
-461 535 199 136 508544 0 0 0
-674 2170 177 15 784597 0 0 0
261 -1300 113 78 640351 0 0 0
1711 -601 107 191 619239 0 0 0
-37 70 87 111 816853 0 0 0
-1137 715 1 179 936047 0 0 0
-273 -1458 204 42 886180 0 0 0
-1771 1966 12 126 442986 0 0 0
-78 2119 63 190 240106 0 0 0
1666 1282 101 20 549934 0 0 0
-96 499 13 37 448328 0 0 0
-2 -1978 3 83 377883 0 0 0
91 -1928 47 89 400958 0 0 0
-921 1898 108 125 774639 0 0 0
-338 1454 28 173 942670 0 0 0
1050 2016 2 122 496945 0 0 0
-336 -1035 13 192 597097 0 0 0
-1394 -1657 86 38 638574 0 0 0
29 -1172 115 157 513542 0 0 0
-344 280 31 36 205427 0 0 0
-1342 254 57 72 357937 0 0 0
-1661 -1854 75 138 645163 0 0 0
1431 -1723 39 161 758062 0 0 0
1153 102 88 109 969081 0 0 0
-2067 1796 105 42 415375 0 0 0
-2276 -2141 78 182 856260 0 0 0
-2229 1683 200 47 574728 0 0 0
1242 -1135 146 75 594827 0 0 0
-1646 619 186 6 266572 0 0 0
-1092 -1400 96 145 510564 0 0 0
-1039 -2072 40 97 488306 0 0 0
1101 -1034 154 181 929655 0 0 0
1880 2033 82 173 749286 0 0 0
-1286 -968 121 94 461200 0 0 0
-2268 1087 14 9 475830 0 0 0
2191 862 61 7 295339 0 0 0
-2278 -629 153 50 741688 0 0 0
1659 502 92 171 822405 0 0 0
-1592 226 35 102 994213 0 0 0
-2154 1021 1 149 257998 0 0 0
40 1786 70 26 196314 0 0 0
1436 124 17 37 144612 0 0 0
2020 -607 119 106 804275 0 0 0
-1287 373 45 1 826992 0 0 0
-2177 -1216 87 81 366778 0 0 0
1846 -51 22 14 757705 0 0 0
1475 -1017 183 160 751255 0 0 0
1384 2079 66 119 853299 0 0 0
1440 -484 148 78 481432 0 0 0
-1471 1804 171 195 960719 0 0 0
539 438 172 25 487104 0 0 0
-431 -1056 10 50 418269 0 0 0
2187 -798 67 88 417261 0 0 0
-655 -1178 185 102 887822 0 0 0
199 580 22 28 693638 0 0 0
1165 -420 171 18 392265 0 0 0
799 -1882 61 166 526621 0 0 0
-526 1921 198 115 491305 0 0 0
1075 -1271 186 16 860070 0 0 0
1547 -201 153 12 876367 0 0 0
1923 2219 3 131 771940 0 0 0
-98 -796 197 174 377559 0 0 0
-1781 -670 206 79 456520 0 0 0
-1541 -1871 141 150 867888 0 0 0
1315 -529 1 172 975181 0 0 0
-207 -100 144 38 652150 0 0 0
240 2175 10 37 686251 0 0 0
-1530 1298 107 10 294573 0 0 0
-2191 2000 58 114 114468 0 0 0
1881 459 188 138 514958 0 0 0
-876 -794 1 72 434427 0 0 0
910 284 132 102 967949 0 0 0
-1010 -1553 132 90 585604 0 0 0
1695 2131 21 167 650234 0 0 0
1643 2110 25 26 915251 0 0 0
-2234 -631 178 62 416365 0 0 0
-759 1887 182 162 362596 0 0 0
584 -590 58 27 233928 0 0 0
248 -2019 65 20 411872 0 0 0
-1243 -1542 163 114 638746 0 0 0
-949 -2164 153 4 642685 0 0 0
1758 2134 25 187 380013 0 0 0
-2104 -1128 23 171 403715 0 0 0
-38 -184 38 16 404518 0 0 0
2019 -1959 1 39 755641 0 0 0
-1143 -674 5 172 969451 0 0 0
1188 2205 127 122 916817 0 0 0
260 1493 112 135 103106 0 0 0
722 -1354 192 87 420121 0 0 0
389 561 120 65 535936 0 0 0
1739 895 72 1 324340 0 0 0
1668 790 59 36 819154 0 0 0
1340 -1095 160 24 812316 0 0 0
1951 -666 124 68 826739 0 0 0
996 82 155 78 403748 0 0 0
991 -156 30 54 965052 0 0 0
-416 117 89 87 283759 0 0 0
1133 156 166 111 238499 0 0 0
1083 1398 50 166 392791 0 0 0
1704 -260 13 9 877564 0 0 0
-1755 -1046 154 74 461899 0 0 0
-2162 2258 40 72 399394 0 0 0
-384 -362 156 32 453596 0 0 0
62 -633 116 192 499713 0 0 0
1473 354 75 30 960127 0 0 0
-2156 -1010 22 81 440653 0 0 0
-1209 1702 164 105 621651 0 0 0
226 -725 34 15 860474 0 0 0
-467 765 148 166 769194 0 0 0
-1019 1303 198 155 558567 0 0 0
205 896 138 102 638940 0 0 0
-1834 -1863 152 118 816808 0 0 0
-241 561 160 61 993938 0 0 0
-1776 2281 46 39 901082 0 0 0
-1942 -1426 190 178 303040 0 0 0
-1516 -1113 25 67 352021 0 0 0
-1395 -552 143 122 557244 0 0 0
-1368 -2150 144 119 548276 0 0 0
1367 -1804 68 21 325316 0 0 0
-1202 -2206 26 85 636731 0 0 0
1687 -1290 162 58 420953 0 0 0
1245 -1289 120 191 468416 0 0 0
-138 1461 152 118 215786 0 0 0
-1629 -1885 54 154 834173 0 0 0
682 990 28 28 206772 0 0 0
-1932 -494 119 25 216242 0 0 0
503 555 10 150 959448 0 0 0
102 33 202 84 249227 0 0 0
2 -2296 116 16 763129 0 0 0
2187 883 31 22 669863 0 0 0
-1917 830 80 151 660060 0 0 0
812 -374 173 1 932717 0 0 0
107 1143 105 138 275441 0 0 0
-845 -293 27 60 414394 0 0 0
1571 548 31 77 832295 0 0 0
588 459 177 164 809612 0 0 0
-1095 788 21 177 689719 0 0 0
1899 -232 174 84 531086 0 0 0
1959 2109 188 153 446357 0 0 0
-1308 -149 175 126 751775 0 0 0
-422 -2245 69 193 584902 0 0 0
-2070 -1825 100 156 433928 0 0 0
-17 -1237 25 137 629257 0 0 0
-2295 766 155 35 466977 0 0 0
-1774 -1094 176 143 728670 0 0 0
755 1489 25 185 470806 0 0 0
-29 -1254 60 190 734418 0 0 0
624 1901 152 168 853066 0 0 0
-1145 1408 3 183 321015 0 0 0
-909 -506 81 26 160929 0 0 0
-1580 1917 104 112 381642 0 0 0
-1213 954 38 131 925540 0 0 0
855 1631 51 78 822597 0 0 0
828 -2298 97 25 232885 0 0 0
-1001 -1049 33 78 864697 0 0 0
1761 1584 96 153 770687 0 0 0
1645 -344 36 52 345625 0 0 0
440 -708 151 91 292207 0 0 0
488 207 95 105 298617 0 0 0
731 728 175 53 825554 0 0 0
1319 156 84 63 279526 0 0 0
-1234 -1299 13 177 511706 0 0 0
-764 -949 47 93 807639 0 0 0
1363 1513 132 29 465475 0 0 0
-1866 1608 15 99 234115 0 0 0
1892 2084 173 183 519358 0 0 0
-1542 -1997 28 9 222931 0 0 0
2136 452 78 167 600536 0 0 0
-933 -1187 20 154 317533 0 0 0
1173 1644 2 102 406531 0 0 0
-497 -1489 51 102 982540 0 0 0
571 -13 16 196 408408 0 0 0
-2202 490 8 32 350190 0 0 0
1324 117 190 14 133675 0 0 0
-1530 -1463 140 84 768106 0 0 0
1938 1382 139 49 836252 0 0 0
1788 882 123 170 137687 0 0 0
2298 50 172 60 875669 0 0 0
68 169 205 114 249373 0 0 0
114 393 189 155 592102 0 0 0
-1412 924 105 184 582324 0 0 0
1516 92 204 83 285778 0 0 0
-2208 -574 129 60 570380 0 0 0
-227 749 150 61 389067 0 0 0
-1000 1653 123 42 470597 0 0 0
1156 -907 105 127 644242 0 0 0
-35 -602 35 151 606166 0 0 0
-1328 798 209 97 173962 0 0 0
-1095 -363 85 195 703196 0 0 0
684 1065 8 137 964556 0 0 0
1949 -2185 65 53 507446 0 0 0
979 511 62 35 995581 0 0 0
-2159 684 79 124 330286 0 0 0
1420 2157 69 100 213425 0 0 0
-1467 -984 176 177 908567 0 0 0
199 -80 108 17 986039 0 0 0
-953 1365 50 180 821068 0 0 0
6 -15 72 128 677283 0 0 0
1611 1658 116 169 327455 0 0 0
23 261 20 50 457112 0 0 0
1945 813 46 184 762284 0 0 0
-635 1886 100 61 350557 0 0 0
-900 -2179 27 114 701274 0 0 0
-178 -642 40 135 260773 0 0 0
122 366 79 77 414215 0 0 0
-1096 1328 2 35 246096 0 0 0
-1100 689 107 102 648266 0 0 0
1368 -922 5 11 248774 0 0 0
-1143 -49 129 166 382151 0 0 0
1531 -692 39 113 814544 0 0 0
-1921 -2112 201 153 247539 0 0 0
-2129 -402 185 180 265729 0 0 0
-1402 506 171 18 421384 0 0 0
1649 141 201 113 892923 0 0 0
1976 1256 200 10 273299 0 0 0
704 -1602 142 190 962884 0 0 0
1547 1615 32 110 828175 0 0 0
1871 -61 49 59 245908 0 0 0
-967 946 84 34 513044 0 0 0
-408 1909 59 18 218547 0 0 0
-661 -857 33 69 977319 0 0 0
261 -2039 13 23 759252 0 0 0
-707 519 55 143 112428 0 0 0
-980 -1116 46 52 628730 0 0 0
877 306 102 139 455483 0 0 0
-577 2025 43 190 515745 0 0 0
1095 1127 93 48 602864 0 0 0
-96 -236 82 165 341590 0 0 0
-1753 1887 69 75 291201 0 0 0
1382 -1143 89 172 167155 0 0 0
-458 797 198 111 536906 0 0 0
-823 1778 148 127 176740 0 0 0
-844 1124 113 5 508113 0 0 0
-1647 -1872 157 41 481767 0 0 0
1453 1849 39 178 829767 0 0 0
-1422 -1354 144 90 221831 0 0 0
1590 797 80 109 262285 0 0 0
1027 -2247 116 134 454132 0 0 0
311 2295 54 52 916173 0 0 0
-1688 1481 116 106 939387 0 0 0
269 -878 30 74 691231 0 0 0
2101 -1153 154 69 480430 0 0 0
-2227 -917 92 159 990929 0 0 0
-743 1639 194 28 476482 0 0 0
-1770 -2184 30 141 145342 0 0 0
981 421 111 134 806587 0 0 0
31 148 193 191 559838 0 0 0
1897 748 101 30 527380 0 0 0
966 -145 71 59 579586 0 0 0
1990 -404 163 40 400766 0 0 0
-1719 -717 137 25 237349 0 0 0
-391 1590 33 160 982672 0 0 0
311 -1184 48 123 613553 0 0 0
804 -1846 78 87 632244 0 0 0
1754 -2215 39 171 903586 0 0 0
339 -1898 7 51 577829 0 0 0
-7 -694 101 119 175029 0 0 0
-1465 -811 67 75 375092 0 0 0
736 -735 63 171 184134 0 0 0
-145 -2188 7 140 890929 0 0 0
-2098 2277 206 165 313985 0 0 0
-1342 1341 202 89 605340 0 0 0
-1023 -1351 123 49 412618 0 0 0
976 1032 143 19 905875 0 0 0
590 -2183 196 123 860333 0 0 0
1234 1557 122 31 131935 0 0 0
-2292 1193 42 174 632792 0 0 0
-490 -183 96 86 166997 0 0 0
-766 -1082 171 90 246514 0 0 0
-789 1346 140 85 167158 0 0 0
-1661 -845 9 169 186067 0 0 0
309 -2125 175 146 214148 0 0 0
1482 723 27 105 540503 0 0 0
1773 146 85 84 446134 0 0 0
-600 -1828 7 81 591888 0 0 0
-1836 -433 209 195 997197 0 0 0
-234 -284 142 155 710949 0 0 0
-1524 175 167 96 668312 0 0 0
-1021 -1869 66 3 822865 0 0 0
-1545 -1009 84 115 417914 0 0 0
-1922 2253 205 80 398377 0 0 0
-436 1864 152 53 698080 0 0 0
467 1868 141 164 587749 0 0 0
36 74 128 70 826471 0 0 0
-1748 -571 183 176 103484 0 0 0
-801 1993 37 97 840659 0 0 0
1115 -1188 3 184 502671 0 0 0
-410 1434 40 116 591044 0 0 0
429 647 76 173 394775 0 0 0
851 123 56 195 446229 0 0 0
-759 -1959 78 126 742903 0 0 0
-2203 -1869 60 20 932074 0 0 0
-521 -708 54 181 629245 0 0 0
1336 1312 88 169 141692 0 0 0
1380 -1581 23 185 352761 0 0 0
-2230 1638 36 191 131969 0 0 0
-974 864 168 29 530232 0 0 0
-241 -2119 112 115 255772 0 0 0
-2234 -9 189 95 586242 0 0 0
-814 -1990 164 118 651710 0 0 0
-621 -1909 155 134 683713 0 0 0
1730 -1381 198 125 140689 0 0 0
-2127 599 36 139 189412 0 0 0
387 1194 32 46 822386 0 0 0
-656 -233 69 5 951456 0 0 0
-1168 -1042 208 168 981418 0 0 0
272 2151 95 182 491393 0 0 0
1241 602 164 89 848135 0 0 0
1773 -1347 167 129 970855 0 0 0
901 1298 140 185 374454 0 0 0
289 1682 18 159 207297 0 0 0
1638 -1908 46 189 120838 0 0 0
-935 -676 182 22 371273 0 0 0
-253 1212 44 191 708904 0 0 0
-2100 854 67 156 696490 0 0 0
-1797 -595 131 66 123410 0 0 0
-1737 399 176 151 643300 0 0 0
1611 -750 5 124 674287 0 0 0
1886 -1572 35 102 117710 0 0 0
2182 -1811 147 196 742998 0 0 0
-43 -1655 87 52 646122 0 0 0
889 1082 25 58 326888 0 0 0
1967 1508 93 176 835297 0 0 0
-782 -361 98 45 182397 0 0 0
-61 -1992 113 137 425224 0 0 0
632 1816 161 75 489295 0 0 0
850 1763 32 14 721683 0 0 0
769 -595 134 67 724605 0 0 0
-597 2078 134 117 828529 0 0 0
43 1102 35 4 838686 0 0 0
679 2153 92 80 975611 0 0 0
-110 523 65 84 588211 0 0 0
-1905 -640 125 33 302776 0 0 0
1861 -2266 112 190 659940 0 0 0
400 -2287 53 154 604199 0 0 0
-1377 -1786 110 65 954565 0 0 0
-677 987 177 144 952612 0 0 0
-1876 -1673 176 15 656707 0 0 0
1114 1790 37 32 573053 0 0 0
239 -1770 185 170 520790 0 0 0
-1947 -327 190 28 317459 0 0 0
-287 1493 13 128 140118 0 0 0
75 1159 126 48 576188 0 0 0
347 -366 12 173 650860 0 0 0
1090 1869 75 8 667768 0 0 0
-163 2158 124 145 998529 0 0 0
-788 -654 208 21 651057 0 0 0
-1123 72 83 184 598705 0 0 0
452 -693 63 83 226322 0 0 0
1695 1240 208 163 658546 0 0 0
131 -26 139 22 337119 0 0 0
-1605 1979 42 105 220013 0 0 0
866 2020 209 56 344400 0 0 0
2104 -2283 146 104 872684 0 0 0
-1114 -1986 175 179 442454 0 0 0
-437 -897 49 3 988514 0 0 0
-1502 1287 185 84 699556 0 0 0
-1759 -1377 194 34 717895 0 0 0
2285 -2258 10 146 503871 0 0 0
2032 1837 164 8 542635 0 0 0
1430 1082 74 25 594060 0 0 0
-1850 1138 149 123 772274 0 0 0
264 195 36 125 335234 0 0 0
1195 1770 88 141 679923 0 0 0
-475 -1243 21 164 801834 0 0 0
76 814 177 83 876019 0 0 0
541 2110 181 163 183424 0 0 0
-921 1782 84 51 860698 0 0 0
96 2260 98 91 739393 0 0 0
-1014 1960 133 183 764140 0 0 0
-1373 2068 187 84 315458 0 0 0
987 -1605 165 175 739211 0 0 0
-736 -1113 175 20 187267 0 0 0
644 1593 195 133 444230 0 0 0
-927 1648 26 121 973434 0 0 0
-1338 1771 174 103 882825 0 0 0
-1426 -276 79 21 781221 0 0 0
-1633 219 78 170 156198 0 0 0
519 -272 131 149 797968 0 0 0
-424 2203 166 71 949637 0 0 0
-403 2161 38 124 255811 0 0 0
187 -1964 81 141 640152 0 0 0
503 -1223 148 32 523878 0 0 0
-2208 -1928 129 4 736323 0 0 0
-1262 535 125 108 273455 0 0 0
-17 -1353 64 115 426652 0 0 0
-199 568 195 164 209969 0 0 0
-1548 1405 192 141 834139 0 0 0
-1906 678 91 196 658871 0 0 0
-1007 1963 4 189 382558 0 0 0
-1601 -988 40 100 293653 0 0 0
91 -1134 163 34 375680 0 0 0
860 742 178 54 699757 0 0 0
-75 2191 100 145 129924 0 0 0
2149 481 65 126 301370 0 0 0
-185 1539 89 6 333948 0 0 0
312 -256 120 151 758539 0 0 0
-1440 1504 134 4 661480 0 0 0
-1100 2257 12 58 788979 0 0 0
-1770 921 92 53 992554 0 0 0
-2288 336 182 54 656788 0 0 0
1277 1621 68 69 999100 0 0 0
1989 -123 28 157 486287 0 0 0
1229 -1377 196 76 344571 0 0 0
1769 176 204 86 707502 0 0 0
-1805 -46 56 53 473482 0 0 0
-1672 -1176 151 63 842606 0 0 0
-73 1417 110 49 424049 0 0 0
440 1142 65 84 876240 0 0 0
1464 1545 91 132 260983 0 0 0
-338 1486 203 187 695936 0 0 0
-1512 482 56 94 566407 0 0 0
-423 -927 65 126 670699 0 0 0
-595 -1183 189 23 301756 0 0 0
360 2151 44 98 445731 0 0 0
-151 1140 78 66 202665 0 0 0
-1903 250 129 86 282152 0 0 0
2285 278 170 68 982087 0 0 0
-789 1857 8 56 857991 0 0 0
1466 516 97 28 745043 0 0 0
1037 313 17 178 290563 0 0 0
-975 -1710 81 152 402817 0 0 0
-1229 350 127 161 273601 0 0 0
1376 178 141 129 779820 0 0 0
-358 1035 134 147 202931 0 0 0
846 -78 5 192 110658 0 0 0
-1435 -2253 58 161 692257 0 0 0
-1957 2195 1 157 321909 0 0 0
-361 1817 63 14 709475 0 0 0
1317 -1490 138 76 825946 0 0 0
-751 -303 4 144 430758 0 0 0
2041 -1873 52 118 897735 0 0 0
669 -1659 125 130 551067 0 0 0
-1424 -367 37 82 457687 0 0 0
-1931 -1020 93 51 916934 0 0 0
1794 725 149 114 406692 0 0 0
-111 1204 13 127 898360 0 0 0
-1412 653 57 66 632907 0 0 0
2075 -1275 187 97 514445 0 0 0
2183 -1453 151 40 380459 0 0 0
-191 410 52 157 270820 0 0 0
1275 -655 31 37 684537 0 0 0
-535 -741 150 165 577316 0 0 0
256 542 73 65 526478 0 0 0
-1651 -1914 165 33 817072 0 0 0
-749 1542 78 61 752468 0 0 0
-839 1775 97 75 519924 0 0 0
1935 -1344 185 39 375007 0 0 0
1221 -1664 201 140 115607 0 0 0
573 -337 125 17 199328 0 0 0
-1479 1254 38 187 859178 0 0 0
815 -1972 187 133 484534 0 0 0
1654 -2104 125 123 890906 0 0 0
-1018 1493 145 108 258486 0 0 0
-1536 -297 102 18 731275 0 0 0
1966 -1425 188 73 404822 0 0 0
2259 1856 70 156 969860 0 0 0
-950 -1255 47 168 441546 0 0 0
186 2169 191 94 362917 0 0 0
1184 871 154 119 656084 0 0 0
810 1885 143 93 320168 0 0 0
1953 -259 41 176 431567 0 0 0
2145 1057 69 171 787363 0 0 0
-1391 -1942 94 33 146147 0 0 0
752 532 132 159 653874 0 0 0
-1556 880 71 73 404754 0 0 0
-1148 1235 85 2 321723 0 0 0
1718 -614 184 74 931190 0 0 0
246 -747 88 50 725388 0 0 0
1791 -503 185 80 361954 0 0 0
-813 -868 207 194 206537 0 0 0
400 1192 25 16 257655 0 0 0
740 -982 8 44 224878 0 0 0
1642 2156 8 155 342122 0 0 0
-1565 196 100 165 989017 0 0 0
703 577 96 196 747577 0 0 0
-1377 1492 81 116 366246 0 0 0
-1083 -767 160 7 743352 0 0 0
160 639 188 108 517909 0 0 0
1369 -2195 80 90 336687 0 0 0
-996 -93 96 126 293671 0 0 0
-2198 1573 62 89 476456 0 0 0
-976 1174 61 57 854396 0 0 0
-221 65 82 82 683478 0 0 0
-1930 1262 143 49 718272 0 0 0
-991 1244 92 167 330554 0 0 0
-669 1535 96 48 251168 0 0 0
-655 -1578 83 186 316537 0 0 0
1765 -1098 104 61 751574 0 0 0
-677 681 148 99 807429 0 0 0
267 732 192 100 533246 0 0 0
554 -1026 81 72 365157 0 0 0
1660 2060 88 45 461342 0 0 0
1776 -442 28 92 403477 0 0 0
-1794 -408 175 21 359044 0 0 0
-641 79 125 78 549533 0 0 0
-561 2142 116 140 599660 0 0 0
1200 59 92 92 299335 0 0 0
1488 -2258 196 123 492181 0 0 0
330 -1652 103 56 930644 0 0 0
759 2020 164 20 847187 0 0 0
1917 -2064 128 11 575345 0 0 0
-811 -2247 151 57 812901 0 0 0
-509 1110 136 41 127538 0 0 0
1655 535 107 40 201008 0 0 0
1999 876 117 136 353692 0 0 0
-1323 -1549 34 141 774550 0 0 0
-1161 1582 180 170 377048 0 0 0
641 -1204 66 185 390140 0 0 0
183 -519 200 28 608347 0 0 0
1549 -64 33 9 828516 0 0 0
14 -497 68 185 856599 0 0 0
266 1179 119 170 346159 0 0 0
1709 -2171 96 38 462255 0 0 0
2216 -1978 119 116 578936 0 0 0
-1304 368 118 19 291854 0 0 0
-1923 1351 149 43 638483 0 0 0
1698 -316 189 62 801214 0 0 0
1339 1818 17 61 393778 0 0 0
-1568 -1635 142 71 478834 0 0 0
-1612 819 46 88 869338 0 0 0
-131 1145 184 176 481762 0 0 0
590 -2112 49 112 560268 0 0 0
1009 1972 144 143 806737 0 0 0
-300 137 85 188 488951 0 0 0
262 2191 132 80 617569 0 0 0
769 2210 62 118 826889 0 0 0
691 1165 152 37 689573 0 0 0
408 -908 147 30 676846 0 0 0
642 2164 179 136 662959 0 0 0
-999 -1759 24 98 613602 0 0 0
2274 291 140 41 484954 0 0 0
2184 -2100 14 140 381987 0 0 0
1867 -1861 111 103 203599 0 0 0
-1627 1705 79 130 870493 0 0 0
-1132 1310 129 81 119481 0 0 0
433 -456 60 128 361296 0 0 0
1820 1731 32 187 964614 0 0 0
-1500 -1129 150 135 834816 0 0 0
-1494 -257 99 56 595652 0 0 0
-389 -693 128 54 306349 0 0 0
-226 405 16 194 754989 0 0 0
810 1139 203 42 629917 0 0 0
-2070 -647 14 94 944677 0 0 0
663 -115 13 67 362290 0 0 0
-2182 -217 149 108 864136 0 0 0
-284 -2191 42 169 986442 0 0 0
1581 -63 53 159 435626 0 0 0
317 1610 116 40 267787 0 0 0
150 -1156 44 20 942549 0 0 0
1787 -1375 70 64 251551 0 0 0
-37 -2127 155 41 680604 0 0 0
1484 1609 175 91 846281 0 0 0
829 -1936 142 71 152174 0 0 0
-573 -1073 195 122 258936 0 0 0
-100 944 56 148 599466 0 0 0
-1196 1199 70 56 769071 0 0 0
2222 -1337 22 149 126643 0 0 0
-1266 1023 133 192 445796 0 0 0
1085 -792 166 118 980610 0 0 0
101 899 160 47 333464 0 0 0
1334 276 49 78 257727 0 0 0
1947 1028 21 103 305460 0 0 0
-379 192 123 169 762506 0 0 0
2065 462 59 138 917402 0 0 0
-1957 -688 188 28 244109 0 0 0
-36 524 74 192 160317 0 0 0
968 -190 165 47 736042 0 0 0
-407 -986 149 14 381405 0 0 0
-1819 2083 179 40 518304 0 0 0
404 1960 103 145 344329 0 0 0
-774 -1044 66 116 971586 0 0 0
682 -790 145 42 426787 0 0 0
536 1924 133 48 393056 0 0 0
-2062 -1661 145 129 973206 0 0 0
1793 -1378 177 149 437342 0 0 0
-1523 -574 200 125 265343 0 0 0
538 -701 123 50 184696 0 0 0
-17 712 77 136 732364 0 0 0
-2192 495 71 35 660733 0 0 0
-841 -1517 128 25 645854 0 0 0
-1055 583 12 192 832361 0 0 0
-101 1571 103 34 396941 0 0 0
-897 -1003 101 148 135996 0 0 0
-1515 1162 151 102 387087 0 0 0
1825 1976 104 150 462457 0 0 0
-1149 -105 208 101 367142 0 0 0
-802 1805 1 65 830122 0 0 0
-1439 -697 188 20 147736 0 0 0
-1990 270 126 88 942315 0 0 0
1550 -142 2 104 390814 0 0 0
1655 -339 41 44 810047 0 0 0
-1431 -1078 193 80 927035 0 0 0
556 -803 100 9 324224 0 0 0
-1238 212 35 149 852210 0 0 0
730 -1348 5 187 898119 0 0 0
-1319 1008 129 73 625947 0 0 0
1919 872 50 127 495610 0 0 0
-115 2005 136 72 919928 0 0 0
2277 -731 42 70 252359 0 0 0
-846 1177 158 149 965735 0 0 0
1316 -1421 191 9 739042 0 0 0
143 911 104 88 304391 0 0 0
7 -462 94 17 670326 0 0 0
1268 476 148 46 767134 0 0 0
1488 1787 186 87 667687 0 0 0
-1568 -140 115 139 891960 0 0 0
-1623 -1596 21 168 602895 0 0 0
1965 -739 184 86 517362 0 0 0
-375 -56 180 83 197785 0 0 0
-1377 -567 40 86 646221 0 0 0
1762 837 183 62 378678 0 0 0
1013 -1583 67 159 374188 0 0 0
1654 -820 37 67 809233 0 0 0
1878 1671 173 47 943729 0 0 0
1991 392 131 109 860113 0 0 0
-1609 -2055 207 186 320264 0 0 0
-700 442 127 68 648821 0 0 0
1986 2033 181 138 184781 0 0 0
-783 -340 94 107 907441 0 0 0
-2051 1960 50 50 466474 0 0 0
1635 -2293 111 29 709105 0 0 0
1532 -2079 79 106 218225 0 0 0
-154 624 170 148 932239 0 0 0
1383 304 186 112 959078 0 0 0
-1499 931 108 15 816374 0 0 0
2040 -874 95 52 868857 0 0 0
-958 -655 121 87 109394 0 0 0
-190 1020 120 74 792058 0 0 0
-582 389 147 152 585578 0 0 0
-292 1955 15 62 274013 0 0 0
-2022 683 187 48 179383 0 0 0
-1119 -2199 28 184 781822 0 0 0
-1029 -909 89 158 125348 0 0 0
214 118 31 174 256439 0 0 0
-374 -1721 171 12 320346 0 0 0
2108 115 131 76 667159 0 0 0
582 1218 82 191 329103 0 0 0
-801 1206 146 76 428731 0 0 0
1408 -2008 46 73 422054 0 0 0
-496 -55 143 44 816822 0 0 0
-391 -473 84 178 717315 0 0 0
-948 1843 185 44 923533 0 0 0
-922 1811 136 104 531902 0 0 0
1803 444 163 168 741937 0 0 0
-483 -1183 87 87 887824 0 0 0
1396 1820 20 184 333365 0 0 0
-153 -671 8 195 211221 0 0 0
651 -1391 181 169 430640 0 0 0
1878 -874 148 183 101977 0 0 0
1299 971 33 148 362186 0 0 0
1819 311 156 102 146922 0 0 0
-377 -1029 107 121 468450 0 0 0
-559 726 46 121 505634 0 0 0
-504 -644 185 172 228816 0 0 0
1894 -2298 100 14 530704 0 0 0
-702 -419 91 101 380226 0 0 0
1387 1757 149 119 619991 0 0 0
-150 1398 162 167 799201 0 0 0
522 -521 143 181 519751 0 0 0
-2009 -893 150 1 986286 0 0 0
-1697 -642 138 128 642933 0 0 0
1315 385 133 21 368900 0 0 0
-1657 -356 171 179 532900 0 0 0
-1936 2300 36 33 375992 0 0 0
250 -2129 143 156 246033 0 0 0
1557 2289 187 38 495981 0 0 0
-1469 -1667 84 148 392622 0 0 0
-2012 -327 60 180 181475 0 0 0
2085 -1937 56 23 617953 0 0 0
192 1874 75 4 798569 0 0 0
801 -2024 85 127 297639 0 0 0
947 -1846 17 19 596414 0 0 0
-435 2139 45 52 580868 0 0 0
-476 -1177 77 156 251339 0 0 0
-502 -672 190 75 104065 0 0 0
-851 525 46 175 181978 0 0 0
-66 -1123 92 170 549238 0 0 0
-1273 661 208 153 862542 0 0 0
-255 -958 152 113 132654 0 0 0
1090 -439 32 127 870658 0 0 0
-437 2042 75 144 432946 0 0 0
-2136 1730 149 26 286002 0 0 0
-189 -1444 186 101 275259 0 0 0
1486 817 66 176 834406 0 0 0
-239 -1031 44 124 941214 0 0 0
954 -654 161 20 644701 0 0 0
1026 621 136 45 855149 0 0 0
-1973 1097 34 99 326297 0 0 0
1615 698 74 146 772346 0 0 0
-1533 1979 176 121 658016 0 0 0
144 1355 157 127 633634 0 0 0
-919 -1525 80 185 255216 0 0 0
-2033 -2067 27 175 727655 0 0 0
-1288 1688 194 185 829592 0 0 0
1264 -982 97 174 618179 0 0 0
-81 233 102 167 305398 0 0 0
-1707 -1509 164 96 799820 0 0 0
198 622 24 160 289129 0 0 0
290 1118 209 36 294458 0 0 0
-821 -243 140 45 732310 0 0 0
-594 -1645 75 121 803696 0 0 0
365 -102 187 50 207761 0 0 0
613 -259 194 84 794634 0 0 0
-1387 -1568 40 171 378159 0 0 0
-781 2231 157 111 348719 0 0 0
-1758 1427 51 121 431437 0 0 0
1000 1236 94 167 283246 0 0 0
-1949 -1080 48 184 332536 0 0 0
-1394 -684 65 107 216202 0 0 0
-470 1205 102 28 892254 0 0 0
846 -1144 161 125 248053 0 0 0
-1922 -684 135 62 126502 0 0 0
1617 -481 57 112 141982 0 0 0
502 -1139 60 19 481631 0 0 0
-266 -1468 3 185 498235 0 0 0
244 92 96 33 643678 0 0 0
364 -822 55 187 190958 0 0 0
2146 -1577 96 156 427580 0 0 0
-30 -84 35 180 965787 0 0 0
-1920 -579 36 42 885579 0 0 0
-2221 -417 11 110 119192 0 0 0
-1763 -1807 64 9 539946 0 0 0
-186 -1264 87 61 612822 0 0 0
-1867 610 192 6 627552 0 0 0
360 1204 113 111 403839 0 0 0
943 985 207 36 895540 0 0 0
-1158 -500 113 66 621508 0 0 0
-377 2152 197 148 509091 0 0 0
-882 -10 168 110 895770 0 0 0
-1866 1813 198 135 981724 0 0 0
-1421 890 160 149 809046 0 0 0
-643 136 143 155 943522 0 0 0
-1310 -2010 188 118 833547 0 0 0
-2023 -1693 207 33 534364 0 0 0
-1673 -2153 122 45 924294 0 0 0
-1960 -1969 173 62 715244 0 0 0
1125 2129 144 149 829245 0 0 0
1464 -1101 48 83 282797 0 0 0
-2267 523 107 143 404158 0 0 0
-1422 -870 72 163 118279 0 0 0
-860 -1279 92 109 646061 0 0 0
-1262 960 205 134 302485 0 0 0
328 -1039 161 168 326490 0 0 0
-1993 -1507 22 99 899949 0 0 0
-364 1107 159 19 533724 0 0 0
-1379 -1957 174 109 366892 0 0 0
-204 -362 153 14 677805 0 0 0
134 -1096 1 131 781704 0 0 0
951 295 114 131 575378 0 0 0
1978 -2071 84 188 492021 0 0 0
1415 -1794 173 171 887212 0 0 0
-4 -1372 162 108 272205 0 0 0
978 -261 157 112 803772 0 0 0
392 -1808 139 115 248544 0 0 0
188 -1614 77 98 966772 0 0 0
-627 446 88 156 985037 0 0 0
108 -1116 81 101 623041 0 0 0
-2205 -112 152 4 265279 0 0 0
282 -617 71 114 124945 0 0 0
-1006 1957 85 189 736196 0 0 0
990 -339 187 127 667933 0 0 0
1623 375 97 87 790260 0 0 0
548 323 54 14 772247 0 0 0
-1151 -1432 5 63 487853 0 0 0
1342 1594 130 163 247688 0 0 0
2179 1188 63 29 406620 0 0 0
-30 -2137 101 54 396406 0 0 0
1415 1094 134 63 670378 0 0 0
939 34 27 82 119245 0 0 0
-1384 2270 28 185 528369 0 0 0
1682 1905 162 44 906810 0 0 0
2016 165 33 23 831454 0 0 0
780 -163 203 169 326591 0 0 0
-338 1539 138 195 224832 0 0 0
1457 1148 82 196 143878 0 0 0
-931 576 158 168 617851 0 0 0
-167 -1963 121 137 537289 0 0 0
-958 -2206 201 39 170440 0 0 0
-90 192 177 112 981157 0 0 0
-1655 -1095 36 185 801390 0 0 0
574 1348 166 42 931815 0 0 0
-2011 1389 83 189 494706 0 0 0
967 -1566 147 2 128185 0 0 0
-648 -1610 131 100 672493 0 0 0
-391 0 47 75 800141 0 0 0
-1814 684 46 45 597515 0 0 0
1862 1942 162 79 974156 0 0 0
-1273 -166 76 8 948613 0 0 0
2064 1308 176 184 806090 0 0 0
1394 -1588 206 75 424646 0 0 0
1370 526 78 41 155855 0 0 0
-2066 1008 55 143 685188 0 0 0
-1016 -1003 174 98 399717 0 0 0
-1341 -1150 199 181 906182 0 0 0
1165 1055 57 44 617018 0 0 0
-481 576 120 178 751736 0 0 0
2154 1468 163 2 192390 0 0 0
-2276 522 152 133 420630 0 0 0
-365 -1698 173 153 221531 0 0 0
18 152 20 194 684139 0 0 0
766 -714 179 174 220221 0 0 0
-125 1703 96 18 937388 0 0 0
-948 -1363 89 2 645225 0 0 0
706 -220 16 62 637582 0 0 0
832 1429 200 2 739969 0 0 0
-172 355 60 130 720895 0 0 0
1289 675 52 184 381536 0 0 0
1541 -362 203 18 565088 0 0 0
1524 -305 26 196 668201 0 0 0
-520 1638 159 188 722653 0 0 0
1218 -2146 63 164 364406 0 0 0
-145 1331 198 133 922386 0 0 0
-1217 1650 70 46 456672 0 0 0
-1114 1690 200 120 186714 0 0 0
-1280 1874 170 47 607375 0 0 0
-1670 -1342 83 34 865070 0 0 0
1628 1617 189 196 873831 0 0 0
1553 -922 46 156 888169 0 0 0
1042 2232 135 5 950440 0 0 0
-1213 1930 123 191 963375 0 0 0
-1407 -1613 88 98 149750 0 0 0
-344 261 189 171 132633 0 0 0
1816 -2197 61 100 509619 0 0 0
1973 846 62 161 214592 0 0 0
1755 493 165 66 749123 0 0 0
1740 -2281 164 189 413145 0 0 0
-1137 -2250 119 119 973780 0 0 0
-464 -2274 50 99 613703 0 0 0
-577 -1410 200 11 893332 0 0 0
1097 2166 199 128 390728 0 0 0
-1723 -1580 140 154 889969 0 0 0
47 -689 48 129 395581 0 0 0
1633 2290 209 177 977966 0 0 0
1791 1964 184 30 247795 0 0 0
1617 -494 155 140 320962 0 0 0
-1842 -1991 124 94 974847 0 0 0
1019 -1440 2 46 705105 0 0 0
1505 -1379 99 144 512769 0 0 0
1402 -250 117 184 473781 0 0 0
2116 -2103 14 38 574931 0 0 0
-966 1631 127 77 229427 0 0 0
821 -1210 1 5 827370 0 0 0
1915 -305 203 60 610329 0 0 0
-1627 2114 198 163 213168 0 0 0
467 -156 152 143 824997 0 0 0
-1208 1357 35 127 804384 0 0 0
1126 -2269 7 151 329597 0 0 0
-1946 -1712 7 149 767420 0 0 0
895 770 165 136 986149 0 0 0
1419 1295 63 155 164143 0 0 0
-1322 1323 181 167 704947 0 0 0
303 -2073 12 168 921073 0 0 0
-2284 -595 179 52 411328 0 0 0
1050 -109 209 10 976821 0 0 0
-924 -2294 33 160 453070 0 0 0
1581 1025 102 90 365679 0 0 0
1011 1695 7 60 751490 0 0 0
606 -719 197 112 614060 0 0 0
1789 -904 74 16 341846 0 0 0
1052 -1742 45 132 275316 0 0 0
810 -159 46 105 520780 0 0 0
1308 1223 28 8 852207 0 0 0
1681 1798 143 18 115144 0 0 0
472 1286 56 119 791809 0 0 0
2005 1957 87 95 954569 0 0 0
-211 -1797 110 164 549408 0 0 0
2194 1566 185 53 289091 0 0 0
1011 674 205 180 677645 0 0 0
183 2075 52 63 565462 0 0 0
1093 2213 170 92 538581 0 0 0
1619 2009 39 66 729245 0 0 0
466 1459 142 130 420342 0 0 0
1620 767 20 93 647319 0 0 0
