2500
-1383 -387 16 152 671918 0 0 0
-1639 -497 45 126 260931 0 0 0
1333 1971 82 76 248078 0 0 0
178 -761 29 115 808476 0 0 0
1153 -606 103 142 508303 0 0 0
-26 706 186 8 422145 0 0 0
1857 -1759 136 84 646885 0 0 0
-1443 280 29 110 712954 0 0 0
-243 184 30 62 166041 0 0 0
-2066 282 40 11 537753 0 0 0
-1213 -478 224 192 438536 0 0 0
-1166 2007 149 120 979250 0 0 0
707 -1096 82 53 911143 0 0 0
57 -2465 58 106 869594 0 0 0
-1302 900 10 120 860674 0 0 0
442 1404 121 203 900704 0 0 0
-183 -1081 187 189 746740 0 0 0
-321 989 31 197 327999 0 0 0
1670 315 9 202 177054 0 0 0
2441 -2463 25 192 219628 0 0 0
1934 -374 86 84 448057 0 0 0
1322 1126 170 24 632183 0 0 0
1644 1197 132 105 839799 0 0 0
2347 -2013 174 181 685898 0 0 0
-954 -553 179 184 516413 0 0 0
1871 2268 138 92 503363 0 0 0
-2358 -222 203 25 177014 0 0 0
-1563 -2111 154 35 921431 0 0 0
402 -413 8 136 311932 0 0 0
-958 -1273 70 18 317640 0 0 0
533 1716 217 129 289840 0 0 0
1518 -2369 54 187 623015 0 0 0
812 -2492 58 63 606052 0 0 0
385 292 194 3 544575 0 0 0
1144 1453 194 80 520826 0 0 0
-690 -1010 198 178 283321 0 0 0
-1998 -1897 175 145 587974 0 0 0
301 -2407 65 204 189470 0 0 0
1835 -1311 11 181 868843 0 0 0
8 1115 84 114 203634 0 0 0
1058 -870 148 182 834847 0 0 0
1536 -1222 18 73 916364 0 0 0
221 -121 200 91 846692 0 0 0
-1929 376 182 24 517993 0 0 0
2375 -86 67 79 909376 0 0 0
-895 -976 163 114 906544 0 0 0
1550 2334 101 188 619252 0 0 0
1204 1971 224 92 685270 0 0 0
1305 102 7 80 239167 0 0 0
2356 643 41 200 111556 0 0 0
-2318 -1892 82 144 967043 0 0 0
-2411 2192 185 166 197568 0 0 0
-1441 -1640 96 207 841068 0 0 0
1277 1724 121 135 330332 0 0 0
1543 -1583 125 67 812060 0 0 0
434 1414 82 165 312905 0 0 0
66 -1409 65 69 594704 0 0 0
2219 595 203 136 199349 0 0 0
-1672 -1658 125 19 995869 0 0 0
-237 2240 171 164 582342 0 0 0
766 352 175 87 751778 0 0 0
-2221 -661 25 124 944493 0 0 0
1103 63 7 143 927626 0 0 0
707 -2394 15 37 474086 0 0 0
1970 -64 175 95 808206 0 0 0
-997 1349 93 53 894448 0 0 0
-246 2316 109 105 385976 0 0 0
-1536 -1681 20 177 455030 0 0 0
1107 -1162 36 6 146605 0 0 0
1316 -33 45 103 133666 0 0 0
-1088 2436 85 74 343139 0 0 0
-844 -182 192 182 658550 0 0 0
200 -1194 4 151 864220 0 0 0
1171 -1967 170 83 169978 0 0 0
2145 -1434 33 202 213275 0 0 0
-1493 -1671 66 211 883041 0 0 0
-1605 -1755 51 85 284019 0 0 0
-1609 2382 92 160 859500 0 0 0
664 1504 2 10 826601 0 0 0
-2118 2386 36 157 388212 0 0 0
-2152 766 43 76 795537 0 0 0
1851 639 201 111 622760 0 0 0
1264 1340 189 127 262472 0 0 0
2135 -1672 68 127 484534 0 0 0
-792 1960 23 180 333698 0 0 0
1168 -2421 34 189 188588 0 0 0
764 1365 182 54 141867 0 0 0
2367 641 160 66 486682 0 0 0
-442 1879 27 124 852656 0 0 0
1006 241 76 118 676022 0 0 0
-2276 -2443 220 106 865965 0 0 0
1946 1647 48 86 446571 0 0 0
-1218 -1072 4 87 447609 0 0 0
1226 -713 92 56 817580 0 0 0
1243 -1659 118 212 186868 0 0 0
2085 1002 90 160 459808 0 0 0
523 -247 49 30 196447 0 0 0
-1928 -1081 39 143 413076 0 0 0
-1787 2436 122 34 371437 0 0 0
-2450 -370 146 169 791905 0 0 0
-730 1351 165 79 437110 0 0 0
208 -2463 100 40 152704 0 0 0
1166 -2000 177 159 404332 0 0 0
487 -609 170 212 806146 0 0 0
-843 -2164 78 176 836296 0 0 0
1921 -1679 13 211 639017 0 0 0
-1516 -1800 182 34 744158 0 0 0
976 1029 224 117 104553 0 0 0
1098 -1138 146 44 495788 0 0 0
1515 2174 214 191 957956 0 0 0
302 1019 39 32 213681 0 0 0
-2123 -20 202 73 696107 0 0 0
1191 155 30 154 587021 0 0 0
1046 887 220 14 906855 0 0 0
-2229 -240 147 142 678342 0 0 0
1619 681 42 94 763986 0 0 0
-2250 -319 106 79 517925 0 0 0
908 662 169 94 818330 0 0 0
-2396 -2029 102 150 924668 0 0 0
2009 -1971 7 66 750057 0 0 0
1715 -1178 43 145 393347 0 0 0
2386 -167 167 37 777632 0 0 0
-1746 342 195 13 631564 0 0 0
355 -622 217 120 238197 0 0 0
2094 2216 104 190 638599 0 0 0
86 20 120 119 299787 0 0 0
-1373 -2074 74 166 292940 0 0 0
462 -476 145 54 935860 0 0 0
-1146 -868 170 208 275969 0 0 0
2167 -2011 148 5 149536 0 0 0
301 -330 186 116 245410 0 0 0
994 -1165 132 181 111181 0 0 0
-365 2458 180 102 960482 0 0 0
534 -1960 168 179 289011 0 0 0
2270 2486 184 118 764336 0 0 0
961 131 8 210 426929 0 0 0
-222 1424 209 22 789779 0 0 0
-2435 -1591 144 179 396550 0 0 0
-1237 1666 131 68 478789 0 0 0
2296 -1511 170 17 609462 0 0 0
-1426 1118 23 93 143423 0 0 0
1784 -269 44 125 593960 0 0 0
813 -147 206 158 804809 0 0 0
980 -758 94 75 679529 0 0 0
2044 -1877 161 29 446026 0 0 0
-2436 1223 48 12 667600 0 0 0
-804 319 40 152 969413 0 0 0
-1330 -817 33 4 489674 0 0 0
1142 2207 158 131 785187 0 0 0
-1329 -1541 171 86 380985 0 0 0
1423 756 127 96 480610 0 0 0
303 546 14 48 165312 0 0 0
-1658 -1875 21 160 585303 0 0 0
-805 -1359 207 195 333859 0 0 0
-1855 -2177 130 123 270403 0 0 0
-1205 941 85 122 903094 0 0 0
-1616 -1594 180 25 423290 0 0 0
-2272 -1539 209 195 935375 0 0 0
698 2173 23 55 971340 0 0 0
1675 -252 1 117 355906 0 0 0
2154 -1932 195 207 613298 0 0 0
-2398 -1436 78 169 427633 0 0 0
1070 2065 27 83 192199 0 0 0
-942 -1526 142 136 714106 0 0 0
-1917 -181 108 182 461101 0 0 0
1013 -684 136 80 425120 0 0 0
-1757 -2456 35 158 994569 0 0 0
-645 -464 66 194 657931 0 0 0
-628 -1237 176 75 647218 0 0 0
766 -1113 130 30 478979 0 0 0
-236 20 52 143 896359 0 0 0
223 -2238 94 21 548237 0 0 0
-1438 -1965 63 19 922345 0 0 0
1981 -2023 69 114 379710 0 0 0
-1435 676 45 108 536305 0 0 0
-1260 -2216 160 6 556020 0 0 0
-1695 2176 139 194 233530 0 0 0
12 -1271 65 37 618161 0 0 0
1489 -812 87 183 738304 0 0 0
2469 2075 190 26 388321 0 0 0
-841 1505 80 114 577510 0 0 0
-2437 -660 120 110 755886 0 0 0
-1957 -1800 169 74 880177 0 0 0
2287 -2265 29 94 310222 0 0 0
-1419 2108 76 117 146617 0 0 0
-2127 -1561 133 136 459009 0 0 0
-791 -1467 44 145 143777 0 0 0
2181 1288 70 2 432097 0 0 0
954 -2289 102 121 519911 0 0 0
-1272 2376 39 18 197132 0 0 0
818 1835 130 149 391462 0 0 0
-2011 1411 1 164 402528 0 0 0
-735 2025 22 116 136267 0 0 0
2194 1820 28 69 197680 0 0 0
-1585 1335 16 91 353365 0 0 0
443 1249 111 97 793621 0 0 0
-513 408 223 151 474025 0 0 0
-1083 -210 64 108 967193 0 0 0
1714 787 115 167 734518 0 0 0
1540 -118 107 123 974354 0 0 0
1667 1065 140 85 569712 0 0 0
-986 -1688 146 171 283406 0 0 0
267 1707 5 124 351375 0 0 0
-1064 -1983 88 177 283906 0 0 0
1426 -116 188 209 207373 0 0 0
2438 -2120 160 47 288450 0 0 0
-2396 -1010 207 64 393019 0 0 0
438 -317 98 101 902119 0 0 0
1506 1070 224 208 617073 0 0 0
-2111 1605 73 140 543261 0 0 0
1530 2277 125 200 235355 0 0 0
2002 -878 71 174 708486 0 0 0
-2488 -1769 14 38 897425 0 0 0
-1202 -1242 211 89 254831 0 0 0
771 -1721 100 80 907927 0 0 0
-350 -2420 126 205 914431 0 0 0
2422 1960 47 135 442470 0 0 0
-1152 2212 191 1 626093 0 0 0
2199 -389 62 137 324853 0 0 0
-186 605 193 151 430018 0 0 0
638 -574 143 74 736761 0 0 0
949 2167 225 168 984406 0 0 0
471 -1647 191 107 404588 0 0 0
-159 -537 195 4 716207 0 0 0
1698 -2143 58 92 930312 0 0 0
1344 602 152 209 562603 0 0 0
-119 1686 202 186 285715 0 0 0
523 -265 137 59 841530 0 0 0
-2163 2131 211 131 318136 0 0 0
617 -631 173 3 713237 0 0 0
-2214 1152 68 66 461306 0 0 0
1643 -660 130 73 332665 0 0 0
2283 340 61 148 454727 0 0 0
1479 2334 74 153 819196 0 0 0
1633 -311 72 110 454993 0 0 0
-1762 -462 85 162 310046 0 0 0
550 -595 32 90 668127 0 0 0
1690 1846 174 141 390330 0 0 0
-1580 1088 191 166 281668 0 0 0
1396 2138 70 198 223312 0 0 0
2149 564 182 95 746951 0 0 0
1343 -671 169 71 563933 0 0 0
1914 1371 194 74 781175 0 0 0
585 357 136 44 309607 0 0 0
1485 743 212 37 781391 0 0 0
-545 1714 217 42 605677 0 0 0
1813 -2211 82 146 458465 0 0 0
2159 -2193 133 184 625720 0 0 0
1070 -510 77 154 761594 0 0 0
-345 -1006 4 28 226117 0 0 0
965 1106 140 69 395717 0 0 0
-1652 2498 30 54 326287 0 0 0
1041 1045 103 147 259773 0 0 0
-640 -520 105 135 589442 0 0 0
77 232 14 139 275725 0 0 0
-983 -1469 51 49 993369 0 0 0
1730 -2436 155 194 823511 0 0 0
-1197 -1677 83 189 135422 0 0 0
-1688 -27 55 83 858686 0 0 0
-1729 -1811 198 58 440774 0 0 0
253 2267 200 30 530937 0 0 0
272 902 194 79 152545 0 0 0
1909 -2006 139 100 140129 0 0 0
-1403 -2310 151 44 108924 0 0 0
301 -494 145 45 730578 0 0 0
2185 2292 141 109 771877 0 0 0
-1395 -1904 200 145 648650 0 0 0
-1801 2054 207 35 848126 0 0 0
-1157 998 204 112 781535 0 0 0
2330 1461 166 149 507898 0 0 0
2127 -1679 37 203 783867 0 0 0
1199 379 119 198 666756 0 0 0
-52 651 104 63 833338 0 0 0
-1211 -276 201 203 412584 0 0 0
1154 -1164 205 182 637742 0 0 0
-1533 -1536 176 15 899099 0 0 0
107 -1437 26 37 221025 0 0 0
-58 771 17 200 774902 0 0 0
807 1600 151 6 556539 0 0 0
-1292 2387 47 33 295940 0 0 0
1502 -464 191 175 761424 0 0 0
-437 -1489 211 121 443644 0 0 0
-912 1984 189 167 378129 0 0 0
31 -448 22 43 638741 0 0 0
-1324 -921 96 53 145527 0 0 0
2212 -1311 72 133 415131 0 0 0
1282 341 176 1 696163 0 0 0
-1677 1544 50 43 391406 0 0 0
-129 821 207 69 511743 0 0 0
-1722 -2268 110 151 552246 0 0 0
110 1408 143 121 499268 0 0 0
1461 -1284 45 65 533574 0 0 0
861 2323 219 117 399253 0 0 0
1467 -927 156 62 746325 0 0 0
164 -102 208 91 101021 0 0 0
-1606 26 99 178 556939 0 0 0
-1345 -1571 30 83 194845 0 0 0
-1484 -184 67 83 700905 0 0 0
992 1691 222 31 776638 0 0 0
2230 1955 68 84 266211 0 0 0
-2091 157 65 172 113914 0 0 0
-657 1905 6 157 708600 0 0 0
-2336 89 164 191 312847 0 0 0
2425 1649 66 181 696044 0 0 0
-2269 2324 212 177 879396 0 0 0
1010 -1539 54 1 633135 0 0 0
929 2065 153 153 110315 0 0 0
1160 -126 128 91 701634 0 0 0
10 1222 40 92 189286 0 0 0
-796 2319 143 90 838494 0 0 0
2329 -1368 90 51 990271 0 0 0
-346 1772 122 118 423341 0 0 0
1046 442 91 185 152457 0 0 0
-1013 2261 190 131 894694 0 0 0
770 -1663 2 2 486398 0 0 0
623 638 95 38 222745 0 0 0
1262 1211 47 206 833890 0 0 0
-1353 966 153 152 713564 0 0 0
-830 -396 151 60 306306 0 0 0
1952 -1100 40 147 303026 0 0 0
502 -1104 91 9 909479 0 0 0
-1453 501 9 119 294777 0 0 0
614 2195 115 127 981121 0 0 0
1104 -1778 55 184 951055 0 0 0
96 -1160 74 134 670527 0 0 0
2207 1080 110 115 825135 0 0 0
-1985 -2225 206 143 228229 0 0 0
52 1996 163 164 213597 0 0 0
53 -77 110 86 422952 0 0 0
1796 1326 33 29 638479 0 0 0
-520 2479 53 60 496980 0 0 0
635 -1975 85 131 634630 0 0 0
-1228 1091 154 57 677357 0 0 0
-483 -1544 73 195 477326 0 0 0
-2018 -1796 9 61 872942 0 0 0
-197 1767 23 27 573747 0 0 0
-248 -136 177 82 495895 0 0 0
1130 -734 188 17 316438 0 0 0
1759 1244 107 109 677130 0 0 0
2348 316 216 114 604125 0 0 0
2104 1191 59 120 311979 0 0 0
-1213 -1681 132 123 851612 0 0 0
-78 -1596 30 82 513295 0 0 0
-456 1164 106 129 594182 0 0 0
1070 1620 202 111 414333 0 0 0
-459 1481 152 42 729350 0 0 0
529 2365 141 33 132128 0 0 0
1746 527 34 173 420806 0 0 0
2204 -1189 5 211 480430 0 0 0
2053 1708 107 116 553059 0 0 0
1167 1566 179 85 670503 0 0 0
-1973 2100 177 13 128817 0 0 0
2365 -686 166 142 999857 0 0 0
-1103 -1483 27 23 309638 0 0 0
563 -1124 3 16 596898 0 0 0
1274 -1860 169 70 538276 0 0 0
2400 655 150 19 129322 0 0 0
720 671 30 208 821312 0 0 0
1380 1247 221 8 927177 0 0 0
-2417 -1208 152 63 173285 0 0 0
662 1148 46 174 513878 0 0 0
-994 866 207 165 199732 0 0 0
-770 549 54 23 919455 0 0 0
-1560 -568 34 120 573305 0 0 0
-120 1380 14 153 159113 0 0 0
1227 -1954 69 179 953623 0 0 0
-1445 856 198 123 296199 0 0 0
-1790 98 30 89 608238 0 0 0
-265 -1115 107 179 791976 0 0 0
1364 776 83 146 449659 0 0 0
1596 -596 29 81 272283 0 0 0
-1345 -1269 73 157 399250 0 0 0
741 -600 66 119 738756 0 0 0
1602 -116 72 50 720215 0 0 0
801 536 145 163 935309 0 0 0
-1217 1803 18 103 493633 0 0 0
-1300 -1827 24 97 544656 0 0 0
-1652 484 139 139 806081 0 0 0
-1668 2107 16 53 806338 0 0 0
-1209 -754 77 145 295026 0 0 0
217 1517 38 132 933112 0 0 0
-2318 1811 16 201 220964 0 0 0
1981 -2153 203 194 815832 0 0 0
1894 -214 17 150 744847 0 0 0
299 618 48 189 602688 0 0 0
-1316 -1778 106 200 804347 0 0 0
1633 1014 92 28 107857 0 0 0
-1669 2246 90 30 164659 0 0 0
-1135 -206 42 124 157739 0 0 0
501 1770 25 203 223885 0 0 0
1803 1541 168 147 398765 0 0 0
1581 189 116 131 676509 0 0 0
-2265 282 127 196 863538 0 0 0
330 2105 208 103 414210 0 0 0
-131 1512 130 68 378426 0 0 0
-2425 -210 92 34 101465 0 0 0
1856 2009 210 162 237127 0 0 0
2336 -2027 120 38 891773 0 0 0
-2089 1790 116 3 848370 0 0 0
-327 -1335 34 23 973808 0 0 0
-2318 1547 168 23 556253 0 0 0
552 -397 138 32 514304 0 0 0
1231 -1255 117 74 912878 0 0 0
1929 734 125 118 744601 0 0 0
-1116 1265 25 162 359153 0 0 0
-485 195 20 147 691578 0 0 0
-2452 -2430 109 48 116792 0 0 0
-1671 2181 60 178 452249 0 0 0
-1069 -2390 88 105 704044 0 0 0
932 -1810 44 151 601135 0 0 0
-419 -2273 4 165 301158 0 0 0
248 -1841 210 114 736634 0 0 0
1354 1705 16 145 964744 0 0 0
-1734 959 204 201 406346 0 0 0
-1299 -875 159 68 333839 0 0 0
2182 -2176 60 10 925233 0 0 0
1866 -1508 224 47 978749 0 0 0
1715 325 95 97 318694 0 0 0
759 -642 26 207 890200 0 0 0
-1995 -1796 172 17 934613 0 0 0
-490 -738 212 80 775716 0 0 0
-359 691 180 129 624815 0 0 0
1668 638 9 100 445138 0 0 0
856 2159 86 111 980047 0 0 0
-1120 232 50 166 903933 0 0 0
1677 -2140 64 103 875738 0 0 0
-1306 -2030 67 102 637627 0 0 0
-1849 -2183 62 211 912753 0 0 0
2415 -287 34 27 219944 0 0 0
-1429 -431 65 91 791169 0 0 0
1174 -3 157 129 356017 0 0 0
2217 -942 193 13 105860 0 0 0
-1459 996 14 123 292604 0 0 0
1135 -539 172 35 503853 0 0 0
522 2286 116 129 935059 0 0 0
2295 2481 196 172 853125 0 0 0
119 1394 123 112 992168 0 0 0
-1043 1484 108 212 938706 0 0 0
1030 -198 89 61 738549 0 0 0
-89 629 149 184 532953 0 0 0
1333 1463 224 120 176199 0 0 0
-2431 -2422 55 160 707194 0 0 0
-679 654 62 176 856495 0 0 0
-2224 -42 14 65 848404 0 0 0
-21 -988 39 48 742366 0 0 0
1536 1153 14 100 170809 0 0 0
-787 15 169 180 572895 0 0 0
58 2130 203 150 705271 0 0 0
103 -1235 98 43 757418 0 0 0
-1999 2371 13 186 626905 0 0 0
-958 -1727 22 189 729933 0 0 0
-1143 -775 117 184 169322 0 0 0
483 -1 114 159 199643 0 0 0
621 408 93 77 194221 0 0 0
352 -104 127 194 492008 0 0 0
792 2404 96 38 560010 0 0 0
-920 2274 185 152 998880 0 0 0
-714 -2425 162 5 758478 0 0 0
91 1829 118 165 980700 0 0 0
1518 1998 82 58 873840 0 0 0
-1479 431 74 104 196756 0 0 0
1292 -1191 202 25 421057 0 0 0
726 -1697 7 118 275771 0 0 0
-764 -1760 224 46 501064 0 0 0
2203 -205 163 67 598240 0 0 0
-88 -698 79 140 263074 0 0 0
2228 -2213 52 34 638761 0 0 0
1650 -77 124 150 726981 0 0 0
-1290 1227 36 77 990094 0 0 0
1036 -1092 107 35 257920 0 0 0
244 386 187 73 914928 0 0 0
-2443 -1463 174 206 393159 0 0 0
171 -1004 173 138 808705 0 0 0
-1665 1531 220 14 268277 0 0 0
346 684 208 80 728100 0 0 0
1368 1828 17 76 203019 0 0 0
1947 -308 37 38 451039 0 0 0
1653 -2093 182 19 503501 0 0 0
1541 2203 78 155 708105 0 0 0
-578 -216 213 147 982189 0 0 0
-1732 730 98 116 616177 0 0 0
-710 1007 145 66 634165 0 0 0
2498 722 53 192 990473 0 0 0
1984 -335 41 152 896474 0 0 0
737 1561 224 20 330274 0 0 0
2417 1998 185 47 317289 0 0 0
-2275 1338 75 156 797799 0 0 0
1168 -1781 162 88 673044 0 0 0
300 1639 105 130 272433 0 0 0
-907 2436 13 127 241880 0 0 0
752 1634 42 3 663887 0 0 0
-2027 -1572 162 173 996748 0 0 0
-133 1078 145 88 865657 0 0 0
760 25 4 129 964765 0 0 0
-2229 -881 94 176 393549 0 0 0
-1194 1084 34 155 970369 0 0 0
-459 520 217 180 904784 0 0 0
-1901 -556 204 159 415642 0 0 0
-695 -2034 133 198 148308 0 0 0
538 2115 78 180 963159 0 0 0
845 -330 192 48 647873 0 0 0
-829 393 179 38 124115 0 0 0
-846 -1450 82 82 657644 0 0 0
1922 2409 103 52 614322 0 0 0
-2163 107 217 170 628791 0 0 0
2170 -215 100 123 468408 0 0 0
1141 -922 94 107 529759 0 0 0
859 1103 119 91 723041 0 0 0
-462 -772 216 155 534549 0 0 0
-1931 1185 59 130 983181 0 0 0
-242 1593 24 16 631602 0 0 0
-626 -125 106 23 610195 0 0 0
1691 -1 126 66 537463 0 0 0
2328 1589 61 66 764424 0 0 0
459 -324 17 90 849297 0 0 0
1894 -2143 131 59 427688 0 0 0
-38 -1813 201 129 413773 0 0 0
-508 1165 36 188 401444 0 0 0
-981 -478 124 144 488046 0 0 0
1660 -853 18 171 351847 0 0 0
274 -21 112 3 146299 0 0 0
1449 1107 123 135 240443 0 0 0
1798 -322 137 80 938577 0 0 0
1849 480 117 64 823328 0 0 0
-1743 -1678 110 44 337451 0 0 0
-1844 -111 95 142 831910 0 0 0
2380 862 208 195 452902 0 0 0
-1902 1195 112 76 164670 0 0 0
475 -271 110 8 302011 0 0 0
625 800 106 138 116837 0 0 0
302 258 99 194 923603 0 0 0
842 -2164 71 45 107040 0 0 0
202 -1445 107 152 607828 0 0 0
-1104 604 66 14 347066 0 0 0
1603 -461 195 98 316815 0 0 0
2137 990 102 203 327512 0 0 0
-2337 1794 220 121 711191 0 0 0
-2165 -1476 151 168 146363 0 0 0
-774 146 97 51 937836 0 0 0
-1728 -695 167 188 533523 0 0 0
-1074 943 43 134 193028 0 0 0
-2092 376 95 179 181123 0 0 0
-2013 7 141 48 284264 0 0 0
1668 -1403 130 51 913911 0 0 0
392 -834 66 11 659883 0 0 0
232 799 10 91 474654 0 0 0
-1033 9 9 108 141494 0 0 0
1449 -2315 211 189 197266 0 0 0
-400 237 218 163 912026 0 0 0
1025 -1761 195 208 599774 0 0 0
798 -2464 109 209 250447 0 0 0
-1428 -638 35 76 197254 0 0 0
2189 1602 15 189 428683 0 0 0
-12 -841 218 22 826139 0 0 0
-1898 -2380 147 33 471335 0 0 0
-1905 655 211 154 278165 0 0 0
1696 -1550 60 46 261049 0 0 0
554 -2498 193 168 131603 0 0 0
2323 2088 58 60 956862 0 0 0
-1239 -1199 145 104 671736 0 0 0
-1709 169 57 57 555490 0 0 0
431 550 104 128 700206 0 0 0
1041 2014 41 131 502079 0 0 0
14 -833 77 57 965632 0 0 0
-16 -739 3 134 842788 0 0 0
-18 1459 3 39 599338 0 0 0
1312 1903 182 155 392523 0 0 0
-906 808 143 146 483624 0 0 0
-2227 2397 25 54 996726 0 0 0
-1010 2119 58 50 666491 0 0 0
-459 -2134 139 16 236655 0 0 0
26 -2040 57 75 546255 0 0 0
977 892 151 101 965535 0 0 0
-808 1762 224 19 105036 0 0 0
-179 218 164 135 958106 0 0 0
102 294 128 137 511177 0 0 0
-2367 -1679 69 8 546108 0 0 0
702 -2335 168 106 148330 0 0 0
-1214 -308 55 92 385596 0 0 0
-509 2054 129 157 136372 0 0 0
-456 -1909 131 189 260288 0 0 0
1835 -344 225 64 510189 0 0 0
1698 1714 169 44 439070 0 0 0
-488 2262 30 48 784708 0 0 0
-960 1565 166 191 702133 0 0 0
-779 -1496 7 37 418337 0 0 0
-762 1901 61 125 395745 0 0 0
1926 897 164 185 848818 0 0 0
-1380 -482 214 108 556155 0 0 0
2408 1966 75 151 523286 0 0 0
-1340 859 190 26 110048 0 0 0
-1860 2002 90 5 293812 0 0 0
-365 158 27 194 541775 0 0 0
-586 1389 104 30 185656 0 0 0
1374 1351 207 60 933885 0 0 0
1757 389 10 27 417838 0 0 0
-143 2365 107 118 187540 0 0 0
868 1049 139 28 113497 0 0 0
1114 -1480 106 193 457026 0 0 0
2201 -458 50 174 858212 0 0 0
1523 819 78 35 519977 0 0 0
2155 1345 29 146 311896 0 0 0
1608 -1307 154 33 800425 0 0 0
-1983 -934 74 182 304619 0 0 0
1574 -2098 151 92 332658 0 0 0
-994 -381 6 101 567648 0 0 0
-1215 -344 63 114 747585 0 0 0
2290 -981 133 93 237603 0 0 0
-873 956 134 135 417418 0 0 0
672 -1672 209 71 814221 0 0 0
1280 -62 224 207 200724 0 0 0
448 -689 187 85 586965 0 0 0
-622 122 7 170 959474 0 0 0
1557 1092 65 182 880853 0 0 0
-1729 1092 30 81 407337 0 0 0
1810 -2078 71 168 957838 0 0 0
-145 2260 143 29 211885 0 0 0
-683 -2153 92 118 292220 0 0 0
1493 1162 224 155 948173 0 0 0
-572 833 98 7 323842 0 0 0
-624 -29 184 160 504557 0 0 0
-1043 -1557 218 169 373676 0 0 0
-1287 -861 114 57 988172 0 0 0
988 379 91 59 685205 0 0 0
2068 1520 219 70 912477 0 0 0
-307 -2328 21 99 201614 0 0 0
1572 1977 222 195 287959 0 0 0
1834 2262 61 141 644959 0 0 0
781 746 219 55 243729 0 0 0
-1980 1886 93 42 900843 0 0 0
-864 -2292 63 89 824913 0 0 0
-768 -1050 72 203 595816 0 0 0
-658 -982 192 58 871806 0 0 0
-723 -779 102 203 500565 0 0 0
1282 146 19 63 115304 0 0 0
-2386 -1152 34 117 299349 0 0 0
-2091 423 86 70 284526 0 0 0
-240 -2241 104 210 983015 0 0 0
-1227 -1962 82 98 199236 0 0 0
1467 1096 202 60 855557 0 0 0
1018 1618 154 49 608562 0 0 0
-360 2358 11 194 127639 0 0 0
1499 -2425 79 199 943769 0 0 0
740 -1890 21 15 303923 0 0 0
-105 806 177 59 311592 0 0 0
-2187 1351 77 4 309626 0 0 0
971 539 195 154 296028 0 0 0
2061 -103 205 86 612780 0 0 0
2462 -312 154 37 584643 0 0 0
2024 -831 84 12 826121 0 0 0
-968 310 94 172 262456 0 0 0
-1666 -484 50 116 845508 0 0 0
-1476 194 52 58 507042 0 0 0
1852 2350 79 99 875795 0 0 0
-747 -1489 218 91 678350 0 0 0
1393 -900 133 69 259595 0 0 0
816 -1214 201 191 586027 0 0 0
-1916 2067 7 23 448313 0 0 0
-2103 -2294 107 93 903252 0 0 0
-354 -1873 41 139 601621 0 0 0
1028 1734 53 23 766841 0 0 0
-1590 -1388 154 73 116783 0 0 0
-1346 1667 163 91 608741 0 0 0
-1357 -2460 165 51 330759 0 0 0
-240 758 218 133 261038 0 0 0
923 1088 88 8 738605 0 0 0
-2441 538 10 138 347970 0 0 0
-1460 1672 88 67 807742 0 0 0
2276 -106 60 77 183415 0 0 0
-1686 560 210 205 640712 0 0 0
1973 -1924 225 80 206991 0 0 0
-117 -1062 4 174 726736 0 0 0
-116 -1052 9 67 169970 0 0 0
-2143 2391 8 212 318208 0 0 0
-2192 369 61 19 650289 0 0 0
-642 1488 136 108 520871 0 0 0
2030 1484 48 183 720400 0 0 0
-901 950 85 102 130102 0 0 0
440 -435 166 3 277186 0 0 0
484 1978 8 142 669409 0 0 0
1349 2292 105 9 270443 0 0 0
-52 -1933 37 55 446772 0 0 0
1876 527 173 41 793841 0 0 0
2324 1483 163 71 890645 0 0 0
-1540 311 7 194 423077 0 0 0
-411 -2334 4 59 587203 0 0 0
-1117 -1152 79 184 841862 0 0 0
-1400 140 24 76 110256 0 0 0
1576 -308 207 2 756674 0 0 0
-1075 2307 93 129 128434 0 0 0
-254 -114 93 8 311612 0 0 0
1910 1 218 205 825884 0 0 0
-2426 2339 182 139 957291 0 0 0
830 1825 161 25 341121 0 0 0
2159 1062 7 51 639104 0 0 0
-2113 -629 82 183 989484 0 0 0
-724 -1030 224 176 575482 0 0 0
-806 1836 203 124 422504 0 0 0
-1418 751 217 74 139962 0 0 0
1218 -1092 215 20 667311 0 0 0
-1613 2451 192 208 216668 0 0 0
908 -1089 5 72 542421 0 0 0
-832 -979 207 111 910451 0 0 0
1835 -1160 225 140 992552 0 0 0
77 1684 198 44 404097 0 0 0
-806 -1183 193 109 396846 0 0 0
-1974 -564 97 154 920390 0 0 0
-1353 -924 92 7 159249 0 0 0
-724 -408 54 72 418831 0 0 0
918 3 127 16 648754 0 0 0
400 -792 106 85 635458 0 0 0
-2222 -2169 83 153 751548 0 0 0
2239 -913 161 149 818297 0 0 0
-1685 -450 203 52 529471 0 0 0
-1516 -1660 34 106 981318 0 0 0
1798 929 45 163 271358 0 0 0
6 -534 122 11 916500 0 0 0
-1879 1893 107 126 651696 0 0 0
-56 2491 165 199 246330 0 0 0
1882 -118 182 40 166801 0 0 0
2494 -1673 65 64 711801 0 0 0
655 -663 77 23 658029 0 0 0
780 461 83 109 899957 0 0 0
1894 2007 169 34 522586 0 0 0
1223 1667 155 111 433637 0 0 0
1081 -2253 81 140 893584 0 0 0
1645 -1407 78 98 885522 0 0 0
-594 -2069 71 122 538061 0 0 0
315 -2266 2 116 224539 0 0 0
244 127 121 204 670494 0 0 0
1707 580 153 169 413509 0 0 0
-1668 -755 130 177 210393 0 0 0
-2295 -1267 124 38 279988 0 0 0
2144 -1420 99 32 433954 0 0 0
1837 2278 13 89 156254 0 0 0
1295 1271 224 177 701278 0 0 0
-1342 -1065 35 130 512399 0 0 0
1977 1296 8 93 344154 0 0 0
-1660 -1714 42 195 308420 0 0 0
-145 -1924 11 32 333891 0 0 0
-675 1617 83 61 909058 0 0 0
326 -1607 44 43 618963 0 0 0
-925 1926 199 90 261514 0 0 0
1595 -1809 213 22 281505 0 0 0
-1509 -2282 200 183 953936 0 0 0
-989 1487 200 51 431340 0 0 0
-219 -1542 152 12 253365 0 0 0
2287 837 118 28 343981 0 0 0
-1135 -983 99 47 632425 0 0 0
446 -1927 86 119 600231 0 0 0
126 -114 154 116 451608 0 0 0
-610 1247 9 147 369964 0 0 0
1842 -2358 76 14 261733 0 0 0
2282 391 73 168 819573 0 0 0
1623 -1983 151 64 896646 0 0 0
1532 106 129 20 819220 0 0 0
2341 -1238 37 80 606682 0 0 0
-246 1473 189 115 909938 0 0 0
1708 37 178 115 234790 0 0 0
-2035 1015 67 120 887151 0 0 0
565 -1979 12 36 110796 0 0 0
-1262 -2225 199 168 454067 0 0 0
1306 -1154 141 108 503089 0 0 0
-1901 -1508 55 84 854922 0 0 0
-950 -1807 192 165 436697 0 0 0
1283 330 92 153 845721 0 0 0
744 -2225 172 133 712262 0 0 0
1019 176 191 134 899127 0 0 0
326 -1854 57 135 799225 0 0 0
-811 1873 185 64 570208 0 0 0
-1728 1521 93 76 902463 0 0 0
-326 -64 88 111 913208 0 0 0
-915 -444 98 115 171370 0 0 0
-2296 -968 113 182 170933 0 0 0
-1199 246 223 153 923275 0 0 0
-1851 1478 137 67 382957 0 0 0
1745 -1660 25 15 429193 0 0 0
-81 -1280 127 182 451308 0 0 0
1461 1351 145 139 347844 0 0 0
-410 -444 133 87 842163 0 0 0
-1418 -1859 52 201 814870 0 0 0
2229 -354 183 75 669468 0 0 0
640 -487 166 129 833303 0 0 0
1020 -2142 210 174 428790 0 0 0
-1915 -895 90 174 438950 0 0 0
-474 204 160 154 896542 0 0 0
1369 -1832 123 188 399015 0 0 0
1956 -1366 214 72 145586 0 0 0
1866 2453 100 198 966558 0 0 0
-1590 -258 2 192 566566 0 0 0
2100 553 47 73 201451 0 0 0
-1905 -2352 102 20 517880 0 0 0
-1895 2410 150 96 144559 0 0 0
2473 1293 149 104 966559 0 0 0
-600 -2026 71 169 846313 0 0 0
892 -784 108 203 396355 0 0 0
-1047 -2295 218 81 680238 0 0 0
-902 1591 207 2 199302 0 0 0
-1305 -1750 62 153 182230 0 0 0
-654 -392 54 130 262232 0 0 0
1042 221 32 52 229122 0 0 0
1822 -2403 33 108 807052 0 0 0
2276 -1344 174 108 799973 0 0 0
-890 2155 26 146 564626 0 0 0
1825 1032 43 203 997600 0 0 0
2476 460 20 166 389802 0 0 0
729 1545 10 210 708112 0 0 0
1714 2096 134 91 231096 0 0 0
-1824 1120 156 85 616409 0 0 0
1600 1008 198 121 468788 0 0 0
136 -1116 79 16 920160 0 0 0
560 1656 32 157 935252 0 0 0
-1302 1785 82 179 575045 0 0 0
-1425 883 134 41 456952 0 0 0
-847 2181 182 189 904978 0 0 0
1164 -1931 224 172 715100 0 0 0
-897 -1918 137 21 970625 0 0 0
-326 -771 101 137 263559 0 0 0
-874 -2420 172 185 289275 0 0 0
-628 -1654 18 16 494343 0 0 0
-1513 173 62 63 176670 0 0 0
-1750 -917 71 141 396997 0 0 0
-1582 2348 214 150 912094 0 0 0
2205 -2142 92 185 299285 0 0 0
-2421 985 72 5 972245 0 0 0
-1438 -421 60 1 235983 0 0 0
-1489 390 85 175 426254 0 0 0
-1404 1078 13 200 270705 0 0 0
1303 1527 130 212 140358 0 0 0
1883 1013 72 65 390934 0 0 0
-2316 1871 3 34 729802 0 0 0
648 -270 100 107 478831 0 0 0
-221 1071 169 8 248880 0 0 0
951 670 63 90 799940 0 0 0
-2455 -2470 208 150 490621 0 0 0
-1537 818 22 207 194599 0 0 0
850 1137 63 5 918145 0 0 0
-2453 -1987 127 60 169340 0 0 0
1435 1794 57 11 566152 0 0 0
-1153 1855 99 117 953734 0 0 0
232 1759 189 158 189701 0 0 0
-859 1387 27 206 724414 0 0 0
2123 2298 105 98 404866 0 0 0
1467 -605 53 59 832391 0 0 0
474 2018 40 128 533122 0 0 0
1142 1739 191 111 584894 0 0 0
-1550 843 115 194 798065 0 0 0
310 1693 198 108 284874 0 0 0
285 -734 215 82 440296 0 0 0
839 2134 72 174 327990 0 0 0
939 -944 109 103 532754 0 0 0
-945 -2326 143 61 866716 0 0 0
1484 1866 185 192 655020 0 0 0
2143 406 36 93 776745 0 0 0
-1459 1979 175 126 219202 0 0 0
-1776 1101 98 191 321025 0 0 0
-702 1649 85 18 444677 0 0 0
133 593 113 182 115794 0 0 0
-2227 2418 69 13 424274 0 0 0
533 -168 64 35 203676 0 0 0
-485 -268 159 121 361472 0 0 0
2234 312 155 195 896331 0 0 0
-1561 -352 167 129 773928 0 0 0
-2334 847 71 175 466144 0 0 0
39 1231 168 89 405210 0 0 0
848 407 216 184 986762 0 0 0
-1012 191 152 41 269807 0 0 0
982 200 27 130 897942 0 0 0
2142 -1354 99 24 999634 0 0 0
-548 2335 154 145 645087 0 0 0
-2046 -922 133 211 214915 0 0 0
2246 391 78 7 186597 0 0 0
-2054 -985 43 30 550985 0 0 0
500 1804 3 183 707075 0 0 0
1676 2295 149 138 862233 0 0 0
-1322 1328 34 148 424137 0 0 0
-157 2493 162 203 384795 0 0 0
252 -164 213 15 873172 0 0 0
1158 -594 12 206 790989 0 0 0
-2413 2206 72 110 807555 0 0 0
-152 -1176 192 121 414714 0 0 0
-1012 -1393 143 177 711985 0 0 0
-2387 1878 43 79 238716 0 0 0
-2411 -1984 105 183 212307 0 0 0
1007 966 207 77 263881 0 0 0
-428 103 120 116 602423 0 0 0
1535 2223 169 90 977507 0 0 0
-660 -672 110 210 348084 0 0 0
1642 2323 70 164 503532 0 0 0
1599 568 111 7 533172 0 0 0
358 28 53 101 630993 0 0 0
22 -1677 126 143 605813 0 0 0
2115 -2450 65 43 696903 0 0 0
-635 -566 107 46 648180 0 0 0
-112 1711 70 47 537926 0 0 0
1632 1843 119 209 134885 0 0 0
1234 -892 185 192 396763 0 0 0
1365 474 41 128 151008 0 0 0
2026 1970 144 187 921122 0 0 0
-2454 2121 206 40 446032 0 0 0
1933 -1234 15 98 470126 0 0 0
1306 -2036 119 88 899207 0 0 0
1394 2126 10 204 402175 0 0 0
-2450 1339 187 163 920698 0 0 0
2037 -699 86 184 984921 0 0 0
1568 -2035 84 50 303035 0 0 0
621 791 215 136 297354 0 0 0
-567 186 211 36 602919 0 0 0
32 2100 152 209 743232 0 0 0
1674 -1970 209 152 894124 0 0 0
-1079 1367 69 177 343491 0 0 0
423 -1593 43 138 880993 0 0 0
-1016 179 92 59 393721 0 0 0
-844 -1523 7 62 591366 0 0 0
-1144 2367 97 131 687557 0 0 0
1136 666 73 165 831585 0 0 0
-1839 5 32 117 374908 0 0 0
1901 1487 35 108 718600 0 0 0
-893 1172 11 135 121161 0 0 0
-1003 -281 34 134 104255 0 0 0
1776 -1076 225 145 364423 0 0 0
863 1146 96 83 342932 0 0 0
-1802 -1174 148 119 285098 0 0 0
922 903 182 27 319486 0 0 0
-2306 -1860 217 83 806387 0 0 0
1398 1534 225 87 446786 0 0 0
-1029 1197 112 179 871251 0 0 0
2146 2180 219 60 992201 0 0 0
-137 -1119 13 59 472822 0 0 0
-841 -914 44 16 203846 0 0 0
1259 -2293 121 209 994663 0 0 0
536 1561 94 45 251744 0 0 0
1026 1782 86 63 287498 0 0 0
1038 280 142 210 793269 0 0 0
-1868 -173 127 96 629442 0 0 0
164 1400 142 78 457806 0 0 0
-2287 1949 34 196 984546 0 0 0
-1548 -1878 70 189 468917 0 0 0
-1643 -1234 106 29 552318 0 0 0
1366 -2100 225 8 970649 0 0 0
1040 -2479 79 158 186439 0 0 0
-1269 -1827 182 1 781792 0 0 0
-44 -729 75 114 551929 0 0 0
1372 -32 175 51 683911 0 0 0
-1205 3 158 163 418529 0 0 0
1788 -83 35 26 448338 0 0 0
674 -1514 8 148 738987 0 0 0
602 781 24 176 731058 0 0 0
856 -2402 115 6 101317 0 0 0
-1223 -879 29 106 916867 0 0 0
-1451 -857 166 159 271521 0 0 0
1419 80 24 59 361216 0 0 0
884 -2354 24 19 608185 0 0 0
-2254 -2454 224 22 206698 0 0 0
-212 67 136 29 229076 0 0 0
166 -1726 152 31 531900 0 0 0
1944 2000 17 105 370020 0 0 0
-2150 197 202 30 871570 0 0 0
-130 -2290 37 9 155864 0 0 0
-1039 -15 218 183 203142 0 0 0
-2358 192 203 13 829213 0 0 0
-1615 500 28 189 698893 0 0 0
-857 -334 200 9 892075 0 0 0
-221 -30 131 27 264889 0 0 0
-1603 2475 89 19 442967 0 0 0
1705 -606 113 35 108908 0 0 0
512 105 184 50 975955 0 0 0
-415 -2234 46 212 649601 0 0 0
2375 -792 114 66 533539 0 0 0
-1763 532 12 47 236556 0 0 0
-181 1103 124 35 395341 0 0 0
117 2111 54 92 126177 0 0 0
-1403 -1166 96 208 157198 0 0 0
-1292 -2047 111 155 197577 0 0 0
2107 1483 184 110 145028 0 0 0
-1177 -1547 80 108 599770 0 0 0
-2412 -60 193 177 631693 0 0 0
-1047 179 121 162 530076 0 0 0
-410 1170 31 119 887870 0 0 0
2142 -428 8 186 318383 0 0 0
-175 330 125 72 974314 0 0 0
889 1062 176 165 765247 0 0 0
-2165 -586 113 50 985338 0 0 0
2059 498 137 194 806101 0 0 0
1564 -913 74 126 363260 0 0 0
-2259 -2273 127 128 371414 0 0 0
-2079 -56 155 27 192949 0 0 0
-31 -383 122 169 582189 0 0 0
1834 -750 163 126 105869 0 0 0
-70 707 22 60 402831 0 0 0
-72 -813 144 59 277899 0 0 0
1122 791 38 108 252299 0 0 0
-2222 -1020 151 75 145336 0 0 0
-1911 -340 123 124 475795 0 0 0
-1596 -909 142 172 423798 0 0 0
-1848 -213 222 33 909255 0 0 0
2500 1391 15 76 425048 0 0 0
90 -631 166 176 564096 0 0 0
-761 1685 125 92 141169 0 0 0
1772 -1247 206 137 740796 0 0 0
-152 2125 123 134 303472 0 0 0
-1669 -1702 173 168 413296 0 0 0
-591 1425 9 111 978937 0 0 0
906 -396 43 93 431595 0 0 0
-1692 -1953 45 2 292985 0 0 0
-1742 -1545 164 146 382396 0 0 0
1773 1630 6 171 520520 0 0 0
-2349 -74 136 66 475354 0 0 0
-2051 2174 112 127 612922 0 0 0
238 -1962 143 17 490565 0 0 0
-2049 687 152 194 824262 0 0 0
2413 976 174 42 805171 0 0 0
493 65 166 28 419885 0 0 0
573 1432 150 6 874601 0 0 0
-1797 91 62 143 179465 0 0 0
-2037 -1618 1 142 722820 0 0 0
182 -208 190 147 838834 0 0 0
-803 -1994 211 113 334954 0 0 0
1112 -576 25 153 137792 0 0 0
-529 -2364 223 181 516440 0 0 0
729 -458 25 177 433323 0 0 0
-406 -1122 220 106 805229 0 0 0
1912 -537 107 16 757802 0 0 0
-1940 648 75 94 904612 0 0 0
-230 -719 16 137 729846 0 0 0
-2016 1983 136 135 804380 0 0 0
-1314 2416 157 77 987324 0 0 0
1099 -1223 49 116 844027 0 0 0
407 1684 61 171 794001 0 0 0
1057 -207 56 153 303812 0 0 0
94 2223 33 197 922454 0 0 0
1482 655 30 70 147570 0 0 0
-1367 305 104 94 964146 0 0 0
1795 2017 73 108 744097 0 0 0
-2031 -2396 9 73 561278 0 0 0
-1175 -235 88 188 870285 0 0 0
436 -2077 64 167 801547 0 0 0
756 735 95 55 139191 0 0 0
-1954 1909 174 28 876613 0 0 0
224 -1836 103 83 203130 0 0 0
53 1050 5 56 537313 0 0 0
2089 -201 43 161 606064 0 0 0
7 1096 183 36 323982 0 0 0
1770 -1056 21 45 799062 0 0 0
-2444 2362 6 203 159608 0 0 0
491 -644 38 168 668812 0 0 0
2138 -1689 40 12 791312 0 0 0
506 -921 188 189 356186 0 0 0
1755 885 198 138 596495 0 0 0
1489 2341 81 74 430526 0 0 0
-883 1867 30 86 255027 0 0 0
-2311 -349 78 163 425778 0 0 0
1089 575 172 56 124548 0 0 0
-2314 115 160 7 832408 0 0 0
2249 -1984 179 197 569704 0 0 0
-1615 -66 191 62 875871 0 0 0
-820 1658 117 147 296906 0 0 0
-115 -1544 46 13 192463 0 0 0
2186 -1383 159 2 944811 0 0 0
1363 332 53 175 382364 0 0 0
-1727 -876 145 39 457956 0 0 0
-53 1460 51 52 279699 0 0 0
2269 -1486 87 141 991772 0 0 0
943 -813 38 43 492600 0 0 0
2105 -1434 202 38 385427 0 0 0
387 -2273 70 15 698615 0 0 0
272 -1366 114 75 418317 0 0 0
442 838 221 206 947166 0 0 0
263 -1593 14 191 744540 0 0 0
-25 -2151 220 11 380914 0 0 0
682 1080 180 48 213621 0 0 0
-812 229 163 80 629285 0 0 0
-780 186 33 110 324904 0 0 0
-167 -1486 195 200 687958 0 0 0
189 -820 222 103 172115 0 0 0
-84 -530 50 38 627134 0 0 0
-1364 -771 46 119 319676 0 0 0
996 1129 36 206 554123 0 0 0
2477 -562 82 84 221497 0 0 0
-1207 979 162 206 867667 0 0 0
-1000 -2273 93 117 413891 0 0 0
218 1422 34 130 959544 0 0 0
-435 2356 216 180 347866 0 0 0
1451 592 77 125 532510 0 0 0
-2267 1327 106 12 897372 0 0 0
1109 -1691 118 93 130319 0 0 0
-537 -265 222 185 509657 0 0 0
2088 -961 117 15 359504 0 0 0
1061 1996 21 37 952089 0 0 0
-1340 670 116 48 162678 0 0 0
-256 1596 66 21 877947 0 0 0
-1570 561 75 205 120808 0 0 0
-431 1512 124 44 471937 0 0 0
-1122 1347 71 168 148360 0 0 0
-2057 -2224 101 176 314947 0 0 0
1129 -427 199 95 561180 0 0 0
-2320 995 19 46 816072 0 0 0
-973 1860 84 109 356366 0 0 0
496 1341 182 108 384769 0 0 0
141 -18 133 178 727168 0 0 0
-884 230 189 62 779389 0 0 0
1612 1679 40 209 279312 0 0 0
-58 1211 124 54 543521 0 0 0
-2300 1702 24 97 418496 0 0 0
1058 -1463 113 115 175093 0 0 0
-298 2114 138 150 732594 0 0 0
-2477 -417 67 8 206339 0 0 0
1667 2024 66 47 393342 0 0 0
-631 -190 105 48 348161 0 0 0
365 -703 114 18 542597 0 0 0
-301 -807 167 179 739860 0 0 0
2277 2158 157 28 698539 0 0 0
-2060 533 15 115 396055 0 0 0
1287 611 211 96 203336 0 0 0
1105 703 37 108 543037 0 0 0
1428 1502 76 165 879787 0 0 0
2057 1352 153 39 641681 0 0 0
-1631 -1631 111 70 283424 0 0 0
-1280 -549 202 204 317016 0 0 0
-868 -1363 221 45 439825 0 0 0
1409 945 2 164 777977 0 0 0
1169 481 225 152 199947 0 0 0
1310 882 110 115 447170 0 0 0
525 2356 159 181 115184 0 0 0
-1968 1442 197 59 923412 0 0 0
2416 188 73 156 526708 0 0 0
-301 2353 51 81 229203 0 0 0
1220 565 114 125 824097 0 0 0
754 -1445 51 100 319575 0 0 0
1064 -1415 50 197 177407 0 0 0
920 -416 149 131 410276 0 0 0
334 530 1 107 175693 0 0 0
-573 1514 82 197 709653 0 0 0
1814 820 72 170 862756 0 0 0
2455 -1540 205 77 151721 0 0 0
-463 162 161 18 664032 0 0 0
2041 2302 164 151 163061 0 0 0
-252 -284 94 18 584070 0 0 0
-1011 -775 137 50 452503 0 0 0
-978 861 214 205 599391 0 0 0
1967 875 210 14 578435 0 0 0
1914 -1766 113 195 642345 0 0 0
144 -1011 221 129 642767 0 0 0
763 1166 196 22 663020 0 0 0
2163 -1933 212 96 963323 0 0 0
-1221 45 221 131 376906 0 0 0
-1966 -1016 194 70 507582 0 0 0
1951 78 88 73 671111 0 0 0
115 1695 86 33 494773 0 0 0
1064 137 220 176 444847 0 0 0
1241 -2115 5 206 412250 0 0 0
1955 -1501 204 119 939378 0 0 0
-2303 -448 164 17 205782 0 0 0
-1933 -1483 176 184 889482 0 0 0
-3 -2194 203 73 159759 0 0 0
348 -2153 133 203 811238 0 0 0
-1128 122 193 181 892377 0 0 0
49 -851 32 21 959397 0 0 0
1809 -567 38 168 555618 0 0 0
559 1272 7 110 485392 0 0 0
647 1729 210 52 727894 0 0 0
1625 744 44 126 619467 0 0 0
-1251 -1751 30 192 536333 0 0 0
-2125 1747 101 51 254751 0 0 0
-1403 -1177 103 93 991075 0 0 0
-956 1048 58 155 643719 0 0 0
-1046 1066 3 36 401728 0 0 0
-750 132 4 6 409431 0 0 0
-2366 489 126 15 156189 0 0 0
2229 -1031 26 188 860635 0 0 0
-2499 -1125 173 77 988454 0 0 0
-1412 773 79 20 663184 0 0 0
1277 -1444 97 135 826642 0 0 0
2450 -2355 15 137 401087 0 0 0
26 71 2 94 126115 0 0 0
1867 1687 133 185 531732 0 0 0
-766 66 73 157 455245 0 0 0
-229 330 58 203 985096 0 0 0
2432 2091 110 199 604399 0 0 0
155 2306 191 138 608485 0 0 0
-2497 -951 165 31 256973 0 0 0
542 297 23 33 689472 0 0 0
1389 -1012 83 17 319660 0 0 0
996 1159 195 146 990544 0 0 0
-2140 -2126 224 191 717558 0 0 0
278 -944 178 111 443349 0 0 0
-575 -208 6 159 569245 0 0 0
-848 -1684 207 109 306138 0 0 0
-158 -175 159 37 815544 0 0 0
1102 -1875 154 76 902611 0 0 0
1759 1810 183 45 604355 0 0 0
511 -85 62 212 356601 0 0 0
213 1661 126 3 165949 0 0 0
-10 -1507 36 12 992777 0 0 0
2141 1729 144 2 292051 0 0 0
-613 -1673 71 69 728543 0 0 0
39 404 152 175 648029 0 0 0
829 -311 135 59 976437 0 0 0
2489 472 220 196 515013 0 0 0
2261 -1558 49 210 355064 0 0 0
1222 2077 139 22 855353 0 0 0
-1275 193 13 124 495471 0 0 0
1855 1112 41 143 360010 0 0 0
-95 -855 179 38 838382 0 0 0
295 -1525 139 22 823862 0 0 0
593 -470 121 135 973373 0 0 0
1050 1894 225 168 412020 0 0 0
-363 -2191 104 180 617234 0 0 0
-192 -232 101 15 162752 0 0 0
435 -473 135 39 165640 0 0 0
-1414 1017 39 170 973519 0 0 0
2156 2142 120 29 885181 0 0 0
-1398 -303 113 129 792033 0 0 0
-966 595 220 100 288325 0 0 0
-407 -1910 36 195 388546 0 0 0
-1377 -1386 95 39 200478 0 0 0
-1760 2491 163 165 784803 0 0 0
-1519 -2003 200 180 528361 0 0 0
-18 1334 59 130 572124 0 0 0
306 -943 182 1 964139 0 0 0
688 -1807 139 210 885060 0 0 0
-534 260 107 176 147250 0 0 0
467 2212 198 110 251188 0 0 0
1837 -1836 220 149 970727 0 0 0
2427 49 163 76 306724 0 0 0
-1033 2434 39 10 333265 0 0 0
2292 -1523 117 211 837064 0 0 0
-2242 -2418 12 43 243841 0 0 0
-251 -875 79 69 282784 0 0 0
858 1910 217 79 746038 0 0 0
-1863 -1317 66 99 400524 0 0 0
1413 -1139 26 128 321737 0 0 0
1496 -137 134 31 918627 0 0 0
1000 -549 78 14 645229 0 0 0
1641 1418 83 35 251838 0 0 0
-402 19 181 201 574411 0 0 0
-1261 918 186 114 764733 0 0 0
-1334 -1413 31 66 954917 0 0 0
-282 1259 21 92 459096 0 0 0
-833 -2381 38 50 591065 0 0 0
1735 -1445 10 89 406730 0 0 0
1851 -1123 5 42 613570 0 0 0
-2245 -555 8 49 845507 0 0 0
-1233 -1480 162 195 719504 0 0 0
531 701 134 20 996638 0 0 0
2165 -257 170 126 109838 0 0 0
-2391 -2422 125 35 945992 0 0 0
149 -2152 178 75 939909 0 0 0
42 -963 195 166 275172 0 0 0
-537 -1530 78 188 665582 0 0 0
-1884 974 106 51 786258 0 0 0
-902 -2319 112 11 919950 0 0 0
1901 -768 155 63 418260 0 0 0
663 2492 70 50 541670 0 0 0
-319 -1938 218 125 726792 0 0 0
1778 2186 81 97 670545 0 0 0
960 -851 94 76 976570 0 0 0
2213 -1970 111 153 247125 0 0 0
-226 -1471 208 148 907636 0 0 0
440 -1064 170 99 531829 0 0 0
-2131 1441 145 125 243141 0 0 0
-2416 1303 76 43 781201 0 0 0
-1166 -1584 187 159 175223 0 0 0
425 -1550 224 179 613888 0 0 0
1492 1778 219 170 207937 0 0 0
-16 849 209 15 278811 0 0 0
1535 -1075 90 177 465505 0 0 0
2097 871 195 85 124581 0 0 0
-1125 -749 173 88 798324 0 0 0
-367 899 154 105 736405 0 0 0
2061 1951 172 135 937284 0 0 0
1489 -1897 207 201 863691 0 0 0
-1907 -2458 40 16 553218 0 0 0
1512 -1448 148 24 946060 0 0 0
1999 460 161 159 340163 0 0 0
2424 -1944 64 200 739431 0 0 0
-1061 -476 71 3 835434 0 0 0
492 76 35 83 805847 0 0 0
1524 -1478 106 110 480617 0 0 0
-2283 1664 70 126 325503 0 0 0
-2423 -1780 132 9 826449 0 0 0
-1737 -1909 194 170 390508 0 0 0
2488 -2300 147 168 111375 0 0 0
-1347 1959 104 100 440317 0 0 0
-1512 -339 204 84 567069 0 0 0
2442 1254 92 158 315165 0 0 0
-930 1725 141 128 894853 0 0 0
495 -1724 208 136 660501 0 0 0
1782 -1639 1 163 671914 0 0 0
1265 -369 187 154 876228 0 0 0
829 -2260 188 143 859573 0 0 0
-15 981 78 87 475404 0 0 0
2313 1773 40 16 943380 0 0 0
-562 2154 136 192 658541 0 0 0
1534 -1906 60 172 292602 0 0 0
-530 654 22 38 186806 0 0 0
541 -1097 68 90 542526 0 0 0
112 -1798 199 116 314427 0 0 0
-1789 1366 188 170 420680 0 0 0
-2091 -2040 91 191 342982 0 0 0
-2288 289 194 16 790014 0 0 0
2071 -1861 111 34 757654 0 0 0
1340 1181 150 191 563877 0 0 0
-2258 -49 116 14 797666 0 0 0
1540 -513 103 165 384633 0 0 0
107 -1339 24 194 660365 0 0 0
-267 1788 95 29 418078 0 0 0
-23 959 145 24 539453 0 0 0
1570 -336 129 179 907330 0 0 0
-321 -2132 154 85 767499 0 0 0
-1924 -2253 199 87 433947 0 0 0
-335 1754 150 141 140026 0 0 0
1387 1506 81 203 642076 0 0 0
-2060 2186 128 92 178412 0 0 0
-989 -1436 203 170 192267 0 0 0
-1799 2030 43 174 659347 0 0 0
-467 -1799 179 65 215292 0 0 0
116 1687 205 30 846613 0 0 0
-2278 -695 117 17 418523 0 0 0
-1056 665 171 151 318817 0 0 0
2067 792 180 3 941163 0 0 0
-2055 -1925 149 27 417297 0 0 0
-1619 -1689 215 113 648971 0 0 0
1575 2096 120 157 946683 0 0 0
-2058 2140 207 15 539837 0 0 0
-2158 180 134 68 422618 0 0 0
2043 -392 113 51 793408 0 0 0
1174 1081 134 38 868330 0 0 0
-1582 -650 204 166 330403 0 0 0
874 771 210 34 824658 0 0 0
404 -392 54 117 371453 0 0 0
-284 -2208 210 120 723748 0 0 0
-125 2026 206 11 827659 0 0 0
-2082 224 131 100 861902 0 0 0
1300 -2121 146 104 515076 0 0 0
-1553 2006 19 148 536433 0 0 0
32 -182 164 6 404314 0 0 0
146 1563 34 80 175616 0 0 0
-219 1704 216 204 412526 0 0 0
415 978 194 100 124317 0 0 0
-650 -1506 174 135 387304 0 0 0
700 1318 198 36 698091 0 0 0
-544 -1740 60 182 218820 0 0 0
36 -468 18 75 261417 0 0 0
-2215 -1453 203 55 478383 0 0 0
-579 2107 187 164 648391 0 0 0
1837 2467 85 45 926486 0 0 0
1886 -1218 56 70 414627 0 0 0
2472 1055 145 91 449310 0 0 0
-910 -1845 200 70 335626 0 0 0
-2100 -440 53 92 288814 0 0 0
2064 -1321 189 178 706417 0 0 0
-595 785 166 102 358329 0 0 0
-470 538 142 183 294194 0 0 0
-1867 273 129 6 838435 0 0 0
-1833 -1729 208 3 135776 0 0 0
379 2156 192 176 899935 0 0 0
-694 68 82 5 923749 0 0 0
-349 -1492 200 97 370151 0 0 0
210 186 205 188 819846 0 0 0
-2349 -1990 162 107 956059 0 0 0
2275 1793 182 171 987719 0 0 0
705 -422 18 150 829269 0 0 0
569 -515 31 154 908142 0 0 0
-1730 1768 200 177 992629 0 0 0
1585 1314 53 51 233065 0 0 0
1595 -84 5 212 871575 0 0 0
2032 1082 58 101 118902 0 0 0
-2132 -2380 151 39 762961 0 0 0
2466 -1503 191 146 355256 0 0 0
-1172 736 102 95 517167 0 0 0
802 2400 99 108 135640 0 0 0
-1329 142 63 8 717240 0 0 0
205 123 154 146 362013 0 0 0
-422 -1921 69 48 315817 0 0 0
-1061 625 204 104 426878 0 0 0
1435 -1261 103 54 886067 0 0 0
-2105 211 205 99 404831 0 0 0
-883 -1897 75 36 665026 0 0 0
-1617 -326 127 170 834264 0 0 0
1876 2257 166 203 241169 0 0 0
2243 2281 59 39 376029 0 0 0
348 1751 187 197 858724 0 0 0
-72 -1836 63 147 856609 0 0 0
1644 853 76 206 377785 0 0 0
2074 1235 175 152 491755 0 0 0
-2132 -858 157 203 397028 0 0 0
371 -547 219 58 564226 0 0 0
1523 100 71 74 894505 0 0 0
-510 -2350 110 174 966065 0 0 0
1616 1142 156 113 923845 0 0 0
2150 -642 58 149 250105 0 0 0
-2251 -978 44 97 302685 0 0 0
-1348 -469 47 87 508485 0 0 0
2474 -2292 157 78 115951 0 0 0
-1672 1975 136 117 726405 0 0 0
-2389 -1242 29 108 367545 0 0 0
-1287 24 54 88 939400 0 0 0
342 -1349 205 181 997102 0 0 0
-1198 687 90 91 234726 0 0 0
-2004 -2428 100 99 635345 0 0 0
-2378 -1496 52 49 958774 0 0 0
150 -810 192 107 775337 0 0 0
1262 -1425 61 210 657219 0 0 0
2396 -2066 140 136 681767 0 0 0
-949 1569 59 48 596411 0 0 0
-1548 2272 134 11 214477 0 0 0
1689 -233 220 57 570503 0 0 0
1897 131 172 174 222629 0 0 0
-1273 707 209 43 787468 0 0 0
-1439 453 10 198 964392 0 0 0
644 429 185 193 450205 0 0 0
-1953 174 87 123 877159 0 0 0
-1571 1538 195 138 393585 0 0 0
1719 998 73 156 100281 0 0 0
65 355 80 39 342516 0 0 0
473 624 30 90 583394 0 0 0
2 -1159 76 70 580607 0 0 0
-644 700 223 88 379740 0 0 0
-1137 1671 12 11 675365 0 0 0
312 1145 41 47 603125 0 0 0
-577 -1062 157 92 187301 0 0 0
-2301 -1113 86 146 708691 0 0 0
1889 1549 100 8 646750 0 0 0
1359 -2226 12 142 967715 0 0 0
-807 1560 179 175 966551 0 0 0
-1979 1344 221 198 391722 0 0 0
-537 -1726 129 131 829754 0 0 0
830 499 141 192 966452 0 0 0
1754 1953 173 141 722893 0 0 0
-61 2058 100 98 611852 0 0 0
1269 1531 24 108 489832 0 0 0
1969 26 99 62 988808 0 0 0
-1264 -2273 59 88 222182 0 0 0
-544 454 111 40 758415 0 0 0
825 -26 147 77 625659 0 0 0
-148 786 121 48 136183 0 0 0
-1452 432 10 193 762804 0 0 0
1533 -287 132 212 767591 0 0 0
-2336 -1692 8 108 555134 0 0 0
-1390 -471 122 127 771476 0 0 0
-886 412 172 207 957771 0 0 0
-2184 -1821 152 127 801115 0 0 0
2227 1221 93 132 994458 0 0 0
-1734 -662 77 22 137307 0 0 0
-1689 1971 139 209 418549 0 0 0
-2451 932 121 162 264775 0 0 0
-1474 918 221 175 418254 0 0 0
140 2485 50 32 554316 0 0 0
-532 -1195 30 143 616487 0 0 0
-1582 -2369 213 155 769139 0 0 0
-51 1643 194 24 779131 0 0 0
-940 74 54 193 361454 0 0 0
-2115 2249 224 129 248473 0 0 0
532 274 41 127 961089 0 0 0
-2078 -1852 95 180 688992 0 0 0
1444 -2427 42 73 788403 0 0 0
-1703 398 116 191 180395 0 0 0
-371 -1588 200 98 657998 0 0 0
-1580 1591 32 184 951882 0 0 0
-54 231 190 70 203434 0 0 0
-2436 -877 60 105 367645 0 0 0
2335 -1464 160 15 664107 0 0 0
132 -262 138 69 588130 0 0 0
1870 1332 70 97 204868 0 0 0
2132 -214 13 168 268701 0 0 0
-1058 1106 190 14 564988 0 0 0
-189 944 223 40 979515 0 0 0
-1180 -1393 39 129 216666 0 0 0
589 -1587 165 188 270506 0 0 0
1312 13 169 184 630575 0 0 0
-37 22 41 173 352878 0 0 0
1582 1360 139 19 812056 0 0 0
-1849 -761 118 64 587731 0 0 0
412 -2092 174 83 709481 0 0 0
-1094 1759 105 42 362606 0 0 0
-246 1664 76 135 538377 0 0 0
-1972 -2231 100 172 649484 0 0 0
-503 -438 114 204 333047 0 0 0
-896 -990 187 137 355353 0 0 0
-1574 -1890 124 5 964697 0 0 0
-12 846 142 37 819273 0 0 0
836 -397 162 81 616632 0 0 0
-1439 826 39 162 215063 0 0 0
2102 2299 116 154 464022 0 0 0
670 941 14 146 934244 0 0 0
-1983 -2022 20 44 273863 0 0 0
2004 -2338 58 62 113585 0 0 0
2012 -1163 43 190 979158 0 0 0
491 -353 170 12 995659 0 0 0
-1807 -2219 82 212 731119 0 0 0
1267 -54 149 63 812946 0 0 0
-519 -298 77 179 974078 0 0 0
974 141 92 137 316250 0 0 0
1733 -224 70 179 603297 0 0 0
-731 1028 186 211 568578 0 0 0
2340 -426 106 9 571790 0 0 0
2375 -744 150 24 696838 0 0 0
2405 844 218 129 947072 0 0 0
1884 367 69 143 304451 0 0 0
-47 -182 135 46 425369 0 0 0
1740 1241 146 26 546951 0 0 0
2107 -1806 73 192 441941 0 0 0
-2018 1957 6 134 880767 0 0 0
-281 -958 80 76 438550 0 0 0
362 -1248 208 152 274250 0 0 0
1737 1158 118 39 640653 0 0 0
739 -253 91 107 209762 0 0 0
1554 -1813 196 206 350545 0 0 0
1748 -1402 177 88 510529 0 0 0
448 -2123 166 179 645577 0 0 0
1644 -1838 170 84 617829 0 0 0
-400 1768 175 87 841923 0 0 0
-303 -293 95 156 952423 0 0 0
-334 -1693 140 143 432462 0 0 0
902 800 44 201 211781 0 0 0
114 1804 44 154 910975 0 0 0
-535 1961 62 119 257580 0 0 0
-612 685 211 133 669830 0 0 0
-466 1996 133 47 625378 0 0 0
-522 -1212 45 117 378804 0 0 0
2328 1109 208 142 516080 0 0 0
1011 -1722 129 83 920289 0 0 0
-1642 2037 37 57 948688 0 0 0
-710 1894 161 109 917590 0 0 0
338 1562 102 140 388736 0 0 0
-1990 -276 203 195 724819 0 0 0
-2026 -2290 116 138 563298 0 0 0
968 -1796 122 91 934950 0 0 0
1893 1623 94 168 527171 0 0 0
828 1727 90 8 770932 0 0 0
907 971 70 1 265598 0 0 0
-1410 -1959 14 47 755225 0 0 0
-766 2358 198 176 272588 0 0 0
-689 -2166 64 136 276015 0 0 0
604 1475 112 73 483279 0 0 0
-1340 1707 212 126 694360 0 0 0
2080 -867 82 33 728097 0 0 0
-36 -972 103 166 823143 0 0 0
-2487 -519 94 65 609712 0 0 0
-597 -407 58 28 160860 0 0 0
-1639 15 216 32 180232 0 0 0
-2400 2369 179 5 539274 0 0 0
1413 936 201 117 785046 0 0 0
-567 1340 104 8 312311 0 0 0
2234 2036 50 118 866148 0 0 0
-717 -1495 67 36 873915 0 0 0
2489 2456 20 174 642299 0 0 0
878 903 83 50 518869 0 0 0
658 -1499 77 16 777796 0 0 0
-165 -650 140 133 433625 0 0 0
-1623 643 46 47 647312 0 0 0
1245 1380 50 188 424267 0 0 0
-1440 1361 69 175 213748 0 0 0
604 -141 68 95 286709 0 0 0
1581 -1282 58 8 445015 0 0 0
-1530 -1376 116 86 710372 0 0 0
1873 -2092 189 200 243904 0 0 0
-295 -995 13 194 914374 0 0 0
574 1426 224 128 229786 0 0 0
213 -2249 104 55 645977 0 0 0
1774 -451 37 168 265278 0 0 0
-1351 -1281 117 200 780447 0 0 0
1244 -2126 116 134 913790 0 0 0
808 1908 48 54 780293 0 0 0
2453 -1049 193 113 421730 0 0 0
-785 45 2 11 150702 0 0 0
885 1546 172 59 343809 0 0 0
-834 -366 35 205 535661 0 0 0
78 1111 109 30 296466 0 0 0
1853 1751 219 185 506726 0 0 0
2398 -1305 197 102 622836 0 0 0
-2455 2247 150 130 546918 0 0 0
-1280 148 170 203 240417 0 0 0
-500 -1271 120 12 861991 0 0 0
-1041 1321 101 125 926084 0 0 0
2274 925 171 77 348176 0 0 0
-704 -729 126 45 984222 0 0 0
-2056 -1559 65 193 437096 0 0 0
2231 -4 101 64 390314 0 0 0
1342 2452 165 194 392904 0 0 0
-2054 537 111 75 372155 0 0 0
1615 1959 92 105 502785 0 0 0
-1398 -1317 143 212 578497 0 0 0
59 705 120 17 788498 0 0 0
107 -177 53 138 105008 0 0 0
1782 -1785 65 42 596794 0 0 0
581 184 68 52 939063 0 0 0
-1789 686 91 71 861722 0 0 0
2257 -86 147 25 334660 0 0 0
-492 1354 36 138 752224 0 0 0
-327 -2456 38 135 358949 0 0 0
1576 -1871 211 57 400079 0 0 0
1393 -858 179 204 797619 0 0 0
-1560 1809 52 185 166036 0 0 0
1661 -1495 172 49 563983 0 0 0
1563 -571 80 1 990964 0 0 0
-2046 1054 81 92 632294 0 0 0
-558 -2087 211 61 380151 0 0 0
1717 -1434 179 27 653496 0 0 0
-1732 777 85 112 418372 0 0 0
-370 -472 171 168 431854 0 0 0
1001 2308 222 129 623644 0 0 0
-2038 2287 143 28 705111 0 0 0
-1666 -39 201 173 854028 0 0 0
1896 -2243 198 10 423481 0 0 0
300 452 82 33 495907 0 0 0
-863 -1898 46 133 878083 0 0 0
1875 1854 44 2 672949 0 0 0
1947 -1210 8 69 195194 0 0 0
1316 -1895 82 136 694563 0 0 0
-2453 -1303 100 201 505537 0 0 0
2418 -209 44 37 795358 0 0 0
852 -1620 162 193 919148 0 0 0
1738 721 196 13 938794 0 0 0
-1431 -1900 30 43 171493 0 0 0
-430 2494 53 12 289927 0 0 0
2295 -2333 109 170 385833 0 0 0
-1935 1172 61 39 613274 0 0 0
2338 786 211 141 212763 0 0 0
-544 1581 60 177 496325 0 0 0
1788 -342 49 158 949960 0 0 0
1371 -999 25 18 597797 0 0 0
798 1160 197 72 467744 0 0 0
-65 122 7 155 240838 0 0 0
1536 1412 68 103 395127 0 0 0
1769 1335 160 146 298598 0 0 0
-1411 2041 37 167 464126 0 0 0
1232 2040 35 141 986515 0 0 0
949 12 177 89 511295 0 0 0
-34 -591 83 122 136031 0 0 0
1887 479 22 189 231654 0 0 0
-951 -1539 123 29 669931 0 0 0
-1861 2356 224 125 604118 0 0 0
2004 14 146 172 888913 0 0 0
30 442 147 5 855975 0 0 0
973 -324 192 91 169019 0 0 0
479 319 194 128 218640 0 0 0
-2433 222 152 180 311806 0 0 0
-122 1781 189 208 290885 0 0 0
-2358 -1074 128 127 934073 0 0 0
-874 -2245 171 24 571299 0 0 0
-951 -1014 149 163 414644 0 0 0
550 -375 28 164 905260 0 0 0
-2356 1867 65 153 455089 0 0 0
-1538 -2080 150 46 530895 0 0 0
698 720 99 126 191790 0 0 0
205 1456 150 21 497579 0 0 0
-1880 -1770 183 193 144421 0 0 0
-607 -505 126 208 136769 0 0 0
-1230 -1934 220 123 210649 0 0 0
-784 -1252 58 41 759143 0 0 0
-889 1057 46 93 176741 0 0 0
-1809 -2119 165 138 222967 0 0 0
1970 581 172 192 265662 0 0 0
-618 2315 62 86 871054 0 0 0
705 -2011 26 13 495092 0 0 0
1498 1413 177 127 594837 0 0 0
1664 2483 155 62 447108 0 0 0
-201 -2489 83 56 948789 0 0 0
412 2186 47 174 407029 0 0 0
-2254 -2243 25 75 829430 0 0 0
595 -286 8 83 568146 0 0 0
348 -725 77 42 931122 0 0 0
-895 -38 47 50 282321 0 0 0
-1813 322 84 128 501532 0 0 0
-2330 2332 197 80 212054 0 0 0
-2292 2379 129 86 772997 0 0 0
-1679 2246 84 67 816582 0 0 0
1708 -255 146 27 187873 0 0 0
-1226 -1915 195 131 647394 0 0 0
511 1754 143 12 249114 0 0 0
675 1022 104 146 114573 0 0 0
-1971 951 206 104 404434 0 0 0
-1623 -1289 221 202 781667 0 0 0
1829 -1508 149 89 436008 0 0 0
-255 -202 196 179 965432 0 0 0
-1268 1717 144 157 430202 0 0 0
1973 2308 54 128 173144 0 0 0
1509 2303 208 111 503315 0 0 0
-392 1925 184 5 813575 0 0 0
-992 -1811 36 34 745114 0 0 0
1732 -678 67 69 765464 0 0 0
745 294 20 137 295078 0 0 0
885 577 202 17 221348 0 0 0
-662 638 85 73 526894 0 0 0
1504 -1341 204 122 127592 0 0 0
-487 1627 159 146 678818 0 0 0
1840 -468 218 81 914238 0 0 0
-2180 919 80 77 168303 0 0 0
-1506 1299 160 102 914794 0 0 0
-611 -1390 151 206 169085 0 0 0
2171 917 166 172 534148 0 0 0
-875 -1911 114 127 117193 0 0 0
769 -1934 138 160 511292 0 0 0
-1122 -2113 35 127 266944 0 0 0
-1221 1247 141 48 371478 0 0 0
-1080 1692 174 102 956140 0 0 0
665 1695 183 170 727440 0 0 0
1358 -2417 126 199 494952 0 0 0
1742 -94 54 59 491770 0 0 0
-1515 -1522 130 201 775316 0 0 0
-714 -46 95 101 685664 0 0 0
-2423 -215 145 122 778605 0 0 0
-255 2442 14 49 736542 0 0 0
1633 -714 141 113 302051 0 0 0
2205 617 50 97 117846 0 0 0
991 -1104 113 125 550047 0 0 0
590 -265 194 42 409744 0 0 0
1111 1969 188 112 670230 0 0 0
1532 2466 85 92 992677 0 0 0
-1500 1141 212 84 995745 0 0 0
-1288 -887 60 122 723349 0 0 0
-977 639 42 4 798114 0 0 0
2209 90 11 170 139728 0 0 0
1367 2353 210 150 932058 0 0 0
-1514 2243 97 96 518510 0 0 0
-273 131 46 206 284705 0 0 0
-2433 1391 94 30 949832 0 0 0
197 361 141 15 555620 0 0 0
376 989 101 20 659471 0 0 0
-705 -2015 88 161 829612 0 0 0
223 -824 7 180 315752 0 0 0
-1015 1213 214 126 597352 0 0 0
476 1936 33 144 686313 0 0 0
48 -704 28 208 553944 0 0 0
-228 -2424 48 181 182761 0 0 0
1032 823 63 58 898719 0 0 0
2210 211 168 159 981498 0 0 0
-875 -1504 136 126 679586 0 0 0
1300 -832 204 183 533673 0 0 0
1864 -969 46 149 135879 0 0 0
1697 1937 74 64 689223 0 0 0
2108 1554 105 203 169083 0 0 0
697 -295 111 206 980780 0 0 0
-620 1091 19 22 836487 0 0 0
537 -523 75 5 528525 0 0 0
2433 803 34 210 936251 0 0 0
1986 1371 112 153 653010 0 0 0
-370 1600 19 144 835936 0 0 0
-2062 1080 65 46 732405 0 0 0
-1048 -705 178 52 269559 0 0 0
-2332 -727 108 83 716476 0 0 0
-1652 1037 7 167 893300 0 0 0
780 -1605 76 200 898677 0 0 0
-870 -2258 104 185 130609 0 0 0
-9 129 102 122 810392 0 0 0
-1368 2144 100 141 743113 0 0 0
-264 1443 202 74 140549 0 0 0
1936 -295 102 41 437593 0 0 0
-905 2226 120 210 111379 0 0 0
-1715 909 24 157 898551 0 0 0
1772 2461 168 154 734454 0 0 0
1701 1105 93 109 834584 0 0 0
-900 -1561 4 211 911157 0 0 0
1801 1786 221 94 732936 0 0 0
1449 913 190 128 491132 0 0 0
392 -1131 197 149 815926 0 0 0
1380 -556 69 206 954960 0 0 0
-1741 -512 66 172 542479 0 0 0
-845 1034 25 157 613416 0 0 0
1092 1054 84 155 505735 0 0 0
508 -1880 137 27 359891 0 0 0
2490 1368 214 209 816368 0 0 0
1872 -620 78 190 557665 0 0 0
1769 -536 80 111 868719 0 0 0
1001 2328 46 159 447965 0 0 0
2397 -440 179 197 703763 0 0 0
-951 -1265 214 88 170314 0 0 0
886 -147 70 45 416844 0 0 0
467 1384 3 24 458980 0 0 0
589 2384 137 148 781064 0 0 0
494 -1456 111 121 161857 0 0 0
118 -213 33 30 545556 0 0 0
-1707 1956 135 157 755795 0 0 0
1210 -2153 116 193 124019 0 0 0
-1468 2299 69 84 391041 0 0 0
-1199 300 185 5 390589 0 0 0
-1209 -1322 187 31 680982 0 0 0
2373 1307 48 61 662528 0 0 0
-1961 -1597 136 202 107245 0 0 0
214 -1137 11 56 479944 0 0 0
-2467 1822 52 66 193245 0 0 0
892 57 190 109 290409 0 0 0
244 -308 71 186 256662 0 0 0
-434 -342 149 93 413855 0 0 0
-592 1159 189 103 279669 0 0 0
432 1535 161 9 806617 0 0 0
947 25 37 161 125235 0 0 0
-292 1767 169 74 333880 0 0 0
1536 1753 94 24 538927 0 0 0
-1625 436 141 148 699309 0 0 0
145 -248 156 156 798645 0 0 0
-2383 1189 154 105 799621 0 0 0
246 2033 68 88 832248 0 0 0
583 1523 48 85 705371 0 0 0
-828 805 70 79 929413 0 0 0
-2335 460 205 77 893848 0 0 0
2318 91 102 208 208941 0 0 0
353 1820 197 65 395569 0 0 0
1969 2312 183 175 949959 0 0 0
-2023 226 93 175 156902 0 0 0
2481 786 102 23 996553 0 0 0
856 945 204 118 633016 0 0 0
227 85 183 153 759246 0 0 0
120 750 197 70 133265 0 0 0
-1402 1780 92 175 207036 0 0 0
1854 -413 114 72 205934 0 0 0
918 -452 178 165 613550 0 0 0
-888 -2415 206 100 299765 0 0 0
-2042 2109 179 178 169704 0 0 0
214 -117 142 57 251905 0 0 0
2383 -292 143 198 557703 0 0 0
1949 1193 75 26 816863 0 0 0
2405 347 156 107 320961 0 0 0
-2132 701 59 85 688259 0 0 0
-1801 -1585 36 122 760217 0 0 0
1888 204 164 191 348840 0 0 0
705 712 206 40 541646 0 0 0
326 2416 157 125 843033 0 0 0
2363 2056 182 110 120132 0 0 0
-2099 -2180 199 84 773328 0 0 0
-825 1322 60 178 330703 0 0 0
-1022 -2187 169 176 735373 0 0 0
-1260 -1704 159 176 907012 0 0 0
-521 -850 202 173 980369 0 0 0
-646 -2042 186 14 367924 0 0 0
1676 -563 214 203 129374 0 0 0
-2264 2243 203 128 169126 0 0 0
1528 -1351 127 124 989827 0 0 0
-1686 2255 221 133 502056 0 0 0
2036 1552 154 63 716100 0 0 0
1290 1948 98 175 696426 0 0 0
-2453 -1193 219 5 690569 0 0 0
-609 1198 120 189 509437 0 0 0
-1336 -742 182 97 627115 0 0 0
177 -347 104 43 247064 0 0 0
-601 -158 218 54 779524 0 0 0
-261 -1538 87 196 854547 0 0 0
2077 933 166 95 944770 0 0 0
-77 937 103 208 353922 0 0 0
972 -340 131 29 978354 0 0 0
-333 360 100 180 935061 0 0 0
-565 2004 85 109 760117 0 0 0
685 -1188 211 149 510357 0 0 0
245 721 48 51 757801 0 0 0
516 -256 31 178 568189 0 0 0
-2060 -1946 72 209 893168 0 0 0
-1374 -1851 129 208 172005 0 0 0
-1011 -955 157 155 940235 0 0 0
1777 854 46 112 197652 0 0 0
-453 -2118 92 136 754647 0 0 0
-2169 1649 33 134 969417 0 0 0
-982 -1542 225 107 278643 0 0 0
-2293 1309 137 26 375608 0 0 0
900 1872 102 171 289427 0 0 0
1576 1337 35 101 899637 0 0 0
-2160 -75 88 115 247293 0 0 0
-214 600 7 87 934570 0 0 0
571 170 60 148 292317 0 0 0
-1436 -828 38 16 346027 0 0 0
-723 -893 225 26 120678 0 0 0
2355 162 139 54 384519 0 0 0
-2342 609 35 63 193842 0 0 0
-1387 2359 3 27 966697 0 0 0
1348 -1412 94 4 423655 0 0 0
-1832 -2189 100 55 739408 0 0 0
-186 856 207 158 909337 0 0 0
-888 1624 209 167 329965 0 0 0
-991 1690 78 134 140760 0 0 0
-434 1411 5 60 700911 0 0 0
1733 1123 55 5 732846 0 0 0
-1784 2335 211 110 733211 0 0 0
-326 -2398 105 72 636571 0 0 0
2419 2230 140 30 718340 0 0 0
-1244 21 78 45 234944 0 0 0
-1165 -1810 46 175 950931 0 0 0
1582 -286 152 66 312939 0 0 0
-2365 -1943 96 14 928309 0 0 0
2406 66 215 80 856997 0 0 0
-1070 2234 117 161 416559 0 0 0
-1361 -163 172 164 870955 0 0 0
879 -2201 151 20 198417 0 0 0
-1194 1790 118 96 608152 0 0 0
-318 1015 211 162 511408 0 0 0
843 -1573 212 80 420989 0 0 0
10 1184 209 193 399416 0 0 0
1050 -1351 102 202 140398 0 0 0
1992 1010 79 201 980429 0 0 0
1340 -2046 55 117 841094 0 0 0
-1750 -2345 185 29 842013 0 0 0
904 2468 210 48 790163 0 0 0
-2301 -986 70 109 643726 0 0 0
-801 1482 145 104 705163 0 0 0
-2193 1341 113 14 244719 0 0 0
-1228 -241 165 165 326812 0 0 0
1840 547 163 92 131279 0 0 0
-1408 -1740 119 13 840094 0 0 0
-1751 -1391 107 152 313166 0 0 0
-589 -93 105 26 798872 0 0 0
571 1082 59 13 391004 0 0 0
-1536 1985 60 121 263198 0 0 0
-1532 -1287 193 194 168899 0 0 0
-1236 -2343 109 20 149829 0 0 0
2488 -26 31 72 498894 0 0 0
1095 1875 74 166 858458 0 0 0
-72 561 167 16 942785 0 0 0
-855 -1302 192 208 546926 0 0 0
-1512 -1657 141 79 478408 0 0 0
1908 146 175 153 143441 0 0 0
-2244 -146 212 166 769992 0 0 0
-348 543 74 10 606014 0 0 0
2175 -1390 137 31 460652 0 0 0
1389 835 78 117 984953 0 0 0
148 -1372 210 127 603126 0 0 0
2495 1868 25 76 749560 0 0 0
-2167 -899 32 36 371474 0 0 0
610 -1881 107 144 733284 0 0 0
-1879 -1775 51 16 452482 0 0 0
-1166 1415 39 138 485231 0 0 0
246 2310 33 60 701568 0 0 0
-969 -1827 205 56 931597 0 0 0
-450 -1507 220 30 959434 0 0 0
1513 889 147 101 851625 0 0 0
-2031 -410 197 196 672277 0 0 0
2072 1621 117 104 102395 0 0 0
-755 2326 163 192 832716 0 0 0
-694 783 128 102 198849 0 0 0
273 -1055 19 96 717793 0 0 0
2350 -1436 124 172 666596 0 0 0
1865 -384 45 100 356973 0 0 0
-2470 -2469 47 112 854911 0 0 0
-1753 2181 1 24 134087 0 0 0
-1385 1378 15 126 864019 0 0 0
-1051 1768 188 103 907302 0 0 0
1969 -787 79 114 683873 0 0 0
-1741 -1644 125 141 166050 0 0 0
529 -1385 224 8 314105 0 0 0
-2405 -67 188 70 463682 0 0 0
2024 -1290 63 76 246061 0 0 0
-1662 1648 121 137 396071 0 0 0
-309 2362 187 65 926662 0 0 0
845 1952 97 1 674769 0 0 0
290 2094 156 127 467186 0 0 0
-2259 -56 122 108 407311 0 0 0
-1282 -1251 144 82 922249 0 0 0
2395 82 217 186 600285 0 0 0
1495 -646 125 195 607730 0 0 0
-743 2109 52 135 639998 0 0 0
329 -775 119 135 999929 0 0 0
-850 2417 71 90 210977 0 0 0
657 1564 164 82 513521 0 0 0
1239 1143 35 119 251246 0 0 0
663 2492 81 109 782418 0 0 0
-2490 722 33 22 500509 0 0 0
773 120 181 39 193507 0 0 0
-1165 -485 53 140 772516 0 0 0
-976 -1162 223 154 386107 0 0 0
1024 -403 23 177 550640 0 0 0
2003 -30 165 89 926954 0 0 0
-2366 -1101 132 194 369738 0 0 0
1379 -148 16 52 921625 0 0 0
-1902 -1598 158 141 204031 0 0 0
-2231 517 201 134 814025 0 0 0
-1329 -348 11 1 420963 0 0 0
-579 2130 73 212 214390 0 0 0
-1845 2373 99 64 372798 0 0 0
-1281 -2134 132 98 407727 0 0 0
1810 1684 194 182 890430 0 0 0
1520 656 29 141 711367 0 0 0
-810 -1946 194 40 923101 0 0 0
-2316 46 124 158 529980 0 0 0
-757 1175 13 137 540525 0 0 0
1254 2343 118 195 740613 0 0 0
-777 -2141 218 126 709159 0 0 0
786 -296 149 22 643818 0 0 0
2348 -2251 116 193 282450 0 0 0
2263 -196 77 19 270224 0 0 0
994 569 175 66 897978 0 0 0
1418 828 133 71 741848 0 0 0
2396 -2134 190 169 283999 0 0 0
-9 -1543 209 114 183343 0 0 0
-1628 -2176 60 159 523428 0 0 0
-1805 -410 205 17 295301 0 0 0
-520 -736 169 39 538977 0 0 0
-354 338 167 128 368425 0 0 0
2164 -2106 155 106 157379 0 0 0
1804 -571 3 211 802259 0 0 0
-2167 -1042 123 62 497208 0 0 0
-853 692 133 38 573821 0 0 0
2035 919 162 110 350897 0 0 0
988 58 51 131 451696 0 0 0
249 1999 197 89 966007 0 0 0
-542 -1039 10 23 116858 0 0 0
912 752 107 149 186046 0 0 0
565 -1392 215 66 896491 0 0 0
-2255 1044 185 105 334892 0 0 0
-1124 1544 72 181 832656 0 0 0
1794 2494 178 154 744033 0 0 0
637 1687 19 93 280020 0 0 0
2238 -22 120 107 238177 0 0 0
2465 75 73 53 693840 0 0 0
366 795 178 143 236270 0 0 0
950 -80 66 102 363172 0 0 0
1261 1812 64 79 731157 0 0 0
-1620 -1315 105 41 689807 0 0 0
2044 -1588 79 60 721963 0 0 0
-696 307 91 66 386507 0 0 0
80 2135 35 109 972333 0 0 0
1500 271 26 125 635319 0 0 0
576 1373 196 180 272543 0 0 0
856 -1275 129 130 111299 0 0 0
485 -1314 53 210 165037 0 0 0
-990 608 218 151 729410 0 0 0
1748 2123 80 125 747007 0 0 0
893 -1706 45 140 153830 0 0 0
-704 2019 190 191 268348 0 0 0
2112 2473 91 164 301338 0 0 0
-1693 1037 156 76 348094 0 0 0
-953 250 150 187 915486 0 0 0
-595 1380 78 132 230774 0 0 0
-608 -487 114 25 270873 0 0 0
-2369 1249 221 118 801545 0 0 0
1728 -1635 139 198 508652 0 0 0
-1985 -1374 98 4 306680 0 0 0
2480 -2296 58 191 330629 0 0 0
952 1088 161 110 127802 0 0 0
745 -749 82 50 459964 0 0 0
-761 -1237 100 167 466049 0 0 0
1473 -974 3 164 939317 0 0 0
638 1008 181 121 163236 0 0 0
-832 -287 108 38 293429 0 0 0
949 2027 199 115 246048 0 0 0
-476 -393 206 202 630980 0 0 0
2101 2451 188 3 948926 0 0 0
1456 1162 100 1 731225 0 0 0
1633 1599 70 172 170519 0 0 0
2131 1427 55 199 267438 0 0 0
-287 -1694 45 199 506534 0 0 0
2087 -1309 102 100 812050 0 0 0
1221 -822 13 55 261708 0 0 0
-262 -586 24 66 639113 0 0 0
365 -1913 162 75 127781 0 0 0
1902 1261 134 53 495181 0 0 0
-1255 -2125 139 49 283695 0 0 0
1476 762 210 189 579345 0 0 0
2204 543 145 126 731011 0 0 0
1124 907 219 170 626981 0 0 0
1414 700 136 122 567369 0 0 0
-477 -139 163 138 339721 0 0 0
-585 879 46 185 874809 0 0 0
-2183 544 3 180 425318 0 0 0
-1687 1726 21 110 379098 0 0 0
-1862 -597 31 43 103859 0 0 0
580 -1111 217 90 534515 0 0 0
511 1406 90 143 789034 0 0 0
1427 1074 139 83 242347 0 0 0
1435 -2120 6 191 821507 0 0 0
-2236 1491 212 182 550133 0 0 0
-1427 1787 199 7 906340 0 0 0
511 -112 110 76 520186 0 0 0
319 -2278 120 127 181414 0 0 0
816 -553 107 160 615760 0 0 0
-1837 -736 59 142 446869 0 0 0
1675 -415 108 148 766808 0 0 0
-1480 415 225 163 929974 0 0 0
-965 -2401 51 26 806070 0 0 0
-1861 377 32 203 759522 0 0 0
-607 1855 19 44 374833 0 0 0
-958 -216 50 67 997336 0 0 0
-1343 -2294 92 120 992519 0 0 0
233 -1915 72 35 598546 0 0 0
1082 440 221 84 710957 0 0 0
-1033 1198 24 5 630267 0 0 0
446 1956 180 176 484168 0 0 0
1306 1115 199 43 992961 0 0 0
869 -319 180 101 889442 0 0 0
1529 -1364 201 5 416389 0 0 0
-852 1602 188 157 343359 0 0 0
-711 513 122 153 734132 0 0 0
320 1530 128 2 586315 0 0 0
1088 1873 83 42 578032 0 0 0
1578 2141 225 67 832230 0 0 0
-269 -2454 59 141 330933 0 0 0
2300 -1635 209 9 857619 0 0 0
1231 1510 110 17 216487 0 0 0
-626 -1453 117 71 568638 0 0 0
-1512 -2468 192 10 258569 0 0 0
410 686 175 185 164453 0 0 0
2461 -1414 86 162 562219 0 0 0
-2236 2134 115 22 643611 0 0 0
2050 1918 220 59 644920 0 0 0
-2175 1899 202 34 790093 0 0 0
-767 2345 203 91 981779 0 0 0
-1508 -561 200 151 959858 0 0 0
-2114 -755 76 66 186418 0 0 0
-1409 1838 21 146 592188 0 0 0
-1336 2295 116 188 238529 0 0 0
217 2259 194 87 338322 0 0 0
-1637 2300 86 205 501199 0 0 0
-1411 637 14 111 197275 0 0 0
2443 -1059 215 186 867540 0 0 0
823 -1603 40 106 156087 0 0 0
-942 883 182 40 473889 0 0 0
-1223 -1486 68 89 255497 0 0 0
1169 1761 121 59 625864 0 0 0
-2447 1055 160 31 189138 0 0 0
-52 -1215 198 157 832050 0 0 0
-2287 399 193 166 184462 0 0 0
-129 1388 207 11 829938 0 0 0
-630 -756 180 41 857262 0 0 0
950 606 180 68 763030 0 0 0
1197 -333 117 205 898743 0 0 0
838 1922 108 105 233685 0 0 0
-672 -1158 67 193 832064 0 0 0
1247 -707 73 27 508467 0 0 0
269 -1416 152 78 936600 0 0 0
1849 -1580 19 133 134269 0 0 0
2258 -696 106 124 289073 0 0 0
34 -236 20 178 845325 0 0 0
-1748 -89 33 73 259413 0 0 0
726 855 88 206 862885 0 0 0
-1587 1817 112 133 363857 0 0 0
1481 1624 84 38 503254 0 0 0
-2025 1818 10 39 365803 0 0 0
1414 133 46 159 701686 0 0 0
628 1734 15 58 850565 0 0 0
1900 1866 128 41 609437 0 0 0
-2080 1343 34 20 364640 0 0 0
-92 2389 131 205 872031 0 0 0
-1242 -2146 157 1 176482 0 0 0
-1834 -172 55 135 197737 0 0 0
641 1504 143 172 704928 0 0 0
1282 1925 31 140 661818 0 0 0
2463 1379 44 136 372934 0 0 0
-1623 2296 41 166 634933 0 0 0
494 -1762 17 134 765882 0 0 0
-2331 -1676 8 27 597735 0 0 0
1697 930 158 13 933429 0 0 0
1570 -1184 18 88 101015 0 0 0
1211 961 193 94 420703 0 0 0
1950 2411 55 117 102276 0 0 0
-118 -1413 121 63 922237 0 0 0
1353 1019 120 4 284656 0 0 0
-2165 1288 102 160 226084 0 0 0
1380 -1809 25 67 150397 0 0 0
-594 1255 149 135 769781 0 0 0
-1785 -544 51 198 573115 0 0 0
588 -926 42 205 961285 0 0 0
682 211 203 45 179661 0 0 0
1167 -2356 157 82 332778 0 0 0
1464 1386 66 158 779898 0 0 0
1786 -1633 44 52 625078 0 0 0
92 1365 58 175 757514 0 0 0
757 373 170 134 400570 0 0 0
-1065 -2326 61 171 457588 0 0 0
553 858 3 89 821800 0 0 0
-1753 -972 103 99 865629 0 0 0
-1347 -1500 198 175 554263 0 0 0
-139 -2485 22 10 385259 0 0 0
87 -1073 184 50 175943 0 0 0
-2150 555 23 137 830702 0 0 0
2125 -729 19 90 725460 0 0 0
-1540 -1072 7 24 517271 0 0 0
258 -839 126 26 482920 0 0 0
-279 -1745 14 181 871192 0 0 0
-653 422 65 132 443033 0 0 0
-1888 -1860 149 137 917019 0 0 0
1237 -473 153 180 489378 0 0 0
-1688 -459 27 95 997282 0 0 0
-973 -1249 142 70 697116 0 0 0
-606 -224 41 53 815137 0 0 0
-1739 1107 123 38 923725 0 0 0
1769 -84 89 94 741638 0 0 0
1742 -1149 192 49 441476 0 0 0
589 840 79 80 804713 0 0 0
-1552 2216 208 197 558350 0 0 0
1173 -2280 154 8 896960 0 0 0
-792 2449 35 139 883649 0 0 0
230 -1573 219 92 516563 0 0 0
-1860 253 164 152 771524 0 0 0
69 545 210 33 875613 0 0 0
1818 2159 77 180 850390 0 0 0
575 -796 44 2 348881 0 0 0
2424 -2457 128 141 273799 0 0 0
-1824 -1559 122 120 567459 0 0 0
2223 -2255 74 56 313706 0 0 0
1880 140 45 101 168881 0 0 0
-1077 666 133 163 739537 0 0 0
-1443 -1478 147 71 292351 0 0 0
-1439 -593 83 142 755579 0 0 0
-1772 -1724 79 81 652156 0 0 0
1295 2048 36 75 231737 0 0 0
-667 -814 49 45 487189 0 0 0
-132 -230 205 112 147670 0 0 0
-851 305 12 193 152446 0 0 0
-1254 1542 149 186 568681 0 0 0
-950 -2018 109 117 804675 0 0 0
-1636 2486 51 54 188301 0 0 0
2251 -783 220 59 649618 0 0 0
1537 -1892 60 158 867647 0 0 0
-884 1022 53 55 803940 0 0 0
834 -48 89 154 616699 0 0 0
1883 -1689 20 175 196798 0 0 0
1181 2393 95 204 357249 0 0 0
-966 1955 177 43 298437 0 0 0
-549 1740 75 110 508306 0 0 0
71 -1985 73 45 421773 0 0 0
-1932 617 205 196 336087 0 0 0
-2051 1976 219 10 629830 0 0 0
-708 -927 56 187 321090 0 0 0
1193 1784 190 81 207841 0 0 0
148 -2316 4 168 730312 0 0 0
-130 1822 167 97 221506 0 0 0
649 761 208 4 172400 0 0 0
-1216 -152 206 166 320291 0 0 0
-940 1534 209 159 766759 0 0 0
-1225 2345 199 13 793607 0 0 0
-1103 1821 35 96 405727 0 0 0
2008 1475 11 119 780764 0 0 0
-605 10 225 40 233887 0 0 0
-1653 -2020 152 162 915172 0 0 0
2475 -798 142 99 580527 0 0 0
-1420 -2059 91 83 774372 0 0 0
498 1299 140 65 461344 0 0 0
-2428 1195 142 83 293433 0 0 0
1747 1576 178 131 533897 0 0 0
1459 72 66 123 876707 0 0 0
2406 -760 13 103 466892 0 0 0
-1761 1989 156 97 731825 0 0 0
298 301 122 87 530639 0 0 0
-1197 1487 202 168 594583 0 0 0
1181 -2328 183 43 713878 0 0 0
2357 2320 1 141 449537 0 0 0
-659 1813 198 90 436621 0 0 0
-253 -2328 183 43 586572 0 0 0
-1814 -2163 93 113 956591 0 0 0
2480 -1793 20 209 712316 0 0 0
1453 -1194 135 54 339373 0 0 0
1032 -1186 4 113 671057 0 0 0
-16 -1335 155 100 854246 0 0 0
-275 2247 128 91 820733 0 0 0
-1265 -1708 110 90 755353 0 0 0
2194 -2316 173 210 393632 0 0 0
2186 -633 63 64 891465 0 0 0
1216 1363 88 142 968349 0 0 0
-1521 -1931 90 211 212369 0 0 0
1347 -2200 145 153 124887 0 0 0
-1829 -433 23 137 645711 0 0 0
1176 -1753 191 17 885767 0 0 0
-594 918 193 140 491123 0 0 0
-2465 658 39 70 253862 0 0 0
1950 2395 207 143 985022 0 0 0
-109 2057 15 36 996643 0 0 0
-1143 -1872 14 122 955076 0 0 0
-138 -2396 126 51 838555 0 0 0
-484 -468 21 35 425867 0 0 0
1170 1836 32 208 193604 0 0 0
-1899 -455 186 126 229235 0 0 0
359 -2365 217 113 610333 0 0 0
2375 -151 184 86 893360 0 0 0
471 -1582 27 194 144141 0 0 0
815 1698 194 1 980616 0 0 0
123 1641 181 144 277600 0 0 0
932 -2019 167 195 344796 0 0 0
-2118 132 38 122 706725 0 0 0
-1535 -653 22 139 860652 0 0 0
2008 -1830 107 26 776558 0 0 0
-683 1406 165 175 557218 0 0 0
-363 1173 65 164 821174 0 0 0
1549 -698 152 208 753318 0 0 0
1628 -1195 194 25 804272 0 0 0
1271 1496 83 190 123015 0 0 0
1895 1537 149 8 159678 0 0 0
-1808 -1631 163 93 448767 0 0 0
-1859 299 212 89 218009 0 0 0
-891 -1313 1 65 295963 0 0 0
350 -958 127 48 871284 0 0 0
2402 502 164 45 495103 0 0 0
-261 -2397 213 70 164957 0 0 0
1392 -873 90 17 641314 0 0 0
182 11 5 68 107605 0 0 0
-556 -1558 16 168 642026 0 0 0
1186 810 136 34 471290 0 0 0
-1223 2324 144 71 214337 0 0 0
1738 1657 188 145 982272 0 0 0
-1733 1305 180 26 864060 0 0 0
41 249 214 172 739922 0 0 0
2290 2354 188 212 358727 0 0 0
967 44 78 114 803609 0 0 0
2133 308 41 46 771521 0 0 0
24 -1385 174 160 492410 0 0 0
-1729 1743 5 52 898017 0 0 0
404 -1558 206 164 868697 0 0 0
-1006 215 114 4 888857 0 0 0
-1867 823 96 152 626399 0 0 0
100 -2092 102 84 912289 0 0 0
630 256 145 189 848104 0 0 0
-1914 1244 182 199 242439 0 0 0
-1339 2268 20 99 455047 0 0 0
-1228 -534 8 93 246598 0 0 0
1964 -1220 86 105 427918 0 0 0
1717 -2074 202 119 893804 0 0 0
-108 -613 7 68 369127 0 0 0
-798 -49 151 116 476482 0 0 0
-584 -1189 89 205 811986 0 0 0
-2350 -1119 73 120 509636 0 0 0
-304 1526 54 98 769176 0 0 0
2441 189 188 53 292101 0 0 0
976 -1368 172 196 350089 0 0 0
-1267 595 100 103 898702 0 0 0
1888 1107 189 46 519083 0 0 0
226 -1465 44 135 771183 0 0 0
1985 234 80 31 368906 0 0 0
970 -969 93 159 465147 0 0 0
1839 -2208 211 71 261856 0 0 0
-531 1878 95 29 289980 0 0 0
-1887 1772 153 50 392454 0 0 0
1675 306 142 66 457140 0 0 0
289 458 220 192 768549 0 0 0
-1794 1936 43 91 177107 0 0 0
109 -741 65 22 419015 0 0 0
-921 1645 78 102 981475 0 0 0
-2325 -1494 49 171 391763 0 0 0
-678 1043 117 70 734793 0 0 0
-458 -2004 98 169 863237 0 0 0
-2309 1413 83 123 910928 0 0 0
-718 -256 90 88 709202 0 0 0
829 954 180 76 802834 0 0 0
-1322 690 63 116 545711 0 0 0
1162 -2341 137 187 698485 0 0 0
-885 -435 117 95 333607 0 0 0
-2380 -1817 203 173 398678 0 0 0
-1721 -1099 86 113 619293 0 0 0
2060 -649 218 49 448459 0 0 0
-145 -1018 44 4 376354 0 0 0
-500 -1954 70 89 592300 0 0 0
883 1060 79 61 338889 0 0 0
2169 335 209 94 439688 0 0 0
108 -1118 24 181 363471 0 0 0
1840 1848 39 169 823368 0 0 0
-343 2373 136 211 537581 0 0 0
-1369 2038 224 135 117002 0 0 0
-1320 990 28 50 540306 0 0 0
-1176 1069 141 26 891779 0 0 0
-925 -1161 104 125 934699 0 0 0
-2130 -1049 58 177 774065 0 0 0
-2006 1428 77 53 994230 0 0 0
1395 -2243 191 119 735950 0 0 0
-339 165 95 68 481801 0 0 0
-426 -879 29 57 524366 0 0 0
-884 37 66 174 831109 0 0 0
-906 281 163 209 760524 0 0 0
1822 -2285 104 155 908122 0 0 0
1316 -1673 48 94 776505 0 0 0
2449 -1899 179 211 549899 0 0 0
-2374 -458 119 125 724899 0 0 0
-1519 -1823 28 176 599567 0 0 0
-2401 -859 54 55 815136 0 0 0
1645 -1049 17 113 341467 0 0 0
476 1862 30 98 565256 0 0 0
2490 367 44 152 151789 0 0 0
1816 1075 117 54 676602 0 0 0
-1313 584 29 134 280996 0 0 0
-1434 2015 22 39 457623 0 0 0
1569 -2410 116 164 315094 0 0 0
-1669 -966 98 3 971343 0 0 0
1141 -1620 9 195 126606 0 0 0
2374 2044 154 109 110814 0 0 0
2342 -891 139 75 552752 0 0 0
115 2340 80 169 178666 0 0 0
-951 -2264 130 173 263326 0 0 0
1244 -283 122 56 819020 0 0 0
9 2477 20 66 610615 0 0 0
-647 541 165 142 760728 0 0 0
1373 2323 47 77 383665 0 0 0
-40 -1671 20 53 848415 0 0 0
-1033 -2310 186 141 722537 0 0 0
-1487 -967 209 120 242787 0 0 0
-298 549 224 176 274234 0 0 0
2366 2299 128 98 933855 0 0 0
-1298 -531 113 103 168115 0 0 0
-1621 2331 83 105 829025 0 0 0
-1710 -1435 135 61 724025 0 0 0
-1982 1112 96 84 483090 0 0 0
-1735 809 190 199 247700 0 0 0
13 -1116 7 198 805569 0 0 0
709 85 92 173 230125 0 0 0
-1535 381 184 57 779487 0 0 0
-1019 692 29 75 919800 0 0 0
-2052 821 8 183 771510 0 0 0
2151 -373 43 189 207634 0 0 0
-860 469 98 175 213484 0 0 0
-741 1336 51 37 833622 0 0 0
-2406 -683 213 90 900037 0 0 0
1326 1779 23 176 876856 0 0 0
-2197 1753 141 141 774039 0 0 0
-1138 875 201 82 215184 0 0 0
632 1237 221 152 718275 0 0 0
-1341 -1571 12 204 630009 0 0 0
-1157 2345 96 25 319672 0 0 0
-2431 1895 69 183 368151 0 0 0
1948 2243 71 189 896536 0 0 0
359 -422 150 23 221017 0 0 0
1302 -2006 87 112 839305 0 0 0
-349 161 178 126 727256 0 0 0
-3 437 12 144 561124 0 0 0
824 -302 32 6 778854 0 0 0
-2250 -709 47 49 104870 0 0 0
1859 -1668 200 208 856423 0 0 0
-2314 980 216 94 128131 0 0 0
2074 1715 3 1 453101 0 0 0
-910 -626 59 200 866090 0 0 0
66 -1488 65 4 284203 0 0 0
-994 141 182 54 558775 0 0 0
-466 696 199 43 968827 0 0 0
-1007 507 132 179 231902 0 0 0
-883 -968 91 101 755979 0 0 0
-1086 950 8 135 608646 0 0 0
1728 -2234 61 44 341309 0 0 0
199 1477 1 167 540472 0 0 0
-538 -363 3 19 397579 0 0 0
-1167 -1664 17 90 639716 0 0 0
-1002 579 139 7 298673 0 0 0
-676 1720 56 53 683786 0 0 0
-2130 -191 181 205 657599 0 0 0
434 1399 29 183 681434 0 0 0
-364 1139 173 62 550842 0 0 0
2397 -2161 67 94 980995 0 0 0
-2244 -952 27 155 898848 0 0 0
-2255 -160 188 30 808503 0 0 0
1208 -69 190 117 475437 0 0 0
2015 1990 36 101 788128 0 0 0
-674 -227 198 1 386231 0 0 0
-1891 355 25 169 368171 0 0 0
-1697 415 143 145 921150 0 0 0
-479 -798 142 56 686444 0 0 0
-1849 -47 8 37 433340 0 0 0
627 87 109 70 964041 0 0 0
1228 -1414 102 170 942765 0 0 0
1097 429 38 174 579561 0 0 0
-1509 1448 209 118 888697 0 0 0
-2381 -1089 11 60 360453 0 0 0
-251 -934 126 24 617041 0 0 0
-276 2118 128 57 663735 0 0 0
374 -1918 65 55 107396 0 0 0
-971 -128 157 31 261441 0 0 0
258 1568 75 57 815809 0 0 0
-385 703 193 203 677857 0 0 0
-767 -1144 218 80 270120 0 0 0
35 -1239 204 162 167587 0 0 0
-1776 620 200 23 981673 0 0 0
-1624 662 53 80 513647 0 0 0
2180 -1858 195 110 825887 0 0 0
804 813 114 187 872906 0 0 0
1838 -295 223 28 343176 0 0 0
2339 2355 74 69 397695 0 0 0
-2172 -325 205 211 980128 0 0 0
2188 1222 31 79 119759 0 0 0
-299 630 208 111 948815 0 0 0
1380 1379 36 73 474711 0 0 0
1048 1839 46 162 271949 0 0 0
223 -1601 22 161 977000 0 0 0
1424 -2232 219 134 733962 0 0 0
-2489 510 155 109 484046 0 0 0
2364 -681 178 127 599797 0 0 0
2086 772 25 175 531483 0 0 0
655 2447 66 100 399111 0 0 0
-1042 508 85 47 882867 0 0 0
-1430 1840 46 116 474088 0 0 0
146 -1859 124 117 801046 0 0 0
-2381 2058 69 173 884795 0 0 0
-111 283 18 62 101829 0 0 0
-1942 272 43 25 798424 0 0 0
-1170 1014 137 122 397568 0 0 0
-593 1575 224 33 125470 0 0 0
2335 2454 223 187 513242 0 0 0
1040 1329 205 199 210459 0 0 0
1804 2086 80 84 485853 0 0 0
2212 -1058 5 23 238330 0 0 0
-663 262 8 69 720059 0 0 0
1469 1938 139 98 314953 0 0 0
1951 -1572 106 56 219577 0 0 0
330 224 73 152 857998 0 0 0
1878 1415 62 195 817458 0 0 0
-594 -2135 73 38 528716 0 0 0
284 615 9 111 964475 0 0 0
-896 1942 142 200 403188 0 0 0
-157 1835 207 188 494613 0 0 0
663 -1303 9 123 305328 0 0 0
-2395 1465 81 177 831620 0 0 0
-1504 722 47 177 162231 0 0 0
-1103 1196 141 76 494721 0 0 0
346 -141 192 31 966746 0 0 0
-571 101 23 120 339754 0 0 0
-259 1638 71 162 650364 0 0 0
-364 1177 214 128 951089 0 0 0
1399 2012 16 10 512117 0 0 0
2185 -2384 39 209 620511 0 0 0
-861 -1421 54 87 780308 0 0 0
