2600
-1528 -2226 200 155 959797 0 0 0
-1045 608 186 38 662506 0 0 0
-998 1949 196 165 180564 0 0 0
-600 1160 178 22 975582 0 0 0
1578 1970 26 109 542285 0 0 0
-1099 318 165 158 899154 0 0 0
-1848 -1664 198 52 629955 0 0 0
1061 -1181 213 56 360386 0 0 0
493 -2166 61 35 289560 0 0 0
16 -1835 88 167 289428 0 0 0
-1872 -1867 108 24 363124 0 0 0
477 -706 19 209 950056 0 0 0
575 -2133 193 37 324823 0 0 0
1337 -2377 24 84 781334 0 0 0
-2329 1182 176 77 403880 0 0 0
580 2412 134 12 540226 0 0 0
1513 2544 149 14 227264 0 0 0
1505 -2508 14 124 779741 0 0 0
1188 -2256 123 45 805015 0 0 0
-1777 1509 44 3 668316 0 0 0
-1261 -394 223 186 474618 0 0 0
2250 -1023 57 129 360098 0 0 0
270 1937 39 217 589158 0 0 0
2260 -477 94 30 100341 0 0 0
-345 2512 187 212 574859 0 0 0
2297 -2297 177 86 783712 0 0 0
1372 395 106 123 491272 0 0 0
-2273 966 118 41 262372 0 0 0
2055 1033 197 12 576784 0 0 0
-1767 773 2 177 439130 0 0 0
2498 1999 189 90 130826 0 0 0
-1324 -1870 84 149 523483 0 0 0
1048 -1874 130 198 719898 0 0 0
-1730 1055 94 220 169612 0 0 0
93 1086 90 196 401886 0 0 0
983 -1651 148 146 408375 0 0 0
2593 -2337 232 29 520061 0 0 0
-1618 1971 68 51 585922 0 0 0
-2379 -569 13 186 597503 0 0 0
-1194 -1568 85 86 334748 0 0 0
-781 1197 38 65 831052 0 0 0
-271 -2039 173 195 701731 0 0 0
204 -79 108 33 260928 0 0 0
2307 2197 76 11 938053 0 0 0
1558 968 6 131 469474 0 0 0
-605 163 188 116 459162 0 0 0
-1276 -713 119 26 861482 0 0 0
-2436 595 108 105 180487 0 0 0
1707 1475 223 202 723309 0 0 0
1306 2159 217 205 533486 0 0 0
-1513 657 24 176 358191 0 0 0
2024 614 229 5 883937 0 0 0
171 -541 121 55 366985 0 0 0
-2293 2078 180 192 603659 0 0 0
2271 628 62 103 773072 0 0 0
-1184 -1150 90 220 282247 0 0 0
1071 -959 207 196 805947 0 0 0
24 404 55 175 416924 0 0 0
2346 856 107 199 429222 0 0 0
1124 1894 219 169 696434 0 0 0
-416 426 181 41 135417 0 0 0
-941 -1547 231 13 302742 0 0 0
1925 2598 158 210 247602 0 0 0
-2489 1070 211 59 419383 0 0 0
1663 -2046 216 76 894370 0 0 0
-424 23 204 37 252771 0 0 0
2259 745 127 18 683161 0 0 0
1878 -1793 165 94 560020 0 0 0
-355 206 49 159 190557 0 0 0
1540 161 114 68 525844 0 0 0
-1215 2503 61 69 492929 0 0 0
818 -787 169 110 712216 0 0 0
2411 -1251 177 106 188898 0 0 0
-174 1445 35 173 549445 0 0 0
2315 263 233 152 812774 0 0 0
1516 -2386 122 123 319055 0 0 0
-1588 -29 233 24 189564 0 0 0
-2576 -1230 201 120 982425 0 0 0
587 343 101 179 684218 0 0 0
794 1531 199 102 268055 0 0 0
-1781 919 105 179 337822 0 0 0
-2290 -1246 121 120 315540 0 0 0
982 483 217 181 925954 0 0 0
-2331 -1029 38 166 934198 0 0 0
-1244 -804 138 96 510485 0 0 0
605 -2307 11 185 448484 0 0 0
1235 -2139 120 178 401451 0 0 0
-636 -12 232 159 701884 0 0 0
-1627 -923 154 10 888009 0 0 0
-1378 2352 179 2 676401 0 0 0
263 -1239 218 190 645713 0 0 0
2567 -1803 229 183 489924 0 0 0
-654 2128 209 107 719751 0 0 0
1835 -475 169 184 384083 0 0 0
-1036 1194 193 6 568152 0 0 0
-1623 -89 87 171 393506 0 0 0
-1470 -994 75 178 884446 0 0 0
-1766 1428 24 15 692156 0 0 0
-2338 -1513 14 84 593646 0 0 0
-2120 -2100 127 97 223714 0 0 0
1133 -486 197 59 619012 0 0 0
-2344 423 110 11 556687 0 0 0
430 -805 145 211 788899 0 0 0
2544 -1015 224 53 352973 0 0 0
1779 -1312 120 111 174863 0 0 0
1640 1978 34 35 427535 0 0 0
-1913 -1701 64 203 386758 0 0 0
1855 -303 17 122 838627 0 0 0
1832 1960 222 106 900845 0 0 0
1266 -1812 180 219 670625 0 0 0
714 2083 100 109 387645 0 0 0
-2213 -2012 154 55 816626 0 0 0
-1618 1157 43 25 409258 0 0 0
-1907 -378 167 195 455798 0 0 0
-416 -2341 217 159 503046 0 0 0
-2146 -997 192 190 963267 0 0 0
1134 -1371 19 39 245327 0 0 0
592 -803 210 120 913709 0 0 0
-435 -299 67 190 368779 0 0 0
-71 1004 119 171 975169 0 0 0
754 -2581 122 88 951067 0 0 0
-1067 -1028 2 89 231343 0 0 0
775 -2284 178 45 374912 0 0 0
1148 -1066 20 84 777798 0 0 0
2172 2277 232 157 655348 0 0 0
-352 1707 99 28 270683 0 0 0
-1005 -78 7 27 779600 0 0 0
2552 -314 75 98 562986 0 0 0
-2079 21 92 53 514567 0 0 0
2463 -1950 9 22 202235 0 0 0
-1411 -1589 133 212 186182 0 0 0
1090 -2257 121 213 922624 0 0 0
-320 1799 169 46 909896 0 0 0
-1442 -380 26 116 695010 0 0 0
-371 -799 161 67 285316 0 0 0
548 -686 156 9 881925 0 0 0
-1741 721 118 49 654038 0 0 0
-125 780 198 158 945682 0 0 0
-1116 -80 107 148 722859 0 0 0
1649 -953 14 4 608406 0 0 0
1189 -117 114 188 793541 0 0 0
2279 1477 121 22 189413 0 0 0
90 -215 189 36 651068 0 0 0
-2561 454 30 34 257727 0 0 0
2502 -1579 196 171 718359 0 0 0
-64 -1011 161 205 215759 0 0 0
2524 1186 28 215 253224 0 0 0
-1478 -1693 139 98 114280 0 0 0
2356 138 209 110 759055 0 0 0
828 1509 67 20 742401 0 0 0
-513 -1753 150 4 701541 0 0 0
-2330 403 6 6 401269 0 0 0
-1680 1205 49 201 198433 0 0 0
-2092 734 31 144 910309 0 0 0
597 -552 131 41 534139 0 0 0
-1516 -1487 122 203 821869 0 0 0
1536 784 127 94 987315 0 0 0
-1526 -1828 216 129 404910 0 0 0
2315 323 55 108 786720 0 0 0
2498 275 60 156 837595 0 0 0
2409 1596 49 189 874024 0 0 0
-2159 1546 203 206 476402 0 0 0
-1634 1369 173 89 574262 0 0 0
1103 -962 187 142 563718 0 0 0
-1844 -2249 184 116 714368 0 0 0
-142 -1281 114 3 972493 0 0 0
1391 -1220 166 145 900358 0 0 0
2196 159 205 79 348055 0 0 0
1467 -2427 218 118 304760 0 0 0
377 -1364 185 7 120767 0 0 0
-2088 44 198 198 296228 0 0 0
-735 -1878 21 42 105920 0 0 0
-472 -2469 59 116 906289 0 0 0
1082 1801 120 52 933726 0 0 0
-624 -2242 51 66 721742 0 0 0
-993 2414 48 189 241904 0 0 0
-965 -558 32 94 618318 0 0 0
2436 219 127 123 166687 0 0 0
2220 -1487 207 114 725720 0 0 0
149 547 143 173 978819 0 0 0
239 -556 231 18 139135 0 0 0
-1615 1071 77 28 674311 0 0 0
-755 828 138 184 759620 0 0 0
-2437 289 74 147 803447 0 0 0
-2562 1126 208 38 468047 0 0 0
-1899 -1536 180 73 609464 0 0 0
1300 -755 38 62 456546 0 0 0
561 816 108 30 938712 0 0 0
869 -1954 156 29 953921 0 0 0
-577 -980 202 56 425499 0 0 0
-423 912 177 39 362495 0 0 0
-1442 308 2 37 519634 0 0 0
848 1578 107 90 507100 0 0 0
2162 1105 163 98 748150 0 0 0
2548 -617 113 66 898299 0 0 0
160 -121 167 153 580284 0 0 0
1163 2344 112 159 519534 0 0 0
-778 -1694 137 53 599757 0 0 0
-162 1744 132 144 462819 0 0 0
1328 1203 8 55 369846 0 0 0
521 2032 119 25 305463 0 0 0
2268 107 15 122 307743 0 0 0
2555 2136 182 128 789577 0 0 0
1103 2439 44 132 866954 0 0 0
-369 989 71 133 919545 0 0 0
-155 1320 52 50 665606 0 0 0
2453 2209 169 201 943624 0 0 0
478 171 113 1 147219 0 0 0
645 269 122 107 257261 0 0 0
1281 2027 150 53 280294 0 0 0
1250 995 93 125 784937 0 0 0
-2224 1653 56 83 638671 0 0 0
654 -1870 109 144 577214 0 0 0
-916 -2391 110 7 704741 0 0 0
-2265 1164 229 12 463089 0 0 0
2527 790 73 184 509090 0 0 0
-1853 420 104 97 476136 0 0 0
86 2345 54 132 670614 0 0 0
2388 -1253 14 216 261386 0 0 0
725 840 49 26 616722 0 0 0
1829 -2246 99 85 935134 0 0 0
-1392 -377 229 77 872489 0 0 0
-2584 1308 215 147 944931 0 0 0
2442 415 142 188 836526 0 0 0
-499 -271 56 104 790387 0 0 0
-1858 -110 26 147 420289 0 0 0
570 873 208 198 526027 0 0 0
-958 -1219 232 6 863999 0 0 0
409 701 120 95 874146 0 0 0
-430 -1283 39 133 538206 0 0 0
641 -1187 111 136 625849 0 0 0
266 -2156 180 213 806456 0 0 0
-1572 934 158 117 241736 0 0 0
251 -1013 66 115 647274 0 0 0
-1316 -1507 140 175 441108 0 0 0
-163 1271 9 167 977840 0 0 0
1534 2219 33 91 624101 0 0 0
2582 -2518 127 104 569504 0 0 0
-1150 -2178 88 87 618102 0 0 0
532 555 9 126 814302 0 0 0
784 1313 64 180 163389 0 0 0
1184 -1437 107 103 571180 0 0 0
630 2497 216 138 526565 0 0 0
-2474 2547 117 70 257749 0 0 0
-2374 209 195 188 165108 0 0 0
-28 -907 76 156 247542 0 0 0
-1389 -542 61 75 720691 0 0 0
415 822 25 131 330077 0 0 0
-1678 2393 117 34 462974 0 0 0
826 -435 71 71 678275 0 0 0
2440 -1067 191 28 692191 0 0 0
1960 -1637 23 142 988501 0 0 0
-2106 1452 120 36 802181 0 0 0
-1906 1094 193 152 341174 0 0 0
1363 1923 10 185 210270 0 0 0
1181 -2518 8 24 179333 0 0 0
145 1967 104 25 994353 0 0 0
-2265 1993 218 85 492621 0 0 0
940 -876 156 149 487416 0 0 0
1352 -632 113 101 686529 0 0 0
-1589 1114 187 10 926836 0 0 0
2329 1622 174 197 140011 0 0 0
2599 -1221 125 34 797481 0 0 0
2391 140 221 49 277915 0 0 0
-1260 910 213 220 201471 0 0 0
-2350 -2433 1 49 221576 0 0 0
-1134 758 23 99 350393 0 0 0
-1972 -2322 224 31 398233 0 0 0
123 -2426 82 71 207478 0 0 0
1409 -1650 209 10 225644 0 0 0
-187 1123 149 205 428343 0 0 0
2558 -973 156 42 954625 0 0 0
-1729 -2170 215 11 314461 0 0 0
2449 1634 170 137 851263 0 0 0
1233 -2281 205 1 704746 0 0 0
627 -2216 13 41 360026 0 0 0
196 1849 140 58 725276 0 0 0
859 -458 56 155 821511 0 0 0
1795 -1502 74 12 680032 0 0 0
-1971 2211 25 24 511069 0 0 0
1979 1622 103 211 412205 0 0 0
-2082 1533 81 173 708515 0 0 0
2088 -899 181 184 177349 0 0 0
-1061 1601 119 27 651519 0 0 0
259 877 41 148 718115 0 0 0
-2400 -1093 12 39 910807 0 0 0
-603 94 86 218 618610 0 0 0
463 1864 112 4 901328 0 0 0
1957 726 76 200 695390 0 0 0
-2579 -2177 149 113 643763 0 0 0
2120 -1253 19 120 630037 0 0 0
1245 2381 59 193 255860 0 0 0
-1728 1827 108 201 282322 0 0 0
-1223 -164 32 40 465296 0 0 0
2086 1552 48 176 303908 0 0 0
613 -1942 63 156 925476 0 0 0
-2177 815 228 127 321260 0 0 0
-2166 474 200 184 306626 0 0 0
-1412 2328 78 183 923385 0 0 0
698 697 33 155 669499 0 0 0
1308 -603 15 83 578669 0 0 0
-2454 -347 27 30 678176 0 0 0
-2323 -165 4 131 868810 0 0 0
-2376 1469 86 139 395625 0 0 0
-578 -189 102 45 413563 0 0 0
-380 2298 173 36 399919 0 0 0
1363 1915 15 156 330723 0 0 0
1415 1172 79 19 633198 0 0 0
1152 621 27 119 566870 0 0 0
-612 -1873 102 94 665189 0 0 0
2380 859 180 208 881492 0 0 0
2484 -1234 177 66 338819 0 0 0
229 -357 50 29 688472 0 0 0
-2026 2208 66 189 184730 0 0 0
-928 2186 201 41 656929 0 0 0
1018 -258 120 4 820657 0 0 0
-1655 1690 47 147 220854 0 0 0
1072 2402 10 13 634164 0 0 0
-2239 -1130 148 27 268902 0 0 0
823 721 214 57 207157 0 0 0
-2450 2093 152 202 214415 0 0 0
-2337 -589 190 204 616713 0 0 0
1070 -33 12 6 833052 0 0 0
-1754 -2195 130 172 284533 0 0 0
-1302 -1743 193 199 422096 0 0 0
635 -151 12 78 492069 0 0 0
-1022 734 146 90 360386 0 0 0
1091 689 69 193 645322 0 0 0
323 119 20 91 118415 0 0 0
-1355 759 70 148 130120 0 0 0
-1473 1038 39 212 624249 0 0 0
1322 1358 12 215 721847 0 0 0
74 -1897 16 37 854454 0 0 0
2488 -215 169 28 991154 0 0 0
-489 -879 128 219 780611 0 0 0
528 -1647 124 80 584193 0 0 0
2441 2563 44 206 128259 0 0 0
325 -1016 174 210 290360 0 0 0
-2169 -1522 63 7 130344 0 0 0
134 -1681 185 118 828286 0 0 0
-1549 -986 23 2 318718 0 0 0
-613 -928 107 74 170891 0 0 0
-640 -1697 25 30 583220 0 0 0
-1983 -704 118 47 543298 0 0 0
1561 -1590 44 48 895333 0 0 0
-162 -2328 150 166 936518 0 0 0
-1866 -576 161 136 338271 0 0 0
-2293 -1572 63 88 243046 0 0 0
-1973 -162 40 31 546381 0 0 0
-710 1677 132 2 560691 0 0 0
750 -2007 45 161 310044 0 0 0
-812 1271 37 33 374066 0 0 0
2143 -1780 140 44 579423 0 0 0
1842 2313 115 169 179881 0 0 0
343 1714 210 202 261203 0 0 0
-847 -2560 6 174 267039 0 0 0
1029 1984 18 51 201546 0 0 0
-2541 -881 10 28 164551 0 0 0
736 115 41 28 964113 0 0 0
-414 558 151 18 680167 0 0 0
-249 -1347 27 9 290235 0 0 0
-1753 -184 44 64 611059 0 0 0
547 -2323 20 60 898252 0 0 0
1833 2371 47 58 132798 0 0 0
-1346 -746 205 138 507471 0 0 0
1807 -813 223 141 773610 0 0 0
2305 1898 66 203 801241 0 0 0
-1879 -915 11 163 180224 0 0 0
1584 -1881 150 78 327741 0 0 0
-707 2254 156 187 591062 0 0 0
2021 -1585 22 189 508155 0 0 0
-902 1112 108 77 426964 0 0 0
966 -2191 221 150 769397 0 0 0
1440 1739 152 198 814981 0 0 0
1232 1142 79 33 726302 0 0 0
2600 1126 35 39 299857 0 0 0
82 -2543 20 14 881955 0 0 0
241 2300 207 166 125281 0 0 0
2491 -801 13 171 226460 0 0 0
-421 -1382 219 188 922938 0 0 0
-1074 -983 217 90 311008 0 0 0
845 -2040 171 171 342748 0 0 0
-33 1276 3 131 688731 0 0 0
2224 -593 95 134 594233 0 0 0
1541 1963 121 14 187683 0 0 0
-318 2386 139 87 164254 0 0 0
367 1482 91 30 217887 0 0 0
254 -196 103 115 526426 0 0 0
-2047 -1472 94 192 106657 0 0 0
1663 790 134 32 898484 0 0 0
228 -1884 117 72 150818 0 0 0
-1870 1342 216 205 943617 0 0 0
1414 2244 10 118 863593 0 0 0
986 185 29 168 847008 0 0 0
-1264 -1425 113 48 899748 0 0 0
1904 -1698 132 182 759231 0 0 0
492 2541 154 46 932238 0 0 0
-5 688 148 38 144971 0 0 0
-940 1307 145 66 654474 0 0 0
-2001 2600 125 123 407757 0 0 0
-1638 973 19 8 753836 0 0 0
1489 262 52 210 378496 0 0 0
552 -520 188 171 532249 0 0 0
-1705 418 16 63 808758 0 0 0
-2503 -241 195 129 215475 0 0 0
-2297 804 204 86 271027 0 0 0
-96 1029 156 10 747909 0 0 0
627 -1757 2 143 470520 0 0 0
1855 -959 158 28 777505 0 0 0
2517 176 49 144 766816 0 0 0
2588 -1186 15 7 369523 0 0 0
1582 25 13 80 784531 0 0 0
909 -1143 10 80 407938 0 0 0
467 105 157 10 683546 0 0 0
-1730 -690 133 100 710481 0 0 0
-1774 19 202 137 218508 0 0 0
-443 1112 219 141 452883 0 0 0
551 1905 87 27 718056 0 0 0
-933 -2410 40 17 814598 0 0 0
-2576 -1287 38 209 592810 0 0 0
500 -338 32 97 725490 0 0 0
-1630 1197 28 104 284959 0 0 0
-1818 1442 89 85 127569 0 0 0
-787 972 107 31 495181 0 0 0
-848 -611 4 22 158298 0 0 0
346 2515 206 209 255212 0 0 0
-330 479 229 156 850041 0 0 0
14 246 176 173 208517 0 0 0
-2547 407 65 205 425674 0 0 0
-1543 -2532 2 92 836029 0 0 0
-560 2017 89 93 281026 0 0 0
-1253 -1080 68 180 141880 0 0 0
-248 -1435 56 196 921950 0 0 0
-2169 1438 210 217 768725 0 0 0
1494 1214 61 208 836793 0 0 0
1693 -2241 223 84 110868 0 0 0
-458 542 133 28 468492 0 0 0
2551 -1959 219 10 642579 0 0 0
-1669 -1329 123 136 448764 0 0 0
-1463 2497 202 134 932203 0 0 0
1666 2228 227 146 317709 0 0 0
1608 2378 218 212 375792 0 0 0
1183 -2110 154 172 437224 0 0 0
2482 -1060 26 146 671002 0 0 0
-2058 -321 103 209 956403 0 0 0
-2581 1701 232 90 606801 0 0 0
-2014 1505 76 109 974312 0 0 0
-1733 -263 127 155 793381 0 0 0
424 -194 91 46 944229 0 0 0
1529 1000 232 145 318941 0 0 0
1586 -1385 140 185 716182 0 0 0
-2594 -85 58 66 972707 0 0 0
-2311 1323 144 3 389609 0 0 0
-419 443 181 111 472138 0 0 0
2288 -1305 127 142 997505 0 0 0
2392 -1512 2 219 221750 0 0 0
-689 1111 21 123 560861 0 0 0
-383 630 189 46 122350 0 0 0
2380 -1214 218 156 217732 0 0 0
-529 2404 174 142 450714 0 0 0
2461 1144 5 92 492279 0 0 0
2205 979 155 12 635213 0 0 0
-665 1369 185 215 817926 0 0 0
-814 145 216 3 201918 0 0 0
-2122 1665 136 214 109918 0 0 0
2563 1377 232 22 428361 0 0 0
-604 1843 88 175 603471 0 0 0
1116 -1211 37 169 177229 0 0 0
205 2508 209 91 549575 0 0 0
-1501 1846 232 102 251873 0 0 0
-1532 577 1 54 982916 0 0 0
-560 -2388 139 143 942499 0 0 0
1564 2185 149 170 920363 0 0 0
-877 -799 21 47 974188 0 0 0
2135 -1646 189 213 667234 0 0 0
-1606 -1408 135 100 223945 0 0 0
-1812 2110 97 118 980643 0 0 0
-2421 -1982 202 195 927241 0 0 0
1178 -2260 160 151 562353 0 0 0
1940 1263 118 37 113044 0 0 0
1392 2591 202 90 338079 0 0 0
-1733 -1003 59 84 452765 0 0 0
2185 2463 205 27 917450 0 0 0
-1919 -798 29 67 572012 0 0 0
1640 1103 109 118 636954 0 0 0
-489 474 151 165 626454 0 0 0
-743 255 222 70 424919 0 0 0
1332 -2281 4 185 882826 0 0 0
-1146 1168 43 143 137090 0 0 0
-811 -435 83 55 962770 0 0 0
-1541 -550 38 158 456859 0 0 0
487 2545 118 180 128619 0 0 0
1229 2598 121 72 567567 0 0 0
144 -1837 171 118 766221 0 0 0
272 -1035 2 46 843498 0 0 0
2233 2371 163 23 886571 0 0 0
-1150 -77 141 131 289312 0 0 0
320 -1529 202 47 164943 0 0 0
1969 -2597 111 125 149157 0 0 0
58 506 141 146 691518 0 0 0
893 -539 216 180 398592 0 0 0
-2464 -1405 113 5 352713 0 0 0
-1494 398 168 122 870218 0 0 0
-289 1744 170 1 442146 0 0 0
1536 -1926 139 16 378460 0 0 0
-50 -2243 144 216 796046 0 0 0
1536 -1497 183 57 935306 0 0 0
-691 669 142 48 483227 0 0 0
838 -2376 27 127 336439 0 0 0
782 -1029 211 121 740559 0 0 0
995 -738 88 22 462000 0 0 0
611 -2421 91 61 384540 0 0 0
-2241 -486 187 188 419684 0 0 0
167 -119 209 28 742082 0 0 0
1153 -136 210 212 345421 0 0 0
15 1164 42 105 138784 0 0 0
-2424 1775 155 147 603017 0 0 0
-78 926 213 220 408014 0 0 0
2478 890 161 128 700898 0 0 0
-278 -668 21 72 194647 0 0 0
-2032 -2112 106 123 793648 0 0 0
-2144 -2362 4 28 897938 0 0 0
-1131 1652 68 213 472652 0 0 0
-390 -457 177 118 732145 0 0 0
1999 2132 62 58 752161 0 0 0
-199 -1700 133 214 556406 0 0 0
-830 1717 212 204 134906 0 0 0
1793 -516 118 185 236991 0 0 0
-458 -625 71 140 399785 0 0 0
-1696 1856 223 198 668892 0 0 0
-1194 1145 220 70 698050 0 0 0
346 -484 14 47 182950 0 0 0
-2549 2148 68 194 413352 0 0 0
-2205 -277 214 135 529760 0 0 0
-83 -592 198 212 763236 0 0 0
258 -1052 197 90 415441 0 0 0
1772 -1616 172 187 483980 0 0 0
802 -791 105 3 409174 0 0 0
2154 -705 197 52 658206 0 0 0
1915 -1065 52 17 475620 0 0 0
2407 426 6 174 583164 0 0 0
1278 99 145 4 393342 0 0 0
445 -1699 3 218 815868 0 0 0
692 -2377 217 26 183862 0 0 0
549 -1718 90 7 323386 0 0 0
-1208 -853 84 17 817901 0 0 0
-440 -2487 50 138 566421 0 0 0
1336 820 14 115 846496 0 0 0
1936 -2075 85 218 551266 0 0 0
123 -361 179 11 506843 0 0 0
304 1796 219 218 247166 0 0 0
-2301 1885 52 66 323809 0 0 0
-1177 -1670 59 100 364491 0 0 0
-1689 1188 151 8 414036 0 0 0
-498 -1679 11 8 542108 0 0 0
-310 2125 53 136 577317 0 0 0
1876 923 85 207 546427 0 0 0
-2362 -1571 214 18 213506 0 0 0
-954 -1337 77 87 608413 0 0 0
-786 2200 163 204 442822 0 0 0
-959 -2343 189 104 270784 0 0 0
1436 1065 52 144 679908 0 0 0
852 862 154 14 732240 0 0 0
1973 1606 233 133 518563 0 0 0
-337 -2056 116 22 129267 0 0 0
1452 -2265 59 61 406556 0 0 0
575 2459 120 4 908412 0 0 0
-2093 -2145 153 121 916894 0 0 0
1533 1918 149 72 425732 0 0 0
-1736 1699 1 171 374912 0 0 0
766 2192 145 4 720507 0 0 0
851 2050 61 177 702782 0 0 0
-1522 -1361 3 16 828406 0 0 0
76 362 20 55 285800 0 0 0
-1144 -826 177 149 147472 0 0 0
1174 122 63 220 385155 0 0 0
-470 142 143 92 638149 0 0 0
-732 2547 68 22 349603 0 0 0
-1891 1135 117 85 221399 0 0 0
-1553 -121 37 22 787323 0 0 0
-293 1181 19 217 368564 0 0 0
-500 527 13 12 829405 0 0 0
-1741 -2115 114 213 377474 0 0 0
-1548 6 139 115 686343 0 0 0
-472 29 221 1 337538 0 0 0
2074 874 207 161 526179 0 0 0
-1380 1535 122 62 236539 0 0 0
1494 -2516 96 95 426801 0 0 0
-1711 1065 58 28 818892 0 0 0
1552 391 219 60 575044 0 0 0
1766 -516 136 215 572464 0 0 0
1143 1530 39 62 964170 0 0 0
1523 -400 86 159 978840 0 0 0
2222 301 108 209 486010 0 0 0
545 523 60 191 961854 0 0 0
2591 1240 93 112 490457 0 0 0
357 607 22 179 335874 0 0 0
1080 1848 15 31 468872 0 0 0
1663 -1930 37 138 653691 0 0 0
1494 2495 124 148 603429 0 0 0
-918 2131 161 56 813502 0 0 0
-25 1145 117 147 765292 0 0 0
536 -2137 171 214 644636 0 0 0
-1735 1906 41 158 168809 0 0 0
2120 -1544 82 14 474367 0 0 0
2173 -869 41 109 120669 0 0 0
2104 395 227 61 711243 0 0 0
1479 -2454 129 31 615396 0 0 0
-945 2176 181 135 897824 0 0 0
-313 2088 31 18 591515 0 0 0
1186 1954 125 220 124660 0 0 0
400 2453 192 145 953871 0 0 0
-1794 -2407 87 126 988736 0 0 0
-1930 2157 42 45 196705 0 0 0
-27 1088 194 208 786151 0 0 0
-2395 2150 105 172 699406 0 0 0
-2490 -1471 208 201 468753 0 0 0
59 184 190 133 148524 0 0 0
118 -2174 47 76 223986 0 0 0
-1376 1240 49 55 968621 0 0 0
1888 -839 40 113 564502 0 0 0
-1139 -180 48 142 231813 0 0 0
-2109 371 128 213 819154 0 0 0
2386 -980 192 176 786063 0 0 0
-781 152 54 84 283745 0 0 0
440 -2162 75 209 733372 0 0 0
1193 -1233 7 97 426999 0 0 0
-656 1823 11 48 588749 0 0 0
-1595 862 145 184 166630 0 0 0
666 -610 101 155 632679 0 0 0
-2349 -2173 128 87 629417 0 0 0
930 338 113 120 717623 0 0 0
-1028 2454 13 152 295243 0 0 0
2136 1249 33 38 654091 0 0 0
-2171 1046 140 136 862350 0 0 0
232 2295 98 24 986104 0 0 0
42 -2325 220 202 866238 0 0 0
1336 236 210 53 402134 0 0 0
2312 2194 131 197 978925 0 0 0
-730 -1209 75 47 324144 0 0 0
-1686 -1321 94 63 866206 0 0 0
1743 1264 45 117 732923 0 0 0
-2185 -2414 95 166 322923 0 0 0
979 -2137 206 13 672439 0 0 0
-191 1478 175 31 472005 0 0 0
-157 2448 94 10 800483 0 0 0
-577 1270 107 47 786743 0 0 0
1083 -2592 152 3 337321 0 0 0
-722 1862 53 170 907943 0 0 0
-213 -655 38 115 105048 0 0 0
-2330 -963 92 124 947659 0 0 0
-102 2010 44 137 419650 0 0 0
-959 1791 113 159 304546 0 0 0
843 -1724 40 146 365108 0 0 0
1805 -189 18 37 283340 0 0 0
-841 1254 215 215 273087 0 0 0
-1529 876 208 51 783053 0 0 0
-1781 871 216 3 184969 0 0 0
-1894 -609 83 84 174085 0 0 0
468 -2546 137 27 900157 0 0 0
614 1734 94 131 158048 0 0 0
-2417 572 215 34 586125 0 0 0
1234 1131 185 202 557356 0 0 0
-2491 581 157 82 556691 0 0 0
118 1241 4 209 784456 0 0 0
-397 -2511 133 98 339116 0 0 0
-2376 -2561 152 93 899679 0 0 0
139 2414 13 85 902689 0 0 0
1672 -1525 177 88 537387 0 0 0
-700 1513 16 56 248997 0 0 0
-839 599 122 220 781085 0 0 0
1517 -1263 125 176 234779 0 0 0
-2029 1589 227 55 162452 0 0 0
657 2368 95 70 799804 0 0 0
-1564 1527 78 162 935863 0 0 0
-2421 -644 170 171 782201 0 0 0
-1603 2313 229 218 611565 0 0 0
-1328 -2510 202 97 704262 0 0 0
-1108 949 31 180 883892 0 0 0
681 -497 131 2 968618 0 0 0
727 1693 128 24 470350 0 0 0
1373 2569 201 182 341276 0 0 0
1741 919 214 17 849254 0 0 0
-17 257 108 77 904547 0 0 0
279 1218 177 148 885020 0 0 0
-202 1498 128 40 513177 0 0 0
478 1232 166 200 556062 0 0 0
-446 1016 147 49 592951 0 0 0
1476 2252 16 119 957779 0 0 0
-176 1035 65 195 498789 0 0 0
-2419 -1807 178 114 276860 0 0 0
-1788 -923 15 84 307941 0 0 0
-2108 -195 117 19 529138 0 0 0
1140 240 116 171 112234 0 0 0
-2486 1297 162 200 561832 0 0 0
-2135 -1385 182 193 234258 0 0 0
-1468 1766 125 129 967209 0 0 0
-904 -2489 86 81 708592 0 0 0
-231 1901 73 169 764903 0 0 0
-749 1752 190 26 991850 0 0 0
-2189 1299 230 166 687118 0 0 0
779 -1149 17 81 487381 0 0 0
-1392 -1527 233 155 343425 0 0 0
1295 -1282 34 27 220266 0 0 0
-1196 -2412 125 169 812378 0 0 0
-1060 1592 11 23 170267 0 0 0
-1637 -1603 103 67 354184 0 0 0
323 -2531 95 54 703470 0 0 0
553 -2077 122 150 664816 0 0 0
-617 -2064 136 213 463546 0 0 0
-1387 -2047 24 130 537810 0 0 0
-610 -272 187 43 465584 0 0 0
-1007 -1599 200 39 507514 0 0 0
-964 2540 55 3 833842 0 0 0
1389 2152 44 160 285276 0 0 0
597 -1292 88 156 723773 0 0 0
1509 -1668 112 119 306871 0 0 0
-349 -1768 73 112 840570 0 0 0
776 533 39 134 819747 0 0 0
1333 2223 211 150 698251 0 0 0
580 -1335 104 18 313491 0 0 0
-56 2052 15 219 905453 0 0 0
2110 495 29 197 554942 0 0 0
-1596 -2188 102 132 585067 0 0 0
-1769 1049 8 216 412086 0 0 0
-2289 -616 197 191 632178 0 0 0
1349 -2030 90 115 878624 0 0 0
-1358 -669 190 88 407932 0 0 0
456 -1854 17 123 743813 0 0 0
1390 604 147 72 302985 0 0 0
1626 2549 140 199 252237 0 0 0
2346 -21 104 210 160328 0 0 0
-1071 790 233 165 174973 0 0 0
2224 -376 46 19 924007 0 0 0
-1536 1500 108 115 756930 0 0 0
1173 1203 19 28 322876 0 0 0
680 132 129 183 510812 0 0 0
-1409 1407 175 135 257190 0 0 0
167 2464 207 14 965194 0 0 0
-2273 2312 100 207 190552 0 0 0
2327 930 121 218 325592 0 0 0
236 -199 25 69 277393 0 0 0
2582 932 89 42 738731 0 0 0
-1445 -213 188 196 586402 0 0 0
889 -2013 83 63 827278 0 0 0
-2199 106 206 122 875874 0 0 0
718 -2575 139 35 642161 0 0 0
-90 1344 53 80 176094 0 0 0
1669 -415 79 218 427490 0 0 0
-2164 856 167 218 846718 0 0 0
-161 -1402 208 43 471257 0 0 0
2018 2486 117 133 335917 0 0 0
620 1976 166 127 739189 0 0 0
2435 2039 174 198 880410 0 0 0
2468 2577 18 67 469959 0 0 0
1638 -1583 156 19 997324 0 0 0
2401 -1224 85 209 294697 0 0 0
1698 74 115 186 461478 0 0 0
664 -2245 54 117 962850 0 0 0
294 -2506 118 208 457517 0 0 0
1237 2531 216 138 210503 0 0 0
224 335 32 217 273590 0 0 0
-2001 1776 201 120 920018 0 0 0
-932 -1242 156 161 795246 0 0 0
2176 1404 144 206 416141 0 0 0
740 525 96 210 319867 0 0 0
-2324 1225 61 36 360857 0 0 0
-1055 -1462 167 157 120435 0 0 0
2523 86 189 27 950132 0 0 0
1922 -2044 17 92 923069 0 0 0
1815 1817 189 67 641949 0 0 0
-2541 -601 180 146 575109 0 0 0
1280 -1411 195 98 738621 0 0 0
2036 345 36 53 634202 0 0 0
-2255 2231 92 58 991827 0 0 0
1040 -751 79 130 768114 0 0 0
2425 -1864 52 20 375424 0 0 0
-1569 1103 55 142 779115 0 0 0
962 -2312 72 145 147249 0 0 0
-454 207 184 123 219930 0 0 0
-1801 -830 52 102 309703 0 0 0
-1720 1057 3 136 699869 0 0 0
2467 -2445 23 138 553995 0 0 0
-1028 1861 230 167 368395 0 0 0
2585 2017 210 114 965694 0 0 0
2564 2327 141 44 829874 0 0 0
1177 2147 23 84 903804 0 0 0
-1587 -697 23 58 754118 0 0 0
-1996 -1001 162 91 208940 0 0 0
-2444 -2454 93 162 163343 0 0 0
703 328 194 166 570539 0 0 0
686 -1242 128 94 216590 0 0 0
-766 2280 128 174 658562 0 0 0
2144 689 215 8 961001 0 0 0
1757 255 76 183 578524 0 0 0
1195 2553 18 111 193839 0 0 0
2114 -18 168 103 336135 0 0 0
-86 -1654 62 58 918561 0 0 0
429 665 61 37 833139 0 0 0
1824 -937 64 156 635281 0 0 0
-955 1728 219 196 174339 0 0 0
-2286 -669 17 159 259947 0 0 0
-1179 -1805 32 214 337216 0 0 0
-2455 113 19 13 347865 0 0 0
1922 -998 123 205 725939 0 0 0
-1831 15 183 59 771832 0 0 0
861 900 78 9 914185 0 0 0
1917 1401 208 194 380390 0 0 0
-553 1677 41 203 866681 0 0 0
985 573 57 45 348713 0 0 0
46 2456 32 108 252072 0 0 0
2547 2052 104 76 212086 0 0 0
1972 -1980 100 184 742808 0 0 0
-1860 661 174 11 638609 0 0 0
-2148 1717 10 111 659160 0 0 0
396 -2438 161 5 255118 0 0 0
2240 2395 220 191 613424 0 0 0
811 -256 230 195 838146 0 0 0
-1876 -1105 5 41 344209 0 0 0
1955 -1608 75 103 584160 0 0 0
-1313 -615 92 161 785151 0 0 0
947 707 35 72 785914 0 0 0
67 1056 221 177 875524 0 0 0
965 -1644 145 141 766373 0 0 0
1526 -1911 5 134 105935 0 0 0
944 228 74 121 237015 0 0 0
48 1019 111 13 667760 0 0 0
-2479 627 150 185 776794 0 0 0
-1851 -2089 212 68 310859 0 0 0
-1847 -1548 119 110 744214 0 0 0
2286 1467 30 121 470715 0 0 0
670 -2284 124 95 311777 0 0 0
-2438 1865 13 60 528465 0 0 0
2222 23 197 5 938429 0 0 0
2470 -1490 161 124 876374 0 0 0
198 -71 191 183 896277 0 0 0
-2431 1235 212 200 152083 0 0 0
72 -2228 167 158 500953 0 0 0
-2273 86 143 90 198439 0 0 0
-835 2104 110 166 614313 0 0 0
1925 -807 184 84 201066 0 0 0
-1897 -1344 104 140 771819 0 0 0
-1593 -416 124 85 240364 0 0 0
-713 1343 171 130 875840 0 0 0
346 -2303 61 167 584097 0 0 0
526 -464 203 144 267326 0 0 0
-37 -625 77 215 481713 0 0 0
1558 -229 165 120 120875 0 0 0
-279 188 189 155 791936 0 0 0
-1874 -1163 144 117 180080 0 0 0
70 -2312 64 174 596434 0 0 0
2194 1543 175 39 493750 0 0 0
2248 1257 66 179 926456 0 0 0
1224 1828 144 75 175474 0 0 0
-536 1278 152 189 532960 0 0 0
1356 884 155 135 524165 0 0 0
973 2591 201 69 742931 0 0 0
866 -2091 80 51 630806 0 0 0
1459 -2360 204 51 116712 0 0 0
-1904 -1785 222 164 887851 0 0 0
688 1808 95 198 690449 0 0 0
-2177 -704 213 169 410604 0 0 0
1127 -2107 20 46 255385 0 0 0
977 -1804 167 29 391129 0 0 0
-759 -213 124 74 602734 0 0 0
-234 2542 96 21 437252 0 0 0
156 -2429 79 220 414041 0 0 0
-2582 -958 122 161 794071 0 0 0
451 986 146 171 875735 0 0 0
148 -649 108 112 615043 0 0 0
1211 1314 62 156 398959 0 0 0
-428 1168 197 168 283238 0 0 0
2025 -1104 44 56 496231 0 0 0
520 -1572 24 28 639107 0 0 0
-1076 1263 178 213 139146 0 0 0
-2225 -1273 34 103 154581 0 0 0
-2203 -305 96 11 510128 0 0 0
-2351 1005 214 162 335638 0 0 0
-269 -454 66 74 465313 0 0 0
-1958 2044 40 108 636114 0 0 0
1481 2547 82 71 190295 0 0 0
1772 81 132 54 597191 0 0 0
633 1077 210 43 917815 0 0 0
-2205 2068 49 92 263099 0 0 0
-606 -467 191 190 985595 0 0 0
-2496 426 9 160 361784 0 0 0
933 608 149 92 689327 0 0 0
392 -2181 28 132 288585 0 0 0
-771 2332 150 111 985177 0 0 0
1279 -2260 195 195 423478 0 0 0
809 -1049 158 73 469565 0 0 0
-2491 -2398 77 195 688447 0 0 0
331 2386 206 25 601466 0 0 0
-1084 -2210 180 120 552039 0 0 0
2474 -704 216 90 780880 0 0 0
-2555 1109 206 169 386341 0 0 0
2081 613 76 35 820002 0 0 0
-108 -1766 94 11 766910 0 0 0
2058 -128 2 203 837143 0 0 0
-2224 -1471 137 35 305857 0 0 0
2369 254 33 216 725058 0 0 0
1365 -647 180 173 843907 0 0 0
757 456 185 121 976116 0 0 0
2263 -2065 51 163 728453 0 0 0
538 618 61 68 601071 0 0 0
-2069 843 111 175 458367 0 0 0
71 -1932 170 196 198506 0 0 0
-2526 -200 204 51 880778 0 0 0
-2560 -670 106 167 841508 0 0 0
1615 -1107 97 73 835666 0 0 0
-1527 -618 231 24 764798 0 0 0
-2132 2466 128 78 637446 0 0 0
2519 -443 174 147 581600 0 0 0
1320 296 49 27 981860 0 0 0
-2431 300 109 133 811671 0 0 0
-2438 -520 187 168 341076 0 0 0
1491 -379 134 76 266283 0 0 0
1590 451 80 69 799906 0 0 0
2436 1745 116 158 389860 0 0 0
-222 416 51 93 599203 0 0 0
322 -2297 227 105 339682 0 0 0
-1345 2170 216 81 977127 0 0 0
-39 1673 123 88 502940 0 0 0
2546 -289 71 24 782282 0 0 0
1231 -1403 192 97 184116 0 0 0
-1922 -683 192 123 989682 0 0 0
933 -2266 21 214 101598 0 0 0
-1372 -1766 30 212 456581 0 0 0
2556 244 171 180 131559 0 0 0
1753 1400 58 105 767785 0 0 0
-1834 -896 106 210 203133 0 0 0
-2437 -668 92 130 766444 0 0 0
1201 -2325 115 218 995417 0 0 0
-2452 408 167 142 808224 0 0 0
-2258 -423 186 112 616229 0 0 0
-414 -1687 5 54 288718 0 0 0
685 -2228 128 54 512396 0 0 0
-350 293 142 6 102347 0 0 0
1866 -1139 87 85 462000 0 0 0
611 -626 155 206 580249 0 0 0
-868 -680 37 159 434212 0 0 0
817 1005 113 86 468334 0 0 0
-642 675 197 61 186602 0 0 0
-846 979 195 198 331934 0 0 0
-1535 -531 93 74 121861 0 0 0
1105 -2083 229 21 910287 0 0 0
-2263 -2432 93 4 705220 0 0 0
-1669 916 197 66 247421 0 0 0
2519 -1390 171 18 732133 0 0 0
2183 2531 70 184 866216 0 0 0
-701 565 176 38 678604 0 0 0
180 -1177 129 193 115980 0 0 0
-1679 -1474 205 56 679079 0 0 0
-1583 -98 81 22 351368 0 0 0
2392 -1528 61 69 911502 0 0 0
1380 754 189 54 280993 0 0 0
-1615 1014 17 36 176900 0 0 0
-2274 2118 108 129 917959 0 0 0
2481 1726 33 186 419762 0 0 0
-763 -1427 14 185 240986 0 0 0
-218 1178 176 108 237928 0 0 0
980 -2021 77 104 944766 0 0 0
1305 1467 45 115 724227 0 0 0
-277 -2007 118 185 266301 0 0 0
932 -215 22 78 573460 0 0 0
-2033 -1583 92 45 525459 0 0 0
240 2270 215 186 378965 0 0 0
1134 -437 150 161 111769 0 0 0
-1996 1134 53 210 533488 0 0 0
1078 -65 204 38 864512 0 0 0
2093 734 121 61 197933 0 0 0
843 1396 211 85 746677 0 0 0
-2272 -2116 162 79 948461 0 0 0
-1215 -2319 87 195 141991 0 0 0
-115 -1376 113 213 735148 0 0 0
-1590 665 193 88 383167 0 0 0
-1013 -1272 191 138 619115 0 0 0
2087 -1527 39 188 598271 0 0 0
-463 1974 62 132 579187 0 0 0
-1388 -230 226 215 806808 0 0 0
-695 -305 44 162 967967 0 0 0
-2476 -961 180 136 184877 0 0 0
-2156 2198 60 159 687730 0 0 0
350 1276 103 164 650685 0 0 0
1167 408 124 91 568401 0 0 0
-1755 -1408 221 132 854021 0 0 0
425 -800 157 137 173377 0 0 0
1687 -1941 67 197 264975 0 0 0
-731 2001 120 121 875436 0 0 0
-2141 -370 94 164 401318 0 0 0
-259 549 182 182 416981 0 0 0
-1500 1518 194 101 129595 0 0 0
-910 1278 141 182 251285 0 0 0
1899 -1127 4 23 460682 0 0 0
1411 1756 127 115 296691 0 0 0
-1880 -370 17 54 389250 0 0 0
2366 -391 83 75 663308 0 0 0
1375 1629 86 153 640213 0 0 0
1090 -2576 8 43 270024 0 0 0
-1432 576 171 109 333998 0 0 0
-1511 -1697 48 134 638998 0 0 0
207 442 201 211 459402 0 0 0
1677 248 55 155 222061 0 0 0
-2461 -1062 45 74 618903 0 0 0
360 -487 161 204 381339 0 0 0
-2403 2040 232 143 317366 0 0 0
-2184 1814 221 57 226453 0 0 0
-1532 -463 208 209 762298 0 0 0
-302 -331 231 50 639254 0 0 0
-2288 -629 174 2 571539 0 0 0
-2297 1762 9 165 690588 0 0 0
-1473 318 191 87 266151 0 0 0
1609 1429 38 139 589515 0 0 0
313 -313 37 89 414448 0 0 0
-26 -934 111 112 772070 0 0 0
-628 -1257 95 63 105151 0 0 0
1401 1408 30 147 259407 0 0 0
-2220 -1055 201 38 164199 0 0 0
-1683 2112 40 152 729097 0 0 0
-233 -634 146 54 608061 0 0 0
-1042 -1237 96 75 931704 0 0 0
-1067 1711 201 195 487935 0 0 0
-1517 1275 62 135 684491 0 0 0
-2445 -1951 64 214 692815 0 0 0
-2176 -1894 197 168 542752 0 0 0
2291 -651 95 107 610867 0 0 0
87 1202 161 47 807772 0 0 0
-606 1191 171 122 781277 0 0 0
-1374 2367 193 180 827307 0 0 0
-567 -1637 208 35 790297 0 0 0
2407 -1754 103 150 705989 0 0 0
-1646 1644 219 43 826767 0 0 0
1040 756 136 58 130727 0 0 0
1232 -1291 77 210 318147 0 0 0
-683 -777 191 79 424101 0 0 0
-484 867 26 171 398791 0 0 0
365 -957 160 24 263906 0 0 0
-664 -1455 219 116 970849 0 0 0
1393 -2170 14 129 973844 0 0 0
-2151 2293 99 16 586626 0 0 0
778 -2481 225 13 343657 0 0 0
-1726 -845 195 189 902415 0 0 0
2482 316 72 165 639215 0 0 0
2258 -2510 156 25 591440 0 0 0
820 -965 50 11 625888 0 0 0
-958 -456 7 5 438653 0 0 0
2049 -2201 92 150 108668 0 0 0
173 -2445 18 72 778676 0 0 0
-473 -521 192 74 757910 0 0 0
152 -1936 176 199 967617 0 0 0
2243 -1146 232 44 680073 0 0 0
-2174 1044 138 177 167315 0 0 0
-2046 -1575 85 218 710954 0 0 0
1830 1861 80 135 657039 0 0 0
-1051 1013 8 116 170996 0 0 0
-2453 2138 65 185 110610 0 0 0
1789 -2008 190 70 965552 0 0 0
-649 2316 212 182 508832 0 0 0
1371 562 136 176 917838 0 0 0
-1219 -1509 27 91 989102 0 0 0
1057 -1899 2 68 247219 0 0 0
689 -1263 35 98 734237 0 0 0
2342 -835 211 6 395071 0 0 0
2014 2377 127 132 399842 0 0 0
-1635 2337 131 111 120842 0 0 0
419 1511 141 47 346184 0 0 0
852 1761 221 141 199733 0 0 0
-654 2443 199 187 266029 0 0 0
-1598 1391 224 212 215729 0 0 0
-860 -342 11 195 164292 0 0 0
1494 -1769 25 72 202474 0 0 0
-1963 -2388 154 102 511914 0 0 0
2060 298 130 107 679647 0 0 0
-1054 1643 231 127 848807 0 0 0
1351 -2108 111 143 839363 0 0 0
-1738 -2558 39 52 372615 0 0 0
-2295 70 103 206 174758 0 0 0
502 107 140 140 191393 0 0 0
-2156 1419 34 108 122094 0 0 0
-1656 1615 50 76 206969 0 0 0
1264 -1162 7 112 775960 0 0 0
1763 650 68 168 639950 0 0 0
1051 -1652 92 161 981337 0 0 0
2390 -2089 108 107 495617 0 0 0
-419 952 184 33 208104 0 0 0
-253 2205 39 77 143001 0 0 0
-657 -1330 230 106 855221 0 0 0
-1273 359 217 80 492648 0 0 0
-649 -433 142 195 430342 0 0 0
2599 -605 200 86 154890 0 0 0
-601 1326 67 20 791624 0 0 0
-454 806 52 70 691759 0 0 0
681 261 63 116 160175 0 0 0
-1856 1013 199 62 344392 0 0 0
77 -1132 133 141 856814 0 0 0
-351 -911 159 57 894054 0 0 0
-708 1734 2 88 849209 0 0 0
-300 -1152 191 201 605191 0 0 0
-1951 -306 208 133 574681 0 0 0
-338 1411 205 55 513857 0 0 0
-2458 -671 10 67 533588 0 0 0
208 2548 61 174 487154 0 0 0
-2224 -584 49 100 235475 0 0 0
1547 386 151 33 674222 0 0 0
674 -1666 122 215 340855 0 0 0
-38 -1985 50 121 220346 0 0 0
1310 63 90 93 805571 0 0 0
-1110 2519 204 155 363607 0 0 0
-2315 -1844 198 139 326365 0 0 0
-127 -2252 123 147 661686 0 0 0
-828 64 16 21 988437 0 0 0
-1007 -2521 21 34 440891 0 0 0
2372 -1065 29 121 738577 0 0 0
1109 270 174 168 775173 0 0 0
2413 2271 210 154 278510 0 0 0
1001 97 10 25 540435 0 0 0
2571 -2207 166 206 498886 0 0 0
-2469 -694 50 192 601950 0 0 0
-2360 -2254 51 74 901222 0 0 0
1935 1504 68 1 698482 0 0 0
1829 -220 74 143 345115 0 0 0
1699 1940 106 198 867736 0 0 0
851 2554 177 144 560827 0 0 0
1330 -290 208 181 618252 0 0 0
-2154 -422 157 109 945021 0 0 0
2488 -1844 61 196 332420 0 0 0
147 -1069 212 55 959367 0 0 0
-2073 1364 193 14 446860 0 0 0
1379 -1332 95 112 904136 0 0 0
-718 314 220 204 408276 0 0 0
-88 2287 196 124 161329 0 0 0
1843 870 160 9 845472 0 0 0
1787 2125 113 10 785337 0 0 0
859 -1538 151 91 596643 0 0 0
2437 -969 192 96 271145 0 0 0
2461 -1458 24 213 360398 0 0 0
1067 -1699 68 42 552992 0 0 0
2345 2337 155 46 478025 0 0 0
2348 292 224 78 328915 0 0 0
1268 1985 142 159 944447 0 0 0
-103 809 17 92 427834 0 0 0
770 2571 152 173 576791 0 0 0
-939 -1193 64 187 836063 0 0 0
1130 -1738 183 163 990427 0 0 0
-1082 2002 191 21 580107 0 0 0
-66 1094 40 55 444110 0 0 0
419 1396 230 105 337439 0 0 0
1200 91 31 27 343306 0 0 0
1671 -2124 125 45 649143 0 0 0
2287 2009 115 16 264254 0 0 0
901 1790 70 48 294460 0 0 0
276 -2482 31 150 677120 0 0 0
-628 -2054 7 74 522944 0 0 0
114 745 197 107 627316 0 0 0
-1265 -2007 153 183 430695 0 0 0
-1427 197 121 42 375568 0 0 0
750 -1597 43 38 830299 0 0 0
-688 -1246 17 74 317338 0 0 0
-392 -689 20 41 199896 0 0 0
364 2522 175 124 678074 0 0 0
1488 -674 193 205 529837 0 0 0
302 2523 49 19 504491 0 0 0
2556 -2290 190 185 710683 0 0 0
1335 1671 47 175 210327 0 0 0
2224 392 185 207 946778 0 0 0
-704 -688 196 105 811930 0 0 0
-2157 1037 150 83 918426 0 0 0
-169 2116 48 120 745093 0 0 0
-1011 2049 145 90 637550 0 0 0
22 -2024 22 179 160152 0 0 0
-103 1531 182 39 777680 0 0 0
1572 -1567 88 90 476636 0 0 0
240 2120 86 161 853967 0 0 0
1566 1203 61 215 870536 0 0 0
-522 1302 3 61 526811 0 0 0
-1651 -1810 221 58 952887 0 0 0
-2594 1978 49 8 100131 0 0 0
-2533 -1561 65 188 599723 0 0 0
1067 2188 31 108 216280 0 0 0
519 -398 198 50 572167 0 0 0
-2437 529 127 34 120706 0 0 0
-2391 -413 116 103 359215 0 0 0
-2463 -916 216 204 571887 0 0 0
-1639 370 190 107 644501 0 0 0
-1620 -1461 191 166 561787 0 0 0
23 755 22 112 871354 0 0 0
191 -1248 215 18 526847 0 0 0
-1791 1107 27 206 547619 0 0 0
-791 343 197 51 979492 0 0 0
-2270 944 68 12 398354 0 0 0
1371 468 119 193 128152 0 0 0
-607 1363 33 86 384503 0 0 0
2110 -1677 13 165 460655 0 0 0
-576 -420 22 180 375987 0 0 0
-686 1910 70 19 590426 0 0 0
-2587 1306 207 122 559100 0 0 0
1688 1470 111 194 717914 0 0 0
2352 -1194 38 64 884878 0 0 0
-2346 2449 15 215 461106 0 0 0
82 -67 30 142 998451 0 0 0
841 532 217 30 579075 0 0 0
1654 -1468 108 172 820332 0 0 0
-2422 -511 70 89 209761 0 0 0
1129 1651 195 169 116148 0 0 0
-1818 -2258 174 69 628128 0 0 0
-543 89 6 91 688378 0 0 0
1485 -840 147 216 106902 0 0 0
-2379 -1506 211 219 481541 0 0 0
-507 -894 87 3 761765 0 0 0
2101 838 92 191 639789 0 0 0
1142 1167 122 204 594780 0 0 0
2142 -1371 118 208 476072 0 0 0
715 285 74 35 694683 0 0 0
2467 -2235 173 210 586626 0 0 0
1996 1488 36 78 567777 0 0 0
-2084 -1390 22 2 661488 0 0 0
-174 -980 21 203 467211 0 0 0
471 -1337 122 160 285238 0 0 0
1567 -123 207 162 688629 0 0 0
-362 2325 91 106 905353 0 0 0
1883 -1201 186 25 371490 0 0 0
-2224 -858 135 139 255488 0 0 0
-809 2183 126 143 245427 0 0 0
2132 1590 156 16 444269 0 0 0
646 109 89 141 624970 0 0 0
1809 -1590 82 90 896315 0 0 0
-1681 254 58 48 234968 0 0 0
-754 207 111 17 355973 0 0 0
1820 2113 65 141 779976 0 0 0
-1501 -434 144 86 794807 0 0 0
1602 -175 224 38 395372 0 0 0
-1730 -1491 105 108 936524 0 0 0
1379 2066 133 183 272193 0 0 0
1743 -1839 67 126 259780 0 0 0
169 2459 50 185 358263 0 0 0
-59 602 94 172 115938 0 0 0
1199 -764 119 115 506922 0 0 0
-2534 1294 45 215 289466 0 0 0
-2001 -1376 95 69 286949 0 0 0
834 -738 225 68 295198 0 0 0
624 -2115 191 113 191628 0 0 0
-944 1794 176 27 138482 0 0 0
1624 -810 116 94 403665 0 0 0
-1556 1088 13 52 622780 0 0 0
-2305 2269 213 22 268548 0 0 0
1433 -813 81 56 158347 0 0 0
1965 -647 14 189 538211 0 0 0
1964 -1335 137 158 970851 0 0 0
-993 -2120 130 2 204687 0 0 0
-1920 -1985 227 131 528154 0 0 0
-2566 585 185 7 678130 0 0 0
-1982 1948 181 50 809320 0 0 0
1387 -58 3 102 380786 0 0 0
387 2313 98 126 260289 0 0 0
-2544 736 96 37 640228 0 0 0
735 2080 106 30 180085 0 0 0
-1419 -2077 98 131 121509 0 0 0
-2197 1801 223 84 155769 0 0 0
-1122 1451 191 183 341372 0 0 0
-222 1888 40 100 601861 0 0 0
1830 2236 53 68 333668 0 0 0
2376 -1151 47 194 412011 0 0 0
-350 123 213 6 440629 0 0 0
1543 337 221 120 511959 0 0 0
2417 895 187 5 992405 0 0 0
-566 -926 133 33 245308 0 0 0
1016 1773 220 209 221066 0 0 0
1656 -297 174 9 712276 0 0 0
-615 1221 24 204 177240 0 0 0
-1463 -872 95 166 291026 0 0 0
2445 1569 189 207 832345 0 0 0
1513 261 77 66 886065 0 0 0
-1180 -448 146 15 288189 0 0 0
-2033 -421 112 188 488924 0 0 0
1659 21 30 148 176230 0 0 0
1451 540 223 162 236633 0 0 0
1924 291 137 12 991326 0 0 0
-2133 2118 88 76 602473 0 0 0
-832 2434 143 178 134037 0 0 0
1191 -1250 98 140 768986 0 0 0
2576 -1558 83 47 280322 0 0 0
-1813 -2072 193 182 297101 0 0 0
973 -650 224 144 942839 0 0 0
1621 2304 111 178 495259 0 0 0
739 -1757 211 19 663023 0 0 0
-403 1996 209 198 831436 0 0 0
401 2441 158 75 389762 0 0 0
-1587 -999 61 131 886506 0 0 0
-978 970 7 153 794755 0 0 0
536 -1759 9 182 305914 0 0 0
1797 -2259 233 194 434109 0 0 0
-2532 -2314 31 5 437899 0 0 0
116 1355 182 58 780634 0 0 0
2036 1524 38 53 116795 0 0 0
1015 2013 160 97 449855 0 0 0
333 2123 230 47 393936 0 0 0
-976 241 28 155 313415 0 0 0
-2135 -1699 1 176 596253 0 0 0
694 2580 2 210 504181 0 0 0
-610 26 143 69 797866 0 0 0
-142 1116 96 82 577728 0 0 0
-1880 -1221 41 149 673188 0 0 0
-986 -2279 138 67 285444 0 0 0
382 2082 105 166 607535 0 0 0
257 1879 97 156 483795 0 0 0
-2505 -984 99 87 755467 0 0 0
1459 1133 38 132 237179 0 0 0
-1375 1184 12 184 946049 0 0 0
-725 -1489 5 141 987638 0 0 0
1964 589 78 47 585288 0 0 0
-1010 -642 14 164 778700 0 0 0
98 54 5 214 324874 0 0 0
-1712 1208 2 6 722829 0 0 0
-1832 -543 195 60 508764 0 0 0
1504 2576 180 27 231013 0 0 0
2041 612 145 33 162988 0 0 0
-2172 -966 12 52 713859 0 0 0
101 -1011 226 145 134174 0 0 0
2104 -1266 62 52 707059 0 0 0
-2031 -365 99 101 637741 0 0 0
12 -188 191 177 655062 0 0 0
-1257 2256 144 31 630260 0 0 0
49 -2412 197 153 256868 0 0 0
1066 1041 21 153 843373 0 0 0
-749 657 127 93 595071 0 0 0
-1051 978 50 150 617240 0 0 0
-1882 -1893 111 182 669225 0 0 0
1189 -765 88 174 676936 0 0 0
524 1089 187 25 578079 0 0 0
1608 -96 199 101 572281 0 0 0
-1898 46 16 65 181929 0 0 0
53 2229 198 87 178507 0 0 0
-1554 -376 42 121 463402 0 0 0
-611 1905 229 211 564807 0 0 0
337 2151 193 29 588843 0 0 0
-24 -2192 151 146 932378 0 0 0
902 -752 225 210 365565 0 0 0
-1137 -783 186 170 558155 0 0 0
-836 2279 133 100 127468 0 0 0
424 399 55 170 612565 0 0 0
-1586 -1878 232 145 255714 0 0 0
2227 763 163 110 341557 0 0 0
1575 -2268 203 212 842300 0 0 0
-829 -632 23 18 457420 0 0 0
-70 731 176 150 971247 0 0 0
-2532 163 50 6 385638 0 0 0
-2487 1506 85 2 871661 0 0 0
1987 466 13 204 356309 0 0 0
-186 -1888 67 195 104155 0 0 0
-454 -1795 40 94 388230 0 0 0
-630 -2033 20 111 356924 0 0 0
-1258 -2059 226 51 855921 0 0 0
-1950 1897 209 57 416784 0 0 0
-319 -2436 223 58 232618 0 0 0
-2228 2388 137 141 347261 0 0 0
339 774 93 33 977480 0 0 0
1912 1136 214 27 265672 0 0 0
-2438 -1989 101 186 301978 0 0 0
2445 -119 220 18 567160 0 0 0
-2455 2002 154 9 252533 0 0 0
1191 23 188 143 238743 0 0 0
1595 -1554 112 173 962841 0 0 0
1565 1570 28 48 645813 0 0 0
2475 -1153 60 152 848466 0 0 0
2191 1588 177 168 737838 0 0 0
-570 -2012 72 148 933682 0 0 0
1767 927 233 197 303383 0 0 0
-253 -1432 7 42 488501 0 0 0
-2035 -220 178 23 554476 0 0 0
-814 -1921 74 70 976798 0 0 0
2277 588 87 155 607277 0 0 0
2304 -634 180 165 213252 0 0 0
2310 836 163 120 301307 0 0 0
2193 135 82 140 739943 0 0 0
-551 1233 110 88 764744 0 0 0
-1048 1390 72 208 632279 0 0 0
133 -1909 83 74 432860 0 0 0
2096 1006 50 96 179402 0 0 0
71 290 170 1 661244 0 0 0
-704 1880 61 177 563862 0 0 0
-2040 737 79 59 273612 0 0 0
2078 -706 160 64 327130 0 0 0
2161 326 159 103 249248 0 0 0
-300 758 183 34 441183 0 0 0
-1926 1292 128 153 344154 0 0 0
-1483 -2448 68 125 139118 0 0 0
-1744 2230 186 169 939421 0 0 0
-132 -2457 147 74 617463 0 0 0
2497 1158 96 94 367407 0 0 0
-2499 1064 161 12 658870 0 0 0
-795 1795 228 68 800511 0 0 0
-765 -38 149 151 776568 0 0 0
-726 2206 194 188 171161 0 0 0
1190 221 110 152 701215 0 0 0
2420 33 134 82 735068 0 0 0
1016 2476 127 114 875084 0 0 0
114 634 81 40 459849 0 0 0
1845 -670 224 210 958647 0 0 0
2353 134 17 18 258783 0 0 0
2378 2203 63 194 787287 0 0 0
1613 -2121 46 203 172698 0 0 0
2505 1717 213 186 514820 0 0 0
1447 1276 102 123 502806 0 0 0
2093 -824 142 205 520110 0 0 0
-92 -598 233 37 551540 0 0 0
-625 1100 219 184 634717 0 0 0
486 -2169 113 195 917959 0 0 0
1556 0 225 204 634693 0 0 0
-1927 -1901 203 111 399292 0 0 0
-2343 -2516 2 88 719800 0 0 0
-522 -648 166 38 868380 0 0 0
2353 -987 63 51 801043 0 0 0
-637 -703 220 181 178250 0 0 0
-792 1573 199 12 895106 0 0 0
-2542 158 58 163 833612 0 0 0
-1190 1767 87 53 840070 0 0 0
-2424 -1769 75 117 475916 0 0 0
-626 669 125 155 494711 0 0 0
1487 -1196 99 163 804144 0 0 0
373 -1139 95 218 816689 0 0 0
-1913 -2382 170 18 941974 0 0 0
1796 1109 226 70 919423 0 0 0
-243 1596 109 212 240008 0 0 0
1777 -1673 112 148 145555 0 0 0
1751 289 231 217 475897 0 0 0
-1893 1924 141 175 876769 0 0 0
-464 -687 138 188 196353 0 0 0
-435 1352 215 136 672843 0 0 0
-767 2098 69 115 642262 0 0 0
1944 1941 226 61 776275 0 0 0
175 963 133 53 256278 0 0 0
1230 -746 224 78 398397 0 0 0
135 -2287 224 119 674530 0 0 0
-2087 2246 119 179 295418 0 0 0
978 2466 82 219 940285 0 0 0
-1621 1573 197 38 527462 0 0 0
2433 -318 9 32 754744 0 0 0
-227 -1932 107 24 160306 0 0 0
-271 -115 94 23 709184 0 0 0
-1333 -1415 139 5 747206 0 0 0
1050 -559 151 145 359284 0 0 0
2295 -1616 106 101 806996 0 0 0
-230 -1864 69 123 477774 0 0 0
-1349 -1988 47 21 546827 0 0 0
29 1398 117 154 764150 0 0 0
631 20 191 179 810669 0 0 0
-1158 914 196 4 526670 0 0 0
397 1313 94 182 851702 0 0 0
-1688 1433 121 78 802934 0 0 0
1916 1868 164 114 249078 0 0 0
674 -2589 163 32 651438 0 0 0
-1790 -2483 28 104 271508 0 0 0
2392 -1775 120 37 428379 0 0 0
1946 -1225 9 98 140437 0 0 0
-1575 -804 2 195 799470 0 0 0
-1649 -330 9 12 916028 0 0 0
-2096 -2584 60 201 343620 0 0 0
-1564 2513 67 9 781238 0 0 0
2189 58 31 162 446811 0 0 0
-461 -1909 89 50 577448 0 0 0
-609 -1827 82 76 536673 0 0 0
-2064 1988 216 92 814247 0 0 0
685 -1105 224 117 743502 0 0 0
-2545 370 153 178 351459 0 0 0
-2024 1091 112 144 785368 0 0 0
947 1506 108 33 335608 0 0 0
247 480 81 97 508086 0 0 0
-419 -1442 89 91 852228 0 0 0
2266 -1799 112 213 870759 0 0 0
1203 -1623 142 10 828475 0 0 0
1736 -1807 220 197 128144 0 0 0
-2006 -1089 39 13 428285 0 0 0
-1020 1068 167 25 149036 0 0 0
426 1016 94 160 456015 0 0 0
-729 2247 213 218 165564 0 0 0
1388 -1134 60 26 293178 0 0 0
2313 -780 24 84 929293 0 0 0
2085 -2149 70 77 641287 0 0 0
-96 1556 124 62 759050 0 0 0
-1284 117 211 143 494246 0 0 0
2120 980 72 181 538184 0 0 0
-2161 -2148 8 185 945579 0 0 0
-984 -2238 74 99 251852 0 0 0
367 48 65 88 726866 0 0 0
-2120 -2162 64 50 655115 0 0 0
-1753 1184 130 16 844238 0 0 0
552 872 165 76 523170 0 0 0
-1398 1461 67 89 604858 0 0 0
1324 2501 190 40 162723 0 0 0
2166 -1931 67 81 815417 0 0 0
-1782 -1381 57 161 534639 0 0 0
1343 778 181 161 981385 0 0 0
31 155 57 69 851663 0 0 0
549 -2413 21 120 896458 0 0 0
-1879 -773 95 186 435293 0 0 0
-1742 2085 22 23 422603 0 0 0
2581 1332 189 204 326683 0 0 0
1374 1321 130 14 224529 0 0 0
-2297 -417 55 207 208442 0 0 0
-349 -2299 199 93 496284 0 0 0
1870 1100 200 113 535242 0 0 0
1319 1020 221 218 775292 0 0 0
1678 1986 151 171 809182 0 0 0
1604 2473 228 44 458351 0 0 0
2509 -1358 81 126 569718 0 0 0
-2337 -157 152 64 404548 0 0 0
1522 1543 83 150 741084 0 0 0
-383 649 98 139 744849 0 0 0
-1694 -1958 72 27 631730 0 0 0
2570 2264 82 192 987907 0 0 0
-2236 -1947 35 97 970165 0 0 0
2386 -445 127 167 170166 0 0 0
-1128 1880 164 10 414474 0 0 0
2120 1818 82 15 948600 0 0 0
-972 -1956 166 96 610076 0 0 0
625 958 62 107 614238 0 0 0
2041 -2235 133 27 766342 0 0 0
-1288 2141 210 19 246445 0 0 0
304 -2002 7 189 769472 0 0 0
-1015 1791 60 63 263705 0 0 0
-1276 -2596 44 216 649625 0 0 0
554 -996 139 108 978202 0 0 0
-2542 192 145 216 295665 0 0 0
1157 1598 91 202 612483 0 0 0
-1932 666 85 114 590625 0 0 0
-1881 -2298 209 64 421427 0 0 0
-1805 -933 116 115 731102 0 0 0
659 1893 230 193 144015 0 0 0
374 748 177 115 768005 0 0 0
-1941 1963 36 157 520238 0 0 0
2454 1906 64 210 888178 0 0 0
-1149 -32 70 139 313106 0 0 0
-911 -2499 110 68 114534 0 0 0
-245 2304 139 53 399016 0 0 0
-805 -2327 23 212 856641 0 0 0
1895 2108 70 51 764942 0 0 0
-848 988 185 156 552866 0 0 0
1527 -1139 31 132 672169 0 0 0
-25 -1702 73 159 810774 0 0 0
-2368 -1779 101 14 942136 0 0 0
2265 -314 54 140 354709 0 0 0
402 1994 53 130 743037 0 0 0
-1292 579 224 152 741102 0 0 0
-2563 416 137 6 245730 0 0 0
-778 -1404 160 53 557944 0 0 0
2347 1756 132 202 826145 0 0 0
-2511 1710 22 45 546794 0 0 0
769 -1624 163 113 856730 0 0 0
-503 -1295 153 57 322676 0 0 0
847 -739 13 95 831789 0 0 0
2011 280 214 134 849670 0 0 0
-906 -876 40 18 772125 0 0 0
-1684 156 229 25 498508 0 0 0
-1656 -1438 165 3 746675 0 0 0
1252 -1854 166 86 192796 0 0 0
-692 -1025 19 151 327510 0 0 0
202 -2190 81 129 296797 0 0 0
-1171 192 189 164 762508 0 0 0
867 -827 190 76 246660 0 0 0
-1149 1924 68 149 588264 0 0 0
-1877 1164 54 23 765239 0 0 0
1990 755 204 207 373424 0 0 0
-2216 1104 28 68 693309 0 0 0
-2486 -1168 117 57 564445 0 0 0
225 1273 193 98 654298 0 0 0
-1961 -1165 190 89 408132 0 0 0
2000 -911 101 15 292966 0 0 0
182 -831 120 179 540721 0 0 0
2109 741 126 36 195217 0 0 0
815 714 145 171 128801 0 0 0
1994 1812 128 147 373417 0 0 0
456 1469 184 197 149071 0 0 0
-1985 -1742 118 44 723513 0 0 0
275 1640 67 204 435714 0 0 0
-1260 -5 65 57 880252 0 0 0
-1812 -822 59 94 505403 0 0 0
471 352 43 140 635054 0 0 0
-1344 -230 31 100 672582 0 0 0
-1761 134 219 66 886665 0 0 0
-2592 -157 111 162 240233 0 0 0
-1839 -2589 57 3 244450 0 0 0
-2144 631 212 5 187212 0 0 0
2223 2221 185 220 219973 0 0 0
1186 -293 7 18 707233 0 0 0
2518 -1436 133 172 580114 0 0 0
838 -615 89 66 966533 0 0 0
-1207 323 203 61 234803 0 0 0
1357 817 24 194 287205 0 0 0
-2493 -44 14 135 523490 0 0 0
130 -1348 203 148 491694 0 0 0
2225 -1651 66 25 414648 0 0 0
2071 1655 63 144 217900 0 0 0
1003 371 144 202 586985 0 0 0
2410 2057 11 16 613226 0 0 0
1028 1028 50 99 271725 0 0 0
2348 499 133 108 605205 0 0 0
-255 1618 18 206 247103 0 0 0
840 -1271 161 153 760355 0 0 0
905 1457 151 159 844730 0 0 0
-1274 -575 11 206 886088 0 0 0
959 2425 217 154 207588 0 0 0
110 547 191 50 419276 0 0 0
-768 -877 71 176 822835 0 0 0
-2403 -66 226 53 243279 0 0 0
509 -2414 56 4 430969 0 0 0
-2 -913 26 83 750552 0 0 0
2599 1464 209 182 198012 0 0 0
-1347 1407 217 82 581223 0 0 0
-1565 -1259 43 38 272897 0 0 0
234 -163 168 129 654434 0 0 0
-2123 -2402 109 90 635799 0 0 0
2599 -618 61 60 743421 0 0 0
770 -2381 204 120 419145 0 0 0
2024 512 78 97 734359 0 0 0
2249 740 203 87 108660 0 0 0
-76 -278 176 23 937345 0 0 0
-179 -1824 195 51 350351 0 0 0
-1841 -853 131 18 787617 0 0 0
2286 -24 211 74 147285 0 0 0
-1405 1705 21 120 961891 0 0 0
1498 1164 66 26 417253 0 0 0
-2110 1862 113 179 918115 0 0 0
1337 -11 39 212 140949 0 0 0
2549 1841 181 28 969603 0 0 0
1650 1235 104 11 431819 0 0 0
2334 -992 2 139 324298 0 0 0
1951 -281 207 50 403897 0 0 0
-1907 -1855 104 72 694366 0 0 0
-490 1446 189 12 854914 0 0 0
-2057 -75 80 130 690451 0 0 0
-1944 -727 44 180 537595 0 0 0
-2182 1057 27 215 676502 0 0 0
-1076 -1857 159 90 807211 0 0 0
1769 2079 28 169 282089 0 0 0
2415 -122 84 160 492382 0 0 0
-327 2404 139 75 686882 0 0 0
-932 -2386 94 31 562011 0 0 0
-43 -329 45 103 131423 0 0 0
35 2392 133 70 589931 0 0 0
-2423 1763 167 97 283250 0 0 0
-1909 -734 136 191 183925 0 0 0
1985 -1098 17 141 163850 0 0 0
-1536 -1287 207 177 167939 0 0 0
2029 591 198 33 408584 0 0 0
1693 1288 80 91 364910 0 0 0
-2073 622 83 168 408419 0 0 0
2124 -1333 129 33 539987 0 0 0
-1362 -34 51 46 157276 0 0 0
1424 740 71 143 715296 0 0 0
2569 150 118 175 368999 0 0 0
-1871 -1614 139 66 707795 0 0 0
1337 -2210 125 24 945446 0 0 0
1988 1044 44 204 886713 0 0 0
-1474 -2529 130 154 122818 0 0 0
135 -2501 197 73 292481 0 0 0
512 746 159 144 790723 0 0 0
-841 -1626 172 112 249493 0 0 0
-2061 1945 72 32 650977 0 0 0
633 -673 67 33 625914 0 0 0
627 1302 131 125 213778 0 0 0
187 -848 59 197 985170 0 0 0
931 -1536 220 74 370865 0 0 0
-1924 -2341 227 182 763318 0 0 0
1557 1380 41 132 545121 0 0 0
1854 -822 184 84 611107 0 0 0
-710 96 17 69 226749 0 0 0
-1486 1407 146 191 622000 0 0 0
-274 -1185 212 136 390016 0 0 0
2124 -1732 14 123 648502 0 0 0
-1322 -2135 125 218 368876 0 0 0
-1602 -822 168 109 481097 0 0 0
64 -574 106 151 406402 0 0 0
1475 -1591 154 36 179621 0 0 0
1543 376 99 152 672760 0 0 0
-1947 -2412 41 208 114946 0 0 0
-230 -1842 108 47 831546 0 0 0
-2239 2353 210 53 257850 0 0 0
135 -1213 104 78 780016 0 0 0
-92 -1598 185 188 143056 0 0 0
573 -2494 70 132 233916 0 0 0
1480 -984 44 150 262681 0 0 0
253 1415 60 130 911584 0 0 0
-1336 913 136 138 588720 0 0 0
191 -2372 48 61 447477 0 0 0
683 -231 152 94 916937 0 0 0
570 -1300 201 5 782242 0 0 0
1850 617 51 31 355880 0 0 0
-1845 -2204 217 180 902920 0 0 0
-920 -405 63 124 364070 0 0 0
2544 -1010 105 71 768155 0 0 0
2074 356 163 217 967429 0 0 0
1708 1141 85 205 963199 0 0 0
1097 1057 146 192 383188 0 0 0
-92 -373 106 138 356375 0 0 0
-1110 694 223 119 343558 0 0 0
-344 -1218 164 32 705333 0 0 0
-1458 861 90 96 474405 0 0 0
-379 -1077 60 50 713778 0 0 0
-1818 -463 36 159 413934 0 0 0
2318 -1025 30 104 137726 0 0 0
-620 1 31 92 940000 0 0 0
632 2135 161 102 736268 0 0 0
-592 -1640 94 39 505418 0 0 0
1283 412 3 128 371716 0 0 0
-127 1910 133 52 285085 0 0 0
1504 2097 166 138 853411 0 0 0
-1011 -47 221 118 286791 0 0 0
1263 1153 19 159 340179 0 0 0
-1948 498 119 60 607145 0 0 0
2236 2286 47 114 833161 0 0 0
-1183 -434 144 132 638461 0 0 0
1434 2550 7 67 808194 0 0 0
-717 -1263 155 53 591196 0 0 0
414 -106 211 161 974140 0 0 0
-906 -329 5 155 277593 0 0 0
-88 1931 66 77 834337 0 0 0
-1049 2015 189 106 693005 0 0 0
471 951 177 10 441872 0 0 0
-819 1783 132 30 616657 0 0 0
2229 661 131 108 372037 0 0 0
-1066 -22 82 181 279050 0 0 0
-1802 344 103 209 545200 0 0 0
2086 -801 185 160 356981 0 0 0
-543 -493 30 28 605482 0 0 0
-2147 1628 115 8 988336 0 0 0
-1869 -2591 186 18 995175 0 0 0
1717 389 210 164 672313 0 0 0
47 -2088 142 219 995055 0 0 0
-197 2596 223 129 759513 0 0 0
-1781 1321 21 151 631994 0 0 0
-1504 -1823 9 179 661097 0 0 0
-402 1697 150 118 223999 0 0 0
-1755 -929 99 213 868691 0 0 0
1491 1091 156 7 337428 0 0 0
-1446 544 214 88 191472 0 0 0
1532 -54 86 137 980593 0 0 0
-280 1609 222 184 582795 0 0 0
1821 1021 44 81 556948 0 0 0
2294 2159 156 103 728732 0 0 0
-1878 -2 43 69 593198 0 0 0
2576 -1580 177 67 488702 0 0 0
-2112 140 46 130 385836 0 0 0
-703 47 216 30 613965 0 0 0
2173 2115 40 219 759082 0 0 0
-72 -2036 48 73 981440 0 0 0
-2163 -845 162 212 806512 0 0 0
-2386 546 156 42 815078 0 0 0
2143 2485 55 199 675940 0 0 0
-2446 -1989 7 29 770528 0 0 0
1953 1494 43 77 875222 0 0 0
493 -2562 231 71 906689 0 0 0
1289 1717 175 210 448190 0 0 0
1016 -1651 230 139 980353 0 0 0
331 -1479 8 12 487707 0 0 0
-437 -765 50 168 899254 0 0 0
1869 66 87 174 386595 0 0 0
-803 1788 203 51 278511 0 0 0
-779 -311 193 92 830339 0 0 0
-374 362 126 159 524610 0 0 0
-2378 -2500 97 42 245367 0 0 0
1442 -1122 36 159 345680 0 0 0
-674 2183 65 122 167754 0 0 0
-201 -1033 127 215 195284 0 0 0
-2484 -2029 125 186 104170 0 0 0
-282 955 33 164 708789 0 0 0
-79 -2395 118 146 586365 0 0 0
-231 -2274 207 37 895945 0 0 0
854 173 159 215 472557 0 0 0
1109 1909 137 219 307214 0 0 0
-2241 -1944 52 108 920973 0 0 0
-1441 -967 26 136 271623 0 0 0
-125 1161 142 64 459839 0 0 0
2289 -1230 218 71 522053 0 0 0
-1004 -1384 31 105 992130 0 0 0
-2344 -183 230 204 675411 0 0 0
2210 -2164 156 197 486123 0 0 0
-2074 521 195 205 446484 0 0 0
-1257 -2421 127 192 197432 0 0 0
1127 1401 111 160 665315 0 0 0
714 -956 62 201 647149 0 0 0
1070 46 66 137 769222 0 0 0
-1665 588 152 191 728137 0 0 0
683 -1903 32 61 960932 0 0 0
-2106 1119 70 84 989089 0 0 0
127 -1392 99 126 927407 0 0 0
1094 1753 194 220 312803 0 0 0
1805 -1713 89 173 252278 0 0 0
1836 1686 126 11 144389 0 0 0
-1384 -1015 150 218 109346 0 0 0
743 -507 80 174 468656 0 0 0
364 1231 142 135 902804 0 0 0
979 545 121 80 920599 0 0 0
708 -1646 146 44 698229 0 0 0
-579 110 113 106 767867 0 0 0
1203 2286 75 176 761026 0 0 0
-1025 1270 209 16 215228 0 0 0
1213 -171 166 125 828969 0 0 0
-2311 974 19 217 997998 0 0 0
2455 -1863 161 49 256372 0 0 0
-683 -1820 1 33 986269 0 0 0
2577 -1959 157 183 275470 0 0 0
483 -181 54 79 219449 0 0 0
-1572 -235 83 112 634833 0 0 0
2191 -2262 129 212 313342 0 0 0
1840 -641 177 178 397809 0 0 0
2034 668 80 76 661820 0 0 0
-2503 -2158 51 126 995708 0 0 0
-1369 219 103 151 722040 0 0 0
582 -675 126 6 839561 0 0 0
-1761 1824 191 97 456013 0 0 0
-308 -2364 24 107 612042 0 0 0
2129 -1303 229 118 484758 0 0 0
370 -280 1 4 670034 0 0 0
-1362 2257 32 44 724767 0 0 0
74 -1192 193 75 909838 0 0 0
-634 279 216 47 454457 0 0 0
1730 1599 90 175 698366 0 0 0
-1153 -907 147 203 625321 0 0 0
-241 -985 4 169 991119 0 0 0
-1946 -336 87 12 629118 0 0 0
-645 2072 15 155 133226 0 0 0
750 1509 4 25 254255 0 0 0
652 -88 173 37 284351 0 0 0
31 -1694 28 34 411155 0 0 0
-1024 892 79 135 344676 0 0 0
187 1306 177 177 858294 0 0 0
2322 -1364 185 89 200552 0 0 0
-1048 -246 75 114 849683 0 0 0
2229 1099 51 131 821748 0 0 0
803 1721 77 17 668724 0 0 0
1145 1516 166 163 124566 0 0 0
-1898 1109 113 52 299936 0 0 0
-1459 2015 36 16 622473 0 0 0
82 -1879 31 150 252426 0 0 0
594 2521 229 115 899537 0 0 0
-164 -2465 172 16 829059 0 0 0
-1399 805 213 128 336452 0 0 0
-1880 381 134 147 673757 0 0 0
165 -2342 141 198 219234 0 0 0
-2505 201 55 148 535593 0 0 0
1025 0 130 136 364338 0 0 0
-1051 -1483 218 118 950259 0 0 0
-65 -1276 228 13 161585 0 0 0
1326 1599 203 210 885075 0 0 0
-814 2452 23 212 697685 0 0 0
1490 131 30 66 439129 0 0 0
323 786 43 195 266131 0 0 0
2088 1562 108 53 550128 0 0 0
1297 2171 227 74 360734 0 0 0
1120 2400 15 207 776968 0 0 0
937 -162 184 125 587703 0 0 0
2147 2437 124 162 929557 0 0 0
374 -1779 103 214 452956 0 0 0
-1287 368 151 39 153807 0 0 0
-1491 2525 75 72 779181 0 0 0
-2476 2038 7 170 547032 0 0 0
-728 2384 95 202 443739 0 0 0
1071 -121 107 80 941388 0 0 0
-28 1726 43 210 332433 0 0 0
1308 2207 232 133 981303 0 0 0
2447 707 213 197 104222 0 0 0
-1517 209 157 116 348371 0 0 0
1411 -1115 26 180 389465 0 0 0
-1077 -1977 212 146 954205 0 0 0
2596 -2124 188 74 132289 0 0 0
1906 -1741 79 134 533268 0 0 0
2492 -2281 84 90 406681 0 0 0
487 259 57 109 788766 0 0 0
-402 -2094 161 72 134284 0 0 0
483 1879 68 14 523606 0 0 0
-1437 -1659 204 140 732905 0 0 0
2389 -792 151 56 519846 0 0 0
-448 2282 188 47 866910 0 0 0
2490 -362 31 214 192196 0 0 0
925 694 164 165 526285 0 0 0
-1404 1151 101 104 100989 0 0 0
-187 -1298 7 149 259348 0 0 0
1813 1272 67 182 797458 0 0 0
-459 -749 181 36 935107 0 0 0
2012 2144 206 74 304962 0 0 0
2088 273 21 146 360030 0 0 0
-2530 -458 18 57 967514 0 0 0
254 301 66 123 102068 0 0 0
-821 1715 185 98 833396 0 0 0
623 -1372 161 83 579758 0 0 0
1575 -522 198 92 164175 0 0 0
2387 1429 200 151 641968 0 0 0
1686 -1823 73 85 384105 0 0 0
-266 275 212 109 347710 0 0 0
-1489 -575 98 162 806285 0 0 0
-2242 1262 133 180 304971 0 0 0
-189 -1197 131 39 784814 0 0 0
1699 1478 109 180 300541 0 0 0
2321 2227 183 125 136208 0 0 0
-1488 -1170 115 89 505107 0 0 0
35 -645 173 131 611563 0 0 0
1047 -183 152 179 520442 0 0 0
1070 -1842 150 21 911071 0 0 0
-553 -348 227 21 668909 0 0 0
2486 -76 66 155 283772 0 0 0
1589 -994 75 39 390408 0 0 0
-1498 -2340 210 165 803440 0 0 0
-2285 31 152 164 299404 0 0 0
-1855 -1663 11 98 303010 0 0 0
297 -1237 206 181 285980 0 0 0
70 443 27 127 382660 0 0 0
5 -1126 190 189 753643 0 0 0
2160 -131 86 130 819708 0 0 0
-2213 -2243 46 89 846227 0 0 0
-2320 1525 212 203 864030 0 0 0
-2550 -571 35 126 226680 0 0 0
758 365 51 67 485818 0 0 0
-543 1713 185 3 661759 0 0 0
1789 1915 197 98 409172 0 0 0
337 -1088 199 51 840570 0 0 0
102 -1526 23 20 647063 0 0 0
2275 1647 18 102 774994 0 0 0
1776 -920 74 145 447478 0 0 0
-463 694 105 61 457532 0 0 0
-1496 2358 23 94 564889 0 0 0
-1431 -1042 166 205 116166 0 0 0
1158 -2291 71 28 921806 0 0 0
-129 1195 230 135 938767 0 0 0
-1477 430 33 130 659575 0 0 0
2508 834 133 105 276952 0 0 0
-473 -1590 19 36 798726 0 0 0
-1999 -1061 91 142 996641 0 0 0
1638 303 66 133 438212 0 0 0
107 2450 42 54 386396 0 0 0
2374 -90 27 188 401075 0 0 0
1641 2591 174 35 461516 0 0 0
-1496 -87 95 77 619038 0 0 0
2280 1919 189 25 488738 0 0 0
1205 929 54 119 551171 0 0 0
1069 503 35 132 155481 0 0 0
-1173 -2253 29 201 657845 0 0 0
2434 1301 111 173 855309 0 0 0
-6 622 163 6 119116 0 0 0
2249 -508 112 152 235089 0 0 0
-109 763 75 54 531633 0 0 0
-1777 -99 70 194 144917 0 0 0
811 1289 229 7 669437 0 0 0
-1255 -1278 20 198 443714 0 0 0
2520 1900 80 192 488724 0 0 0
-439 1560 126 191 744442 0 0 0
-156 898 104 121 873234 0 0 0
1918 -557 145 165 183594 0 0 0
-1467 290 124 53 977422 0 0 0
1696 2195 115 193 686120 0 0 0
2068 2318 27 214 498105 0 0 0
1698 928 174 32 337945 0 0 0
-1403 -1595 224 88 268920 0 0 0
56 1405 156 217 566604 0 0 0
-547 -931 109 128 601106 0 0 0
-1386 2396 178 212 209872 0 0 0
-1408 -1561 95 174 477831 0 0 0
-1222 -1950 182 28 582942 0 0 0
1415 707 116 150 949919 0 0 0
2048 -2172 5 205 146936 0 0 0
1271 -1525 130 146 615984 0 0 0
-2299 -1418 106 46 293187 0 0 0
1216 1776 72 73 572542 0 0 0
-19 2342 230 188 690820 0 0 0
2203 2235 192 134 879017 0 0 0
-361 1165 105 35 480667 0 0 0
999 -540 48 135 182647 0 0 0
-2232 1720 81 163 796716 0 0 0
420 1308 83 208 628555 0 0 0
-1649 -536 178 128 471640 0 0 0
-2427 670 184 44 295708 0 0 0
-84 888 229 180 369933 0 0 0
-1103 834 229 108 166888 0 0 0
-999 86 128 25 586752 0 0 0
1324 -1519 206 73 780642 0 0 0
1010 -2036 64 204 555198 0 0 0
-648 -1381 209 115 142923 0 0 0
2386 687 141 105 704529 0 0 0
-727 -868 20 75 784586 0 0 0
-2472 -1248 110 176 744556 0 0 0
-446 1914 101 49 335047 0 0 0
1181 2173 159 32 241767 0 0 0
-8 -809 3 11 589194 0 0 0
669 -204 4 181 307527 0 0 0
-1877 1529 36 10 986326 0 0 0
-550 2091 48 1 673712 0 0 0
-1695 -891 142 97 924156 0 0 0
-2253 -1165 143 19 734802 0 0 0
-1166 74 194 102 488687 0 0 0
-1395 -214 165 58 500503 0 0 0
544 1692 90 135 316736 0 0 0
-1384 -2440 91 71 664362 0 0 0
2436 676 67 168 571001 0 0 0
-217 -1772 150 141 784410 0 0 0
-638 201 66 178 471983 0 0 0
-20 1088 227 66 154815 0 0 0
1099 -2193 228 109 180552 0 0 0
-2232 569 161 54 688520 0 0 0
1280 1790 120 18 759858 0 0 0
-2110 -864 97 40 609326 0 0 0
703 -1054 177 15 810134 0 0 0
1886 2449 82 130 916486 0 0 0
645 1930 166 144 273268 0 0 0
1014 1696 72 89 470866 0 0 0
2248 1590 120 149 909629 0 0 0
-947 909 218 103 443016 0 0 0
-715 2515 93 87 403116 0 0 0
-98 -858 140 151 941262 0 0 0
683 -1162 62 60 454461 0 0 0
1790 -702 31 138 129153 0 0 0
-796 -857 77 22 973559 0 0 0
2389 -2406 68 127 334338 0 0 0
-938 -535 114 18 787362 0 0 0
2196 2384 233 22 240508 0 0 0
-1797 -739 187 209 925913 0 0 0
-1681 179 64 124 773713 0 0 0
1683 2415 175 215 222397 0 0 0
-1823 -1982 82 167 948913 0 0 0
1269 -1952 176 189 517356 0 0 0
193 -2394 227 96 314503 0 0 0
-1662 -437 156 7 140109 0 0 0
-2461 -155 181 97 670124 0 0 0
2286 -1901 193 171 791275 0 0 0
1910 -2343 25 33 350643 0 0 0
1799 2034 75 189 200880 0 0 0
-2205 -54 40 49 603425 0 0 0
-2201 -1327 215 77 780188 0 0 0
-2275 1896 191 7 746232 0 0 0
-325 -545 197 12 480665 0 0 0
-1988 1365 190 211 226819 0 0 0
-2350 -1697 107 113 588407 0 0 0
-94 111 93 132 946201 0 0 0
1976 87 38 120 159889 0 0 0
-1272 1036 85 209 401243 0 0 0
169 2596 37 31 939008 0 0 0
-2529 -1288 22 104 448258 0 0 0
-1306 1000 199 151 233288 0 0 0
221 -1688 8 166 674238 0 0 0
107 -1341 31 171 776570 0 0 0
465 -1706 1 101 819513 0 0 0
-236 1439 113 219 383220 0 0 0
-1914 -2421 42 159 522117 0 0 0
2110 983 137 120 296956 0 0 0
1758 836 35 218 292719 0 0 0
-1218 -299 24 62 334619 0 0 0
-700 2312 54 135 239240 0 0 0
437 -1395 15 208 482204 0 0 0
2150 -2060 208 139 585420 0 0 0
-1905 1577 59 101 651209 0 0 0
-1928 -1193 79 129 954998 0 0 0
2095 -1484 35 90 936916 0 0 0
1808 -183 19 19 789128 0 0 0
-1671 -2150 21 143 190476 0 0 0
2242 -2555 107 15 937598 0 0 0
925 2125 25 214 830095 0 0 0
-41 1596 124 73 949521 0 0 0
-934 997 105 145 249682 0 0 0
490 -1100 79 52 758016 0 0 0
903 818 126 178 574257 0 0 0
-2481 476 98 50 605995 0 0 0
-999 -1234 20 46 653562 0 0 0
-1390 1824 63 210 181743 0 0 0
-2331 -2184 3 89 320922 0 0 0
1215 -1863 137 115 926736 0 0 0
2461 -1601 44 64 633546 0 0 0
1654 -272 218 199 330786 0 0 0
-2332 -2504 230 153 631157 0 0 0
-2100 -82 125 172 225977 0 0 0
1199 1327 211 91 944689 0 0 0
1488 -1814 94 73 346420 0 0 0
1749 -134 81 130 804002 0 0 0
2264 2503 42 110 938231 0 0 0
2274 1611 74 6 471409 0 0 0
1652 -296 173 74 335166 0 0 0
2537 222 156 140 570746 0 0 0
1479 -585 181 60 514540 0 0 0
2437 -2572 93 14 633176 0 0 0
-1765 -2271 41 195 608427 0 0 0
-1844 1852 215 92 578053 0 0 0
476 -649 179 24 184738 0 0 0
1523 -48 89 125 753742 0 0 0
-1488 -386 166 57 262307 0 0 0
1036 1961 147 213 221811 0 0 0
2052 -228 70 81 970122 0 0 0
-533 -706 204 22 514392 0 0 0
-253 2407 161 23 731168 0 0 0
-1295 -1751 171 206 989999 0 0 0
-1276 1069 14 78 867933 0 0 0
-347 1167 135 33 896953 0 0 0
-405 -2259 211 199 800556 0 0 0
1007 1635 118 98 495388 0 0 0
1752 2237 216 118 220170 0 0 0
972 1208 80 132 176410 0 0 0
-1092 272 223 109 692177 0 0 0
884 356 185 168 636460 0 0 0
734 -1165 2 191 834813 0 0 0
-2270 1191 156 99 854333 0 0 0
-367 2219 104 214 491951 0 0 0
2053 -2277 184 129 926673 0 0 0
776 -433 233 177 954735 0 0 0
-660 2031 203 95 309345 0 0 0
1794 1541 186 58 771307 0 0 0
-2429 -1141 135 177 155009 0 0 0
-2510 2459 116 102 150707 0 0 0
2212 1340 3 178 207189 0 0 0
2060 -107 129 171 261337 0 0 0
2419 -1809 6 201 843621 0 0 0
-460 1125 191 141 403008 0 0 0
1773 2128 39 2 671173 0 0 0
-2284 756 57 93 149065 0 0 0
694 249 91 67 627894 0 0 0
649 1495 3 67 943125 0 0 0
-1502 -228 177 136 788289 0 0 0
1791 -149 194 32 800665 0 0 0
619 2419 198 87 816449 0 0 0
-728 -1215 1 192 671094 0 0 0
101 1092 190 1 993961 0 0 0
-2120 -759 226 110 913805 0 0 0
-1466 2446 125 70 947809 0 0 0
-1574 583 136 128 635403 0 0 0
2237 844 38 6 132544 0 0 0
1983 1052 184 163 872534 0 0 0
188 -1583 120 28 533304 0 0 0
-362 2166 126 161 415639 0 0 0
-1986 -1544 109 160 381962 0 0 0
-1991 1578 78 72 335351 0 0 0
2116 530 76 43 379610 0 0 0
-1034 2018 118 129 315921 0 0 0
2057 -1029 220 184 196536 0 0 0
-1702 -2330 45 146 323020 0 0 0
875 -239 13 216 383299 0 0 0
551 1154 194 171 918722 0 0 0
232 -818 62 69 487812 0 0 0
-2162 2312 96 77 168409 0 0 0
-1424 -1917 87 151 244980 0 0 0
-2564 1507 39 53 569509 0 0 0
1067 456 128 183 273051 0 0 0
2008 1603 194 12 675503 0 0 0
2073 -2015 107 152 663114 0 0 0
727 -962 177 131 799278 0 0 0
180 1654 177 202 781636 0 0 0
-1475 -1996 175 123 746326 0 0 0
756 -2542 39 79 235158 0 0 0
1268 1378 135 78 168128 0 0 0
-318 1892 80 70 517267 0 0 0
-2471 161 85 1 323235 0 0 0
-1311 -1238 48 199 612166 0 0 0
-565 -2116 153 196 767283 0 0 0
-1850 639 133 130 352611 0 0 0
396 -1615 217 170 947909 0 0 0
2587 -773 58 41 325766 0 0 0
2450 -703 61 7 308305 0 0 0
-1082 240 21 89 950880 0 0 0
1636 -1550 201 26 918164 0 0 0
-1193 -2205 47 99 306080 0 0 0
1671 1573 42 154 919904 0 0 0
-1092 -1644 74 188 770178 0 0 0
941 -1246 174 31 806208 0 0 0
-837 -2588 141 46 572070 0 0 0
617 -31 108 51 147754 0 0 0
1864 2154 200 110 540974 0 0 0
-2391 -392 152 15 209223 0 0 0
2005 -1487 108 148 278698 0 0 0
2102 1844 88 8 985244 0 0 0
1916 -1880 28 113 649698 0 0 0
-855 -1152 211 157 902723 0 0 0
275 613 198 72 718679 0 0 0
766 -1251 39 187 783605 0 0 0
2057 1662 132 79 869762 0 0 0
-141 864 168 147 419959 0 0 0
1495 1545 1 12 187913 0 0 0
592 2127 169 106 472508 0 0 0
1888 -2059 33 201 284538 0 0 0
-422 -1337 202 172 442917 0 0 0
-750 760 83 85 383385 0 0 0
1220 50 3 220 724381 0 0 0
-196 -736 166 85 457078 0 0 0
1195 540 136 12 617052 0 0 0
513 -1547 17 171 775830 0 0 0
1806 711 222 206 845713 0 0 0
1560 1668 62 130 552161 0 0 0
1933 -1774 141 215 948214 0 0 0
677 2052 129 33 701542 0 0 0
-2596 -264 135 196 734187 0 0 0
-474 -1861 26 14 979541 0 0 0
-1292 -1709 142 171 639401 0 0 0
1477 -1446 36 52 115294 0 0 0
-1440 196 96 52 364917 0 0 0
-93 -726 133 40 419102 0 0 0
-1243 -1894 10 121 923349 0 0 0
-2171 1472 212 8 152320 0 0 0
-693 -1438 182 39 419270 0 0 0
-1058 -977 196 124 225302 0 0 0
138 1991 189 56 670723 0 0 0
1513 2158 176 50 452437 0 0 0
-140 -535 27 178 358194 0 0 0
264 530 134 165 738434 0 0 0
-934 1941 90 154 603226 0 0 0
-1222 1624 64 88 188086 0 0 0
196 1590 165 49 631060 0 0 0
-1874 947 37 69 798186 0 0 0
917 -1006 92 168 895248 0 0 0
-214 -1637 158 84 334565 0 0 0
-331 -1857 80 82 567086 0 0 0
-2290 -1338 62 199 665902 0 0 0
207 2127 179 63 740999 0 0 0
-767 -1771 38 173 322612 0 0 0
-1125 -1646 53 69 787770 0 0 0
2345 -573 161 137 440297 0 0 0
1542 1871 4 161 751302 0 0 0
-1231 -1626 233 152 556449 0 0 0
1655 -553 94 58 175586 0 0 0
-2542 -134 146 185 615515 0 0 0
-2046 916 101 101 968141 0 0 0
1024 1480 186 175 697207 0 0 0
-293 -2515 113 51 681096 0 0 0
764 1331 216 86 585069 0 0 0
-1496 82 55 157 209558 0 0 0
1313 -1114 56 198 708869 0 0 0
2157 843 179 156 147938 0 0 0
-45 20 121 19 658989 0 0 0
2528 272 208 61 398960 0 0 0
-659 1971 68 118 165375 0 0 0
1435 -836 7 17 857512 0 0 0
178 1255 129 15 104892 0 0 0
-271 2061 215 178 841882 0 0 0
-267 -1671 158 167 703682 0 0 0
118 1019 152 135 700039 0 0 0
963 828 228 196 563777 0 0 0
-423 1696 216 152 669943 0 0 0
-67 499 115 121 382922 0 0 0
-211 -1982 87 103 280365 0 0 0
-1251 2589 77 89 836960 0 0 0
-185 942 81 214 981202 0 0 0
1296 1497 100 58 793286 0 0 0
2107 -2336 9 7 336110 0 0 0
-1929 70 96 175 466937 0 0 0
2500 -193 177 19 421709 0 0 0
-36 -888 177 68 379815 0 0 0
1564 -2327 27 140 856766 0 0 0
2523 -2369 190 151 673720 0 0 0
-1539 1564 90 142 713874 0 0 0
1350 1774 162 67 554876 0 0 0
-1185 -1354 154 66 896851 0 0 0
-2210 -71 153 160 204063 0 0 0
-2067 1191 33 208 994975 0 0 0
-912 228 104 56 884038 0 0 0
1952 1017 65 152 158129 0 0 0
-2187 2109 163 154 772524 0 0 0
-1747 -2156 134 110 721294 0 0 0
1771 238 122 80 485492 0 0 0
-485 -2314 57 67 806812 0 0 0
-1955 -2158 9 167 983188 0 0 0
-1012 2521 63 115 976189 0 0 0
-1009 2595 162 185 869634 0 0 0
-141 1035 165 209 290546 0 0 0
-1874 1875 35 210 885228 0 0 0
174 140 87 3 760586 0 0 0
303 -2496 173 23 864027 0 0 0
1770 2157 52 173 479078 0 0 0
2528 -432 66 13 697204 0 0 0
-718 -2019 231 154 469648 0 0 0
295 1805 211 168 814754 0 0 0
170 2572 50 170 919017 0 0 0
-114 -1863 146 128 916316 0 0 0
1522 -813 223 154 474245 0 0 0
2309 -1929 122 220 141812 0 0 0
891 -1877 26 28 154444 0 0 0
-360 1271 199 113 152023 0 0 0
-999 -1715 134 198 386945 0 0 0
991 373 224 58 385736 0 0 0
-1070 361 3 171 543831 0 0 0
-1485 1269 166 50 633001 0 0 0
1890 -2328 160 152 411341 0 0 0
-309 258 226 157 639187 0 0 0
-1036 -306 101 26 310821 0 0 0
168 440 107 219 514943 0 0 0
-1271 -1971 159 218 764476 0 0 0
1088 1738 202 63 819086 0 0 0
2396 1460 182 142 323173 0 0 0
-1899 1415 16 139 434542 0 0 0
-2510 2434 56 113 681763 0 0 0
-591 -2176 193 135 501842 0 0 0
-2573 -231 97 65 538592 0 0 0
351 -672 98 62 990829 0 0 0
-1427 1491 46 42 130095 0 0 0
-1466 -2078 67 65 941389 0 0 0
-917 596 97 133 888895 0 0 0
2532 1226 181 217 320894 0 0 0
141 -2022 180 98 417114 0 0 0
828 -2145 95 203 461672 0 0 0
28 684 120 54 953051 0 0 0
268 -1220 117 177 514465 0 0 0
2015 -16 83 206 364893 0 0 0
-1341 2326 195 33 712673 0 0 0
1160 -464 60 21 778174 0 0 0
176 1556 130 108 727001 0 0 0
1901 -803 201 162 136128 0 0 0
-895 -1150 198 8 936253 0 0 0
2129 2535 6 10 252447 0 0 0
255 -2270 233 107 160833 0 0 0
-1996 1704 219 41 638156 0 0 0
-1443 -896 52 147 591313 0 0 0
1064 -2373 183 123 203726 0 0 0
1879 1122 207 3 418600 0 0 0
2558 -1703 23 64 229111 0 0 0
1799 -770 2 20 815375 0 0 0
-716 -1238 228 10 194407 0 0 0
-860 768 163 157 525716 0 0 0
81 841 86 11 254670 0 0 0
973 -1806 121 107 230219 0 0 0
-479 1177 38 144 550673 0 0 0
1542 -2016 69 61 606920 0 0 0
-1732 -915 113 161 956188 0 0 0
1973 -272 199 157 441926 0 0 0
-1002 -1393 214 153 428038 0 0 0
1333 -2437 207 92 987777 0 0 0
-1357 -1762 114 120 799136 0 0 0
-2565 -2187 34 62 228152 0 0 0
-2522 -233 209 161 236081 0 0 0
-2441 1979 153 4 980831 0 0 0
2244 1773 218 126 480275 0 0 0
-2004 -467 29 77 513985 0 0 0
-2128 1246 25 193 527520 0 0 0
1090 649 155 47 657862 0 0 0
2196 1206 22 109 935000 0 0 0
482 266 4 36 239388 0 0 0
954 985 80 45 890071 0 0 0
2371 -2361 180 166 208484 0 0 0
-1797 2062 145 132 234498 0 0 0
-1025 373 109 56 200119 0 0 0
1656 564 225 15 814927 0 0 0
2447 -1030 5 213 176334 0 0 0
67 -96 223 85 851210 0 0 0
-1794 921 81 47 760722 0 0 0
1641 -984 126 132 877782 0 0 0
1392 -1392 172 113 309825 0 0 0
-470 1283 208 193 751080 0 0 0
1840 1094 86 133 580276 0 0 0
1394 1510 115 89 905571 0 0 0
-2240 -967 16 97 219312 0 0 0
1504 -347 30 205 810883 0 0 0
1649 2376 2 210 976529 0 0 0
989 -2391 145 46 962980 0 0 0
-840 1410 126 167 214792 0 0 0
-434 -1329 136 185 345633 0 0 0
948 2128 125 93 208168 0 0 0
1954 789 69 123 149035 0 0 0
-2353 -201 179 164 876199 0 0 0
1837 -200 113 34 281898 0 0 0
-582 1269 155 4 551077 0 0 0
-1942 -2384 97 94 265437 0 0 0
-2018 51 144 77 906944 0 0 0
-891 -287 104 36 473075 0 0 0
1919 2361 46 198 403371 0 0 0
2280 1535 65 66 759572 0 0 0
-1534 1464 175 140 650669 0 0 0
2072 -1706 102 161 253157 0 0 0
-1478 1873 75 28 934934 0 0 0
-2208 -1392 14 132 349639 0 0 0
-1085 -1242 233 106 514920 0 0 0
776 627 218 102 473464 0 0 0
-596 294 89 30 816500 0 0 0
591 722 82 97 450769 0 0 0
-1084 -1852 100 84 560167 0 0 0
229 1312 174 62 389689 0 0 0
-867 -7 114 217 206732 0 0 0
139 -894 153 93 908385 0 0 0
-1777 -1120 45 41 831739 0 0 0
422 -2047 188 130 910494 0 0 0
-1926 -1371 229 117 297023 0 0 0
497 774 140 76 673258 0 0 0
-1707 2329 39 168 122674 0 0 0
-817 -1132 99 134 257223 0 0 0
-1806 -2484 87 96 776371 0 0 0
362 -883 137 179 264770 0 0 0
-2163 -890 185 205 270744 0 0 0
-828 411 92 208 561368 0 0 0
-1034 -2034 74 167 773178 0 0 0
-598 722 136 97 985352 0 0 0
2042 2056 227 177 831532 0 0 0
1162 1332 169 208 778349 0 0 0
-660 -684 15 215 169344 0 0 0
2407 2207 132 92 401273 0 0 0
-1404 833 171 19 825044 0 0 0
1594 -486 16 210 768271 0 0 0
2359 -1574 93 169 153216 0 0 0
1338 -1965 24 150 339766 0 0 0
-2099 1950 71 97 351512 0 0 0
-443 -980 216 56 914848 0 0 0
633 -2087 45 96 160936 0 0 0
155 -1108 145 93 630030 0 0 0
790 703 168 2 979689 0 0 0
2478 231 125 62 774579 0 0 0
-1202 -1714 128 76 470456 0 0 0
-164 -1396 104 29 206290 0 0 0
367 -1242 80 121 918769 0 0 0
469 2280 108 40 732180 0 0 0
1552 -92 139 202 311614 0 0 0
726 2163 205 202 915918 0 0 0
1857 -2498 13 20 653304 0 0 0
2324 2552 122 188 496493 0 0 0
-483 -16 219 211 825568 0 0 0
-1123 -2433 189 133 936537 0 0 0
941 1540 174 66 213000 0 0 0
-798 -621 64 87 921837 0 0 0
-2483 2355 57 159 353387 0 0 0
690 433 215 41 767764 0 0 0
-545 -2188 217 14 130116 0 0 0
1878 312 229 129 281555 0 0 0
662 -163 157 35 481905 0 0 0
24 2561 223 169 967410 0 0 0
1746 -981 199 17 309111 0 0 0
-545 201 140 175 216993 0 0 0
1109 2315 210 49 828377 0 0 0
320 -22 56 180 850726 0 0 0
-2066 800 17 107 256959 0 0 0
-475 -1431 201 129 392815 0 0 0
-1364 -2581 220 159 117353 0 0 0
1122 -295 205 190 359686 0 0 0
1899 1274 21 70 277631 0 0 0
213 -449 171 37 163397 0 0 0
-737 2359 54 220 731840 0 0 0
2096 757 171 197 461599 0 0 0
-623 2405 1 88 139353 0 0 0
-997 1192 230 27 163237 0 0 0
-1385 -1817 151 94 629838 0 0 0
703 -1331 132 174 381251 0 0 0
900 714 85 184 900159 0 0 0
-860 1211 21 32 117859 0 0 0
957 -841 25 112 820727 0 0 0
1028 -2542 27 15 196535 0 0 0
-560 2349 14 71 101136 0 0 0
2566 -1661 96 162 780686 0 0 0
-2009 -2224 160 136 418568 0 0 0
-2307 1958 64 77 804283 0 0 0
-495 -344 219 81 344386 0 0 0
-1883 1082 115 59 782358 0 0 0
-1515 -2425 233 91 790459 0 0 0
-2001 484 1 215 563937 0 0 0
-1815 839 187 57 937176 0 0 0
2199 -1337 232 50 221862 0 0 0
781 1217 192 148 766811 0 0 0
-527 2513 127 214 508646 0 0 0
2094 1458 51 87 745754 0 0 0
1502 -2219 202 89 308739 0 0 0
-47 224 232 178 513716 0 0 0
920 429 160 80 515407 0 0 0
-2550 2281 213 103 600728 0 0 0
-406 -1046 55 16 726065 0 0 0
-1183 -1058 81 159 498610 0 0 0
0 1787 170 146 365966 0 0 0
-888 -88 169 190 292938 0 0 0
1149 -8 137 102 130936 0 0 0
943 -1686 133 200 417841 0 0 0
-1090 1150 135 190 994863 0 0 0
-1661 2245 172 87 544416 0 0 0
2039 -1817 185 174 345118 0 0 0
-2353 1423 21 80 272902 0 0 0
2138 1445 77 6 104208 0 0 0
889 -2588 147 174 404893 0 0 0
-1970 -131 20 118 900362 0 0 0
531 447 192 148 726556 0 0 0
-1525 1554 221 96 556726 0 0 0
2296 -620 71 181 966517 0 0 0
722 729 184 197 826820 0 0 0
1902 2117 183 45 250422 0 0 0
2141 509 85 106 560627 0 0 0
-261 -1976 87 220 283227 0 0 0
-469 -380 110 65 464215 0 0 0
513 -713 169 187 550543 0 0 0
940 -166 210 117 903322 0 0 0
1307 1187 187 213 101732 0 0 0
2546 -1784 145 2 621560 0 0 0
12 768 57 150 363346 0 0 0
-755 1800 87 56 175242 0 0 0
508 2024 100 35 345873 0 0 0
-812 -1579 188 96 308568 0 0 0
-508 1958 182 14 748178 0 0 0
-950 389 143 173 256275 0 0 0
-153 775 212 82 290295 0 0 0
-1807 -946 40 112 503153 0 0 0
-1916 -138 183 21 973371 0 0 0
1878 740 108 110 400638 0 0 0
-1702 2082 210 86 330231 0 0 0
-1193 -2091 66 125 194811 0 0 0
-2457 321 138 153 769725 0 0 0
-1838 -663 2 121 307595 0 0 0
2461 1909 33 159 737681 0 0 0
-384 1486 198 167 272784 0 0 0
-149 -987 108 3 430466 0 0 0
-655 -1647 75 105 255106 0 0 0
2495 -2266 19 33 322707 0 0 0
-1747 -1161 226 181 884175 0 0 0
191 -1244 2 209 332739 0 0 0
2075 -2027 12 37 107535 0 0 0
-1494 -113 169 192 596340 0 0 0
453 484 29 108 345838 0 0 0
1365 2553 21 27 241932 0 0 0
-829 445 169 77 195040 0 0 0
2547 -233 88 97 442153 0 0 0
854 1369 55 87 727170 0 0 0
1950 539 111 125 412029 0 0 0
2346 -562 230 45 810417 0 0 0
2550 -363 67 16 876411 0 0 0
-1079 -467 127 205 465647 0 0 0
-1637 1139 13 109 643401 0 0 0
2006 -2539 134 18 319255 0 0 0
1661 101 57 149 130953 0 0 0
-1939 -376 13 68 484637 0 0 0
-1707 1276 121 4 971862 0 0 0
1128 -1387 108 66 454417 0 0 0
1708 -1853 130 15 872082 0 0 0
1523 -1419 11 115 641864 0 0 0
-762 1967 73 2 176032 0 0 0
-2376 -1789 138 162 675023 0 0 0
-2033 -2569 209 219 867662 0 0 0
-690 1147 109 135 541463 0 0 0
814 -2199 169 162 177444 0 0 0
-2575 1115 176 132 138244 0 0 0
-1554 -1424 71 158 748480 0 0 0
-586 2446 163 143 554486 0 0 0
-855 -1310 89 174 369468 0 0 0
1104 833 172 165 246305 0 0 0
186 -2116 114 154 800053 0 0 0
-15 1990 102 31 859865 0 0 0
2501 728 3 11 587454 0 0 0
663 -673 70 72 575583 0 0 0
-1562 70 43 147 230624 0 0 0
941 -2176 45 135 148818 0 0 0
1215 1113 232 182 498811 0 0 0
-2495 1080 167 49 726744 0 0 0
590 2004 101 37 729340 0 0 0
1006 649 118 162 543188 0 0 0
947 -1231 186 55 741351 0 0 0
2339 2285 222 168 788149 0 0 0
-1764 225 222 215 755771 0 0 0
2286 -33 24 76 576854 0 0 0
981 1850 192 95 437961 0 0 0
-766 -578 85 61 418090 0 0 0
1004 -1266 105 31 143947 0 0 0
-560 -1231 16 127 984117 0 0 0
-1546 -1760 162 104 763807 0 0 0
1071 -1037 172 74 940786 0 0 0
1918 77 9 68 289396 0 0 0
2197 -531 76 20 942065 0 0 0
-1777 1395 119 24 164032 0 0 0
-909 -1522 71 29 779796 0 0 0
-796 -577 122 50 453372 0 0 0
-2079 1732 53 137 114299 0 0 0
618 1181 90 141 102179 0 0 0
-184 -296 104 71 554103 0 0 0
1097 1477 88 209 171561 0 0 0
981 975 121 27 941768 0 0 0
402 599 212 142 576450 0 0 0
1400 598 41 186 664777 0 0 0
-450 -264 134 98 480505 0 0 0
-959 239 84 90 628225 0 0 0
1509 1789 195 217 457791 0 0 0
537 -1688 44 93 562515 0 0 0
2443 2478 111 17 868286 0 0 0
107 326 90 41 575829 0 0 0
356 1297 103 31 664370 0 0 0
-689 661 205 217 926248 0 0 0
-683 -773 100 43 929184 0 0 0
-1334 1803 118 57 644644 0 0 0
1048 -272 25 79 540341 0 0 0
490 -1956 158 129 497205 0 0 0
65 2576 110 77 291758 0 0 0
-1216 -674 32 123 252133 0 0 0
1120 108 46 211 978460 0 0 0
2381 1093 113 137 999465 0 0 0
848 150 121 85 410846 0 0 0
-28 -490 35 144 170732 0 0 0
1882 408 2 128 864301 0 0 0
-647 636 97 139 883728 0 0 0
-21 -1264 6 65 786723 0 0 0
-835 -204 123 30 618294 0 0 0
33 1668 202 116 969633 0 0 0
971 23 80 62 321819 0 0 0
2214 -816 16 46 627612 0 0 0
-2513 -1055 65 96 665374 0 0 0
2019 -760 154 173 978112 0 0 0
-2308 -1620 170 24 486552 0 0 0
819 -2005 89 10 243850 0 0 0
235 -712 128 115 147424 0 0 0
1338 2019 229 169 874905 0 0 0
321 2211 144 5 351418 0 0 0
-196 -2348 225 166 436485 0 0 0
-2293 1110 100 182 166394 0 0 0
1330 -1853 113 8 961019 0 0 0
1740 -1898 66 219 354789 0 0 0
1548 -662 110 196 652553 0 0 0
669 1791 172 40 191145 0 0 0
-1026 1864 169 211 583931 0 0 0
-2454 1541 161 6 111337 0 0 0
-753 1959 120 208 922878 0 0 0
-831 -1358 49 41 864105 0 0 0
384 2250 14 154 626215 0 0 0
114 -450 138 116 694131 0 0 0
-882 -514 223 37 905380 0 0 0
