2600
-261 993 81 126 558648 0 0 0
1536 511 169 193 153652 0 0 0
1108 -1960 204 59 271809 0 0 0
905 3 191 182 713373 0 0 0
-1964 -831 24 68 367781 0 0 0
-2194 566 179 164 156215 0 0 0
-2507 -1987 43 108 987398 0 0 0
-1004 -681 20 88 369306 0 0 0
399 1194 200 11 541697 0 0 0
1039 -1051 167 163 412577 0 0 0
1761 432 30 3 141843 0 0 0
1888 -1770 1 196 239453 0 0 0
-1864 -539 86 101 214568 0 0 0
2250 1660 172 114 673736 0 0 0
-2462 245 157 9 298529 0 0 0
-1657 -104 198 46 921283 0 0 0
1497 879 164 186 195995 0 0 0
-1984 169 207 112 283415 0 0 0
587 828 216 190 549305 0 0 0
-1526 2194 49 42 515503 0 0 0
1756 1971 204 132 909892 0 0 0
1915 1543 46 162 880621 0 0 0
-801 -1784 192 125 174857 0 0 0
2289 868 32 70 206220 0 0 0
-1604 80 156 48 720763 0 0 0
2470 2169 222 209 538084 0 0 0
2265 -1673 184 73 166016 0 0 0
-690 2094 148 87 332452 0 0 0
-787 -157 69 108 509606 0 0 0
-2270 1340 65 57 257034 0 0 0
2057 2497 78 214 531102 0 0 0
-2432 2299 77 195 404852 0 0 0
2204 391 160 43 285310 0 0 0
-185 941 94 203 347791 0 0 0
803 -2494 177 74 142405 0 0 0
-493 792 183 73 936374 0 0 0
-1171 -286 210 22 882267 0 0 0
-421 -2528 225 195 833105 0 0 0
-29 -2055 56 103 573997 0 0 0
-2447 -2240 143 52 858231 0 0 0
-2163 -1392 198 6 735376 0 0 0
1430 1066 73 173 454125 0 0 0
-1420 394 26 45 852618 0 0 0
1719 -2180 163 216 529370 0 0 0
2509 -1264 71 57 596944 0 0 0
-1173 -782 40 19 409656 0 0 0
1008 -231 212 80 710226 0 0 0
1471 1734 225 5 305004 0 0 0
417 2253 117 166 622916 0 0 0
381 1726 18 34 336423 0 0 0
1769 -1760 74 93 451024 0 0 0
1195 -2468 151 155 838159 0 0 0
-1091 -42 165 19 484263 0 0 0
216 -268 165 165 821568 0 0 0
1776 253 179 76 679330 0 0 0
-740 657 60 191 621633 0 0 0
-2179 -1348 90 173 318564 0 0 0
641 884 97 33 383919 0 0 0
-484 750 79 157 929663 0 0 0
-227 1626 156 25 766990 0 0 0
2185 2071 45 198 468787 0 0 0
1957 1874 142 143 945652 0 0 0
1188 -1232 152 140 277448 0 0 0
-1077 1448 25 98 946151 0 0 0
-774 -324 49 210 207820 0 0 0
388 -1906 99 196 592189 0 0 0
-936 -2080 210 116 423950 0 0 0
-246 2182 4 39 262060 0 0 0
-611 1761 16 187 160981 0 0 0
-1507 2020 165 7 321690 0 0 0
-1567 666 84 25 686170 0 0 0
1675 -2140 2 43 781670 0 0 0
2039 -170 147 15 566474 0 0 0
2322 -1808 38 111 812191 0 0 0
1617 1257 231 185 396715 0 0 0
-762 276 187 28 953809 0 0 0
862 2329 137 140 781258 0 0 0
1117 -472 149 214 823211 0 0 0
1284 -1963 53 104 799878 0 0 0
-942 -1296 126 73 668739 0 0 0
283 -2285 49 17 549316 0 0 0
-961 1750 133 42 118862 0 0 0
-1603 64 142 34 524514 0 0 0
2114 1046 107 74 863639 0 0 0
-327 1067 141 110 748690 0 0 0
-1889 2352 24 83 170769 0 0 0
230 464 25 161 933545 0 0 0
-1176 -2319 34 128 658829 0 0 0
-1331 230 198 103 885565 0 0 0
-791 -2016 104 129 847594 0 0 0
-509 -1109 200 117 342137 0 0 0
305 -1837 37 78 105652 0 0 0
2138 1348 75 110 863798 0 0 0
-455 -2026 12 114 139147 0 0 0
-1264 1723 181 3 105551 0 0 0
1862 -1131 102 23 539501 0 0 0
-1196 1687 161 192 392627 0 0 0
-470 -1600 192 167 710773 0 0 0
-2175 125 132 41 905330 0 0 0
-83 71 6 99 697693 0 0 0
-1776 -2414 233 8 567703 0 0 0
-1243 -2287 114 7 431577 0 0 0
2369 -180 18 202 505430 0 0 0
2118 -1757 126 3 375784 0 0 0
-2438 -2260 192 188 192308 0 0 0
-2194 94 212 71 899414 0 0 0
-2011 -1467 158 81 899998 0 0 0
1600 2052 10 179 533666 0 0 0
-891 -2502 101 69 197345 0 0 0
2184 -408 49 65 332143 0 0 0
-264 1319 165 161 782954 0 0 0
-2595 1471 137 124 290446 0 0 0
142 -2516 56 164 580206 0 0 0
2555 -2251 170 194 260149 0 0 0
-2520 -1360 58 157 121701 0 0 0
520 -2568 191 48 828855 0 0 0
-1933 1588 189 104 439603 0 0 0
1709 2498 45 145 459275 0 0 0
-921 -2194 3 162 382454 0 0 0
530 -2104 120 128 732223 0 0 0
-624 -2223 20 57 350359 0 0 0
195 -2184 54 200 310220 0 0 0
1901 -611 145 24 123047 0 0 0
942 717 58 219 669224 0 0 0
1019 1429 158 75 579480 0 0 0
2114 1629 203 85 938964 0 0 0
1594 1438 126 191 529656 0 0 0
1793 1166 128 200 831847 0 0 0
-721 -710 99 171 926382 0 0 0
1 409 168 21 988792 0 0 0
-1177 -63 168 114 878159 0 0 0
-1699 -2510 31 30 517162 0 0 0
869 -507 219 68 427990 0 0 0
-1943 2455 178 51 188541 0 0 0
2106 2330 171 204 512849 0 0 0
-394 703 15 153 597671 0 0 0
439 1165 186 167 837369 0 0 0
1086 1737 220 27 179661 0 0 0
-1068 -1882 229 70 218618 0 0 0
926 -681 70 131 318900 0 0 0
-134 306 53 149 726003 0 0 0
-535 894 87 123 993252 0 0 0
-1385 -1598 22 204 734846 0 0 0
2391 1045 60 163 290124 0 0 0
-1912 192 150 43 428701 0 0 0
-1202 1354 219 153 554850 0 0 0
2061 1351 144 35 314801 0 0 0
-1241 -1674 191 177 673784 0 0 0
1688 880 102 64 334165 0 0 0
265 716 170 134 521594 0 0 0
-2335 -1779 216 144 285634 0 0 0
-676 1016 120 152 681095 0 0 0
2146 1176 10 38 135110 0 0 0
503 1000 13 105 154611 0 0 0
590 -280 54 105 819649 0 0 0
2253 1943 221 167 845359 0 0 0
1138 -1232 219 166 257588 0 0 0
1228 -96 226 148 178798 0 0 0
-732 1858 224 144 914815 0 0 0
1901 -972 60 29 629047 0 0 0
1425 -1878 25 18 470433 0 0 0
-1712 -175 55 36 610892 0 0 0
2016 2045 205 6 246075 0 0 0
-1447 -2083 223 204 167860 0 0 0
1377 -667 91 10 752964 0 0 0
92 -1714 181 1 279629 0 0 0
1682 809 119 45 720252 0 0 0
-544 -663 231 61 907858 0 0 0
1882 530 112 55 491914 0 0 0
2344 1789 92 33 534950 0 0 0
-1071 15 216 60 660287 0 0 0
-1159 1386 97 150 924740 0 0 0
1484 2335 11 38 224280 0 0 0
-553 -2032 104 141 172200 0 0 0
389 2007 210 127 157879 0 0 0
853 2268 47 155 331156 0 0 0
-1702 -93 33 174 602987 0 0 0
-1722 -627 30 200 332245 0 0 0
1519 -2127 166 166 883582 0 0 0
1217 1820 24 26 516913 0 0 0
2039 -1085 110 72 218868 0 0 0
-464 -2412 107 81 161148 0 0 0
-904 483 174 161 146467 0 0 0
-101 -112 5 86 253120 0 0 0
-992 415 63 39 512620 0 0 0
-2050 -2200 38 184 603511 0 0 0
-111 737 1 171 465985 0 0 0
293 -194 31 189 152396 0 0 0
482 2130 55 76 108814 0 0 0
1028 -1448 185 78 658935 0 0 0
-812 -463 47 103 406170 0 0 0
12 -91 9 90 993610 0 0 0
-201 -1272 89 18 803023 0 0 0
1291 -2356 107 111 420201 0 0 0
2321 675 126 198 548895 0 0 0
871 -2399 146 133 703854 0 0 0
1048 -750 30 188 571698 0 0 0
-618 2170 186 154 933062 0 0 0
-1484 2596 221 167 612737 0 0 0
-21 2019 158 101 146189 0 0 0
-2451 902 91 76 854084 0 0 0
-969 -1677 129 41 659229 0 0 0
-247 390 38 109 487826 0 0 0
-2077 -425 102 192 915963 0 0 0
-348 -1494 20 104 670203 0 0 0
-2484 495 32 55 732341 0 0 0
-1177 -2547 144 27 962642 0 0 0
1742 -581 190 17 581112 0 0 0
-1277 670 86 195 209926 0 0 0
-2212 -732 174 77 804295 0 0 0
-2329 -906 197 156 936840 0 0 0
1844 2326 96 58 224258 0 0 0
1106 1456 225 63 627241 0 0 0
-1106 244 6 160 853614 0 0 0
-835 -1190 88 127 768133 0 0 0
-1298 2572 224 216 197557 0 0 0
1159 -1201 142 65 390113 0 0 0
-2554 47 132 77 323796 0 0 0
-1175 -2421 89 174 702855 0 0 0
1866 1986 59 111 516225 0 0 0
-966 1388 27 21 149260 0 0 0
244 -2027 187 77 857643 0 0 0
2138 -1476 199 153 291464 0 0 0
-465 -2 106 106 722501 0 0 0
1067 -606 80 74 145910 0 0 0
2197 -2527 34 107 213587 0 0 0
-1781 -306 157 70 154261 0 0 0
2490 827 88 195 467035 0 0 0
-92 2024 91 195 211811 0 0 0
836 1494 108 105 884390 0 0 0
1485 22 205 34 815672 0 0 0
1290 400 72 63 247342 0 0 0
-1269 -2588 24 166 357639 0 0 0
-609 1584 12 150 524693 0 0 0
-781 75 149 100 922588 0 0 0
1077 1359 51 157 581160 0 0 0
1873 -1500 191 60 898969 0 0 0
1700 -382 195 140 559764 0 0 0
-921 1808 184 146 123736 0 0 0
2354 -412 177 51 704967 0 0 0
-1312 -1069 208 70 201140 0 0 0
1570 2533 120 61 307642 0 0 0
900 2143 105 32 947188 0 0 0
-398 -407 11 200 714507 0 0 0
-978 1635 100 203 621653 0 0 0
799 254 223 117 276263 0 0 0
204 919 207 44 581371 0 0 0
23 -1828 157 24 542097 0 0 0
958 -1935 48 53 473617 0 0 0
1213 -2409 51 121 997400 0 0 0
-865 -1062 223 118 538100 0 0 0
-659 -1722 90 87 391504 0 0 0
1542 -1693 131 101 511773 0 0 0
313 -995 228 69 431569 0 0 0
-1853 -2380 90 65 101577 0 0 0
-2205 1249 110 38 351243 0 0 0
1901 -734 138 195 415674 0 0 0
1987 -376 83 90 696480 0 0 0
-1699 -786 220 18 152198 0 0 0
460 -553 213 40 106884 0 0 0
2028 -855 64 75 969361 0 0 0
2077 -1048 165 31 863287 0 0 0
-409 -2333 75 158 538482 0 0 0
2304 357 200 71 296444 0 0 0
-2083 2362 113 174 326263 0 0 0
1627 -660 187 46 954514 0 0 0
-1903 -322 104 47 430851 0 0 0
1585 1056 91 190 324908 0 0 0
-657 -209 79 100 588529 0 0 0
-12 -1250 139 195 970058 0 0 0
456 1848 216 96 533887 0 0 0
-2109 -828 98 57 339883 0 0 0
923 1125 37 209 477266 0 0 0
2552 1948 119 64 958442 0 0 0
-1764 -1446 215 114 231320 0 0 0
1974 1784 143 15 694954 0 0 0
2189 -1788 126 149 879100 0 0 0
1339 -2098 87 63 552460 0 0 0
611 -781 174 121 538600 0 0 0
660 -2477 197 68 703307 0 0 0
-1353 1990 227 162 646081 0 0 0
1544 1485 49 30 271553 0 0 0
1365 638 84 216 713024 0 0 0
2598 -2153 85 210 875575 0 0 0
521 -1211 28 4 647296 0 0 0
653 2050 217 211 701987 0 0 0
-1104 525 171 162 367960 0 0 0
1763 2247 64 185 609539 0 0 0
1505 1701 123 137 832923 0 0 0
-668 -435 89 113 817630 0 0 0
-522 -1466 195 110 468873 0 0 0
-182 1028 178 21 849106 0 0 0
-1370 -1702 160 93 846295 0 0 0
2242 -1120 57 182 793718 0 0 0
-744 -966 136 98 507451 0 0 0
-1338 -1604 178 122 260134 0 0 0
421 -2010 198 155 336896 0 0 0
1281 -2058 221 97 871466 0 0 0
-1453 -370 44 10 755768 0 0 0
-2422 -579 222 86 394887 0 0 0
-2159 1235 199 50 674259 0 0 0
-2055 2171 13 152 139667 0 0 0
1037 -2591 125 166 986685 0 0 0
-1710 451 100 42 388032 0 0 0
785 1575 230 11 826822 0 0 0
2517 -53 65 9 615848 0 0 0
-2399 -1693 207 55 516288 0 0 0
1856 1025 205 49 944659 0 0 0
-1079 289 116 49 697534 0 0 0
-1117 -1774 101 181 501477 0 0 0
-978 -512 222 87 550127 0 0 0
1142 -945 120 196 266388 0 0 0
472 868 164 99 323852 0 0 0
-1644 -397 169 40 479906 0 0 0
-713 1805 97 40 246984 0 0 0
939 -1342 54 136 409406 0 0 0
-157 1337 81 110 502094 0 0 0
-197 1590 185 41 741889 0 0 0
-883 -2450 111 199 216573 0 0 0
-1478 765 34 182 658785 0 0 0
-1564 -49 105 65 392221 0 0 0
1586 -175 88 73 795119 0 0 0
516 -2302 80 130 550131 0 0 0
1806 1682 126 213 905690 0 0 0
-2539 413 228 69 756526 0 0 0
2293 -538 83 206 619633 0 0 0
325 -1197 161 120 401655 0 0 0
705 1924 184 200 131225 0 0 0
32 -1803 161 204 946004 0 0 0
-542 -566 80 148 218830 0 0 0
931 -1864 208 5 928255 0 0 0
-1906 2564 51 194 142488 0 0 0
952 2365 150 129 178927 0 0 0
353 1629 24 147 219590 0 0 0
-1504 1426 28 131 404941 0 0 0
-2487 -2379 160 177 488718 0 0 0
2097 2156 108 178 149688 0 0 0
2200 564 184 120 948190 0 0 0
450 1410 224 102 511707 0 0 0
809 1641 159 215 701624 0 0 0
-1143 -550 27 38 855222 0 0 0
-1175 2448 59 202 181442 0 0 0
18 2309 5 90 453168 0 0 0
513 2207 70 92 186311 0 0 0
-880 2478 52 115 608542 0 0 0
1972 2597 77 5 826582 0 0 0
-639 829 122 111 303413 0 0 0
1877 -888 31 163 720512 0 0 0
1071 2068 144 124 556955 0 0 0
-2163 -120 221 104 610236 0 0 0
-1967 1171 13 184 565466 0 0 0
217 -402 41 28 648058 0 0 0
1977 -59 63 39 102232 0 0 0
-1164 1117 177 9 414174 0 0 0
-40 2571 22 45 493844 0 0 0
-1444 -136 129 2 628077 0 0 0
-461 -1706 167 139 179854 0 0 0
1578 -382 51 218 706832 0 0 0
-421 -1131 191 197 522526 0 0 0
-1013 -1055 184 63 963649 0 0 0
-1298 -301 206 9 271799 0 0 0
-1417 -2026 139 20 163574 0 0 0
-255 1499 9 78 717857 0 0 0
-1273 84 16 107 414750 0 0 0
1988 -788 140 216 158912 0 0 0
229 -1901 214 92 826985 0 0 0
2519 195 212 48 291719 0 0 0
-2286 -2386 54 56 629009 0 0 0
2055 1636 95 206 262414 0 0 0
-333 2416 77 24 101311 0 0 0
-1901 -1481 108 2 259908 0 0 0
-1492 -1245 189 39 623589 0 0 0
2198 1095 34 95 121387 0 0 0
2009 -1128 183 10 407819 0 0 0
2184 15 219 70 665766 0 0 0
1726 -2337 180 43 662710 0 0 0
-2047 1617 224 73 198342 0 0 0
636 554 155 38 358287 0 0 0
-166 -1541 212 131 292340 0 0 0
-947 2111 133 105 605986 0 0 0
1345 676 148 28 311023 0 0 0
207 -152 41 156 694434 0 0 0
-2417 1422 166 48 854130 0 0 0
2193 1795 21 113 247739 0 0 0
-2510 -33 89 84 499796 0 0 0
-1891 1068 30 181 146603 0 0 0
-1067 -620 192 162 602449 0 0 0
-1001 2248 109 123 370330 0 0 0
2456 508 101 67 268884 0 0 0
-843 1470 100 126 561941 0 0 0
-1995 -416 45 190 239549 0 0 0
-1431 -2153 212 58 864733 0 0 0
-1580 -1163 112 44 518781 0 0 0
734 -1527 132 22 897516 0 0 0
-2394 1435 113 38 982048 0 0 0
831 -718 69 173 573060 0 0 0
-2047 -1644 140 63 566507 0 0 0
-42 957 190 35 504033 0 0 0
-247 -573 109 55 989648 0 0 0
-1509 -1569 95 20 829455 0 0 0
-2300 -1551 226 43 770283 0 0 0
390 1252 226 123 827485 0 0 0
749 -1666 7 194 840697 0 0 0
-1229 -143 25 49 746720 0 0 0
2481 2305 83 116 599868 0 0 0
-258 1085 56 167 882138 0 0 0
-1322 -997 37 37 648240 0 0 0
-371 1319 128 165 109180 0 0 0
-364 -1349 95 106 272245 0 0 0
-1792 1459 219 16 558274 0 0 0
165 -2221 152 73 267657 0 0 0
1060 -115 111 72 357264 0 0 0
-1900 -466 43 74 846385 0 0 0
1849 -1156 219 122 758897 0 0 0
-2571 475 19 183 891929 0 0 0
-2554 581 125 200 205076 0 0 0
-234 1519 46 136 138041 0 0 0
-2093 -2414 77 21 206462 0 0 0
1522 235 32 112 954271 0 0 0
661 59 122 38 973373 0 0 0
2088 -519 104 95 990792 0 0 0
2067 -68 67 63 595958 0 0 0
-1754 -981 21 71 726563 0 0 0
-1224 -2189 181 140 675350 0 0 0
2203 993 174 32 225885 0 0 0
-734 -204 164 23 536967 0 0 0
-1381 121 41 192 825397 0 0 0
1457 -1515 126 15 392163 0 0 0
534 -1829 20 179 260338 0 0 0
1521 -2197 88 200 272650 0 0 0
-1312 -254 124 117 815232 0 0 0
-2352 -234 46 16 905438 0 0 0
-168 -323 217 204 540240 0 0 0
462 1346 68 46 309271 0 0 0
-261 -559 221 209 962607 0 0 0
2406 -2160 130 156 440816 0 0 0
2192 -2103 168 201 663955 0 0 0
309 -306 65 207 422328 0 0 0
343 -1563 141 10 914763 0 0 0
2024 868 14 102 449201 0 0 0
-302 1345 196 93 336809 0 0 0
2548 286 86 32 872571 0 0 0
-689 -1968 204 175 964446 0 0 0
-2324 -2027 128 211 170865 0 0 0
239 -1942 92 94 890556 0 0 0
221 -2116 15 95 201200 0 0 0
2121 -936 129 59 688387 0 0 0
-737 -2434 223 108 121907 0 0 0
-1477 -963 78 157 665687 0 0 0
2265 781 174 146 362574 0 0 0
-279 -2397 103 5 469110 0 0 0
-736 -2045 192 87 127759 0 0 0
2322 2337 87 103 902799 0 0 0
-1617 1219 226 144 140260 0 0 0
214 2028 109 188 424562 0 0 0
-1596 -1613 167 76 526897 0 0 0
1017 976 85 16 274668 0 0 0
-528 2403 125 42 250075 0 0 0
-2330 -2563 194 95 434426 0 0 0
-878 -289 131 131 193209 0 0 0
-1981 -1610 98 4 941187 0 0 0
-866 533 95 86 726814 0 0 0
961 -2497 207 84 721746 0 0 0
-404 -1207 127 62 261228 0 0 0
-1661 1690 76 55 771619 0 0 0
2364 793 13 182 447886 0 0 0
114 -808 4 32 881911 0 0 0
-874 2126 88 118 248791 0 0 0
-2043 -2122 114 112 266612 0 0 0
1313 2226 209 209 159897 0 0 0
33 -2165 183 101 548558 0 0 0
1449 1907 132 167 484594 0 0 0
-2558 1232 214 76 408274 0 0 0
-181 -2258 176 112 488018 0 0 0
1103 -2269 89 146 821131 0 0 0
-1384 -1456 189 167 459440 0 0 0
489 -1002 98 177 303057 0 0 0
156 2353 149 133 745463 0 0 0
-1628 -1512 165 80 278018 0 0 0
1993 1010 175 2 446092 0 0 0
-2268 -509 141 103 985664 0 0 0
1595 686 38 115 196124 0 0 0
689 -1683 25 178 138509 0 0 0
-2220 -1235 34 142 495358 0 0 0
-343 731 121 56 764776 0 0 0
-1962 199 42 78 241985 0 0 0
2426 -672 130 9 494391 0 0 0
308 -2082 230 62 556891 0 0 0
1771 -1253 97 51 666223 0 0 0
2466 -2496 125 40 168417 0 0 0
-1271 432 154 81 959112 0 0 0
308 -25 60 10 774834 0 0 0
-2098 -1745 108 38 801272 0 0 0
362 2117 28 79 609253 0 0 0
1045 -1816 189 110 534517 0 0 0
517 -1279 88 172 907268 0 0 0
-1795 -1416 123 34 392239 0 0 0
381 1479 232 10 751504 0 0 0
-619 853 229 141 395913 0 0 0
-2119 -1248 227 218 739515 0 0 0
735 -1634 36 196 859076 0 0 0
1698 -325 111 153 624210 0 0 0
1469 -574 207 14 501021 0 0 0
-941 -588 180 163 614198 0 0 0
-2338 -1163 43 47 858575 0 0 0
353 1209 171 62 430210 0 0 0
-260 1674 12 82 464972 0 0 0
-1987 -708 228 84 894587 0 0 0
1941 -1575 113 213 531821 0 0 0
448 98 33 162 918104 0 0 0
-534 -298 90 11 548826 0 0 0
1154 -1431 9 1 120872 0 0 0
2186 -2541 35 145 566167 0 0 0
1836 -826 109 193 962397 0 0 0
1934 -605 44 73 429869 0 0 0
-198 -347 199 74 626392 0 0 0
2384 2294 160 137 251623 0 0 0
2224 2248 13 184 981975 0 0 0
-1920 2276 81 35 689946 0 0 0
621 1985 129 79 427384 0 0 0
-1534 1436 159 108 618081 0 0 0
2487 -1185 2 191 729120 0 0 0
-417 1882 184 32 675276 0 0 0
619 -951 85 35 747360 0 0 0
178 -2532 186 79 354422 0 0 0
-2359 -2055 125 51 906413 0 0 0
949 -25 63 65 350418 0 0 0
1090 55 48 64 342553 0 0 0
1566 -615 152 179 679259 0 0 0
-1630 -1248 124 167 365455 0 0 0
2115 1515 139 5 664123 0 0 0
2340 -1725 151 104 695474 0 0 0
769 2084 45 175 231782 0 0 0
-2178 18 215 166 105759 0 0 0
-1371 -918 72 22 419062 0 0 0
-753 1346 174 29 638913 0 0 0
-1192 -265 113 210 426087 0 0 0
-340 73 140 172 965010 0 0 0
-1231 -30 119 165 501001 0 0 0
2164 383 65 55 233501 0 0 0
-358 -352 122 180 138233 0 0 0
-1754 1594 132 183 960087 0 0 0
-871 2053 73 80 972234 0 0 0
-217 2020 21 41 585721 0 0 0
1488 -2275 37 145 369397 0 0 0
1404 1257 43 198 985484 0 0 0
-1116 -1086 112 212 907080 0 0 0
1389 -575 180 119 779069 0 0 0
1462 -2080 75 45 985786 0 0 0
-2079 -1342 123 72 165028 0 0 0
-160 242 200 213 699301 0 0 0
-191 2236 118 144 580276 0 0 0
2531 -309 125 109 409034 0 0 0
1714 -2110 137 179 886971 0 0 0
-1482 -775 95 7 856653 0 0 0
1346 2188 143 186 582496 0 0 0
-582 1019 158 176 551201 0 0 0
-1665 -1509 215 216 694913 0 0 0
-248 -2476 5 33 183638 0 0 0
-265 727 136 174 666127 0 0 0
1417 333 19 5 481939 0 0 0
2567 -671 76 79 602344 0 0 0
-834 1925 187 214 428110 0 0 0
2060 2553 16 125 626527 0 0 0
429 2223 25 70 427284 0 0 0
-1200 894 207 58 312068 0 0 0
-292 -1409 16 35 821858 0 0 0
2382 -518 114 67 461555 0 0 0
1355 -2229 110 192 409563 0 0 0
-1487 2455 117 153 968323 0 0 0
-50 -2435 139 201 265831 0 0 0
-1386 1360 60 4 991079 0 0 0
627 -2251 94 86 804985 0 0 0
-2260 2182 96 175 704814 0 0 0
1707 -146 130 61 753161 0 0 0
-2394 1445 43 66 110272 0 0 0
-2295 1061 166 172 691166 0 0 0
2095 2368 195 36 848573 0 0 0
-783 -1220 28 136 979077 0 0 0
1740 -2527 229 146 375161 0 0 0
-524 965 40 111 854397 0 0 0
2062 -1045 104 122 610112 0 0 0
-1511 1989 143 88 332834 0 0 0
-320 -1313 34 198 629076 0 0 0
-2298 11 29 61 612603 0 0 0
970 549 32 33 992417 0 0 0
-1029 -1753 216 43 158908 0 0 0
1292 -983 167 63 147640 0 0 0
-550 -1221 201 35 715307 0 0 0
1392 -2232 39 119 294753 0 0 0
-1568 43 60 164 683449 0 0 0
500 -154 161 70 820547 0 0 0
1780 -227 144 22 374137 0 0 0
427 59 166 161 214425 0 0 0
-1391 -237 84 96 707874 0 0 0
-8 -1880 219 127 434049 0 0 0
294 502 44 72 842545 0 0 0
-2434 128 191 167 327304 0 0 0
-1998 1663 65 90 200460 0 0 0
1348 660 32 196 377269 0 0 0
-1301 -1160 98 106 893309 0 0 0
-390 1237 200 31 896333 0 0 0
-361 687 213 166 677029 0 0 0
806 -1988 177 114 948349 0 0 0
1311 1137 36 154 477016 0 0 0
1656 -743 179 164 950812 0 0 0
-2301 -498 170 31 509781 0 0 0
32 -483 29 19 188004 0 0 0
-1118 -2409 156 8 256216 0 0 0
-774 -757 89 48 303865 0 0 0
-2347 2076 24 138 582527 0 0 0
-2575 1000 202 215 157811 0 0 0
-1310 -486 211 107 710080 0 0 0
-2233 -2423 66 21 778016 0 0 0
950 -1920 211 27 992999 0 0 0
2144 1669 137 164 880621 0 0 0
2561 -1668 93 30 973993 0 0 0
-2269 963 195 2 512570 0 0 0
1732 1640 193 175 454524 0 0 0
-1839 -1333 6 129 208745 0 0 0
-1959 332 94 50 815043 0 0 0
-2359 -1219 218 120 340806 0 0 0
-566 -1040 111 55 342515 0 0 0
908 558 186 39 177533 0 0 0
-1429 1046 5 191 573972 0 0 0
2162 -1235 84 186 945446 0 0 0
2270 652 36 163 414053 0 0 0
216 903 185 161 580210 0 0 0
1971 -1489 233 183 648096 0 0 0
2102 598 16 209 529253 0 0 0
946 -2289 156 141 972344 0 0 0
1697 -2411 92 154 316486 0 0 0
1141 -578 60 4 629651 0 0 0
1913 -1605 84 21 803168 0 0 0
-837 1496 90 137 402574 0 0 0
-407 -824 18 109 505801 0 0 0
850 -568 215 206 903307 0 0 0
1356 431 228 197 386227 0 0 0
-601 -2307 192 172 723408 0 0 0
-2302 -2520 22 53 738878 0 0 0
-1468 140 5 92 260427 0 0 0
1606 2002 89 76 881281 0 0 0
1377 1731 86 84 404162 0 0 0
2170 -1880 89 142 534963 0 0 0
2495 -2423 127 209 385511 0 0 0
1815 -914 137 109 725980 0 0 0
-1797 1949 167 36 575714 0 0 0
1708 1620 40 88 865044 0 0 0
-34 882 176 157 385246 0 0 0
1652 606 205 203 135561 0 0 0
-2184 1456 168 220 716748 0 0 0
-1333 2400 151 172 897959 0 0 0
1428 -1732 98 187 375805 0 0 0
-1095 2323 57 139 194040 0 0 0
1767 684 80 45 316571 0 0 0
-1962 2381 216 160 694421 0 0 0
1702 1913 179 186 461235 0 0 0
60 -2485 136 9 762481 0 0 0
1654 1227 70 56 137521 0 0 0
1526 841 221 164 712414 0 0 0
1655 248 165 41 800000 0 0 0
812 -756 96 39 259194 0 0 0
1367 -1121 46 67 808386 0 0 0
1099 1936 126 198 517614 0 0 0
1849 1172 55 179 464268 0 0 0
-2564 52 169 67 678157 0 0 0
355 1176 180 172 594996 0 0 0
1532 1353 58 15 460228 0 0 0
-1188 2127 130 165 515624 0 0 0
-1709 -1276 65 71 401807 0 0 0
-1925 -2038 83 55 774246 0 0 0
1348 1049 108 215 284897 0 0 0
2436 2364 65 66 559754 0 0 0
-297 -1371 60 97 605775 0 0 0
-1307 1088 86 206 936378 0 0 0
1240 -820 35 169 728162 0 0 0
-1119 -1965 69 53 722356 0 0 0
1329 354 70 48 459115 0 0 0
-87 -2251 23 115 312655 0 0 0
-2154 251 187 169 965763 0 0 0
-2030 -2542 187 190 748333 0 0 0
-217 888 35 34 867974 0 0 0
2593 -1605 60 29 388493 0 0 0
-2282 -428 3 92 957446 0 0 0
879 1548 71 92 995588 0 0 0
39 1067 96 32 865246 0 0 0
-1349 -1609 32 152 903760 0 0 0
2342 184 16 128 889316 0 0 0
-1018 -451 193 117 459090 0 0 0
-2284 -2464 151 22 759948 0 0 0
-770 -170 135 162 958252 0 0 0
2336 292 187 121 261019 0 0 0
-456 194 227 24 229057 0 0 0
857 1460 106 66 124982 0 0 0
1891 941 218 195 731836 0 0 0
-318 -2580 143 18 764533 0 0 0
-1825 -573 119 148 184065 0 0 0
1101 602 57 187 162875 0 0 0
-636 -282 102 170 357618 0 0 0
-1805 -1938 42 67 680044 0 0 0
1507 -767 187 73 297771 0 0 0
2041 1139 36 116 794037 0 0 0
-476 2430 154 76 350990 0 0 0
24 -2185 203 160 724360 0 0 0
1746 -2577 205 54 426861 0 0 0
-942 296 223 172 515662 0 0 0
1117 2463 230 86 752394 0 0 0
-2132 2271 125 36 391918 0 0 0
1596 -988 23 124 223499 0 0 0
1424 2395 52 188 226830 0 0 0
1890 -1959 221 137 172325 0 0 0
-2526 1116 180 59 148888 0 0 0
822 -1833 150 103 788827 0 0 0
-981 -796 96 126 495095 0 0 0
-2189 1829 11 107 264077 0 0 0
-1754 598 195 178 207968 0 0 0
1233 -1608 62 55 412731 0 0 0
1922 -1815 232 56 991752 0 0 0
-2145 445 109 208 899254 0 0 0
-2082 352 94 158 902689 0 0 0
1516 797 158 50 991588 0 0 0
782 1961 130 58 556232 0 0 0
-283 -123 165 170 402644 0 0 0
1164 1562 10 113 501368 0 0 0
-2498 654 169 220 231943 0 0 0
-815 -450 123 49 810594 0 0 0
-1684 -1788 97 67 898732 0 0 0
625 -1037 81 36 409411 0 0 0
1035 -480 110 139 431142 0 0 0
1053 -1844 72 183 145355 0 0 0
701 1450 136 185 807641 0 0 0
-2117 1182 172 189 990019 0 0 0
-1047 1276 60 192 287090 0 0 0
2270 -1076 115 65 703566 0 0 0
929 2293 124 152 944769 0 0 0
-233 -1255 59 112 582976 0 0 0
990 1017 131 61 643506 0 0 0
-2182 1312 83 136 881328 0 0 0
2530 1730 132 37 417044 0 0 0
1154 1644 118 120 233650 0 0 0
-1862 -1426 14 100 876734 0 0 0
-2526 2368 28 190 903271 0 0 0
-1692 862 28 209 661126 0 0 0
2380 147 95 184 825198 0 0 0
503 943 159 206 965574 0 0 0
1996 -1734 27 72 878659 0 0 0
1124 1124 73 106 646169 0 0 0
-2264 -352 29 95 370551 0 0 0
1525 1103 211 194 638413 0 0 0
-1075 -270 204 130 881980 0 0 0
-2548 1752 167 101 670559 0 0 0
1334 2274 5 122 245481 0 0 0
1707 486 35 134 115370 0 0 0
1385 -2205 152 110 958003 0 0 0
441 949 43 217 414926 0 0 0
-464 340 5 136 468063 0 0 0
-396 1469 126 131 751692 0 0 0
-1204 813 57 163 507602 0 0 0
-2289 -178 122 117 119748 0 0 0
208 1103 109 106 199761 0 0 0
1538 -1356 114 187 924274 0 0 0
2156 -1519 232 40 365318 0 0 0
1546 2357 26 103 542365 0 0 0
1231 -399 29 154 184565 0 0 0
1018 -2493 184 165 919369 0 0 0
1948 1294 77 153 653734 0 0 0
1479 2172 219 74 241662 0 0 0
-1944 -723 161 163 243314 0 0 0
1943 1024 27 153 426943 0 0 0
600 1706 155 82 552663 0 0 0
518 -561 201 153 587618 0 0 0
210 943 46 11 587425 0 0 0
353 -657 1 88 711748 0 0 0
-1500 2476 176 170 452100 0 0 0
-2326 691 56 30 732864 0 0 0
1965 -2236 194 19 532694 0 0 0
-2565 -836 186 24 640452 0 0 0
590 -2453 168 68 504434 0 0 0
-1212 2595 215 97 199833 0 0 0
-2080 -2098 101 1 396362 0 0 0
-2447 1090 229 170 609735 0 0 0
1184 25 112 83 379908 0 0 0
1575 -1926 32 164 400983 0 0 0
-747 -732 68 72 744154 0 0 0
-334 -1359 156 18 290533 0 0 0
-1452 189 191 29 117351 0 0 0
611 132 157 65 783575 0 0 0
1323 1913 202 52 126779 0 0 0
2347 772 34 38 306868 0 0 0
354 -1832 42 183 274999 0 0 0
721 -1489 201 139 949351 0 0 0
-1716 2293 143 219 690731 0 0 0
2479 320 118 168 943005 0 0 0
513 2156 20 207 969115 0 0 0
1800 -2075 159 107 926762 0 0 0
-801 -1803 90 78 473153 0 0 0
-1246 50 215 177 965298 0 0 0
-1575 -834 46 49 451002 0 0 0
518 993 179 69 103770 0 0 0
-209 2272 206 41 890360 0 0 0
262 20 229 20 891532 0 0 0
-1669 2028 57 179 550387 0 0 0
-1690 -1926 124 175 599648 0 0 0
2015 1916 183 17 775098 0 0 0
1337 -1680 2 149 902854 0 0 0
846 -1637 167 104 256655 0 0 0
-1811 -2259 35 46 289929 0 0 0
-790 1067 24 109 107293 0 0 0
1375 106 182 133 838384 0 0 0
35 1938 206 213 593721 0 0 0
424 360 10 25 879503 0 0 0
-1308 641 31 88 742239 0 0 0
1457 1329 49 83 935177 0 0 0
1625 997 179 77 462980 0 0 0
1336 783 218 200 446379 0 0 0
-1924 2479 121 87 658245 0 0 0
-538 -128 99 64 916826 0 0 0
1868 -1776 25 151 523778 0 0 0
397 857 10 195 162843 0 0 0
1262 -1058 176 35 903477 0 0 0
681 -823 127 40 313400 0 0 0
-2033 1574 224 56 574998 0 0 0
1151 -1711 190 56 612517 0 0 0
-2477 -103 151 68 797580 0 0 0
537 -1076 28 8 705370 0 0 0
-943 -410 97 217 970297 0 0 0
1172 -1769 81 7 537205 0 0 0
519 -1177 61 190 292837 0 0 0
-1266 458 154 74 950994 0 0 0
-2060 761 101 42 199484 0 0 0
1412 108 33 33 635829 0 0 0
838 -35 163 52 542139 0 0 0
-242 -1414 128 25 174497 0 0 0
2389 2572 125 194 842827 0 0 0
-521 2282 170 91 960319 0 0 0
873 -924 233 10 647105 0 0 0
648 2553 226 134 153741 0 0 0
321 -264 77 199 672917 0 0 0
-881 1847 157 218 657284 0 0 0
85 254 220 165 768958 0 0 0
1232 1426 49 77 259136 0 0 0
1486 -785 168 5 168775 0 0 0
473 2480 49 175 962035 0 0 0
-2033 -2549 82 48 427618 0 0 0
489 -975 53 213 260936 0 0 0
754 -2135 62 48 396482 0 0 0
1264 2331 30 173 695046 0 0 0
718 1954 46 162 258973 0 0 0
1199 -842 81 186 440418 0 0 0
1857 1608 48 138 964189 0 0 0
2313 -2325 223 33 430987 0 0 0
-1984 988 28 164 996464 0 0 0
2227 -1559 216 38 269657 0 0 0
-1447 -1820 180 61 868797 0 0 0
2287 -1065 88 135 972142 0 0 0
-1220 -941 57 113 321789 0 0 0
1467 1421 80 27 988237 0 0 0
-907 1284 86 143 163918 0 0 0
-1274 1078 57 93 328701 0 0 0
-171 -1767 73 102 895109 0 0 0
534 2047 56 185 609749 0 0 0
837 -309 183 172 563963 0 0 0
-1337 -1141 154 25 276533 0 0 0
-1519 -880 37 114 918646 0 0 0
980 -1238 183 209 303722 0 0 0
637 -2317 188 26 598744 0 0 0
-1190 -1055 230 207 445233 0 0 0
2178 759 213 155 111791 0 0 0
1868 -2177 98 113 381589 0 0 0
1216 -2586 77 102 432648 0 0 0
-2221 -369 83 155 935414 0 0 0
2255 -1468 135 39 262840 0 0 0
-2553 1815 131 74 239035 0 0 0
1862 1860 19 168 696561 0 0 0
113 496 193 78 173247 0 0 0
184 -1305 116 63 315776 0 0 0
1552 12 163 210 469311 0 0 0
1457 706 101 184 369752 0 0 0
1744 -1418 196 14 393125 0 0 0
-1541 -910 178 146 426577 0 0 0
-1193 1637 209 174 814478 0 0 0
974 -80 133 145 375291 0 0 0
-688 -903 106 11 354508 0 0 0
-1546 -766 220 145 524633 0 0 0
1994 -131 127 190 496670 0 0 0
-2469 -203 205 192 152580 0 0 0
1246 -1097 174 139 400559 0 0 0
1608 -1707 205 129 892572 0 0 0
2023 2116 139 35 495759 0 0 0
1122 -1694 113 148 182385 0 0 0
1383 -25 98 71 717538 0 0 0
-2387 -1096 25 127 268354 0 0 0
1715 2408 185 143 887428 0 0 0
33 -2064 188 149 677865 0 0 0
-657 -503 115 87 755827 0 0 0
-820 -295 122 185 406348 0 0 0
-658 -950 66 31 733237 0 0 0
-4 -421 30 17 415310 0 0 0
1586 218 90 12 664562 0 0 0
234 -2554 198 80 353803 0 0 0
301 2115 60 42 241108 0 0 0
1428 1965 204 57 591889 0 0 0
-171 -961 171 174 721968 0 0 0
-531 -1295 43 160 426125 0 0 0
-1740 -419 119 118 297032 0 0 0
-588 1124 90 77 943197 0 0 0
-1402 845 189 60 255024 0 0 0
245 550 84 105 564973 0 0 0
1377 -1780 220 143 699002 0 0 0
-2567 295 208 139 621462 0 0 0
-1901 -2244 37 45 530824 0 0 0
-453 677 216 38 759998 0 0 0
2403 -688 43 41 755991 0 0 0
2506 164 4 32 599588 0 0 0
-2188 -1723 58 17 438480 0 0 0
-1155 2239 120 132 721758 0 0 0
1491 -2058 109 109 405137 0 0 0
-2079 634 168 184 469468 0 0 0
1287 -2108 121 129 345318 0 0 0
-2378 -425 102 175 277828 0 0 0
-558 -754 9 3 739944 0 0 0
-834 1352 13 55 902578 0 0 0
-2490 1088 209 13 886146 0 0 0
-1002 -2338 39 170 524506 0 0 0
-234 1259 30 158 438236 0 0 0
-1813 2159 191 91 675201 0 0 0
810 1280 149 72 919982 0 0 0
-2575 1993 221 190 216881 0 0 0
1809 -907 170 32 827720 0 0 0
331 200 230 82 577598 0 0 0
2079 -851 140 8 206963 0 0 0
-757 2023 17 80 949725 0 0 0
2034 -1922 5 123 476765 0 0 0
1060 -1962 64 14 823770 0 0 0
-1361 -2052 18 114 380020 0 0 0
1311 -461 133 115 658164 0 0 0
-784 -1475 149 72 532415 0 0 0
-1697 1780 74 213 466217 0 0 0
390 -167 86 179 636298 0 0 0
2461 846 58 39 743872 0 0 0
-1591 1414 184 6 440414 0 0 0
1174 -2559 3 190 320600 0 0 0
416 2087 125 112 488868 0 0 0
942 589 87 179 790155 0 0 0
-931 1684 131 148 385119 0 0 0
-2563 2555 103 49 607228 0 0 0
-495 -2015 31 162 524395 0 0 0
265 -215 210 48 554299 0 0 0
-1937 -2377 95 164 568568 0 0 0
2536 2579 206 43 470516 0 0 0
989 400 213 207 275720 0 0 0
2490 2166 189 122 867190 0 0 0
-208 -570 207 183 531401 0 0 0
-450 -2464 89 121 177444 0 0 0
953 -1603 122 25 680931 0 0 0
1974 933 76 30 842645 0 0 0
-2225 321 87 101 877165 0 0 0
-818 447 217 30 388363 0 0 0
-1496 1123 157 199 778219 0 0 0
-1969 2279 182 105 891656 0 0 0
-1466 1585 142 172 491839 0 0 0
1520 -1616 130 90 239585 0 0 0
-2408 -2394 189 79 308486 0 0 0
-1933 -1942 145 76 725447 0 0 0
-225 -670 179 166 727643 0 0 0
459 -1736 59 27 537719 0 0 0
2055 -1888 163 72 992671 0 0 0
2322 -1467 129 77 814138 0 0 0
1488 999 224 81 558442 0 0 0
-1910 1116 16 91 588729 0 0 0
-799 1028 128 55 974340 0 0 0
985 -594 131 166 176913 0 0 0
2404 1435 212 1 772128 0 0 0
1802 -2312 148 9 451430 0 0 0
1339 -1705 120 155 391784 0 0 0
1120 2483 1 220 443569 0 0 0
1263 1114 86 58 274444 0 0 0
2175 515 104 33 918170 0 0 0
-394 2078 171 93 632947 0 0 0
-635 131 106 57 107399 0 0 0
-59 -1336 232 195 301374 0 0 0
-2289 1952 168 112 728766 0 0 0
692 -2178 54 86 527478 0 0 0
1250 -2008 185 46 119595 0 0 0
-489 -1800 46 143 314541 0 0 0
-1106 -432 222 77 655192 0 0 0
-582 1620 155 126 356585 0 0 0
1832 -1883 103 26 191263 0 0 0
-1414 -1296 123 109 856872 0 0 0
2432 68 12 190 963660 0 0 0
-1924 -938 26 147 754164 0 0 0
1184 834 114 15 710552 0 0 0
-2401 349 172 174 522107 0 0 0
-929 1632 221 101 756233 0 0 0
-1363 261 62 1 504327 0 0 0
1535 -2420 70 145 581186 0 0 0
1031 -2502 231 195 177282 0 0 0
-1589 -1612 218 73 228655 0 0 0
1387 -1835 176 33 695851 0 0 0
-1499 1899 15 82 473579 0 0 0
190 -195 108 67 641924 0 0 0
-834 -288 199 51 643158 0 0 0
-1032 -45 162 75 722641 0 0 0
1850 999 68 120 383456 0 0 0
-1395 -1234 20 164 367099 0 0 0
-818 -1427 69 1 128876 0 0 0
816 757 195 8 551990 0 0 0
-794 756 201 94 165113 0 0 0
-1175 1577 5 124 515961 0 0 0
69 1063 69 168 138552 0 0 0
-2161 -2211 80 132 664680 0 0 0
1149 2223 175 11 573935 0 0 0
881 1374 217 32 698349 0 0 0
522 2064 55 81 867590 0 0 0
-1647 -1474 127 172 275044 0 0 0
-2265 481 137 41 557984 0 0 0
1182 -2573 4 139 576526 0 0 0
-210 1181 98 213 323349 0 0 0
716 1783 129 167 454150 0 0 0
-1918 2587 227 53 627729 0 0 0
-722 688 143 22 107828 0 0 0
1120 -1989 36 7 146500 0 0 0
-971 833 7 130 807141 0 0 0
-2203 -241 90 6 161945 0 0 0
883 1323 15 81 343694 0 0 0
-298 798 45 210 637028 0 0 0
1567 -1694 32 31 196346 0 0 0
-728 2079 79 47 959055 0 0 0
1042 2386 26 163 945356 0 0 0
-1907 -634 197 22 864114 0 0 0
201 2217 225 102 225091 0 0 0
-2171 1229 200 159 523446 0 0 0
-803 769 115 151 875767 0 0 0
-1835 -312 171 96 904364 0 0 0
-1222 -881 178 150 184880 0 0 0
371 -280 45 46 591844 0 0 0
-133 -1193 54 27 486273 0 0 0
2419 -1467 16 110 636069 0 0 0
-424 -739 56 39 324860 0 0 0
1695 -105 55 177 393813 0 0 0
-303 2438 124 86 490265 0 0 0
-32 80 44 140 801412 0 0 0
1633 -2154 60 25 660378 0 0 0
2587 418 134 31 801387 0 0 0
130 -927 202 196 573668 0 0 0
-369 -1262 98 41 460494 0 0 0
742 732 60 150 530046 0 0 0
2090 -16 197 129 516529 0 0 0
1333 -2136 27 97 837633 0 0 0
-1576 -1913 140 116 404588 0 0 0
1024 -1401 221 58 167108 0 0 0
-2181 -300 175 130 950497 0 0 0
1283 -773 5 110 393777 0 0 0
603 -808 54 146 512436 0 0 0
-1627 18 43 139 417456 0 0 0
-1181 2458 74 179 417703 0 0 0
-170 -683 206 128 821269 0 0 0
-784 -882 134 80 187442 0 0 0
938 -1810 73 218 139701 0 0 0
-284 1111 121 147 546628 0 0 0
2017 63 123 26 540545 0 0 0
-1894 417 221 189 198714 0 0 0
-1936 410 181 32 331872 0 0 0
-1896 -35 165 165 372233 0 0 0
598 2485 133 206 357156 0 0 0
115 -2342 223 87 927530 0 0 0
2137 2022 168 137 365282 0 0 0
-1776 319 215 54 536859 0 0 0
-1974 -2068 210 181 528136 0 0 0
-2195 1245 110 144 524793 0 0 0
-1113 399 114 3 771473 0 0 0
-346 -253 118 132 985828 0 0 0
-1455 -786 63 43 155742 0 0 0
-1805 727 86 120 851426 0 0 0
-571 2374 226 119 121061 0 0 0
-1230 -2560 90 149 166179 0 0 0
-451 2202 180 35 110090 0 0 0
-1831 -1251 154 191 717148 0 0 0
-1576 1154 15 177 101366 0 0 0
2024 1370 221 180 166428 0 0 0
-169 1336 212 214 167037 0 0 0
-2404 370 9 106 295840 0 0 0
-207 -840 204 80 850288 0 0 0
-2473 1413 102 186 313198 0 0 0
-2401 -1424 57 169 718419 0 0 0
148 -354 145 94 607520 0 0 0
-1522 -1548 117 215 304132 0 0 0
2457 -58 12 215 570141 0 0 0
1949 -1667 121 151 141917 0 0 0
-1219 1659 172 39 768444 0 0 0
132 -2573 176 210 842276 0 0 0
880 2100 5 110 497647 0 0 0
332 1361 1 157 774900 0 0 0
2121 -1655 7 218 345068 0 0 0
-2561 -1038 41 180 336341 0 0 0
772 956 168 61 954142 0 0 0
2504 -704 126 89 305024 0 0 0
-2486 2455 165 20 447486 0 0 0
-701 2368 13 149 955064 0 0 0
-823 -2045 141 134 212740 0 0 0
-663 850 157 38 907873 0 0 0
162 822 174 127 958479 0 0 0
1082 -310 131 130 177194 0 0 0
-1033 -1696 104 48 149111 0 0 0
117 -518 41 60 590666 0 0 0
-2501 976 76 98 122094 0 0 0
-2156 -2158 184 161 423289 0 0 0
-1985 2502 129 7 251712 0 0 0
-1753 -87 76 185 900400 0 0 0
-1521 -386 46 17 952999 0 0 0
701 1801 223 135 671823 0 0 0
-222 -2075 26 55 630329 0 0 0
-2039 -1341 142 70 753506 0 0 0
-1424 695 74 2 465310 0 0 0
208 547 17 214 670206 0 0 0
-519 2313 176 77 730855 0 0 0
2341 -1906 156 168 514444 0 0 0
-2527 -2544 167 61 894556 0 0 0
-176 2100 84 108 941966 0 0 0
151 1957 9 68 110934 0 0 0
-1394 -55 156 62 954090 0 0 0
981 -1598 85 83 165817 0 0 0
1283 1246 21 133 124658 0 0 0
-2235 1567 116 29 672279 0 0 0
-2406 -1180 13 109 578334 0 0 0
-736 308 29 174 381614 0 0 0
-20 -919 111 150 197996 0 0 0
-137 -39 42 133 845898 0 0 0
-1114 1403 180 146 923963 0 0 0
1365 475 11 43 394063 0 0 0
-1549 -1017 78 215 228855 0 0 0
-988 -1532 28 16 680412 0 0 0
1136 -286 23 216 349557 0 0 0
781 -1465 81 15 120219 0 0 0
-420 -1063 220 77 131148 0 0 0
-2379 1950 148 91 982516 0 0 0
2165 -2595 69 172 897231 0 0 0
2190 -2288 146 146 510007 0 0 0
-2435 -243 159 191 499233 0 0 0
-1885 95 75 14 139235 0 0 0
481 -2151 44 186 744365 0 0 0
-2529 1643 180 178 234855 0 0 0
1418 2147 25 75 562969 0 0 0
-1090 1489 81 197 593805 0 0 0
821 -1221 49 14 851459 0 0 0
1698 -1859 151 50 550224 0 0 0
-1051 -760 17 156 567827 0 0 0
1698 -1166 109 34 416612 0 0 0
-2207 1811 112 97 727403 0 0 0
1054 305 221 49 475899 0 0 0
234 -615 56 10 620926 0 0 0
-1288 -841 207 173 339690 0 0 0
1514 1480 12 94 218662 0 0 0
-1538 -1629 54 122 340575 0 0 0
-2017 1847 169 8 751823 0 0 0
-629 -853 173 154 323088 0 0 0
1034 -1656 216 10 160648 0 0 0
-1510 -643 219 197 854025 0 0 0
-698 500 190 202 340761 0 0 0
-430 -950 50 181 896060 0 0 0
412 32 10 119 753636 0 0 0
-1467 -1768 191 71 828678 0 0 0
2140 2277 181 36 472173 0 0 0
2501 -215 218 191 233178 0 0 0
-2220 1561 47 6 458633 0 0 0
-400 -1822 99 134 882175 0 0 0
350 -913 22 59 754971 0 0 0
476 1843 182 52 846156 0 0 0
8 -2068 220 169 354287 0 0 0
-917 1209 221 29 334638 0 0 0
2583 -2541 78 16 916499 0 0 0
1317 -1694 36 134 424280 0 0 0
977 -1432 220 31 212097 0 0 0
165 -982 124 96 335437 0 0 0
-1857 704 99 118 777980 0 0 0
437 -2529 56 156 164363 0 0 0
-1371 -2299 200 120 526430 0 0 0
-1450 1223 206 21 984744 0 0 0
-411 532 141 152 798470 0 0 0
-5 -483 29 107 219769 0 0 0
1395 -1326 98 172 671586 0 0 0
-1114 -298 232 138 242689 0 0 0
-2009 -1614 197 164 330658 0 0 0
-1832 -1089 58 205 709131 0 0 0
-2507 1184 117 125 409990 0 0 0
-1293 2074 73 52 623126 0 0 0
424 -560 80 169 323082 0 0 0
-1310 1140 55 182 564711 0 0 0
2193 1343 88 29 909386 0 0 0
-772 2571 95 130 891605 0 0 0
168 69 41 27 526243 0 0 0
-2591 -279 193 73 516495 0 0 0
1695 1140 19 127 725037 0 0 0
564 -1159 227 194 387186 0 0 0
1847 -2519 152 107 912127 0 0 0
-751 -946 114 143 174962 0 0 0
2298 -2100 17 207 582834 0 0 0
649 1004 182 4 933650 0 0 0
-1645 -548 113 3 474076 0 0 0
442 -637 123 171 920545 0 0 0
-2287 -234 207 93 337403 0 0 0
378 -1074 112 45 422140 0 0 0
-1142 -1217 71 115 861242 0 0 0
-2116 -1121 208 121 335396 0 0 0
2146 72 67 131 731443 0 0 0
-923 900 158 15 187360 0 0 0
-946 -1286 171 196 127837 0 0 0
2246 -2175 144 81 579653 0 0 0
1181 -2287 118 62 958367 0 0 0
-2091 439 147 107 662838 0 0 0
1359 1296 25 216 650009 0 0 0
2289 2578 171 118 992457 0 0 0
651 -4 137 181 598020 0 0 0
-1666 -1484 161 37 754602 0 0 0
-2576 -2071 108 128 372006 0 0 0
900 1504 59 161 486750 0 0 0
1523 298 192 113 841005 0 0 0
-1432 -1736 90 93 418582 0 0 0
168 809 160 172 693981 0 0 0
-2321 -2232 212 178 677411 0 0 0
2105 -2166 225 96 633139 0 0 0
2591 455 167 91 115350 0 0 0
-349 1077 194 209 843665 0 0 0
1977 1200 206 85 984815 0 0 0
947 517 33 155 564421 0 0 0
-190 -224 18 177 208216 0 0 0
-938 -402 129 137 713963 0 0 0
1886 -1933 210 158 374558 0 0 0
-2485 -1140 193 158 611818 0 0 0
-785 -1050 167 44 162146 0 0 0
1955 1123 227 183 214416 0 0 0
805 -1877 97 202 507762 0 0 0
-830 -2099 19 8 859364 0 0 0
-1875 1237 32 140 730585 0 0 0
-2060 -593 39 196 149419 0 0 0
2473 -2114 169 40 220741 0 0 0
55 315 145 84 816971 0 0 0
2600 -2318 174 21 230020 0 0 0
1700 -1919 47 65 809737 0 0 0
-1404 -1128 145 83 206518 0 0 0
-2169 1205 103 22 911775 0 0 0
-2531 -1539 117 128 361059 0 0 0
-679 -1125 98 71 925681 0 0 0
922 1234 227 101 279062 0 0 0
599 -1323 67 117 999712 0 0 0
1657 -430 65 165 890599 0 0 0
-871 -2246 8 111 481118 0 0 0
24 -1707 149 90 925405 0 0 0
1246 -242 90 49 852352 0 0 0
-1092 -280 41 123 285213 0 0 0
-546 1576 153 107 548807 0 0 0
-620 -1959 46 71 752836 0 0 0
-948 939 155 94 413287 0 0 0
-1809 -354 63 135 882836 0 0 0
1959 -823 205 122 920239 0 0 0
-1090 2327 210 129 121636 0 0 0
2371 -1927 192 179 883857 0 0 0
1828 2367 124 39 481753 0 0 0
1333 2576 134 114 802002 0 0 0
-2133 220 9 184 949459 0 0 0
-1790 -1574 14 213 665554 0 0 0
-1016 172 89 22 443428 0 0 0
290 2194 5 194 674743 0 0 0
-2038 -1902 83 129 935578 0 0 0
414 -886 186 90 623980 0 0 0
-1723 -1886 40 32 291842 0 0 0
-379 1546 126 141 772233 0 0 0
-1000 -147 63 67 445612 0 0 0
-1186 76 219 165 842427 0 0 0
636 -1306 2 168 907009 0 0 0
907 1335 140 68 371016 0 0 0
-889 851 73 50 282357 0 0 0
-692 1779 38 150 971082 0 0 0
454 690 225 62 540531 0 0 0
-1307 -1312 143 98 900866 0 0 0
2543 2386 61 185 429560 0 0 0
-1712 369 32 67 426809 0 0 0
1474 -2461 103 157 346174 0 0 0
1191 2495 163 187 958319 0 0 0
2061 -321 64 72 351445 0 0 0
1755 -1353 63 70 938742 0 0 0
-234 -1022 136 5 764702 0 0 0
1221 -909 76 58 933466 0 0 0
-892 2342 70 217 761011 0 0 0
-1507 2480 14 210 719288 0 0 0
228 460 125 16 908441 0 0 0
-1984 -1408 48 145 252819 0 0 0
-1986 775 28 172 725784 0 0 0
-879 2567 84 81 577674 0 0 0
-2230 -2295 16 14 711998 0 0 0
-1576 -2109 25 32 895312 0 0 0
-156 1462 53 194 301029 0 0 0
1087 -1409 36 200 822052 0 0 0
-73 246 207 20 240274 0 0 0
11 2010 230 211 974745 0 0 0
-2566 -1092 82 131 168665 0 0 0
-1427 -1708 215 85 267545 0 0 0
-2338 1551 198 14 695383 0 0 0
-956 1578 176 49 888961 0 0 0
-2524 -538 42 26 150961 0 0 0
-2480 2588 22 61 807097 0 0 0
42 -1928 3 57 716580 0 0 0
1708 -2362 22 23 200341 0 0 0
-193 -1683 124 105 564942 0 0 0
2500 2022 183 104 370485 0 0 0
1167 1954 59 104 543865 0 0 0
1794 -77 147 101 724579 0 0 0
-1355 1246 152 2 206168 0 0 0
-910 535 180 175 115728 0 0 0
-1492 1821 172 198 188452 0 0 0
-1626 1264 27 20 918569 0 0 0
-2509 1342 67 215 243597 0 0 0
208 -172 104 19 816936 0 0 0
-2123 1148 97 126 431336 0 0 0
807 -2264 90 38 199526 0 0 0
-813 1159 227 100 624878 0 0 0
-2243 1304 136 187 262098 0 0 0
-2154 717 169 18 816225 0 0 0
1663 -1416 232 42 749583 0 0 0
173 -840 64 124 348850 0 0 0
2214 1079 207 114 325685 0 0 0
-1444 378 2 31 762994 0 0 0
1718 1877 63 16 969362 0 0 0
-329 59 39 1 172777 0 0 0
324 -1005 147 130 263216 0 0 0
2189 998 222 38 977691 0 0 0
1854 990 69 181 953672 0 0 0
-2252 -2395 81 63 759143 0 0 0
812 -1621 107 111 513258 0 0 0
-1313 2487 112 211 491211 0 0 0
1269 -1295 44 29 790991 0 0 0
1756 -605 202 73 293849 0 0 0
2437 864 157 59 309015 0 0 0
2054 -602 219 198 540431 0 0 0
2422 1855 113 20 308007 0 0 0
-729 -331 174 129 989786 0 0 0
-2071 680 113 176 816808 0 0 0
1746 1107 31 190 403378 0 0 0
1974 167 222 107 483723 0 0 0
1518 -885 82 65 815912 0 0 0
2142 1371 200 130 469902 0 0 0
422 519 168 72 814112 0 0 0
-1993 557 187 23 331791 0 0 0
-8 656 114 22 314463 0 0 0
-410 -1015 170 85 604305 0 0 0
-1360 -1263 17 143 524144 0 0 0
961 -1237 230 102 285826 0 0 0
729 -1033 96 155 186152 0 0 0
2483 1062 24 42 640641 0 0 0
1730 2380 16 20 711784 0 0 0
-1494 -1438 195 49 223587 0 0 0
2192 -2075 46 31 539191 0 0 0
649 -730 160 55 839661 0 0 0
-2496 -565 10 125 326564 0 0 0
318 -1747 194 153 239595 0 0 0
-284 1136 158 88 189417 0 0 0
-604 -2082 229 201 393695 0 0 0
665 855 15 26 589134 0 0 0
1004 1081 65 169 391754 0 0 0
-473 -1188 73 205 405077 0 0 0
-766 2572 27 47 563428 0 0 0
-93 -1623 222 84 897778 0 0 0
166 1278 4 88 979445 0 0 0
-1641 2583 144 106 456870 0 0 0
194 -2273 186 84 118750 0 0 0
1858 944 112 10 769468 0 0 0
-1443 304 139 103 787747 0 0 0
186 2391 83 78 123901 0 0 0
-925 1416 185 119 939762 0 0 0
-2407 1246 182 147 384608 0 0 0
2265 349 81 32 643546 0 0 0
1719 -2507 187 25 179930 0 0 0
-1617 1464 56 94 403027 0 0 0
2277 2406 61 23 669311 0 0 0
294 790 5 84 373828 0 0 0
2045 -93 171 192 717167 0 0 0
-1941 -250 208 217 109750 0 0 0
-2289 -2458 41 126 723119 0 0 0
2056 -685 75 82 131970 0 0 0
415 -1738 215 200 219935 0 0 0
2062 -1913 28 135 322471 0 0 0
763 -463 12 108 912430 0 0 0
2132 -13 162 66 510646 0 0 0
1996 -1577 43 103 579164 0 0 0
1900 -870 96 168 750989 0 0 0
-1311 -508 197 139 870501 0 0 0
-1992 1529 227 136 103971 0 0 0
-457 -1381 216 86 805033 0 0 0
2359 870 101 162 612741 0 0 0
-179 775 136 146 441231 0 0 0
857 2070 119 157 530651 0 0 0
-1113 -670 192 28 935736 0 0 0
-1225 -905 161 196 451295 0 0 0
-211 -1652 101 195 890151 0 0 0
-1307 771 220 161 980537 0 0 0
815 1826 189 84 787551 0 0 0
-88 -1760 3 14 737718 0 0 0
-561 1500 189 144 789111 0 0 0
-2174 184 187 135 972752 0 0 0
-438 -269 152 126 854065 0 0 0
-2340 1228 119 108 112467 0 0 0
1994 -1196 19 55 229843 0 0 0
1078 -2368 104 22 886045 0 0 0
-278 -2103 4 19 897027 0 0 0
136 2358 167 169 702002 0 0 0
994 1589 176 163 418669 0 0 0
-1127 -1661 155 79 563812 0 0 0
614 903 72 21 721899 0 0 0
1526 2476 203 139 332426 0 0 0
-1788 -612 145 22 358575 0 0 0
-1192 844 155 120 665204 0 0 0
-793 849 48 42 633719 0 0 0
-671 1875 75 55 893295 0 0 0
-704 -1908 99 145 397880 0 0 0
1446 1996 55 218 119247 0 0 0
-1668 1158 195 51 379378 0 0 0
-1029 1984 108 121 215231 0 0 0
2293 -2416 124 110 279402 0 0 0
-2504 817 26 30 109685 0 0 0
700 -2176 108 189 365774 0 0 0
-2158 -142 187 26 291277 0 0 0
-1612 -1705 212 201 830840 0 0 0
-1872 2043 159 76 519451 0 0 0
2556 -827 85 107 630001 0 0 0
1622 -1394 173 82 310908 0 0 0
-1268 1029 14 188 939592 0 0 0
-2449 637 155 52 141426 0 0 0
-2048 -460 22 181 984186 0 0 0
-676 -2248 122 146 411619 0 0 0
-1207 -1969 194 122 533644 0 0 0
-2396 -15 126 141 159879 0 0 0
-145 -777 97 45 455730 0 0 0
-1481 2113 69 1 217358 0 0 0
2291 -345 99 73 832774 0 0 0
-432 240 205 205 820898 0 0 0
267 -4 118 170 810033 0 0 0
1155 628 31 53 982108 0 0 0
1974 -1863 180 107 626955 0 0 0
483 -1819 17 29 405928 0 0 0
504 239 96 87 151818 0 0 0
1332 -1544 73 140 506416 0 0 0
1442 1190 118 54 241653 0 0 0
-1918 -92 71 21 768133 0 0 0
477 1349 12 182 657325 0 0 0
-1631 1843 104 113 989020 0 0 0
-1547 1923 79 194 750027 0 0 0
-957 -342 140 69 674117 0 0 0
-1140 411 155 42 267599 0 0 0
442 199 143 151 759104 0 0 0
1085 584 53 37 216268 0 0 0
2265 699 224 217 721961 0 0 0
1853 946 9 35 311094 0 0 0
-192 -1967 85 125 259121 0 0 0
1678 2212 57 211 962859 0 0 0
-2447 987 51 184 912776 0 0 0
1521 1312 165 41 683091 0 0 0
-2552 1246 44 214 779890 0 0 0
-1551 -2376 52 145 651297 0 0 0
1993 -230 55 146 524463 0 0 0
1112 1581 104 56 828627 0 0 0
-553 682 5 19 275808 0 0 0
-569 760 60 68 500741 0 0 0
331 -264 146 63 912407 0 0 0
-426 426 111 217 621927 0 0 0
1900 607 53 38 589306 0 0 0
-1770 1180 37 220 185640 0 0 0
56 -1251 207 53 681071 0 0 0
2206 -114 28 122 556657 0 0 0
-1676 613 177 137 513077 0 0 0
-2053 -299 164 172 563026 0 0 0
-2072 -722 148 180 908583 0 0 0
-2167 2379 48 18 384533 0 0 0
1983 -1855 193 195 621397 0 0 0
-2072 1282 192 170 784428 0 0 0
2093 -1554 58 131 116377 0 0 0
221 -2384 67 63 999880 0 0 0
-2338 -1130 132 29 560824 0 0 0
-2068 968 224 7 806459 0 0 0
1212 -101 81 8 922129 0 0 0
1685 -966 115 48 432756 0 0 0
-1620 306 209 43 137581 0 0 0
-915 1701 141 6 562070 0 0 0
-1468 -776 93 23 248768 0 0 0
1375 -294 156 134 923212 0 0 0
-938 -1021 62 197 972260 0 0 0
1442 -2401 184 48 598443 0 0 0
1935 -109 56 125 125877 0 0 0
-20 -321 120 126 475730 0 0 0
1669 -2490 104 63 933088 0 0 0
-2243 -2216 38 18 856586 0 0 0
-1920 2254 151 180 360097 0 0 0
271 730 145 126 547636 0 0 0
899 -2028 219 17 985195 0 0 0
1334 -2490 62 123 280189 0 0 0
2102 2292 75 33 765701 0 0 0
-421 470 121 155 975141 0 0 0
-1460 961 97 29 353819 0 0 0
-848 -184 84 16 591938 0 0 0
81 770 188 28 439304 0 0 0
-1306 -705 188 132 687300 0 0 0
-2259 138 93 15 371753 0 0 0
981 1257 34 53 878934 0 0 0
2513 1231 185 66 142510 0 0 0
-983 911 205 16 452607 0 0 0
-2563 -1337 195 175 398318 0 0 0
-2274 2541 6 79 195486 0 0 0
1606 1095 56 33 170227 0 0 0
-1033 -1141 59 124 653358 0 0 0
-1121 -1604 169 95 237336 0 0 0
1263 -2231 219 117 912242 0 0 0
1862 -950 59 125 885738 0 0 0
-2388 862 129 122 620158 0 0 0
-1112 -1475 171 88 379522 0 0 0
-2387 -92 10 25 222187 0 0 0
-2019 -1467 139 27 580000 0 0 0
2271 -945 39 126 509360 0 0 0
108 -64 61 21 906358 0 0 0
-872 1505 190 108 593695 0 0 0
1840 -2233 29 60 736400 0 0 0
-2104 -1953 134 45 457516 0 0 0
-1285 1746 45 102 110787 0 0 0
2156 203 150 21 194025 0 0 0
2090 1729 9 11 662842 0 0 0
1467 1300 104 22 948502 0 0 0
-2235 10 140 212 166842 0 0 0
2486 -368 93 133 346969 0 0 0
-1368 1839 65 62 226056 0 0 0
897 1679 202 31 887696 0 0 0
2169 -2468 58 10 394155 0 0 0
-1829 111 116 214 287184 0 0 0
923 -2248 212 4 415732 0 0 0
2458 -2402 112 47 268510 0 0 0
-2108 854 105 198 295295 0 0 0
922 -108 224 48 181217 0 0 0
-791 1353 48 189 653584 0 0 0
-746 -1380 185 36 645695 0 0 0
-2380 -1739 187 147 307420 0 0 0
541 -277 202 194 272330 0 0 0
-588 2506 152 182 317989 0 0 0
-1374 1690 62 199 582647 0 0 0
313 -17 38 108 662863 0 0 0
963 -1500 130 85 254783 0 0 0
2378 821 18 27 277908 0 0 0
1455 -569 164 3 890359 0 0 0
916 -711 52 74 521584 0 0 0
-485 -325 91 119 848406 0 0 0
-2377 1946 157 101 106800 0 0 0
973 -2002 97 56 367381 0 0 0
-2127 -277 145 23 233099 0 0 0
-1222 -54 187 219 905519 0 0 0
202 -995 139 67 830245 0 0 0
-1397 -684 64 155 438202 0 0 0
-2022 2441 19 28 418159 0 0 0
714 -2138 149 137 469425 0 0 0
338 -2503 18 125 164264 0 0 0
-1815 -755 213 89 554074 0 0 0
-2132 2360 174 62 729223 0 0 0
763 -392 31 110 800549 0 0 0
1328 1282 196 110 435916 0 0 0
-2565 -2205 53 46 929551 0 0 0
-2302 1969 83 162 428585 0 0 0
-2520 1858 201 91 110884 0 0 0
-1709 2079 19 139 954361 0 0 0
2245 -2139 97 110 388023 0 0 0
-340 459 112 91 140019 0 0 0
-1118 -1890 110 101 819200 0 0 0
-412 460 50 60 339749 0 0 0
-1751 -1644 233 122 280531 0 0 0
-1242 -38 150 109 652451 0 0 0
-1248 -1379 12 43 997729 0 0 0
237 -158 220 113 417983 0 0 0
1360 -1935 131 153 514684 0 0 0
2358 -444 12 96 209870 0 0 0
-1509 -1923 99 143 716556 0 0 0
-653 -2489 57 77 238910 0 0 0
2110 793 65 72 381053 0 0 0
1331 -586 80 155 569669 0 0 0
1712 714 139 111 704820 0 0 0
-1581 -288 37 10 292364 0 0 0
-1470 82 189 146 643932 0 0 0
-1670 -1014 87 117 441356 0 0 0
-1002 502 80 144 289502 0 0 0
1171 1053 12 134 376825 0 0 0
952 -1797 76 86 811015 0 0 0
1997 2365 85 135 257417 0 0 0
2452 1048 29 109 173711 0 0 0
-2342 -1265 27 32 904102 0 0 0
1714 611 6 174 810967 0 0 0
-1600 -758 46 180 913966 0 0 0
-2060 1547 37 50 818068 0 0 0
1783 1099 226 118 683500 0 0 0
-1613 2029 201 162 324943 0 0 0
-1581 822 102 205 987423 0 0 0
-524 -23 122 157 855984 0 0 0
2292 -1548 153 115 971031 0 0 0
2572 936 186 144 642260 0 0 0
-2376 1541 20 210 621773 0 0 0
1999 1331 131 193 239821 0 0 0
-418 647 85 22 600430 0 0 0
-293 -2420 9 42 138025 0 0 0
-1085 -501 202 88 386722 0 0 0
2018 -2239 102 214 880503 0 0 0
1996 2013 90 180 116148 0 0 0
856 1390 7 218 666205 0 0 0
993 1036 196 30 846884 0 0 0
-1237 -527 162 98 845936 0 0 0
-114 -2208 200 63 890512 0 0 0
-1633 -549 121 201 958103 0 0 0
-2461 -1118 170 147 335865 0 0 0
-2280 135 188 202 754495 0 0 0
1179 -1757 227 143 131289 0 0 0
-1969 -1742 19 130 581855 0 0 0
-1384 -2277 207 126 244697 0 0 0
662 -419 174 131 925078 0 0 0
1677 -281 101 82 670594 0 0 0
-753 1204 206 2 633663 0 0 0
-1719 -474 10 32 320687 0 0 0
-832 -1517 96 63 830491 0 0 0
-2013 2591 167 197 943934 0 0 0
-583 548 124 21 619467 0 0 0
1076 812 131 167 586397 0 0 0
-1882 -961 151 17 945704 0 0 0
-1212 2483 44 74 750415 0 0 0
-773 -181 227 29 742151 0 0 0
-2306 -156 105 152 542208 0 0 0
2041 2577 161 131 164288 0 0 0
1417 2258 134 92 708513 0 0 0
153 -1585 115 123 332146 0 0 0
-168 -406 88 127 456056 0 0 0
-1086 1776 2 71 468002 0 0 0
-2129 1090 12 13 299854 0 0 0
-180 1424 71 107 647669 0 0 0
938 2254 87 59 708392 0 0 0
2248 -2197 209 135 448708 0 0 0
-416 1262 30 161 354200 0 0 0
2157 701 88 164 478966 0 0 0
-312 1015 172 110 735647 0 0 0
-1943 437 221 22 585084 0 0 0
-70 -1493 2 190 360727 0 0 0
-2237 -2124 153 33 571149 0 0 0
695 -1695 215 130 791201 0 0 0
-279 1630 114 46 864051 0 0 0
875 2552 203 37 576214 0 0 0
2369 -438 222 200 322093 0 0 0
-756 2363 144 46 654969 0 0 0
2325 -239 206 163 353441 0 0 0
-786 -104 104 86 413742 0 0 0
863 -2112 73 220 853783 0 0 0
-1138 -1839 233 41 530743 0 0 0
1453 1831 113 21 981395 0 0 0
-1627 806 50 219 263345 0 0 0
-1715 563 74 191 360365 0 0 0
741 1352 49 138 846089 0 0 0
-658 2526 32 61 622289 0 0 0
281 -1345 219 23 604275 0 0 0
-319 -13 2 165 634620 0 0 0
2188 1099 92 184 633578 0 0 0
308 36 99 216 138009 0 0 0
-2594 -597 102 176 354419 0 0 0
1914 1475 106 206 769852 0 0 0
-268 156 192 179 995537 0 0 0
-1120 2330 147 8 167391 0 0 0
1958 -1176 2 83 738527 0 0 0
1688 -688 192 65 568175 0 0 0
-45 -546 139 115 912212 0 0 0
-670 -976 5 59 680423 0 0 0
-2517 1610 104 41 430581 0 0 0
-1315 -351 30 141 942974 0 0 0
-1664 -1809 33 126 964196 0 0 0
-254 1818 21 109 614606 0 0 0
-1232 1640 79 156 822138 0 0 0
-1518 -1022 124 137 883926 0 0 0
559 184 146 106 406311 0 0 0
311 -790 193 123 282924 0 0 0
-812 -2415 80 18 601787 0 0 0
-1962 -1419 53 115 794988 0 0 0
-1775 -612 215 53 902474 0 0 0
-429 -1261 170 85 852048 0 0 0
-2115 1620 2 62 187036 0 0 0
-866 -736 176 212 113172 0 0 0
-1501 1985 92 1 619819 0 0 0
-1858 1992 145 180 842857 0 0 0
-1813 -882 83 177 913397 0 0 0
2506 1401 92 204 802737 0 0 0
856 -274 17 4 390991 0 0 0
-1446 -527 175 207 102915 0 0 0
-1954 2256 151 111 601715 0 0 0
2030 1414 163 217 755744 0 0 0
-32 1066 210 20 426458 0 0 0
-671 -1703 132 199 543292 0 0 0
-494 350 7 129 835559 0 0 0
-1954 -1668 182 118 885409 0 0 0
-2486 -2127 137 211 471681 0 0 0
-174 102 202 177 646615 0 0 0
-1337 -1171 38 5 216237 0 0 0
1710 -670 171 209 312689 0 0 0
2401 -1201 97 191 943375 0 0 0
1430 1645 98 105 676815 0 0 0
-1641 2499 178 119 615475 0 0 0
547 -1946 200 70 690887 0 0 0
1217 -865 165 19 938483 0 0 0
1198 -2548 60 54 562428 0 0 0
687 -2508 112 7 285116 0 0 0
-396 -2372 150 28 901705 0 0 0
195 -829 136 26 613202 0 0 0
-2221 2555 186 53 126435 0 0 0
-2405 1280 65 106 905551 0 0 0
2084 2419 227 136 688580 0 0 0
275 -440 145 169 405013 0 0 0
-324 -2458 187 99 832608 0 0 0
-1452 1000 211 78 862582 0 0 0
2299 -1574 117 52 292402 0 0 0
1856 -191 217 129 366754 0 0 0
-1944 1633 96 65 413084 0 0 0
-355 1959 202 30 792407 0 0 0
2153 266 214 10 916201 0 0 0
-711 -2581 108 208 167684 0 0 0
157 1188 232 217 299001 0 0 0
-1244 1585 29 74 925785 0 0 0
-1244 2266 203 199 815198 0 0 0
-804 2072 198 140 902419 0 0 0
-594 -54 179 55 697830 0 0 0
552 -1293 139 107 537305 0 0 0
2189 1476 84 47 965636 0 0 0
572 341 77 125 414227 0 0 0
77 365 103 173 448587 0 0 0
-736 -788 144 137 420753 0 0 0
791 1759 6 22 398338 0 0 0
346 -851 181 168 643943 0 0 0
2025 2060 226 217 537759 0 0 0
-465 809 135 10 187474 0 0 0
1659 -1524 124 34 606798 0 0 0
-1482 1692 220 74 968828 0 0 0
356 -2432 216 153 859181 0 0 0
-180 -2157 118 191 848575 0 0 0
772 1353 20 126 352863 0 0 0
-1428 1722 195 185 987506 0 0 0
-2187 -1629 17 27 515314 0 0 0
2089 -459 179 2 320659 0 0 0
-301 -701 80 11 815006 0 0 0
1288 -1654 218 29 311849 0 0 0
1464 -2423 84 148 843197 0 0 0
-1476 1472 147 63 697863 0 0 0
1759 1831 86 21 686973 0 0 0
2142 -1792 51 13 466991 0 0 0
-455 1152 2 165 657520 0 0 0
-1520 -2480 162 128 252564 0 0 0
769 213 52 33 230462 0 0 0
-2041 537 215 162 924265 0 0 0
-1104 1371 38 14 274645 0 0 0
-868 -1492 48 124 416004 0 0 0
-1280 899 91 179 434723 0 0 0
1267 792 64 8 477210 0 0 0
1173 2076 73 99 587913 0 0 0
1243 1357 187 122 888780 0 0 0
1326 -1121 8 163 506967 0 0 0
2188 403 219 169 298206 0 0 0
404 -319 199 194 628837 0 0 0
531 1010 229 209 264670 0 0 0
-2258 -220 100 18 788339 0 0 0
2342 1095 32 130 552500 0 0 0
-220 1536 218 110 890099 0 0 0
2292 1009 129 160 393559 0 0 0
2260 45 31 18 630329 0 0 0
-1935 1806 173 102 533450 0 0 0
983 2467 186 54 329401 0 0 0
2452 -2131 126 72 962757 0 0 0
-1659 -2367 68 195 265651 0 0 0
-2579 -150 111 215 824310 0 0 0
1799 1350 139 108 596571 0 0 0
1850 -2412 223 180 485682 0 0 0
2286 -2292 213 44 609905 0 0 0
-2514 -686 168 65 337440 0 0 0
2342 850 148 178 727792 0 0 0
150 378 45 215 473190 0 0 0
1649 -1007 167 97 270633 0 0 0
1153 1302 29 53 734984 0 0 0
-2521 -2415 2 183 485787 0 0 0
-605 1177 117 167 645604 0 0 0
2076 -883 108 21 577895 0 0 0
-725 -1285 49 37 402671 0 0 0
-2103 -557 102 195 572694 0 0 0
113 -574 128 150 872914 0 0 0
2295 -1897 186 95 434525 0 0 0
-2431 -1446 121 118 850294 0 0 0
-1862 -1606 30 134 645842 0 0 0
-2065 333 165 25 379127 0 0 0
488 -2152 68 82 132363 0 0 0
2406 -2069 80 209 450487 0 0 0
-1252 -1855 185 170 832718 0 0 0
2007 1061 193 216 838863 0 0 0
-1691 1432 227 155 210581 0 0 0
1036 -314 91 14 641826 0 0 0
-425 -841 11 50 668353 0 0 0
-791 1239 175 121 454771 0 0 0
-2519 -918 208 175 575513 0 0 0
1744 601 166 157 731921 0 0 0
2586 -326 77 95 515596 0 0 0
2598 1506 131 187 272835 0 0 0
636 -1240 28 113 964436 0 0 0
-2583 -2148 78 193 885265 0 0 0
-74 684 96 129 875506 0 0 0
-1845 -1119 54 126 182186 0 0 0
-1742 -1459 202 106 132484 0 0 0
-1012 560 11 173 464071 0 0 0
-2172 2356 65 209 270224 0 0 0
-1107 -1698 203 194 163841 0 0 0
-2184 1211 50 16 160353 0 0 0
-2128 -1573 58 114 481979 0 0 0
-174 1391 171 78 170261 0 0 0
-101 -327 224 176 537618 0 0 0
2440 398 20 86 347304 0 0 0
-1859 -2530 80 6 534572 0 0 0
-2192 1129 18 117 688510 0 0 0
-1713 2192 4 163 550207 0 0 0
1619 -2444 55 24 483151 0 0 0
247 -388 148 206 796554 0 0 0
1542 1840 192 79 288115 0 0 0
-278 1955 151 26 370818 0 0 0
1299 -2558 113 185 987183 0 0 0
319 406 77 65 669567 0 0 0
1280 647 27 88 850169 0 0 0
907 466 100 90 155143 0 0 0
1012 2017 17 36 123916 0 0 0
-1118 2159 167 146 271656 0 0 0
1191 20 217 55 982129 0 0 0
-623 1652 120 159 263730 0 0 0
-206 2226 207 166 827513 0 0 0
441 1257 216 6 957951 0 0 0
382 -1728 97 81 145795 0 0 0
2519 -576 25 170 911409 0 0 0
395 2341 176 37 450074 0 0 0
2291 618 206 201 558139 0 0 0
-141 2523 48 206 487202 0 0 0
-2006 1543 208 130 228391 0 0 0
-1988 2472 121 48 789087 0 0 0
-147 1658 178 196 542806 0 0 0
-1631 -2114 206 7 248126 0 0 0
742 853 4 117 470422 0 0 0
1558 -1420 174 64 373121 0 0 0
997 2128 42 121 650340 0 0 0
-1432 1984 120 180 273598 0 0 0
-2282 327 162 132 506902 0 0 0
2195 -2455 128 204 281594 0 0 0
-1047 361 77 79 905414 0 0 0
-1694 -2159 88 5 199765 0 0 0
1365 -253 157 133 656677 0 0 0
-1438 190 152 165 917819 0 0 0
1058 1841 74 74 106339 0 0 0
149 1195 94 34 443804 0 0 0
1052 -1335 12 67 124453 0 0 0
-504 -2520 211 152 200286 0 0 0
970 -2064 60 47 347610 0 0 0
-2285 1849 213 23 267146 0 0 0
-747 2589 76 26 279166 0 0 0
2494 2554 88 5 774114 0 0 0
-806 689 35 32 909831 0 0 0
-382 -883 116 81 269467 0 0 0
260 -2152 152 174 693911 0 0 0
1091 991 146 198 561501 0 0 0
-1163 -1293 217 132 199396 0 0 0
1850 1426 129 72 827650 0 0 0
1400 747 177 115 377641 0 0 0
244 2130 103 77 569032 0 0 0
1444 -743 132 92 639746 0 0 0
290 1451 204 12 129114 0 0 0
117 1642 81 152 783225 0 0 0
-955 -854 115 135 605408 0 0 0
166 -60 205 41 265434 0 0 0
52 -1335 208 64 236298 0 0 0
-2424 -38 48 135 492639 0 0 0
-1745 448 1 132 246740 0 0 0
-2517 -1171 23 129 335372 0 0 0
-2158 -1426 218 37 399292 0 0 0
-924 -2549 35 207 888007 0 0 0
1658 -367 74 120 399335 0 0 0
1190 355 118 219 872919 0 0 0
-853 2277 127 45 505096 0 0 0
-824 1110 38 19 384813 0 0 0
236 -139 90 95 317132 0 0 0
-596 306 150 160 179098 0 0 0
-1791 -760 151 47 641260 0 0 0
682 267 106 19 574274 0 0 0
-578 -209 15 189 236467 0 0 0
-1355 1890 212 113 127749 0 0 0
-805 -1689 112 187 971241 0 0 0
962 673 3 30 298716 0 0 0
798 -1503 155 37 886676 0 0 0
-1226 25 226 209 685861 0 0 0
1430 2212 80 182 516942 0 0 0
-2594 2154 223 214 278828 0 0 0
1474 1315 127 46 933009 0 0 0
1880 -304 161 210 940900 0 0 0
-1065 2446 85 55 113610 0 0 0
211 2035 59 213 438177 0 0 0
2429 1386 23 45 946514 0 0 0
1668 2318 200 65 358788 0 0 0
2200 -1601 191 84 533126 0 0 0
156 -725 88 20 526605 0 0 0
1301 2372 1 28 233896 0 0 0
-2375 -1632 205 193 541755 0 0 0
154 2242 31 73 715405 0 0 0
-1827 2157 70 78 761945 0 0 0
1468 107 159 154 401275 0 0 0
190 1390 10 91 313106 0 0 0
-2200 2578 109 183 920736 0 0 0
-288 -1810 147 168 335178 0 0 0
608 888 104 9 956379 0 0 0
-1236 280 31 29 150803 0 0 0
2047 -2570 174 14 789313 0 0 0
-2340 -851 219 14 926190 0 0 0
-900 1425 163 112 146815 0 0 0
-665 -1117 115 186 127593 0 0 0
-835 1075 4 163 514379 0 0 0
-367 -400 199 117 343050 0 0 0
-1224 2118 46 140 834792 0 0 0
252 1290 91 22 831321 0 0 0
-2028 -255 85 127 598833 0 0 0
693 1254 73 124 195278 0 0 0
-1196 -2427 215 182 311678 0 0 0
-691 1939 82 83 678643 0 0 0
49 682 169 43 153947 0 0 0
1304 -1477 147 21 974852 0 0 0
-1495 379 122 87 346866 0 0 0
1536 727 41 85 720187 0 0 0
-1366 -1084 13 189 211502 0 0 0
-679 1799 161 45 718715 0 0 0
1315 -2128 117 4 616937 0 0 0
-834 500 98 217 721796 0 0 0
399 88 130 37 611781 0 0 0
-2095 -821 167 190 526245 0 0 0
-1984 1946 35 203 307964 0 0 0
-275 -2083 223 128 696137 0 0 0
361 1584 163 42 755409 0 0 0
1720 1711 183 28 291011 0 0 0
409 934 75 220 873312 0 0 0
2512 -600 156 145 900638 0 0 0
1351 -2032 26 210 677918 0 0 0
2345 -1333 175 131 349003 0 0 0
152 -740 89 29 318005 0 0 0
-1823 -459 99 53 351523 0 0 0
17 -1814 213 129 686545 0 0 0
-674 -2036 131 209 695460 0 0 0
-1427 114 87 152 174219 0 0 0
-529 -2100 174 115 791910 0 0 0
-95 216 127 148 458079 0 0 0
290 2414 31 55 258416 0 0 0
-1112 1756 139 48 860613 0 0 0
2343 -1904 1 156 917704 0 0 0
-855 622 175 81 772582 0 0 0
2164 750 222 154 432556 0 0 0
-1480 1718 48 100 521250 0 0 0
341 -547 6 123 708645 0 0 0
-1069 2365 143 28 613703 0 0 0
-2293 420 38 118 406051 0 0 0
2325 -770 221 191 755148 0 0 0
378 1290 103 82 706022 0 0 0
1270 597 99 41 162291 0 0 0
-871 1613 188 178 991206 0 0 0
214 1938 3 160 707145 0 0 0
-1635 -2048 5 164 856558 0 0 0
51 1968 179 103 656208 0 0 0
-1454 -2003 66 163 761846 0 0 0
2598 2022 189 169 358464 0 0 0
864 -1723 30 171 479129 0 0 0
2522 2158 153 107 659246 0 0 0
-1494 2540 181 80 853066 0 0 0
1738 2583 166 37 134606 0 0 0
906 -116 25 118 470669 0 0 0
-190 1234 126 134 747436 0 0 0
-2319 -838 158 103 536971 0 0 0
-1352 -740 181 201 246184 0 0 0
2438 94 60 209 779461 0 0 0
1851 -597 181 153 812463 0 0 0
-1007 2554 116 188 416960 0 0 0
1405 1153 55 30 534676 0 0 0
2406 -2215 18 70 792635 0 0 0
2151 -2209 29 214 607668 0 0 0
1989 -1429 16 56 646470 0 0 0
1053 1618 17 127 799345 0 0 0
36 -1379 222 59 522236 0 0 0
-1466 -2033 74 190 153467 0 0 0
-2032 1700 45 140 770066 0 0 0
-2590 -2598 16 143 685099 0 0 0
1155 999 188 125 171372 0 0 0
841 1765 59 166 125587 0 0 0
-2292 -2312 182 63 758468 0 0 0
-440 761 81 173 410361 0 0 0
873 1781 213 120 996647 0 0 0
-1043 2116 21 24 804530 0 0 0
1221 946 54 6 624694 0 0 0
805 2197 123 178 304942 0 0 0
-332 -1100 90 113 288799 0 0 0
792 -2400 1 99 448047 0 0 0
-648 -1093 172 216 877879 0 0 0
-1671 1211 35 204 175540 0 0 0
307 2391 174 127 668420 0 0 0
-764 -2341 104 116 870343 0 0 0
-997 202 84 97 443837 0 0 0
-745 1005 141 112 343182 0 0 0
-1147 2198 74 134 906144 0 0 0
-33 -169 193 83 402760 0 0 0
375 481 42 102 783108 0 0 0
809 1925 233 141 102407 0 0 0
2241 1019 8 189 606223 0 0 0
-1549 1560 225 172 728561 0 0 0
1497 -758 28 3 240970 0 0 0
-2114 -559 82 7 464672 0 0 0
775 -1265 90 10 988282 0 0 0
-2424 544 89 88 526370 0 0 0
-1844 -1663 129 63 890901 0 0 0
1502 2436 122 213 518707 0 0 0
673 -2509 218 154 755906 0 0 0
-457 0 104 134 355963 0 0 0
267 -1902 44 80 609592 0 0 0
-2117 411 59 19 265828 0 0 0
160 -759 106 164 490435 0 0 0
1919 -355 128 93 734328 0 0 0
312 -430 3 145 801187 0 0 0
2094 -666 203 104 982474 0 0 0
932 1961 80 51 426455 0 0 0
1406 -1818 212 104 441482 0 0 0
-2171 -1890 198 60 393881 0 0 0
-2124 1805 162 14 743516 0 0 0
-1835 664 192 15 289646 0 0 0
-1822 -533 224 132 780687 0 0 0
211 -481 31 28 254817 0 0 0
-712 2536 83 73 235157 0 0 0
2251 -591 108 83 288666 0 0 0
-855 1161 89 158 760787 0 0 0
1373 1176 29 145 643594 0 0 0
-1059 -2109 64 187 232906 0 0 0
-12 -857 41 100 330144 0 0 0
1210 1079 167 164 501198 0 0 0
-2361 972 208 216 528083 0 0 0
-2425 1558 14 10 437374 0 0 0
1402 -1111 76 2 632493 0 0 0
2432 1425 59 87 840726 0 0 0
1756 -107 93 170 778708 0 0 0
822 1923 229 149 295870 0 0 0
319 -111 1 162 131890 0 0 0
120 -32 51 14 754310 0 0 0
512 2584 37 146 566656 0 0 0
-1783 -2283 155 95 549304 0 0 0
183 2290 6 145 813923 0 0 0
635 1017 68 185 118502 0 0 0
-2092 -1412 211 47 962720 0 0 0
-2373 -1900 96 83 278649 0 0 0
899 341 166 214 957230 0 0 0
320 -1695 221 205 450733 0 0 0
1116 -2592 163 111 359034 0 0 0
-976 44 14 110 205947 0 0 0
1169 314 78 191 924557 0 0 0
-2356 1188 169 150 256013 0 0 0
270 923 141 146 536751 0 0 0
-2512 -605 101 216 527153 0 0 0
491 1354 231 107 979556 0 0 0
1860 -347 37 68 218239 0 0 0
955 -2456 29 196 365660 0 0 0
2325 -766 1 125 588978 0 0 0
-1565 1868 69 21 698199 0 0 0
-953 -554 142 12 500608 0 0 0
-1323 -2063 159 53 588316 0 0 0
2154 2508 183 134 191486 0 0 0
-1515 804 12 101 371211 0 0 0
-675 165 200 16 988338 0 0 0
2382 -2417 229 174 679396 0 0 0
-140 -2254 1 166 516883 0 0 0
-419 -2076 148 206 142457 0 0 0
-1382 1495 130 38 763761 0 0 0
2135 -1883 190 45 915216 0 0 0
119 -610 214 147 692650 0 0 0
-2589 9 221 183 144849 0 0 0
1644 211 96 158 828346 0 0 0
-1602 -782 91 85 109136 0 0 0
1590 1675 130 179 794236 0 0 0
2089 -1947 126 8 808380 0 0 0
2369 -1098 205 140 835744 0 0 0
1148 1409 3 164 378453 0 0 0
689 -2408 135 213 174143 0 0 0
1612 -2197 27 131 106482 0 0 0
1233 2376 88 68 299470 0 0 0
1139 2199 205 150 894201 0 0 0
-2443 -1892 32 44 786103 0 0 0
288 63 126 40 133794 0 0 0
490 1240 134 173 717510 0 0 0
-1608 -2373 160 79 128311 0 0 0
-1401 2221 76 207 704041 0 0 0
1558 2164 42 162 817853 0 0 0
725 1130 169 219 332508 0 0 0
27 -1117 87 164 975256 0 0 0
140 -115 204 2 729464 0 0 0
952 -2198 211 218 612915 0 0 0
-310 -151 224 38 175821 0 0 0
1935 -2327 57 10 570943 0 0 0
-478 -1299 138 118 229813 0 0 0
2179 2169 142 171 565485 0 0 0
-2487 -972 87 118 466260 0 0 0
1722 -2490 154 65 569680 0 0 0
2084 795 220 83 789268 0 0 0
1590 308 126 68 388815 0 0 0
-861 388 204 11 424319 0 0 0
-364 314 180 172 604030 0 0 0
-324 -1652 38 149 227847 0 0 0
-2206 1116 95 156 939565 0 0 0
2225 301 13 1 481984 0 0 0
-28 1338 42 77 784290 0 0 0
630 -1119 45 102 608589 0 0 0
-2501 -492 54 92 590095 0 0 0
1128 790 100 91 948192 0 0 0
-809 1483 48 211 491035 0 0 0
-1535 239 101 164 185334 0 0 0
-1974 -1005 184 21 574874 0 0 0
-652 -527 147 125 177859 0 0 0
29 2280 222 184 295929 0 0 0
-2573 -264 149 88 587469 0 0 0
-2032 -1502 195 187 488617 0 0 0
-1972 -537 12 105 825283 0 0 0
1847 -2425 23 187 396384 0 0 0
932 1655 178 76 363524 0 0 0
816 161 30 152 440512 0 0 0
-1549 -2391 188 43 212927 0 0 0
433 920 147 200 240958 0 0 0
-621 -2170 51 69 610860 0 0 0
-2422 118 105 195 780273 0 0 0
2006 905 44 77 265467 0 0 0
-13 -276 225 92 707470 0 0 0
1941 -616 1 70 866493 0 0 0
558 -231 149 27 204943 0 0 0
-1207 1936 225 184 693303 0 0 0
-1397 1575 162 187 282851 0 0 0
-2573 -1885 73 207 511507 0 0 0
973 -210 136 112 581999 0 0 0
-1909 116 109 167 916416 0 0 0
-1583 1881 212 154 524713 0 0 0
-2408 781 45 128 291014 0 0 0
-2430 -1397 174 125 579360 0 0 0
-906 -1625 202 213 258359 0 0 0
959 2296 113 186 940517 0 0 0
1766 -2167 30 120 376895 0 0 0
-866 720 65 149 350455 0 0 0
662 2133 56 111 282285 0 0 0
35 935 85 18 827593 0 0 0
1517 2432 40 99 174794 0 0 0
1983 -1533 60 123 450773 0 0 0
2289 -2575 208 212 495959 0 0 0
1013 -2069 173 80 832503 0 0 0
51 -1272 15 181 982516 0 0 0
-975 -1438 33 115 905157 0 0 0
1987 -2460 112 52 591601 0 0 0
1219 334 129 14 393081 0 0 0
-605 2194 63 56 287206 0 0 0
2388 -1573 42 208 896023 0 0 0
538 -1036 110 71 717399 0 0 0
429 1073 179 63 313465 0 0 0
-1346 1886 131 51 473124 0 0 0
1737 -252 174 92 713779 0 0 0
2066 -2032 53 128 992316 0 0 0
1863 -2088 23 16 606323 0 0 0
1942 -1663 41 21 159921 0 0 0
-1949 655 77 193 946037 0 0 0
-495 2232 29 9 665472 0 0 0
-1273 -777 89 61 558081 0 0 0
-2186 1742 196 7 752227 0 0 0
317 -1657 68 190 481983 0 0 0
1157 178 22 6 838094 0 0 0
332 -960 135 5 728436 0 0 0
-81 -323 101 215 222441 0 0 0
-2268 -1451 188 28 812802 0 0 0
2000 -2396 226 143 367375 0 0 0
-2494 -529 175 218 867472 0 0 0
1354 -2160 44 199 555663 0 0 0
458 1113 230 147 224755 0 0 0
-2201 2486 167 68 428353 0 0 0
2247 -1031 159 105 859100 0 0 0
368 -1296 35 6 409912 0 0 0
1256 2560 92 177 272085 0 0 0
481 227 157 88 511434 0 0 0
-2119 -2397 170 198 373641 0 0 0
1403 -338 122 214 660206 0 0 0
-954 2261 70 12 437532 0 0 0
1619 -1422 175 102 782250 0 0 0
-1846 -2247 91 38 107885 0 0 0
1316 2539 36 34 586343 0 0 0
2216 -1972 4 42 635062 0 0 0
1456 -205 201 146 682538 0 0 0
-1478 2023 92 149 210664 0 0 0
246 -92 183 175 391758 0 0 0
576 2098 73 43 269846 0 0 0
2175 151 2 153 766678 0 0 0
1176 -858 27 100 620121 0 0 0
2180 -1545 219 185 375048 0 0 0
-2344 -1079 34 9 400012 0 0 0
-1168 2297 160 142 920443 0 0 0
1813 -270 136 109 123060 0 0 0
2290 1187 91 77 230785 0 0 0
1311 1372 191 131 184837 0 0 0
259 -1097 11 79 225643 0 0 0
-1238 -1158 47 106 169211 0 0 0
141 -575 203 150 657837 0 0 0
-1482 -535 18 41 926231 0 0 0
440 -198 56 46 210666 0 0 0
-288 -1547 32 149 409666 0 0 0
1864 1536 77 42 905788 0 0 0
-314 -211 202 207 265906 0 0 0
-194 2191 141 5 561247 0 0 0
-2135 -1416 34 125 393106 0 0 0
-1618 -2594 38 2 962347 0 0 0
2011 1816 31 43 816182 0 0 0
-1658 416 65 200 706352 0 0 0
2459 -2253 230 28 176685 0 0 0
1834 1972 128 3 647851 0 0 0
2536 2409 121 91 713522 0 0 0
1799 -2052 226 175 525697 0 0 0
290 1594 61 136 845799 0 0 0
-2409 2123 10 27 744750 0 0 0
-1276 -420 32 73 901353 0 0 0
2403 2326 20 119 224174 0 0 0
160 2588 1 204 261970 0 0 0
2197 159 136 6 348499 0 0 0
-1110 221 170 131 357439 0 0 0
2467 -182 180 118 645271 0 0 0
192 396 191 190 518425 0 0 0
957 1891 185 56 377199 0 0 0
-381 -2343 112 195 359237 0 0 0
254 -932 69 82 170838 0 0 0
-1806 2070 10 140 452616 0 0 0
856 1709 162 8 915241 0 0 0
-460 -2502 145 84 398618 0 0 0
312 -899 233 34 793798 0 0 0
1595 -531 199 109 502930 0 0 0
1832 187 88 72 891517 0 0 0
1400 2035 230 125 234147 0 0 0
-2507 -2419 101 76 442309 0 0 0
-1240 -1191 226 14 419086 0 0 0
687 192 76 9 414512 0 0 0
2064 1030 144 170 666845 0 0 0
-1332 -412 120 133 147084 0 0 0
-813 -1920 159 199 998566 0 0 0
1636 911 119 164 851259 0 0 0
-2320 1960 146 15 200869 0 0 0
1411 1520 176 43 983515 0 0 0
341 1963 111 20 254270 0 0 0
2065 -1401 144 154 815971 0 0 0
128 1542 92 83 621113 0 0 0
968 1724 139 45 227593 0 0 0
2375 406 2 96 374859 0 0 0
2177 2011 199 218 295973 0 0 0
542 -41 163 125 513232 0 0 0
-1977 -940 15 146 632256 0 0 0
2272 1395 15 145 528443 0 0 0
-988 -2195 171 63 753186 0 0 0
2073 -94 77 92 874214 0 0 0
-915 2522 196 179 507123 0 0 0
-2319 -2536 87 118 645193 0 0 0
49 2342 42 117 651519 0 0 0
-2577 1244 181 81 882862 0 0 0
14 -1807 183 127 167853 0 0 0
715 1365 124 194 673454 0 0 0
-1856 -567 15 77 247997 0 0 0
-843 -1493 63 22 341766 0 0 0
-1916 1172 92 79 273943 0 0 0
733 -469 207 77 866343 0 0 0
1284 1303 4 52 911890 0 0 0
229 1079 77 20 347551 0 0 0
-2066 -49 113 159 962711 0 0 0
-153 -2310 115 170 763610 0 0 0
721 1114 74 166 144357 0 0 0
-174 2290 178 26 160414 0 0 0
987 127 172 174 136283 0 0 0
324 -86 23 195 163698 0 0 0
-1185 365 100 182 928770 0 0 0
506 898 214 171 264012 0 0 0
1074 1398 80 219 148747 0 0 0
-2583 1480 152 40 283324 0 0 0
-2519 2482 23 146 397018 0 0 0
-930 -306 222 95 754685 0 0 0
2343 1622 103 186 109739 0 0 0
-111 -1075 210 1 898806 0 0 0
-949 -1426 76 217 473559 0 0 0
695 2124 223 118 141042 0 0 0
-225 -1384 182 194 713108 0 0 0
-1212 -1462 12 143 146314 0 0 0
2490 849 203 59 711473 0 0 0
-2389 581 229 130 205876 0 0 0
1729 -953 175 41 393408 0 0 0
-2123 -1876 90 215 184991 0 0 0
-2406 115 112 107 965250 0 0 0
1465 -404 90 205 485582 0 0 0
327 -1501 73 70 950413 0 0 0
-1356 2369 151 129 374156 0 0 0
-1861 1592 12 169 863420 0 0 0
1568 1246 142 75 736256 0 0 0
460 781 70 135 811478 0 0 0
-24 1686 101 145 770901 0 0 0
799 -818 105 60 634949 0 0 0
2456 842 40 143 741222 0 0 0
-1756 1040 69 18 179556 0 0 0
-704 573 57 74 406944 0 0 0
2342 2 44 167 536373 0 0 0
-65 1906 51 9 328664 0 0 0
-988 620 161 97 512988 0 0 0
-338 -566 27 36 651983 0 0 0
1459 -724 222 36 707247 0 0 0
-1353 -1636 152 148 123396 0 0 0
-1628 -2268 184 35 902341 0 0 0
-2189 427 193 51 703032 0 0 0
1496 181 214 92 943002 0 0 0
2092 88 46 82 841688 0 0 0
-879 2562 2 54 482747 0 0 0
-2510 -2110 121 89 619630 0 0 0
-973 -1904 34 75 283516 0 0 0
-2425 -582 16 33 490702 0 0 0
1954 -1184 177 142 473280 0 0 0
1567 -1915 155 201 730123 0 0 0
566 -661 190 56 238274 0 0 0
219 -1816 15 191 472842 0 0 0
-1744 157 50 204 197960 0 0 0
2344 -2113 102 11 887804 0 0 0
-2242 540 56 149 851281 0 0 0
-1121 -559 202 191 253019 0 0 0
-2383 -80 226 54 836024 0 0 0
1031 1571 109 201 873232 0 0 0
739 -168 3 195 748767 0 0 0
2117 148 121 127 489013 0 0 0
309 -885 144 12 876916 0 0 0
329 926 102 84 429570 0 0 0
-859 1959 88 220 422006 0 0 0
1349 -409 231 4 649640 0 0 0
2173 -27 92 164 612986 0 0 0
-1969 -2463 45 206 343162 0 0 0
-1314 1358 95 164 206306 0 0 0
1739 -1839 157 74 519674 0 0 0
-1512 1496 222 169 581845 0 0 0
354 -1742 180 201 971646 0 0 0
-2081 -1370 5 6 859276 0 0 0
2121 1634 169 32 145882 0 0 0
1676 2252 125 11 671059 0 0 0
562 -2524 58 135 584585 0 0 0
1663 -443 182 60 824775 0 0 0
6 -2102 106 25 597816 0 0 0
559 -1419 229 216 411329 0 0 0
-2541 224 34 201 866936 0 0 0
-1846 -1234 39 182 936374 0 0 0
1946 -2062 130 120 687789 0 0 0
-1561 2057 197 10 562359 0 0 0
-2516 558 43 165 406818 0 0 0
-1616 -2023 89 91 959264 0 0 0
-2086 -2580 215 89 183710 0 0 0
691 -2145 64 97 557688 0 0 0
-1596 -2004 17 48 452927 0 0 0
-583 1042 90 18 175746 0 0 0
-1615 1245 129 68 767850 0 0 0
-1385 250 61 5 510289 0 0 0
157 755 100 197 239564 0 0 0
1113 1919 80 218 839988 0 0 0
-2123 1854 120 23 866609 0 0 0
-2533 2128 175 25 470051 0 0 0
2031 -1336 183 146 114952 0 0 0
1884 1748 153 76 326954 0 0 0
417 -2282 86 33 282710 0 0 0
2389 -1348 174 124 519831 0 0 0
2138 -2337 52 190 982660 0 0 0
2360 -2107 204 62 456258 0 0 0
1537 1106 87 112 163464 0 0 0
-962 -1761 118 190 906959 0 0 0
-1724 -1520 37 113 466820 0 0 0
-1283 1614 38 37 811081 0 0 0
1971 -658 45 183 990881 0 0 0
2049 1333 80 117 322877 0 0 0
1772 1733 12 194 848116 0 0 0
-770 -1163 61 169 744594 0 0 0
-164 -1984 217 188 914764 0 0 0
2041 -2407 120 198 453051 0 0 0
1364 627 4 147 608407 0 0 0
-358 1263 81 124 515049 0 0 0
1031 2095 102 83 268799 0 0 0
-356 -2585 29 20 227617 0 0 0
-1919 238 156 197 319894 0 0 0
2263 -1804 13 206 583118 0 0 0
2259 -606 172 183 173021 0 0 0
-1969 -553 110 95 692229 0 0 0
-1961 -290 127 85 295197 0 0 0
-811 1457 232 75 325879 0 0 0
-1219 -1627 65 48 215353 0 0 0
-1321 -2087 138 79 718344 0 0 0
347 -1065 153 39 263276 0 0 0
573 -2276 53 15 886598 0 0 0
1473 54 84 66 944295 0 0 0
-2183 1187 221 21 504995 0 0 0
2485 1134 100 60 859359 0 0 0
-2310 -2592 95 211 203999 0 0 0
1081 1541 74 173 279231 0 0 0
-1740 2102 193 182 700278 0 0 0
-2189 -2487 91 131 202714 0 0 0
-1096 -2080 227 140 491133 0 0 0
-1573 -2305 160 49 453758 0 0 0
-2474 -886 55 173 978699 0 0 0
2536 1119 36 14 114168 0 0 0
1198 1465 199 19 532565 0 0 0
-1901 -238 83 208 664629 0 0 0
-2592 -687 171 113 234812 0 0 0
1754 2449 141 33 197690 0 0 0
-607 2573 57 142 457836 0 0 0
-2267 -2517 108 210 280410 0 0 0
-906 2439 78 219 476673 0 0 0
846 -2218 177 41 482899 0 0 0
1118 -804 184 121 858422 0 0 0
-2503 2502 19 164 175465 0 0 0
-1762 -488 202 149 952271 0 0 0
-2412 -32 167 149 767042 0 0 0
-1933 1620 57 173 493978 0 0 0
422 -851 230 36 488764 0 0 0
1214 -2355 181 103 723720 0 0 0
1715 1717 46 1 895061 0 0 0
1831 2011 77 90 579014 0 0 0
1722 1464 75 208 272453 0 0 0
2330 972 190 195 262042 0 0 0
390 -2391 206 207 820855 0 0 0
2177 712 46 124 555782 0 0 0
592 2122 128 114 293164 0 0 0
-1448 2560 94 2 822660 0 0 0
-2357 -2425 6 220 790759 0 0 0
2159 1125 35 217 938318 0 0 0
607 -2032 89 59 177031 0 0 0
-1160 820 36 113 892948 0 0 0
-2055 -655 72 77 842833 0 0 0
320 -732 205 14 157111 0 0 0
-397 -2263 25 191 982799 0 0 0
2139 2290 36 109 243338 0 0 0
2121 -828 220 126 935159 0 0 0
-2517 272 37 138 353404 0 0 0
1995 -1904 160 10 854625 0 0 0
-2283 -2599 179 214 166552 0 0 0
1037 -1415 31 96 203942 0 0 0
340 -1434 154 5 339177 0 0 0
-1549 2290 79 159 204485 0 0 0
-1843 -2391 13 152 204094 0 0 0
289 -1995 186 181 467134 0 0 0
-549 -29 61 118 655605 0 0 0
-1950 918 23 57 418353 0 0 0
2068 1431 134 187 122540 0 0 0
867 -1562 212 216 107984 0 0 0
-612 2540 116 99 784535 0 0 0
-2029 2559 23 40 268402 0 0 0
-2331 -146 3 72 408603 0 0 0
1879 -2281 130 86 486256 0 0 0
2170 472 82 12 385710 0 0 0
2171 428 134 172 944325 0 0 0
1367 1953 136 38 128251 0 0 0
2236 -1408 104 106 894461 0 0 0
1990 2339 184 177 792214 0 0 0
-1305 -2133 97 140 978381 0 0 0
731 -827 22 109 884505 0 0 0
1374 63 98 44 114923 0 0 0
994 -840 21 49 205720 0 0 0
1313 2197 76 9 637454 0 0 0
89 -2535 138 91 798834 0 0 0
-1238 1572 222 33 877546 0 0 0
786 1558 28 94 771478 0 0 0
212 -207 42 150 868640 0 0 0
412 -484 199 140 860793 0 0 0
2443 2179 144 85 853804 0 0 0
-265 -750 42 118 356774 0 0 0
1381 1472 136 68 338417 0 0 0
-1332 -19 41 111 132546 0 0 0
-1255 -180 66 100 756389 0 0 0
975 -987 215 49 351163 0 0 0
1348 -2110 12 53 839269 0 0 0
2181 -269 98 32 492978 0 0 0
1399 -1271 130 35 262348 0 0 0
461 -367 201 99 139413 0 0 0
915 2055 10 98 364808 0 0 0
-521 1716 156 152 295926 0 0 0
-782 -2351 2 216 870623 0 0 0
-1634 -433 112 207 425421 0 0 0
-510 2149 25 97 543448 0 0 0
-275 1867 229 75 118822 0 0 0
2294 2285 136 215 111605 0 0 0
-1871 133 90 142 643346 0 0 0
1469 2055 159 76 797860 0 0 0
837 944 49 125 830475 0 0 0
-1888 -1429 229 191 633400 0 0 0
141 149 119 45 505225 0 0 0
1769 660 217 125 359126 0 0 0
2485 857 59 214 821252 0 0 0
1402 922 130 127 710441 0 0 0
178 1230 176 191 730640 0 0 0
-1483 -390 204 114 249106 0 0 0
-1924 -167 1 161 231430 0 0 0
664 -1466 139 87 871461 0 0 0
-1290 -451 123 3 776469 0 0 0
-2480 1311 166 186 773944 0 0 0
-408 -1608 50 127 425237 0 0 0
1200 1534 72 208 353049 0 0 0
-2230 -1577 81 180 921501 0 0 0
1550 -860 229 113 285903 0 0 0
-1256 -761 136 26 605182 0 0 0
1181 -620 166 153 972224 0 0 0
449 -1867 78 120 388794 0 0 0
916 -2243 208 207 353032 0 0 0
1979 1351 128 148 275101 0 0 0
2536 1334 29 149 889855 0 0 0
-1884 -2273 214 123 796504 0 0 0
1768 1561 33 210 205467 0 0 0
921 -2123 216 108 245797 0 0 0
-2584 -1374 106 93 925278 0 0 0
77 -1681 112 6 535846 0 0 0
-1916 831 149 76 645685 0 0 0
-211 1189 156 193 253034 0 0 0
46 1322 55 162 251332 0 0 0
-1403 -1885 34 48 169504 0 0 0
1969 -2154 89 23 298300 0 0 0
-1687 -2138 152 75 839480 0 0 0
306 -51 115 154 437638 0 0 0
-1342 -1561 219 146 383525 0 0 0
-301 829 73 34 209714 0 0 0
1356 -531 133 59 605472 0 0 0
2542 1293 208 76 810140 0 0 0
2246 273 233 218 330024 0 0 0
1071 1472 83 207 179842 0 0 0
2458 242 137 62 404877 0 0 0
-408 1879 30 151 626070 0 0 0
-1467 -1510 133 36 262877 0 0 0
-1049 437 155 41 504202 0 0 0
1269 -1556 9 26 863669 0 0 0
1591 -46 193 209 826346 0 0 0
303 -1083 59 145 232864 0 0 0
-140 -1787 52 14 249011 0 0 0
-14 1007 195 133 360776 0 0 0
2519 151 49 1 306157 0 0 0
2100 -2265 2 173 364164 0 0 0
-1290 -743 156 220 494400 0 0 0
-523 176 191 145 141634 0 0 0
-1413 421 134 210 769716 0 0 0
-1180 399 154 204 990605 0 0 0
-776 1573 197 132 645863 0 0 0
-1769 285 3 103 786979 0 0 0
2383 -1663 2 64 320418 0 0 0
-2427 -495 224 153 795385 0 0 0
2449 2013 78 17 661328 0 0 0
-222 1894 118 101 913790 0 0 0
312 -2513 160 131 909883 0 0 0
-2126 1182 42 31 189056 0 0 0
-1504 1772 149 147 967708 0 0 0
-718 2221 70 74 885031 0 0 0
-1514 -623 138 68 465170 0 0 0
821 2340 6 166 238728 0 0 0
610 -548 172 66 641444 0 0 0
-2464 -2356 146 9 242159 0 0 0
-2275 -1244 208 149 315567 0 0 0
-1426 -2009 82 106 796006 0 0 0
2044 -312 35 207 940129 0 0 0
2415 78 42 11 743063 0 0 0
-463 1225 66 175 439461 0 0 0
-1822 710 86 38 754202 0 0 0
1543 -1161 185 117 417726 0 0 0
1822 2435 140 143 649557 0 0 0
652 -2411 101 21 101913 0 0 0
-62 2020 68 37 540500 0 0 0
-2227 -295 18 46 630861 0 0 0
1488 -1585 62 220 339866 0 0 0
-1480 -1744 39 76 234084 0 0 0
-754 764 8 48 913218 0 0 0
1700 642 13 113 155045 0 0 0
1718 2156 163 15 376325 0 0 0
-1484 708 103 145 896215 0 0 0
-487 -2247 163 184 695215 0 0 0
-762 1074 197 35 824436 0 0 0
1333 -178 218 175 154834 0 0 0
2454 -256 155 186 906951 0 0 0
172 -1519 211 177 226641 0 0 0
2065 751 205 140 317959 0 0 0
2392 430 195 210 462524 0 0 0
-2339 -150 203 152 358498 0 0 0
655 -1981 52 115 598344 0 0 0
-540 -1103 30 184 666899 0 0 0
2387 2275 105 84 661250 0 0 0
-1492 -30 199 164 869759 0 0 0
-1148 -252 82 76 333625 0 0 0
2017 -241 137 63 461660 0 0 0
65 -895 34 21 469256 0 0 0
714 1874 33 61 806659 0 0 0
1024 -394 67 113 702754 0 0 0
2098 -1676 92 189 412628 0 0 0
-1091 -1252 185 44 285061 0 0 0
955 1337 217 7 678750 0 0 0
206 -1389 11 121 508684 0 0 0
-1519 -441 93 155 912722 0 0 0
-1620 -2241 133 135 310255 0 0 0
-587 1744 201 73 758423 0 0 0
-2290 -557 149 194 375709 0 0 0
2465 -2113 172 168 770951 0 0 0
458 -514 175 189 882133 0 0 0
-372 -450 58 147 602728 0 0 0
-256 -725 226 212 117400 0 0 0
1058 2376 70 40 672934 0 0 0
1050 -2410 210 92 687836 0 0 0
1503 -1763 5 105 812214 0 0 0
-2178 -79 205 128 161140 0 0 0
