2700
722 -2353 139 48 859358 0 0 0
1995 1072 76 159 520999 0 0 0
123 1044 228 150 559119 0 0 0
-1240 -2597 80 90 356530 0 0 0
1668 1639 143 9 117706 0 0 0
-2215 849 181 125 829044 0 0 0
-1976 -676 123 168 878438 0 0 0
1523 -1008 192 39 544936 0 0 0
-1322 -2354 149 47 306674 0 0 0
-1913 -2465 5 171 211137 0 0 0
-2154 517 190 184 578466 0 0 0
2097 -2446 19 220 981298 0 0 0
207 -1869 70 118 427473 0 0 0
-2063 -1856 105 91 158074 0 0 0
1581 1656 141 67 748948 0 0 0
-1872 1632 16 197 920617 0 0 0
2003 -1574 115 186 448418 0 0 0
-894 -1004 127 44 615393 0 0 0
1589 950 21 74 216048 0 0 0
1653 1491 87 222 594832 0 0 0
-607 -1073 88 115 334932 0 0 0
2307 1299 213 206 881448 0 0 0
613 -1691 3 128 182219 0 0 0
2515 -2417 61 145 756884 0 0 0
704 -1196 229 103 831779 0 0 0
253 -1058 68 132 598040 0 0 0
826 575 135 10 967466 0 0 0
669 -120 166 213 924228 0 0 0
798 -1419 155 49 343150 0 0 0
-940 269 22 207 711572 0 0 0
223 1433 163 62 741561 0 0 0
1230 55 35 166 159705 0 0 0
556 1359 14 164 800461 0 0 0
-807 -299 136 20 336935 0 0 0
2012 797 92 155 410422 0 0 0
-226 -20 236 197 151746 0 0 0
2105 412 125 225 740152 0 0 0
-2524 -446 84 41 327129 0 0 0
1948 2360 134 87 445171 0 0 0
-225 -1922 225 137 150205 0 0 0
1760 -2364 131 186 448567 0 0 0
-25 2512 120 65 675491 0 0 0
901 0 160 6 292293 0 0 0
698 -1284 203 9 314251 0 0 0
1743 285 61 56 791761 0 0 0
-764 1827 62 1 618779 0 0 0
2562 -1100 27 118 153071 0 0 0
-11 -2149 205 5 439656 0 0 0
2271 -920 17 168 308567 0 0 0
24 -320 36 221 229163 0 0 0
-1186 -1231 142 216 388238 0 0 0
151 2660 56 24 384240 0 0 0
-2206 -361 139 66 279434 0 0 0
-399 -2124 104 207 611114 0 0 0
-1317 940 11 131 867977 0 0 0
258 -2385 240 186 410456 0 0 0
2294 631 137 138 282173 0 0 0
-2488 69 15 96 397258 0 0 0
-1605 -1567 118 178 749790 0 0 0
2466 -99 177 220 480328 0 0 0
2162 1632 78 92 422284 0 0 0
-970 2471 98 30 293254 0 0 0
2689 945 24 71 476308 0 0 0
409 -930 75 69 759834 0 0 0
403 -2264 67 23 272708 0 0 0
2084 -2363 112 49 561668 0 0 0
2548 -705 156 70 333909 0 0 0
1054 3 157 69 386082 0 0 0
-72 -856 108 81 580737 0 0 0
1119 2147 123 101 745811 0 0 0
229 797 171 127 526423 0 0 0
672 2642 188 28 531664 0 0 0
537 1225 102 93 830495 0 0 0
1318 2367 241 162 129883 0 0 0
-2101 -2473 146 36 697586 0 0 0
-2647 -937 68 145 130856 0 0 0
-475 -579 140 108 632530 0 0 0
-2210 2473 228 138 322940 0 0 0
-2555 414 139 71 335269 0 0 0
-520 2064 128 70 296165 0 0 0
2068 -170 59 128 176358 0 0 0
2516 -828 99 216 875979 0 0 0
-607 323 24 214 616685 0 0 0
-2406 -1341 176 141 297035 0 0 0
1879 -2054 112 144 633272 0 0 0
-1699 -271 80 80 556376 0 0 0
-2589 924 70 147 276813 0 0 0
2668 544 170 136 215928 0 0 0
-2419 792 53 194 563965 0 0 0
-1505 -337 197 116 524975 0 0 0
-411 -630 134 6 450031 0 0 0
-1752 1770 191 162 737936 0 0 0
-967 -2627 68 93 719131 0 0 0
-1657 -2543 212 173 599125 0 0 0
854 1107 21 213 845116 0 0 0
-1147 1155 178 205 437658 0 0 0
-1815 -1307 181 21 363257 0 0 0
52 -1739 41 87 558318 0 0 0
2326 1566 131 30 928300 0 0 0
-1548 1977 148 207 439336 0 0 0
-221 900 74 107 703134 0 0 0
868 -1617 183 220 980390 0 0 0
-218 1232 7 151 869379 0 0 0
2180 -1993 220 179 172658 0 0 0
249 473 55 49 871558 0 0 0
-654 -268 228 142 828194 0 0 0
-1980 534 226 21 712197 0 0 0
-1942 -570 198 165 889363 0 0 0
1294 1921 111 103 254257 0 0 0
-2455 -2647 230 87 476165 0 0 0
251 -2009 134 191 328457 0 0 0
2363 314 122 95 617592 0 0 0
264 697 60 218 949211 0 0 0
-2674 1727 190 17 192700 0 0 0
-1714 -1751 77 92 776253 0 0 0
1232 -437 208 4 478949 0 0 0
-2563 181 190 211 862716 0 0 0
-418 -2011 98 124 610994 0 0 0
-1628 713 14 215 161499 0 0 0
483 -1334 88 221 688295 0 0 0
-982 -2188 151 15 177598 0 0 0
-681 -964 181 97 929127 0 0 0
-1341 -17 103 84 257355 0 0 0
1874 -2317 88 28 192238 0 0 0
2065 417 57 80 137486 0 0 0
679 2484 45 166 403552 0 0 0
2436 2376 39 23 542097 0 0 0
2407 2636 124 42 684270 0 0 0
1340 2635 24 62 203200 0 0 0
1049 363 215 172 739640 0 0 0
-310 177 236 80 307189 0 0 0
1333 279 166 184 419989 0 0 0
-527 642 129 186 101745 0 0 0
1991 -1329 83 37 126783 0 0 0
-458 2364 240 137 560526 0 0 0
-2443 -1059 71 46 588412 0 0 0
928 -1099 82 40 544822 0 0 0
2307 -987 187 188 486829 0 0 0
-1035 2351 207 132 511390 0 0 0
-2261 -2211 131 175 636978 0 0 0
-302 2261 173 148 400638 0 0 0
-2625 -2131 22 149 609607 0 0 0
1076 -781 69 90 936469 0 0 0
377 1302 59 111 207189 0 0 0
2468 704 71 159 469991 0 0 0
-1749 -2479 147 73 538647 0 0 0
1296 -2152 83 111 838070 0 0 0
962 -314 207 93 922606 0 0 0
2370 310 82 156 466106 0 0 0
-1521 685 221 130 868669 0 0 0
-1826 -469 68 78 556527 0 0 0
-2170 1605 176 44 842097 0 0 0
889 1956 160 5 793825 0 0 0
2648 -2650 119 169 146444 0 0 0
1394 61 32 167 375622 0 0 0
2568 -575 26 72 200452 0 0 0
-1833 -2164 7 138 242696 0 0 0
-2387 461 50 154 129945 0 0 0
1401 -2403 118 148 692297 0 0 0
-2359 2600 201 51 696366 0 0 0
-2684 -1490 151 53 422482 0 0 0
-846 -1223 152 3 161643 0 0 0
-1059 -1481 117 222 356678 0 0 0
1830 673 82 38 761857 0 0 0
694 184 214 217 976903 0 0 0
-2447 -1810 26 131 722188 0 0 0
979 746 123 77 818595 0 0 0
-1146 -2230 124 163 113627 0 0 0
767 -2270 198 52 804032 0 0 0
-2135 -1960 84 99 163056 0 0 0
-2350 837 11 224 672394 0 0 0
-2038 657 27 55 407700 0 0 0
937 606 67 132 461441 0 0 0
1361 904 221 210 404129 0 0 0
1673 332 218 40 341352 0 0 0
2228 -1891 4 39 541937 0 0 0
968 1609 4 157 743508 0 0 0
504 -1994 13 197 239365 0 0 0
-1817 -1176 67 121 404063 0 0 0
-1783 2275 207 167 854352 0 0 0
-2605 -1949 178 167 975096 0 0 0
-1366 -49 166 35 734006 0 0 0
-498 -123 121 127 938101 0 0 0
1553 -1316 232 194 576803 0 0 0
-102 -1989 122 85 844292 0 0 0
1844 2580 163 106 535724 0 0 0
1961 2590 159 114 623875 0 0 0
1158 -374 216 160 115354 0 0 0
1151 -2593 155 7 533404 0 0 0
1845 1992 39 188 816795 0 0 0
-391 2297 75 107 400802 0 0 0
-1918 -781 222 87 700651 0 0 0
1140 2575 51 27 417799 0 0 0
-1147 -632 99 127 379768 0 0 0
2342 -1748 29 95 184275 0 0 0
742 -1293 169 178 272170 0 0 0
-1315 1754 131 227 584722 0 0 0
1813 -1803 73 146 702303 0 0 0
-1664 -1082 25 115 227792 0 0 0
-320 2180 134 220 394431 0 0 0
-2615 -493 5 59 876212 0 0 0
-1007 -933 63 34 549090 0 0 0
-1392 619 186 90 452511 0 0 0
180 -1654 100 201 552853 0 0 0
-882 75 215 184 901672 0 0 0
826 1012 102 142 742125 0 0 0
-1704 1830 76 105 130050 0 0 0
-1490 -329 223 131 185955 0 0 0
2347 77 140 207 127831 0 0 0
-367 -543 103 154 295668 0 0 0
-2418 134 49 62 295431 0 0 0
-842 -1362 189 149 124120 0 0 0
714 751 95 32 421390 0 0 0
1129 2383 51 171 307550 0 0 0
-1007 -1973 66 44 621684 0 0 0
338 2691 140 131 596128 0 0 0
404 700 208 48 611753 0 0 0
-1935 -2131 91 146 338835 0 0 0
2501 2536 89 153 253160 0 0 0
-1720 463 67 66 903084 0 0 0
-1897 929 2 104 726864 0 0 0
981 -2556 90 186 366229 0 0 0
-1649 2138 168 204 632381 0 0 0
2507 2587 65 55 963687 0 0 0
-1945 2028 143 198 969018 0 0 0
1654 -2050 144 96 143110 0 0 0
-1725 705 236 174 539061 0 0 0
118 2682 199 202 936563 0 0 0
2388 -2415 202 225 718932 0 0 0
-86 -1559 136 81 601355 0 0 0
-2140 -989 49 6 839991 0 0 0
44 -2156 121 131 147988 0 0 0
531 183 135 216 189657 0 0 0
1486 -1850 72 186 860149 0 0 0
-1626 2061 131 9 710715 0 0 0
1040 -1207 93 80 928190 0 0 0
-888 -1999 214 82 750017 0 0 0
648 606 128 155 866036 0 0 0
-2068 1819 216 206 575932 0 0 0
-2237 1016 147 46 526837 0 0 0
192 -1907 57 215 865533 0 0 0
-1070 -1334 111 60 932348 0 0 0
-724 -1642 58 174 649319 0 0 0
-254 -1323 111 133 829390 0 0 0
-994 -2427 159 96 630371 0 0 0
-2169 -2363 56 188 747162 0 0 0
1053 2137 109 142 588133 0 0 0
-2633 677 141 193 883939 0 0 0
-1423 201 8 8 442098 0 0 0
759 2209 59 197 676568 0 0 0
715 -611 63 21 634266 0 0 0
1934 -1404 208 19 524204 0 0 0
-1899 -2134 185 80 509607 0 0 0
1306 -321 5 148 101893 0 0 0
1814 894 211 143 664474 0 0 0
430 774 138 47 945153 0 0 0
-716 1494 81 80 886068 0 0 0
1117 -2401 164 51 572504 0 0 0
-2453 -1855 228 60 785606 0 0 0
1710 1664 74 204 250282 0 0 0
-1450 216 211 41 626682 0 0 0
679 -713 135 178 957255 0 0 0
-1810 1545 118 139 571223 0 0 0
321 2048 97 201 757579 0 0 0
-466 -1458 201 179 220843 0 0 0
955 559 164 85 149565 0 0 0
-2076 -1432 139 154 700787 0 0 0
2442 -647 158 166 463525 0 0 0
2445 543 5 228 490287 0 0 0
-1988 2295 94 204 137359 0 0 0
-1252 1890 179 165 904983 0 0 0
536 -678 3 31 925724 0 0 0
382 1064 207 71 242174 0 0 0
-2355 1255 79 223 500374 0 0 0
-1488 -111 25 114 851756 0 0 0
1249 1676 116 101 936692 0 0 0
-352 232 94 103 557171 0 0 0
2049 950 7 19 885881 0 0 0
-359 -2419 40 71 736294 0 0 0
-857 369 187 219 922337 0 0 0
-1666 2466 78 149 113056 0 0 0
885 -1140 39 70 751129 0 0 0
-85 903 219 161 843703 0 0 0
466 -1194 20 57 904484 0 0 0
1555 -1825 144 182 395704 0 0 0
908 1402 7 64 762306 0 0 0
598 1861 187 145 887795 0 0 0
622 -1318 40 196 820936 0 0 0
2362 867 68 211 795041 0 0 0
-132 -778 91 54 541687 0 0 0
-1409 480 98 68 428242 0 0 0
1365 2158 135 225 541955 0 0 0
1484 -1205 136 217 603227 0 0 0
1918 -1119 165 151 356913 0 0 0
1735 -394 141 192 769481 0 0 0
-627 -2375 192 180 896518 0 0 0
-2440 -1072 112 36 368471 0 0 0
1906 -611 53 182 304550 0 0 0
94 1896 32 206 793802 0 0 0
1503 -605 95 146 287642 0 0 0
-292 2344 204 1 974650 0 0 0
-871 2154 125 17 630608 0 0 0
1487 -1438 163 94 744024 0 0 0
207 -916 99 146 760062 0 0 0
844 2368 31 155 200051 0 0 0
-2046 172 144 75 624361 0 0 0
-2280 -646 222 226 606500 0 0 0
2626 1456 168 171 914494 0 0 0
-1999 -730 226 174 970106 0 0 0
10 1136 85 21 635343 0 0 0
434 -96 164 67 900844 0 0 0
-1072 -1535 20 69 589916 0 0 0
-1151 1383 71 148 228588 0 0 0
-1552 -271 204 164 187199 0 0 0
893 2503 225 17 696883 0 0 0
2693 325 125 186 514332 0 0 0
2074 -2304 123 74 465381 0 0 0
1688 -1307 20 163 465453 0 0 0
539 -1207 157 210 119813 0 0 0
-1577 -1489 233 11 936419 0 0 0
1313 2692 163 16 891628 0 0 0
-1231 834 24 137 752124 0 0 0
-2100 -1152 68 119 855943 0 0 0
-1447 -2398 92 111 117704 0 0 0
-763 -1089 203 134 334892 0 0 0
-1847 -1933 192 93 218985 0 0 0
-1767 957 172 58 402035 0 0 0
1719 -2080 233 14 875049 0 0 0
-766 2666 9 154 957941 0 0 0
1478 1086 17 160 865120 0 0 0
1807 1933 194 102 119311 0 0 0
741 -1152 91 55 275976 0 0 0
422 -594 195 146 489549 0 0 0
-1824 2616 181 65 555895 0 0 0
-1050 685 85 118 974103 0 0 0
1273 2225 97 88 501669 0 0 0
325 -1507 156 163 491943 0 0 0
2207 -103 94 22 404376 0 0 0
-1575 -191 89 104 219451 0 0 0
2607 1013 228 86 628184 0 0 0
223 -2054 52 129 373013 0 0 0
-2375 -1334 189 3 664903 0 0 0
78 202 132 6 289484 0 0 0
2189 -1428 48 146 633526 0 0 0
499 1201 45 129 807091 0 0 0
1644 1951 199 113 796216 0 0 0
-244 -1570 200 122 850157 0 0 0
2192 -156 96 28 433739 0 0 0
-1496 801 174 166 114508 0 0 0
1174 -1701 113 9 425247 0 0 0
987 2468 210 116 606238 0 0 0
1252 292 166 160 230163 0 0 0
-1417 198 32 80 454722 0 0 0
624 -945 91 16 278323 0 0 0
2269 2130 241 155 359749 0 0 0
-1190 2688 130 193 347070 0 0 0
-1549 2429 226 123 132181 0 0 0
2564 -1854 114 67 935706 0 0 0
1537 -54 229 144 763192 0 0 0
1644 118 85 41 992545 0 0 0
1981 870 150 140 505443 0 0 0
-1128 -918 116 100 135514 0 0 0
-838 -1864 136 50 394868 0 0 0
1256 -1839 229 11 795412 0 0 0
202 259 195 62 739606 0 0 0
772 1467 153 64 160386 0 0 0
2562 2217 57 121 212650 0 0 0
-637 -390 226 125 378035 0 0 0
-495 2315 99 8 600957 0 0 0
-2313 -1758 15 178 337405 0 0 0
2074 -2543 36 161 408843 0 0 0
-491 -2083 98 91 105437 0 0 0
1748 -2574 193 202 507040 0 0 0
-2700 2342 239 163 805813 0 0 0
-1079 -1533 55 20 249120 0 0 0
94 2518 228 196 226922 0 0 0
-635 1013 113 96 759372 0 0 0
1840 686 15 198 977499 0 0 0
-1430 -946 100 84 167829 0 0 0
1544 1538 89 102 461320 0 0 0
-1168 -1919 150 154 727238 0 0 0
1019 993 135 5 618488 0 0 0
-2660 -2502 207 104 708582 0 0 0
673 1215 64 139 326176 0 0 0
2236 -1326 210 121 365694 0 0 0
1730 -2300 79 187 559150 0 0 0
-2668 -320 22 40 771324 0 0 0
2179 647 171 20 553277 0 0 0
819 -2072 85 171 452338 0 0 0
1557 -1022 106 14 874213 0 0 0
1822 1760 85 9 900636 0 0 0
114 1224 150 87 535406 0 0 0
-491 -2003 138 77 321439 0 0 0
-672 1625 179 51 977146 0 0 0
-1129 2253 153 127 316407 0 0 0
-2074 -2458 226 220 251996 0 0 0
-2188 -2023 103 41 141856 0 0 0
-49 -765 101 76 722254 0 0 0
2232 -1083 56 143 297376 0 0 0
-1632 2572 124 131 851468 0 0 0
-1826 515 100 21 999065 0 0 0
2296 1677 115 207 999465 0 0 0
2064 2017 235 86 358136 0 0 0
1157 -1353 135 118 502366 0 0 0
-2657 -2113 28 94 137724 0 0 0
660 -766 227 96 797275 0 0 0
-2254 943 74 62 152048 0 0 0
1815 1907 73 35 159595 0 0 0
-2609 -1154 134 146 273780 0 0 0
-96 -512 26 227 116186 0 0 0
-1413 -100 59 23 288564 0 0 0
742 2486 229 218 155819 0 0 0
-1962 -2595 215 72 279610 0 0 0
-208 2208 226 7 840146 0 0 0
2561 1324 234 1 679295 0 0 0
-1627 -2442 111 149 127831 0 0 0
-1669 543 50 81 944550 0 0 0
-491 778 35 70 122534 0 0 0
-1149 -2091 171 98 607422 0 0 0
-1462 -1384 150 108 698697 0 0 0
2404 1250 18 168 928968 0 0 0
729 -2380 66 152 908319 0 0 0
92 -24 104 177 634338 0 0 0
2178 2396 90 29 234474 0 0 0
-1702 2486 52 125 221193 0 0 0
2591 -2044 14 114 654652 0 0 0
-1247 462 78 190 459306 0 0 0
-569 312 74 144 776581 0 0 0
760 1064 132 192 156058 0 0 0
-1216 1272 43 98 520369 0 0 0
-2412 -1476 209 176 525405 0 0 0
818 65 6 166 906786 0 0 0
1315 -719 233 103 839171 0 0 0
2078 -2100 186 169 623574 0 0 0
-1206 299 85 35 712826 0 0 0
192 883 93 9 900543 0 0 0
-1308 579 14 70 428673 0 0 0
-211 -732 67 121 374549 0 0 0
1452 -2362 51 125 492444 0 0 0
82 -721 224 208 101590 0 0 0
-78 1281 106 139 256331 0 0 0
834 -1731 25 4 208794 0 0 0
2557 -1070 156 18 404287 0 0 0
-2338 -2517 129 10 213323 0 0 0
185 1964 232 211 645451 0 0 0
-1032 2407 225 27 455628 0 0 0
1030 1501 127 213 257992 0 0 0
1795 -1740 96 35 577256 0 0 0
983 -537 209 202 655998 0 0 0
-354 -699 179 48 189391 0 0 0
1073 -703 110 87 804877 0 0 0
2069 1890 71 7 887468 0 0 0
-2320 -2227 101 79 428242 0 0 0
-2230 -1968 150 207 882719 0 0 0
-912 -1568 174 96 668719 0 0 0
1509 -213 210 126 733054 0 0 0
-1024 95 106 112 792411 0 0 0
-1882 2348 232 179 580023 0 0 0
100 -2488 168 27 810427 0 0 0
1235 2535 32 70 814152 0 0 0
6 2515 116 177 777359 0 0 0
2394 -1673 213 87 880627 0 0 0
440 1783 83 54 296045 0 0 0
1008 -276 155 225 120463 0 0 0
270 266 59 201 820213 0 0 0
-1120 2420 8 61 949139 0 0 0
1078 1301 107 191 796083 0 0 0
1553 -950 150 202 907452 0 0 0
-2023 1590 240 227 890213 0 0 0
-2418 -2400 47 217 828453 0 0 0
-802 -476 147 32 664081 0 0 0
2658 -2223 196 111 945890 0 0 0
-2287 -320 221 199 550891 0 0 0
1717 -865 45 64 917448 0 0 0
2038 1389 192 216 994083 0 0 0
1922 -541 132 20 841984 0 0 0
-2694 -399 52 184 849655 0 0 0
1964 2219 170 75 458605 0 0 0
885 -923 124 73 259531 0 0 0
-1585 1041 100 153 631440 0 0 0
964 -1377 231 33 279713 0 0 0
-407 -978 220 52 257925 0 0 0
1931 -2207 232 204 626601 0 0 0
-1060 1989 206 144 100586 0 0 0
2171 -1493 178 102 406485 0 0 0
-728 -2614 60 128 366526 0 0 0
-919 1299 33 49 954882 0 0 0
-974 943 7 44 909155 0 0 0
1664 2105 127 130 505388 0 0 0
-1018 -303 52 33 987956 0 0 0
-1525 178 223 48 632541 0 0 0
-550 -1391 94 166 622658 0 0 0
2083 -2206 232 35 501560 0 0 0
83 -1874 46 52 909549 0 0 0
1362 980 229 58 622591 0 0 0
605 2458 192 143 222590 0 0 0
1991 -2170 71 226 503565 0 0 0
109 -669 60 130 422546 0 0 0
427 397 92 214 700335 0 0 0
-1924 205 93 197 759669 0 0 0
-2290 -722 191 85 814267 0 0 0
-1635 2442 4 104 761380 0 0 0
721 2011 149 24 362549 0 0 0
-865 -519 35 51 339542 0 0 0
1040 2304 63 86 842464 0 0 0
-1128 -1754 52 2 659397 0 0 0
-943 1638 23 56 465852 0 0 0
1681 -1422 109 101 235443 0 0 0
2336 1285 169 194 211879 0 0 0
-2126 -671 191 221 891439 0 0 0
-2203 2298 232 217 408577 0 0 0
-2101 -1102 33 200 472060 0 0 0
-1818 -2220 212 225 125724 0 0 0
2279 -337 191 211 453721 0 0 0
845 1550 186 175 988013 0 0 0
-2628 -2455 66 48 782287 0 0 0
-2249 2153 184 159 285667 0 0 0
-2422 -230 130 107 843135 0 0 0
-1134 -162 199 8 607002 0 0 0
-631 -2242 72 115 806860 0 0 0
423 2218 100 10 936671 0 0 0
-697 -673 139 142 759145 0 0 0
1383 -2147 105 34 811191 0 0 0
-745 -2561 40 55 869078 0 0 0
-1917 287 36 185 200940 0 0 0
-2036 -447 99 132 942574 0 0 0
423 -668 53 210 105048 0 0 0
-1069 2372 73 99 706671 0 0 0
1184 2038 20 218 165149 0 0 0
1441 2457 209 33 742979 0 0 0
861 2150 240 218 809562 0 0 0
-563 413 222 93 439246 0 0 0
2188 -850 167 24 900181 0 0 0
2440 -1243 61 11 533080 0 0 0
-941 1615 232 160 434050 0 0 0
2303 1099 208 138 639680 0 0 0
-2119 -851 136 16 935996 0 0 0
-3 -1959 215 82 754759 0 0 0
958 1693 142 114 606941 0 0 0
-2336 -153 228 197 240902 0 0 0
-1061 -249 194 101 775632 0 0 0
-651 977 50 216 537277 0 0 0
-1642 -450 126 97 371790 0 0 0
-1522 -2694 137 140 287859 0 0 0
-1922 -2381 35 17 322638 0 0 0
-1325 -1506 7 5 826537 0 0 0
2648 1760 149 195 975727 0 0 0
-397 1494 205 65 524195 0 0 0
1945 717 236 153 944231 0 0 0
1094 -376 186 151 152394 0 0 0
-2097 -1824 154 190 908724 0 0 0
926 -2339 101 212 550925 0 0 0
-609 -374 15 225 446060 0 0 0
1976 1875 14 3 448645 0 0 0
-488 -1676 22 207 601797 0 0 0
125 258 183 163 258974 0 0 0
-1806 2273 3 183 602713 0 0 0
245 -1944 225 185 832641 0 0 0
1444 278 117 22 784252 0 0 0
1902 -602 15 210 963523 0 0 0
2406 -458 65 13 799654 0 0 0
1161 -1356 88 18 755822 0 0 0
371 1177 76 66 141287 0 0 0
-838 1566 72 162 563313 0 0 0
-2343 -1524 183 5 827016 0 0 0
-1766 -65 233 12 107103 0 0 0
769 1963 86 48 860723 0 0 0
2691 -1002 212 74 303639 0 0 0
-660 2533 198 170 183680 0 0 0
536 -580 36 55 555700 0 0 0
2663 1287 39 200 908931 0 0 0
714 -253 105 66 130268 0 0 0
864 -2699 116 141 398991 0 0 0
2696 -932 201 3 700139 0 0 0
1283 1743 168 20 773394 0 0 0
2590 -458 230 190 382252 0 0 0
-390 1763 167 59 272759 0 0 0
832 -1459 150 166 634782 0 0 0
2571 -1613 95 14 427721 0 0 0
-1174 -1231 125 146 272989 0 0 0
2023 -2418 140 227 537158 0 0 0
1308 1891 220 67 918403 0 0 0
142 870 76 93 532535 0 0 0
-1225 1486 8 193 951458 0 0 0
2080 -805 127 129 599581 0 0 0
-788 -1202 90 48 444548 0 0 0
1162 1129 138 118 631201 0 0 0
1001 -2533 117 169 350284 0 0 0
-2085 843 217 113 265959 0 0 0
-1209 1328 105 216 392302 0 0 0
-1778 -2427 51 180 406647 0 0 0
228 900 91 149 437602 0 0 0
-1301 -712 191 21 262291 0 0 0
478 -308 45 196 968556 0 0 0
-2393 937 68 20 524982 0 0 0
2145 -169 206 113 114368 0 0 0
1328 1208 127 120 930887 0 0 0
-1461 -1471 28 181 739363 0 0 0
-2429 2423 30 6 755930 0 0 0
-1120 520 30 175 708925 0 0 0
1965 2284 55 210 697980 0 0 0
1965 -1591 95 224 146608 0 0 0
-2534 552 193 142 298002 0 0 0
-1307 2608 216 79 967261 0 0 0
-1957 -2262 236 40 520954 0 0 0
-1194 448 173 131 854438 0 0 0
1082 1888 107 8 668687 0 0 0
-480 -1834 77 81 472939 0 0 0
2114 -75 31 19 871453 0 0 0
126 -2295 174 182 443911 0 0 0
-2021 113 205 179 901450 0 0 0
-1125 213 239 60 200307 0 0 0
2499 -642 81 192 376279 0 0 0
1792 -248 30 49 775163 0 0 0
-1737 -1889 40 11 286806 0 0 0
1483 1225 211 125 595149 0 0 0
-2276 2669 183 123 428212 0 0 0
-2466 -1057 116 188 671004 0 0 0
672 -1463 160 210 171202 0 0 0
-505 -2598 184 107 696382 0 0 0
333 2611 217 168 364186 0 0 0
592 -85 188 60 969405 0 0 0
-2079 -1686 99 65 348072 0 0 0
1445 1790 21 207 643992 0 0 0
715 2114 133 27 346683 0 0 0
2436 -1020 143 181 918732 0 0 0
591 2694 125 20 886590 0 0 0
-1225 -891 155 125 974099 0 0 0
-2325 186 157 126 125625 0 0 0
2371 -719 146 16 289250 0 0 0
-193 -665 26 42 260686 0 0 0
284 1143 176 15 532218 0 0 0
1183 -1398 220 164 393730 0 0 0
567 582 53 93 844688 0 0 0
1389 -1047 1 89 190480 0 0 0
-1447 1661 168 17 540166 0 0 0
343 -2254 150 151 934377 0 0 0
-1962 -375 96 161 347197 0 0 0
-12 2093 213 103 815562 0 0 0
-2505 567 32 159 155824 0 0 0
-2553 21 97 143 634431 0 0 0
-2666 2008 124 116 636181 0 0 0
-1702 2524 227 150 285718 0 0 0
11 2642 185 133 336863 0 0 0
932 2590 41 41 186669 0 0 0
-1406 -112 45 114 285691 0 0 0
2225 373 101 156 403096 0 0 0
1178 2587 114 18 172813 0 0 0
2678 1923 155 83 756433 0 0 0
-1010 1490 77 218 639693 0 0 0
-2181 -1223 188 11 957294 0 0 0
-1401 -638 231 142 946156 0 0 0
1622 -23 175 162 407983 0 0 0
320 2528 68 109 665653 0 0 0
632 -1444 31 137 804218 0 0 0
-543 -1890 198 38 270288 0 0 0
1556 -431 173 39 596332 0 0 0
-2284 658 107 222 308991 0 0 0
-2281 334 66 151 807013 0 0 0
-1449 -505 95 113 344153 0 0 0
403 1367 161 1 288049 0 0 0
-910 -566 102 95 413795 0 0 0
-10 -78 187 142 121195 0 0 0
1095 456 104 6 152432 0 0 0
1081 571 121 172 269647 0 0 0
790 2098 219 106 415544 0 0 0
2039 1436 178 75 728281 0 0 0
-984 -864 166 17 339940 0 0 0
-107 543 219 7 728391 0 0 0
2242 1367 138 200 606957 0 0 0
2274 779 147 31 574591 0 0 0
1882 -1504 52 18 171505 0 0 0
-2230 545 130 3 353531 0 0 0
2319 180 47 19 285475 0 0 0
2421 -1235 103 190 622650 0 0 0
1938 -2426 199 2 989653 0 0 0
-530 -362 239 226 268883 0 0 0
-1690 1193 108 32 688364 0 0 0
-557 2584 222 110 572604 0 0 0
-858 -651 2 103 632989 0 0 0
2033 2619 107 28 989233 0 0 0
-1870 426 204 25 639407 0 0 0
-663 132 34 139 429151 0 0 0
-1246 -2011 188 100 749575 0 0 0
549 -2071 180 18 506557 0 0 0
-1158 -1125 58 134 295149 0 0 0
1968 2363 204 66 506247 0 0 0
682 -753 16 47 737424 0 0 0
1650 2206 203 192 111757 0 0 0
123 -571 90 211 660071 0 0 0
-1241 -226 116 134 291043 0 0 0
-738 1549 16 83 770871 0 0 0
110 -668 129 152 798917 0 0 0
1621 -1861 11 110 645336 0 0 0
-90 786 80 175 802801 0 0 0
1745 -2348 129 42 109469 0 0 0
1920 75 89 55 175026 0 0 0
686 -2195 128 91 639296 0 0 0
-1902 -138 186 209 700037 0 0 0
2587 -2157 191 110 667072 0 0 0
-222 -1156 113 85 745384 0 0 0
-2284 -1953 76 211 278394 0 0 0
2318 -1656 14 83 257289 0 0 0
2284 -320 227 131 154674 0 0 0
2020 10 3 199 701770 0 0 0
-1231 1945 109 16 718098 0 0 0
-320 -52 6 6 629522 0 0 0
1064 366 46 113 245575 0 0 0
2612 -2627 140 98 933136 0 0 0
-1162 -1404 174 143 662118 0 0 0
2040 -886 7 81 425131 0 0 0
-472 2225 48 204 945343 0 0 0
2224 -172 202 216 483870 0 0 0
1703 -878 240 54 194802 0 0 0
-289 -1641 195 178 105886 0 0 0
317 534 184 177 555711 0 0 0
-1373 -1084 188 202 365514 0 0 0
-406 1226 70 66 100147 0 0 0
-1155 1502 216 9 967758 0 0 0
782 -410 73 126 278369 0 0 0
978 -1839 166 104 879843 0 0 0
269 -1437 97 199 424224 0 0 0
2658 1641 73 42 604734 0 0 0
1354 -848 238 4 674504 0 0 0
-2267 -86 86 145 473691 0 0 0
-1231 -2140 57 199 691117 0 0 0
-1143 -2464 79 57 624026 0 0 0
1378 -1475 136 23 954785 0 0 0
-443 -2105 198 122 795813 0 0 0
301 1668 14 218 855514 0 0 0
-2616 147 197 179 100085 0 0 0
-2072 1725 45 146 416196 0 0 0
-1242 1109 234 90 869925 0 0 0
-2105 695 125 126 174103 0 0 0
596 110 62 151 116256 0 0 0
-2202 314 45 10 330601 0 0 0
-2356 851 37 89 444834 0 0 0
-492 -1860 26 124 892777 0 0 0
1609 -1219 155 138 903768 0 0 0
2603 -167 75 102 463877 0 0 0
273 -1096 240 221 494612 0 0 0
2246 -568 237 130 946761 0 0 0
-1960 -2524 29 179 596317 0 0 0
1369 1908 83 91 585248 0 0 0
-1064 -523 124 41 648438 0 0 0
2271 1836 73 212 710053 0 0 0
1154 -967 131 119 191601 0 0 0
-1200 1492 82 157 659406 0 0 0
-1661 833 125 187 275189 0 0 0
-2115 -1222 229 77 692857 0 0 0
-1412 1032 19 220 706456 0 0 0
257 1896 124 217 952815 0 0 0
1127 -116 82 160 489648 0 0 0
-168 -2242 111 169 869547 0 0 0
-619 -2060 122 11 684893 0 0 0
-1664 -511 9 81 700204 0 0 0
463 -797 192 79 235235 0 0 0
600 -2275 181 140 729251 0 0 0
-50 1552 89 148 156645 0 0 0
1732 -2191 42 12 843773 0 0 0
-1199 -783 129 170 760578 0 0 0
-980 8 217 178 979380 0 0 0
-1104 2173 12 204 599166 0 0 0
1548 -1179 84 143 921820 0 0 0
1313 -1671 31 178 909814 0 0 0
-1171 2258 140 53 540369 0 0 0
1640 -1261 38 169 806621 0 0 0
-1898 -1657 237 33 825214 0 0 0
-2528 996 45 27 343392 0 0 0
-177 -2693 75 139 393286 0 0 0
-2431 365 232 58 132650 0 0 0
981 1650 127 15 344889 0 0 0
-732 500 133 5 243156 0 0 0
933 -848 83 143 671286 0 0 0
-257 363 4 82 701829 0 0 0
-1825 -1083 114 56 457112 0 0 0
-2183 -585 52 90 816996 0 0 0
686 -1668 73 88 143350 0 0 0
2572 230 188 80 968781 0 0 0
-95 2024 165 134 441529 0 0 0
-2128 1630 39 192 518225 0 0 0
-1522 -654 211 193 173254 0 0 0
815 1193 232 160 936969 0 0 0
-1985 496 204 154 765029 0 0 0
-2097 2525 99 8 750047 0 0 0
1959 -1884 24 221 334617 0 0 0
-2545 2549 138 29 668742 0 0 0
2422 -1160 140 110 421900 0 0 0
-2393 -1078 132 129 488234 0 0 0
-2216 2548 135 54 485303 0 0 0
-1081 -902 194 222 300813 0 0 0
-174 -1228 100 202 849436 0 0 0
-887 -97 226 100 919990 0 0 0
-2601 -2567 16 144 567252 0 0 0
-1432 2094 91 45 200110 0 0 0
1192 -1096 141 175 650476 0 0 0
2419 -1506 161 152 799484 0 0 0
-492 -538 149 121 994011 0 0 0
-420 477 11 34 620972 0 0 0
749 1996 47 225 677807 0 0 0
2391 -644 15 71 338321 0 0 0
940 1431 62 77 624077 0 0 0
-1423 751 73 130 516614 0 0 0
630 616 55 107 613385 0 0 0
-1022 -101 197 189 887367 0 0 0
1896 2522 30 16 588000 0 0 0
-986 -613 124 210 644563 0 0 0
1419 443 158 154 764123 0 0 0
348 147 111 88 350656 0 0 0
-58 -1973 63 51 335459 0 0 0
1369 2158 70 228 353991 0 0 0
1272 -2590 121 36 964924 0 0 0
1316 -1353 162 93 920599 0 0 0
-2418 2201 228 38 916277 0 0 0
496 -2182 210 161 925101 0 0 0
1441 668 11 61 272984 0 0 0
-537 -1485 187 29 729511 0 0 0
-2596 1895 231 198 767486 0 0 0
-956 -53 84 172 156067 0 0 0
1755 115 163 178 397034 0 0 0
2363 -1029 21 18 970761 0 0 0
-1505 -485 150 51 683139 0 0 0
1644 1524 222 1 270389 0 0 0
-516 451 239 219 589008 0 0 0
-2133 -1442 51 1 756846 0 0 0
487 109 3 175 576445 0 0 0
358 296 155 20 548089 0 0 0
-2150 320 186 196 238881 0 0 0
-1830 2189 216 166 898173 0 0 0
760 -394 74 93 878476 0 0 0
-581 -1968 75 74 464162 0 0 0
-2393 -1809 175 51 155978 0 0 0
-1675 -2052 91 139 319477 0 0 0
2564 2085 59 162 712018 0 0 0
-4 -1200 48 182 890144 0 0 0
643 1537 101 112 632577 0 0 0
-1051 2493 119 109 837481 0 0 0
1932 -2422 90 109 960982 0 0 0
2241 -1606 101 198 565229 0 0 0
-911 1321 147 66 973320 0 0 0
-801 1968 77 142 379605 0 0 0
-219 -1786 135 225 427004 0 0 0
2178 614 156 174 650117 0 0 0
833 -2622 82 194 867416 0 0 0
768 1392 114 8 919826 0 0 0
-47 1615 113 193 724877 0 0 0
-2577 -2150 68 127 252209 0 0 0
1453 -2117 149 15 380340 0 0 0
1385 -1187 17 80 328694 0 0 0
-220 -1032 112 66 565536 0 0 0
2212 -736 133 204 475456 0 0 0
1408 -310 145 171 408446 0 0 0
-2568 722 53 69 907501 0 0 0
-1711 -1784 17 196 204060 0 0 0
197 2595 187 12 479925 0 0 0
-763 1337 241 146 943479 0 0 0
-2600 1409 96 217 548149 0 0 0
-2687 234 179 110 798527 0 0 0
-2070 2386 114 173 381506 0 0 0
-2189 -318 47 170 132888 0 0 0
-1828 162 160 35 418374 0 0 0
795 -1669 147 131 913992 0 0 0
-2092 973 128 181 776954 0 0 0
-68 -161 12 68 531533 0 0 0
-1884 1807 160 108 509071 0 0 0
2608 -1523 130 2 491650 0 0 0
609 496 171 55 387214 0 0 0
1662 1653 109 194 704134 0 0 0
2027 -2109 51 105 938353 0 0 0
-2446 1262 148 181 558132 0 0 0
220 -865 35 151 749025 0 0 0
-2236 1146 168 11 354946 0 0 0
-2003 -1951 21 122 731220 0 0 0
750 768 190 183 781805 0 0 0
-767 1618 205 212 706741 0 0 0
-368 -582 48 67 424590 0 0 0
-81 -2525 11 226 517958 0 0 0
-225 -1273 219 185 953189 0 0 0
1846 -1498 6 51 158291 0 0 0
1098 221 107 198 534477 0 0 0
1714 -1696 147 118 287234 0 0 0
-2452 2349 69 142 530240 0 0 0
2152 -2506 139 204 938373 0 0 0
-644 1124 161 200 976156 0 0 0
2204 2425 34 191 508408 0 0 0
198 2278 217 174 424221 0 0 0
-795 1626 13 67 498070 0 0 0
2080 763 56 68 743794 0 0 0
1143 -1663 76 89 617102 0 0 0
-2190 1799 31 205 336699 0 0 0
-276 -753 210 91 262790 0 0 0
-2583 1618 89 207 207091 0 0 0
2328 -1939 95 155 698696 0 0 0
1538 270 169 48 712710 0 0 0
2052 -1947 45 13 392106 0 0 0
1088 1210 113 73 271801 0 0 0
977 -526 171 169 817895 0 0 0
-1842 -1644 30 163 442114 0 0 0
-716 936 121 228 981921 0 0 0
-334 -2331 120 53 413196 0 0 0
-2233 -2475 62 100 599181 0 0 0
-2096 1491 188 218 454214 0 0 0
1721 1608 222 152 606286 0 0 0
1361 -534 42 204 186596 0 0 0
2144 -459 71 222 818269 0 0 0
-224 -2245 130 12 368857 0 0 0
-2439 531 98 189 779759 0 0 0
131 -1955 29 227 139987 0 0 0
-1749 -1790 136 59 916626 0 0 0
-2377 977 122 24 716862 0 0 0
-498 -1084 150 156 916129 0 0 0
-401 -483 123 165 881495 0 0 0
-1254 -110 196 71 270340 0 0 0
-2074 1678 233 189 832145 0 0 0
2238 1911 12 35 347137 0 0 0
1178 638 4 1 276150 0 0 0
1731 -1807 228 5 675672 0 0 0
-654 376 25 205 797021 0 0 0
-2142 -1345 237 160 338893 0 0 0
-1937 1972 105 102 447618 0 0 0
2605 336 17 170 529981 0 0 0
-1387 -1604 215 166 307789 0 0 0
1314 140 41 187 745472 0 0 0
-1997 44 101 117 588272 0 0 0
2389 419 149 44 696749 0 0 0
537 -995 5 55 621049 0 0 0
2562 849 232 7 762888 0 0 0
2439 -2490 73 156 428293 0 0 0
-2007 2682 53 39 546988 0 0 0
305 -247 114 104 721683 0 0 0
-1684 502 122 195 505551 0 0 0
2518 1634 48 141 949877 0 0 0
1846 1295 41 100 841078 0 0 0
-416 79 220 122 777167 0 0 0
130 211 179 102 935329 0 0 0
-2248 2548 198 220 973251 0 0 0
-715 412 162 228 622293 0 0 0
1997 251 61 143 274714 0 0 0
2154 2197 30 151 925038 0 0 0
1398 330 89 131 354187 0 0 0
386 1864 139 12 149025 0 0 0
1778 -865 164 76 655044 0 0 0
2540 359 47 4 568019 0 0 0
1146 2376 43 84 840820 0 0 0
1975 1689 174 210 853586 0 0 0
1222 1050 74 46 928445 0 0 0
-153 -1008 187 151 344325 0 0 0
1361 1652 7 137 418621 0 0 0
1817 654 231 219 438569 0 0 0
1892 -5 74 157 973317 0 0 0
1361 -1453 30 56 832082 0 0 0
-2533 923 115 41 746222 0 0 0
-921 1659 181 213 464412 0 0 0
-757 -1096 212 124 636361 0 0 0
1146 2409 39 38 525900 0 0 0
340 1573 118 120 621491 0 0 0
-707 -284 211 117 477004 0 0 0
-1444 -409 109 159 321442 0 0 0
520 -365 41 154 375693 0 0 0
-1735 -845 3 103 690981 0 0 0
1382 -2616 222 190 989357 0 0 0
-2022 -2613 40 190 261503 0 0 0
692 2159 60 205 667157 0 0 0
2150 1995 89 10 421322 0 0 0
-2248 -2283 18 227 138387 0 0 0
2620 -1507 102 50 314907 0 0 0
1212 -2591 150 13 584450 0 0 0
1203 829 24 74 427445 0 0 0
330 1436 161 35 620643 0 0 0
-61 -1032 72 20 440909 0 0 0
1602 -2173 222 164 421635 0 0 0
1742 -1125 149 28 847611 0 0 0
-1824 1247 208 196 289468 0 0 0
168 1343 92 172 808299 0 0 0
2112 -2124 3 26 977069 0 0 0
-836 863 43 36 843619 0 0 0
1640 2287 5 66 636022 0 0 0
-1821 408 116 134 360330 0 0 0
-77 2500 56 164 881117 0 0 0
-2214 -1364 66 202 787742 0 0 0
-1140 -974 13 119 966463 0 0 0
1904 389 155 95 922196 0 0 0
2621 1895 70 103 809716 0 0 0
2653 2636 107 222 982394 0 0 0
2658 -538 110 208 508823 0 0 0
2572 -899 216 148 264173 0 0 0
620 704 90 5 421923 0 0 0
2018 1341 9 159 369932 0 0 0
-1380 1952 119 138 245286 0 0 0
-2139 1569 217 161 826866 0 0 0
-2348 272 31 212 726824 0 0 0
2024 -1966 74 143 865720 0 0 0
2266 -32 177 1 667122 0 0 0
1663 -517 63 103 775456 0 0 0
2548 -164 34 65 687469 0 0 0
2027 20 68 159 417407 0 0 0
-2145 2354 213 219 334740 0 0 0
-1222 1194 98 122 103452 0 0 0
1668 -2246 164 97 365720 0 0 0
40 1106 230 113 870852 0 0 0
579 522 57 84 237137 0 0 0
2219 1826 134 95 560530 0 0 0
1014 -2548 59 148 466072 0 0 0
1987 715 2 53 888059 0 0 0
-190 -1228 9 148 978316 0 0 0
-852 -994 59 59 280441 0 0 0
1894 1061 92 196 296900 0 0 0
-2596 -2601 60 149 866792 0 0 0
775 1992 147 15 928694 0 0 0
848 2150 73 18 889542 0 0 0
-1740 242 50 76 541186 0 0 0
352 2264 192 49 330054 0 0 0
-1118 2360 72 50 365966 0 0 0
-1549 -1262 98 209 315982 0 0 0
1032 -1520 4 140 139525 0 0 0
2315 -2376 162 142 187759 0 0 0
1198 -719 138 191 823279 0 0 0
-1564 -1500 205 16 456841 0 0 0
1207 1035 145 131 654887 0 0 0
-752 -2476 6 46 595533 0 0 0
210 -2069 21 195 905040 0 0 0
1741 -412 130 142 628086 0 0 0
-476 154 68 17 685221 0 0 0
-1577 -1499 168 184 664132 0 0 0
-2159 -1303 189 74 667269 0 0 0
499 -1391 20 189 514293 0 0 0
-1523 2420 132 2 379090 0 0 0
494 1498 217 39 524142 0 0 0
-2001 -2374 4 67 461965 0 0 0
297 -64 76 12 491995 0 0 0
2342 44 123 107 887191 0 0 0
899 562 69 153 605122 0 0 0
-2432 -1298 80 137 909817 0 0 0
-2628 -289 197 189 128149 0 0 0
181 83 228 192 812739 0 0 0
820 -2659 105 65 832279 0 0 0
432 -96 56 9 531397 0 0 0
-131 -1304 227 123 276238 0 0 0
841 1108 67 195 930015 0 0 0
2392 -1218 133 142 550432 0 0 0
-638 1870 138 226 971634 0 0 0
2203 104 159 63 518264 0 0 0
1 -721 129 132 833144 0 0 0
897 76 56 50 678165 0 0 0
-1413 2255 127 150 366739 0 0 0
-1879 -675 154 144 412428 0 0 0
-2436 1609 181 108 757260 0 0 0
1657 176 151 44 838032 0 0 0
2620 -2075 177 13 715478 0 0 0
-620 2337 10 115 119239 0 0 0
1989 -788 87 193 387480 0 0 0
1535 1027 156 120 571652 0 0 0
-1133 -1181 59 91 426107 0 0 0
-1102 -648 175 214 182207 0 0 0
-1237 -359 150 138 405574 0 0 0
-1191 947 60 225 241267 0 0 0
-2262 -2696 77 214 714484 0 0 0
2201 1052 241 76 438541 0 0 0
2607 -554 140 177 605375 0 0 0
-1479 1916 168 50 124393 0 0 0
-362 -1355 30 127 790758 0 0 0
705 -1198 207 21 492476 0 0 0
-19 -1070 8 147 531678 0 0 0
492 -1044 100 192 436158 0 0 0
-862 460 65 193 808529 0 0 0
501 395 78 146 796586 0 0 0
-2393 2611 28 185 889365 0 0 0
-414 -2167 30 126 370074 0 0 0
-2208 -2415 102 17 583273 0 0 0
1951 1740 15 204 146420 0 0 0
1826 -2284 76 78 324336 0 0 0
2571 -331 165 100 638583 0 0 0
-1284 -485 11 165 980877 0 0 0
-706 1726 197 111 250382 0 0 0
-106 1023 29 96 255377 0 0 0
470 2665 18 14 986867 0 0 0
-1205 -2217 226 155 548262 0 0 0
-1260 1740 169 182 899885 0 0 0
-1289 2672 101 140 376575 0 0 0
1984 -1423 117 44 328852 0 0 0
649 1949 35 40 224007 0 0 0
153 1496 83 167 738557 0 0 0
-2098 -2420 108 223 325116 0 0 0
-557 -287 151 77 683320 0 0 0
-1656 2260 88 61 830319 0 0 0
2163 -794 174 137 385285 0 0 0
-2650 13 54 28 554054 0 0 0
-2145 -209 87 151 847088 0 0 0
-1632 -2031 86 106 374558 0 0 0
-1681 -1834 172 176 663862 0 0 0
-1903 -1384 104 170 379721 0 0 0
-1627 2320 35 136 679656 0 0 0
1043 541 7 8 959028 0 0 0
957 -1626 213 127 338983 0 0 0
322 -2083 189 140 150391 0 0 0
-552 1501 43 121 751495 0 0 0
-586 -230 237 36 570562 0 0 0
2366 -1905 131 85 121418 0 0 0
-1018 67 51 91 707626 0 0 0
1876 -435 143 222 226220 0 0 0
1366 1566 41 191 162580 0 0 0
289 -2527 29 195 496319 0 0 0
1634 -2563 169 226 124963 0 0 0
1804 2538 13 154 303608 0 0 0
-256 -2696 43 120 888231 0 0 0
-1602 822 191 127 976415 0 0 0
-1752 -1315 110 74 300235 0 0 0
1340 2548 149 25 867669 0 0 0
-1609 -939 105 99 625854 0 0 0
1556 904 172 216 791540 0 0 0
-331 -1099 22 85 572590 0 0 0
326 -2403 121 81 434710 0 0 0
-2513 1958 197 98 255148 0 0 0
-1170 -1751 62 42 177577 0 0 0
-939 -1528 62 133 526389 0 0 0
2448 551 16 111 110456 0 0 0
-1239 15 208 150 450675 0 0 0
2581 -2202 41 152 594164 0 0 0
-522 116 193 45 145629 0 0 0
1746 572 106 20 326583 0 0 0
418 522 172 104 704405 0 0 0
-1492 -65 200 169 285468 0 0 0
-2074 846 151 186 904841 0 0 0
1428 456 179 197 827616 0 0 0
-1290 110 163 215 833885 0 0 0
-942 2424 22 98 625688 0 0 0
1820 2544 182 101 641558 0 0 0
-2312 -1111 156 70 802850 0 0 0
-1148 -2357 42 161 244365 0 0 0
-512 -1051 155 216 381236 0 0 0
-1044 2009 17 26 971580 0 0 0
1962 -479 231 132 164793 0 0 0
435 2552 157 49 157808 0 0 0
-253 2661 68 186 479302 0 0 0
2215 637 233 184 421455 0 0 0
2370 2530 213 135 854432 0 0 0
1567 157 187 92 597925 0 0 0
-1671 -180 20 73 131149 0 0 0
-1404 1341 230 186 528178 0 0 0
-1585 1867 203 18 209524 0 0 0
-2336 -1019 67 62 573760 0 0 0
2533 -100 235 198 346345 0 0 0
1732 2581 71 134 323042 0 0 0
872 2532 238 227 376494 0 0 0
-1408 -762 90 206 190634 0 0 0
1075 -1414 106 46 105197 0 0 0
-523 585 24 123 476720 0 0 0
-1651 1629 75 115 108477 0 0 0
-1237 -1881 236 46 612237 0 0 0
-803 -542 191 53 338772 0 0 0
672 1705 158 59 343256 0 0 0
38 1635 234 184 854998 0 0 0
1733 1186 178 174 120189 0 0 0
2250 -88 142 5 714625 0 0 0
1261 1242 125 161 594275 0 0 0
-1598 -255 147 139 170414 0 0 0
-464 -1512 136 209 209906 0 0 0
495 1086 137 109 251995 0 0 0
2650 506 170 59 608805 0 0 0
2024 784 108 224 985595 0 0 0
-80 1207 23 156 890272 0 0 0
-2316 -2644 233 34 181010 0 0 0
-1668 794 96 181 135984 0 0 0
-506 1958 11 223 332159 0 0 0
-2089 1365 239 196 903907 0 0 0
1257 862 204 95 419405 0 0 0
-1304 -2567 165 13 103612 0 0 0
-797 -32 4 101 571886 0 0 0
-1891 1538 42 155 673019 0 0 0
-997 -2532 206 34 870182 0 0 0
-773 1687 69 63 165621 0 0 0
-1674 -1761 182 154 576210 0 0 0
2114 -2624 40 111 721970 0 0 0
2093 1022 129 141 937909 0 0 0
1233 2127 18 82 808085 0 0 0
1708 -2364 101 45 429921 0 0 0
-416 -1301 17 168 795487 0 0 0
227 666 48 215 287752 0 0 0
1831 -782 66 104 896548 0 0 0
2493 2117 202 147 769874 0 0 0
1232 106 24 212 332689 0 0 0
-1650 343 228 94 345750 0 0 0
-888 207 191 105 866480 0 0 0
-2537 -188 195 56 530097 0 0 0
-218 -36 127 143 130117 0 0 0
-1146 -2136 193 74 692690 0 0 0
975 2211 13 136 230374 0 0 0
77 -1203 29 97 611977 0 0 0
1392 526 175 30 720836 0 0 0
-700 76 92 34 812127 0 0 0
-1717 1910 188 119 168470 0 0 0
-1720 -1541 4 25 598748 0 0 0
-943 -632 221 212 524287 0 0 0
1188 1465 148 10 768948 0 0 0
1254 2681 34 89 580622 0 0 0
-2413 -1713 105 158 144562 0 0 0
-2693 2028 192 87 470800 0 0 0
-1756 -1400 46 199 217536 0 0 0
1859 2675 156 117 124336 0 0 0
-1175 1941 74 142 318119 0 0 0
577 -1387 100 6 705535 0 0 0
-200 -2226 38 163 913431 0 0 0
490 -2147 154 193 823669 0 0 0
-702 -1139 214 166 846260 0 0 0
2204 -1660 4 190 658678 0 0 0
-1956 2213 81 43 687253 0 0 0
-1024 -1176 168 65 113517 0 0 0
1912 1348 233 214 688449 0 0 0
1232 1210 93 149 232427 0 0 0
-1260 1152 194 13 842763 0 0 0
-2201 2656 200 208 689734 0 0 0
-677 2451 34 221 164171 0 0 0
-2044 1410 228 65 969475 0 0 0
-1082 -870 148 40 524861 0 0 0
-657 -2027 110 37 727595 0 0 0
-1547 2679 40 4 606048 0 0 0
-430 1877 20 69 163886 0 0 0
810 1420 82 75 260557 0 0 0
1768 1683 184 189 724682 0 0 0
-1987 -756 54 176 311619 0 0 0
-257 -2207 211 225 885373 0 0 0
-1320 -205 110 38 630510 0 0 0
2574 -1911 101 45 432363 0 0 0
-1310 -2042 239 168 571410 0 0 0
1641 -1782 154 163 460221 0 0 0
1537 -1996 174 43 773393 0 0 0
45 -1834 19 118 698294 0 0 0
-1056 1720 24 226 146147 0 0 0
1141 1563 130 211 134036 0 0 0
632 -1877 155 224 895000 0 0 0
1921 1646 159 104 125414 0 0 0
-382 1609 56 204 617281 0 0 0
-157 1887 151 71 596872 0 0 0
1879 -2375 125 129 278734 0 0 0
-56 101 156 125 743277 0 0 0
780 -2501 175 85 746850 0 0 0
-885 2392 69 208 589381 0 0 0
-364 -2057 50 132 335275 0 0 0
2664 -2548 29 173 226200 0 0 0
1717 -2111 219 78 787008 0 0 0
-2510 595 17 106 233722 0 0 0
1843 -1312 73 133 297579 0 0 0
45 1860 84 65 773953 0 0 0
-2121 74 47 111 683419 0 0 0
934 772 56 134 188643 0 0 0
234 192 113 192 842086 0 0 0
1464 -2545 113 118 820024 0 0 0
2352 1474 208 212 740834 0 0 0
286 -521 99 28 179845 0 0 0
-2125 -884 124 179 671378 0 0 0
-1649 2273 93 102 363694 0 0 0
-823 -1570 151 39 305209 0 0 0
-389 -2061 114 22 179380 0 0 0
2460 -188 99 201 177348 0 0 0
2354 -469 143 188 790929 0 0 0
815 -2649 108 38 531462 0 0 0
1185 -183 75 75 103678 0 0 0
-2659 -2176 201 5 690950 0 0 0
89 1908 109 225 762873 0 0 0
1555 1085 189 26 386176 0 0 0
577 -2284 66 2 684674 0 0 0
1959 -112 238 80 990039 0 0 0
-2000 -43 59 39 502697 0 0 0
1418 1372 240 56 428845 0 0 0
721 353 50 123 442314 0 0 0
-2621 -210 6 162 973679 0 0 0
-111 146 171 162 607401 0 0 0
2451 -955 158 22 389979 0 0 0
-2272 1603 207 95 278403 0 0 0
876 518 225 100 971600 0 0 0
-2312 2308 21 191 603779 0 0 0
-2087 2263 219 141 413596 0 0 0
1651 -604 84 71 744393 0 0 0
1044 1170 186 188 142519 0 0 0
2608 -1010 7 164 133782 0 0 0
-610 1048 225 109 998519 0 0 0
366 2604 99 145 480713 0 0 0
-577 -360 67 98 811052 0 0 0
-1021 708 16 60 763091 0 0 0
606 -2563 10 49 621536 0 0 0
971 -221 67 134 795600 0 0 0
1039 1862 8 5 649583 0 0 0
-2108 -2624 55 177 910842 0 0 0
-955 1320 219 71 518445 0 0 0
-2700 -186 123 195 366885 0 0 0
-2268 -807 190 16 917300 0 0 0
1328 -1235 84 151 756243 0 0 0
-2519 -656 140 130 681161 0 0 0
1498 715 8 83 884284 0 0 0
-2492 894 44 219 150758 0 0 0
1685 2106 99 47 213886 0 0 0
1501 -1159 71 115 359582 0 0 0
-858 -1580 205 223 293581 0 0 0
1633 -2511 195 124 524742 0 0 0
-2109 -2561 183 10 933402 0 0 0
-23 1030 166 17 387817 0 0 0
-805 -1951 205 73 335480 0 0 0
1277 -1210 37 105 964181 0 0 0
710 -2637 91 188 407567 0 0 0
2578 -576 153 60 432510 0 0 0
-1742 -1753 6 90 471723 0 0 0
211 713 25 131 145219 0 0 0
-2053 -250 12 107 654269 0 0 0
1230 -1910 216 52 355221 0 0 0
1623 2080 192 165 957611 0 0 0
2110 -354 225 125 872264 0 0 0
-94 355 15 198 587774 0 0 0
-1957 -2372 196 78 513611 0 0 0
-980 -460 15 82 652987 0 0 0
1916 2519 90 87 228265 0 0 0
-1245 -457 115 86 989680 0 0 0
-1280 -1270 147 217 430107 0 0 0
2517 -1431 124 160 386111 0 0 0
2421 1272 161 70 830824 0 0 0
-1560 -1135 233 104 405151 0 0 0
1129 1959 98 129 232906 0 0 0
442 1143 228 115 668337 0 0 0
-661 1409 193 36 666776 0 0 0
-1815 1191 16 80 136893 0 0 0
-1018 15 107 66 338716 0 0 0
-2412 -2065 215 121 153547 0 0 0
1025 313 72 48 155712 0 0 0
2473 -1975 207 186 544998 0 0 0
1768 1700 154 214 384844 0 0 0
-1140 -1488 37 40 396713 0 0 0
-353 -2432 116 17 618202 0 0 0
-2674 2063 224 134 250643 0 0 0
1606 -727 102 87 932216 0 0 0
1878 690 72 106 438514 0 0 0
-2279 684 185 225 795714 0 0 0
-2696 1569 239 200 180439 0 0 0
1090 155 153 93 748477 0 0 0
-2060 -2185 225 126 489114 0 0 0
-2689 -2198 33 175 390078 0 0 0
-1442 -996 4 192 387659 0 0 0
1033 -714 160 41 656240 0 0 0
-1898 1572 206 19 662298 0 0 0
2196 -162 222 134 455378 0 0 0
-1958 1900 47 84 315874 0 0 0
-706 2330 29 218 386618 0 0 0
2164 -2245 93 148 165371 0 0 0
1313 -2008 223 156 307365 0 0 0
-184 -2515 8 61 301908 0 0 0
1595 -488 97 196 560467 0 0 0
-2392 1087 115 105 823213 0 0 0
2078 405 117 175 120841 0 0 0
541 -1240 123 68 337036 0 0 0
-1607 -1923 236 176 591116 0 0 0
403 -1023 156 158 920925 0 0 0
2623 793 26 113 938390 0 0 0
2179 209 29 54 313910 0 0 0
-454 -888 150 63 836919 0 0 0
-1580 512 164 217 992814 0 0 0
1065 904 139 86 550812 0 0 0
-199 2423 111 180 595251 0 0 0
2684 2439 96 110 147445 0 0 0
-2418 -222 191 107 750111 0 0 0
1105 -597 71 163 252107 0 0 0
-1221 -1878 238 146 669822 0 0 0
-2519 2626 50 221 748407 0 0 0
-823 -2037 89 206 386187 0 0 0
1894 955 78 224 462051 0 0 0
561 -285 114 201 764836 0 0 0
320 969 191 196 361737 0 0 0
949 1939 195 143 320691 0 0 0
-1370 2091 234 128 320848 0 0 0
430 -1360 23 223 550209 0 0 0
-1224 -51 218 21 209557 0 0 0
2556 -2123 184 14 618742 0 0 0
-1058 1482 181 82 947988 0 0 0
-377 -316 170 52 195776 0 0 0
-1352 2655 88 112 521395 0 0 0
-2186 -2313 54 140 846690 0 0 0
-1903 2610 136 111 314478 0 0 0
-2542 -2115 180 11 166345 0 0 0
137 -2536 21 39 643829 0 0 0
2148 2398 177 195 173654 0 0 0
1413 47 192 135 277541 0 0 0
-1633 -1884 146 215 885838 0 0 0
2668 1670 4 12 966984 0 0 0
338 -2089 16 194 690973 0 0 0
174 -749 111 177 266318 0 0 0
-2026 -1185 120 96 898860 0 0 0
130 1200 59 195 892585 0 0 0
-1975 400 136 176 325342 0 0 0
2412 -129 65 91 250967 0 0 0
1448 2358 50 218 255452 0 0 0
-697 2618 38 31 401390 0 0 0
-1868 -759 142 216 428691 0 0 0
1750 -414 42 31 135857 0 0 0
-1600 -2406 164 56 944499 0 0 0
-531 -476 107 69 876179 0 0 0
-1777 257 151 169 246065 0 0 0
954 1676 49 157 541666 0 0 0
-905 1661 46 146 409181 0 0 0
97 -1684 178 148 286054 0 0 0
2013 -1497 128 181 843432 0 0 0
2329 271 90 107 757712 0 0 0
-2251 33 128 120 752012 0 0 0
-2443 -1821 183 137 617550 0 0 0
-743 2141 210 81 692881 0 0 0
-697 2544 19 93 456824 0 0 0
2397 615 184 181 854790 0 0 0
-2200 1122 139 46 206068 0 0 0
-1902 -69 36 102 462266 0 0 0
589 27 73 200 872398 0 0 0
-1738 1028 37 84 467636 0 0 0
1046 2196 223 125 453919 0 0 0
-2511 -531 9 7 369429 0 0 0
1118 -2551 127 210 885929 0 0 0
1257 970 110 156 435297 0 0 0
-478 2011 123 7 693411 0 0 0
-2552 1820 70 226 739930 0 0 0
-1308 476 9 223 334177 0 0 0
1673 -1009 147 185 393486 0 0 0
1106 923 82 219 204288 0 0 0
-2429 -2095 107 12 765649 0 0 0
1844 970 12 205 713353 0 0 0
636 -1864 55 201 397972 0 0 0
-921 -1508 150 41 801365 0 0 0
-863 -1194 21 127 146120 0 0 0
2612 720 19 74 735860 0 0 0
462 848 45 112 854268 0 0 0
689 -2658 71 22 668435 0 0 0
1574 2336 12 146 859822 0 0 0
318 931 135 35 759578 0 0 0
1476 -1917 224 34 452372 0 0 0
-1092 1117 63 106 513057 0 0 0
-1785 532 17 56 269739 0 0 0
-1693 -1826 150 23 398601 0 0 0
-521 1330 122 93 971133 0 0 0
2691 -1290 191 103 307956 0 0 0
-607 968 229 189 527178 0 0 0
-1459 -1157 129 3 340295 0 0 0
601 2063 149 46 173311 0 0 0
965 1738 18 135 333568 0 0 0
-2191 -1085 74 69 698011 0 0 0
-2556 1668 139 107 189965 0 0 0
-1002 2627 29 78 464002 0 0 0
515 12 198 179 782557 0 0 0
2289 -938 122 15 338677 0 0 0
1343 -1859 131 70 724340 0 0 0
-876 2564 197 1 132231 0 0 0
-2377 -276 61 8 524481 0 0 0
870 1623 132 124 722916 0 0 0
-1495 -1829 57 17 349513 0 0 0
-2140 1037 182 175 549706 0 0 0
-2594 212 10 38 777254 0 0 0
1429 -2388 92 187 628219 0 0 0
396 577 160 222 677942 0 0 0
-397 -2162 149 49 679107 0 0 0
1675 -2094 76 222 697269 0 0 0
2101 236 108 154 145742 0 0 0
634 202 208 220 286586 0 0 0
150 818 12 12 326725 0 0 0
-907 830 10 85 405331 0 0 0
2277 -762 48 189 609659 0 0 0
-500 1147 16 106 657201 0 0 0
1556 -597 237 167 841737 0 0 0
1208 1214 88 37 679478 0 0 0
2314 -473 44 65 663920 0 0 0
-2493 -869 132 188 805893 0 0 0
-52 -1042 142 75 194484 0 0 0
1972 1550 199 216 223979 0 0 0
118 1878 100 159 650471 0 0 0
-729 -399 81 110 991464 0 0 0
2142 2310 133 67 189194 0 0 0
-2112 -2540 3 33 938964 0 0 0
-1635 -1730 125 155 686208 0 0 0
2660 -369 66 121 998484 0 0 0
1225 2066 194 68 789317 0 0 0
-930 1942 160 221 721197 0 0 0
1320 2053 100 70 867038 0 0 0
-678 1439 167 153 380488 0 0 0
-2120 -1201 163 218 450633 0 0 0
-2658 365 226 51 123257 0 0 0
-1147 804 81 54 983491 0 0 0
-453 742 210 150 868820 0 0 0
2119 60 152 32 210260 0 0 0
980 -1616 132 116 740205 0 0 0
-2197 753 164 145 710585 0 0 0
-1661 -2270 196 98 239736 0 0 0
-1906 -2294 37 199 825652 0 0 0
-927 -1677 11 193 437665 0 0 0
2106 1419 208 133 604148 0 0 0
2693 2200 209 57 388298 0 0 0
-1990 1844 20 187 162376 0 0 0
-2406 -2669 167 61 635922 0 0 0
2024 -987 7 178 910533 0 0 0
-471 -1648 49 86 762299 0 0 0
-215 -1871 192 152 365459 0 0 0
80 -779 154 94 947029 0 0 0
-1460 -547 2 137 676268 0 0 0
970 1840 67 28 676112 0 0 0
1957 2409 44 161 100361 0 0 0
-488 114 156 179 111632 0 0 0
-467 -984 27 184 235663 0 0 0
-569 -807 170 130 640600 0 0 0
-2424 -1439 38 97 724103 0 0 0
1442 -176 10 100 410194 0 0 0
-2502 -1308 185 45 723548 0 0 0
-2548 508 197 69 900801 0 0 0
-2585 -221 70 88 521978 0 0 0
154 -1366 160 106 963018 0 0 0
-80 2141 63 212 296355 0 0 0
-1001 -2241 133 14 911805 0 0 0
16 2651 154 53 766196 0 0 0
2397 1858 76 194 471377 0 0 0
-2358 88 108 27 949898 0 0 0
-2665 1559 163 25 987505 0 0 0
-2392 -2324 140 84 102564 0 0 0
2574 1665 110 163 968525 0 0 0
-2320 -1403 131 66 392669 0 0 0
309 -1096 99 10 842826 0 0 0
-1340 315 18 81 373465 0 0 0
-2004 -963 10 32 870473 0 0 0
1147 2051 163 39 839595 0 0 0
-1762 463 14 80 177691 0 0 0
2007 -728 208 88 575226 0 0 0
-844 2684 144 176 127423 0 0 0
1628 939 92 87 397156 0 0 0
1240 -467 112 114 416995 0 0 0
529 2169 94 109 547595 0 0 0
-927 -1678 33 171 334463 0 0 0
155 -1665 205 210 427158 0 0 0
-953 952 171 18 887395 0 0 0
1648 2117 34 158 951850 0 0 0
2514 955 174 61 863463 0 0 0
-898 718 66 46 804515 0 0 0
1308 -162 208 156 695221 0 0 0
-2082 -1790 147 73 372475 0 0 0
-2241 -144 107 21 894344 0 0 0
-703 589 17 22 301439 0 0 0
713 -1461 162 75 351510 0 0 0
1222 1255 146 37 340104 0 0 0
775 1030 105 114 974346 0 0 0
-1864 463 164 59 927080 0 0 0
-363 817 226 59 782540 0 0 0
-702 -928 144 14 432107 0 0 0
-101 -1129 123 41 206043 0 0 0
-2428 -1797 100 69 518248 0 0 0
-751 -892 144 72 598263 0 0 0
-64 1240 66 72 823831 0 0 0
-1491 -2103 213 214 160472 0 0 0
796 1749 70 88 807271 0 0 0
-1075 -1020 208 103 696648 0 0 0
15 -2350 217 119 355681 0 0 0
-1181 564 33 35 943813 0 0 0
-2123 -2508 146 120 275608 0 0 0
-154 -1240 95 136 167004 0 0 0
-2618 1730 225 72 450055 0 0 0
2628 -1276 54 92 564905 0 0 0
-1545 1438 219 1 680985 0 0 0
-2422 415 171 84 292763 0 0 0
-727 676 39 159 973747 0 0 0
-1942 1730 177 159 933655 0 0 0
686 -286 207 5 950930 0 0 0
-934 2232 178 50 817666 0 0 0
-219 -1067 146 44 940451 0 0 0
-2017 -247 241 9 502001 0 0 0
2179 -165 161 158 826671 0 0 0
-1254 -2315 57 205 765381 0 0 0
2072 -653 165 50 229198 0 0 0
-1567 337 47 194 556816 0 0 0
1967 -2006 1 204 371319 0 0 0
-700 -313 132 99 387023 0 0 0
-826 -1704 17 105 307224 0 0 0
-2166 -1226 237 149 405427 0 0 0
-2673 -1139 40 103 172276 0 0 0
1721 -735 10 18 738160 0 0 0
-2676 -23 96 226 237722 0 0 0
-1095 -2037 46 102 803891 0 0 0
-948 2649 76 110 371750 0 0 0
-2220 2179 15 206 372240 0 0 0
213 2187 172 212 524638 0 0 0
1896 1128 86 64 921431 0 0 0
157 -2006 37 223 503729 0 0 0
1379 2655 95 136 273991 0 0 0
-357 2499 76 88 158933 0 0 0
-1685 -633 8 14 380213 0 0 0
1221 -1918 191 77 857368 0 0 0
-469 2563 126 120 180479 0 0 0
1960 -1531 103 96 261866 0 0 0
874 1129 77 154 377103 0 0 0
286 -442 37 11 565414 0 0 0
-1842 -1173 76 8 214376 0 0 0
1249 -131 202 92 619149 0 0 0
-1663 182 8 67 335128 0 0 0
-2191 838 141 80 153812 0 0 0
-281 -726 128 141 702424 0 0 0
-2616 -522 62 190 921657 0 0 0
2593 -1276 158 196 867936 0 0 0
974 2200 106 50 344302 0 0 0
-1111 112 179 136 965264 0 0 0
-1103 2153 16 192 210731 0 0 0
-1958 -1891 170 208 879193 0 0 0
-1237 904 223 66 623093 0 0 0
-1795 -1076 10 33 774505 0 0 0
1257 2620 56 203 336932 0 0 0
1735 -1453 221 201 730993 0 0 0
1443 -2229 12 7 899948 0 0 0
203 2134 104 15 351863 0 0 0
1949 24 76 110 433831 0 0 0
-2408 755 79 49 984243 0 0 0
1389 1209 172 111 842814 0 0 0
1930 1659 20 178 422416 0 0 0
-310 -2190 238 68 522631 0 0 0
1892 -1793 35 217 156641 0 0 0
-1787 -1924 116 31 368399 0 0 0
-1824 -1492 122 128 871178 0 0 0
2530 402 223 41 884915 0 0 0
886 534 108 16 693684 0 0 0
-2112 936 61 66 776487 0 0 0
-475 1494 69 53 832948 0 0 0
1281 1452 93 101 988650 0 0 0
61 -2469 109 183 212551 0 0 0
974 -1177 210 52 479225 0 0 0
-1790 -1974 202 212 553997 0 0 0
-1341 -1945 236 72 498539 0 0 0
-2556 1066 93 12 367180 0 0 0
-583 571 222 99 357242 0 0 0
-1717 -1707 160 1 761304 0 0 0
1136 890 53 28 667838 0 0 0
-1382 -1353 20 70 180594 0 0 0
1553 -290 200 38 764497 0 0 0
1377 247 223 74 228109 0 0 0
1338 368 224 111 185226 0 0 0
171 1192 97 94 557074 0 0 0
-2130 -1780 241 220 698100 0 0 0
-1071 1842 38 143 897222 0 0 0
-275 -613 93 134 113489 0 0 0
885 184 220 62 667948 0 0 0
310 -1131 139 112 568945 0 0 0
343 -1090 232 154 939192 0 0 0
-2120 389 199 179 215330 0 0 0
2365 706 238 141 459557 0 0 0
-1512 -858 37 17 622694 0 0 0
1581 1884 200 124 772193 0 0 0
-1885 -2585 37 133 157342 0 0 0
-2146 2389 129 55 102347 0 0 0
1486 -1557 109 205 563773 0 0 0
-2456 410 225 145 395516 0 0 0
31 -1576 186 140 498117 0 0 0
306 -715 148 48 810403 0 0 0
100 2024 54 88 839407 0 0 0
2489 2657 44 71 830011 0 0 0
-1822 -806 31 85 408734 0 0 0
2147 2420 7 50 481906 0 0 0
370 -260 5 129 259284 0 0 0
-2690 -465 11 218 289015 0 0 0
-1961 -1338 34 38 616267 0 0 0
-273 -687 143 147 345304 0 0 0
-2304 303 194 159 851409 0 0 0
2019 1500 156 70 659812 0 0 0
-623 2480 99 64 213077 0 0 0
771 1628 23 221 560854 0 0 0
165 572 79 178 353905 0 0 0
1870 -405 2 1 458282 0 0 0
127 -648 42 161 195481 0 0 0
1683 -1160 139 4 363594 0 0 0
1384 169 206 223 774008 0 0 0
-77 -30 118 44 425759 0 0 0
-1309 1794 203 110 469580 0 0 0
-796 -1442 86 184 469476 0 0 0
1708 1309 35 44 470487 0 0 0
1707 -959 105 228 109831 0 0 0
-2485 436 48 9 170609 0 0 0
1413 1978 64 185 203687 0 0 0
-2037 1669 90 211 630339 0 0 0
1602 -1749 36 125 924937 0 0 0
-538 -454 230 74 321577 0 0 0
-124 1758 5 115 247531 0 0 0
-2637 -2055 90 2 914196 0 0 0
-838 2420 214 183 386157 0 0 0
377 -19 193 64 455307 0 0 0
1993 1292 203 214 285774 0 0 0
-912 -1121 174 200 219932 0 0 0
-164 -2566 227 23 127656 0 0 0
2408 663 129 49 993593 0 0 0
-1548 -2444 23 133 886986 0 0 0
1484 2164 99 13 444418 0 0 0
-1411 936 92 149 224261 0 0 0
49 -1738 66 60 436408 0 0 0
649 -1512 101 21 550285 0 0 0
-290 -1082 83 34 127315 0 0 0
-377 -1191 117 79 796844 0 0 0
90 1815 239 223 787596 0 0 0
61 -43 84 176 597538 0 0 0
2262 -2008 37 89 333027 0 0 0
-1913 -477 25 98 342461 0 0 0
-115 -464 64 217 875913 0 0 0
-1387 -1844 237 112 869196 0 0 0
-1576 -1597 193 205 698522 0 0 0
-2057 -759 15 17 850739 0 0 0
-2353 -1169 10 46 872642 0 0 0
42 545 167 147 611706 0 0 0
687 2657 205 180 706668 0 0 0
-1655 -2673 140 192 702785 0 0 0
-1835 -303 197 90 175835 0 0 0
-2186 113 185 84 730760 0 0 0
-841 -2363 63 57 129197 0 0 0
2695 -935 40 154 683965 0 0 0
864 1310 104 109 893815 0 0 0
621 -1926 197 129 303361 0 0 0
1245 -1578 144 102 915331 0 0 0
2457 -979 115 216 241804 0 0 0
-1066 -747 115 60 426438 0 0 0
-1907 1628 73 196 737766 0 0 0
1320 -1216 80 80 651333 0 0 0
-2501 833 147 47 842643 0 0 0
-2601 2572 10 189 833510 0 0 0
-830 752 168 56 996936 0 0 0
741 -6 172 221 579318 0 0 0
1031 -465 147 77 364687 0 0 0
2344 -862 8 66 876394 0 0 0
-586 -795 125 200 719429 0 0 0
-2304 1176 113 42 136367 0 0 0
2400 686 162 24 695477 0 0 0
-1748 16 116 126 426247 0 0 0
-1156 2573 211 211 797263 0 0 0
-2561 2654 157 211 426414 0 0 0
960 -2143 125 139 207552 0 0 0
1600 -1764 128 133 612222 0 0 0
525 -364 178 118 153262 0 0 0
-1181 662 232 52 308708 0 0 0
-2104 -1059 121 203 358696 0 0 0
-1557 -1906 103 111 933842 0 0 0
2214 2375 86 148 311338 0 0 0
2007 -1560 62 14 672191 0 0 0
-1990 -925 100 113 682498 0 0 0
-721 -1859 116 172 510432 0 0 0
1354 1511 141 47 372254 0 0 0
-2103 1149 214 12 730886 0 0 0
-1564 -139 140 174 480601 0 0 0
1276 -1593 86 220 838676 0 0 0
-1024 699 125 39 812522 0 0 0
-19 1385 15 147 177311 0 0 0
257 1751 54 185 725438 0 0 0
-2539 1609 93 81 752695 0 0 0
-1479 2576 126 163 312090 0 0 0
1717 -6 19 37 496174 0 0 0
1736 279 169 196 117348 0 0 0
1785 -1858 142 224 940515 0 0 0
-2669 1852 47 122 324189 0 0 0
-1288 -367 136 145 556937 0 0 0
1752 2052 198 1 475279 0 0 0
2563 1943 82 115 582584 0 0 0
-1637 -2300 135 148 642157 0 0 0
-569 -649 189 4 637956 0 0 0
941 1635 170 172 286817 0 0 0
1556 -1891 132 15 619719 0 0 0
1401 -1240 172 2 870569 0 0 0
883 -686 130 49 606379 0 0 0
-886 2432 128 50 914396 0 0 0
1537 -360 92 76 726724 0 0 0
1909 1160 146 200 400831 0 0 0
790 2222 104 6 929947 0 0 0
1559 1750 77 111 864832 0 0 0
-467 -2425 220 157 679301 0 0 0
1034 -2480 90 211 581866 0 0 0
1568 141 217 24 878288 0 0 0
309 -2234 237 65 476138 0 0 0
1949 1846 164 203 259786 0 0 0
988 1289 134 114 677359 0 0 0
1081 1578 76 164 651896 0 0 0
965 1336 61 93 115810 0 0 0
-25 -1561 73 149 447392 0 0 0
-2663 75 40 10 500319 0 0 0
-1508 2138 29 36 356113 0 0 0
604 -2373 2 169 298485 0 0 0
-570 1390 17 228 162033 0 0 0
-1829 1814 89 5 661062 0 0 0
1098 1444 5 194 540691 0 0 0
203 -140 46 75 104017 0 0 0
1893 -593 27 179 781346 0 0 0
-88 699 22 108 406702 0 0 0
695 293 228 199 565904 0 0 0
1151 -743 147 119 746879 0 0 0
-872 2389 178 194 295364 0 0 0
1213 -783 143 37 980390 0 0 0
150 304 220 166 692870 0 0 0
-2676 -739 143 198 648831 0 0 0
-815 -2378 223 12 555492 0 0 0
2215 -383 68 46 836754 0 0 0
400 -336 158 195 389390 0 0 0
21 -845 180 20 746968 0 0 0
993 -1203 183 85 845649 0 0 0
-679 -1630 78 141 521558 0 0 0
683 -414 205 60 214799 0 0 0
-2297 -1826 23 16 860526 0 0 0
1456 1712 182 159 294417 0 0 0
1638 576 205 100 555095 0 0 0
-1685 -3 208 174 630861 0 0 0
38 -997 172 64 720257 0 0 0
-1745 2563 230 176 723661 0 0 0
-770 -293 209 184 568259 0 0 0
1105 -650 39 139 796894 0 0 0
-1104 -813 30 86 668695 0 0 0
1465 -1068 201 117 608491 0 0 0
-2609 2335 161 20 913471 0 0 0
-448 2163 92 159 336087 0 0 0
-180 -285 169 165 273524 0 0 0
-910 526 82 64 896769 0 0 0
-2540 -2426 127 36 817225 0 0 0
-126 2228 67 11 880189 0 0 0
-1745 1941 92 201 185445 0 0 0
-820 1625 65 182 708366 0 0 0
2491 -598 238 110 756872 0 0 0
1168 -629 63 130 910710 0 0 0
-2317 -2522 237 83 666440 0 0 0
-1877 -597 159 169 618204 0 0 0
-2504 -1481 198 81 903472 0 0 0
-2323 -2371 114 50 609464 0 0 0
-872 588 241 83 833672 0 0 0
-1287 -448 202 197 748615 0 0 0
-2675 910 34 92 233289 0 0 0
233 -1925 130 223 694652 0 0 0
-1034 -901 23 21 387556 0 0 0
-227 -1152 104 67 326762 0 0 0
-1765 -1187 89 101 508154 0 0 0
-1230 2634 200 206 346850 0 0 0
-1807 2547 200 228 724005 0 0 0
2439 1918 18 227 968689 0 0 0
235 174 89 222 672806 0 0 0
48 928 116 104 551540 0 0 0
1419 -920 111 23 503215 0 0 0
-371 1435 180 78 450426 0 0 0
-1485 -2637 148 159 455978 0 0 0
-1717 2135 113 148 740404 0 0 0
-837 -622 43 68 792521 0 0 0
-899 -1377 15 106 335999 0 0 0
2360 2285 24 115 843501 0 0 0
-76 -1306 226 156 911906 0 0 0
-1496 1048 5 227 526648 0 0 0
-2391 -2546 241 223 260460 0 0 0
-2011 -530 125 66 621932 0 0 0
471 -387 141 131 650975 0 0 0
1112 -334 71 202 689960 0 0 0
562 -1833 81 22 744357 0 0 0
2356 343 88 126 400650 0 0 0
-314 1090 46 66 493592 0 0 0
-1360 -2100 148 43 307627 0 0 0
895 -2046 118 11 974927 0 0 0
240 -1235 71 126 701279 0 0 0
-341 337 217 167 432394 0 0 0
-1470 1639 214 41 994633 0 0 0
-1530 -500 38 31 132747 0 0 0
1308 108 179 107 307728 0 0 0
1008 89 159 188 793766 0 0 0
394 -1684 115 49 487197 0 0 0
-1291 -823 36 162 797029 0 0 0
1040 2544 114 195 174791 0 0 0
-1560 1405 32 192 520800 0 0 0
1032 1992 75 224 242080 0 0 0
2270 -1619 20 66 226459 0 0 0
2554 -1836 74 198 503982 0 0 0
260 2567 46 92 486058 0 0 0
-365 1851 166 164 642888 0 0 0
-202 -2 124 12 488968 0 0 0
485 2074 77 40 949941 0 0 0
-523 919 114 199 174974 0 0 0
2252 -1245 109 169 952873 0 0 0
2028 -1310 105 131 291641 0 0 0
1643 977 153 125 708803 0 0 0
-1983 -2001 104 170 557192 0 0 0
2027 832 28 184 167206 0 0 0
1141 -1502 76 49 805662 0 0 0
-803 2515 178 154 693605 0 0 0
-526 1058 209 114 802827 0 0 0
2550 -1656 173 148 735382 0 0 0
-1926 135 161 126 305321 0 0 0
-2071 -2549 207 192 251099 0 0 0
1192 -978 186 74 597227 0 0 0
-44 1164 7 176 853676 0 0 0
-1209 -352 212 38 394242 0 0 0
2658 2145 231 60 262089 0 0 0
-2384 -571 194 61 100930 0 0 0
1788 775 21 46 794551 0 0 0
1938 -1701 231 179 656632 0 0 0
-701 -287 205 178 572051 0 0 0
-8 922 198 210 819723 0 0 0
819 -1365 39 160 649924 0 0 0
1965 -1282 80 26 863819 0 0 0
-2568 -1174 24 112 919986 0 0 0
-544 -1471 111 134 672524 0 0 0
-45 1500 85 83 403310 0 0 0
-1577 600 86 114 447894 0 0 0
2664 2433 48 159 248987 0 0 0
1244 902 165 134 393078 0 0 0
-2479 445 44 87 810152 0 0 0
230 2498 169 186 249075 0 0 0
-1778 -407 215 184 108648 0 0 0
-765 1789 117 75 307676 0 0 0
-2165 -132 34 113 368360 0 0 0
-1715 -686 169 129 187623 0 0 0
1443 -211 39 98 515133 0 0 0
-1069 1712 209 61 880934 0 0 0
-2095 -1331 194 189 963859 0 0 0
-500 -1862 125 10 360198 0 0 0
1790 346 194 59 559030 0 0 0
-1218 -1804 37 122 529466 0 0 0
1798 1390 24 189 182573 0 0 0
363 2095 113 199 922222 0 0 0
1922 301 113 73 875986 0 0 0
-2024 -2543 170 130 549677 0 0 0
2085 -28 212 44 634478 0 0 0
652 1318 183 44 538365 0 0 0
198 1682 88 64 886315 0 0 0
1884 -143 22 5 744085 0 0 0
639 -1348 125 149 355505 0 0 0
-1191 -864 220 120 117288 0 0 0
2100 -2332 230 59 789041 0 0 0
-1485 1798 126 112 172044 0 0 0
-2634 1252 161 90 305952 0 0 0
-507 -631 166 111 276056 0 0 0
1639 -1794 113 176 788783 0 0 0
-1768 167 143 193 686984 0 0 0
-1098 796 176 56 766182 0 0 0
2450 2182 198 205 404189 0 0 0
755 -1630 87 206 367926 0 0 0
2471 -467 147 225 335716 0 0 0
245 -484 123 127 133835 0 0 0
-2376 2134 167 219 686659 0 0 0
-393 200 95 133 359635 0 0 0
-1643 319 194 127 845296 0 0 0
1592 -1213 124 176 936243 0 0 0
-938 1722 241 215 777030 0 0 0
1713 -871 136 2 404421 0 0 0
-1505 -2301 233 69 384684 0 0 0
1747 1630 153 193 707385 0 0 0
2317 255 214 8 917481 0 0 0
-982 -355 68 154 955155 0 0 0
-1040 2075 187 87 709168 0 0 0
165 1808 36 146 974234 0 0 0
-455 -1791 214 94 811924 0 0 0
-1313 -1134 134 4 339773 0 0 0
-1415 642 87 177 109019 0 0 0
2553 1591 68 41 370075 0 0 0
-2672 -56 60 174 633997 0 0 0
469 -2171 144 22 108405 0 0 0
-38 -2366 218 190 251912 0 0 0
-79 479 181 123 416198 0 0 0
-1285 2333 132 122 704700 0 0 0
-594 2225 24 88 740263 0 0 0
2408 649 127 90 701203 0 0 0
-266 545 205 17 545816 0 0 0
-296 1588 219 37 958681 0 0 0
-919 -1822 114 113 383432 0 0 0
-2140 -1731 1 193 781184 0 0 0
-79 746 171 69 551417 0 0 0
1940 2325 134 173 233362 0 0 0
-2024 2138 90 114 788522 0 0 0
2104 4 217 131 336667 0 0 0
2673 819 71 206 441298 0 0 0
2393 1580 107 38 737963 0 0 0
-1830 1207 125 140 646302 0 0 0
-798 -2043 156 120 372604 0 0 0
-1885 -2051 219 89 859432 0 0 0
-1418 -129 144 176 143168 0 0 0
941 2357 144 142 438754 0 0 0
2264 1665 34 3 909552 0 0 0
-41 -365 182 103 979128 0 0 0
923 2326 5 157 377012 0 0 0
-1378 1924 163 79 138869 0 0 0
-539 -970 118 218 344102 0 0 0
1557 -1707 145 36 392642 0 0 0
-347 -2312 174 3 901363 0 0 0
1809 2654 223 151 891035 0 0 0
-599 -637 69 35 142832 0 0 0
642 1449 241 141 851503 0 0 0
1279 184 68 104 779526 0 0 0
-514 -205 193 110 803370 0 0 0
-486 -760 65 112 900553 0 0 0
-2141 735 29 143 683840 0 0 0
1639 718 85 206 742984 0 0 0
-419 -687 139 129 745751 0 0 0
1119 81 15 63 670764 0 0 0
2081 -1876 68 196 994839 0 0 0
80 -1023 151 108 988264 0 0 0
-358 -2640 60 165 528524 0 0 0
2629 1263 213 39 804026 0 0 0
321 2538 230 213 431289 0 0 0
1886 1079 93 189 398848 0 0 0
-448 -226 68 54 940660 0 0 0
-539 -966 143 28 853522 0 0 0
187 162 49 226 867949 0 0 0
-470 580 208 83 947461 0 0 0
-2302 437 197 49 949953 0 0 0
-1463 -874 105 141 654517 0 0 0
197 -1434 214 112 753869 0 0 0
1868 -2548 73 209 246616 0 0 0
1258 2091 114 220 324005 0 0 0
-1891 886 40 25 400463 0 0 0
-966 -2531 206 182 786404 0 0 0
148 1043 64 203 908616 0 0 0
-53 -1007 136 154 413995 0 0 0
-1704 -612 204 155 669568 0 0 0
-1247 -1372 144 64 742726 0 0 0
2498 -1495 66 52 282309 0 0 0
1418 -2119 67 71 663644 0 0 0
1607 1037 165 34 319160 0 0 0
-837 -1341 127 58 864853 0 0 0
1502 -1960 233 71 794553 0 0 0
-609 441 203 163 209294 0 0 0
1067 2306 231 136 792049 0 0 0
487 477 192 73 258444 0 0 0
-2038 -1343 84 133 414279 0 0 0
-1372 2194 151 171 740166 0 0 0
1839 -692 182 185 281724 0 0 0
1791 1126 180 205 564961 0 0 0
-2098 -1322 221 108 854080 0 0 0
520 1316 50 207 854471 0 0 0
-594 1599 238 91 684883 0 0 0
-816 -2630 82 156 753312 0 0 0
925 1691 130 57 404129 0 0 0
1614 -2027 231 85 275130 0 0 0
1060 2418 90 7 725878 0 0 0
-2655 -2283 53 152 177918 0 0 0
-2596 -686 185 107 394663 0 0 0
-1528 -351 167 215 372711 0 0 0
-2368 934 239 117 297168 0 0 0
2589 2226 172 116 551219 0 0 0
1613 1021 58 28 282570 0 0 0
-1156 1200 184 98 142656 0 0 0
-273 -343 73 156 823148 0 0 0
305 1536 241 158 456587 0 0 0
-2412 -2527 237 205 339925 0 0 0
-2231 -236 111 188 858771 0 0 0
410 1363 123 214 490149 0 0 0
2051 970 150 71 675369 0 0 0
-1808 -439 33 46 297679 0 0 0
-753 -712 101 80 956042 0 0 0
-1711 1964 28 89 368893 0 0 0
1742 1929 96 162 948946 0 0 0
2538 -2201 15 184 294951 0 0 0
-2633 686 31 178 677532 0 0 0
2357 1451 42 4 368168 0 0 0
837 1786 38 22 210632 0 0 0
637 1146 163 122 195341 0 0 0
1687 -730 86 92 826457 0 0 0
-1303 -238 195 198 971316 0 0 0
2676 2249 111 107 973331 0 0 0
-761 -2438 97 180 161065 0 0 0
-1755 -2613 173 168 162368 0 0 0
-1023 1596 133 61 380194 0 0 0
-1023 2278 219 154 879770 0 0 0
-304 -1028 15 99 405033 0 0 0
-1785 -2223 36 201 316957 0 0 0
142 2343 218 17 534410 0 0 0
-970 2133 103 225 654219 0 0 0
-656 -1935 38 37 274845 0 0 0
1457 273 28 175 884186 0 0 0
-576 -571 205 60 846644 0 0 0
-1044 866 59 88 774037 0 0 0
80 913 238 26 207584 0 0 0
2429 -1582 235 113 824359 0 0 0
246 1560 202 28 155853 0 0 0
525 -804 33 35 579942 0 0 0
573 103 122 114 830513 0 0 0
2075 -2288 129 7 781560 0 0 0
1999 1731 65 156 930077 0 0 0
-732 -2252 228 165 792464 0 0 0
1244 2307 186 111 710854 0 0 0
-895 -895 182 123 843847 0 0 0
151 -1151 134 79 294408 0 0 0
1138 -2470 160 174 914497 0 0 0
1846 2278 34 63 771911 0 0 0
-2499 -1373 34 145 966397 0 0 0
-1002 1997 183 30 524208 0 0 0
-2622 314 232 89 712013 0 0 0
-1463 -2586 196 151 559682 0 0 0
-628 -1568 119 158 357578 0 0 0
2547 -1628 100 27 771794 0 0 0
461 -1803 238 154 145617 0 0 0
781 -245 61 223 874472 0 0 0
2411 7 205 91 310875 0 0 0
-1199 2035 173 129 858412 0 0 0
552 -52 94 100 792285 0 0 0
1929 461 30 114 725613 0 0 0
1089 -2100 13 119 686216 0 0 0
2447 -370 130 223 894465 0 0 0
581 1481 76 55 570968 0 0 0
84 -945 230 199 298469 0 0 0
222 -2225 16 162 317324 0 0 0
-1332 2532 186 62 163689 0 0 0
1720 -161 121 158 283790 0 0 0
1074 1009 78 87 752832 0 0 0
-1154 1367 116 105 658967 0 0 0
-1683 1249 104 152 946167 0 0 0
544 -1568 149 120 932106 0 0 0
1657 148 36 100 476894 0 0 0
2170 -1728 185 88 402537 0 0 0
-1321 -1661 89 78 218991 0 0 0
1143 -170 107 226 604278 0 0 0
1789 1145 184 198 134961 0 0 0
-85 -697 56 67 578547 0 0 0
1647 -415 185 150 366678 0 0 0
-931 -1162 17 56 362609 0 0 0
903 -2331 48 2 475792 0 0 0
1239 -316 38 210 822927 0 0 0
1682 -848 81 55 602438 0 0 0
-934 -1087 2 95 417063 0 0 0
1359 -1576 12 155 870677 0 0 0
1179 1194 111 139 361058 0 0 0
-723 774 203 50 274998 0 0 0
-1168 -1610 213 95 941137 0 0 0
-998 1153 162 38 722852 0 0 0
2211 -2386 15 17 245798 0 0 0
1806 -1330 175 113 408149 0 0 0
2657 2598 219 109 190627 0 0 0
1464 1025 232 202 974409 0 0 0
-238 864 52 161 354315 0 0 0
526 -682 20 2 974076 0 0 0
-2500 -2108 39 53 967172 0 0 0
1269 2047 161 193 787585 0 0 0
-701 -260 193 22 699595 0 0 0
-2125 2653 222 49 595957 0 0 0
-272 -1294 84 13 969243 0 0 0
255 -1558 81 152 386970 0 0 0
2039 2265 196 64 565672 0 0 0
879 1852 131 207 735877 0 0 0
-313 -1260 104 123 220192 0 0 0
-1027 299 229 122 176460 0 0 0
-842 2186 59 44 847769 0 0 0
479 -710 217 91 267840 0 0 0
2023 -2483 107 141 769074 0 0 0
-609 1741 176 108 535203 0 0 0
-1810 -388 11 89 539462 0 0 0
-153 73 180 116 693559 0 0 0
-421 -2101 222 129 849601 0 0 0
2311 1278 232 222 327276 0 0 0
2529 -1193 59 1 991580 0 0 0
-1388 521 200 191 705099 0 0 0
-1321 172 57 115 217718 0 0 0
1727 -1455 228 80 669322 0 0 0
-2219 -653 141 90 470717 0 0 0
-1128 486 19 45 745220 0 0 0
-2400 2302 71 22 684141 0 0 0
1469 -1915 199 227 949647 0 0 0
1923 1623 77 7 121235 0 0 0
-1946 2508 206 61 722449 0 0 0
-1486 1069 59 131 444203 0 0 0
-2695 -2186 122 175 291736 0 0 0
-1211 239 136 188 676597 0 0 0
423 2351 59 145 709612 0 0 0
1922 -794 145 70 489607 0 0 0
2106 2005 108 60 695118 0 0 0
1040 -774 63 71 514724 0 0 0
1104 -810 50 159 136118 0 0 0
-1135 2296 63 51 130982 0 0 0
756 887 226 46 380136 0 0 0
2004 -2016 159 16 517449 0 0 0
1108 -1542 76 30 414059 0 0 0
1283 2046 49 102 226643 0 0 0
303 129 123 182 314995 0 0 0
2164 149 133 104 886633 0 0 0
-1765 -787 101 122 910744 0 0 0
1694 922 35 100 166193 0 0 0
2384 2594 30 188 504922 0 0 0
657 -120 76 224 982140 0 0 0
2105 159 87 161 585787 0 0 0
-186 -1988 158 149 421145 0 0 0
219 1496 141 193 435450 0 0 0
-2244 2546 67 178 941823 0 0 0
1792 -920 195 94 824984 0 0 0
19 1763 105 211 995074 0 0 0
2623 -691 105 79 870593 0 0 0
-1609 472 27 211 845477 0 0 0
-2680 -1050 106 69 187574 0 0 0
-1766 -1554 234 49 764799 0 0 0
122 159 228 46 359314 0 0 0
-1907 306 67 12 745798 0 0 0
2374 1657 177 92 840442 0 0 0
-1623 -144 189 12 722535 0 0 0
59 2341 35 195 765697 0 0 0
694 -1549 88 111 625035 0 0 0
1012 719 29 118 696789 0 0 0
1275 2470 154 11 932812 0 0 0
-1775 -231 166 21 475410 0 0 0
1660 -702 206 182 246802 0 0 0
1004 -652 45 176 463992 0 0 0
-2596 -652 128 72 169504 0 0 0
2170 1523 32 200 526417 0 0 0
-618 2082 157 18 203820 0 0 0
-2585 -1213 2 104 343141 0 0 0
-1525 1614 93 13 497393 0 0 0
2228 -2039 91 99 631070 0 0 0
479 -1502 97 111 397706 0 0 0
-1323 -1754 12 19 543170 0 0 0
249 483 13 119 160790 0 0 0
-1523 -2666 209 166 121580 0 0 0
1728 2480 186 194 502899 0 0 0
-2250 2225 119 138 382880 0 0 0
565 192 227 198 157531 0 0 0
-2458 -1286 88 173 879100 0 0 0
849 -1400 129 94 539411 0 0 0
1058 2499 144 227 272993 0 0 0
-517 -631 183 48 802962 0 0 0
725 -2295 187 174 308758 0 0 0
169 -666 147 24 904535 0 0 0
1058 817 42 210 423458 0 0 0
2162 -1482 170 21 332307 0 0 0
1050 -1140 65 53 703461 0 0 0
2293 -2208 75 159 393743 0 0 0
855 1605 15 45 115283 0 0 0
-1480 1090 98 208 172406 0 0 0
1428 -1319 74 228 927407 0 0 0
1847 -994 34 101 444449 0 0 0
-1559 1411 192 216 573355 0 0 0
-1492 -1359 161 214 606393 0 0 0
767 -2224 53 191 379751 0 0 0
506 -616 165 20 391640 0 0 0
-2317 2289 64 220 281049 0 0 0
-129 -827 5 108 808602 0 0 0
-1884 2029 12 166 563990 0 0 0
1294 -2518 127 144 275709 0 0 0
-826 -2418 135 128 367349 0 0 0
-701 -2462 125 197 613186 0 0 0
1106 436 174 198 275553 0 0 0
1766 668 45 128 965925 0 0 0
1465 801 195 220 367186 0 0 0
-654 -700 223 173 525348 0 0 0
1383 2546 15 62 745947 0 0 0
1062 1393 76 147 573414 0 0 0
-1747 -2483 102 119 350301 0 0 0
-1158 -591 170 115 790729 0 0 0
-2593 1151 172 7 106916 0 0 0
57 -1290 98 93 402765 0 0 0
1643 -1201 12 4 703919 0 0 0
1646 1220 72 224 394558 0 0 0
586 -314 37 13 478528 0 0 0
-1150 2559 222 211 933114 0 0 0
-570 -453 215 45 668080 0 0 0
-142 1133 177 88 932908 0 0 0
1617 310 227 206 775807 0 0 0
222 204 121 224 156115 0 0 0
2296 -2094 206 79 205112 0 0 0
864 -2615 146 158 383051 0 0 0
-2328 2167 130 198 227520 0 0 0
-312 263 240 32 986159 0 0 0
-100 -828 220 198 650089 0 0 0
2014 1484 58 66 169620 0 0 0
959 -1848 81 195 625668 0 0 0
-1453 2598 227 127 262806 0 0 0
-355 1897 200 44 105634 0 0 0
2206 -169 208 151 853147 0 0 0
915 2321 91 202 924351 0 0 0
2073 -1208 179 144 961360 0 0 0
-328 -1784 14 219 552729 0 0 0
1905 -1177 198 67 258509 0 0 0
-51 871 86 192 853885 0 0 0
-587 1782 143 128 838468 0 0 0
-287 2613 147 115 215408 0 0 0
-1582 -1257 167 74 665901 0 0 0
-2248 662 17 57 228897 0 0 0
-102 -1194 122 137 501707 0 0 0
-507 1491 175 167 857175 0 0 0
1426 2130 237 106 370699 0 0 0
-1450 -2182 80 71 892573 0 0 0
-742 -271 208 46 552296 0 0 0
990 2127 158 144 462009 0 0 0
-234 -1669 180 182 108316 0 0 0
-788 695 39 146 428376 0 0 0
-2530 -1379 47 192 785263 0 0 0
-325 -182 203 186 282583 0 0 0
1586 -1840 202 180 827691 0 0 0
-1502 -2175 27 214 257039 0 0 0
1491 2301 200 87 150441 0 0 0
2069 718 199 46 510344 0 0 0
-2495 -2568 74 27 447068 0 0 0
973 -1991 32 98 181883 0 0 0
1983 363 33 52 845122 0 0 0
1751 -1867 111 13 207922 0 0 0
2398 -1137 104 26 371827 0 0 0
-677 -782 63 66 902652 0 0 0
-1674 -1511 233 79 356954 0 0 0
-1181 -2078 42 207 347880 0 0 0
2369 -2371 102 129 739963 0 0 0
1708 44 87 1 931403 0 0 0
1170 1102 240 39 973017 0 0 0
-1089 -598 153 208 231326 0 0 0
-646 -1338 217 226 229506 0 0 0
2678 1188 186 36 948314 0 0 0
1187 -2223 218 96 229612 0 0 0
492 339 38 45 735449 0 0 0
-16 1151 125 157 663550 0 0 0
-2529 -60 91 213 943587 0 0 0
-1540 -2129 174 93 313363 0 0 0
-1628 1750 238 145 840582 0 0 0
1656 -1431 70 177 227304 0 0 0
1043 588 208 223 382408 0 0 0
1507 -1664 231 163 175039 0 0 0
2014 -176 180 61 850913 0 0 0
359 2600 200 86 956674 0 0 0
-2132 713 123 159 942416 0 0 0
1089 1926 113 200 470210 0 0 0
2412 -1783 53 98 713251 0 0 0
1945 130 215 211 348454 0 0 0
-2377 -1073 138 15 700226 0 0 0
-646 -905 116 62 436964 0 0 0
2082 -1459 33 27 919645 0 0 0
185 -1157 82 86 509450 0 0 0
-2301 -2599 43 28 949490 0 0 0
2514 -959 25 177 952039 0 0 0
-547 2011 213 71 612951 0 0 0
2150 1490 30 134 540661 0 0 0
549 329 234 9 647592 0 0 0
186 431 120 58 150051 0 0 0
728 -1174 217 124 896954 0 0 0
1552 -931 231 173 665277 0 0 0
-51 -587 168 97 589936 0 0 0
2665 704 81 34 250456 0 0 0
1043 1666 128 83 227623 0 0 0
2250 -202 189 162 205924 0 0 0
-269 1208 232 47 206655 0 0 0
-482 -2115 5 94 477864 0 0 0
1707 1567 157 157 132074 0 0 0
-1416 2502 169 83 664791 0 0 0
2692 -149 26 52 518896 0 0 0
-2607 -1550 77 122 946703 0 0 0
357 -142 129 177 111110 0 0 0
-594 -1714 199 129 934515 0 0 0
2445 -743 41 6 107215 0 0 0
-1821 -1354 18 62 718703 0 0 0
2605 -1575 179 75 582879 0 0 0
-715 1167 101 126 761468 0 0 0
206 -2191 171 98 102172 0 0 0
-888 619 150 20 423517 0 0 0
1772 -1760 214 46 654925 0 0 0
-2501 -1008 77 82 495708 0 0 0
2023 1424 138 176 960742 0 0 0
-1999 -1443 25 139 810577 0 0 0
1305 672 207 185 101226 0 0 0
1204 -1873 132 121 855537 0 0 0
2495 199 43 32 574506 0 0 0
-388 273 225 195 529980 0 0 0
447 -2502 49 195 303926 0 0 0
-2185 1903 186 192 809164 0 0 0
-601 246 235 28 884621 0 0 0
294 -1550 102 136 142538 0 0 0
147 -1367 238 227 162699 0 0 0
-1690 -1715 170 52 742142 0 0 0
446 503 23 198 487309 0 0 0
1218 -1313 125 132 879864 0 0 0
1039 -944 118 25 153821 0 0 0
1285 -1713 126 110 774117 0 0 0
2363 -1609 110 115 643418 0 0 0
-1177 1044 108 109 802503 0 0 0
-1477 -1191 202 198 763031 0 0 0
117 -2563 133 174 332395 0 0 0
1718 -1833 233 207 107557 0 0 0
-1286 1572 92 154 921538 0 0 0
501 103 233 135 614417 0 0 0
432 707 222 136 468369 0 0 0
2018 -811 195 190 763492 0 0 0
187 2634 160 201 967998 0 0 0
2474 -1359 43 208 788328 0 0 0
-985 -195 144 88 202343 0 0 0
730 -1663 206 196 635581 0 0 0
1682 -1338 40 8 370344 0 0 0
2394 1716 193 76 468162 0 0 0
1334 1351 120 117 628964 0 0 0
686 1587 37 195 269448 0 0 0
2141 521 223 133 401531 0 0 0
-1699 -2468 207 135 454488 0 0 0
-751 -1166 137 91 304021 0 0 0
655 1260 126 89 345950 0 0 0
-90 170 218 4 348681 0 0 0
653 -2415 95 87 263063 0 0 0
1648 -1482 214 12 687201 0 0 0
-3 -635 15 126 578584 0 0 0
-146 -532 111 152 506602 0 0 0
1272 -2599 155 182 799627 0 0 0
-519 989 2 101 601374 0 0 0
1078 -395 137 180 852611 0 0 0
965 715 17 226 239511 0 0 0
-688 1347 82 205 244468 0 0 0
1975 1351 126 136 146325 0 0 0
-2489 2693 158 162 497118 0 0 0
157 2656 57 17 488929 0 0 0
-571 -995 112 177 225149 0 0 0
1643 -98 79 191 350190 0 0 0
1732 -1489 29 18 711295 0 0 0
2335 1200 229 137 434718 0 0 0
-2239 202 215 102 766529 0 0 0
1668 -1746 196 162 743201 0 0 0
1116 -815 91 212 630527 0 0 0
1853 -213 44 153 147094 0 0 0
976 334 126 207 697596 0 0 0
-274 19 119 116 437076 0 0 0
2209 1606 112 27 106460 0 0 0
-293 996 238 186 482850 0 0 0
-803 -1661 118 45 601826 0 0 0
-455 -1465 27 83 112697 0 0 0
-714 1302 232 44 267893 0 0 0
777 -800 116 33 827574 0 0 0
-2533 628 178 29 758936 0 0 0
1928 -2369 79 14 255024 0 0 0
-12 -559 190 168 177010 0 0 0
59 -496 131 219 924155 0 0 0
370 -2601 67 58 637003 0 0 0
1641 525 180 167 841030 0 0 0
-1839 -2321 237 228 715492 0 0 0
884 -187 9 195 365422 0 0 0
971 801 12 157 992934 0 0 0
459 -1652 101 195 321507 0 0 0
-787 -671 213 133 961346 0 0 0
-455 1388 176 133 474162 0 0 0
-1329 -130 48 109 159289 0 0 0
-615 -1358 93 201 618947 0 0 0
-27 1080 71 36 923714 0 0 0
1484 2130 184 85 751747 0 0 0
-2131 310 103 52 121717 0 0 0
-1179 -335 93 86 433442 0 0 0
-2565 -145 62 212 175054 0 0 0
-2147 -616 105 120 899943 0 0 0
-2416 2641 71 213 111427 0 0 0
-440 16 167 6 751675 0 0 0
-927 -262 46 68 952557 0 0 0
2494 -496 201 137 444894 0 0 0
623 -2122 4 135 151482 0 0 0
-2031 -2073 209 14 540081 0 0 0
451 -2455 206 171 311190 0 0 0
180 -1927 189 82 627978 0 0 0
-664 -102 166 167 951749 0 0 0
1585 -518 42 31 885597 0 0 0
-1413 -1213 189 43 153415 0 0 0
-1746 -1925 60 162 831985 0 0 0
2526 -523 42 152 261167 0 0 0
1568 1332 97 87 873384 0 0 0
-2685 -1750 134 28 847815 0 0 0
260 -10 97 41 105198 0 0 0
1099 1288 211 37 293106 0 0 0
-730 1581 56 143 698638 0 0 0
-1166 1430 171 193 842895 0 0 0
-1729 -2553 182 227 922625 0 0 0
-2536 -374 34 92 544376 0 0 0
-257 -1938 15 47 188114 0 0 0
-1608 -2273 202 43 926554 0 0 0
-439 2600 240 177 952065 0 0 0
-1443 -261 192 44 585890 0 0 0
-2140 -653 179 128 978001 0 0 0
-1354 -2322 141 223 853354 0 0 0
394 2313 41 90 424342 0 0 0
-310 -72 121 129 173119 0 0 0
1485 823 67 219 263309 0 0 0
1872 129 96 102 242973 0 0 0
33 -2211 3 154 684220 0 0 0
1983 -1375 192 208 206113 0 0 0
1422 1613 208 156 317311 0 0 0
-615 792 225 110 484241 0 0 0
1062 1448 207 22 548837 0 0 0
-2590 -2301 206 162 121060 0 0 0
2246 -1655 134 80 879986 0 0 0
2004 1709 214 216 350019 0 0 0
1723 106 15 92 526076 0 0 0
309 -190 175 9 485701 0 0 0
2535 2158 149 79 704021 0 0 0
922 -1162 77 47 484114 0 0 0
-104 -2291 23 37 751939 0 0 0
597 608 186 66 297182 0 0 0
-1156 1629 167 223 120664 0 0 0
-333 -848 37 169 598154 0 0 0
-2532 -2480 120 200 865201 0 0 0
-2214 144 15 50 923121 0 0 0
-2202 357 191 19 367604 0 0 0
-2006 -881 4 212 480231 0 0 0
-1244 418 123 95 210212 0 0 0
-1162 -1246 136 185 795564 0 0 0
-1313 -252 120 50 539745 0 0 0
-1894 2062 80 27 307969 0 0 0
-2341 2598 192 159 382083 0 0 0
-863 479 108 81 979797 0 0 0
1843 -982 231 25 750053 0 0 0
-1996 2473 154 85 660775 0 0 0
1826 -2189 22 211 442628 0 0 0
1809 801 48 40 541007 0 0 0
2029 -2348 68 180 426282 0 0 0
1583 8 68 35 936645 0 0 0
1441 -1078 186 189 141735 0 0 0
-1790 1858 12 134 543570 0 0 0
-1723 -2399 41 47 990240 0 0 0
844 641 188 18 375157 0 0 0
-1213 2239 88 62 431408 0 0 0
1671 2373 131 224 946872 0 0 0
-48 -575 96 129 435356 0 0 0
2192 -1586 63 129 794876 0 0 0
-244 -158 107 169 258324 0 0 0
311 -2007 105 195 818247 0 0 0
-2604 2136 148 37 933544 0 0 0
-32 457 184 182 703727 0 0 0
-853 899 149 189 919197 0 0 0
2258 -1449 199 20 402463 0 0 0
-2686 -1024 98 61 368777 0 0 0
1056 -2583 37 136 322331 0 0 0
-2550 1710 240 221 995067 0 0 0
-2294 1951 42 120 638697 0 0 0
-466 519 179 194 204977 0 0 0
-179 -55 92 33 118063 0 0 0
1719 -1190 88 84 682973 0 0 0
-717 -1285 205 49 252856 0 0 0
-684 68 137 78 890933 0 0 0
1203 883 215 204 379300 0 0 0
-895 2133 173 120 389569 0 0 0
-1531 -2334 150 100 835358 0 0 0
540 -1466 93 151 332893 0 0 0
-1834 2678 75 137 615016 0 0 0
458 2013 112 55 196444 0 0 0
918 -2151 221 1 466717 0 0 0
1767 1514 223 225 535929 0 0 0
-858 783 185 97 855428 0 0 0
229 -911 24 67 296420 0 0 0
1528 155 196 48 792537 0 0 0
-951 2202 170 157 780528 0 0 0
-225 -427 66 177 762229 0 0 0
395 1336 99 63 570410 0 0 0
714 -200 20 101 933178 0 0 0
162 579 107 137 295053 0 0 0
2538 1672 7 46 466714 0 0 0
1661 465 131 173 742920 0 0 0
761 -213 44 118 275049 0 0 0
1435 1318 176 48 606331 0 0 0
1365 2606 104 217 651306 0 0 0
-1703 2482 207 185 450618 0 0 0
2040 869 11 169 891017 0 0 0
-22 2044 229 128 493195 0 0 0
735 -222 115 125 481992 0 0 0
1491 2410 185 6 689147 0 0 0
833 1661 17 1 392231 0 0 0
-102 -2511 234 36 676505 0 0 0
1969 -2589 210 221 605145 0 0 0
-1536 1896 236 101 368844 0 0 0
-1149 -1336 46 209 746708 0 0 0
673 -317 133 45 766378 0 0 0
1600 -1105 119 101 269919 0 0 0
-2287 -2446 191 178 312255 0 0 0
2174 -1971 45 197 779513 0 0 0
2015 -1779 93 9 619013 0 0 0
-1062 -156 128 132 358425 0 0 0
2420 -1223 70 85 203003 0 0 0
373 2644 6 200 563757 0 0 0
1236 -299 200 158 140950 0 0 0
651 -1799 110 113 652901 0 0 0
-787 -212 202 147 909372 0 0 0
-1894 -1060 25 159 704591 0 0 0
-1311 -251 117 131 766887 0 0 0
1455 -904 158 42 817152 0 0 0
-1859 1434 227 127 532946 0 0 0
-1338 -475 40 94 272100 0 0 0
291 -1278 150 110 800296 0 0 0
-696 227 233 224 915379 0 0 0
-633 704 148 192 405585 0 0 0
2030 -170 211 144 362524 0 0 0
1168 -1730 204 10 421401 0 0 0
1593 -1090 31 5 101623 0 0 0
674 1670 10 139 648015 0 0 0
-304 1487 167 120 456974 0 0 0
2623 735 235 166 144668 0 0 0
-2226 -1710 32 99 875301 0 0 0
2012 -1720 202 126 152823 0 0 0
1101 330 26 194 216906 0 0 0
-1061 2228 7 24 427220 0 0 0
2246 -306 228 20 563226 0 0 0
-2452 -2182 133 74 822444 0 0 0
782 2696 161 104 893390 0 0 0
-1932 1631 89 172 450064 0 0 0
1576 -1425 234 216 815268 0 0 0
51 -1889 59 67 255143 0 0 0
2131 1562 38 179 818241 0 0 0
-29 -672 189 137 428368 0 0 0
-1253 -301 210 200 297493 0 0 0
306 539 37 86 902230 0 0 0
2439 2178 71 52 437196 0 0 0
2642 2145 76 126 364601 0 0 0
-2490 2162 143 227 146864 0 0 0
-378 1085 138 155 639403 0 0 0
-204 -2250 159 61 550081 0 0 0
2412 767 35 167 996195 0 0 0
-477 -639 165 177 944554 0 0 0
-755 133 123 211 193626 0 0 0
496 -1968 157 134 449106 0 0 0
-1429 2534 143 45 927120 0 0 0
-2624 -2227 181 176 725756 0 0 0
2211 2286 229 48 109655 0 0 0
-1694 -1270 155 60 139412 0 0 0
1568 -2696 94 177 180843 0 0 0
-2433 2398 87 224 845023 0 0 0
308 1204 96 185 699084 0 0 0
2501 1697 35 148 131926 0 0 0
2334 -2055 99 34 194907 0 0 0
174 1113 60 6 585466 0 0 0
-1603 -1632 68 102 763134 0 0 0
-412 -1483 119 76 887902 0 0 0
45 -1551 51 40 675262 0 0 0
1837 2412 190 110 436865 0 0 0
2324 1790 1 207 524893 0 0 0
-1591 677 52 190 488806 0 0 0
83 884 216 64 762047 0 0 0
1383 1352 206 39 893500 0 0 0
-1041 1188 199 204 709877 0 0 0
-666 -235 153 136 340967 0 0 0
-1398 132 165 27 327335 0 0 0
-24 806 7 154 423771 0 0 0
776 958 19 104 817721 0 0 0
2137 1051 101 68 354741 0 0 0
-1464 -1911 31 133 284343 0 0 0
-1831 -332 138 37 386714 0 0 0
1780 -2611 158 65 930156 0 0 0
-583 2415 177 63 994090 0 0 0
1827 2072 232 71 110264 0 0 0
168 -846 12 63 106510 0 0 0
1823 -897 29 131 687126 0 0 0
-1609 -1283 74 103 570615 0 0 0
-298 -772 147 8 359493 0 0 0
-2417 -1570 239 186 178462 0 0 0
-305 1394 117 152 704312 0 0 0
-288 534 10 158 838212 0 0 0
-1222 -888 59 211 684486 0 0 0
2077 1811 133 32 140092 0 0 0
1481 1773 94 68 507195 0 0 0
-149 -900 65 32 985987 0 0 0
-1060 2309 130 180 672674 0 0 0
-45 541 41 196 694949 0 0 0
-2576 -1627 68 63 795621 0 0 0
817 -588 193 167 239682 0 0 0
502 -2265 123 212 305906 0 0 0
-2322 2456 182 54 816244 0 0 0
-1764 2226 12 122 714218 0 0 0
2403 1351 64 39 222584 0 0 0
-136 -1985 25 194 509528 0 0 0
-2452 1776 225 173 871659 0 0 0
1104 -69 146 15 456973 0 0 0
1563 -21 199 50 929696 0 0 0
2214 -824 166 154 478831 0 0 0
2280 192 203 143 746082 0 0 0
-38 629 158 9 400640 0 0 0
1136 2078 56 98 262148 0 0 0
1024 1081 90 24 640971 0 0 0
-1603 -727 29 189 573211 0 0 0
-838 656 31 97 338453 0 0 0
-1244 -2459 99 129 244344 0 0 0
-348 -1712 87 56 973032 0 0 0
1530 -2529 53 138 928173 0 0 0
-1269 2015 175 79 769698 0 0 0
1064 -116 224 184 304945 0 0 0
-851 -2059 218 114 379602 0 0 0
-1822 -1313 142 214 640117 0 0 0
-1981 297 46 58 823063 0 0 0
317 -2597 137 3 896713 0 0 0
1520 -172 148 76 855221 0 0 0
-1663 544 114 61 859232 0 0 0
1043 2691 124 199 759260 0 0 0
-1237 -423 71 16 603959 0 0 0
2273 -2102 62 73 197373 0 0 0
2394 1291 42 74 295007 0 0 0
1788 1939 194 13 185994 0 0 0
197 -612 164 156 242636 0 0 0
-261 -2697 200 128 639392 0 0 0
-2439 -559 188 35 883908 0 0 0
1365 -14 100 97 305888 0 0 0
884 -2017 240 100 836481 0 0 0
-1651 1937 165 26 822507 0 0 0
399 -1281 52 77 539293 0 0 0
2180 -1054 22 100 325230 0 0 0
1987 -2674 130 26 861534 0 0 0
940 -2215 155 157 713991 0 0 0
1671 1943 193 32 385019 0 0 0
1159 -1162 200 7 501539 0 0 0
-2472 1529 132 116 977681 0 0 0
-2396 1360 112 99 585843 0 0 0
-473 -76 40 123 984460 0 0 0
2440 2220 187 60 466998 0 0 0
610 -281 130 153 155345 0 0 0
-1327 -1369 224 178 150439 0 0 0
-1248 974 29 66 763186 0 0 0
-1925 68 161 208 185274 0 0 0
-455 2186 56 59 672646 0 0 0
537 -2546 199 21 390757 0 0 0
1306 914 207 84 531222 0 0 0
584 1254 178 7 138276 0 0 0
2612 -1472 210 211 968559 0 0 0
-1204 -2197 6 38 467502 0 0 0
-584 -140 91 15 463784 0 0 0
-2627 2481 23 97 953927 0 0 0
2053 -2224 25 187 863599 0 0 0
-989 1279 27 169 785735 0 0 0
-1183 1132 161 112 252389 0 0 0
662 -480 183 39 246141 0 0 0
-167 -601 67 84 734621 0 0 0
2210 2688 189 19 731582 0 0 0
-2191 484 15 188 297089 0 0 0
-1755 1405 236 9 956452 0 0 0
928 -2244 167 178 412914 0 0 0
-1440 -1999 172 3 340021 0 0 0
293 -1658 215 114 909938 0 0 0
1725 910 16 220 260482 0 0 0
1214 -2616 129 67 232216 0 0 0
-1131 -1178 63 16 106586 0 0 0
2428 1128 42 119 809965 0 0 0
2022 -754 173 117 189087 0 0 0
