2800
2383 -86 99 27 421098 0 0 0
-1122 -1111 169 116 672365 0 0 0
-1034 327 95 126 635130 0 0 0
2102 1080 242 11 467848 0 0 0
2382 1226 47 98 440430 0 0 0
-2399 -69 199 212 649917 0 0 0
2423 2531 8 4 975359 0 0 0
1251 2236 183 199 635435 0 0 0
-329 -2354 223 140 445762 0 0 0
-1747 -2761 41 56 579878 0 0 0
731 1710 137 162 230114 0 0 0
2711 -1754 80 194 536952 0 0 0
2047 1592 20 140 186084 0 0 0
-2712 99 43 114 861202 0 0 0
745 -2194 182 63 893326 0 0 0
2727 -932 233 38 475906 0 0 0
-923 -1835 85 109 718135 0 0 0
-1828 -2335 166 141 364201 0 0 0
13 -360 100 125 161902 0 0 0
-1455 2330 237 50 846887 0 0 0
1781 -702 39 176 676425 0 0 0
-1176 -369 61 124 204587 0 0 0
2689 -544 30 43 588009 0 0 0
-2714 663 28 190 284132 0 0 0
344 2641 183 77 836650 0 0 0
2133 -2211 109 98 195767 0 0 0
-1526 -2507 135 63 900591 0 0 0
-821 -2125 37 218 268202 0 0 0
-747 -2351 182 115 659869 0 0 0
-1120 -1224 206 178 627375 0 0 0
-1281 -2007 188 215 301112 0 0 0
754 2530 34 76 436741 0 0 0
-2558 1520 47 147 174751 0 0 0
-18 -2701 121 138 890695 0 0 0
-2559 -288 51 25 600521 0 0 0
1130 1103 57 101 154357 0 0 0
-145 -2584 45 59 430684 0 0 0
857 254 200 106 424727 0 0 0
-2302 -1566 160 166 190546 0 0 0
907 283 157 37 545472 0 0 0
-296 -1920 211 130 771732 0 0 0
-1835 560 127 192 577811 0 0 0
240 1402 160 13 631210 0 0 0
-837 897 12 149 629426 0 0 0
-2241 534 208 35 866422 0 0 0
-656 -2075 96 142 252501 0 0 0
1050 265 122 214 239401 0 0 0
-838 -2062 32 78 973982 0 0 0
2169 -1247 136 194 663794 0 0 0
1852 -837 28 12 969863 0 0 0
45 -2577 118 181 899360 0 0 0
-102 479 43 46 133357 0 0 0
1125 1955 160 118 800774 0 0 0
371 -612 168 111 124700 0 0 0
1043 -2114 14 48 136322 0 0 0
656 -2039 71 220 272897 0 0 0
678 1438 44 99 141339 0 0 0
-985 -1049 123 53 153765 0 0 0
62 -2439 171 160 600762 0 0 0
1978 -1641 104 180 897865 0 0 0
2050 -1273 34 165 474789 0 0 0
2048 -1377 178 58 947863 0 0 0
488 -2286 146 221 757193 0 0 0
2694 1229 142 48 981765 0 0 0
-620 -2418 118 232 437005 0 0 0
-2129 -2412 183 18 416635 0 0 0
2560 1500 120 179 311437 0 0 0
-745 1709 184 211 533152 0 0 0
2482 1780 238 40 871240 0 0 0
2427 -2403 101 188 749764 0 0 0
-431 324 37 161 729722 0 0 0
-2726 -400 32 180 567867 0 0 0
2274 -302 249 58 334320 0 0 0
-985 620 128 30 440904 0 0 0
-991 -1986 90 21 983233 0 0 0
-1885 915 107 29 407947 0 0 0
2017 -1006 230 134 522185 0 0 0
-2679 1703 202 214 595034 0 0 0
2702 -799 240 57 813920 0 0 0
-1914 -1080 177 127 139251 0 0 0
-2762 740 80 29 486807 0 0 0
-2458 2763 142 143 938424 0 0 0
2557 1962 217 126 408473 0 0 0
-18 -1176 162 45 116433 0 0 0
-1847 914 88 51 483116 0 0 0
1248 2046 157 112 975546 0 0 0
1894 -1744 24 2 339665 0 0 0
1112 -1153 241 157 821462 0 0 0
2737 713 92 170 119152 0 0 0
674 -1952 55 24 500472 0 0 0
2555 2771 123 127 733874 0 0 0
896 -658 236 181 240057 0 0 0
-2313 -2422 126 227 636193 0 0 0
652 2138 30 152 504770 0 0 0
817 724 46 223 706413 0 0 0
-850 -1797 72 31 987706 0 0 0
-462 2137 143 161 772218 0 0 0
2359 -802 97 139 861400 0 0 0
2798 -2118 5 154 628034 0 0 0
-1344 -693 86 47 842305 0 0 0
2178 -205 242 87 871113 0 0 0
1888 1562 113 156 354372 0 0 0
-2087 1086 153 95 728316 0 0 0
-2544 -750 188 132 354471 0 0 0
1872 2478 32 224 502662 0 0 0
1227 1753 127 10 252869 0 0 0
352 -2030 249 147 299684 0 0 0
-2514 2413 65 84 411842 0 0 0
914 977 98 18 715679 0 0 0
-119 808 146 47 179442 0 0 0
-1928 -914 116 81 306734 0 0 0
110 1358 12 86 740327 0 0 0
1800 174 235 94 872335 0 0 0
1959 399 16 34 767515 0 0 0
-499 1479 114 62 943064 0 0 0
-1981 -50 202 90 879070 0 0 0
1679 167 60 234 303112 0 0 0
-2695 518 99 46 587741 0 0 0
-1826 -1399 214 198 259989 0 0 0
318 565 139 20 191694 0 0 0
-1606 749 70 44 412179 0 0 0
1338 471 210 12 600510 0 0 0
-1409 1069 108 222 335617 0 0 0
-397 2335 4 40 399392 0 0 0
-1573 -1473 90 101 299773 0 0 0
747 -2572 130 95 493226 0 0 0
1317 2127 65 152 851013 0 0 0
-718 -602 150 15 589232 0 0 0
1491 -2138 207 50 178592 0 0 0
-2557 1817 61 219 162493 0 0 0
175 -2113 94 37 864844 0 0 0
2451 -887 101 177 888305 0 0 0
1818 -198 226 116 375392 0 0 0
-184 -2374 98 169 256393 0 0 0
-1926 -737 12 191 385342 0 0 0
-2604 -1453 13 15 661489 0 0 0
2308 -2533 7 152 829456 0 0 0
-199 -1300 13 116 967739 0 0 0
2351 510 115 86 936519 0 0 0
-1276 -408 234 24 853681 0 0 0
-488 -2697 124 60 764569 0 0 0
-1908 -808 215 178 193338 0 0 0
2319 -1337 249 22 949479 0 0 0
766 -1929 42 5 214765 0 0 0
-472 -2666 53 169 229833 0 0 0
-395 1678 187 205 909042 0 0 0
-1480 -1725 53 138 619576 0 0 0
-1659 -2233 138 17 612974 0 0 0
-1860 -1955 185 182 183684 0 0 0
-2726 -2244 149 185 985490 0 0 0
1207 548 181 172 416879 0 0 0
-549 1550 106 203 719702 0 0 0
364 -2219 222 29 760293 0 0 0
1724 1596 181 151 623490 0 0 0
-636 1202 170 196 660858 0 0 0
711 -876 87 161 847615 0 0 0
-1994 -1219 164 234 947007 0 0 0
612 -2755 35 135 210660 0 0 0
-738 -2431 66 33 871829 0 0 0
-2156 1806 15 138 710556 0 0 0
2011 -1164 174 51 724547 0 0 0
2770 -1684 231 206 882087 0 0 0
2262 370 2 219 645253 0 0 0
2744 2283 170 91 367990 0 0 0
-346 -2015 214 17 914463 0 0 0
-15 -977 58 234 902554 0 0 0
-2274 761 63 55 482629 0 0 0
-594 -2204 171 118 138753 0 0 0
915 -874 162 126 971916 0 0 0
492 758 114 17 320325 0 0 0
1493 -1521 17 145 307732 0 0 0
1731 1688 44 24 667089 0 0 0
1231 -2032 30 69 876052 0 0 0
2036 961 67 110 110249 0 0 0
291 -2329 159 168 687785 0 0 0
218 2719 175 93 841034 0 0 0
737 2116 50 17 651425 0 0 0
-1499 2518 145 233 416445 0 0 0
-1898 -1163 58 210 461494 0 0 0
2293 630 167 55 491082 0 0 0
2713 717 225 190 471422 0 0 0
-2365 1870 195 157 650530 0 0 0
2490 1249 142 232 795629 0 0 0
-1303 877 236 69 663759 0 0 0
-2003 2081 4 168 865184 0 0 0
1766 -80 147 56 260483 0 0 0
-352 -2469 227 169 354592 0 0 0
563 1200 222 161 282045 0 0 0
-1909 -1781 12 198 636531 0 0 0
-960 -1571 45 119 722028 0 0 0
-810 1310 16 53 672560 0 0 0
1673 -2527 221 212 565049 0 0 0
-2770 1156 30 106 602057 0 0 0
-883 -491 71 53 740510 0 0 0
1549 481 50 200 784739 0 0 0
-875 -969 26 124 447821 0 0 0
763 -798 223 134 154632 0 0 0
2701 2029 160 226 922481 0 0 0
684 1126 89 42 803036 0 0 0
1341 -628 56 148 607737 0 0 0
-1120 -191 161 115 490042 0 0 0
-923 2405 93 44 896478 0 0 0
248 -1116 85 198 755577 0 0 0
1275 477 120 164 790825 0 0 0
-677 2058 202 132 269619 0 0 0
2131 233 230 202 271623 0 0 0
-773 -1542 198 133 909873 0 0 0
82 -2553 244 17 805730 0 0 0
2158 -344 70 183 556170 0 0 0
2234 2319 235 56 109113 0 0 0
-1959 2364 214 80 150362 0 0 0
2496 112 235 23 804471 0 0 0
-1516 959 54 119 791030 0 0 0
-294 -193 195 95 784024 0 0 0
-1402 2237 237 5 721361 0 0 0
2331 -1392 61 39 633053 0 0 0
645 -97 132 70 465270 0 0 0
-579 -1250 242 122 694507 0 0 0
-1788 -1199 65 25 674038 0 0 0
-2774 1817 245 103 967252 0 0 0
2518 -759 124 218 344211 0 0 0
1422 -801 164 19 508357 0 0 0
1208 -1019 13 76 754989 0 0 0
-2142 1539 247 115 273165 0 0 0
-1101 -2214 19 143 615057 0 0 0
-2450 -27 202 168 891285 0 0 0
2115 -2428 128 206 644322 0 0 0
934 -1566 29 88 342489 0 0 0
2351 1237 66 219 827874 0 0 0
1332 2135 89 177 987849 0 0 0
-1010 -196 144 164 874264 0 0 0
613 -2426 184 60 783637 0 0 0
-2686 -630 168 176 580180 0 0 0
1396 -1357 204 52 752139 0 0 0
51 -2091 89 44 283114 0 0 0
1717 741 249 126 732014 0 0 0
-698 -2748 64 231 539257 0 0 0
135 1655 106 163 497302 0 0 0
-278 -1417 188 133 583876 0 0 0
1073 1400 221 17 206372 0 0 0
2689 -2483 49 58 501330 0 0 0
335 1308 44 145 392727 0 0 0
2065 -1935 91 187 431687 0 0 0
797 -2203 60 227 246954 0 0 0
-568 -1703 233 90 844692 0 0 0
507 -2293 209 200 136992 0 0 0
1043 2229 218 34 557080 0 0 0
1571 2516 229 77 669948 0 0 0
-1092 2773 117 147 630574 0 0 0
-2723 1500 31 86 712450 0 0 0
-1839 -5 89 141 798066 0 0 0
955 735 175 200 749917 0 0 0
2571 -989 153 110 782969 0 0 0
-459 -2013 44 54 386676 0 0 0
708 -1867 217 10 232546 0 0 0
-2417 -1858 101 181 769161 0 0 0
609 -1091 76 22 433390 0 0 0
-1391 -1011 206 196 815482 0 0 0
-61 -1661 101 27 101307 0 0 0
1341 1864 208 232 443433 0 0 0
-2565 -517 226 181 333619 0 0 0
671 1523 111 92 199170 0 0 0
676 -1166 22 126 181376 0 0 0
1526 -2104 207 175 245213 0 0 0
-209 1497 203 172 155332 0 0 0
-36 695 242 171 671280 0 0 0
1551 -2581 68 174 472481 0 0 0
944 1932 52 110 604853 0 0 0
-711 -2780 203 173 403821 0 0 0
56 1300 188 232 392658 0 0 0
1765 2008 111 203 526237 0 0 0
1869 157 154 20 891325 0 0 0
-790 -1992 167 40 896351 0 0 0
-1772 228 31 103 246462 0 0 0
2213 1103 95 174 419600 0 0 0
457 1168 26 194 814256 0 0 0
-1584 -1974 6 86 845458 0 0 0
2075 2762 154 163 644175 0 0 0
-2038 177 73 69 622381 0 0 0
-818 -2772 129 91 377908 0 0 0
2068 -2602 17 47 630039 0 0 0
-151 2728 157 143 172185 0 0 0
1857 -1936 174 53 323608 0 0 0
-536 -2172 65 89 946940 0 0 0
2464 -2682 8 121 490602 0 0 0
-1281 2387 29 96 225301 0 0 0
-2692 -937 244 191 847751 0 0 0
-2152 190 45 43 994333 0 0 0
386 2664 77 6 919764 0 0 0
1047 -1318 239 160 419099 0 0 0
-2252 2687 83 180 860268 0 0 0
615 194 80 183 244180 0 0 0
736 -353 190 209 211639 0 0 0
-868 -982 99 32 825512 0 0 0
548 -1215 232 10 589492 0 0 0
393 -146 31 132 913453 0 0 0
1445 771 226 112 350390 0 0 0
2447 -2405 222 73 336000 0 0 0
17 2563 88 186 663885 0 0 0
-1227 -640 101 47 294216 0 0 0
1242 -922 149 125 812711 0 0 0
-288 1651 72 124 756985 0 0 0
-2211 -1186 135 41 515696 0 0 0
-577 2572 131 206 871296 0 0 0
2445 102 103 189 110681 0 0 0
574 80 232 147 447232 0 0 0
-1950 -2307 120 165 706493 0 0 0
2488 424 80 142 460211 0 0 0
2578 740 8 168 333601 0 0 0
2328 -409 197 155 586039 0 0 0
194 1196 209 68 314374 0 0 0
-2264 -1328 81 216 780097 0 0 0
-122 -2348 93 2 660613 0 0 0
-2698 -433 10 108 931563 0 0 0
194 -1035 244 15 647164 0 0 0
-2741 -1004 169 166 417636 0 0 0
-1632 1857 54 139 461510 0 0 0
-1473 -2017 213 101 374877 0 0 0
489 2559 99 1 446077 0 0 0
-824 875 47 120 731302 0 0 0
2517 -2420 237 204 309394 0 0 0
-2726 2652 195 217 188741 0 0 0
-1948 1924 118 43 184569 0 0 0
-1527 1217 187 60 338554 0 0 0
1254 1703 103 229 913441 0 0 0
-370 -525 216 117 146850 0 0 0
-1166 395 149 88 689538 0 0 0
463 1247 64 139 409974 0 0 0
2221 -814 175 64 875955 0 0 0
1662 2280 65 224 687790 0 0 0
-491 -2715 129 167 130953 0 0 0
-2516 -811 195 224 349336 0 0 0
1771 583 225 137 342893 0 0 0
1933 2560 91 167 900429 0 0 0
810 -1452 81 222 918800 0 0 0
2159 1721 234 177 277305 0 0 0
-567 -252 15 144 230091 0 0 0
995 791 21 62 340112 0 0 0
-955 2672 244 218 234554 0 0 0
2476 173 32 51 451338 0 0 0
-1750 863 142 66 379454 0 0 0
-2512 -1484 170 133 706369 0 0 0
2372 581 152 76 896588 0 0 0
953 1413 145 196 262848 0 0 0
2789 -2715 94 210 647075 0 0 0
-706 1781 156 227 777937 0 0 0
2694 1785 220 48 310824 0 0 0
-2380 -1851 31 186 201652 0 0 0
-1974 803 194 165 424082 0 0 0
-1132 1740 125 165 520521 0 0 0
1340 2646 190 143 790413 0 0 0
-2705 725 56 61 546307 0 0 0
93 -1387 211 121 312332 0 0 0
-604 -1559 7 163 922697 0 0 0
2545 1567 222 76 208449 0 0 0
-108 2567 3 109 632710 0 0 0
545 -1097 101 127 747313 0 0 0
-1247 1633 230 206 802542 0 0 0
-2572 1837 141 56 711109 0 0 0
-1436 -1647 90 47 500506 0 0 0
2604 508 159 79 320102 0 0 0
-1850 -1001 70 212 273845 0 0 0
-2453 -968 7 129 686838 0 0 0
2034 -1927 230 86 358542 0 0 0
1230 328 93 149 834178 0 0 0
2313 632 158 32 239722 0 0 0
-2363 2070 149 17 484409 0 0 0
-1524 -1388 40 65 717388 0 0 0
-2554 1765 166 203 134363 0 0 0
-2324 -2702 187 148 280925 0 0 0
-1920 2348 34 3 110894 0 0 0
-1518 -645 221 19 358994 0 0 0
770 -900 161 197 520739 0 0 0
506 -1722 240 162 414348 0 0 0
-2190 -1593 18 194 196232 0 0 0
2286 2338 86 37 339094 0 0 0
-2564 -255 13 141 798613 0 0 0
-2286 -1703 28 222 402912 0 0 0
-72 1810 133 204 999347 0 0 0
-621 -1049 1 136 234416 0 0 0
1041 2775 69 87 230120 0 0 0
1665 1191 182 231 995324 0 0 0
-1734 -1761 135 123 207395 0 0 0
-2686 105 30 19 508902 0 0 0
1240 -1544 187 42 787169 0 0 0
-151 -1651 54 106 625763 0 0 0
-2205 -1893 165 164 689217 0 0 0
-2061 -2644 181 8 700168 0 0 0
-1247 262 145 55 491471 0 0 0
-1681 1459 175 161 518212 0 0 0
294 -457 143 179 940719 0 0 0
-1883 1977 134 2 170594 0 0 0
-2141 2717 214 85 969596 0 0 0
-1915 -968 30 50 901672 0 0 0
-2264 2603 52 88 974492 0 0 0
-150 -949 182 208 212519 0 0 0
1700 -2436 230 122 239203 0 0 0
-2200 -1110 124 216 976467 0 0 0
-290 2412 168 224 521694 0 0 0
2134 -2004 59 40 116857 0 0 0
-2100 -1876 165 208 945956 0 0 0
-1842 -1461 125 189 792425 0 0 0
2757 -1631 19 80 932457 0 0 0
-2115 1758 184 17 487191 0 0 0
-715 1153 97 114 340144 0 0 0
845 -1802 42 109 671921 0 0 0
2033 -1303 156 43 463576 0 0 0
-383 705 236 90 689049 0 0 0
1459 497 227 98 503347 0 0 0
-2498 178 182 152 472402 0 0 0
-938 -979 10 234 477784 0 0 0
-729 -534 19 175 207757 0 0 0
2489 -1678 69 208 703368 0 0 0
489 -1869 86 142 953631 0 0 0
-1016 -1463 151 173 560008 0 0 0
-1919 609 74 55 577157 0 0 0
-167 -684 249 97 543984 0 0 0
886 455 7 52 662546 0 0 0
-2697 877 114 175 880154 0 0 0
2707 -2641 138 164 856814 0 0 0
-2527 -2018 134 62 417037 0 0 0
-1074 980 137 207 439902 0 0 0
-1271 -1030 197 82 491989 0 0 0
-155 510 119 19 824707 0 0 0
-866 -1180 110 227 116480 0 0 0
814 830 45 126 454955 0 0 0
-187 -1569 221 181 848509 0 0 0
1021 1760 151 215 673045 0 0 0
-299 115 78 7 157784 0 0 0
1949 1876 207 28 995618 0 0 0
-2642 1060 154 63 255294 0 0 0
726 2712 208 117 208614 0 0 0
-2687 185 242 167 713207 0 0 0
1554 -2027 203 172 422830 0 0 0
1595 1635 135 224 909368 0 0 0
2418 -1631 101 184 934203 0 0 0
-2707 1327 29 71 594242 0 0 0
886 1886 152 33 977719 0 0 0
1460 -922 192 146 623044 0 0 0
1841 2170 96 194 150016 0 0 0
-2137 737 97 178 326264 0 0 0
40 -1988 136 105 534390 0 0 0
-1386 -110 100 9 697794 0 0 0
-2647 2033 196 195 706320 0 0 0
-597 796 25 34 298751 0 0 0
901 1538 190 58 570857 0 0 0
-1940 268 207 155 993403 0 0 0
-413 -1471 100 211 118994 0 0 0
608 -2005 167 88 468245 0 0 0
-393 -1419 245 50 564450 0 0 0
-1233 967 41 172 287969 0 0 0
-2122 -1192 163 88 880404 0 0 0
71 1127 43 207 327236 0 0 0
-1670 -1921 161 47 587336 0 0 0
-81 255 166 176 517692 0 0 0
-143 1228 182 137 995535 0 0 0
-2180 675 74 104 562867 0 0 0
2015 916 174 51 477034 0 0 0
-291 2532 180 113 519316 0 0 0
1161 2208 171 117 361722 0 0 0
-1701 -1386 141 153 210638 0 0 0
-766 -998 43 220 683244 0 0 0
2758 1261 150 196 244494 0 0 0
-2460 1094 129 43 235041 0 0 0
500 -57 172 46 394582 0 0 0
-1011 -2186 56 93 184220 0 0 0
-310 -717 220 17 776491 0 0 0
-2536 -534 7 137 945272 0 0 0
901 537 248 72 164500 0 0 0
-2280 -536 71 29 994281 0 0 0
-2266 -1061 63 233 288206 0 0 0
-1297 1119 186 168 255445 0 0 0
-1601 -406 155 190 884681 0 0 0
1309 -2524 116 112 413355 0 0 0
2576 -1011 150 140 393582 0 0 0
-2249 -2313 30 154 480140 0 0 0
1830 632 137 72 304212 0 0 0
237 855 37 130 322903 0 0 0
2083 -2374 144 192 398673 0 0 0
282 -1176 144 212 133922 0 0 0
810 -720 18 193 829319 0 0 0
-1806 1878 226 43 244418 0 0 0
1774 -247 56 97 676756 0 0 0
812 1028 184 41 640151 0 0 0
238 2377 57 64 387771 0 0 0
1651 2584 70 140 255432 0 0 0
-2466 2627 241 13 878364 0 0 0
2119 -537 3 28 713554 0 0 0
1182 -2382 22 172 953476 0 0 0
-112 -1649 34 2 866636 0 0 0
-1607 -2637 228 37 624294 0 0 0
-752 1194 82 86 557487 0 0 0
-2112 -1062 146 119 512407 0 0 0
-1436 1941 146 23 758396 0 0 0
-2369 -941 99 64 537158 0 0 0
2290 -1346 50 86 881757 0 0 0
-2301 -547 66 227 596780 0 0 0
2037 -2490 6 96 479136 0 0 0
-1916 188 148 128 554113 0 0 0
2316 -102 96 32 939301 0 0 0
-1764 -111 2 232 487151 0 0 0
2413 780 225 89 298611 0 0 0
-1018 -721 37 17 704794 0 0 0
-2144 2796 154 97 830882 0 0 0
-1528 2745 248 191 743788 0 0 0
-516 2493 1 230 801348 0 0 0
140 -2792 138 172 727140 0 0 0
86 2206 74 123 818916 0 0 0
-476 503 55 183 414543 0 0 0
1368 2324 166 111 420691 0 0 0
1483 -2495 244 65 263445 0 0 0
-1136 695 140 79 822981 0 0 0
884 -209 134 98 416516 0 0 0
-678 1182 179 151 384353 0 0 0
1971 2568 84 134 576147 0 0 0
1108 -2554 32 137 984923 0 0 0
992 -376 47 65 135474 0 0 0
1644 -1436 82 119 558880 0 0 0
-2019 2724 136 81 162560 0 0 0
-792 -1676 30 138 705482 0 0 0
1309 -1533 194 143 498910 0 0 0
-454 360 75 134 325703 0 0 0
2146 -2790 190 165 905281 0 0 0
-1121 -2554 150 199 997607 0 0 0
-1975 2465 20 129 576641 0 0 0
2599 599 60 9 659505 0 0 0
266 273 36 6 454140 0 0 0
-1558 1584 144 25 651825 0 0 0
-666 1394 182 112 786058 0 0 0
2207 1314 29 10 620656 0 0 0
1548 -765 67 121 765319 0 0 0
-2446 112 79 59 563237 0 0 0
2300 1849 55 120 935342 0 0 0
2559 2512 49 120 221344 0 0 0
1799 805 179 229 998596 0 0 0
-698 1170 38 40 431316 0 0 0
1284 2765 104 32 636505 0 0 0
-1196 1438 185 169 641974 0 0 0
-2428 -551 39 219 670490 0 0 0
-925 -530 32 232 752739 0 0 0
1047 -2184 187 84 134215 0 0 0
567 596 248 156 164138 0 0 0
324 -2098 215 205 483499 0 0 0
2188 -1809 147 144 276856 0 0 0
-2354 -756 109 62 539033 0 0 0
-1880 107 188 164 361578 0 0 0
116 1170 224 22 717813 0 0 0
2142 -1224 154 5 944847 0 0 0
2749 2060 225 212 448071 0 0 0
1276 -143 149 51 980969 0 0 0
337 440 33 228 859591 0 0 0
-1872 2537 35 223 358848 0 0 0
2770 -537 66 91 462757 0 0 0
1354 -2044 24 203 105579 0 0 0
-2324 1710 172 177 897063 0 0 0
-964 693 32 90 729159 0 0 0
-1623 -1751 83 236 578327 0 0 0
-1698 2681 239 95 535604 0 0 0
1549 2303 111 39 967143 0 0 0
-154 -325 47 199 160314 0 0 0
-1608 2205 162 15 399827 0 0 0
-40 316 55 155 390305 0 0 0
1089 543 57 133 166369 0 0 0
-1119 544 27 35 796734 0 0 0
-2421 -2273 242 145 690446 0 0 0
-1577 260 176 133 118050 0 0 0
2284 1873 6 203 747883 0 0 0
-2689 -1916 208 40 764886 0 0 0
-1720 -1439 28 20 764885 0 0 0
1985 -1448 148 30 510366 0 0 0
2275 116 35 145 512541 0 0 0
-985 -1562 30 167 252672 0 0 0
-2632 -1881 15 115 168956 0 0 0
-448 2607 119 97 667827 0 0 0
-2480 494 115 185 632381 0 0 0
1241 2583 24 91 856367 0 0 0
-848 2780 132 220 932054 0 0 0
-1435 -2459 216 76 112191 0 0 0
-866 1908 141 147 899297 0 0 0
649 603 208 128 109956 0 0 0
388 1668 131 66 456573 0 0 0
1008 255 18 64 723900 0 0 0
759 2189 38 35 790654 0 0 0
-1029 1339 141 87 298683 0 0 0
-256 1295 101 82 552365 0 0 0
-2175 -2474 243 196 725690 0 0 0
-2107 -2488 133 75 802621 0 0 0
2562 2074 177 63 973685 0 0 0
-797 2581 84 130 913944 0 0 0
1873 -704 33 127 195156 0 0 0
-1753 -2569 170 226 354127 0 0 0
2715 459 178 16 719113 0 0 0
-1387 1862 63 155 417426 0 0 0
107 -882 44 216 112756 0 0 0
886 -173 93 153 472126 0 0 0
-2716 1920 152 120 832721 0 0 0
1929 -2288 248 156 151200 0 0 0
-2601 -994 2 210 438549 0 0 0
2782 -2256 194 79 803302 0 0 0
-675 959 33 228 965283 0 0 0
1599 247 192 146 988439 0 0 0
950 1880 178 95 223244 0 0 0
2585 -2734 94 193 679812 0 0 0
214 1014 80 222 397427 0 0 0
1814 2328 154 47 232276 0 0 0
-453 -17 41 128 762691 0 0 0
2229 355 91 38 355268 0 0 0
-160 0 104 109 898204 0 0 0
-263 -2068 9 41 498201 0 0 0
1385 -1854 241 178 134490 0 0 0
-332 66 111 170 577522 0 0 0
2321 2785 202 135 373250 0 0 0
1035 1606 89 216 552508 0 0 0
-179 2032 131 117 888425 0 0 0
-4 -1680 49 133 854764 0 0 0
2098 -2783 189 137 790925 0 0 0
-2522 243 88 146 436661 0 0 0
1435 1887 195 27 170307 0 0 0
1965 801 165 136 297121 0 0 0
1427 -144 66 176 412618 0 0 0
1636 -952 191 93 365671 0 0 0
-1164 -652 157 224 171890 0 0 0
2510 -2604 58 173 103317 0 0 0
2676 2599 234 70 489822 0 0 0
-871 -2763 86 205 607608 0 0 0
-1730 -506 40 94 678186 0 0 0
-1707 950 16 230 778937 0 0 0
-2464 1389 8 75 866728 0 0 0
753 947 219 95 801152 0 0 0
-953 -2295 96 182 558652 0 0 0
-1178 2377 114 176 789397 0 0 0
2043 2439 121 222 113883 0 0 0
1042 -562 5 161 454874 0 0 0
652 -2739 131 88 259231 0 0 0
-326 -953 122 104 271655 0 0 0
472 1316 142 125 980855 0 0 0
2341 1815 96 200 663338 0 0 0
-2020 -2223 83 172 565199 0 0 0
-2209 -2338 188 176 758570 0 0 0
485 -54 119 201 156199 0 0 0
-68 2021 56 78 340275 0 0 0
1640 1435 131 17 276937 0 0 0
330 2463 39 138 232209 0 0 0
-235 -476 95 17 414766 0 0 0
-631 -2015 17 178 457689 0 0 0
631 -1951 150 91 186428 0 0 0
-1496 92 169 66 977057 0 0 0
2515 2629 228 83 517375 0 0 0
-1982 -266 52 121 368072 0 0 0
-1305 -2526 119 125 212244 0 0 0
-1184 1210 18 146 231962 0 0 0
2371 -2523 29 155 436749 0 0 0
-1799 -1938 77 25 539727 0 0 0
1435 2440 59 50 350803 0 0 0
2276 1448 60 13 498253 0 0 0
-1457 -2472 148 222 416570 0 0 0
759 -619 63 42 218278 0 0 0
-2219 2185 20 114 455152 0 0 0
-2285 1931 114 87 412112 0 0 0
2065 499 153 88 532973 0 0 0
-1408 -1998 116 140 901747 0 0 0
-840 1448 114 156 564951 0 0 0
2251 2753 208 164 395587 0 0 0
-2500 -2656 46 67 246599 0 0 0
350 -1442 229 97 879109 0 0 0
1886 499 173 206 654192 0 0 0
-1206 2601 136 174 151537 0 0 0
2640 -1890 3 211 196216 0 0 0
-2032 -2707 201 199 511543 0 0 0
-625 -1830 29 95 173769 0 0 0
-177 -2329 191 203 651666 0 0 0
1273 1944 188 218 547038 0 0 0
-2099 -1987 91 168 801667 0 0 0
-1198 712 95 172 353971 0 0 0
2218 44 19 103 689667 0 0 0
-2497 -1872 18 204 367432 0 0 0
-1947 1112 200 151 923621 0 0 0
-444 527 183 60 152007 0 0 0
1034 2227 45 80 930260 0 0 0
1701 1495 96 87 239609 0 0 0
-1804 -165 122 33 469692 0 0 0
495 905 30 78 700071 0 0 0
295 1375 22 96 239947 0 0 0
2402 -1496 147 51 230036 0 0 0
-199 657 159 118 551656 0 0 0
737 -2023 227 227 698823 0 0 0
-2405 -30 183 49 820078 0 0 0
-1539 -904 76 145 775479 0 0 0
-318 -2229 221 35 298681 0 0 0
981 -2596 19 24 264254 0 0 0
2200 778 160 16 817725 0 0 0
1092 -950 99 104 668058 0 0 0
1495 1737 224 97 392405 0 0 0
1837 1788 164 144 220121 0 0 0
2719 -87 245 96 156644 0 0 0
43 -194 218 176 885450 0 0 0
-2413 -286 239 150 957799 0 0 0
-1708 2279 169 129 784472 0 0 0
677 1891 244 133 544641 0 0 0
2498 -1658 48 51 270209 0 0 0
-2746 -62 136 16 944188 0 0 0
2685 724 86 83 785044 0 0 0
480 2003 109 230 752666 0 0 0
-2766 162 179 53 829359 0 0 0
322 -1377 204 71 861830 0 0 0
2726 -138 52 226 619582 0 0 0
1169 -568 214 90 543055 0 0 0
-450 -2732 76 113 359575 0 0 0
-2747 1282 238 63 214036 0 0 0
987 950 198 24 244005 0 0 0
2301 312 107 102 238579 0 0 0
1850 645 76 170 350379 0 0 0
-238 -277 129 10 632705 0 0 0
-506 1184 37 68 334760 0 0 0
-149 1120 207 19 774911 0 0 0
1507 -1490 184 192 926551 0 0 0
2700 1422 99 47 453290 0 0 0
879 -205 118 30 172450 0 0 0
-1944 1211 67 212 227492 0 0 0
-1510 -1942 233 34 890859 0 0 0
-621 -2291 247 139 697146 0 0 0
2029 -2048 163 142 326843 0 0 0
2225 2096 1 35 892126 0 0 0
1490 88 182 46 887362 0 0 0
-476 -670 171 29 684656 0 0 0
-1982 -140 131 91 949914 0 0 0
948 -2002 158 168 106257 0 0 0
1183 1015 193 52 996429 0 0 0
1517 -1774 1 232 629300 0 0 0
2607 1826 220 134 991918 0 0 0
122 2526 220 58 594649 0 0 0
897 677 248 182 228901 0 0 0
-2636 -2015 70 154 363765 0 0 0
1247 821 42 68 390176 0 0 0
-1586 -580 139 165 460113 0 0 0
-2771 1544 243 163 842297 0 0 0
542 -1318 163 102 247564 0 0 0
2253 1706 70 89 465965 0 0 0
-454 -2752 211 164 544606 0 0 0
-1881 822 173 118 357762 0 0 0
1914 -1820 215 226 456791 0 0 0
-1057 -1318 67 180 192157 0 0 0
-707 2624 147 203 559178 0 0 0
-2270 246 61 24 887258 0 0 0
-846 1757 115 20 784240 0 0 0
340 52 247 47 481804 0 0 0
2497 -2164 249 109 115654 0 0 0
-515 -1170 158 58 575115 0 0 0
2587 -581 28 96 852366 0 0 0
-50 1896 99 192 501838 0 0 0
1447 2749 156 109 579877 0 0 0
-1625 -966 7 10 704104 0 0 0
-343 2316 113 184 279441 0 0 0
-2335 2081 238 21 297124 0 0 0
-1331 -2646 117 32 795026 0 0 0
45 -2231 43 191 461338 0 0 0
1358 1963 172 178 419429 0 0 0
-413 886 17 103 516946 0 0 0
519 395 124 80 819085 0 0 0
-1171 -2411 245 168 151945 0 0 0
-1584 2161 207 172 565155 0 0 0
1657 399 27 48 465470 0 0 0
-2497 -1057 156 86 887754 0 0 0
959 -903 86 47 147274 0 0 0
-2246 -945 138 197 571313 0 0 0
689 -1616 231 45 915548 0 0 0
-81 108 199 1 142942 0 0 0
-1463 1842 76 185 180635 0 0 0
-1754 -848 73 139 674691 0 0 0
-2747 -617 66 127 137215 0 0 0
-728 1785 153 66 636600 0 0 0
1839 1322 43 57 770637 0 0 0
-1884 483 49 9 310044 0 0 0
-1457 658 87 108 464272 0 0 0
-1896 -2369 109 195 180434 0 0 0
-1746 -2455 222 171 427873 0 0 0
169 -1753 208 156 575355 0 0 0
-1800 1584 44 26 200094 0 0 0
-1326 6 14 26 959418 0 0 0
491 521 246 52 487909 0 0 0
18 -2174 66 71 757485 0 0 0
-206 -2254 221 102 172716 0 0 0
1643 855 201 72 546108 0 0 0
2482 1751 146 215 799643 0 0 0
1092 -616 153 80 158550 0 0 0
-944 -294 215 140 243523 0 0 0
2539 403 214 214 197972 0 0 0
-66 -663 52 23 565022 0 0 0
-1280 -1276 192 119 916489 0 0 0
1149 2587 233 178 719213 0 0 0
963 -2505 66 154 657779 0 0 0
-2030 1729 186 35 217533 0 0 0
-1141 2713 3 41 802054 0 0 0
1543 1532 177 47 828651 0 0 0
-974 -1232 31 103 156920 0 0 0
2628 1327 37 18 845116 0 0 0
277 -2507 245 90 725026 0 0 0
861 955 87 48 419377 0 0 0
-2645 -780 7 5 109418 0 0 0
-1534 -2209 81 106 932973 0 0 0
1693 -2375 191 162 214882 0 0 0
-1599 -2596 145 140 564043 0 0 0
876 -2148 92 208 235525 0 0 0
936 -491 141 96 743182 0 0 0
-2379 1656 162 180 993443 0 0 0
-2314 -938 27 24 582336 0 0 0
1208 465 238 48 486229 0 0 0
-1931 2510 189 50 649421 0 0 0
-1396 326 152 184 297573 0 0 0
1917 -22 76 98 156408 0 0 0
1139 -1846 217 236 278843 0 0 0
2602 -2025 6 122 892086 0 0 0
598 2386 219 20 847811 0 0 0
-2173 -251 115 167 852264 0 0 0
-850 -774 91 141 819091 0 0 0
-295 -906 176 193 154901 0 0 0
2639 -366 101 196 481477 0 0 0
94 2203 193 162 362401 0 0 0
565 1488 148 40 849874 0 0 0
2065 -1981 138 145 906451 0 0 0
-1375 2298 199 117 735083 0 0 0
-2749 -1485 149 115 123746 0 0 0
-342 -617 103 156 932369 0 0 0
-779 -2150 106 14 602486 0 0 0
-2145 -283 227 94 466811 0 0 0
-866 -2205 186 53 736488 0 0 0
-2557 1097 50 219 305725 0 0 0
-2044 -1020 173 194 591354 0 0 0
-2222 381 12 127 470424 0 0 0
1091 -787 199 137 331038 0 0 0
823 -1802 81 16 805440 0 0 0
-804 -1908 37 197 332993 0 0 0
-1714 1962 14 109 821449 0 0 0
-551 -1435 63 180 765377 0 0 0
1144 -1585 58 42 596063 0 0 0
-1675 -1474 125 112 718479 0 0 0
1571 -155 243 185 410424 0 0 0
2091 -1797 225 230 478202 0 0 0
-1756 953 232 161 604424 0 0 0
823 -1459 88 160 755450 0 0 0
-774 1205 19 164 470683 0 0 0
-1365 184 207 22 485843 0 0 0
-2527 391 180 202 340540 0 0 0
-1265 -749 154 117 882708 0 0 0
-1376 356 21 5 193161 0 0 0
-2697 1659 147 118 617543 0 0 0
-521 -2490 75 150 493039 0 0 0
-87 -1729 8 2 415882 0 0 0
1277 2356 225 43 282099 0 0 0
-236 1506 206 230 211907 0 0 0
-1392 -1187 242 87 710860 0 0 0
-2747 -1754 42 235 656328 0 0 0
695 582 184 203 740539 0 0 0
-1855 451 36 100 310616 0 0 0
-2227 -1447 187 3 797998 0 0 0
-1686 635 75 105 252873 0 0 0
-2720 -838 113 183 482738 0 0 0
1287 -214 136 98 324871 0 0 0
1255 -2571 218 101 653671 0 0 0
275 -2366 241 170 278508 0 0 0
977 -994 124 129 570729 0 0 0
-2259 -559 157 169 520080 0 0 0
-2042 -1575 28 47 768696 0 0 0
1150 -1422 79 14 633836 0 0 0
-1744 2454 87 219 428076 0 0 0
-2105 1390 79 158 670341 0 0 0
1142 472 106 113 136195 0 0 0
-2161 -1731 227 94 392302 0 0 0
1771 1366 39 88 898761 0 0 0
2164 -997 5 36 106419 0 0 0
2093 -2540 150 51 445485 0 0 0
895 1679 79 42 852862 0 0 0
-2164 -2341 189 182 503108 0 0 0
-2630 -2326 169 46 610706 0 0 0
-1141 -2032 195 205 840929 0 0 0
-1983 -2693 144 75 809259 0 0 0
-2471 1116 156 209 675031 0 0 0
-2338 -2056 210 115 400816 0 0 0
-1751 2136 172 187 403407 0 0 0
1356 2593 166 24 615283 0 0 0
-1489 -1261 6 138 652212 0 0 0
-572 -1643 207 141 238553 0 0 0
2530 735 17 195 919582 0 0 0
-2741 -1400 36 95 705349 0 0 0
-448 646 235 25 478944 0 0 0
-984 -261 168 87 445949 0 0 0
31 -2782 96 7 205726 0 0 0
875 -1703 127 27 824985 0 0 0
1857 2035 140 27 713202 0 0 0
1193 1017 65 130 274020 0 0 0
-1919 -824 214 25 180216 0 0 0
-2503 790 223 149 659806 0 0 0
-298 -1577 102 136 591371 0 0 0
-1270 1243 45 207 969212 0 0 0
-524 -630 208 82 125792 0 0 0
2467 1712 81 45 769072 0 0 0
-2621 -343 82 181 358514 0 0 0
-140 727 63 4 881650 0 0 0
2431 1025 66 36 215043 0 0 0
-505 1306 188 89 196695 0 0 0
1968 1183 100 186 936876 0 0 0
-2501 -1529 247 102 248080 0 0 0
217 2031 79 188 961149 0 0 0
2314 -2495 110 5 372543 0 0 0
-1763 -2432 22 121 724559 0 0 0
2672 -1781 104 129 397387 0 0 0
220 1023 10 60 707275 0 0 0
-924 -1139 160 52 670126 0 0 0
-2007 -1840 101 55 753396 0 0 0
-1967 1536 22 182 440738 0 0 0
-2043 -2702 102 172 676963 0 0 0
-1802 -248 54 76 609781 0 0 0
1196 -2715 249 141 752543 0 0 0
-1845 -136 76 92 254167 0 0 0
-2417 1086 216 172 863285 0 0 0
1205 -2434 158 87 628805 0 0 0
-1389 -2592 179 184 339912 0 0 0
2128 2640 223 189 496513 0 0 0
1952 2711 172 169 945723 0 0 0
2726 352 189 89 387236 0 0 0
-307 1359 112 71 487066 0 0 0
1125 -2037 177 23 562148 0 0 0
-1738 2503 164 131 167951 0 0 0
-1071 -99 161 115 135819 0 0 0
1861 1453 247 128 169450 0 0 0
-2470 -862 26 67 153949 0 0 0
-1897 -1639 38 161 295242 0 0 0
1209 139 26 144 891885 0 0 0
2066 -14 152 28 993790 0 0 0
-1938 1536 143 26 990645 0 0 0
-352 -696 201 52 137310 0 0 0
83 1815 67 225 351349 0 0 0
2260 2383 38 144 584723 0 0 0
-430 56 54 125 507252 0 0 0
1273 876 53 131 800473 0 0 0
-123 -262 29 178 312487 0 0 0
-265 -142 8 210 777075 0 0 0
-1274 318 118 186 892139 0 0 0
-1224 -993 24 91 949648 0 0 0
1025 1907 88 147 861241 0 0 0
1628 2102 173 209 172971 0 0 0
662 1914 228 83 660560 0 0 0
1618 -2 58 233 651594 0 0 0
1934 -884 79 22 925766 0 0 0
1087 -43 112 50 890984 0 0 0
1078 -1712 21 61 596472 0 0 0
-1196 -1812 129 115 554095 0 0 0
243 1084 203 205 448674 0 0 0
1706 2308 91 167 581738 0 0 0
2554 -672 216 107 298124 0 0 0
1339 -1521 114 24 918053 0 0 0
-952 -1171 37 230 548655 0 0 0
1171 2063 232 159 666295 0 0 0
280 638 6 34 500005 0 0 0
-2239 -79 182 143 975942 0 0 0
-362 1436 240 12 943720 0 0 0
-312 -2108 227 153 850627 0 0 0
2274 -2374 123 99 647937 0 0 0
-1526 473 106 178 685114 0 0 0
-1067 2024 89 178 187037 0 0 0
429 -1866 81 223 962802 0 0 0
-1707 -2021 199 113 354613 0 0 0
2320 -1697 193 191 205756 0 0 0
2324 -1918 170 108 714665 0 0 0
-1024 137 142 24 272487 0 0 0
-2777 -2038 97 22 907663 0 0 0
-372 -861 129 107 643826 0 0 0
1293 2324 192 96 285863 0 0 0
1333 267 131 138 462414 0 0 0
-2526 1799 124 145 442866 0 0 0
1889 -428 145 215 785749 0 0 0
-573 -2446 131 184 645373 0 0 0
2415 1973 74 6 594411 0 0 0
-856 -841 189 154 172413 0 0 0
2772 -2786 40 32 342740 0 0 0
267 -2205 237 11 338605 0 0 0
1523 -1012 148 27 104798 0 0 0
-1056 1536 226 174 892881 0 0 0
-2557 -1211 18 137 588180 0 0 0
-2180 1693 103 21 520845 0 0 0
2742 -1085 107 101 690818 0 0 0
-347 2173 110 65 498524 0 0 0
1015 1010 211 227 672066 0 0 0
1342 -61 154 128 714944 0 0 0
863 -1103 175 140 682360 0 0 0
1199 -435 242 3 724899 0 0 0
-2387 2419 67 74 656980 0 0 0
440 319 207 127 153377 0 0 0
165 -442 162 124 193521 0 0 0
1918 -2406 34 69 837154 0 0 0
2395 2199 201 185 545253 0 0 0
-1832 274 205 98 606342 0 0 0
1235 -1793 134 121 534727 0 0 0
-2408 -2759 160 69 921923 0 0 0
-1009 -681 74 188 991485 0 0 0
1996 1726 84 152 385496 0 0 0
-718 1432 131 136 325397 0 0 0
-949 -667 127 114 884953 0 0 0
-1861 1596 136 134 116324 0 0 0
1627 1494 137 101 873408 0 0 0
828 -788 174 91 571317 0 0 0
2362 -2716 42 136 961146 0 0 0
139 -1352 199 49 268858 0 0 0
2019 -2039 204 185 679264 0 0 0
-2426 1022 53 140 869732 0 0 0
1484 1452 205 144 384297 0 0 0
-2614 -970 187 107 319944 0 0 0
-2764 2649 53 118 348923 0 0 0
1767 -2354 238 156 342946 0 0 0
-179 -1538 77 117 773900 0 0 0
-559 375 50 223 213134 0 0 0
402 443 100 102 155219 0 0 0
-1831 2188 12 134 847742 0 0 0
-870 2371 198 27 819870 0 0 0
2617 1201 211 130 293653 0 0 0
688 375 168 136 108397 0 0 0
1494 1899 76 28 321916 0 0 0
1242 398 208 34 256634 0 0 0
-2417 1174 185 195 780770 0 0 0
2137 1835 57 121 504776 0 0 0
-2549 1310 183 55 879602 0 0 0
992 609 35 198 170973 0 0 0
1483 1492 201 78 136613 0 0 0
-2773 2167 93 17 648731 0 0 0
2056 -851 8 13 264719 0 0 0
2155 -1790 247 21 564298 0 0 0
-1872 1814 32 151 190807 0 0 0
-2757 -317 174 139 546769 0 0 0
563 -1464 127 147 951920 0 0 0
945 -2555 247 39 887443 0 0 0
-1626 -2376 138 192 254475 0 0 0
-1277 -1497 208 150 455798 0 0 0
2615 -2419 10 216 152048 0 0 0
51 1718 87 133 704839 0 0 0
-1351 951 105 189 570160 0 0 0
2754 -1940 223 92 822940 0 0 0
1401 1004 181 25 660143 0 0 0
1106 280 187 151 943804 0 0 0
-345 2143 249 201 966847 0 0 0
2603 2740 232 202 132248 0 0 0
-1284 -368 148 234 228601 0 0 0
-1085 887 141 37 626128 0 0 0
859 471 244 34 283936 0 0 0
-2372 -1136 138 88 169983 0 0 0
-1001 -1511 119 161 121440 0 0 0
439 1477 107 56 919737 0 0 0
1979 -2489 157 100 416091 0 0 0
2105 576 226 51 421028 0 0 0
-628 2207 244 17 242697 0 0 0
-1292 1493 108 53 896617 0 0 0
-582 1186 131 154 610829 0 0 0
-1703 1949 19 99 763507 0 0 0
1801 1879 114 68 432904 0 0 0
-127 -101 122 185 890757 0 0 0
-2318 1974 84 147 195544 0 0 0
-2238 1846 249 231 453088 0 0 0
15 -2608 183 75 318662 0 0 0
-149 -2706 166 101 606481 0 0 0
-2416 211 193 130 207095 0 0 0
-1431 382 233 173 525264 0 0 0
-2430 -1530 188 186 385569 0 0 0
437 1543 31 18 156999 0 0 0
2255 2400 117 18 453840 0 0 0
2132 -291 227 8 255780 0 0 0
-1315 -2514 148 138 487174 0 0 0
-701 -1235 248 229 319287 0 0 0
513 -916 190 177 789189 0 0 0
-2352 175 104 218 348558 0 0 0
2275 811 168 217 513113 0 0 0
752 2594 153 203 353618 0 0 0
-1822 -2175 222 190 716647 0 0 0
1459 2649 145 108 815297 0 0 0
-1614 347 168 11 313632 0 0 0
1115 -425 37 133 968722 0 0 0
-249 -103 107 190 633689 0 0 0
2378 -894 169 215 957417 0 0 0
1761 2070 26 155 501334 0 0 0
2252 2661 240 103 683158 0 0 0
-2295 -2007 189 85 683671 0 0 0
1138 -2036 17 20 665270 0 0 0
-1464 -1740 124 233 608164 0 0 0
447 -565 66 90 319406 0 0 0
-768 546 38 98 992287 0 0 0
-1439 -1673 18 218 826997 0 0 0
-1522 -1642 75 66 537822 0 0 0
-892 2769 184 160 546059 0 0 0
-134 -844 27 138 687095 0 0 0
577 2106 4 116 331354 0 0 0
178 -185 43 65 986458 0 0 0
1107 1790 150 73 749586 0 0 0
1452 -110 214 163 823901 0 0 0
2619 -2128 151 142 882680 0 0 0
-1288 2473 73 133 270102 0 0 0
1633 -2669 97 225 911526 0 0 0
848 45 223 29 698074 0 0 0
-1374 525 121 122 268962 0 0 0
1450 -46 174 3 812004 0 0 0
-1964 -2422 177 158 126601 0 0 0
227 -2252 142 17 493651 0 0 0
-1717 -1264 214 176 434442 0 0 0
539 135 60 119 663429 0 0 0
-1562 -2761 35 21 473101 0 0 0
402 -100 108 40 814416 0 0 0
-2281 927 226 79 247981 0 0 0
-1303 379 233 183 516416 0 0 0
500 2554 193 181 614914 0 0 0
-1338 889 67 211 419208 0 0 0
1622 -586 57 134 113368 0 0 0
905 -833 138 210 321583 0 0 0
920 -474 212 19 215793 0 0 0
845 86 22 166 648749 0 0 0
448 -1913 135 103 643682 0 0 0
2581 -2451 158 129 731525 0 0 0
-798 2563 227 232 184584 0 0 0
1895 2419 110 202 731024 0 0 0
882 -1510 28 130 139920 0 0 0
2519 -693 53 69 777543 0 0 0
333 1919 179 185 408798 0 0 0
-2152 2596 100 218 839116 0 0 0
-870 439 74 81 381279 0 0 0
-2315 915 107 77 421162 0 0 0
-2550 -1330 132 26 810881 0 0 0
579 2159 47 102 980007 0 0 0
-1175 610 129 35 155557 0 0 0
1992 147 73 87 963494 0 0 0
1274 -2728 228 32 287905 0 0 0
863 -2424 206 100 439979 0 0 0
896 1159 242 209 108541 0 0 0
1818 -960 67 94 682122 0 0 0
1240 2651 155 152 283079 0 0 0
-1782 -1871 29 184 414938 0 0 0
2475 2074 13 127 634281 0 0 0
-2685 -264 164 131 671247 0 0 0
1205 -2123 156 128 474532 0 0 0
-1586 818 74 221 793434 0 0 0
-444 1115 219 83 318504 0 0 0
-1690 2664 138 46 137223 0 0 0
-952 1474 222 13 886225 0 0 0
-1216 2533 55 218 974487 0 0 0
-848 915 104 185 861635 0 0 0
409 1165 202 5 757452 0 0 0
1435 875 92 211 592136 0 0 0
-998 2611 65 119 787435 0 0 0
-2593 -287 167 48 630456 0 0 0
-537 1944 110 34 746559 0 0 0
-950 -504 149 14 731688 0 0 0
-594 1067 166 33 337966 0 0 0
-1191 323 57 232 944726 0 0 0
69 1348 20 12 976066 0 0 0
-933 -2048 144 156 439366 0 0 0
-515 -378 170 75 245178 0 0 0
597 1505 108 213 244223 0 0 0
-960 -1516 87 97 638960 0 0 0
-953 1898 108 183 230596 0 0 0
607 601 122 179 180032 0 0 0
-1089 2402 117 121 980249 0 0 0
643 951 93 69 597430 0 0 0
2315 -2547 143 144 556754 0 0 0
2778 -801 209 3 913375 0 0 0
-921 -411 82 169 503745 0 0 0
2005 -1300 34 89 726756 0 0 0
-1174 -457 134 155 362045 0 0 0
999 1228 192 175 149857 0 0 0
-2637 908 196 126 385303 0 0 0
-840 -175 94 171 486294 0 0 0
-2071 -1903 24 61 803151 0 0 0
289 380 121 149 582314 0 0 0
-674 902 194 63 135212 0 0 0
2590 -1535 9 87 505783 0 0 0
1003 2585 191 155 910360 0 0 0
-1415 -1272 4 64 285654 0 0 0
718 -892 203 184 705342 0 0 0
-484 997 156 98 209421 0 0 0
2490 -414 241 64 189502 0 0 0
862 -1687 69 40 915361 0 0 0
2756 -151 192 166 794007 0 0 0
2542 2326 8 122 741716 0 0 0
538 -2081 173 101 305993 0 0 0
-1379 -45 174 176 795256 0 0 0
-2608 2384 150 181 414950 0 0 0
1481 1340 40 230 175235 0 0 0
232 1411 102 202 474923 0 0 0
-2289 1851 141 24 672778 0 0 0
-459 -1927 12 219 113463 0 0 0
-237 -787 175 188 891133 0 0 0
-1334 -840 176 147 843517 0 0 0
-1981 2019 212 109 855609 0 0 0
-1757 2422 111 98 101726 0 0 0
166 -2470 170 90 475981 0 0 0
-1333 -2059 214 49 209609 0 0 0
-815 291 156 104 193335 0 0 0
-1660 2336 215 154 249125 0 0 0
-1158 -679 38 219 671196 0 0 0
-2749 127 198 157 223518 0 0 0
341 -1378 105 194 369921 0 0 0
-585 1972 25 93 384401 0 0 0
-2597 2220 17 28 415159 0 0 0
1906 519 90 116 718715 0 0 0
1810 1518 32 133 896117 0 0 0
-2391 -756 6 47 852233 0 0 0
134 -1245 178 54 597424 0 0 0
672 1534 190 67 446950 0 0 0
-1775 -2444 169 106 332106 0 0 0
-472 -138 75 222 444797 0 0 0
-2352 1259 172 63 781680 0 0 0
1142 -2757 108 127 316560 0 0 0
2497 -78 111 226 223224 0 0 0
-1430 -1991 192 151 372280 0 0 0
167 -2663 241 103 983843 0 0 0
-196 722 197 201 740968 0 0 0
-1743 1403 163 136 201871 0 0 0
1002 -1840 248 36 160363 0 0 0
-141 1859 131 13 163644 0 0 0
879 -1831 240 209 137084 0 0 0
303 1550 112 120 233101 0 0 0
-1579 -482 216 23 806746 0 0 0
1398 622 207 116 475510 0 0 0
1944 101 174 15 611028 0 0 0
1802 -1284 83 159 566672 0 0 0
-241 -2148 83 97 636024 0 0 0
379 -524 144 161 162473 0 0 0
-708 -657 154 217 363087 0 0 0
-436 615 84 80 890582 0 0 0
-2364 1720 183 228 664763 0 0 0
-697 -539 249 95 604922 0 0 0
772 -2384 4 62 684852 0 0 0
-1012 1225 98 46 900583 0 0 0
-981 -494 8 198 801708 0 0 0
1764 2366 203 1 227259 0 0 0
-2391 579 188 214 467555 0 0 0
1632 163 175 157 681755 0 0 0
-1113 1482 144 159 871170 0 0 0
1429 -637 57 107 586385 0 0 0
-1665 93 60 7 252907 0 0 0
767 1515 168 145 872169 0 0 0
-1749 -542 137 109 283225 0 0 0
-1083 -208 202 137 384219 0 0 0
2695 -2282 173 185 496050 0 0 0
-2798 -1565 233 165 779485 0 0 0
726 1432 25 34 146677 0 0 0
-1157 1821 151 78 781591 0 0 0
-615 112 163 22 993984 0 0 0
1281 -2251 184 204 820896 0 0 0
-390 502 221 192 338299 0 0 0
-1617 1504 144 207 398327 0 0 0
-1739 -209 248 212 619976 0 0 0
-1636 1419 67 235 549079 0 0 0
-764 101 158 158 736332 0 0 0
135 -1190 117 200 402203 0 0 0
2027 2444 86 19 182577 0 0 0
-2215 24 86 40 184296 0 0 0
2232 249 137 128 253483 0 0 0
-2553 -1555 182 178 608757 0 0 0
-1029 2565 27 86 285343 0 0 0
993 1647 118 91 388070 0 0 0
591 2249 176 45 451224 0 0 0
-2721 3 112 130 728343 0 0 0
322 -1081 103 124 308556 0 0 0
2128 -2070 171 185 510941 0 0 0
1612 -1086 117 19 629494 0 0 0
2793 6 211 215 106556 0 0 0
-475 -867 165 106 382088 0 0 0
-1755 -1422 71 188 510729 0 0 0
396 440 78 3 889045 0 0 0
2429 -954 204 189 948658 0 0 0
-2745 1654 151 203 911030 0 0 0
925 -185 10 201 845546 0 0 0
2059 1485 2 137 679702 0 0 0
826 703 240 169 372107 0 0 0
-1292 420 150 26 827695 0 0 0
1684 784 41 145 984884 0 0 0
-419 -1876 149 176 951267 0 0 0
-1848 -1559 12 36 911124 0 0 0
-1713 975 157 92 318135 0 0 0
-2745 -2396 146 84 281567 0 0 0
-875 2493 68 42 132722 0 0 0
-813 -999 137 199 145739 0 0 0
22 913 4 12 929602 0 0 0
-2755 664 63 226 392013 0 0 0
1389 -79 43 46 661853 0 0 0
-2635 2212 212 124 135030 0 0 0
1417 -837 213 199 495372 0 0 0
2526 -1411 80 20 589064 0 0 0
1150 -800 95 213 539627 0 0 0
638 1026 226 46 893648 0 0 0
1793 692 61 102 542921 0 0 0
-2006 2146 86 64 940958 0 0 0
-1893 -1952 214 75 731878 0 0 0
-9 -1594 219 215 952920 0 0 0
1542 -2312 209 20 957468 0 0 0
-197 -2394 24 80 608669 0 0 0
1774 1767 4 69 456241 0 0 0
-2749 1526 114 73 539008 0 0 0
1434 -916 75 42 468107 0 0 0
-518 -519 61 67 647576 0 0 0
42 -1779 124 16 385347 0 0 0
1128 1042 23 152 177728 0 0 0
-239 2478 100 111 777171 0 0 0
-2447 -2336 132 60 802178 0 0 0
2002 1596 71 16 734122 0 0 0
-2532 2332 237 102 931773 0 0 0
2691 25 132 162 836368 0 0 0
1206 -213 245 234 374284 0 0 0
2115 828 230 33 525621 0 0 0
-2767 1863 121 20 355093 0 0 0
-1467 -2638 63 228 276314 0 0 0
1446 1439 225 66 471758 0 0 0
2518 -642 45 180 706359 0 0 0
817 -1637 109 157 296906 0 0 0
-206 2141 13 173 413988 0 0 0
1234 886 238 102 649799 0 0 0
1577 2063 57 180 706850 0 0 0
66 66 165 184 372509 0 0 0
1023 1813 43 111 556444 0 0 0
-476 1419 50 139 505000 0 0 0
1589 -2411 217 3 673738 0 0 0
-2161 1503 209 41 477808 0 0 0
-1272 343 232 108 762899 0 0 0
-566 -403 204 182 492663 0 0 0
-1839 -480 207 101 106550 0 0 0
716 1300 130 143 739657 0 0 0
2490 316 149 26 673904 0 0 0
-131 193 194 48 619564 0 0 0
-720 -1237 66 162 922978 0 0 0
-2512 1350 240 93 704249 0 0 0
471 2502 51 154 992399 0 0 0
-2484 1249 81 204 507740 0 0 0
-185 -1303 129 20 644480 0 0 0
1881 2666 1 28 845919 0 0 0
-1346 -2412 30 111 133086 0 0 0
-2367 545 223 49 960818 0 0 0
-1579 -1743 161 19 260618 0 0 0
664 346 243 236 839672 0 0 0
1317 -1996 48 80 586541 0 0 0
1217 -881 148 206 728454 0 0 0
2426 21 123 201 220056 0 0 0
231 908 105 107 448550 0 0 0
534 1193 64 146 426923 0 0 0
2576 2217 19 143 799652 0 0 0
1479 1329 136 189 740445 0 0 0
-2346 2080 175 168 353504 0 0 0
-1113 1609 113 145 153525 0 0 0
50 2159 81 19 199102 0 0 0
-1204 2118 35 62 518608 0 0 0
-2789 1925 144 187 917126 0 0 0
2040 812 174 172 530320 0 0 0
191 166 83 147 912385 0 0 0
-1754 -1635 4 225 824129 0 0 0
-382 1580 91 82 137995 0 0 0
235 -2465 221 223 924109 0 0 0
456 661 69 83 282187 0 0 0
-2708 -2637 240 44 287687 0 0 0
-1188 -1409 100 149 325788 0 0 0
-2742 1496 27 68 760264 0 0 0
747 1063 16 201 597242 0 0 0
2214 -395 59 220 575423 0 0 0
2047 -1569 174 60 728384 0 0 0
1461 -2336 241 218 280188 0 0 0
179 -204 151 72 513680 0 0 0
-415 -1668 67 19 114674 0 0 0
-2175 -2595 63 157 117446 0 0 0
-1655 1356 25 30 713785 0 0 0
2520 421 4 212 861492 0 0 0
287 -144 248 161 390353 0 0 0
2034 1260 134 150 995902 0 0 0
-2372 2211 110 225 317310 0 0 0
-1249 2686 13 9 844551 0 0 0
-1886 1680 169 1 638969 0 0 0
-1089 1709 2 3 857956 0 0 0
-1157 -1721 243 213 894267 0 0 0
176 -1148 2 115 723528 0 0 0
2345 -1105 133 214 506319 0 0 0
471 -546 70 9 577453 0 0 0
-1688 -866 106 61 994123 0 0 0
1348 -2059 197 31 623155 0 0 0
-2417 -762 240 177 657955 0 0 0
-2715 1679 58 67 577412 0 0 0
1526 -2469 100 179 577565 0 0 0
-1411 -2141 119 186 300081 0 0 0
-468 2482 182 15 190184 0 0 0
-2214 1144 16 37 388454 0 0 0
-733 -134 170 236 107744 0 0 0
2543 223 24 58 808061 0 0 0
1987 1027 189 203 463820 0 0 0
-104 -1585 16 22 879125 0 0 0
2429 1138 134 187 143687 0 0 0
-43 -2078 153 222 545304 0 0 0
-323 1279 125 196 514632 0 0 0
1186 -1673 156 213 742672 0 0 0
-2170 826 163 108 847367 0 0 0
-138 113 180 16 393605 0 0 0
-2294 1250 58 207 204796 0 0 0
-2620 -1301 219 52 950140 0 0 0
-2321 137 114 197 249193 0 0 0
-1599 2640 192 17 686364 0 0 0
958 -1441 131 211 441728 0 0 0
-2213 -1719 151 116 600344 0 0 0
114 424 119 206 855822 0 0 0
-1012 1248 68 65 827283 0 0 0
-1506 -2787 240 149 788036 0 0 0
2120 -2535 188 58 699239 0 0 0
-82 423 100 167 593981 0 0 0
1829 628 25 37 314740 0 0 0
-497 657 248 89 227303 0 0 0
2390 2549 13 112 565701 0 0 0
-2705 1701 85 118 473444 0 0 0
2437 -2341 105 168 717002 0 0 0
2366 800 123 119 444859 0 0 0
-2219 -43 67 43 883749 0 0 0
1118 -1969 116 186 491868 0 0 0
-1061 -2552 192 138 219639 0 0 0
329 -1894 163 154 548608 0 0 0
-311 653 187 32 781544 0 0 0
1508 9 57 181 503849 0 0 0
1332 232 111 72 922549 0 0 0
-739 417 7 224 209090 0 0 0
-2700 -915 61 56 747245 0 0 0
-515 -69 61 120 977852 0 0 0
2164 -2109 66 139 114618 0 0 0
1314 377 152 215 808970 0 0 0
-1232 -2651 52 220 830846 0 0 0
-94 -1658 137 88 809906 0 0 0
253 -2013 168 105 616522 0 0 0
-2030 -1082 62 116 918917 0 0 0
-1900 2405 201 79 108281 0 0 0
820 738 18 20 881286 0 0 0
-769 2486 14 48 724134 0 0 0
2330 2477 177 25 916504 0 0 0
628 2192 72 185 517413 0 0 0
-2596 -1968 41 174 896842 0 0 0
879 856 187 138 195677 0 0 0
1718 2100 219 26 449224 0 0 0
-1515 1545 122 144 962954 0 0 0
2174 -1848 142 195 977015 0 0 0
-11 -702 14 128 741716 0 0 0
424 -2203 195 208 199027 0 0 0
1224 2459 243 195 230956 0 0 0
-508 -1111 8 221 850511 0 0 0
-30 457 64 201 526710 0 0 0
-1681 2026 104 172 167644 0 0 0
902 -761 103 99 186398 0 0 0
214 -368 157 143 261969 0 0 0
-968 2404 34 195 125840 0 0 0
882 -424 8 162 570229 0 0 0
-373 -715 197 202 699600 0 0 0
663 -1209 79 135 206768 0 0 0
-1742 1293 126 220 245466 0 0 0
-420 10 6 64 947755 0 0 0
-121 1494 184 114 278206 0 0 0
1359 -2012 20 174 889927 0 0 0
-1913 996 246 95 161208 0 0 0
2511 -2204 83 213 440768 0 0 0
2095 2775 50 66 952258 0 0 0
-804 2418 88 173 451106 0 0 0
-2773 -1441 226 84 324857 0 0 0
1812 959 134 5 209797 0 0 0
378 2221 61 117 878785 0 0 0
-1107 2276 197 146 718207 0 0 0
1187 2009 186 146 246274 0 0 0
-1299 -2003 170 191 627551 0 0 0
-944 -2610 201 176 685132 0 0 0
-109 1948 47 116 456642 0 0 0
3 -1861 244 13 823013 0 0 0
1038 294 187 165 917126 0 0 0
-2590 -1753 83 111 574224 0 0 0
900 2119 216 100 748362 0 0 0
273 -2435 228 101 720301 0 0 0
226 -2592 170 181 743963 0 0 0
-1840 -2745 199 77 236277 0 0 0
-2375 -2448 84 235 664444 0 0 0
2643 -1640 19 102 580165 0 0 0
1426 1233 214 137 346953 0 0 0
210 2156 218 50 437629 0 0 0
-1256 -3 207 166 965171 0 0 0
1762 2569 34 105 504874 0 0 0
-2307 -650 92 216 778010 0 0 0
388 203 160 108 593111 0 0 0
-2066 -1390 31 205 963054 0 0 0
2584 -251 125 83 733048 0 0 0
-342 -770 4 168 436527 0 0 0
2364 1627 176 158 217547 0 0 0
-394 -205 193 225 402156 0 0 0
-109 2347 44 202 263344 0 0 0
-158 -542 1 7 469903 0 0 0
-240 1751 239 184 777207 0 0 0
-1754 -1957 84 58 786803 0 0 0
-2781 -1863 194 51 573497 0 0 0
2356 -2373 131 213 947014 0 0 0
-1911 -2042 201 27 939196 0 0 0
-2480 1166 182 68 106432 0 0 0
2646 2307 195 93 474669 0 0 0
-1243 -2778 68 51 761855 0 0 0
43 -199 197 52 889546 0 0 0
-2034 2021 158 201 504589 0 0 0
2116 -590 216 150 489615 0 0 0
2584 -1266 239 123 977284 0 0 0
1713 1754 77 90 490897 0 0 0
1618 2593 117 198 490888 0 0 0
-226 -197 128 204 895007 0 0 0
-1360 1743 182 194 112881 0 0 0
-1336 1207 194 158 162788 0 0 0
-2160 807 37 33 101730 0 0 0
-2116 -201 131 142 760840 0 0 0
1303 -2580 23 205 378831 0 0 0
-447 -1811 191 12 625912 0 0 0
147 -913 148 85 754166 0 0 0
351 -2651 243 79 409905 0 0 0
-203 1690 121 143 207079 0 0 0
-1374 2687 120 214 204477 0 0 0
2133 -879 16 174 547371 0 0 0
2761 -1414 164 119 182986 0 0 0
-1395 -599 246 42 359114 0 0 0
-1681 -2572 7 31 692470 0 0 0
-2100 -1276 17 177 695130 0 0 0
-603 14 105 221 301480 0 0 0
-477 1203 135 200 277832 0 0 0
-2631 -964 205 74 969829 0 0 0
-1250 -79 248 80 907377 0 0 0
-1648 -2437 156 176 218805 0 0 0
1867 1420 66 137 138017 0 0 0
2725 1107 193 190 828093 0 0 0
-1610 -2734 80 154 809156 0 0 0
1093 -1784 241 78 183743 0 0 0
516 1577 73 49 259006 0 0 0
-2544 -1348 155 134 353356 0 0 0
607 -1838 17 112 122341 0 0 0
431 487 236 1 140008 0 0 0
-174 2596 134 139 644480 0 0 0
1591 1182 166 211 830234 0 0 0
-2073 -2175 241 212 294861 0 0 0
769 -496 147 149 926052 0 0 0
-1034 -2264 136 24 345617 0 0 0
936 -854 197 96 958507 0 0 0
677 -1331 81 27 752889 0 0 0
-1375 593 199 181 108636 0 0 0
-2551 -1197 215 123 280495 0 0 0
1014 2780 38 23 121713 0 0 0
716 1807 90 199 487734 0 0 0
-2183 1869 97 33 170900 0 0 0
2203 -2453 102 95 657628 0 0 0
1389 1331 243 172 547285 0 0 0
1171 -313 171 39 413600 0 0 0
-2436 2497 43 38 422144 0 0 0
380 2744 153 72 473817 0 0 0
59 675 66 2 483275 0 0 0
1424 1664 102 153 996422 0 0 0
-215 -1959 196 84 451077 0 0 0
2213 -642 117 152 497129 0 0 0
-106 1943 29 45 247117 0 0 0
-567 294 97 35 381724 0 0 0
1391 2771 226 123 410257 0 0 0
1762 -1069 87 223 946556 0 0 0
825 1882 189 109 769947 0 0 0
-900 2718 14 120 493842 0 0 0
1509 -1573 102 123 102465 0 0 0
2312 -1055 208 210 552309 0 0 0
289 1297 41 197 964992 0 0 0
252 1299 90 218 827077 0 0 0
1757 -399 17 67 356506 0 0 0
-1070 1867 245 218 580698 0 0 0
-1255 1370 83 140 203308 0 0 0
2505 122 10 192 612087 0 0 0
-2613 553 139 190 614519 0 0 0
-618 -2332 216 42 523262 0 0 0
-198 1049 70 220 473528 0 0 0
-1390 824 234 48 634205 0 0 0
-2657 634 41 147 200554 0 0 0
918 -2283 78 38 233268 0 0 0
-47 1082 94 77 241422 0 0 0
856 2608 174 77 194077 0 0 0
2041 2530 109 78 227816 0 0 0
-192 -2263 162 20 660040 0 0 0
1577 794 137 136 764781 0 0 0
2254 -2668 101 117 758204 0 0 0
1503 -1786 109 191 272095 0 0 0
-1446 57 39 47 687136 0 0 0
-2787 -1575 132 139 224588 0 0 0
75 480 93 67 901558 0 0 0
1852 -2327 220 232 505384 0 0 0
877 -581 185 131 165521 0 0 0
2557 290 78 1 716097 0 0 0
-961 241 149 215 388340 0 0 0
-2161 1361 113 57 128721 0 0 0
-67 -1369 87 19 561099 0 0 0
1359 -857 146 68 437754 0 0 0
-1064 -613 71 88 989408 0 0 0
1252 180 195 149 748349 0 0 0
2475 -2017 154 105 796253 0 0 0
1453 2152 27 36 265987 0 0 0
1958 1222 243 167 932696 0 0 0
1242 2113 134 71 501107 0 0 0
-212 -2335 247 230 783688 0 0 0
1137 -1458 226 76 923674 0 0 0
526 1739 62 170 136144 0 0 0
1832 -693 233 80 736307 0 0 0
-1655 1941 74 131 833887 0 0 0
306 -1959 148 12 868636 0 0 0
556 480 30 72 443201 0 0 0
377 2416 94 56 539276 0 0 0
129 -2082 244 152 287248 0 0 0
-565 -100 130 190 837165 0 0 0
-529 636 174 42 720547 0 0 0
-287 1049 189 234 643514 0 0 0
-2290 -1679 6 23 647408 0 0 0
987 1694 10 194 924929 0 0 0
-1648 -2145 127 153 401416 0 0 0
159 1960 147 196 819363 0 0 0
-640 -1212 3 133 362027 0 0 0
1676 2279 131 52 589213 0 0 0
1467 -852 147 196 643058 0 0 0
124 1953 30 35 593635 0 0 0
1608 -109 224 179 821253 0 0 0
-2642 -651 167 225 360037 0 0 0
-1158 -863 32 209 787906 0 0 0
-1200 628 227 68 473556 0 0 0
507 1824 157 204 810671 0 0 0
-490 -1484 154 182 115800 0 0 0
-2783 1470 223 114 684843 0 0 0
547 -1764 141 215 354549 0 0 0
2182 -1366 118 146 613222 0 0 0
-2295 -954 84 18 529921 0 0 0
-747 4 95 7 370855 0 0 0
583 1999 200 143 883736 0 0 0
-1253 -1226 193 90 586625 0 0 0
-2268 -969 238 103 287551 0 0 0
-968 -891 4 146 603360 0 0 0
-1732 1106 47 125 301972 0 0 0
-306 163 160 210 784592 0 0 0
-1663 -1627 10 92 801938 0 0 0
-605 -1529 61 16 148155 0 0 0
1104 -1909 124 124 401825 0 0 0
-2633 -267 27 130 210321 0 0 0
161 1846 79 10 623880 0 0 0
1617 2458 143 159 331081 0 0 0
2435 -978 245 169 455490 0 0 0
863 2176 164 59 392751 0 0 0
1480 -945 56 48 405560 0 0 0
2042 -1020 50 231 663272 0 0 0
2586 -2049 165 26 895618 0 0 0
533 1103 9 23 629520 0 0 0
1385 -562 100 148 692652 0 0 0
795 -2001 218 2 322991 0 0 0
-1996 420 147 131 652159 0 0 0
403 806 104 89 891186 0 0 0
-2226 2025 62 108 266043 0 0 0
-274 -494 134 124 452115 0 0 0
725 -1404 99 235 765252 0 0 0
-2785 2088 233 176 476846 0 0 0
-1590 975 236 75 931144 0 0 0
758 -1079 105 102 975466 0 0 0
2759 -1645 192 5 516381 0 0 0
1849 931 28 103 684631 0 0 0
249 -560 9 6 752894 0 0 0
-1281 -1079 132 212 980835 0 0 0
-2583 1072 187 101 165566 0 0 0
-90 -2002 209 111 114615 0 0 0
-1981 -2245 92 150 748851 0 0 0
-428 366 111 217 692492 0 0 0
-300 1405 65 182 996484 0 0 0
507 -2404 59 223 391921 0 0 0
-515 -765 203 89 887354 0 0 0
838 -2007 238 35 398504 0 0 0
-1706 1148 101 109 810004 0 0 0
-2038 207 19 17 379874 0 0 0
-1216 -1837 171 150 521380 0 0 0
-2009 -1150 87 187 101451 0 0 0
378 -1832 233 231 501619 0 0 0
-1943 -2116 128 163 464010 0 0 0
450 2310 62 132 437170 0 0 0
1719 -1104 48 180 953830 0 0 0
-1131 411 110 109 369967 0 0 0
1771 -2706 59 142 748595 0 0 0
-1293 1731 24 40 491768 0 0 0
1613 451 163 44 865537 0 0 0
-1227 1873 134 145 955605 0 0 0
-2786 -1632 234 96 980253 0 0 0
-1253 -1907 199 176 817128 0 0 0
-2777 -1789 122 19 319733 0 0 0
1672 -1706 77 14 139674 0 0 0
-1065 830 246 24 511609 0 0 0
-208 -234 30 231 125005 0 0 0
-1923 1106 239 23 211437 0 0 0
1506 1971 125 234 965275 0 0 0
1972 1575 212 67 553774 0 0 0
1947 -2403 241 232 867557 0 0 0
-2486 -2636 41 170 604957 0 0 0
-949 -957 82 108 898720 0 0 0
396 114 230 192 954119 0 0 0
-1452 -41 108 198 391881 0 0 0
-387 2644 85 216 693795 0 0 0
1052 1650 28 28 656341 0 0 0
456 1411 133 51 499630 0 0 0
23 1174 244 138 820034 0 0 0
-973 -1296 37 9 215965 0 0 0
815 636 87 100 480560 0 0 0
-2127 -2698 187 21 273050 0 0 0
-2242 214 35 232 859827 0 0 0
-1867 2734 234 112 241031 0 0 0
-426 -2712 70 186 890514 0 0 0
446 -1758 72 64 426770 0 0 0
122 -2551 147 176 660433 0 0 0
-2635 369 185 124 494242 0 0 0
-122 -2070 212 188 994395 0 0 0
483 -214 33 89 263344 0 0 0
1593 285 188 56 747072 0 0 0
-2226 -661 208 1 406847 0 0 0
-1527 -2330 242 216 276440 0 0 0
1466 -503 86 233 703653 0 0 0
1123 1057 133 6 957088 0 0 0
-2077 -772 164 37 251968 0 0 0
2514 1167 167 38 836298 0 0 0
-1604 386 144 179 282215 0 0 0
251 2424 235 196 372001 0 0 0
1279 -2285 224 218 770077 0 0 0
1411 -462 207 228 398282 0 0 0
-2004 1966 12 200 428311 0 0 0
1805 1086 128 124 683040 0 0 0
-1021 -752 99 122 518080 0 0 0
1596 -1499 124 43 296923 0 0 0
-47 -2557 154 56 658821 0 0 0
-2355 149 161 212 646406 0 0 0
1923 223 200 95 440516 0 0 0
-809 -2379 175 74 445046 0 0 0
-2003 2407 165 55 505364 0 0 0
964 1951 238 213 325128 0 0 0
864 -1728 104 72 623803 0 0 0
1262 953 60 98 542901 0 0 0
1713 2506 196 126 127314 0 0 0
2291 1729 146 167 282049 0 0 0
-1777 -263 128 16 119685 0 0 0
264 2698 223 57 604045 0 0 0
-234 -727 135 36 809437 0 0 0
654 -980 29 190 485234 0 0 0
-2348 346 7 133 348976 0 0 0
87 -256 60 61 945194 0 0 0
1964 1702 245 192 470861 0 0 0
2014 2614 101 126 685140 0 0 0
-2784 2205 143 62 665592 0 0 0
-1348 2274 32 204 282481 0 0 0
1159 -796 162 106 337135 0 0 0
1595 420 232 136 888334 0 0 0
90 -2118 2 210 169224 0 0 0
-1757 -2031 69 29 138327 0 0 0
874 338 6 200 371762 0 0 0
1485 1936 19 126 423777 0 0 0
768 1430 11 101 683639 0 0 0
-1912 928 198 157 563191 0 0 0
-2518 22 70 206 840060 0 0 0
-1218 2176 228 74 343468 0 0 0
-117 42 45 53 520409 0 0 0
1265 1883 132 57 803659 0 0 0
-1297 -1685 215 23 596437 0 0 0
1010 1508 15 127 238189 0 0 0
-1181 673 231 98 719532 0 0 0
-2591 296 165 201 185831 0 0 0
-283 38 22 133 946562 0 0 0
-2395 -640 66 181 409656 0 0 0
-687 -862 19 71 657258 0 0 0
2364 -1703 84 142 991798 0 0 0
1881 1951 90 116 992506 0 0 0
-1522 1204 187 197 343360 0 0 0
185 2133 201 24 454697 0 0 0
-2776 1591 215 168 841607 0 0 0
1538 -2724 140 127 250000 0 0 0
1423 582 218 45 355620 0 0 0
-1616 -1174 161 44 122895 0 0 0
-2432 1327 120 163 421046 0 0 0
-1302 2637 203 84 192127 0 0 0
81 -1983 216 140 710605 0 0 0
2593 175 95 31 836558 0 0 0
-1828 -1071 76 115 970798 0 0 0
1365 -101 89 131 330761 0 0 0
2593 -1382 25 86 788297 0 0 0
-1620 2088 143 234 641592 0 0 0
25 -846 212 29 745648 0 0 0
-2547 -56 186 169 107756 0 0 0
-314 886 42 224 102067 0 0 0
-1379 7 167 62 800650 0 0 0
521 1448 40 199 484371 0 0 0
-2169 -2382 200 5 426382 0 0 0
-1371 337 13 106 686582 0 0 0
2049 -1375 111 114 741371 0 0 0
537 1300 71 221 356945 0 0 0
1545 2380 48 39 604446 0 0 0
1540 -1607 81 3 474993 0 0 0
834 2445 42 176 394783 0 0 0
-1097 538 178 33 579928 0 0 0
-2186 912 59 171 965003 0 0 0
-390 -778 148 76 438982 0 0 0
-2674 -1646 163 40 560906 0 0 0
-2430 -915 123 229 325450 0 0 0
1031 -1838 85 50 793085 0 0 0
-1810 -2432 144 122 452529 0 0 0
-271 -2609 1 156 330188 0 0 0
-2177 1901 41 87 344140 0 0 0
913 1720 141 192 773629 0 0 0
130 -1501 61 27 171047 0 0 0
-1765 1012 47 132 424837 0 0 0
-827 2542 4 74 938490 0 0 0
1756 1525 188 8 673553 0 0 0
846 920 17 163 486317 0 0 0
2263 1313 92 138 688102 0 0 0
-1280 252 201 53 745709 0 0 0
-2067 191 6 12 839192 0 0 0
2671 620 209 64 176038 0 0 0
-1346 -361 65 21 853394 0 0 0
-2311 -1755 155 229 687243 0 0 0
-1689 1703 129 7 977297 0 0 0
-1054 2302 183 153 789449 0 0 0
2647 -2678 71 93 950968 0 0 0
-1586 -747 244 230 111215 0 0 0
-1226 1102 171 186 733029 0 0 0
2089 -2499 40 219 933576 0 0 0
-1080 1963 97 215 679871 0 0 0
-2032 771 76 121 481565 0 0 0
-591 1868 19 203 117198 0 0 0
-1915 583 185 144 177821 0 0 0
2794 -910 218 236 229028 0 0 0
1628 1058 120 199 997787 0 0 0
-1131 -528 236 58 207784 0 0 0
-1676 -382 76 188 263557 0 0 0
2496 2505 187 127 458277 0 0 0
1252 -1393 126 86 469537 0 0 0
-2624 -1400 152 139 420134 0 0 0
-1416 -452 234 216 780513 0 0 0
1601 -2630 58 155 404095 0 0 0
-2112 -784 15 176 975627 0 0 0
1770 -465 25 202 100455 0 0 0
965 607 97 164 702474 0 0 0
741 975 11 223 746768 0 0 0
-688 -817 106 80 258204 0 0 0
1896 -188 249 195 311974 0 0 0
-1484 -2044 25 165 794444 0 0 0
-935 -1355 201 41 860482 0 0 0
1200 -2409 189 176 703310 0 0 0
-1851 -1776 201 15 123023 0 0 0
-2392 1946 187 135 213314 0 0 0
2290 1365 182 107 588553 0 0 0
-2583 1418 129 103 358429 0 0 0
-2759 1553 72 118 116648 0 0 0
-492 -2496 201 146 295817 0 0 0
-2014 1036 18 164 129512 0 0 0
-2789 534 189 117 551874 0 0 0
-2211 1918 94 146 219757 0 0 0
962 -1496 100 196 709939 0 0 0
-1142 -134 93 23 421624 0 0 0
-1719 838 219 46 101895 0 0 0
-202 846 122 63 425474 0 0 0
542 -1378 198 9 623013 0 0 0
-2011 2250 101 108 431451 0 0 0
2438 394 111 146 693551 0 0 0
-1219 -684 99 18 808624 0 0 0
-2584 -1874 83 51 907959 0 0 0
-2527 1985 16 84 129844 0 0 0
2646 -1436 29 154 757157 0 0 0
-2280 422 213 140 695801 0 0 0
-2197 1544 101 128 698714 0 0 0
-16 -1030 181 15 404704 0 0 0
-1419 1035 85 117 694344 0 0 0
1733 -1795 161 182 194587 0 0 0
-2295 1591 171 178 222922 0 0 0
-2371 2257 134 128 313859 0 0 0
-235 -425 28 116 402351 0 0 0
2281 -2401 15 93 239715 0 0 0
1034 1934 213 68 271700 0 0 0
-1800 -597 142 183 325037 0 0 0
2229 2714 153 218 446639 0 0 0
1919 684 235 34 295575 0 0 0
511 -445 208 37 101738 0 0 0
2201 922 161 85 347169 0 0 0
-858 2792 76 51 710444 0 0 0
-1515 244 153 226 423156 0 0 0
2235 763 3 177 589449 0 0 0
1147 2293 141 106 697931 0 0 0
-1084 395 28 85 673126 0 0 0
-742 -2374 228 143 915758 0 0 0
451 1988 143 46 316688 0 0 0
-1345 2305 220 236 421763 0 0 0
-2072 993 225 221 438556 0 0 0
7 -912 178 177 642202 0 0 0
-1547 -2574 167 224 401958 0 0 0
-2451 -2703 86 162 474610 0 0 0
1190 2144 112 109 776895 0 0 0
-1603 -2677 247 39 220909 0 0 0
55 1580 215 24 406571 0 0 0
2398 -2620 12 50 528236 0 0 0
1379 -671 193 208 644022 0 0 0
-1665 -118 99 112 742994 0 0 0
-1919 2724 148 177 191640 0 0 0
-2344 -2467 205 93 247223 0 0 0
427 -1866 33 198 999575 0 0 0
1949 1641 68 230 765706 0 0 0
1359 -1776 35 102 635759 0 0 0
389 1501 192 70 570111 0 0 0
-122 -2182 195 127 367017 0 0 0
1476 813 124 12 666055 0 0 0
352 535 49 153 256831 0 0 0
-2010 2602 197 142 694510 0 0 0
75 2359 178 11 836443 0 0 0
2501 668 82 12 279037 0 0 0
1385 1778 111 202 682555 0 0 0
-897 -353 1 139 694212 0 0 0
-339 2571 204 171 361960 0 0 0
-1431 2053 111 108 182659 0 0 0
-480 -1186 159 222 513678 0 0 0
-279 -1719 49 179 254081 0 0 0
2426 700 227 174 269889 0 0 0
-725 -1188 29 41 675679 0 0 0
-1040 1567 49 223 242636 0 0 0
-2127 1401 165 4 199705 0 0 0
690 -1438 6 97 510727 0 0 0
1151 -1795 89 109 278923 0 0 0
-1635 2157 39 84 938031 0 0 0
1807 -1137 212 31 616347 0 0 0
-79 1596 92 157 657336 0 0 0
-1176 1976 152 186 760362 0 0 0
-2184 -438 12 179 983819 0 0 0
-380 -2481 56 81 283838 0 0 0
-166 -124 30 93 708251 0 0 0
2475 1198 119 194 297984 0 0 0
794 2595 169 168 783258 0 0 0
-2544 -619 103 49 944598 0 0 0
-1267 -1816 210 44 957504 0 0 0
1981 1920 131 118 530996 0 0 0
687 -850 106 222 733883 0 0 0
1216 -2208 149 57 483122 0 0 0
-1117 88 52 163 466937 0 0 0
-2441 -881 237 184 497167 0 0 0
2319 2555 43 55 172888 0 0 0
-1000 1088 85 211 214565 0 0 0
-2117 -2026 24 7 750474 0 0 0
1976 -1757 171 78 177017 0 0 0
-2290 -234 235 100 972645 0 0 0
-1074 2075 83 131 359644 0 0 0
2262 1088 91 14 858387 0 0 0
-603 -2597 12 43 524049 0 0 0
-1938 955 58 92 301844 0 0 0
895 1176 175 44 274439 0 0 0
543 545 95 140 753022 0 0 0
1891 1527 237 23 692574 0 0 0
775 -522 156 219 790593 0 0 0
-2094 -1054 25 14 101304 0 0 0
-630 542 24 207 697404 0 0 0
779 830 84 15 400476 0 0 0
1584 -199 160 158 651213 0 0 0
-399 -2698 124 116 360184 0 0 0
-954 -426 240 236 646754 0 0 0
2241 2652 215 67 741536 0 0 0
1058 -1288 114 152 660331 0 0 0
2401 -2316 85 149 401781 0 0 0
2388 75 137 223 863425 0 0 0
1796 -2752 7 90 695996 0 0 0
1192 254 8 64 172642 0 0 0
800 609 53 48 683288 0 0 0
2095 898 128 131 626806 0 0 0
-2074 1671 123 229 652172 0 0 0
-488 1182 247 149 830055 0 0 0
-1177 2563 198 234 388680 0 0 0
-755 -2247 90 213 526968 0 0 0
1259 -1059 182 216 887735 0 0 0
-1118 -2110 107 25 618048 0 0 0
731 1585 194 49 413001 0 0 0
567 -1475 143 162 185816 0 0 0
-822 -631 199 236 385967 0 0 0
-2179 -19 26 30 219593 0 0 0
1480 1869 165 106 615988 0 0 0
482 962 207 224 301840 0 0 0
1176 1860 49 173 830088 0 0 0
1894 -2586 90 236 786855 0 0 0
-1602 -975 89 43 793229 0 0 0
2712 2536 115 47 417929 0 0 0
2458 -2006 3 100 775069 0 0 0
235 1334 141 58 470034 0 0 0
-1276 -1798 200 107 228535 0 0 0
-1312 2135 55 123 362704 0 0 0
2434 -21 30 222 126162 0 0 0
717 -388 31 234 249969 0 0 0
-2160 -1513 62 204 299175 0 0 0
-534 658 239 120 750045 0 0 0
-1068 1096 103 198 760936 0 0 0
-1572 1867 85 64 894088 0 0 0
2268 1642 32 225 663025 0 0 0
-1842 2461 229 212 508506 0 0 0
1847 -1959 235 43 282096 0 0 0
-121 569 147 141 639375 0 0 0
1252 -1737 54 128 192319 0 0 0
2453 252 79 57 319884 0 0 0
2605 1778 50 41 867744 0 0 0
206 -1925 8 164 384859 0 0 0
-645 -1156 5 53 160536 0 0 0
-2652 -2739 224 148 354161 0 0 0
-742 -437 244 229 210941 0 0 0
2789 -1887 50 231 546924 0 0 0
1918 626 100 85 446779 0 0 0
-359 -1514 139 72 669484 0 0 0
-2178 111 224 230 900803 0 0 0
-1146 -1827 37 175 242094 0 0 0
-2666 -1787 90 207 292498 0 0 0
1849 -1285 242 185 127800 0 0 0
1689 -587 16 163 205815 0 0 0
1339 -1686 232 77 701198 0 0 0
630 201 166 6 478054 0 0 0
2499 2303 90 100 951231 0 0 0
-617 826 10 18 825608 0 0 0
-395 1149 185 39 944906 0 0 0
-356 205 10 31 643546 0 0 0
-1091 -1597 44 106 168839 0 0 0
-1513 -751 60 44 913498 0 0 0
2472 -2648 97 64 604762 0 0 0
1575 -1134 204 199 202285 0 0 0
-2452 -2716 227 126 601832 0 0 0
1397 786 34 119 921061 0 0 0
-2126 -1191 36 68 623732 0 0 0
991 -2263 141 158 962835 0 0 0
-61 -267 50 194 756872 0 0 0
106 -1003 32 182 377612 0 0 0
-133 1955 41 214 255875 0 0 0
1451 -2502 19 209 301482 0 0 0
370 2277 195 74 173217 0 0 0
802 2215 141 112 976764 0 0 0
-311 -308 162 2 311405 0 0 0
433 2297 119 65 446189 0 0 0
1196 2377 15 82 323130 0 0 0
-1882 -2257 14 180 311490 0 0 0
-1563 -1812 64 226 282250 0 0 0
-1361 194 36 217 854826 0 0 0
1350 -346 205 104 147311 0 0 0
-136 -1468 194 157 420511 0 0 0
993 1226 33 35 216930 0 0 0
-1878 -294 171 225 764815 0 0 0
2025 -2381 198 129 998224 0 0 0
-7 1777 116 121 118682 0 0 0
-2376 620 227 186 433360 0 0 0
104 -1512 227 130 950315 0 0 0
2545 2642 119 178 457503 0 0 0
1544 -814 9 99 651322 0 0 0
1194 249 237 159 707940 0 0 0
2384 -1046 40 98 556296 0 0 0
-32 -1885 25 77 191360 0 0 0
-862 1878 101 62 201338 0 0 0
-474 2557 126 40 467806 0 0 0
-153 234 218 170 913439 0 0 0
-2080 1080 151 122 693699 0 0 0
-1392 1703 41 233 283603 0 0 0
-1516 752 138 106 730188 0 0 0
-1688 306 176 197 569761 0 0 0
1397 -1932 46 103 508445 0 0 0
-2641 1476 27 183 678865 0 0 0
-1134 -95 59 56 694935 0 0 0
-96 -515 138 216 994076 0 0 0
35 -1181 87 94 552133 0 0 0
1907 -610 149 82 329740 0 0 0
-1210 -2589 136 10 240091 0 0 0
2514 2385 13 220 132852 0 0 0
-1923 2088 217 28 940016 0 0 0
1693 629 100 108 366087 0 0 0
-1397 623 243 91 351507 0 0 0
-522 841 70 44 859042 0 0 0
1788 -718 148 160 196978 0 0 0
1708 -916 68 192 658739 0 0 0
1667 -2074 220 206 407249 0 0 0
-1270 -1690 117 79 435992 0 0 0
2794 -1581 99 58 100735 0 0 0
-2678 -1537 181 7 147803 0 0 0
-1002 -803 71 198 786635 0 0 0
1195 1680 37 193 313135 0 0 0
434 2601 164 128 224796 0 0 0
873 453 232 146 429178 0 0 0
-73 -1170 132 166 226648 0 0 0
355 -2288 85 228 883625 0 0 0
-2330 -1398 168 213 524558 0 0 0
-1835 -1499 173 113 711657 0 0 0
2727 -1400 93 46 856288 0 0 0
1962 -2112 239 208 816786 0 0 0
-1336 590 192 225 619876 0 0 0
-1694 -1809 243 150 676078 0 0 0
-702 -200 62 179 129103 0 0 0
1349 2614 182 78 247654 0 0 0
553 -335 216 69 154769 0 0 0
-626 -2238 179 141 862299 0 0 0
-1573 0 67 190 251423 0 0 0
1369 387 242 99 953875 0 0 0
-1504 1563 136 208 415702 0 0 0
-1567 -984 92 80 188071 0 0 0
-1586 1903 57 44 309577 0 0 0
-2383 749 171 126 307233 0 0 0
1060 20 219 18 868950 0 0 0
-1371 2526 12 35 300006 0 0 0
-1804 -461 233 81 618184 0 0 0
2037 2011 147 160 458210 0 0 0
-119 -1419 88 217 734994 0 0 0
174 975 70 59 244958 0 0 0
-147 845 180 38 788175 0 0 0
254 489 128 212 491816 0 0 0
925 -1532 50 226 396439 0 0 0
1762 2575 217 229 136079 0 0 0
-1388 -1430 11 34 600061 0 0 0
-2398 1842 161 186 176170 0 0 0
-26 403 106 84 737286 0 0 0
-95 -778 118 44 528559 0 0 0
-964 403 232 145 601002 0 0 0
-844 -2319 47 190 273468 0 0 0
1715 1102 207 45 559057 0 0 0
1769 -1965 68 156 711129 0 0 0
178 1621 99 14 256877 0 0 0
-2274 897 22 220 520406 0 0 0
-711 -1353 155 191 639002 0 0 0
-1860 2486 147 25 164915 0 0 0
-2743 -873 31 62 537055 0 0 0
-1591 1902 157 156 915382 0 0 0
-474 -887 55 124 461784 0 0 0
-7 144 48 175 910270 0 0 0
-2713 1992 9 208 304534 0 0 0
-769 54 191 132 716512 0 0 0
1559 1134 130 137 367230 0 0 0
-971 -2009 1 197 946881 0 0 0
-1534 -2329 201 215 986605 0 0 0
-1629 -1773 100 141 351401 0 0 0
1979 -2348 248 106 264204 0 0 0
1344 1021 198 112 359621 0 0 0
-1880 -1096 194 139 249269 0 0 0
-279 -215 179 125 916269 0 0 0
-1232 -1275 191 146 645129 0 0 0
-2793 2169 118 216 328347 0 0 0
-330 -272 210 68 418022 0 0 0
-278 556 43 32 375687 0 0 0
414 -1437 94 201 204280 0 0 0
1862 -262 81 173 149802 0 0 0
2269 597 71 165 192133 0 0 0
-590 167 137 66 956763 0 0 0
-619 2484 31 151 818990 0 0 0
-576 -1688 15 193 292430 0 0 0
2473 2508 9 152 698688 0 0 0
2489 692 191 194 216651 0 0 0
2412 -857 144 154 772106 0 0 0
2103 149 70 213 222788 0 0 0
-642 -1184 80 54 113105 0 0 0
-2456 1982 174 229 175504 0 0 0
-1567 -2228 159 98 549460 0 0 0
-2590 578 48 200 256861 0 0 0
1255 -191 73 7 418970 0 0 0
474 -2284 25 226 695580 0 0 0
55 824 195 125 215999 0 0 0
-2013 624 13 71 525780 0 0 0
2357 2289 154 187 482161 0 0 0
2436 153 16 183 865805 0 0 0
1632 891 124 107 856934 0 0 0
-1055 -1489 211 67 426595 0 0 0
-232 -276 17 49 598067 0 0 0
1242 187 157 117 983258 0 0 0
-2510 -1201 99 143 987653 0 0 0
-1632 2531 84 39 344811 0 0 0
57 1622 27 99 236650 0 0 0
70 477 247 48 945987 0 0 0
1357 -446 221 39 822198 0 0 0
-72 -1792 50 219 706723 0 0 0
-2702 439 247 109 833578 0 0 0
-459 813 209 148 740642 0 0 0
-2360 438 143 54 376973 0 0 0
-2117 -1925 211 34 652675 0 0 0
2003 1935 195 220 275147 0 0 0
-1880 -567 20 120 766057 0 0 0
-2374 -622 87 170 874330 0 0 0
-1028 -1567 87 35 400118 0 0 0
2787 719 29 43 380889 0 0 0
1862 2549 31 149 146753 0 0 0
2436 -1555 200 107 921809 0 0 0
17 -57 198 124 592455 0 0 0
929 -239 90 102 244779 0 0 0
-680 1914 194 224 516132 0 0 0
-1139 -785 238 143 308773 0 0 0
876 1790 216 64 425958 0 0 0
912 130 100 166 442509 0 0 0
1480 -1879 159 23 673396 0 0 0
-2785 157 52 188 316253 0 0 0
-1397 -474 159 10 920385 0 0 0
-763 2050 218 11 663648 0 0 0
-2735 -2781 183 64 573416 0 0 0
-1859 1535 133 6 114967 0 0 0
-1612 877 159 79 910877 0 0 0
1265 -1794 160 217 362001 0 0 0
2307 -1306 103 222 771930 0 0 0
1921 728 109 49 819962 0 0 0
-922 -1751 132 39 411115 0 0 0
-615 -1008 81 113 943574 0 0 0
-796 2288 156 27 468319 0 0 0
805 -2179 172 202 246575 0 0 0
-2083 -960 224 232 166046 0 0 0
949 -2727 90 231 120110 0 0 0
622 1793 36 135 176586 0 0 0
2177 531 20 49 403464 0 0 0
2530 2280 239 109 212333 0 0 0
184 386 165 193 197305 0 0 0
-2007 1325 6 194 380793 0 0 0
-1758 -711 212 206 581652 0 0 0
1717 1095 91 85 522313 0 0 0
2630 -2286 140 149 915649 0 0 0
528 -1659 12 69 496833 0 0 0
1618 972 41 139 863412 0 0 0
736 1375 65 148 568736 0 0 0
-719 -2153 172 76 384139 0 0 0
-1621 533 12 230 914622 0 0 0
-1167 -591 105 181 691126 0 0 0
-686 510 80 91 331323 0 0 0
75 -1887 164 155 655415 0 0 0
2754 -2729 184 93 635204 0 0 0
2565 -383 141 174 853312 0 0 0
-2071 -2032 106 174 614604 0 0 0
-934 1924 59 75 515808 0 0 0
-67 2478 74 26 487687 0 0 0
1403 -2567 20 120 117420 0 0 0
-156 -1887 232 94 155379 0 0 0
-2333 965 134 7 110748 0 0 0
1983 187 210 222 539792 0 0 0
-917 2092 100 173 789789 0 0 0
-2002 2165 45 112 545655 0 0 0
1508 1279 25 97 192482 0 0 0
-671 793 135 50 417266 0 0 0
1482 -940 193 163 978483 0 0 0
456 2556 60 100 424829 0 0 0
2608 2453 7 11 357073 0 0 0
-719 692 4 180 587564 0 0 0
-1329 142 193 156 928852 0 0 0
-2690 2456 71 5 884747 0 0 0
2683 -1396 144 19 220639 0 0 0
-2414 -2156 26 117 885131 0 0 0
2055 -841 198 130 282533 0 0 0
1535 -148 154 167 636145 0 0 0
-727 -559 178 46 695954 0 0 0
694 2216 194 182 884873 0 0 0
-1711 -142 155 43 760448 0 0 0
-1771 -313 92 14 336774 0 0 0
2534 -1032 18 235 536159 0 0 0
-2341 834 80 15 169355 0 0 0
524 2036 1 151 722360 0 0 0
755 -1303 112 145 146705 0 0 0
-2737 -1527 167 29 232983 0 0 0
2534 -744 72 120 917723 0 0 0
2104 421 191 218 300851 0 0 0
-2794 1817 111 78 410402 0 0 0
-1926 -1145 16 210 616998 0 0 0
-2369 -1883 139 26 430641 0 0 0
-1252 1163 128 84 594459 0 0 0
2092 2298 17 148 713600 0 0 0
125 -752 153 54 721149 0 0 0
-340 1553 129 74 245925 0 0 0
1126 34 22 63 617157 0 0 0
105 1487 74 123 486761 0 0 0
512 -385 9 213 406154 0 0 0
1797 -649 62 137 939456 0 0 0
18 294 25 95 896683 0 0 0
-2653 657 164 232 116095 0 0 0
-9 2206 68 135 868298 0 0 0
-734 -2789 191 168 397372 0 0 0
866 288 159 152 319419 0 0 0
-1501 118 45 144 431632 0 0 0
-1125 -936 173 119 613158 0 0 0
-2175 1497 176 127 918140 0 0 0
-833 -72 241 11 604778 0 0 0
497 1864 122 138 114252 0 0 0
2755 -1704 237 161 301946 0 0 0
-1207 552 158 21 823434 0 0 0
980 1847 105 43 430876 0 0 0
1938 -2229 65 20 957623 0 0 0
915 206 34 221 119199 0 0 0
290 1264 109 162 520863 0 0 0
817 -1207 218 146 751019 0 0 0
-477 -2045 24 16 575501 0 0 0
-1247 -942 33 207 371544 0 0 0
2702 1392 242 203 640994 0 0 0
-1653 -815 132 40 607288 0 0 0
-2253 1163 7 95 747087 0 0 0
628 932 219 192 203499 0 0 0
-1790 -1907 104 207 489088 0 0 0
852 -2504 87 149 203674 0 0 0
1735 2556 192 213 448550 0 0 0
-410 -1519 110 168 608958 0 0 0
2017 -1612 164 209 876172 0 0 0
-809 -2385 11 194 343870 0 0 0
-608 -266 85 173 389351 0 0 0
1428 808 159 114 255744 0 0 0
1702 -1528 165 74 570786 0 0 0
-703 -543 14 172 741971 0 0 0
242 604 35 205 126891 0 0 0
-2598 -2661 177 179 932615 0 0 0
1731 -2257 34 120 274431 0 0 0
-1712 1185 59 147 344296 0 0 0
458 955 247 44 345893 0 0 0
2522 1145 210 124 898535 0 0 0
-1671 -2440 144 19 977738 0 0 0
478 -2427 56 30 263913 0 0 0
-879 -1216 69 223 778294 0 0 0
-2618 -2554 241 42 250138 0 0 0
2337 -202 246 208 381490 0 0 0
471 -1266 7 193 987922 0 0 0
-465 841 157 55 163545 0 0 0
-127 102 179 142 535135 0 0 0
1444 -1902 228 11 363550 0 0 0
2005 -724 161 20 274534 0 0 0
-1236 2343 82 147 811451 0 0 0
1374 -1406 108 52 383269 0 0 0
-2057 -154 57 184 141506 0 0 0
2501 -777 4 180 137653 0 0 0
-1203 853 166 217 775762 0 0 0
-766 185 235 201 176139 0 0 0
-2572 -1505 201 92 104133 0 0 0
1303 394 179 201 693890 0 0 0
1732 1249 249 24 633642 0 0 0
2637 -387 91 160 845843 0 0 0
2669 -1565 204 141 380902 0 0 0
-1675 -249 83 145 838229 0 0 0
52 2628 37 110 353683 0 0 0
-2029 2293 229 49 692246 0 0 0
-2439 -535 108 44 927770 0 0 0
-2108 1494 2 85 587585 0 0 0
613 1362 128 177 729785 0 0 0
2777 -630 37 220 749266 0 0 0
855 -1297 48 75 506310 0 0 0
-597 2560 134 33 235092 0 0 0
-2369 1024 61 39 404413 0 0 0
-98 1173 213 127 280860 0 0 0
1163 905 193 21 730810 0 0 0
955 1204 46 1 275526 0 0 0
-948 752 117 169 262511 0 0 0
-2462 -189 205 184 135427 0 0 0
1013 -79 138 143 111987 0 0 0
-43 -2800 22 61 207623 0 0 0
2143 -2434 78 6 592915 0 0 0
1832 -2587 56 73 997215 0 0 0
-722 -389 49 141 449903 0 0 0
1430 1199 159 50 945300 0 0 0
-1624 -2785 189 34 351462 0 0 0
661 -1983 212 140 792294 0 0 0
-2196 2569 24 181 272973 0 0 0
-2324 -2560 95 194 821619 0 0 0
2083 608 114 113 796394 0 0 0
-1599 1781 110 118 780432 0 0 0
-815 -883 245 106 205828 0 0 0
1020 2621 248 8 970461 0 0 0
2780 2244 107 44 563531 0 0 0
607 -1361 59 83 151196 0 0 0
-1789 -404 125 20 220594 0 0 0
979 1673 2 158 398234 0 0 0
737 1872 81 146 499618 0 0 0
2213 -346 210 206 541880 0 0 0
-256 1677 216 220 702355 0 0 0
-507 -962 116 172 408273 0 0 0
2408 1185 151 153 114982 0 0 0
-467 -603 11 51 424616 0 0 0
-2352 404 76 154 687556 0 0 0
874 -1226 218 111 433692 0 0 0
632 2270 236 157 740582 0 0 0
221 316 133 37 609878 0 0 0
1572 -1961 156 155 564670 0 0 0
-98 2740 184 7 123255 0 0 0
-651 286 168 220 565603 0 0 0
2567 -2087 74 42 613536 0 0 0
-2294 1642 225 208 879789 0 0 0
-2208 1518 167 175 520999 0 0 0
-221 -1973 2 136 435770 0 0 0
204 -369 105 147 179694 0 0 0
-1146 -2279 166 2 868026 0 0 0
-1049 -278 31 153 898708 0 0 0
-371 2602 70 170 783810 0 0 0
316 114 119 9 417496 0 0 0
1032 827 112 226 734354 0 0 0
2582 2262 107 157 707443 0 0 0
589 -2763 173 170 306499 0 0 0
665 2495 175 102 154893 0 0 0
-2512 13 131 49 951086 0 0 0
2153 1616 73 103 368849 0 0 0
-554 260 59 195 546579 0 0 0
1868 -2333 180 55 218492 0 0 0
2793 -1211 61 189 750953 0 0 0
-715 850 144 72 989694 0 0 0
989 -1529 42 148 963894 0 0 0
77 -1457 160 1 166932 0 0 0
-1651 -71 28 187 436797 0 0 0
-472 -1016 55 28 320521 0 0 0
-937 -144 100 232 638531 0 0 0
-553 1956 154 8 695193 0 0 0
39 -87 95 104 991092 0 0 0
-320 -341 216 236 862448 0 0 0
2786 -62 113 143 241649 0 0 0
-481 -1643 58 219 951096 0 0 0
129 585 48 39 711149 0 0 0
2448 -2245 155 196 373694 0 0 0
2249 554 80 41 384935 0 0 0
-2540 643 121 191 158673 0 0 0
449 1087 85 210 294884 0 0 0
-2517 -2331 201 41 179746 0 0 0
-2171 1150 133 35 355417 0 0 0
-321 -1224 182 90 576372 0 0 0
-2322 132 100 14 865759 0 0 0
2448 -2746 41 176 211603 0 0 0
2296 -2575 242 31 371298 0 0 0
1709 2233 200 155 385579 0 0 0
-1918 -2280 164 163 739496 0 0 0
-1958 1311 114 95 383096 0 0 0
-2058 1387 218 212 209758 0 0 0
1843 1634 157 120 814792 0 0 0
-1206 2106 121 201 684080 0 0 0
-2100 -265 93 104 490721 0 0 0
-2734 -310 98 35 780190 0 0 0
-681 -568 36 26 524314 0 0 0
1343 -257 210 216 110306 0 0 0
-2432 -1789 238 80 373902 0 0 0
-284 1948 38 21 506664 0 0 0
-321 1972 152 9 753043 0 0 0
-1108 885 63 44 244542 0 0 0
-2498 -1609 241 120 825695 0 0 0
-2047 -687 65 86 112563 0 0 0
1751 -1709 206 9 182788 0 0 0
992 -2362 107 86 846701 0 0 0
1528 882 134 10 671101 0 0 0
2153 -437 108 148 238536 0 0 0
437 -1846 219 197 659658 0 0 0
25 -2156 98 131 303281 0 0 0
-2687 2293 83 191 881289 0 0 0
300 -1378 61 199 123428 0 0 0
1366 662 153 110 222998 0 0 0
-1796 1683 245 94 780668 0 0 0
-1583 2229 17 110 727142 0 0 0
1988 2475 241 124 531373 0 0 0
-981 2681 222 97 827725 0 0 0
-1595 -55 53 218 108367 0 0 0
-2003 155 68 165 848042 0 0 0
-1660 523 154 83 628141 0 0 0
230 -1535 183 159 853132 0 0 0
-1088 -1742 40 161 831593 0 0 0
2677 -1341 62 57 438368 0 0 0
-1051 -1713 39 64 358414 0 0 0
-329 -740 65 180 229394 0 0 0
-954 656 185 172 764964 0 0 0
2226 -524 60 145 199666 0 0 0
1778 1900 40 23 391690 0 0 0
723 128 9 26 671299 0 0 0
2059 -2099 71 31 681872 0 0 0
-2748 1990 126 212 422664 0 0 0
-703 2058 101 101 872888 0 0 0
-2485 -1045 133 135 596132 0 0 0
-572 -493 186 163 190153 0 0 0
2497 -709 25 46 781747 0 0 0
-329 -694 15 141 261008 0 0 0
403 -1583 153 67 932538 0 0 0
138 163 219 234 578090 0 0 0
531 -2718 130 223 348092 0 0 0
-2261 -440 93 155 513290 0 0 0
-1390 -1109 56 215 894884 0 0 0
-785 -2752 133 229 193878 0 0 0
-575 -1870 94 105 793704 0 0 0
764 -1523 50 153 888974 0 0 0
2650 986 138 22 305204 0 0 0
-2636 195 60 139 316063 0 0 0
-368 2569 198 105 146648 0 0 0
-928 -2708 132 107 177065 0 0 0
-1050 -1133 94 76 388651 0 0 0
2165 1289 158 96 102095 0 0 0
-2459 1540 232 63 663694 0 0 0
-1198 -2159 183 185 418921 0 0 0
-1837 -744 96 178 404388 0 0 0
-2197 2428 13 34 534000 0 0 0
-1454 -985 237 140 150424 0 0 0
471 2234 73 219 501408 0 0 0
989 -1920 242 59 108332 0 0 0
226 -1467 153 211 648599 0 0 0
-1944 1750 138 111 264921 0 0 0
-202 -899 124 207 271216 0 0 0
1432 2119 170 214 836595 0 0 0
2394 2723 146 214 843260 0 0 0
2355 1090 120 119 542728 0 0 0
-1467 -488 219 180 306734 0 0 0
-72 2442 30 122 388946 0 0 0
2262 270 154 232 922933 0 0 0
-2797 376 86 156 865349 0 0 0
1067 -1597 75 219 266495 0 0 0
-2375 885 149 179 359967 0 0 0
1835 -1631 114 231 162647 0 0 0
221 2470 199 46 614082 0 0 0
2590 1951 102 108 140881 0 0 0
-715 -722 115 128 845999 0 0 0
2245 139 47 193 380789 0 0 0
-208 12 218 173 394817 0 0 0
74 2098 2 76 380223 0 0 0
998 950 213 55 869110 0 0 0
-1369 -910 3 19 201928 0 0 0
319 930 190 114 854323 0 0 0
1553 -771 232 175 822168 0 0 0
-76 -1897 38 67 787968 0 0 0
-2328 2509 86 65 321184 0 0 0
274 -859 194 99 237892 0 0 0
1903 -1388 123 106 762664 0 0 0
-1406 880 17 235 177592 0 0 0
-1261 1550 175 154 699586 0 0 0
-2026 2593 88 77 473850 0 0 0
-2282 2113 104 149 818684 0 0 0
2327 -231 224 126 111396 0 0 0
-564 2374 201 122 695107 0 0 0
1236 -385 197 19 758839 0 0 0
1070 -732 90 19 119707 0 0 0
575 -2762 147 152 737469 0 0 0
-2562 1057 90 160 815390 0 0 0
2661 2308 89 125 442774 0 0 0
296 -786 47 29 553401 0 0 0
-209 1800 233 220 240162 0 0 0
-1602 1624 205 182 717445 0 0 0
729 234 71 205 502336 0 0 0
-529 -174 8 168 533990 0 0 0
-351 -1508 193 158 480228 0 0 0
1606 83 140 184 294519 0 0 0
2071 1991 104 172 733994 0 0 0
2619 1518 149 154 684101 0 0 0
-1900 2669 188 146 266971 0 0 0
2701 637 13 85 446187 0 0 0
1785 1191 137 116 694637 0 0 0
1649 -2384 201 53 389105 0 0 0
-1779 -1626 32 223 758713 0 0 0
-713 1609 195 69 260465 0 0 0
-2164 1789 182 126 339742 0 0 0
-2147 -2073 89 111 779125 0 0 0
80 -462 61 207 642406 0 0 0
1983 131 148 191 249821 0 0 0
-310 2306 236 43 351837 0 0 0
-1236 2538 181 50 950669 0 0 0
354 -1650 163 145 835278 0 0 0
844 2294 54 136 217654 0 0 0
-2269 214 229 90 590625 0 0 0
-2472 -1675 213 153 499120 0 0 0
1181 -168 213 65 722079 0 0 0
507 2761 83 158 770930 0 0 0
-2756 -2031 223 187 305292 0 0 0
519 2742 184 234 920358 0 0 0
-610 -1791 148 23 592020 0 0 0
-1652 2380 165 207 277388 0 0 0
-1887 1870 217 58 689470 0 0 0
-424 869 179 212 365585 0 0 0
327 2241 115 33 397253 0 0 0
-852 849 242 68 922777 0 0 0
-867 1074 182 74 724729 0 0 0
-995 -1391 194 156 254102 0 0 0
655 694 146 34 168602 0 0 0
82 2515 182 26 508959 0 0 0
2663 -2561 182 209 346370 0 0 0
298 1866 156 76 561522 0 0 0
-180 -415 152 227 637204 0 0 0
-948 2290 180 181 890931 0 0 0
-2055 2365 14 34 196174 0 0 0
-129 -2095 99 195 404569 0 0 0
-2465 2579 207 27 625767 0 0 0
984 353 123 95 357767 0 0 0
-2352 -2277 215 8 372060 0 0 0
-1930 -95 221 80 804776 0 0 0
2676 -2145 98 28 134675 0 0 0
1433 -1042 93 92 561092 0 0 0
1048 -875 139 10 384872 0 0 0
-313 324 140 213 234176 0 0 0
-179 -642 162 165 513140 0 0 0
-1723 -1704 153 102 399935 0 0 0
2180 -1676 201 37 550865 0 0 0
-1459 -1729 148 135 365113 0 0 0
610 -2182 233 219 716802 0 0 0
-10 374 102 102 532266 0 0 0
-1333 -266 27 80 249884 0 0 0
2771 -253 91 166 824501 0 0 0
-2475 1994 170 12 218537 0 0 0
-757 236 17 201 693910 0 0 0
-1621 -1011 87 223 105563 0 0 0
-1751 27 175 22 176327 0 0 0
-1930 -704 227 14 382046 0 0 0
-2244 -882 244 97 930607 0 0 0
2499 -56 146 38 469446 0 0 0
-333 -2618 56 159 781546 0 0 0
2528 -897 25 99 530940 0 0 0
-1903 2205 236 102 536523 0 0 0
2000 1783 146 205 928454 0 0 0
1463 693 42 38 485667 0 0 0
2252 2298 152 90 236279 0 0 0
-2678 2645 72 94 188879 0 0 0
-1870 631 1 137 544010 0 0 0
1991 1179 98 36 569460 0 0 0
553 -900 148 210 305638 0 0 0
2095 -501 238 112 664994 0 0 0
739 -680 190 10 754307 0 0 0
-2521 -1061 108 7 916262 0 0 0
-2592 444 25 110 679926 0 0 0
488 617 136 80 393241 0 0 0
-2600 -1308 153 65 630336 0 0 0
-969 -2458 230 1 326259 0 0 0
-1179 1898 121 147 796613 0 0 0
-1552 2319 189 88 156354 0 0 0
1541 2740 104 218 806350 0 0 0
-1147 2 108 98 747726 0 0 0
775 -1812 245 127 558346 0 0 0
-1376 262 182 30 494614 0 0 0
-2653 1366 158 179 423814 0 0 0
1445 1732 196 184 849187 0 0 0
-2097 -2278 229 168 748054 0 0 0
1539 -950 179 204 558841 0 0 0
-510 -2260 248 61 158715 0 0 0
-1842 1077 123 148 930908 0 0 0
1106 2553 66 26 833052 0 0 0
1049 1578 139 110 627892 0 0 0
1409 -1739 69 1 559382 0 0 0
-438 1594 222 76 910412 0 0 0
2177 -865 159 232 500106 0 0 0
-2076 2483 126 67 909395 0 0 0
1917 909 159 128 554033 0 0 0
1908 -1149 60 204 589963 0 0 0
-2255 -2565 35 221 833916 0 0 0
781 -1533 113 8 707231 0 0 0
-1166 -2330 219 128 981021 0 0 0
-2086 652 81 69 488255 0 0 0
1869 -243 118 76 372866 0 0 0
-985 21 235 67 639292 0 0 0
1240 -2163 232 223 628646 0 0 0
2765 2790 159 52 181619 0 0 0
-2592 -1154 22 167 543774 0 0 0
661 869 9 63 526539 0 0 0
2234 -1219 202 46 836269 0 0 0
1259 615 233 229 326721 0 0 0
2178 -1919 187 70 973521 0 0 0
-1210 1917 98 171 346986 0 0 0
-261 -330 119 34 392972 0 0 0
2489 -2579 227 197 849041 0 0 0
-976 -775 79 78 235736 0 0 0
940 -530 44 90 692556 0 0 0
-1748 -1624 182 220 954686 0 0 0
-1773 -10 205 182 482772 0 0 0
940 -1048 38 154 624603 0 0 0
-2148 -1222 191 67 840947 0 0 0
801 -1229 200 55 923325 0 0 0
290 -1995 164 201 815383 0 0 0
-2491 -402 80 80 371556 0 0 0
-1276 2044 78 128 295404 0 0 0
-994 -64 44 115 457197 0 0 0
1698 950 130 105 311240 0 0 0
-2752 949 230 77 356257 0 0 0
-1928 634 139 13 965904 0 0 0
-605 -1807 122 49 898009 0 0 0
-1762 1533 131 57 563979 0 0 0
619 -2518 66 74 775317 0 0 0
484 -1786 116 66 301049 0 0 0
-768 1089 68 64 357766 0 0 0
2460 2159 208 41 270630 0 0 0
1426 -1158 204 145 877322 0 0 0
2493 -1058 35 113 340095 0 0 0
-619 -1259 80 86 907082 0 0 0
693 2011 25 131 728246 0 0 0
197 905 24 229 705707 0 0 0
2756 128 41 142 105630 0 0 0
1008 -1626 183 150 903501 0 0 0
-137 2340 163 68 184158 0 0 0
2332 -1693 233 183 682406 0 0 0
1945 -849 118 79 547060 0 0 0
2393 2757 201 137 596340 0 0 0
-1613 155 171 67 979884 0 0 0
671 -282 101 130 406892 0 0 0
437 -6 163 200 447377 0 0 0
-1649 2306 105 21 455527 0 0 0
72 -365 167 53 681099 0 0 0
-1329 -1142 62 96 839139 0 0 0
-1253 -2200 2 218 169470 0 0 0
-1348 -579 229 190 924258 0 0 0
-1670 1096 126 8 299571 0 0 0
2182 -2025 145 160 442145 0 0 0
-2157 -218 29 72 382993 0 0 0
1242 2743 173 220 230740 0 0 0
1025 67 158 167 289659 0 0 0
-2744 -2018 99 70 892730 0 0 0
-2200 -2676 60 67 959274 0 0 0
411 -1026 209 151 660691 0 0 0
613 291 199 158 821246 0 0 0
2510 2160 145 17 790572 0 0 0
2317 2436 106 234 992506 0 0 0
-185 -2702 138 27 909714 0 0 0
-1684 -1952 147 147 129200 0 0 0
-1960 -2484 53 234 748308 0 0 0
-1829 -929 130 4 400761 0 0 0
-2646 1057 96 43 104200 0 0 0
-1670 674 221 63 488368 0 0 0
-1881 1914 77 113 800465 0 0 0
-986 -2599 189 157 856249 0 0 0
-411 1082 90 85 433319 0 0 0
-739 -1730 35 168 510802 0 0 0
-946 -287 3 102 544485 0 0 0
-936 1035 182 105 691538 0 0 0
1664 76 111 53 994478 0 0 0
2048 -2355 129 186 838794 0 0 0
-2087 -1670 201 146 960447 0 0 0
906 -2159 210 146 910948 0 0 0
2714 -485 66 96 389597 0 0 0
500 -81 88 149 412202 0 0 0
1857 273 141 25 974819 0 0 0
1748 1572 137 233 755965 0 0 0
2397 843 247 110 337596 0 0 0
-2539 -448 114 218 730315 0 0 0
-1622 -1701 89 157 546231 0 0 0
2263 1548 60 198 777325 0 0 0
-2095 1444 64 186 199950 0 0 0
1878 -1209 76 170 754914 0 0 0
-2292 1857 49 116 895346 0 0 0
1907 -344 125 196 145149 0 0 0
1145 -1507 12 19 227900 0 0 0
-600 -2340 239 173 113794 0 0 0
-941 -846 113 170 779364 0 0 0
526 1520 205 159 612975 0 0 0
-2771 -114 104 209 973008 0 0 0
1504 2319 157 172 700178 0 0 0
-1865 2527 105 45 818676 0 0 0
357 530 146 68 290204 0 0 0
2748 -827 108 190 419978 0 0 0
-1136 1084 50 220 357452 0 0 0
1870 -2529 80 166 864987 0 0 0
2640 561 51 60 939525 0 0 0
661 -2497 138 142 419222 0 0 0
-105 -1712 163 8 429270 0 0 0
-428 -1763 181 209 135593 0 0 0
1550 1066 85 104 134923 0 0 0
2293 476 46 17 766686 0 0 0
-592 630 239 177 896631 0 0 0
1209 -293 83 151 345970 0 0 0
1238 1679 136 144 727034 0 0 0
-1810 -849 240 196 125230 0 0 0
-1614 -232 198 11 297679 0 0 0
-2080 -1198 131 18 992971 0 0 0
-1061 -36 214 26 472946 0 0 0
1595 -76 118 140 535766 0 0 0
2490 -2470 107 95 387802 0 0 0
1362 -1979 156 215 348062 0 0 0
2402 944 19 194 634633 0 0 0
1818 -77 173 120 180299 0 0 0
1385 1968 119 230 507756 0 0 0
-1974 2250 236 68 850067 0 0 0
-829 870 60 28 232163 0 0 0
-536 1405 86 60 390910 0 0 0
-2081 1052 228 155 661554 0 0 0
-2573 1216 232 19 884683 0 0 0
-1973 1396 209 147 536118 0 0 0
2559 -1297 81 10 494956 0 0 0
-1819 2039 93 164 446660 0 0 0
-1464 -2399 156 72 403429 0 0 0
-2666 797 247 26 171259 0 0 0
218 -1459 189 217 762878 0 0 0
-1851 -463 182 95 963510 0 0 0
-639 -1045 187 16 234766 0 0 0
2093 464 234 112 973479 0 0 0
-2040 -474 98 71 292887 0 0 0
2235 -2647 104 150 567921 0 0 0
2545 2682 41 119 135502 0 0 0
-2046 -564 54 73 932034 0 0 0
-792 -2575 163 165 757961 0 0 0
2012 -1903 59 51 552134 0 0 0
702 1717 54 228 258608 0 0 0
-1059 -319 3 137 178989 0 0 0
-1291 -1721 217 208 176889 0 0 0
-2594 -2229 103 197 480677 0 0 0
56 -2776 82 1 331727 0 0 0
1388 -2795 111 214 135680 0 0 0
-227 2057 71 147 528680 0 0 0
410 -773 160 183 840017 0 0 0
1749 2116 234 231 191525 0 0 0
2387 365 26 24 692306 0 0 0
42 698 177 233 127207 0 0 0
-344 -1979 194 150 841060 0 0 0
-2055 2505 80 218 947664 0 0 0
1228 1659 84 75 929731 0 0 0
456 1752 65 5 567171 0 0 0
2402 2635 99 51 718512 0 0 0
1882 1895 15 178 301083 0 0 0
2080 157 211 128 626371 0 0 0
-531 -1028 141 145 547923 0 0 0
-1268 -789 89 11 805088 0 0 0
-596 250 121 165 752307 0 0 0
-1849 -1696 111 236 165554 0 0 0
-254 2131 226 52 856987 0 0 0
-1228 -878 151 186 882612 0 0 0
-617 1720 91 139 774805 0 0 0
913 1249 74 116 512403 0 0 0
2075 1061 15 123 624859 0 0 0
-1094 -1534 87 105 202960 0 0 0
869 454 212 123 471651 0 0 0
-2146 1765 1 1 856550 0 0 0
-534 -974 245 154 471923 0 0 0
2063 316 173 47 671046 0 0 0
-1188 -891 86 138 473498 0 0 0
2709 256 141 33 972480 0 0 0
1802 1196 175 1 252686 0 0 0
1511 2674 80 47 766300 0 0 0
-418 1808 208 184 109264 0 0 0
2228 -839 118 220 790026 0 0 0
1875 2213 11 148 655548 0 0 0
748 1653 214 46 828421 0 0 0
1725 23 172 69 674009 0 0 0
-1249 -2709 53 103 384453 0 0 0
-758 -2695 237 135 568861 0 0 0
-1525 1404 92 203 829810 0 0 0
2190 698 165 115 878342 0 0 0
-437 2353 191 170 185525 0 0 0
-1120 -1796 43 133 551172 0 0 0
-2358 -1996 8 20 848334 0 0 0
