2800
1918 -85 235 180 241822 0 0 0
667 -808 24 89 760928 0 0 0
-925 2187 63 206 955890 0 0 0
-1225 -690 196 43 187285 0 0 0
-380 -2640 170 178 715094 0 0 0
-442 1980 157 70 408862 0 0 0
2791 -2341 217 143 795880 0 0 0
-2790 1973 30 170 871252 0 0 0
1841 1991 214 39 385249 0 0 0
-1931 609 66 170 858193 0 0 0
-561 1208 188 163 735997 0 0 0
-1026 -1444 136 15 446573 0 0 0
1542 260 241 170 378052 0 0 0
-1401 -1853 30 166 575878 0 0 0
-2630 1650 222 28 674083 0 0 0
-44 2778 104 100 574422 0 0 0
341 -55 54 192 402023 0 0 0
1740 341 52 57 291128 0 0 0
1695 275 220 30 200482 0 0 0
1210 -1974 221 149 495302 0 0 0
-2279 1228 145 101 859205 0 0 0
546 2083 75 134 832690 0 0 0
-2455 -2430 151 117 964139 0 0 0
-476 -41 25 185 131165 0 0 0
-771 -2669 44 125 218763 0 0 0
866 -1305 153 36 210630 0 0 0
1990 -142 131 8 252222 0 0 0
-877 -2685 228 68 499746 0 0 0
-200 2526 15 27 568835 0 0 0
-1438 -1393 166 100 224191 0 0 0
1135 2634 47 82 878801 0 0 0
2615 -242 54 161 501377 0 0 0
1673 751 23 151 327392 0 0 0
-415 -220 178 231 732948 0 0 0
2495 2244 12 24 307727 0 0 0
-1115 1725 219 233 623215 0 0 0
2489 -1923 230 163 742278 0 0 0
-1779 319 73 159 309811 0 0 0
218 -2341 223 186 192105 0 0 0
-1832 1632 24 235 936536 0 0 0
-1474 2665 243 60 808249 0 0 0
2646 -2416 103 182 907937 0 0 0
2112 2205 27 44 394071 0 0 0
1786 1897 224 70 327485 0 0 0
-2396 -2237 146 46 940019 0 0 0
769 -352 103 9 900289 0 0 0
-2229 -2190 164 110 436361 0 0 0
-1460 -158 36 83 411201 0 0 0
2720 -2364 162 140 296823 0 0 0
-2009 -2198 131 235 222214 0 0 0
-1282 -1068 177 99 587451 0 0 0
447 -1754 15 127 595644 0 0 0
312 -1908 88 115 253749 0 0 0
-2561 1608 151 144 283025 0 0 0
2340 2120 128 91 873147 0 0 0
1586 -1910 229 187 927135 0 0 0
1567 -2424 146 6 378686 0 0 0
525 1508 204 140 898252 0 0 0
-67 -1416 32 230 553248 0 0 0
-377 2799 95 21 526838 0 0 0
1761 1277 30 128 200543 0 0 0
-2089 -1198 211 204 660986 0 0 0
-2534 -924 246 92 445073 0 0 0
-200 2274 27 200 779349 0 0 0
-20 169 154 123 126139 0 0 0
185 1838 211 87 870619 0 0 0
-1307 -2770 89 124 984189 0 0 0
-2521 1040 23 168 242769 0 0 0
-1259 2121 186 41 902062 0 0 0
-942 392 169 159 344578 0 0 0
2091 887 92 111 969555 0 0 0
-1240 223 56 48 461808 0 0 0
-134 -2148 153 209 446894 0 0 0
-954 -1622 83 68 699460 0 0 0
1162 -2488 44 213 809647 0 0 0
404 -2376 108 23 802260 0 0 0
150 -2118 46 208 273579 0 0 0
2164 -2794 76 123 907176 0 0 0
-1573 -2477 34 220 373164 0 0 0
-2069 -2327 220 28 678559 0 0 0
-920 1406 89 113 708530 0 0 0
1963 333 247 226 165504 0 0 0
1471 -1594 7 117 358462 0 0 0
-2600 -1742 121 136 435615 0 0 0
-1766 -2611 238 200 404558 0 0 0
-1127 1105 243 211 361951 0 0 0
-1452 326 69 83 641207 0 0 0
1796 2159 38 9 212105 0 0 0
-1315 1959 60 127 984080 0 0 0
1701 2014 128 132 721272 0 0 0
1065 1136 91 226 932080 0 0 0
1256 -677 54 61 524649 0 0 0
-2626 -712 211 206 863595 0 0 0
2741 -563 195 188 499154 0 0 0
-1785 735 152 129 446148 0 0 0
-665 86 93 131 856156 0 0 0
-1484 -2294 163 38 162756 0 0 0
309 -2052 94 195 491750 0 0 0
1276 -2197 144 11 800712 0 0 0
130 -1812 11 117 400035 0 0 0
-2520 277 159 31 161285 0 0 0
1948 1594 179 187 378945 0 0 0
-399 2610 249 115 219366 0 0 0
-1933 -2181 90 131 311296 0 0 0
1241 776 227 153 308733 0 0 0
87 1414 154 111 908674 0 0 0
1746 -2280 202 191 457439 0 0 0
436 726 230 161 924841 0 0 0
-2730 2718 142 109 185043 0 0 0
-560 1537 146 21 603651 0 0 0
2207 273 109 213 483714 0 0 0
-984 -1579 158 191 824391 0 0 0
-1509 -2210 210 188 608800 0 0 0
-2282 1594 9 201 596401 0 0 0
619 1674 238 60 697769 0 0 0
274 -1703 113 175 332895 0 0 0
-2492 -2430 45 188 630810 0 0 0
-2397 1174 123 208 808081 0 0 0
2613 -1101 154 60 325018 0 0 0
-1454 1864 167 60 762166 0 0 0
-2254 1681 99 22 493544 0 0 0
-2256 -1967 44 169 985926 0 0 0
-2385 847 113 154 916274 0 0 0
-750 26 156 155 153353 0 0 0
-412 2529 233 3 470768 0 0 0
-624 -729 17 188 386057 0 0 0
-960 -2625 6 172 828912 0 0 0
1502 2757 157 15 550541 0 0 0
-934 2077 137 73 914563 0 0 0
1199 1810 241 103 634466 0 0 0
1138 -2789 176 63 583998 0 0 0
1865 1504 158 120 167923 0 0 0
-1779 -2436 87 97 128451 0 0 0
-2206 277 181 192 460397 0 0 0
-757 -2737 101 196 816909 0 0 0
-862 2500 28 48 123357 0 0 0
1103 -1327 208 65 139800 0 0 0
-1043 2648 194 134 169669 0 0 0
-910 1543 188 12 313621 0 0 0
1003 1842 174 155 219089 0 0 0
2621 -1285 198 176 693811 0 0 0
-2218 772 66 74 411742 0 0 0
-2481 -1408 175 223 676002 0 0 0
1629 -1066 212 205 166056 0 0 0
-536 -765 60 219 486409 0 0 0
406 -2394 11 162 442451 0 0 0
1911 1046 81 76 152115 0 0 0
-53 2559 102 24 699841 0 0 0
-2527 1230 75 1 435235 0 0 0
2058 -1577 218 127 770706 0 0 0
-1208 -1495 45 119 364811 0 0 0
1250 1050 187 100 817892 0 0 0
-1373 1255 96 59 920054 0 0 0
-430 1973 46 133 325812 0 0 0
202 -2258 131 51 194380 0 0 0
-2413 -1221 12 161 247627 0 0 0
-155 -1565 171 57 524205 0 0 0
179 775 3 14 889164 0 0 0
1620 2655 189 91 735661 0 0 0
-1040 -50 8 108 779257 0 0 0
-692 1487 71 116 159364 0 0 0
22 -1658 97 20 827594 0 0 0
-1213 -18 136 80 585872 0 0 0
2361 -936 11 156 210864 0 0 0
912 -177 76 201 476414 0 0 0
1761 1196 10 63 498074 0 0 0
-2469 1123 131 215 954310 0 0 0
-958 1569 61 52 668299 0 0 0
1073 2518 197 202 664436 0 0 0
1354 -2227 70 219 295561 0 0 0
288 2157 84 220 745792 0 0 0
1741 -406 165 236 570333 0 0 0
161 2437 146 2 606202 0 0 0
654 1946 103 179 238346 0 0 0
1500 1716 62 110 652178 0 0 0
711 -1703 207 193 629606 0 0 0
-33 -82 200 122 142635 0 0 0
2073 779 107 124 264293 0 0 0
-201 -2203 73 114 206752 0 0 0
-603 -423 247 215 332197 0 0 0
-2779 2633 73 35 862890 0 0 0
-1612 -2521 167 21 861733 0 0 0
-2110 2022 18 64 460072 0 0 0
1035 -1255 154 228 103274 0 0 0
-2164 1785 215 221 281708 0 0 0
799 -981 121 25 881268 0 0 0
-2133 1119 186 226 106571 0 0 0
139 -1052 36 12 889712 0 0 0
-1191 2790 115 16 102284 0 0 0
-734 -2661 211 190 894519 0 0 0
1218 -942 103 154 498032 0 0 0
-1342 -545 61 179 422223 0 0 0
-2532 -2032 34 146 788655 0 0 0
2022 -2366 198 142 656812 0 0 0
-770 -779 174 12 555729 0 0 0
849 -2424 228 65 557826 0 0 0
-1669 1577 47 214 768454 0 0 0
2522 -209 27 158 319575 0 0 0
216 -2584 190 49 452488 0 0 0
-678 1433 198 68 522297 0 0 0
2396 613 93 188 581805 0 0 0
-2632 177 60 31 525707 0 0 0
646 -1945 67 206 846504 0 0 0
-1409 2644 246 152 645694 0 0 0
2138 2329 106 42 122069 0 0 0
-2439 -1766 69 151 495215 0 0 0
-453 2435 55 54 549711 0 0 0
308 235 133 183 607793 0 0 0
-2514 2107 158 89 185743 0 0 0
-1374 2070 24 160 263223 0 0 0
-1812 761 184 178 617908 0 0 0
-1018 475 91 181 858083 0 0 0
800 -1187 211 138 615355 0 0 0
398 -1495 211 187 843013 0 0 0
-2351 -2023 91 202 949568 0 0 0
1716 499 22 121 903861 0 0 0
1916 -201 158 132 935494 0 0 0
-1230 -409 184 180 756622 0 0 0
-2198 -2492 77 134 475273 0 0 0
313 -26 188 198 427253 0 0 0
-1149 2560 152 224 936801 0 0 0
1573 1215 174 169 715909 0 0 0
-344 1976 147 24 139032 0 0 0
218 -879 212 214 451390 0 0 0
2566 2097 113 125 138569 0 0 0
502 -1710 27 150 595956 0 0 0
-2781 2394 249 11 602309 0 0 0
1632 -148 222 57 383714 0 0 0
-357 -1234 134 149 498284 0 0 0
452 1154 172 2 212448 0 0 0
171 -1840 9 165 740698 0 0 0
-1915 2273 171 231 338894 0 0 0
383 1551 108 128 314137 0 0 0
2281 -663 136 227 429911 0 0 0
-325 -1430 84 37 381331 0 0 0
-638 743 135 3 840747 0 0 0
-2073 2237 70 18 229923 0 0 0
-2047 2413 246 39 286685 0 0 0
1642 -1562 94 88 416153 0 0 0
-545 -2198 36 42 722293 0 0 0
-987 -2492 234 154 712586 0 0 0
-1284 199 99 92 674064 0 0 0
1990 -2034 218 198 501802 0 0 0
-1427 -759 91 195 715806 0 0 0
794 2687 244 68 434923 0 0 0
1709 1357 242 179 533536 0 0 0
-428 2216 214 33 139892 0 0 0
2735 1890 225 51 385678 0 0 0
-1037 -1330 193 92 488424 0 0 0
-984 1011 116 117 829681 0 0 0
-2637 -627 167 97 103900 0 0 0
1712 -1540 67 85 943587 0 0 0
-305 1513 26 59 525519 0 0 0
-1255 -1513 80 60 566589 0 0 0
1726 1406 37 20 456338 0 0 0
75 197 187 100 220591 0 0 0
704 1974 54 168 180898 0 0 0
-1473 -76 153 217 349348 0 0 0
-1581 -203 151 119 589297 0 0 0
1905 223 102 86 303319 0 0 0
2683 1158 23 49 975934 0 0 0
-2083 -1881 122 103 485166 0 0 0
-1318 -988 184 50 373265 0 0 0
1031 -595 63 188 731799 0 0 0
1620 -694 243 189 358610 0 0 0
-1175 -307 72 231 454745 0 0 0
2191 971 170 10 962446 0 0 0
-2686 -2021 203 10 299321 0 0 0
-399 -271 131 55 683747 0 0 0
671 1910 166 172 507870 0 0 0
1029 -2199 132 75 587113 0 0 0
-1456 -2765 90 68 332967 0 0 0
-957 1909 2 214 550090 0 0 0
-1815 -1579 189 214 850317 0 0 0
-127 -984 131 186 650863 0 0 0
203 2632 7 122 247923 0 0 0
395 -2527 173 22 920656 0 0 0
366 932 96 72 120533 0 0 0
-847 -2465 63 92 593059 0 0 0
902 -1079 124 194 874145 0 0 0
1872 -794 193 35 733987 0 0 0
715 -1508 112 158 208220 0 0 0
-659 816 183 97 124783 0 0 0
2328 479 239 226 881451 0 0 0
995 -2175 170 98 116830 0 0 0
-1194 -2158 29 12 275268 0 0 0
-2186 -47 54 188 507461 0 0 0
-2116 -1069 167 120 490216 0 0 0
-1241 2645 201 168 648677 0 0 0
-2525 2376 14 119 476169 0 0 0
-301 847 44 5 785110 0 0 0
1409 -2751 243 124 110704 0 0 0
2492 1264 115 9 715427 0 0 0
-2597 263 103 102 265818 0 0 0
-1234 1209 103 119 934709 0 0 0
-784 -2094 152 53 695229 0 0 0
-2676 -158 39 100 894443 0 0 0
1872 1178 79 66 907440 0 0 0
368 1061 112 35 272989 0 0 0
982 -866 133 170 548590 0 0 0
-433 2231 213 208 968102 0 0 0
1054 154 205 62 938873 0 0 0
-1692 -2049 130 173 335166 0 0 0
-137 -644 227 142 480026 0 0 0
-2438 -2104 4 47 692688 0 0 0
242 -1015 214 62 687755 0 0 0
404 958 98 97 982529 0 0 0
-1937 1477 20 112 868661 0 0 0
2420 539 188 58 322966 0 0 0
279 376 234 107 602773 0 0 0
-1059 2072 67 16 408996 0 0 0
-1846 1617 142 216 656848 0 0 0
-2284 1656 144 12 132769 0 0 0
-1245 986 120 52 258451 0 0 0
-1395 -1341 138 68 538042 0 0 0
910 -2026 210 232 924832 0 0 0
1515 2197 133 122 271178 0 0 0
2580 -631 128 198 952792 0 0 0
1446 386 88 203 843511 0 0 0
2719 -2703 122 83 432784 0 0 0
2396 -1817 117 123 946500 0 0 0
-2423 1562 172 25 771700 0 0 0
2096 1839 39 17 589380 0 0 0
1018 -2308 139 171 170451 0 0 0
-904 -1371 127 222 151742 0 0 0
-283 -1237 152 81 981014 0 0 0
631 1486 18 28 962493 0 0 0
-2032 2716 106 131 784514 0 0 0
1671 -1206 135 190 130515 0 0 0
-1824 -2669 19 47 975815 0 0 0
301 -1427 120 51 658094 0 0 0
-1894 -2725 198 72 106447 0 0 0
1355 -2025 240 47 495216 0 0 0
2128 -80 36 187 387660 0 0 0
-1534 -2411 243 126 322434 0 0 0
2064 -2336 162 75 297541 0 0 0
-1548 -2223 25 195 404190 0 0 0
-1827 482 70 182 407748 0 0 0
-1028 -1822 18 24 104318 0 0 0
-1541 1758 198 172 593635 0 0 0
505 -1440 211 209 287893 0 0 0
2800 1737 240 143 972601 0 0 0
2712 -103 226 35 213394 0 0 0
-1905 -1552 86 3 355740 0 0 0
-1330 866 241 6 141208 0 0 0
1179 516 44 67 825233 0 0 0
2418 861 169 68 677231 0 0 0
1815 -403 91 57 545806 0 0 0
1351 -2070 88 212 212984 0 0 0
2727 2244 57 109 319701 0 0 0
1130 -491 36 230 557867 0 0 0
-1466 2651 125 102 749200 0 0 0
-1122 1587 107 64 204841 0 0 0
-458 2024 18 170 207376 0 0 0
-1899 75 193 198 596821 0 0 0
1940 -1007 113 218 306154 0 0 0
2091 -1211 208 170 699501 0 0 0
-1119 2430 200 80 314420 0 0 0
306 404 6 54 706651 0 0 0
-1385 651 70 186 242371 0 0 0
-1099 2326 233 59 392966 0 0 0
1615 -2152 235 1 149517 0 0 0
2740 1370 128 52 436052 0 0 0
-2115 -2240 232 156 938959 0 0 0
31 1646 64 138 149005 0 0 0
429 -1791 68 168 893194 0 0 0
-2090 2081 17 181 336629 0 0 0
1997 1109 179 67 941222 0 0 0
2302 -1872 82 44 524229 0 0 0
-285 -1102 157 199 209275 0 0 0
1155 1491 124 46 284030 0 0 0
-208 -1751 60 219 683927 0 0 0
1928 1368 197 180 606914 0 0 0
-142 26 51 44 223027 0 0 0
-979 1743 65 90 355731 0 0 0
-17 2230 232 121 861468 0 0 0
-126 -1935 194 157 535924 0 0 0
1577 360 144 118 871760 0 0 0
-826 -2233 139 23 868360 0 0 0
-462 -2420 18 125 204097 0 0 0
-598 674 28 91 947715 0 0 0
332 1374 14 3 150268 0 0 0
177 1981 226 74 927899 0 0 0
-644 -1880 125 108 765803 0 0 0
-1749 -1534 194 159 962736 0 0 0
1130 -1588 1 45 780563 0 0 0
-1844 -1674 190 169 375701 0 0 0
1048 1255 214 175 516499 0 0 0
1817 -1891 205 118 382335 0 0 0
-1172 -2408 247 62 536466 0 0 0
-874 541 61 152 173064 0 0 0
-1129 889 97 50 349165 0 0 0
-548 2532 162 41 578897 0 0 0
-2619 876 137 139 338036 0 0 0
-387 425 90 132 799221 0 0 0
1275 -2121 169 88 245471 0 0 0
1164 -1122 189 80 128178 0 0 0
1736 163 120 102 924570 0 0 0
498 -1302 124 93 531409 0 0 0
203 1149 93 28 834171 0 0 0
-950 -2015 100 203 119153 0 0 0
-1418 -198 165 35 108299 0 0 0
1091 -2750 150 144 918057 0 0 0
916 2535 45 181 235880 0 0 0
364 901 156 193 639440 0 0 0
916 1992 116 157 544449 0 0 0
-1013 1903 21 10 169947 0 0 0
-2620 1761 1 127 868368 0 0 0
-743 -86 246 141 527129 0 0 0
992 1804 117 130 788674 0 0 0
-2204 -406 139 60 777715 0 0 0
-2091 337 249 34 655386 0 0 0
778 1148 239 110 375873 0 0 0
-1104 -789 156 219 214528 0 0 0
2280 1679 81 182 669505 0 0 0
-2588 -1802 227 23 550080 0 0 0
262 -1183 107 135 139264 0 0 0
1380 -170 229 235 380165 0 0 0
2759 -2085 14 85 841453 0 0 0
1454 -234 145 191 113659 0 0 0
-335 2087 131 166 611535 0 0 0
-412 -709 190 189 160251 0 0 0
1414 51 158 53 789206 0 0 0
-888 -2274 140 111 528702 0 0 0
538 2206 30 150 145827 0 0 0
2251 69 145 226 795328 0 0 0
-2700 1545 232 17 853068 0 0 0
-400 665 76 44 256071 0 0 0
-2725 -1707 199 211 616932 0 0 0
1814 1278 43 71 989631 0 0 0
2418 1725 39 24 743733 0 0 0
134 -2039 99 204 864616 0 0 0
-989 2652 8 36 247317 0 0 0
-1214 -2561 120 132 905558 0 0 0
1039 -1708 224 31 125340 0 0 0
610 -1361 176 85 913754 0 0 0
2519 -294 214 12 343362 0 0 0
2661 1520 202 175 692940 0 0 0
1514 -1788 73 95 208318 0 0 0
-1511 423 77 62 362758 0 0 0
965 -747 119 118 555323 0 0 0
-1576 1844 158 194 736049 0 0 0
-1101 -2457 204 31 139449 0 0 0
1531 1917 85 198 563333 0 0 0
-1710 -19 162 111 754358 0 0 0
-2531 -21 128 34 955772 0 0 0
930 1224 249 201 613543 0 0 0
-2164 682 59 124 498974 0 0 0
1601 -1153 114 163 112746 0 0 0
-2486 -2385 177 84 551711 0 0 0
462 1713 241 226 480504 0 0 0
1148 1710 57 222 409628 0 0 0
-884 -2068 7 208 660968 0 0 0
2653 2752 45 20 497622 0 0 0
1372 -2798 83 185 635757 0 0 0
-2247 2494 104 114 355975 0 0 0
-2207 -758 97 11 849971 0 0 0
-2501 -2090 50 116 556908 0 0 0
1791 133 158 213 438779 0 0 0
1671 -1249 188 222 576239 0 0 0
-1148 -1061 34 158 974507 0 0 0
772 138 57 228 698687 0 0 0
1616 -1414 187 193 530362 0 0 0
831 -312 134 104 711990 0 0 0
-2165 -572 180 66 751061 0 0 0
848 1701 118 84 751577 0 0 0
55 2189 179 233 498302 0 0 0
2296 1266 243 182 352805 0 0 0
-201 1226 63 132 160815 0 0 0
2363 -775 29 186 227055 0 0 0
2662 242 141 234 535220 0 0 0
-105 -772 106 172 904458 0 0 0
-182 407 36 77 353254 0 0 0
-1719 -1453 34 152 667111 0 0 0
833 2038 119 174 176120 0 0 0
-1835 644 135 44 134261 0 0 0
563 693 44 193 229063 0 0 0
195 -1463 10 19 268572 0 0 0
718 1981 124 114 295599 0 0 0
-2713 2230 5 217 226147 0 0 0
1364 -2353 13 75 363633 0 0 0
-1095 1253 30 134 619873 0 0 0
2657 429 193 112 942858 0 0 0
-2513 -1861 66 29 690933 0 0 0
1653 1036 239 97 353763 0 0 0
-1885 77 134 65 922309 0 0 0
33 2188 94 74 272748 0 0 0
743 -673 91 227 835395 0 0 0
-2575 -1762 180 86 442686 0 0 0
-2041 2268 6 133 708576 0 0 0
1846 1168 159 56 383033 0 0 0
2542 -1815 232 95 892013 0 0 0
-2783 1756 30 225 715229 0 0 0
1566 -1520 239 88 239744 0 0 0
637 -2215 52 56 143807 0 0 0
-1051 2061 110 215 835637 0 0 0
-1868 1970 201 83 172108 0 0 0
-1126 -1012 28 155 797550 0 0 0
-1673 -2288 182 152 711966 0 0 0
1714 1440 215 142 219008 0 0 0
553 1770 14 88 146214 0 0 0
2427 381 192 161 806247 0 0 0
2674 791 222 89 997377 0 0 0
2690 -1424 48 95 897478 0 0 0
-1001 237 235 194 344686 0 0 0
-296 178 249 29 622084 0 0 0
-1316 -1463 248 26 875367 0 0 0
-2446 1383 189 90 382923 0 0 0
1678 2582 183 66 540753 0 0 0
-1342 -553 106 218 884409 0 0 0
2702 42 245 150 723864 0 0 0
-1104 1746 26 86 694421 0 0 0
-2257 -1273 39 196 883687 0 0 0
-2142 -1184 51 164 931000 0 0 0
1502 -563 185 178 690165 0 0 0
1922 1167 67 204 927718 0 0 0
2245 -1082 188 138 390285 0 0 0
112 -244 148 126 879824 0 0 0
2531 1805 10 219 108139 0 0 0
160 1536 176 217 675416 0 0 0
-525 1182 8 158 788180 0 0 0
-104 1119 69 76 847218 0 0 0
1871 -70 170 162 689567 0 0 0
-2263 -2305 140 12 590093 0 0 0
2786 -2631 214 151 865008 0 0 0
206 -2513 122 6 191497 0 0 0
-86 759 205 127 626812 0 0 0
-2509 -1124 229 201 870566 0 0 0
-2427 1306 245 154 456825 0 0 0
1631 2004 77 30 108013 0 0 0
-1712 -539 158 154 351720 0 0 0
-533 -2302 8 43 262595 0 0 0
851 1669 224 211 898091 0 0 0
-522 1095 175 66 833177 0 0 0
2603 2000 65 217 813467 0 0 0
-2173 -38 3 208 528561 0 0 0
283 -567 204 141 189469 0 0 0
-2074 -2016 114 100 447844 0 0 0
-2158 2228 240 10 812152 0 0 0
1005 1761 245 144 958868 0 0 0
1569 2617 239 132 740259 0 0 0
-1593 2438 167 54 583149 0 0 0
2222 1800 119 133 259790 0 0 0
2189 532 188 183 878293 0 0 0
183 -456 2 173 978176 0 0 0
2533 -1227 162 32 425464 0 0 0
1201 1342 92 128 242402 0 0 0
-403 1188 74 10 627615 0 0 0
1586 1086 51 191 708854 0 0 0
1603 1407 225 109 449590 0 0 0
-2597 2750 135 134 702255 0 0 0
-1460 1361 232 144 718385 0 0 0
-2184 -1019 141 65 448154 0 0 0
2151 2381 77 15 111489 0 0 0
1386 748 36 57 177618 0 0 0
-2129 1405 224 123 189378 0 0 0
-2709 2282 214 13 823470 0 0 0
-2145 -935 23 158 333425 0 0 0
2723 1100 166 142 156939 0 0 0
-1229 2432 185 97 969171 0 0 0
1616 2594 128 14 111874 0 0 0
706 1109 216 208 110582 0 0 0
-1852 2494 121 115 925904 0 0 0
541 -519 141 100 663109 0 0 0
-1992 436 237 64 115767 0 0 0
1912 2710 174 70 575610 0 0 0
1879 -1696 225 170 313806 0 0 0
-766 -1529 202 168 845234 0 0 0
537 2357 18 134 600475 0 0 0
-2516 1048 115 43 712033 0 0 0
-670 -523 58 47 880019 0 0 0
2370 -2691 236 184 929072 0 0 0
78 1520 183 78 960976 0 0 0
-2272 -1725 227 137 354275 0 0 0
1948 438 217 188 397013 0 0 0
1661 -1397 143 26 375904 0 0 0
-2242 -1420 88 116 860946 0 0 0
-1646 1391 192 181 478422 0 0 0
-1914 -643 109 17 791763 0 0 0
-51 -1900 173 32 362187 0 0 0
-1399 2404 120 133 657269 0 0 0
2562 -157 159 160 359244 0 0 0
399 2519 245 53 692647 0 0 0
2553 -2227 186 154 634475 0 0 0
-2764 330 117 1 229738 0 0 0
-1746 -2425 230 73 113835 0 0 0
-2173 1846 110 196 271788 0 0 0
-1416 131 26 165 762923 0 0 0
2063 2779 25 36 468293 0 0 0
-1110 1659 222 145 193680 0 0 0
371 -290 77 13 703030 0 0 0
-2338 1919 155 115 257511 0 0 0
-2367 2782 143 232 499171 0 0 0
-2346 1037 48 165 175377 0 0 0
1550 -1966 219 198 430507 0 0 0
-515 -203 69 112 280930 0 0 0
2096 -2028 9 66 151801 0 0 0
766 669 60 29 721966 0 0 0
-999 -978 73 224 647660 0 0 0
1068 -854 226 20 225115 0 0 0
-78 -840 214 59 307852 0 0 0
-1601 2053 182 39 771549 0 0 0
1879 -1605 185 25 214494 0 0 0
2632 -1080 205 155 367009 0 0 0
-2102 730 179 84 726059 0 0 0
2690 -413 49 70 961948 0 0 0
1428 1166 193 174 205227 0 0 0
-56 -965 78 160 623109 0 0 0
1822 56 171 37 761391 0 0 0
-222 -1375 162 57 564924 0 0 0
1493 1515 173 151 756149 0 0 0
1217 -162 100 147 779403 0 0 0
2748 -1803 242 200 202164 0 0 0
-276 -2035 181 185 328993 0 0 0
365 -2528 16 8 114365 0 0 0
1766 -772 14 185 322003 0 0 0
329 2497 27 8 941398 0 0 0
1897 354 147 116 187604 0 0 0
-2303 1234 106 76 541311 0 0 0
-2778 -503 45 135 113713 0 0 0
2614 1629 213 87 854860 0 0 0
968 2120 137 163 911291 0 0 0
1888 -871 236 124 519991 0 0 0
1196 2671 48 34 853684 0 0 0
2397 316 71 112 653807 0 0 0
2504 -171 147 80 237187 0 0 0
-1282 550 122 49 859153 0 0 0
510 1967 188 228 250647 0 0 0
-1491 1746 119 227 617975 0 0 0
1860 -956 169 172 329195 0 0 0
719 220 78 87 853144 0 0 0
-2371 -203 180 138 682164 0 0 0
2783 348 73 169 360790 0 0 0
-1093 -1778 204 13 979009 0 0 0
2758 -1550 144 206 198888 0 0 0
-507 1959 219 72 298716 0 0 0
923 122 203 128 989553 0 0 0
1587 642 198 171 838902 0 0 0
1223 1201 234 34 363945 0 0 0
-1223 1060 206 51 134851 0 0 0
292 2148 53 22 938902 0 0 0
926 2744 88 121 805643 0 0 0
-1836 230 32 193 625950 0 0 0
-2526 186 115 140 843269 0 0 0
-2424 1632 113 114 543387 0 0 0
-536 2760 104 105 963120 0 0 0
947 -923 134 60 400618 0 0 0
-2525 -2082 64 147 254004 0 0 0
1635 1340 62 30 415034 0 0 0
2736 -2759 38 102 148557 0 0 0
1283 1853 48 190 583051 0 0 0
209 2564 82 208 121153 0 0 0
1163 1762 153 155 917749 0 0 0
-116 -1522 241 14 156041 0 0 0
1575 -761 129 147 178301 0 0 0
1965 -1233 248 21 597727 0 0 0
988 -240 80 161 714058 0 0 0
-2545 1127 243 199 588169 0 0 0
-897 646 239 23 985695 0 0 0
-1757 -1219 127 35 124029 0 0 0
1587 -2753 51 92 584962 0 0 0
-634 2782 129 55 422586 0 0 0
-401 2780 122 186 968525 0 0 0
-2679 843 209 72 929354 0 0 0
2236 2694 64 169 978600 0 0 0
-110 441 116 27 931524 0 0 0
-2789 -1489 203 84 508845 0 0 0
-2479 1715 220 169 565157 0 0 0
-1712 1654 96 196 366022 0 0 0
2270 967 198 143 978427 0 0 0
-1926 -916 67 177 744867 0 0 0
-224 2673 225 191 491058 0 0 0
2611 -2212 168 206 413966 0 0 0
1986 763 70 174 208766 0 0 0
-2652 -1268 102 145 844446 0 0 0
-2595 257 129 73 373324 0 0 0
2569 2560 237 103 630199 0 0 0
-2768 -2595 66 70 923859 0 0 0
-2507 -90 101 123 288927 0 0 0
1249 2272 18 158 839901 0 0 0
-2369 -1853 156 37 762833 0 0 0
-2458 1529 45 212 350658 0 0 0
827 -543 23 39 560953 0 0 0
-2398 1759 46 233 191574 0 0 0
481 87 42 33 118421 0 0 0
1411 2007 200 11 265546 0 0 0
81 1556 113 49 496436 0 0 0
1669 -234 192 29 317678 0 0 0
2777 -193 244 36 117485 0 0 0
394 584 211 49 232722 0 0 0
1084 -540 63 152 117523 0 0 0
-17 2275 72 27 208434 0 0 0
2666 2432 237 196 245838 0 0 0
1114 -2507 200 104 304190 0 0 0
2306 -486 33 8 193730 0 0 0
-1356 1259 87 21 732597 0 0 0
-2217 1321 179 182 525377 0 0 0
2093 1090 222 21 706137 0 0 0
2236 926 168 221 358341 0 0 0
1339 -2611 162 10 368515 0 0 0
-1307 706 125 212 296029 0 0 0
2475 -2663 94 153 563143 0 0 0
-645 1217 1 83 859658 0 0 0
2581 1089 34 49 957490 0 0 0
-2634 672 72 33 754374 0 0 0
2431 -615 198 163 193654 0 0 0
351 -1426 245 11 651906 0 0 0
-626 1906 172 191 540691 0 0 0
-2699 1357 188 133 457471 0 0 0
2191 613 196 43 439543 0 0 0
1749 1752 34 100 916372 0 0 0
-2738 -2042 60 91 834456 0 0 0
-2676 1476 8 113 434212 0 0 0
2200 -524 44 82 723652 0 0 0
1614 -1972 75 231 281333 0 0 0
2207 1971 81 214 804853 0 0 0
584 -2588 233 184 507397 0 0 0
-234 -937 185 182 403116 0 0 0
-1579 -210 218 106 573787 0 0 0
-446 704 186 186 538039 0 0 0
-2574 -1370 132 148 502938 0 0 0
-2359 2760 120 150 431342 0 0 0
1104 -2168 244 89 842346 0 0 0
-530 798 246 124 939350 0 0 0
2726 -497 230 102 156758 0 0 0
-972 2370 39 125 915852 0 0 0
1206 2246 177 208 743101 0 0 0
2522 1797 142 139 959296 0 0 0
1146 -623 188 204 774217 0 0 0
1696 307 222 138 532777 0 0 0
2358 -2080 108 217 131895 0 0 0
-1122 -1286 65 111 575329 0 0 0
2365 1634 174 163 685892 0 0 0
463 464 129 169 103452 0 0 0
-498 2300 129 163 798191 0 0 0
1432 236 98 101 438497 0 0 0
-2607 2600 30 219 345707 0 0 0
14 -959 3 107 834436 0 0 0
-2084 1435 167 31 691606 0 0 0
-1839 456 211 142 145823 0 0 0
-1287 -13 35 102 392375 0 0 0
-702 -903 181 201 627930 0 0 0
-1151 -1442 54 198 979661 0 0 0
2448 -1011 147 30 818216 0 0 0
-1533 -2562 84 190 596508 0 0 0
-706 1342 129 125 478081 0 0 0
-973 -515 70 1 239320 0 0 0
-521 342 50 217 256319 0 0 0
-1638 -1748 156 111 405370 0 0 0
-772 -1558 81 9 673694 0 0 0
-1419 -589 26 219 321928 0 0 0
816 -2468 169 122 380383 0 0 0
756 2096 234 208 861367 0 0 0
2218 -2757 36 11 915300 0 0 0
37 -397 209 124 814278 0 0 0
1716 82 114 168 187832 0 0 0
554 -767 161 91 874420 0 0 0
2243 880 137 121 795858 0 0 0
-793 770 56 149 325033 0 0 0
229 1296 31 230 265157 0 0 0
-1296 -1378 143 72 904664 0 0 0
-1879 -783 178 146 742389 0 0 0
-1242 1287 244 113 528877 0 0 0
2043 1585 47 46 846023 0 0 0
-1294 1524 63 111 802407 0 0 0
-2051 1938 225 161 802266 0 0 0
2227 1549 170 214 767083 0 0 0
2145 2662 93 147 639551 0 0 0
-276 1894 226 132 292115 0 0 0
-1852 1462 176 198 735260 0 0 0
-1566 -924 221 164 300400 0 0 0
-505 1796 150 34 623118 0 0 0
-1108 -537 195 90 446039 0 0 0
-2272 448 239 87 509944 0 0 0
-2658 1295 102 235 557008 0 0 0
2339 2330 143 73 245229 0 0 0
-783 2119 246 17 389106 0 0 0
-2671 -317 22 63 735691 0 0 0
-541 -251 199 157 432607 0 0 0
-538 -2482 71 195 271028 0 0 0
-2466 -2464 165 164 345456 0 0 0
2661 2365 65 91 901088 0 0 0
-1351 -447 230 76 339645 0 0 0
-713 1650 123 235 711515 0 0 0
-1837 1867 47 150 302462 0 0 0
-2095 1979 75 234 699691 0 0 0
1692 -2147 70 106 915774 0 0 0
1003 -342 169 180 420876 0 0 0
2361 -2156 135 177 742573 0 0 0
1466 2755 177 30 952155 0 0 0
-126 -254 69 153 827614 0 0 0
-1013 -1853 132 228 853238 0 0 0
-2126 -2779 245 21 342149 0 0 0
2611 -212 159 96 948648 0 0 0
859 -1470 185 153 405407 0 0 0
-1536 -340 201 98 408623 0 0 0
46 1621 210 135 656209 0 0 0
-308 1094 126 5 556555 0 0 0
-2751 -260 2 180 292357 0 0 0
2312 -872 123 123 694309 0 0 0
-332 -2215 76 71 689754 0 0 0
-61 2256 168 197 925798 0 0 0
743 958 179 84 327188 0 0 0
586 -1552 13 114 821682 0 0 0
-1940 -342 193 96 598028 0 0 0
-636 1215 161 170 378323 0 0 0
-2064 -2291 60 7 712033 0 0 0
1450 2408 192 95 748321 0 0 0
1269 -2257 35 87 983288 0 0 0
-1779 1792 195 4 698110 0 0 0
934 223 88 126 564020 0 0 0
2159 -2797 203 39 524093 0 0 0
1944 -2668 122 127 314261 0 0 0
-2143 -2354 59 199 871514 0 0 0
-812 1766 94 183 782531 0 0 0
-453 1315 26 153 609886 0 0 0
-1551 -1789 56 22 623374 0 0 0
281 -2367 134 47 818966 0 0 0
1038 -405 224 116 669574 0 0 0
-886 619 99 91 177020 0 0 0
1211 -2016 139 144 257335 0 0 0
-978 -1424 139 86 665716 0 0 0
-2690 -200 224 202 517937 0 0 0
-848 1975 65 47 443832 0 0 0
1225 -2789 248 214 660050 0 0 0
-741 614 150 47 688046 0 0 0
-1931 -2798 192 29 922491 0 0 0
1249 1780 187 214 654550 0 0 0
1187 1246 54 144 460624 0 0 0
1440 1724 57 87 155324 0 0 0
-1083 912 78 128 220258 0 0 0
-602 -2264 249 158 353573 0 0 0
-2210 1876 80 152 422058 0 0 0
2663 -1919 38 196 628039 0 0 0
-365 -2647 16 90 178725 0 0 0
-2162 2611 236 130 774128 0 0 0
472 778 68 122 958083 0 0 0
1868 790 26 112 180714 0 0 0
-1503 495 195 176 624979 0 0 0
87 380 140 190 953982 0 0 0
-2166 -2478 193 223 780794 0 0 0
-97 -769 223 119 204247 0 0 0
947 1497 121 169 569226 0 0 0
-941 2553 78 43 573729 0 0 0
-755 -2738 55 195 887842 0 0 0
-1328 -664 211 33 996109 0 0 0
-2363 1314 160 48 837504 0 0 0
2248 -2727 116 80 984727 0 0 0
-63 -2173 30 37 890464 0 0 0
-923 -2476 128 5 928557 0 0 0
2686 251 81 138 448833 0 0 0
2165 1822 170 143 848664 0 0 0
276 1894 59 34 917820 0 0 0
899 2153 175 197 621235 0 0 0
2765 23 8 136 544861 0 0 0
-198 -296 225 181 584177 0 0 0
-1747 -2057 102 194 266740 0 0 0
-218 -1386 113 185 264445 0 0 0
-576 90 14 44 272767 0 0 0
-2587 2204 48 158 923141 0 0 0
-1870 -1855 247 172 674311 0 0 0
-1791 -1599 168 233 268474 0 0 0
1768 -800 61 108 130551 0 0 0
2530 -1685 108 186 846177 0 0 0
-2300 -127 246 202 494374 0 0 0
-1894 -1148 28 58 225166 0 0 0
1197 -2632 105 119 987462 0 0 0
816 1696 114 112 639154 0 0 0
732 -2067 229 109 815252 0 0 0
750 762 244 137 307316 0 0 0
-2199 949 164 181 565953 0 0 0
105 157 79 146 133350 0 0 0
2391 -2485 3 227 132215 0 0 0
-1828 -2026 247 149 800958 0 0 0
-2195 -39 26 165 536503 0 0 0
-2251 2068 16 88 659085 0 0 0
-2627 -1408 76 135 414701 0 0 0
-61 970 154 62 120467 0 0 0
-958 742 39 103 562904 0 0 0
2169 -1734 17 3 165364 0 0 0
595 -403 246 60 365286 0 0 0
2242 -1729 197 51 622503 0 0 0
-31 -1806 79 136 332708 0 0 0
1000 1717 19 10 949412 0 0 0
188 1577 226 133 246544 0 0 0
2138 -1570 52 179 641379 0 0 0
-2716 -629 230 149 317964 0 0 0
2528 -1741 218 149 784650 0 0 0
-279 2600 138 140 590604 0 0 0
-2238 1732 15 163 996068 0 0 0
1583 1934 60 162 377209 0 0 0
790 -1425 52 119 402842 0 0 0
2020 -1222 101 215 650295 0 0 0
-336 -445 9 167 361844 0 0 0
-91 680 5 168 769987 0 0 0
690 -2798 218 220 649751 0 0 0
-2696 2519 85 130 807895 0 0 0
-746 2734 44 198 898271 0 0 0
-379 1481 128 212 548385 0 0 0
1218 1100 228 69 925064 0 0 0
145 -2545 135 34 771527 0 0 0
675 2157 249 177 871453 0 0 0
-1946 2296 104 179 226617 0 0 0
2395 -967 43 200 729068 0 0 0
885 1814 29 37 732264 0 0 0
-2383 -1215 93 58 222229 0 0 0
2203 2101 128 152 364461 0 0 0
-2473 -1774 240 198 295291 0 0 0
1010 -265 23 160 113182 0 0 0
-99 1104 96 233 582408 0 0 0
2011 -1022 144 202 724544 0 0 0
698 819 89 39 933104 0 0 0
12 -2413 17 20 271124 0 0 0
-2685 2083 214 10 706472 0 0 0
1607 960 8 134 305700 0 0 0
-1140 1199 87 156 245911 0 0 0
-924 -724 129 91 272316 0 0 0
-1520 -1129 20 144 239466 0 0 0
2079 1874 162 130 392377 0 0 0
1140 1164 42 185 722414 0 0 0
-1920 379 48 43 747007 0 0 0
2306 1203 50 67 214598 0 0 0
1360 -317 125 198 425281 0 0 0
-2586 79 146 169 674438 0 0 0
-1357 -1895 110 215 182019 0 0 0
-1880 -880 242 137 517248 0 0 0
-497 -1820 188 143 171947 0 0 0
2096 -2784 238 174 347314 0 0 0
468 157 78 120 543439 0 0 0
-2332 1005 25 46 751246 0 0 0
-1727 43 104 9 940719 0 0 0
-1051 -2661 156 227 803305 0 0 0
248 -652 249 54 726783 0 0 0
-8 -786 200 231 415026 0 0 0
1538 208 95 129 530018 0 0 0
1541 -1207 100 58 624296 0 0 0
1039 -171 53 18 627764 0 0 0
1409 605 23 176 944227 0 0 0
1674 1371 129 180 763763 0 0 0
-1780 -202 80 175 972957 0 0 0
2280 -412 56 197 492665 0 0 0
4 1809 154 191 719453 0 0 0
1826 2671 173 170 973926 0 0 0
-1089 1310 234 93 656359 0 0 0
1233 -1690 200 211 500380 0 0 0
2286 393 172 221 335533 0 0 0
-1667 -1920 46 43 596827 0 0 0
-2504 557 96 97 118318 0 0 0
-2612 991 58 13 301127 0 0 0
876 2740 148 222 538685 0 0 0
1524 -488 227 201 452576 0 0 0
-85 76 94 149 642791 0 0 0
-1542 2565 16 135 359167 0 0 0
-1283 718 233 156 694944 0 0 0
-2478 211 24 8 403434 0 0 0
2332 1553 61 112 445755 0 0 0
1327 2316 122 14 722250 0 0 0
2761 -613 154 62 908014 0 0 0
-981 1007 218 14 450745 0 0 0
-1217 -2203 213 37 405221 0 0 0
-1342 1186 191 118 613705 0 0 0
1568 -1931 222 212 290072 0 0 0
-493 -2249 114 178 840291 0 0 0
-471 2419 181 206 649326 0 0 0
2741 785 205 100 981521 0 0 0
-2012 -2337 170 165 155355 0 0 0
507 -755 212 73 670990 0 0 0
-1074 794 155 211 282786 0 0 0
1279 -774 226 61 654352 0 0 0
-33 -1284 78 116 893533 0 0 0
1690 61 208 79 366265 0 0 0
-493 1729 55 151 455708 0 0 0
147 2710 156 61 670286 0 0 0
-879 2609 64 174 707926 0 0 0
2156 2200 12 154 568114 0 0 0
2036 59 194 187 770989 0 0 0
-581 -2756 28 162 111009 0 0 0
-1691 1885 148 53 215604 0 0 0
-575 507 78 94 820423 0 0 0
992 -960 42 203 564917 0 0 0
2646 -436 45 115 551314 0 0 0
2724 -551 185 128 311682 0 0 0
2516 -1103 234 194 198106 0 0 0
-801 2314 101 108 510959 0 0 0
-622 -167 199 130 773795 0 0 0
714 -801 231 118 325546 0 0 0
-2031 -2093 141 36 541414 0 0 0
-1972 -1702 169 149 447705 0 0 0
-2044 -2566 87 65 525061 0 0 0
-765 690 117 184 793384 0 0 0
-2456 1939 69 153 208927 0 0 0
727 837 227 87 499065 0 0 0
-1011 1082 100 112 933933 0 0 0
-356 314 89 192 511934 0 0 0
-346 -2789 78 14 893371 0 0 0
689 -1683 208 116 326222 0 0 0
361 1536 32 236 943567 0 0 0
1121 -2730 3 39 294595 0 0 0
-1055 -1735 182 92 666000 0 0 0
-2332 -2478 174 169 460793 0 0 0
1003 1863 106 140 300867 0 0 0
-199 1529 21 25 913491 0 0 0
-269 -966 53 164 416795 0 0 0
-450 1535 175 18 622667 0 0 0
-832 531 34 79 431375 0 0 0
2046 -325 58 77 744703 0 0 0
-1623 -578 248 33 482906 0 0 0
1667 2006 45 168 360994 0 0 0
62 2163 45 90 546898 0 0 0
996 -61 40 198 602084 0 0 0
-793 -2483 138 126 351109 0 0 0
-541 586 25 112 209813 0 0 0
-376 -2246 190 199 539827 0 0 0
382 2459 25 30 352769 0 0 0
-575 1508 45 47 661069 0 0 0
-1894 196 125 48 659526 0 0 0
49 -1808 163 42 883300 0 0 0
595 -678 220 124 651709 0 0 0
407 1071 146 92 880437 0 0 0
953 2647 166 138 947079 0 0 0
1471 -2681 193 152 570584 0 0 0
1127 -372 30 211 816880 0 0 0
1120 2058 32 15 322774 0 0 0
1330 19 100 173 653841 0 0 0
2025 2529 225 212 631852 0 0 0
2411 -126 228 123 978292 0 0 0
1570 -2404 220 6 494049 0 0 0
2642 30 70 64 502961 0 0 0
1766 -2719 213 81 622909 0 0 0
-1676 1307 140 190 286147 0 0 0
600 -1167 149 177 679656 0 0 0
2383 -1198 61 212 715095 0 0 0
-142 1808 229 27 112831 0 0 0
-1774 -388 152 159 441465 0 0 0
-49 671 39 178 412517 0 0 0
-906 -9 101 106 905278 0 0 0
-2425 771 57 111 975834 0 0 0
689 815 177 209 151321 0 0 0
1110 -1348 219 167 549903 0 0 0
1847 -436 51 231 830644 0 0 0
2522 -844 85 16 484282 0 0 0
-1809 1127 239 19 236683 0 0 0
296 -1778 158 39 763296 0 0 0
1402 378 65 25 416723 0 0 0
-2157 1138 194 125 305363 0 0 0
-1514 -321 95 20 227188 0 0 0
1916 -671 154 171 324642 0 0 0
-1370 -2342 129 78 829772 0 0 0
-725 626 181 67 598261 0 0 0
-2319 -1506 119 86 259135 0 0 0
1490 1792 139 43 610868 0 0 0
-770 -1568 28 106 900487 0 0 0
632 42 185 168 396072 0 0 0
-793 61 13 118 979897 0 0 0
-272 -416 59 90 418456 0 0 0
2167 -43 106 229 627546 0 0 0
-1535 1253 116 25 535975 0 0 0
-416 2404 133 182 462076 0 0 0
247 2043 70 232 124265 0 0 0
-1164 -680 88 111 138865 0 0 0
-1758 1080 93 22 553892 0 0 0
-1777 -1769 233 171 263818 0 0 0
-1750 2583 186 78 580945 0 0 0
650 649 58 47 296674 0 0 0
2608 2510 115 189 437755 0 0 0
637 -2754 37 170 559118 0 0 0
-1890 1744 159 44 937950 0 0 0
557 588 39 63 500519 0 0 0
-141 -2656 51 72 817983 0 0 0
-2101 2389 232 32 262017 0 0 0
2393 1116 109 18 592215 0 0 0
1763 2627 103 144 591395 0 0 0
-950 -2030 71 65 166052 0 0 0
2557 762 237 31 432126 0 0 0
1672 -1441 182 103 861011 0 0 0
1843 -1702 236 67 617585 0 0 0
1290 -1960 45 178 675866 0 0 0
467 -631 9 179 272699 0 0 0
2702 2496 50 211 540047 0 0 0
606 2776 249 106 457272 0 0 0
-1987 1412 80 205 197683 0 0 0
-1794 -1398 96 103 725035 0 0 0
1853 -364 106 209 969272 0 0 0
-1995 -246 12 90 940430 0 0 0
-2465 2555 198 200 765853 0 0 0
814 629 69 13 274389 0 0 0
141 2574 201 85 366180 0 0 0
1192 -1563 10 46 435156 0 0 0
740 -221 92 99 280023 0 0 0
2649 363 16 30 627256 0 0 0
1986 2203 135 44 791038 0 0 0
-1571 -696 197 192 359350 0 0 0
2188 -910 206 1 178271 0 0 0
2703 1083 236 41 186821 0 0 0
386 -2051 144 5 158408 0 0 0
458 -256 38 4 886633 0 0 0
697 -1106 13 130 600104 0 0 0
-628 -1892 234 156 886083 0 0 0
-386 -1990 17 48 870435 0 0 0
1894 2317 119 128 179875 0 0 0
1655 2681 36 224 725434 0 0 0
1588 -2212 53 35 465433 0 0 0
-2382 -211 235 90 775168 0 0 0
1860 -2477 168 160 803742 0 0 0
2179 536 87 103 114899 0 0 0
-1016 -2151 3 25 407500 0 0 0
784 1782 93 44 953805 0 0 0
-1071 1788 134 165 809569 0 0 0
-374 -2291 228 144 668443 0 0 0
-592 2584 47 225 205869 0 0 0
-1895 2704 199 160 263832 0 0 0
-1817 347 37 210 839783 0 0 0
2374 -2438 170 63 531320 0 0 0
-2320 -107 217 186 791557 0 0 0
-999 -722 15 33 880533 0 0 0
1730 -17 155 229 762693 0 0 0
-1514 511 88 38 321145 0 0 0
-359 1353 194 29 882856 0 0 0
-2399 2793 14 106 528106 0 0 0
-2164 -1951 98 15 397610 0 0 0
-1058 2187 195 38 599907 0 0 0
484 2643 117 123 424124 0 0 0
1642 -2184 201 41 862024 0 0 0
-816 -1358 242 214 675897 0 0 0
1727 -2639 216 22 724803 0 0 0
117 721 214 20 977398 0 0 0
1473 2711 214 84 953512 0 0 0
14 -1981 37 11 898880 0 0 0
-1869 -2460 70 82 574132 0 0 0
1089 329 15 77 507481 0 0 0
503 -832 153 60 938984 0 0 0
-411 1590 248 226 260844 0 0 0
-10 -62 226 84 907690 0 0 0
-2717 430 100 89 362237 0 0 0
2066 -1915 61 69 462372 0 0 0
1982 2438 98 30 911791 0 0 0
756 -2588 114 58 176555 0 0 0
-934 -1115 1 210 243489 0 0 0
872 -1287 6 212 555108 0 0 0
2644 564 128 54 222152 0 0 0
2611 -773 200 222 981644 0 0 0
-2660 -2449 53 45 260054 0 0 0
-1019 1628 1 207 286991 0 0 0
-2641 2693 110 168 673685 0 0 0
-922 -1649 196 124 472189 0 0 0
1361 452 156 60 789110 0 0 0
2587 -1689 93 15 540594 0 0 0
1044 1551 95 8 901514 0 0 0
687 -2714 155 126 820738 0 0 0
-2421 -2431 72 218 840256 0 0 0
-928 -1602 88 219 236303 0 0 0
-261 2659 117 236 212932 0 0 0
-707 -5 13 134 849418 0 0 0
-381 -2229 240 225 998321 0 0 0
-1599 -268 133 204 346598 0 0 0
1334 -118 10 207 753950 0 0 0
1714 -2177 105 230 285405 0 0 0
-2263 -1555 60 70 731763 0 0 0
2308 2604 172 206 526175 0 0 0
1672 94 182 49 225318 0 0 0
-2611 -1590 29 152 853540 0 0 0
2708 -2446 80 9 768169 0 0 0
-1743 969 230 94 996718 0 0 0
1915 -2275 43 188 918395 0 0 0
934 -1092 201 125 251929 0 0 0
2254 -1922 147 34 642706 0 0 0
1384 989 19 195 363153 0 0 0
727 907 110 130 222463 0 0 0
-1828 1282 57 15 545514 0 0 0
-1445 -2070 143 127 794212 0 0 0
-1946 -1345 127 174 961580 0 0 0
-1031 -413 188 87 483529 0 0 0
-55 -2691 184 21 462641 0 0 0
-1764 -2377 3 142 694084 0 0 0
989 2484 113 43 282523 0 0 0
-252 -694 95 229 730440 0 0 0
205 487 242 61 306178 0 0 0
2497 -854 69 1 253986 0 0 0
1949 1948 182 209 443361 0 0 0
-980 -2293 57 166 646620 0 0 0
-983 1621 24 146 635579 0 0 0
-2277 -542 42 190 904012 0 0 0
1843 2465 155 134 478108 0 0 0
-2211 -699 91 165 805409 0 0 0
2455 2375 146 116 979613 0 0 0
-1142 2590 187 42 657241 0 0 0
-1301 2290 219 163 811127 0 0 0
-1769 -899 155 4 699401 0 0 0
262 -659 7 139 908084 0 0 0
1310 2321 141 33 816976 0 0 0
2586 -678 19 198 798593 0 0 0
1464 2547 75 128 977317 0 0 0
-2204 -1555 212 119 558730 0 0 0
-35 1356 242 126 923301 0 0 0
-1651 -2437 22 11 628398 0 0 0
-1575 1646 11 164 966885 0 0 0
-2766 -2106 158 54 906942 0 0 0
1684 2723 186 236 202032 0 0 0
2663 -1818 114 231 503064 0 0 0
-2204 1313 45 142 365232 0 0 0
-2652 992 237 219 254476 0 0 0
-1003 -1265 202 217 301573 0 0 0
2565 973 156 89 542387 0 0 0
-1985 -2083 50 66 745823 0 0 0
-492 -910 157 225 470466 0 0 0
-1994 -739 58 40 822016 0 0 0
1741 -823 197 213 311521 0 0 0
465 1223 7 1 113644 0 0 0
1479 1280 61 110 941103 0 0 0
-964 -1538 69 229 692426 0 0 0
-1854 966 215 105 668328 0 0 0
1121 -1970 7 27 676527 0 0 0
558 -2351 196 177 339749 0 0 0
323 2379 175 17 124506 0 0 0
1878 -1271 93 174 881887 0 0 0
1385 1939 218 55 358093 0 0 0
-2688 2673 127 110 933817 0 0 0
-226 -2419 101 68 110759 0 0 0
2233 -1952 25 180 383369 0 0 0
1310 1095 137 17 252323 0 0 0
2493 2232 25 142 238798 0 0 0
1593 1642 146 143 438104 0 0 0
-1791 -1605 107 46 172711 0 0 0
444 -2134 213 188 341738 0 0 0
-2762 1323 221 156 699183 0 0 0
-1421 1718 162 132 792604 0 0 0
-2728 1638 43 83 190533 0 0 0
803 -1736 234 62 995602 0 0 0
-59 -2203 101 236 376949 0 0 0
1721 -2745 46 10 906720 0 0 0
2640 -1962 225 228 888791 0 0 0
2541 -2726 59 235 756948 0 0 0
901 -2732 209 9 607875 0 0 0
-1233 446 80 7 883486 0 0 0
-795 -1637 141 44 428619 0 0 0
-2101 891 176 104 717032 0 0 0
2518 1405 91 195 972282 0 0 0
665 -648 219 71 565118 0 0 0
-2137 -39 55 40 882799 0 0 0
-1027 -2753 64 209 199608 0 0 0
-2357 -1557 236 153 324708 0 0 0
-2058 -207 59 15 661201 0 0 0
1045 2647 237 114 600457 0 0 0
1271 -1340 152 60 939194 0 0 0
-310 1571 84 189 227740 0 0 0
-905 -2258 246 45 512542 0 0 0
123 -1549 26 128 654391 0 0 0
2762 2745 141 47 990779 0 0 0
-1381 2331 70 150 949833 0 0 0
1984 -264 12 106 271180 0 0 0
2776 1287 17 211 639258 0 0 0
-134 -2491 103 214 265128 0 0 0
-1939 140 34 153 725672 0 0 0
2407 1660 57 83 744453 0 0 0
-1354 -2132 24 8 425438 0 0 0
-2502 -2296 31 153 789028 0 0 0
923 -1711 139 177 727861 0 0 0
1150 -977 66 182 538391 0 0 0
-491 2759 141 100 112805 0 0 0
2467 -547 94 163 138910 0 0 0
-2343 2522 55 123 824792 0 0 0
-130 2664 136 106 866929 0 0 0
1388 -1884 109 53 167055 0 0 0
2682 -815 135 83 831835 0 0 0
2225 2583 106 98 199977 0 0 0
2745 -1375 231 213 525673 0 0 0
598 2552 117 85 358920 0 0 0
-166 2631 55 100 321498 0 0 0
2534 1122 196 218 670114 0 0 0
615 -2435 44 203 422378 0 0 0
-1514 2283 97 22 956761 0 0 0
634 956 94 68 315156 0 0 0
-2299 510 224 79 628704 0 0 0
-1510 -611 107 217 848781 0 0 0
1690 -2427 202 73 201977 0 0 0
1527 -1988 225 109 272970 0 0 0
2390 -1155 131 227 588503 0 0 0
-1913 1649 114 14 184393 0 0 0
1469 1824 169 62 774432 0 0 0
-1074 737 166 161 493110 0 0 0
2199 -576 150 116 987837 0 0 0
2400 -1066 155 148 203129 0 0 0
1 -671 143 225 785510 0 0 0
1812 -34 141 90 858081 0 0 0
-2693 1605 170 207 815039 0 0 0
-2447 -265 210 144 467750 0 0 0
1942 1861 176 70 159557 0 0 0
-452 1223 193 98 915702 0 0 0
2000 -2423 175 236 561748 0 0 0
-1042 2043 190 76 936893 0 0 0
-2089 -811 58 117 697114 0 0 0
-1796 -2455 26 134 234848 0 0 0
-388 619 31 2 489741 0 0 0
-599 -486 92 223 197530 0 0 0
677 1826 149 10 396333 0 0 0
-195 1691 36 129 679353 0 0 0
-2146 1098 147 11 431007 0 0 0
-86 983 235 223 652652 0 0 0
-2447 815 31 130 997601 0 0 0
1734 -1394 210 38 191355 0 0 0
2118 192 224 19 975256 0 0 0
2781 1766 17 53 812432 0 0 0
884 -346 148 108 784387 0 0 0
-1981 -279 248 73 390084 0 0 0
1418 1887 3 210 677595 0 0 0
1111 -1719 201 224 919389 0 0 0
2459 613 94 63 575652 0 0 0
-1554 -2566 186 57 499285 0 0 0
-2683 -554 131 97 812766 0 0 0
-1764 1814 218 82 554387 0 0 0
-906 434 107 95 139438 0 0 0
-1700 -1450 74 122 788092 0 0 0
1344 679 233 92 980491 0 0 0
662 600 77 155 558383 0 0 0
1026 -2082 40 2 823821 0 0 0
1803 919 218 132 333138 0 0 0
-1489 1561 222 230 551640 0 0 0
-2651 -461 68 172 986084 0 0 0
-1974 -2143 59 157 434795 0 0 0
1798 -1231 138 162 443454 0 0 0
-683 -1674 219 66 882845 0 0 0
2721 -1106 26 37 515939 0 0 0
-1874 -1454 235 129 522092 0 0 0
-498 -1996 121 101 810662 0 0 0
-108 574 56 216 131319 0 0 0
-257 777 169 126 788803 0 0 0
-2304 2746 94 181 319043 0 0 0
2054 490 213 15 619132 0 0 0
502 1195 188 185 157268 0 0 0
-1306 -2346 97 181 188509 0 0 0
1896 -1032 101 232 968622 0 0 0
-280 -1367 125 148 266895 0 0 0
2508 2294 233 127 123152 0 0 0
1608 -124 196 104 517261 0 0 0
288 -2753 194 60 727098 0 0 0
-185 -670 35 10 868885 0 0 0
998 -2078 245 18 816717 0 0 0
-95 -1723 104 124 333302 0 0 0
-1937 177 164 148 778480 0 0 0
-2361 1952 78 186 510109 0 0 0
-1275 -1097 190 85 217225 0 0 0
-1808 -2339 104 3 156290 0 0 0
1085 -1802 146 235 529253 0 0 0
-442 -1105 160 24 763762 0 0 0
373 -416 215 65 932936 0 0 0
-1840 1487 18 160 424965 0 0 0
-706 731 76 145 346035 0 0 0
-2230 757 135 36 989145 0 0 0
-2559 -1084 135 53 800802 0 0 0
2283 830 33 62 569758 0 0 0
-921 -1127 47 211 794298 0 0 0
-2236 945 207 212 253000 0 0 0
1931 -970 175 188 116999 0 0 0
-1582 1366 3 208 167479 0 0 0
-1192 -1687 177 67 352537 0 0 0
2297 -522 12 203 704888 0 0 0
-220 -424 118 42 542714 0 0 0
-2451 1742 110 219 297382 0 0 0
-1285 1209 62 89 891025 0 0 0
1552 -1174 37 94 964862 0 0 0
-395 1479 1 206 599925 0 0 0
-2345 867 75 106 399736 0 0 0
-2461 494 160 15 726367 0 0 0
2433 -38 40 95 328932 0 0 0
1910 -789 162 223 309314 0 0 0
1116 -724 24 98 171424 0 0 0
143 -1510 86 14 509578 0 0 0
-265 2340 183 148 591103 0 0 0
-1346 1255 13 95 953217 0 0 0
-1578 2592 99 189 774989 0 0 0
-2624 -154 15 4 493450 0 0 0
-2254 -1022 219 118 671765 0 0 0
-1128 14 21 236 414248 0 0 0
-603 -2454 192 126 477813 0 0 0
1376 2034 38 78 646612 0 0 0
1001 -1283 102 120 723726 0 0 0
-2027 -2539 182 179 881554 0 0 0
-1492 2384 190 153 762104 0 0 0
-753 -2562 246 72 712397 0 0 0
1323 -1123 88 181 772876 0 0 0
2639 -1705 36 228 171633 0 0 0
2491 1539 105 226 903585 0 0 0
1125 385 92 30 665028 0 0 0
1002 -2680 60 9 346605 0 0 0
358 -1813 238 5 178701 0 0 0
-1789 -1518 180 183 583264 0 0 0
-1900 -2793 102 45 780741 0 0 0
-1805 566 196 94 622201 0 0 0
-1759 -296 47 138 800501 0 0 0
2443 -855 89 200 285340 0 0 0
-81 1066 130 37 570114 0 0 0
-1108 2181 182 105 105014 0 0 0
-2646 602 60 218 112952 0 0 0
-1353 1937 101 119 593686 0 0 0
-447 -1444 193 196 349266 0 0 0
1810 -177 184 43 544142 0 0 0
596 542 207 138 982278 0 0 0
1771 -1524 168 150 393201 0 0 0
932 -2278 212 163 603678 0 0 0
-2612 -1423 123 186 243803 0 0 0
-972 1498 206 218 114981 0 0 0
-1765 -1467 225 6 325746 0 0 0
-2292 1683 214 63 368021 0 0 0
-596 1368 131 87 805387 0 0 0
-861 758 43 125 492474 0 0 0
1125 363 18 201 458396 0 0 0
-58 2428 12 152 116463 0 0 0
-1765 -1662 37 145 140021 0 0 0
2405 2199 83 217 235792 0 0 0
912 1882 32 193 420511 0 0 0
2131 -2513 95 48 516218 0 0 0
-515 -102 99 111 693702 0 0 0
2569 -1147 51 102 673262 0 0 0
-712 -551 147 14 814488 0 0 0
-213 -973 104 6 841782 0 0 0
-2570 -1025 122 80 748124 0 0 0
-2468 1642 137 197 997402 0 0 0
-767 1616 110 166 195704 0 0 0
988 1861 241 126 397283 0 0 0
-1732 240 166 61 366289 0 0 0
-2799 -403 221 194 460858 0 0 0
932 -563 53 121 678173 0 0 0
700 -2284 109 46 713065 0 0 0
-1438 -1903 157 211 534689 0 0 0
1832 -1636 151 85 409043 0 0 0
782 -1158 129 45 379880 0 0 0
1198 -773 130 27 923787 0 0 0
-2460 2590 188 53 855029 0 0 0
1027 -2433 209 190 664733 0 0 0
-2554 -1819 52 147 364320 0 0 0
-471 153 238 97 538777 0 0 0
-2625 -691 131 63 937076 0 0 0
-604 -984 40 148 925162 0 0 0
-426 -2246 145 115 783265 0 0 0
1866 2474 16 106 585233 0 0 0
1816 -1642 105 133 809589 0 0 0
-732 -991 146 37 282388 0 0 0
2019 135 213 147 389335 0 0 0
753 -1319 194 54 533218 0 0 0
-2459 2121 108 33 454369 0 0 0
-2186 1696 98 110 244077 0 0 0
528 -1779 166 102 884932 0 0 0
-1089 -171 177 72 280086 0 0 0
1379 2264 181 63 638539 0 0 0
1882 -773 228 135 486586 0 0 0
-1031 1429 180 8 361002 0 0 0
-1726 2516 2 114 884715 0 0 0
-2295 1141 72 157 740093 0 0 0
-1337 -733 95 210 124154 0 0 0
1204 1904 10 159 288081 0 0 0
654 -1429 20 9 638929 0 0 0
481 2242 182 179 658416 0 0 0
-1877 -133 72 128 137431 0 0 0
621 -2325 6 171 786001 0 0 0
540 1369 6 139 313738 0 0 0
1627 -1959 235 187 721795 0 0 0
-2468 -1583 219 200 423245 0 0 0
731 -485 219 36 784209 0 0 0
2636 316 25 63 792178 0 0 0
2369 161 56 221 937618 0 0 0
-2784 -419 172 206 179744 0 0 0
-636 1062 183 37 539688 0 0 0
-1963 1356 46 38 615428 0 0 0
2639 1836 1 160 137201 0 0 0
-2547 843 189 89 796900 0 0 0
848 -2788 32 191 691423 0 0 0
-940 793 59 97 626790 0 0 0
1115 -417 157 98 701661 0 0 0
2619 1774 110 80 989407 0 0 0
998 -2457 244 113 589964 0 0 0
-2680 -1470 31 72 190479 0 0 0
-2332 -1663 112 184 367036 0 0 0
-972 -2445 206 234 212974 0 0 0
519 2038 54 122 942754 0 0 0
-1398 -1664 237 191 962807 0 0 0
-2233 -1180 165 14 215790 0 0 0
617 2755 175 42 630228 0 0 0
890 -360 176 196 897775 0 0 0
519 -891 41 36 326096 0 0 0
-368 2326 174 51 443731 0 0 0
-2376 -1331 174 207 221895 0 0 0
370 1256 100 76 519897 0 0 0
-2721 2458 188 60 344893 0 0 0
1697 1502 197 72 500196 0 0 0
420 2363 208 38 187523 0 0 0
1353 1023 181 3 952956 0 0 0
-1153 -1587 224 137 998687 0 0 0
2141 780 60 38 126451 0 0 0
-1455 97 226 198 847481 0 0 0
-2568 -2006 221 189 763662 0 0 0
-1167 1160 39 150 314166 0 0 0
1965 -2111 207 39 903277 0 0 0
2357 -1197 193 193 916864 0 0 0
-1008 -2334 104 68 461771 0 0 0
1274 -1938 73 169 385703 0 0 0
952 -2197 62 141 893732 0 0 0
-1379 286 235 1 869973 0 0 0
-183 -1449 156 49 153196 0 0 0
-1416 866 56 120 300877 0 0 0
1752 1615 117 57 871261 0 0 0
-260 -776 50 160 308325 0 0 0
-1976 114 82 226 496768 0 0 0
-2060 -1898 219 183 191882 0 0 0
2370 -1179 32 113 289135 0 0 0
-2263 2317 172 79 305209 0 0 0
2251 1328 108 151 764400 0 0 0
-307 2695 7 108 917355 0 0 0
576 1233 80 159 705206 0 0 0
-1348 -2681 239 38 838395 0 0 0
-1720 441 244 230 330995 0 0 0
-678 1307 8 142 694559 0 0 0
-2378 407 152 234 255239 0 0 0
1700 639 192 227 418600 0 0 0
1471 -2342 147 153 717449 0 0 0
239 -2547 135 225 935806 0 0 0
372 -1254 133 7 210945 0 0 0
2070 819 186 103 616077 0 0 0
60 904 224 133 847220 0 0 0
-1927 1574 228 236 610119 0 0 0
-1000 1452 77 119 512778 0 0 0
-1805 -1535 147 229 127705 0 0 0
2280 829 67 76 866611 0 0 0
2363 -2151 28 81 804186 0 0 0
-99 -1599 25 196 160642 0 0 0
433 -242 226 158 257957 0 0 0
-1117 1468 225 88 210565 0 0 0
2664 -860 176 97 623248 0 0 0
2103 -998 8 165 870159 0 0 0
1146 1079 117 227 424498 0 0 0
1861 -1094 56 73 734529 0 0 0
-2577 371 98 134 350334 0 0 0
2625 -1778 137 114 953986 0 0 0
2724 2257 246 86 276072 0 0 0
1300 1088 72 167 330067 0 0 0
1080 -1266 163 156 335687 0 0 0
1149 1421 167 33 339059 0 0 0
-1727 -366 8 56 783560 0 0 0
-1249 -2773 165 135 408085 0 0 0
2224 -2421 22 188 970322 0 0 0
-2661 -2128 120 225 598470 0 0 0
1441 -1687 15 77 740089 0 0 0
1747 1043 247 70 208105 0 0 0
-1604 211 53 204 600386 0 0 0
-1895 -134 117 170 106270 0 0 0
2443 909 86 3 939212 0 0 0
-9 574 103 189 412842 0 0 0
565 -1061 42 27 980034 0 0 0
2538 642 134 121 337797 0 0 0
1753 1249 55 130 927930 0 0 0
2620 -1742 213 141 648151 0 0 0
2376 -1417 117 131 344258 0 0 0
1909 686 191 170 296143 0 0 0
1649 -2373 212 235 203253 0 0 0
1282 -86 123 188 188628 0 0 0
238 1652 79 185 951629 0 0 0
1079 2734 140 213 233708 0 0 0
-740 -1344 60 75 104363 0 0 0
-2606 309 23 83 932638 0 0 0
-2672 -101 16 48 564255 0 0 0
-763 568 11 88 494634 0 0 0
-457 -1531 118 145 375542 0 0 0
-416 425 184 18 609748 0 0 0
-1952 1259 166 29 595584 0 0 0
1891 -2563 243 134 287445 0 0 0
1001 -1027 103 206 839122 0 0 0
-2346 2731 18 95 288043 0 0 0
-2408 1349 215 199 729343 0 0 0
501 -662 148 115 143157 0 0 0
-1992 1230 98 216 115489 0 0 0
583 715 123 230 514958 0 0 0
1688 -397 237 208 878334 0 0 0
-2084 650 36 163 845932 0 0 0
1249 2164 57 209 622935 0 0 0
-2502 1926 70 168 891161 0 0 0
-2580 2357 190 178 493094 0 0 0
-209 -740 183 223 474269 0 0 0
-1265 -2052 187 174 217712 0 0 0
54 1572 85 84 574995 0 0 0
2607 1294 139 228 693230 0 0 0
-249 1367 48 170 461416 0 0 0
-2660 792 175 193 932283 0 0 0
800 -1519 216 118 988661 0 0 0
2709 -2496 203 62 278833 0 0 0
1966 -143 31 216 779092 0 0 0
417 -2637 136 104 422463 0 0 0
2183 -2060 123 30 856697 0 0 0
1928 -1709 72 89 426160 0 0 0
-1920 -446 20 69 187122 0 0 0
-2504 1888 135 202 869179 0 0 0
879 -16 60 77 105658 0 0 0
992 2748 150 132 925779 0 0 0
893 2796 155 117 893540 0 0 0
-2705 1290 247 212 634894 0 0 0
2711 -1241 42 170 301181 0 0 0
-774 -2739 120 179 312725 0 0 0
-1545 -396 78 225 934836 0 0 0
-1912 -2516 63 207 697140 0 0 0
2732 2768 89 131 710623 0 0 0
-1055 2233 66 36 415363 0 0 0
2719 100 161 171 311175 0 0 0
2631 -1598 30 164 161409 0 0 0
2039 -1865 7 175 299375 0 0 0
187 2396 238 63 713097 0 0 0
-1158 2132 18 117 518631 0 0 0
1320 -2666 3 201 931529 0 0 0
-166 2418 164 99 716666 0 0 0
-1640 2566 101 194 729574 0 0 0
41 2461 100 110 738036 0 0 0
-1932 228 115 97 426134 0 0 0
1518 -1445 2 219 252011 0 0 0
-246 640 41 63 591278 0 0 0
300 -1871 19 198 900789 0 0 0
122 1293 155 205 683495 0 0 0
-767 -750 215 69 972353 0 0 0
-216 1892 52 222 491598 0 0 0
1144 -1010 120 169 672828 0 0 0
774 1489 118 194 693897 0 0 0
1783 954 176 119 453893 0 0 0
451 452 84 67 819622 0 0 0
-1773 -555 191 38 438979 0 0 0
2322 77 137 210 272226 0 0 0
-1749 -2102 69 201 153950 0 0 0
-1101 -986 114 52 563282 0 0 0
2253 1767 19 132 515647 0 0 0
1021 -1352 17 91 803143 0 0 0
-1760 2692 146 206 365439 0 0 0
-465 -1747 198 203 532300 0 0 0
-303 920 63 162 730745 0 0 0
545 -393 69 225 585405 0 0 0
146 1978 174 132 951436 0 0 0
1152 -1242 35 48 694911 0 0 0
410 1699 189 235 928435 0 0 0
-319 1931 168 228 396327 0 0 0
161 -575 195 119 312773 0 0 0
-1875 -2232 132 214 685173 0 0 0
-1297 -804 38 157 583882 0 0 0
-1582 -2362 239 213 278909 0 0 0
-1954 -150 98 202 598238 0 0 0
-339 -1398 20 232 975122 0 0 0
-1917 836 228 74 531828 0 0 0
-303 -2058 74 197 188392 0 0 0
-2430 -2028 230 78 237816 0 0 0
251 -836 104 88 539826 0 0 0
2655 -421 174 208 564959 0 0 0
105 -56 124 51 615537 0 0 0
2348 -487 118 204 539514 0 0 0
-163 1315 163 165 880820 0 0 0
233 -1501 10 188 202349 0 0 0
1936 557 164 131 332835 0 0 0
419 -220 216 48 469959 0 0 0
816 2485 33 144 929157 0 0 0
-684 -1041 119 202 998138 0 0 0
1701 -124 23 211 909517 0 0 0
2133 1135 47 231 931456 0 0 0
2508 -903 107 119 890082 0 0 0
66 2676 209 115 281865 0 0 0
2454 -439 106 5 677332 0 0 0
-1603 -1275 130 46 860902 0 0 0
-19 -631 195 167 825657 0 0 0
501 -1643 32 227 891606 0 0 0
283 -577 143 174 238897 0 0 0
2033 -2046 216 14 353858 0 0 0
1939 -875 185 148 203263 0 0 0
-2377 -266 80 103 891404 0 0 0
-993 -1916 161 208 382670 0 0 0
-1413 2209 25 105 995148 0 0 0
-1176 -1815 196 202 869527 0 0 0
-1834 1419 36 145 441801 0 0 0
800 2366 6 172 856879 0 0 0
1102 -519 111 27 464664 0 0 0
2019 2272 182 55 212022 0 0 0
-2422 -2476 168 19 724961 0 0 0
-1556 -1358 167 29 451350 0 0 0
-1884 -104 98 38 123765 0 0 0
-335 1980 52 217 437180 0 0 0
953 -1855 79 77 492689 0 0 0
-2723 -2127 72 71 886731 0 0 0
-1764 238 142 105 410975 0 0 0
1443 -2780 231 49 717208 0 0 0
-934 -756 125 87 594003 0 0 0
1767 1627 98 93 956104 0 0 0
2187 2398 140 184 854349 0 0 0
2775 -2449 150 210 819909 0 0 0
2357 -326 224 115 327809 0 0 0
1233 -2229 228 83 425640 0 0 0
946 2759 203 70 548693 0 0 0
-1276 -1622 177 156 772318 0 0 0
2688 1398 98 35 132714 0 0 0
2607 -298 100 223 188220 0 0 0
2020 -397 159 34 704514 0 0 0
2346 -2073 180 70 353199 0 0 0
-2303 -1814 166 13 436738 0 0 0
-1138 2303 209 221 900702 0 0 0
911 883 85 7 705585 0 0 0
905 1166 152 8 939074 0 0 0
-2781 4 65 214 826802 0 0 0
-1956 1661 78 42 672624 0 0 0
-907 1867 221 213 675657 0 0 0
-1335 -1052 69 206 738648 0 0 0
-2674 -164 161 193 522202 0 0 0
-1404 1829 31 38 154473 0 0 0
2408 -695 191 211 210122 0 0 0
2021 -988 213 146 982440 0 0 0
2778 -2551 84 32 482068 0 0 0
782 456 28 99 829663 0 0 0
-1991 2465 52 43 642656 0 0 0
-1590 -978 82 65 814647 0 0 0
-1951 -1732 242 48 199889 0 0 0
-637 2432 136 96 700637 0 0 0
-1598 2235 46 218 882683 0 0 0
-111 405 158 1 625086 0 0 0
1468 2016 60 4 990495 0 0 0
2242 2255 28 200 636667 0 0 0
-2452 835 167 15 316388 0 0 0
1964 238 50 163 154938 0 0 0
-726 -2126 119 165 809598 0 0 0
-2523 1638 176 170 511522 0 0 0
915 -991 61 93 433355 0 0 0
-2128 -2760 124 83 309085 0 0 0
679 10 212 163 440200 0 0 0
1433 1094 152 59 476891 0 0 0
-2733 -1337 214 183 498250 0 0 0
2147 1639 142 32 158205 0 0 0
-445 -2234 125 215 698169 0 0 0
-2679 -59 147 52 920241 0 0 0
-1961 -229 112 71 790966 0 0 0
-235 209 111 215 950115 0 0 0
-605 -637 112 185 250774 0 0 0
1661 -2101 191 172 133524 0 0 0
2117 275 132 137 707374 0 0 0
1218 -2544 230 13 657952 0 0 0
2156 -1122 31 225 757352 0 0 0
-281 1689 121 168 190947 0 0 0
294 2094 18 13 568795 0 0 0
983 -1789 108 44 664383 0 0 0
2330 2505 160 108 919378 0 0 0
-2667 1900 215 62 455201 0 0 0
2470 -1888 144 109 203303 0 0 0
-2396 673 120 52 703151 0 0 0
-887 2139 224 82 394708 0 0 0
-1921 1324 71 67 986979 0 0 0
1076 -1424 64 138 808555 0 0 0
201 1901 6 19 231084 0 0 0
2622 1858 40 47 696245 0 0 0
807 -1006 6 190 896264 0 0 0
-341 -1346 207 171 725853 0 0 0
-2574 758 17 16 955097 0 0 0
-1336 605 243 16 231711 0 0 0
1122 1962 141 26 115660 0 0 0
-20 2553 67 115 756575 0 0 0
1970 -1512 214 139 251911 0 0 0
430 175 112 62 976839 0 0 0
-388 -1029 245 56 708629 0 0 0
28 2061 91 213 864989 0 0 0
1022 2585 249 52 421662 0 0 0
181 -1692 166 32 631050 0 0 0
-570 235 77 38 441007 0 0 0
-1923 100 166 87 614790 0 0 0
-247 -758 77 221 482727 0 0 0
-1102 -2190 150 160 260031 0 0 0
2376 1952 200 29 461285 0 0 0
1831 -2130 95 113 552545 0 0 0
-460 264 10 133 463593 0 0 0
345 2284 52 110 971848 0 0 0
-1763 1580 143 73 701482 0 0 0
-2726 826 23 37 714266 0 0 0
533 470 21 6 123047 0 0 0
2757 -1561 154 202 995201 0 0 0
641 -1417 238 10 327157 0 0 0
-1207 -2121 119 156 376991 0 0 0
2016 -1616 220 80 949696 0 0 0
-1101 -2760 187 23 536532 0 0 0
-584 -1982 165 174 266878 0 0 0
-1668 -2381 240 145 504568 0 0 0
-669 2686 48 168 650557 0 0 0
-1787 301 34 71 113519 0 0 0
-1527 587 51 79 400496 0 0 0
-599 702 118 52 884611 0 0 0
-2093 -2362 22 18 185508 0 0 0
-975 818 95 26 260367 0 0 0
-2274 184 80 204 412148 0 0 0
-730 -1555 125 114 287080 0 0 0
1958 -516 99 230 738795 0 0 0
-500 2127 134 175 788213 0 0 0
1220 2403 82 215 539391 0 0 0
970 490 63 210 268498 0 0 0
-1580 137 175 137 257883 0 0 0
509 789 130 35 469263 0 0 0
-284 1397 232 149 332564 0 0 0
2085 -1455 187 118 705855 0 0 0
-637 712 175 52 613901 0 0 0
-969 -453 40 206 977834 0 0 0
70 -1117 240 163 605002 0 0 0
614 -2666 151 116 546354 0 0 0
893 -693 45 156 308032 0 0 0
627 -2114 91 96 792774 0 0 0
-1937 1489 124 79 716663 0 0 0
-390 -1776 108 118 547861 0 0 0
530 308 248 178 968856 0 0 0
-1010 -1756 106 93 488167 0 0 0
2780 -2393 94 55 986003 0 0 0
406 1789 128 10 385292 0 0 0
-583 -1960 72 214 212778 0 0 0
1424 1572 162 83 532600 0 0 0
-119 832 233 166 304308 0 0 0
651 1668 144 34 460041 0 0 0
-2269 371 137 149 494078 0 0 0
-2292 1280 194 172 439334 0 0 0
2215 1547 49 151 149577 0 0 0
1177 2045 127 58 990451 0 0 0
-1558 -802 172 157 666014 0 0 0
69 1760 172 3 440451 0 0 0
-2756 2384 245 139 739638 0 0 0
-1277 1233 205 213 109125 0 0 0
-437 -311 124 113 390315 0 0 0
-2680 2041 187 114 970486 0 0 0
2543 -2788 238 143 367359 0 0 0
1129 -2629 117 68 871981 0 0 0
-735 2753 33 176 840622 0 0 0
-1297 1195 135 60 708881 0 0 0
1866 104 107 223 688319 0 0 0
-2103 -1750 74 141 847490 0 0 0
1982 2372 38 208 942138 0 0 0
2593 -1626 29 5 771825 0 0 0
-1427 -2534 201 78 213029 0 0 0
467 -914 36 65 719016 0 0 0
-2377 2395 14 29 934606 0 0 0
1026 -909 20 22 548788 0 0 0
-2358 -72 86 227 472655 0 0 0
827 -2232 97 47 433318 0 0 0
1477 -2356 86 71 605145 0 0 0
1022 2239 91 42 655840 0 0 0
2523 -2062 186 199 160230 0 0 0
-1323 1968 144 142 389211 0 0 0
695 212 233 73 160182 0 0 0
102 -68 136 75 725019 0 0 0
43 -1287 128 45 330451 0 0 0
-1873 -102 101 170 249358 0 0 0
-884 -1586 247 143 907353 0 0 0
2418 1330 134 18 960628 0 0 0
1901 -2747 44 52 599995 0 0 0
-2571 933 140 60 321498 0 0 0
-1460 -2617 10 20 196521 0 0 0
1331 -2045 37 67 780497 0 0 0
-348 2297 50 51 427043 0 0 0
-608 408 156 77 803208 0 0 0
752 -1083 220 155 207206 0 0 0
179 -2050 183 209 715449 0 0 0
-206 -2026 224 125 740391 0 0 0
-1649 -1143 180 103 611145 0 0 0
-823 1606 234 39 201644 0 0 0
-2320 -2149 52 193 346669 0 0 0
-1648 -1140 98 58 991708 0 0 0
434 1687 23 120 934669 0 0 0
-1944 -2027 29 166 313935 0 0 0
793 -1144 156 101 686767 0 0 0
2234 -912 20 118 955541 0 0 0
-1342 -2558 112 108 806044 0 0 0
-2352 239 71 13 369636 0 0 0
-1654 2618 168 132 117164 0 0 0
-822 442 75 8 862061 0 0 0
-195 -491 5 30 593558 0 0 0
-2674 1916 190 16 400255 0 0 0
-2054 -655 94 62 501490 0 0 0
-623 1294 16 93 143119 0 0 0
162 -1486 219 134 478334 0 0 0
1933 -2204 241 215 224481 0 0 0
2522 -410 187 65 633905 0 0 0
2611 172 17 87 442996 0 0 0
-478 112 192 17 124261 0 0 0
-1141 1504 246 189 686438 0 0 0
-1569 -1759 226 41 398411 0 0 0
651 1229 169 206 880518 0 0 0
1833 2686 34 35 428240 0 0 0
950 286 46 102 712452 0 0 0
2569 -2369 234 136 166876 0 0 0
2266 1966 34 230 765131 0 0 0
-151 -1727 42 236 433408 0 0 0
-2125 1425 71 147 676314 0 0 0
1045 133 38 213 361386 0 0 0
2265 -2575 27 131 911362 0 0 0
569 156 108 85 850379 0 0 0
2298 478 27 8 983115 0 0 0
529 -862 167 137 770074 0 0 0
-1192 -382 51 75 808984 0 0 0
-157 1771 96 109 685988 0 0 0
-2329 2287 126 113 435965 0 0 0
2241 960 167 56 893200 0 0 0
506 -228 229 30 355206 0 0 0
420 -2323 211 201 468372 0 0 0
1033 -538 208 225 359244 0 0 0
-2015 2229 31 224 722477 0 0 0
2323 -1773 50 127 236321 0 0 0
-336 -2782 109 38 868469 0 0 0
-1827 -1723 150 118 308826 0 0 0
-2209 -16 243 203 114591 0 0 0
-2688 691 118 27 120816 0 0 0
-1964 -253 208 147 544873 0 0 0
582 2061 217 211 567792 0 0 0
1982 -186 79 163 996871 0 0 0
625 1035 114 204 263242 0 0 0
-2339 896 150 200 726578 0 0 0
-1218 997 53 64 178897 0 0 0
2352 231 18 2 761794 0 0 0
388 1302 185 162 699244 0 0 0
-1175 -1333 100 178 503956 0 0 0
-1723 1969 61 101 371506 0 0 0
-885 -2571 84 154 114969 0 0 0
2081 32 154 95 477913 0 0 0
2253 -334 144 120 230121 0 0 0
-433 -487 115 19 883514 0 0 0
2479 -471 45 108 866180 0 0 0
1207 -571 69 121 756291 0 0 0
-2202 -366 85 22 654970 0 0 0
368 2285 165 101 452029 0 0 0
-83 2296 182 112 617075 0 0 0
-2276 2369 90 5 304824 0 0 0
-2157 697 241 173 759623 0 0 0
-822 696 51 32 634234 0 0 0
-1273 2476 29 199 604099 0 0 0
1116 168 82 80 926722 0 0 0
598 2588 219 168 737345 0 0 0
-1515 2632 179 233 285805 0 0 0
871 -512 128 8 208639 0 0 0
-2302 2058 113 90 171925 0 0 0
-800 1943 235 122 118613 0 0 0
-2040 -130 125 111 986632 0 0 0
560 -1278 12 151 696940 0 0 0
2701 1 149 76 509068 0 0 0
-435 -2611 87 57 353824 0 0 0
1155 -1223 82 220 982818 0 0 0
-1406 2208 37 171 848214 0 0 0
323 -1816 230 236 414905 0 0 0
-774 -123 51 103 410632 0 0 0
-1038 -333 89 202 799036 0 0 0
1816 -656 144 162 490535 0 0 0
719 632 82 180 651872 0 0 0
1210 -1654 212 157 711687 0 0 0
1518 -11 173 200 368011 0 0 0
-1983 -2054 234 187 517372 0 0 0
1018 -1857 197 191 179334 0 0 0
1688 1294 150 140 448564 0 0 0
2013 -1526 80 99 769980 0 0 0
-1603 761 86 55 559162 0 0 0
198 -609 34 120 196685 0 0 0
-1891 1431 98 56 855217 0 0 0
1161 -1150 60 226 124775 0 0 0
-1589 -184 226 1 374609 0 0 0
-144 554 30 73 418219 0 0 0
-902 213 226 18 855812 0 0 0
859 1118 75 76 314910 0 0 0
-230 408 205 88 273896 0 0 0
2237 1411 16 83 788591 0 0 0
2296 -2277 149 232 974961 0 0 0
-267 -429 131 73 931177 0 0 0
1656 1955 217 154 490559 0 0 0
1924 -1899 215 87 863807 0 0 0
-82 -2727 123 152 871354 0 0 0
-816 1012 42 131 242296 0 0 0
-1670 -2420 239 203 934625 0 0 0
212 206 117 68 234138 0 0 0
1236 -547 151 185 212732 0 0 0
747 -2721 183 201 202101 0 0 0
180 34 179 150 407061 0 0 0
-1784 2662 117 178 796268 0 0 0
351 1796 30 171 614877 0 0 0
-1933 2177 117 154 265621 0 0 0
2599 2585 184 187 408163 0 0 0
119 -2186 198 133 907421 0 0 0
971 1307 245 114 349792 0 0 0
644 2759 248 111 504079 0 0 0
1970 -106 20 19 515393 0 0 0
1300 -1960 189 154 974490 0 0 0
-1218 2720 93 82 610746 0 0 0
-2214 1801 196 50 422253 0 0 0
2646 -340 88 43 361586 0 0 0
-897 2719 178 155 156188 0 0 0
-1745 1911 101 232 929217 0 0 0
-649 2309 90 5 711956 0 0 0
1618 1056 158 30 179091 0 0 0
-2041 394 33 118 413846 0 0 0
2066 716 57 163 983542 0 0 0
2685 2519 143 198 215486 0 0 0
1320 -2438 224 131 773899 0 0 0
2199 -2609 246 170 985454 0 0 0
-1792 2148 175 92 106029 0 0 0
-1371 2 12 232 816024 0 0 0
-572 2499 16 54 645613 0 0 0
-2611 -28 170 136 431260 0 0 0
-295 -447 112 233 113657 0 0 0
-2080 905 159 16 342097 0 0 0
-698 -743 98 22 899739 0 0 0
8 878 130 236 751350 0 0 0
9 -1571 120 162 263237 0 0 0
-926 -416 143 103 755507 0 0 0
-2084 -1516 235 130 894903 0 0 0
-2107 2479 151 54 757824 0 0 0
1737 1672 225 84 912357 0 0 0
-1295 -493 187 56 279400 0 0 0
-1350 -154 2 188 210777 0 0 0
160 513 98 62 721484 0 0 0
-2483 -943 66 228 260366 0 0 0
-393 1044 246 137 826951 0 0 0
764 -2157 68 182 919357 0 0 0
442 -340 228 17 997038 0 0 0
524 -1916 94 186 911940 0 0 0
100 -2100 60 111 869617 0 0 0
1354 2338 38 156 739067 0 0 0
2049 -2646 20 56 871569 0 0 0
-1040 1709 106 186 622490 0 0 0
-2190 -1001 48 116 538203 0 0 0
1767 792 107 21 989000 0 0 0
-2105 -2771 214 155 221683 0 0 0
-970 -518 198 138 149211 0 0 0
738 895 227 89 332322 0 0 0
-2358 197 162 24 810882 0 0 0
-2598 -1790 10 187 395989 0 0 0
267 1432 223 32 854653 0 0 0
963 2230 201 20 299044 0 0 0
-2126 1903 102 163 318816 0 0 0
-540 -2588 77 116 266852 0 0 0
662 -2448 60 83 774080 0 0 0
-1243 -819 109 104 776206 0 0 0
811 369 35 217 555907 0 0 0
932 788 174 214 169198 0 0 0
551 -1617 210 40 855833 0 0 0
-263 2571 119 138 490480 0 0 0
1905 -1021 235 197 850532 0 0 0
-2009 109 51 102 730384 0 0 0
-1580 1103 14 97 577575 0 0 0
-2366 1428 48 111 252427 0 0 0
-899 -2248 61 85 814475 0 0 0
-2683 2432 94 12 468785 0 0 0
1826 -376 19 22 390295 0 0 0
-1947 51 109 35 430731 0 0 0
2469 -2608 23 91 695177 0 0 0
141 -39 229 222 775131 0 0 0
-1847 529 14 114 867952 0 0 0
2168 -2668 24 179 983166 0 0 0
-965 -260 204 51 381596 0 0 0
1941 -820 50 207 265622 0 0 0
2117 2091 33 230 632211 0 0 0
-1514 -1052 165 197 137024 0 0 0
-1767 2350 30 19 847079 0 0 0
-471 -1895 162 44 119590 0 0 0
-1718 685 206 164 560376 0 0 0
-389 -682 53 50 236532 0 0 0
233 1268 80 2 599387 0 0 0
-1546 1851 123 12 812445 0 0 0
-2593 -2553 66 135 196319 0 0 0
-2376 -100 209 17 316346 0 0 0
-2607 -1085 228 149 718097 0 0 0
-179 -214 185 133 518403 0 0 0
529 2274 9 102 560794 0 0 0
-1370 -977 202 225 409471 0 0 0
-1456 -2256 38 40 440999 0 0 0
-229 2555 245 225 477569 0 0 0
9 -2269 21 11 138867 0 0 0
-2791 -2503 246 150 101631 0 0 0
-663 2690 92 228 143155 0 0 0
-835 -2364 141 6 678838 0 0 0
-1699 1004 31 134 873606 0 0 0
-1054 245 181 84 180055 0 0 0
-1383 -2707 126 103 466151 0 0 0
-341 1551 223 64 468654 0 0 0
2152 -2143 247 78 209553 0 0 0
-2364 -322 200 49 566554 0 0 0
-1683 1576 78 113 431568 0 0 0
-436 2041 218 116 783654 0 0 0
-1291 -1004 156 184 781989 0 0 0
-2062 2517 54 213 503284 0 0 0
2141 2205 43 151 609935 0 0 0
832 -192 214 8 821995 0 0 0
1597 -939 73 86 987513 0 0 0
1001 -2045 171 113 940211 0 0 0
-1261 46 127 22 213944 0 0 0
947 1031 195 84 799569 0 0 0
-758 -1236 248 30 381016 0 0 0
-2643 -2619 67 96 191646 0 0 0
987 2743 141 33 648808 0 0 0
-2142 1455 45 210 464491 0 0 0
-349 -800 249 98 838156 0 0 0
-2336 1936 243 195 935911 0 0 0
-2401 -2647 153 5 401971 0 0 0
357 -700 170 226 907813 0 0 0
-2005 -2627 247 100 728589 0 0 0
557 -1973 168 139 561765 0 0 0
1905 -2716 155 145 262686 0 0 0
-8 1778 74 38 806107 0 0 0
2282 2335 23 20 994344 0 0 0
-1042 2040 66 142 542601 0 0 0
1893 1481 235 133 579236 0 0 0
-1670 -767 98 229 928556 0 0 0
1418 2672 29 95 184910 0 0 0
2719 1761 60 17 725345 0 0 0
-850 1543 158 67 604904 0 0 0
-1663 1228 118 200 249730 0 0 0
-1779 2787 68 209 355916 0 0 0
-763 -1595 244 131 797617 0 0 0
-1162 -45 115 205 419892 0 0 0
-1795 -1375 39 95 726502 0 0 0
-1172 1038 54 102 978709 0 0 0
-970 -1607 240 89 378659 0 0 0
234 -2315 11 203 647637 0 0 0
-1214 39 93 69 578579 0 0 0
-2585 1890 214 5 304688 0 0 0
-783 -1574 169 184 115483 0 0 0
-753 -2615 238 164 109335 0 0 0
-1653 218 234 159 859252 0 0 0
-1966 -1015 231 48 476944 0 0 0
-649 2297 29 81 609664 0 0 0
796 -828 196 15 338536 0 0 0
1834 -2476 147 129 991331 0 0 0
727 676 149 199 379429 0 0 0
2653 2388 20 159 829479 0 0 0
2684 -1029 214 184 958105 0 0 0
-807 -2705 182 161 360993 0 0 0
-1907 539 238 58 940038 0 0 0
1830 1549 153 223 719387 0 0 0
-21 2772 86 108 918624 0 0 0
1316 897 118 71 294903 0 0 0
-2047 -1434 143 164 528738 0 0 0
208 574 11 136 281774 0 0 0
539 -676 1 216 876978 0 0 0
-2794 -1041 127 227 395672 0 0 0
2730 772 200 235 550507 0 0 0
2367 1599 69 128 198880 0 0 0
1742 2157 142 54 320463 0 0 0
1023 -2372 39 81 821918 0 0 0
1821 -266 36 167 898570 0 0 0
-2001 689 53 32 246747 0 0 0
1978 601 192 231 188740 0 0 0
663 -2414 119 219 228509 0 0 0
-854 4 214 151 550919 0 0 0
-1023 548 200 42 265289 0 0 0
-2010 -1955 25 106 193402 0 0 0
594 -1506 180 75 373018 0 0 0
59 -689 68 205 899247 0 0 0
-1779 -1886 29 59 389315 0 0 0
96 -1160 193 118 687509 0 0 0
1294 -977 23 32 620254 0 0 0
1428 577 16 208 421952 0 0 0
-229 455 171 156 420615 0 0 0
-542 684 137 172 921718 0 0 0
244 -1274 131 169 372972 0 0 0
-2222 2660 49 157 901305 0 0 0
258 -1736 103 20 831316 0 0 0
1498 -532 117 228 445801 0 0 0
-1919 60 246 21 288017 0 0 0
-29 -1012 34 111 602869 0 0 0
-977 344 202 85 883836 0 0 0
-2297 -2756 225 224 764655 0 0 0
-1134 1803 74 125 211534 0 0 0
-1550 -1167 79 153 457579 0 0 0
1034 194 222 93 565941 0 0 0
-845 1794 173 216 976656 0 0 0
2143 -2515 214 230 382667 0 0 0
1172 -2115 173 40 445994 0 0 0
-2799 -2603 109 151 152449 0 0 0
-1695 -1104 145 219 586377 0 0 0
1796 1737 39 193 902995 0 0 0
-1882 -2196 158 49 848358 0 0 0
390 -2490 44 16 915948 0 0 0
1829 -2227 58 27 692656 0 0 0
-2408 2060 106 84 176456 0 0 0
-1722 -621 141 69 861665 0 0 0
1092 -2748 151 191 591288 0 0 0
2673 2287 21 117 416483 0 0 0
2569 1948 230 29 469105 0 0 0
-2231 -1445 165 202 414531 0 0 0
1738 -1162 146 38 668050 0 0 0
-1140 -1147 34 193 412492 0 0 0
-2089 1168 188 54 182576 0 0 0
-1028 2111 148 168 831789 0 0 0
635 -1950 103 78 660773 0 0 0
-2612 -1146 188 116 648868 0 0 0
-1111 626 212 198 178990 0 0 0
-232 -364 98 43 765564 0 0 0
1319 -1222 195 110 931743 0 0 0
741 2657 209 104 900007 0 0 0
1229 -21 29 40 712343 0 0 0
813 -1359 47 153 470924 0 0 0
2507 -2543 133 197 274314 0 0 0
-170 2696 238 144 881300 0 0 0
663 -2661 131 60 107667 0 0 0
-2362 -2190 90 206 736137 0 0 0
-1056 20 21 53 646749 0 0 0
-2511 -985 107 158 223384 0 0 0
-109 2682 193 93 329695 0 0 0
-2117 -1754 103 72 518422 0 0 0
1134 -1652 68 62 696749 0 0 0
-1978 -1570 196 171 554436 0 0 0
-2372 2187 157 67 841619 0 0 0
-2732 84 35 59 112907 0 0 0
582 2212 189 47 754922 0 0 0
-2089 840 56 125 224664 0 0 0
2790 -2449 136 206 582771 0 0 0
-2285 913 71 132 478285 0 0 0
375 728 230 133 420480 0 0 0
-1466 -2328 232 121 616946 0 0 0
1821 -1013 138 114 352177 0 0 0
-2309 1464 47 56 795274 0 0 0
-1758 69 3 101 697055 0 0 0
-1427 695 188 81 242532 0 0 0
25 2041 63 78 868617 0 0 0
-2470 -2254 169 150 499205 0 0 0
-1247 -2558 5 99 805436 0 0 0
315 2204 86 48 952287 0 0 0
-1727 -714 56 101 834909 0 0 0
-1359 -1166 75 170 971826 0 0 0
-1507 1869 113 109 508055 0 0 0
849 -2468 245 95 732458 0 0 0
-2083 1097 227 51 100117 0 0 0
-1955 2145 2 39 591509 0 0 0
-555 2387 230 144 830491 0 0 0
-2324 1740 217 158 381713 0 0 0
-674 998 218 86 665647 0 0 0
2389 1309 41 145 631978 0 0 0
485 -819 154 35 371504 0 0 0
1319 -1633 107 62 803425 0 0 0
2001 -2263 160 104 401920 0 0 0
-2130 1313 248 91 517938 0 0 0
-1004 1475 17 60 400614 0 0 0
2002 -2636 54 133 201248 0 0 0
-184 -1574 34 232 486155 0 0 0
823 731 35 126 466085 0 0 0
-1391 -63 140 130 568058 0 0 0
91 -1180 116 226 456170 0 0 0
2543 867 226 57 116545 0 0 0
2562 -90 173 34 467400 0 0 0
-2783 1346 87 162 523430 0 0 0
761 -1414 141 104 149150 0 0 0
1760 -2312 99 216 314309 0 0 0
1356 -145 166 177 430476 0 0 0
-1907 1982 108 33 860147 0 0 0
1076 2292 225 22 458306 0 0 0
1717 -2324 93 122 878702 0 0 0
1982 812 40 16 219885 0 0 0
2481 -2055 188 148 575232 0 0 0
472 2157 21 72 861794 0 0 0
-2599 -645 162 44 752625 0 0 0
-2162 2422 25 88 621646 0 0 0
236 1369 185 153 877309 0 0 0
1940 224 201 38 326800 0 0 0
1920 2646 53 98 159136 0 0 0
-405 655 87 117 903020 0 0 0
-797 -1943 102 80 460242 0 0 0
-2646 2045 222 142 681404 0 0 0
-657 -1087 43 57 983284 0 0 0
1463 -26 131 47 997305 0 0 0
2683 -2248 3 11 779437 0 0 0
-2124 1011 167 107 822451 0 0 0
387 -2515 165 202 909303 0 0 0
2046 2363 179 224 851396 0 0 0
-2070 1914 236 74 369641 0 0 0
-1674 1984 25 72 363019 0 0 0
293 2512 242 231 740154 0 0 0
2309 -2655 231 125 961731 0 0 0
726 -542 245 84 282505 0 0 0
-1484 1177 13 34 503041 0 0 0
-2339 1314 208 134 286906 0 0 0
-603 -1435 133 73 794964 0 0 0
1053 -426 171 8 563698 0 0 0
683 -168 42 173 409198 0 0 0
-390 -27 197 122 267897 0 0 0
-769 -1038 13 225 571700 0 0 0
114 1756 167 146 239267 0 0 0
-283 -1329 90 9 551040 0 0 0
-98 736 35 194 657159 0 0 0
-397 -1559 159 169 485903 0 0 0
-16 -1985 68 105 701689 0 0 0
-1277 1690 33 199 560046 0 0 0
2317 -355 5 180 565886 0 0 0
757 -995 103 155 605415 0 0 0
1586 -794 189 171 321455 0 0 0
-420 2775 225 71 358239 0 0 0
-110 2404 210 7 684999 0 0 0
907 -1573 161 108 264719 0 0 0
-411 -384 118 18 981949 0 0 0
1464 -1226 202 91 258304 0 0 0
2651 1090 47 44 714437 0 0 0
-1552 1246 202 176 241117 0 0 0
-1306 -1775 107 198 391262 0 0 0
-365 658 114 181 888787 0 0 0
-337 -1153 21 50 401428 0 0 0
-1009 340 45 153 121429 0 0 0
-2465 -2311 247 127 619905 0 0 0
856 1457 103 114 830382 0 0 0
324 122 227 50 690762 0 0 0
-2738 2531 214 140 874998 0 0 0
1944 1652 125 103 867326 0 0 0
-2587 2749 226 104 714895 0 0 0
2685 -2180 185 217 328934 0 0 0
-2566 -1031 96 149 514943 0 0 0
456 1253 112 171 375182 0 0 0
919 1190 35 199 854998 0 0 0
2005 -1727 68 53 608318 0 0 0
-1147 -1482 126 58 443943 0 0 0
2068 301 56 18 976473 0 0 0
242 2492 197 146 541624 0 0 0
-1579 2785 22 2 851636 0 0 0
2418 -1387 212 55 997633 0 0 0
499 -1027 207 166 844269 0 0 0
1430 -710 105 10 731847 0 0 0
-1250 1446 221 4 619133 0 0 0
-2116 -2262 197 197 151870 0 0 0
2715 76 123 155 320660 0 0 0
411 1348 34 234 323844 0 0 0
-503 -2640 97 28 289387 0 0 0
-1584 566 52 196 323422 0 0 0
-512 449 210 8 921632 0 0 0
-340 -372 76 214 785840 0 0 0
-960 2486 114 103 271083 0 0 0
-10 1581 69 141 312950 0 0 0
-2471 -2012 36 141 505118 0 0 0
-2611 1688 238 24 822045 0 0 0
-1864 1124 19 187 805352 0 0 0
-1783 -2352 117 76 593284 0 0 0
-2216 2545 189 132 718403 0 0 0
-2582 2083 218 114 271575 0 0 0
-2167 2585 97 191 515115 0 0 0
-2296 -1371 209 32 682825 0 0 0
1523 -1270 43 19 624147 0 0 0
1886 -1341 57 94 498991 0 0 0
-441 -1555 179 84 621216 0 0 0
935 1210 121 54 791859 0 0 0
-1835 2506 189 96 966813 0 0 0
862 360 93 25 310071 0 0 0
55 -2687 134 205 956833 0 0 0
-2459 1067 53 7 767776 0 0 0
684 2712 69 233 704445 0 0 0
595 -245 99 210 787169 0 0 0
-2654 1880 195 214 582728 0 0 0
-2255 2023 103 45 436450 0 0 0
221 313 121 13 358489 0 0 0
2741 -1432 163 37 193753 0 0 0
2507 -174 150 15 179784 0 0 0
929 2482 3 232 651554 0 0 0
344 -1749 36 130 868823 0 0 0
-1539 -1869 153 17 559188 0 0 0
-2071 1258 47 129 926606 0 0 0
-2136 2678 30 214 850189 0 0 0
506 -271 211 63 802317 0 0 0
-1525 -1080 125 154 685311 0 0 0
281 632 144 190 558239 0 0 0
-601 -2350 122 90 460998 0 0 0
2236 730 187 176 457897 0 0 0
-2021 -1862 180 89 190606 0 0 0
1493 -396 237 147 272663 0 0 0
-1922 -983 242 203 830685 0 0 0
-638 -486 179 214 463116 0 0 0
-1285 2266 10 202 852389 0 0 0
-1843 -62 46 177 424424 0 0 0
2377 512 12 50 608028 0 0 0
1588 1568 248 63 866943 0 0 0
2333 1328 18 132 888159 0 0 0
202 -1195 172 41 955830 0 0 0
2099 2285 240 143 896544 0 0 0
2066 -571 159 218 167313 0 0 0
-588 2332 123 191 421049 0 0 0
2778 -2037 246 136 961219 0 0 0
308 1928 235 202 759103 0 0 0
-1721 -722 8 84 542229 0 0 0
1482 -679 148 181 268664 0 0 0
-2607 2693 75 151 523445 0 0 0
724 2713 96 95 644083 0 0 0
-1196 2358 123 143 225037 0 0 0
1399 671 105 89 240731 0 0 0
111 -95 34 52 782358 0 0 0
2635 553 203 69 653970 0 0 0
2128 2542 169 50 808286 0 0 0
-1790 -1757 171 79 523167 0 0 0
-445 1550 105 97 218502 0 0 0
2147 1087 61 67 702850 0 0 0
-1158 -2056 58 175 986277 0 0 0
1307 2795 170 121 996925 0 0 0
-2656 -2750 137 227 741981 0 0 0
1728 -2368 34 110 350253 0 0 0
-1734 -1211 151 55 422389 0 0 0
2089 -2484 196 119 488672 0 0 0
-819 -850 241 84 269456 0 0 0
1788 -566 129 133 886156 0 0 0
-631 2131 75 183 745503 0 0 0
1997 -2058 206 111 112282 0 0 0
-354 2247 164 146 280795 0 0 0
-2383 51 55 120 227692 0 0 0
-1675 -2505 74 146 421325 0 0 0
2474 853 164 188 403194 0 0 0
2453 -783 24 135 577831 0 0 0
669 -23 34 120 632862 0 0 0
2133 726 183 235 204496 0 0 0
1225 372 137 147 622119 0 0 0
1162 717 152 161 439739 0 0 0
-426 2433 229 46 712250 0 0 0
-966 1957 227 236 509839 0 0 0
2783 2797 192 79 399627 0 0 0
-495 -2404 185 188 198180 0 0 0
2624 -1424 178 162 672750 0 0 0
2255 -1917 98 26 596511 0 0 0
1061 -1625 62 160 785510 0 0 0
1371 1840 178 25 546649 0 0 0
2339 -378 136 28 107845 0 0 0
-1774 548 188 189 497789 0 0 0
2023 2743 72 88 354011 0 0 0
71 -365 167 134 403745 0 0 0
613 1481 176 121 627958 0 0 0
-158 1157 133 210 474933 0 0 0
-2237 -1770 239 83 677245 0 0 0
-1503 -77 169 154 503797 0 0 0
841 -1280 234 219 462234 0 0 0
906 -1086 126 229 172023 0 0 0
1302 -2547 17 23 700956 0 0 0
-1725 -2168 52 235 184346 0 0 0
1082 -2488 187 164 505387 0 0 0
972 -1791 214 143 380227 0 0 0
276 1877 22 81 198929 0 0 0
-126 1384 164 229 206715 0 0 0
-2718 -2319 118 125 130299 0 0 0
1630 -1009 155 196 129556 0 0 0
-252 -498 244 233 945076 0 0 0
-78 -1907 101 97 560640 0 0 0
-2223 1474 70 117 283665 0 0 0
2031 1298 152 121 838923 0 0 0
-2800 -1302 18 102 456587 0 0 0
-2283 -2087 191 226 319027 0 0 0
795 256 63 33 746985 0 0 0
-2666 -1987 117 200 376786 0 0 0
2037 -2485 248 216 591776 0 0 0
2557 -862 1 20 904071 0 0 0
89 -940 134 144 804776 0 0 0
315 465 180 132 158565 0 0 0
1455 2752 65 114 219320 0 0 0
1783 268 80 95 180828 0 0 0
-1365 2224 44 119 635833 0 0 0
-518 889 141 119 454814 0 0 0
-2240 1219 207 31 192408 0 0 0
334 1541 93 210 852002 0 0 0
761 -2037 175 225 915191 0 0 0
192 1820 159 68 901314 0 0 0
677 1246 85 178 817738 0 0 0
-2478 -2331 55 17 731123 0 0 0
-1813 2034 96 190 408955 0 0 0
1969 1470 99 46 208898 0 0 0
2140 -101 110 8 107226 0 0 0
2771 1393 186 26 574799 0 0 0
2375 2006 166 208 213145 0 0 0
292 2498 150 236 253770 0 0 0
-2258 -1636 53 109 455701 0 0 0
-2420 -2761 57 154 628558 0 0 0
2498 1048 53 107 891070 0 0 0
-311 -2333 25 75 742382 0 0 0
-1485 2212 231 77 354506 0 0 0
1071 -1008 50 179 360672 0 0 0
193 910 234 2 508977 0 0 0
2361 467 247 94 980704 0 0 0
2774 1312 224 9 411002 0 0 0
2415 1515 131 182 825696 0 0 0
-2710 -797 178 109 579122 0 0 0
692 1901 95 203 971686 0 0 0
-2520 -1097 130 140 945626 0 0 0
-474 814 68 149 617589 0 0 0
-102 -314 226 61 371528 0 0 0
-2017 2230 10 177 633626 0 0 0
-406 -1348 108 190 910629 0 0 0
-921 1353 153 230 380129 0 0 0
1464 675 145 45 855897 0 0 0
-2263 -2474 48 141 552178 0 0 0
1164 2658 171 159 667296 0 0 0
-2555 -1409 172 65 171922 0 0 0
617 161 237 147 588876 0 0 0
1781 -1820 170 18 306672 0 0 0
2767 -2699 162 96 337234 0 0 0
-2155 18 206 159 934429 0 0 0
2750 302 170 22 526969 0 0 0
-1604 741 75 86 620817 0 0 0
-1532 1423 183 128 254894 0 0 0
-1181 1060 49 23 214499 0 0 0
554 -71 16 62 712945 0 0 0
1757 -2706 194 139 779859 0 0 0
1208 -509 76 23 521683 0 0 0
-1253 -914 39 120 728245 0 0 0
295 704 4 23 476481 0 0 0
2336 562 17 218 949699 0 0 0
907 1908 92 154 630038 0 0 0
891 546 110 233 366952 0 0 0
1920 120 110 107 114152 0 0 0
1030 -900 20 214 908415 0 0 0
439 1068 52 55 869834 0 0 0
594 2623 187 99 679185 0 0 0
-2072 -1219 189 40 197971 0 0 0
-2725 2758 16 64 983112 0 0 0
1112 -1180 37 163 947850 0 0 0
2420 1510 137 140 810483 0 0 0
836 1096 113 174 920705 0 0 0
-133 -1542 218 51 669915 0 0 0
-1224 2028 199 27 637167 0 0 0
2630 471 67 66 578106 0 0 0
-919 -216 138 196 288655 0 0 0
-1246 -3 164 84 689326 0 0 0
2561 187 196 65 288924 0 0 0
-1994 2519 236 163 190415 0 0 0
883 1054 184 235 426945 0 0 0
2511 2550 244 26 529130 0 0 0
-1691 2149 24 3 753585 0 0 0
814 2105 169 34 649791 0 0 0
2670 -1717 150 172 210038 0 0 0
1821 280 44 201 490950 0 0 0
-1580 1605 122 158 925723 0 0 0
1657 2284 221 199 927527 0 0 0
1340 1248 12 100 319436 0 0 0
1912 979 156 220 116194 0 0 0
2520 -709 237 81 329822 0 0 0
1724 -2258 224 46 306686 0 0 0
-2316 -2015 190 200 736494 0 0 0
1688 -1947 64 157 746368 0 0 0
-2615 -146 10 109 521762 0 0 0
-1297 135 60 67 351849 0 0 0
1210 1347 56 156 554888 0 0 0
923 -1760 247 134 544569 0 0 0
60 1043 221 1 406593 0 0 0
-1240 -1825 117 79 994484 0 0 0
-2714 -944 63 87 149534 0 0 0
1910 1207 186 56 510402 0 0 0
1430 -384 199 157 931758 0 0 0
565 134 8 49 634760 0 0 0
-1101 500 44 149 648344 0 0 0
-1417 -2642 127 74 874137 0 0 0
2648 2746 245 178 492837 0 0 0
2669 2717 22 4 375841 0 0 0
2546 2514 140 47 848216 0 0 0
-1530 -1329 176 6 448728 0 0 0
2649 -77 244 75 626453 0 0 0
1935 1398 70 105 258300 0 0 0
-2733 -1047 78 94 156868 0 0 0
242 2289 76 203 602283 0 0 0
-683 -2088 149 106 681646 0 0 0
-2236 -1714 144 188 563961 0 0 0
-2036 2437 90 123 386117 0 0 0
-1516 -1223 114 164 417571 0 0 0
2668 523 64 108 667230 0 0 0
388 2113 24 151 263091 0 0 0
1643 391 43 183 630810 0 0 0
-1016 -1217 201 97 858987 0 0 0
1175 -1631 123 133 932974 0 0 0
688 1915 181 86 380992 0 0 0
1186 480 197 170 398524 0 0 0
468 -67 76 149 308821 0 0 0
1358 -1356 101 110 991572 0 0 0
684 178 142 50 342052 0 0 0
-323 667 202 22 684513 0 0 0
-1399 -2375 186 199 522414 0 0 0
883 2684 245 114 726561 0 0 0
-501 -1461 204 223 871670 0 0 0
858 416 97 123 511582 0 0 0
-1172 -675 33 143 877222 0 0 0
28 2359 201 225 665080 0 0 0
633 726 7 200 350800 0 0 0
-1361 1967 88 71 811106 0 0 0
-1949 -1179 182 31 781190 0 0 0
-2796 2082 51 115 465130 0 0 0
1844 -2191 67 65 931656 0 0 0
-1583 -2593 236 18 233149 0 0 0
-2184 -1201 150 211 712342 0 0 0
1030 2797 24 85 192526 0 0 0
-1304 667 249 104 192914 0 0 0
2336 -2287 194 150 853008 0 0 0
-935 405 205 54 544385 0 0 0
-1756 1891 179 140 841408 0 0 0
-2120 -1773 52 82 464549 0 0 0
-2666 -2539 242 84 685177 0 0 0
-288 -639 45 207 202646 0 0 0
-921 111 208 214 892225 0 0 0
1643 493 161 56 411816 0 0 0
-1549 -1492 169 144 364783 0 0 0
-825 2098 221 144 504168 0 0 0
-2782 1112 138 48 772528 0 0 0
2630 1604 242 95 489732 0 0 0
-2691 2497 107 70 150775 0 0 0
2540 -2189 163 118 663240 0 0 0
-2394 1299 226 89 502957 0 0 0
2439 619 135 212 881105 0 0 0
2064 -778 110 166 101899 0 0 0
1152 -249 191 107 910605 0 0 0
-1754 -38 197 75 104212 0 0 0
466 -2427 167 156 478613 0 0 0
605 -844 222 155 168497 0 0 0
-1658 1373 246 139 549605 0 0 0
-1080 -1296 38 230 868831 0 0 0
-1060 1744 246 3 911679 0 0 0
-103 2175 247 51 925350 0 0 0
1120 -150 111 32 653656 0 0 0
594 1743 211 33 781395 0 0 0
813 1965 41 172 445497 0 0 0
-1542 974 101 133 459429 0 0 0
-71 2795 56 43 579446 0 0 0
-943 345 91 218 763509 0 0 0
-702 -2489 227 60 464739 0 0 0
-2285 2568 204 39 237652 0 0 0
-315 911 164 199 960011 0 0 0
1554 -1683 97 133 930959 0 0 0
1588 -619 197 110 130354 0 0 0
1811 -1074 102 58 196396 0 0 0
714 2507 15 222 867198 0 0 0
-1696 -2522 107 152 320111 0 0 0
-2354 -448 90 82 995286 0 0 0
-73 -927 41 209 307969 0 0 0
-1290 -1594 131 109 762041 0 0 0
-76 -1145 13 214 639753 0 0 0
2647 -1312 16 93 820767 0 0 0
2071 2079 145 134 222003 0 0 0
409 -359 121 45 256026 0 0 0
2645 1723 218 98 293611 0 0 0
-367 -252 234 137 821726 0 0 0
1305 226 202 11 829485 0 0 0
-934 395 247 170 379437 0 0 0
164 -757 97 234 665959 0 0 0
1277 -406 181 155 214359 0 0 0
761 -367 119 6 259749 0 0 0
-1075 -580 96 148 700383 0 0 0
275 70 23 210 989687 0 0 0
1833 2644 44 33 999305 0 0 0
-2022 -423 191 116 487639 0 0 0
-2779 2569 225 10 253251 0 0 0
77 -2659 118 206 338366 0 0 0
360 -428 237 60 645062 0 0 0
-1325 -2252 155 128 617660 0 0 0
160 315 15 183 553109 0 0 0
468 851 140 46 745874 0 0 0
-569 802 43 119 736890 0 0 0
1221 720 230 10 578473 0 0 0
-361 1337 152 141 966155 0 0 0
169 2370 113 185 703805 0 0 0
2657 2697 98 153 503469 0 0 0
2231 2081 248 46 830914 0 0 0
-2354 -2106 222 54 911475 0 0 0
-2058 -51 11 180 419700 0 0 0
-1059 -1099 120 46 583345 0 0 0
2608 -766 33 192 966948 0 0 0
1287 -2485 238 58 757635 0 0 0
708 2357 140 76 543774 0 0 0
540 540 166 71 503624 0 0 0
613 2351 147 159 745035 0 0 0
2731 2346 15 48 659984 0 0 0
2654 -291 132 139 607297 0 0 0
2047 597 84 116 738710 0 0 0
-1083 735 142 141 516346 0 0 0
-1298 -178 15 119 907948 0 0 0
-1362 -1724 78 80 855629 0 0 0
-2711 -339 99 213 254384 0 0 0
-2297 2769 199 72 616186 0 0 0
-2080 -2359 165 119 849420 0 0 0
2680 1727 196 112 974085 0 0 0
126 59 28 138 696503 0 0 0
-2283 2267 79 164 938798 0 0 0
-199 -2439 77 24 132954 0 0 0
108 -147 223 177 981566 0 0 0
1318 -1026 117 14 811920 0 0 0
553 -2625 204 200 632443 0 0 0
540 -2343 183 142 704746 0 0 0
-673 -2146 107 118 843646 0 0 0
-248 -1877 245 125 746419 0 0 0
881 1601 96 218 124161 0 0 0
2186 -631 1 215 273440 0 0 0
130 1742 180 64 506573 0 0 0
-1911 -2286 97 78 199921 0 0 0
-566 2358 164 216 868964 0 0 0
-1110 2678 143 179 489770 0 0 0
2794 2791 226 4 351511 0 0 0
325 -1512 63 150 126473 0 0 0
-590 -1760 71 54 348509 0 0 0
-2211 -2263 204 142 579960 0 0 0
2134 -2704 30 158 705393 0 0 0
-1481 -1126 121 232 202883 0 0 0
1462 191 11 112 604570 0 0 0
807 -413 57 85 761333 0 0 0
2517 2043 144 81 960794 0 0 0
1927 492 217 136 937569 0 0 0
-2328 915 110 197 475975 0 0 0
-452 -2574 218 113 815099 0 0 0
1681 -559 60 87 590507 0 0 0
1047 1933 134 208 485124 0 0 0
2750 -2800 247 149 467227 0 0 0
1939 -604 154 151 262517 0 0 0
-593 -768 170 3 874873 0 0 0
-1453 2478 189 23 445440 0 0 0
316 840 167 213 890565 0 0 0
1242 926 115 98 587674 0 0 0
-883 1150 67 200 478966 0 0 0
-2424 -2105 209 180 612333 0 0 0
356 -2074 83 202 200913 0 0 0
-1930 -659 24 52 844637 0 0 0
2477 874 17 218 120000 0 0 0
647 -2014 37 231 671062 0 0 0
-401 2009 190 95 306202 0 0 0
1019 -4 133 111 917609 0 0 0
-204 1346 167 107 186915 0 0 0
883 826 35 224 379146 0 0 0
-994 -366 93 33 715607 0 0 0
863 -2306 238 166 512600 0 0 0
385 2180 192 98 339445 0 0 0
-926 2329 160 185 982857 0 0 0
-447 -2511 232 187 896280 0 0 0
979 -1006 96 93 942760 0 0 0
-902 -45 53 22 995060 0 0 0
-1368 1671 99 70 637169 0 0 0
-1637 -2565 81 60 841280 0 0 0
-2651 1531 231 136 415643 0 0 0
1720 -1114 179 83 307771 0 0 0
-1258 -2380 127 230 739600 0 0 0
141 -2754 222 4 363736 0 0 0
-137 2686 218 148 878621 0 0 0
-177 -1793 66 45 296068 0 0 0
-2790 -1038 95 103 741448 0 0 0
585 -33 125 90 791965 0 0 0
1083 -1136 249 190 634080 0 0 0
734 1563 26 210 993253 0 0 0
543 1039 177 63 831001 0 0 0
1736 1821 40 160 238884 0 0 0
-664 988 202 201 512111 0 0 0
1725 -456 62 139 260894 0 0 0
1259 1245 222 55 400160 0 0 0
-1342 -1053 134 133 360432 0 0 0
-1737 2108 23 126 624043 0 0 0
-2493 588 245 113 154272 0 0 0
1565 1180 101 181 806564 0 0 0
1172 1166 154 17 805870 0 0 0
1375 -1146 14 144 637841 0 0 0
-1348 1041 57 173 182850 0 0 0
-111 1808 246 140 156376 0 0 0
2352 1258 45 84 753123 0 0 0
1631 -1130 24 13 728682 0 0 0
921 -2482 7 33 948335 0 0 0
-1893 2335 182 77 140091 0 0 0
1712 2617 241 141 436008 0 0 0
-1680 -362 74 20 920329 0 0 0
-2793 -1251 118 140 585294 0 0 0
1527 1284 104 84 430139 0 0 0
748 -326 84 70 563657 0 0 0
-2113 -1441 155 131 819840 0 0 0
1339 -2570 120 34 978408 0 0 0
-525 1142 222 107 361550 0 0 0
1563 887 68 219 883896 0 0 0
2407 -1607 168 216 904015 0 0 0
2029 -367 78 29 641014 0 0 0
-2373 1907 185 124 584284 0 0 0
-422 2243 139 131 514437 0 0 0
-2179 -532 236 210 563715 0 0 0
-1765 -1628 208 162 960892 0 0 0
701 -1690 136 137 686583 0 0 0
1967 -1907 141 53 616923 0 0 0
171 1270 209 44 479414 0 0 0
547 -489 33 145 910318 0 0 0
-2428 -2653 201 193 660698 0 0 0
-1000 -1181 125 224 575134 0 0 0
-1809 1449 106 214 975386 0 0 0
137 1876 73 106 344248 0 0 0
-2536 -677 16 130 439315 0 0 0
2158 1987 243 104 431490 0 0 0
-919 387 249 217 702628 0 0 0
666 1378 215 224 822235 0 0 0
130 -98 97 176 470555 0 0 0
-2760 -2594 21 151 842544 0 0 0
2499 803 72 12 915917 0 0 0
1938 1581 140 182 797766 0 0 0
-2608 -719 85 19 930941 0 0 0
1761 -2103 106 89 437678 0 0 0
-1306 -1698 81 160 468281 0 0 0
-1812 -74 23 216 790381 0 0 0
26 690 220 104 585576 0 0 0
-1143 1907 238 34 361441 0 0 0
-1757 308 192 118 812745 0 0 0
-218 -506 239 33 650332 0 0 0
1063 -184 235 140 746482 0 0 0
1788 234 73 126 659114 0 0 0
103 2048 141 145 513389 0 0 0
-535 952 142 49 928641 0 0 0
-2066 -539 153 109 145857 0 0 0
-1226 2701 36 191 812215 0 0 0
-1632 -2626 65 149 802733 0 0 0
-2330 -614 234 203 979659 0 0 0
2319 -205 9 116 791459 0 0 0
-2627 1630 110 35 789745 0 0 0
1024 -1270 46 99 457409 0 0 0
-713 1969 208 27 780147 0 0 0
-2721 -1443 200 223 862994 0 0 0
311 226 100 214 792727 0 0 0
1691 -1431 136 72 160640 0 0 0
-2140 1674 20 163 109004 0 0 0
-335 -974 213 107 232832 0 0 0
-1543 1227 176 26 962331 0 0 0
-1097 2138 72 35 508018 0 0 0
-2037 1557 89 17 171120 0 0 0
-39 2777 108 92 156238 0 0 0
-2156 1511 204 188 526126 0 0 0
1103 -1390 86 152 879178 0 0 0
386 115 2 151 940736 0 0 0
403 -120 247 168 109287 0 0 0
-1310 -16 100 115 909091 0 0 0
302 1108 137 101 274450 0 0 0
1570 1964 224 161 753729 0 0 0
