3000
2913 -1632 9 49 628964 0 0 0
1034 -370 171 228 233059 0 0 0
2431 1843 45 72 406212 0 0 0
-2296 -812 227 231 393335 0 0 0
791 591 157 172 587454 0 0 0
-430 654 250 45 758941 0 0 0
-229 2177 44 143 453011 0 0 0
-1145 1301 160 20 699806 0 0 0
-1048 1540 186 106 262714 0 0 0
978 739 126 121 758118 0 0 0
1045 238 93 17 108470 0 0 0
2257 -1964 136 111 214107 0 0 0
-209 834 229 114 601054 0 0 0
-2775 -1135 31 213 308839 0 0 0
-2154 -1 104 171 927628 0 0 0
-2915 2337 136 236 190249 0 0 0
-1215 2925 193 175 641381 0 0 0
-1918 -142 59 61 598694 0 0 0
1771 -2022 221 231 674441 0 0 0
-1901 -2621 232 183 758772 0 0 0
1337 -1656 7 198 173635 0 0 0
1509 1228 88 229 144239 0 0 0
2940 188 225 248 145286 0 0 0
-1575 -1121 90 216 277335 0 0 0
-1246 2347 254 151 879369 0 0 0
-2797 -2410 66 59 843105 0 0 0
-2489 184 81 71 663947 0 0 0
973 -740 53 168 466273 0 0 0
-695 -216 255 14 448957 0 0 0
20 -1972 249 218 676530 0 0 0
1469 -2499 16 101 293076 0 0 0
928 -548 183 184 204731 0 0 0
1572 1337 215 165 698682 0 0 0
748 -106 128 122 542780 0 0 0
1245 1499 214 66 816185 0 0 0
-2065 1259 111 145 842383 0 0 0
-1801 2137 70 119 506838 0 0 0
155 -2507 126 37 873463 0 0 0
-12 1665 112 42 867582 0 0 0
-1640 430 127 77 532147 0 0 0
-1083 -1622 141 70 919595 0 0 0
-605 -818 241 128 349809 0 0 0
1241 1061 110 105 878560 0 0 0
2624 -26 104 168 735761 0 0 0
2434 1719 27 130 951869 0 0 0
-743 516 30 223 960877 0 0 0
-2787 1281 141 79 387355 0 0 0
1712 -810 90 122 763909 0 0 0
1682 -670 241 210 334025 0 0 0
-17 -100 238 37 131576 0 0 0
679 -142 164 192 332768 0 0 0
-2831 410 231 241 342817 0 0 0
2635 -1952 191 14 527316 0 0 0
-1475 979 220 139 265523 0 0 0
-1399 -1459 25 157 606954 0 0 0
2917 -1947 99 119 693453 0 0 0
-807 -1582 246 128 774450 0 0 0
-1503 1893 238 202 902306 0 0 0
2283 479 112 250 322486 0 0 0
-434 -470 25 246 805751 0 0 0
-505 869 141 189 851947 0 0 0
428 -2559 38 230 411869 0 0 0
332 1483 167 237 642786 0 0 0
2934 -2043 115 37 720487 0 0 0
-231 -2221 191 116 459672 0 0 0
-1493 -828 148 53 278499 0 0 0
2066 895 249 112 566333 0 0 0
-1686 -2294 201 215 728144 0 0 0
1879 2641 69 10 604729 0 0 0
-2770 -431 59 93 408163 0 0 0
-1513 317 89 220 351016 0 0 0
-967 1483 100 99 925667 0 0 0
-2074 390 88 90 925805 0 0 0
-616 -224 42 198 529864 0 0 0
2676 -2182 240 165 726298 0 0 0
2834 -2345 27 170 679623 0 0 0
-1098 -1432 145 45 982379 0 0 0
2457 2681 75 142 331968 0 0 0
-560 2284 160 117 357756 0 0 0
195 2039 59 168 601671 0 0 0
-323 -837 113 141 372626 0 0 0
486 121 139 148 368286 0 0 0
820 -675 257 78 353511 0 0 0
-1023 -112 234 199 773609 0 0 0
-720 1438 187 8 998035 0 0 0
-1302 -2508 85 128 565365 0 0 0
-998 -1628 41 50 787277 0 0 0
-2799 866 187 24 355667 0 0 0
1194 431 90 126 512277 0 0 0
-1738 -1052 265 240 364528 0 0 0
-1087 10 93 61 529945 0 0 0
1150 2007 1 192 583534 0 0 0
-2857 -202 8 127 800609 0 0 0
-2460 2052 181 136 403855 0 0 0
2459 1273 25 42 734444 0 0 0
2426 2814 170 82 714826 0 0 0
-1136 917 242 127 637248 0 0 0
2767 -2033 260 187 743787 0 0 0
1045 -2990 262 22 759723 0 0 0
2424 -1639 148 229 712742 0 0 0
-1776 -1070 15 202 494250 0 0 0
-2615 -1306 184 61 163265 0 0 0
394 -2115 209 72 460816 0 0 0
-1872 -1994 239 14 386558 0 0 0
-1023 1517 58 163 794935 0 0 0
-1845 -852 83 99 970211 0 0 0
-717 550 14 199 816844 0 0 0
1923 -2422 187 211 686162 0 0 0
-712 1055 87 192 434404 0 0 0
-505 2094 130 111 623848 0 0 0
1459 -1652 192 84 796595 0 0 0
661 -828 172 189 825938 0 0 0
13 -1881 147 137 892023 0 0 0
-1242 -975 124 161 608653 0 0 0
537 -98 222 113 752576 0 0 0
-242 -697 197 195 464571 0 0 0
-1111 -1966 74 194 869401 0 0 0
-1290 2483 119 76 758447 0 0 0
-1872 1526 190 7 628235 0 0 0
-1135 -1712 92 74 349488 0 0 0
2627 -1766 177 49 921237 0 0 0
-2223 2172 12 135 718444 0 0 0
2805 -1460 161 119 710489 0 0 0
-1533 -2213 51 25 767221 0 0 0
1031 1455 88 150 290501 0 0 0
-2478 -1750 191 218 373483 0 0 0
152 2394 132 162 364578 0 0 0
503 -1334 106 178 239377 0 0 0
1136 -1014 160 83 604890 0 0 0
-1101 -11 233 61 855375 0 0 0
1151 1876 148 204 348015 0 0 0
-2217 772 85 241 501562 0 0 0
1383 1610 60 148 109487 0 0 0
331 -1717 34 199 973189 0 0 0
-1985 -905 120 251 170297 0 0 0
1286 -355 57 7 925866 0 0 0
1028 879 107 41 880128 0 0 0
1237 -1808 85 49 713032 0 0 0
-1002 1235 56 103 787497 0 0 0
2024 1852 192 149 381366 0 0 0
120 -2303 228 183 317020 0 0 0
-2162 5 120 62 496926 0 0 0
-853 2120 153 83 547542 0 0 0
2368 -629 227 11 829658 0 0 0
-1037 195 242 73 280474 0 0 0
686 -1799 236 238 601908 0 0 0
991 1350 264 222 970346 0 0 0
-1737 -1977 95 119 866034 0 0 0
1936 244 58 103 458848 0 0 0
-2078 595 261 152 251306 0 0 0
2705 -1258 162 247 913850 0 0 0
-2227 -1370 13 22 629178 0 0 0
2457 -2857 173 21 656703 0 0 0
-179 -2664 263 193 730881 0 0 0
-1748 1884 211 57 857801 0 0 0
1933 -336 8 59 737037 0 0 0
2017 2037 181 219 237293 0 0 0
971 -125 110 219 263781 0 0 0
2342 -228 235 184 500576 0 0 0
950 2384 125 213 354665 0 0 0
-1833 2189 181 86 984950 0 0 0
-96 882 21 151 813987 0 0 0
-1719 -1863 14 240 333641 0 0 0
-2456 -2782 265 121 270768 0 0 0
-1873 319 188 63 508672 0 0 0
817 2394 79 244 613642 0 0 0
-1381 2430 33 142 521799 0 0 0
-961 662 150 24 307390 0 0 0
-2556 -2200 8 154 965521 0 0 0
2613 619 34 29 738234 0 0 0
1408 4 168 159 226861 0 0 0
1365 152 252 210 952484 0 0 0
2016 -2682 199 173 489212 0 0 0
-2015 -478 95 217 533476 0 0 0
-2672 -2637 145 149 195292 0 0 0
-2538 2318 126 122 972584 0 0 0
-663 -1905 152 185 423477 0 0 0
-2332 2524 56 215 866835 0 0 0
-350 -882 258 212 195756 0 0 0
39 1667 109 181 102647 0 0 0
1708 -1589 221 8 804524 0 0 0
-2296 -1630 164 171 509114 0 0 0
1320 -1909 10 60 100444 0 0 0
2950 2781 125 166 842010 0 0 0
-2376 -311 91 22 822373 0 0 0
2930 -2775 166 222 952799 0 0 0
-1186 799 2 120 328403 0 0 0
-1916 -1555 8 96 300109 0 0 0
-1554 -2574 260 63 138635 0 0 0
-2601 536 39 206 967994 0 0 0
-716 -28 71 145 553413 0 0 0
-150 375 232 213 421865 0 0 0
-1384 2557 246 18 999778 0 0 0
-2352 -2506 18 127 270757 0 0 0
-1097 2006 152 83 831875 0 0 0
604 33 178 248 820136 0 0 0
711 -2967 174 50 815784 0 0 0
-2923 1491 59 86 585811 0 0 0
1881 1346 190 73 511937 0 0 0
1528 606 191 121 878438 0 0 0
-28 2842 210 153 382363 0 0 0
-975 2690 6 69 764121 0 0 0
539 -1483 73 47 636156 0 0 0
272 -2736 92 66 983083 0 0 0
-2837 -1091 92 17 994254 0 0 0
-405 -1572 162 84 867615 0 0 0
-2050 -2653 249 155 610008 0 0 0
-816 1496 42 137 111906 0 0 0
-2056 -1136 149 209 947750 0 0 0
2188 -943 190 249 333868 0 0 0
840 -640 49 82 425873 0 0 0
-15 -1197 205 73 585061 0 0 0
2084 -257 126 91 836332 0 0 0
929 -2109 59 220 218334 0 0 0
2127 247 12 50 479807 0 0 0
-2484 -116 124 114 588535 0 0 0
2671 -1409 179 149 820929 0 0 0
348 2583 263 169 179210 0 0 0
413 617 22 111 466421 0 0 0
-2599 310 192 177 283777 0 0 0
1240 2055 193 225 164230 0 0 0
2126 2523 70 195 110769 0 0 0
-1928 2757 212 107 912502 0 0 0
-2663 1221 157 250 936362 0 0 0
526 -2054 201 122 756093 0 0 0
2651 915 234 209 787832 0 0 0
2649 -1416 166 79 289477 0 0 0
2935 1519 142 82 691509 0 0 0
-2888 2103 206 141 985496 0 0 0
-1784 321 132 167 250534 0 0 0
747 -1872 9 159 552796 0 0 0
-1237 1450 187 81 397404 0 0 0
102 2720 68 39 167427 0 0 0
2026 -1522 213 194 700626 0 0 0
-1782 -1544 159 213 773348 0 0 0
2285 -2181 50 215 884471 0 0 0
-1695 -1899 257 5 994011 0 0 0
1303 -2174 222 68 279746 0 0 0
679 1361 188 94 905881 0 0 0
-1477 679 61 21 643786 0 0 0
2562 -314 8 193 268965 0 0 0
1723 -2126 69 148 292721 0 0 0
-2437 -386 135 90 633641 0 0 0
286 2388 188 175 314240 0 0 0
2195 231 218 4 414612 0 0 0
-2819 -1466 245 90 609732 0 0 0
-743 2377 39 60 512399 0 0 0
-2514 -1774 38 81 840054 0 0 0
-1171 2454 204 201 823739 0 0 0
-883 2767 15 149 685128 0 0 0
-1835 1647 241 85 712336 0 0 0
-1917 -1649 134 8 185287 0 0 0
94 2658 170 178 982958 0 0 0
-438 2481 137 239 501824 0 0 0
792 -2533 164 60 131543 0 0 0
-320 -2200 238 141 491665 0 0 0
1937 -2780 8 59 264562 0 0 0
-1221 -768 141 63 217861 0 0 0
-1162 2419 66 172 729470 0 0 0
-1648 229 104 145 232044 0 0 0
2474 1203 200 166 208112 0 0 0
-2510 382 170 35 768239 0 0 0
1124 264 167 49 299007 0 0 0
-1256 995 155 14 235809 0 0 0
2503 -632 50 27 178297 0 0 0
-460 723 169 97 770113 0 0 0
2989 -1575 208 133 148316 0 0 0
-1490 -1669 39 12 386106 0 0 0
513 -1971 49 251 588794 0 0 0
-2524 -11 201 212 623562 0 0 0
2646 2426 109 213 551836 0 0 0
231 2940 74 249 669920 0 0 0
2876 -5 34 95 874610 0 0 0
2434 1660 190 204 802359 0 0 0
-1053 2618 219 103 441835 0 0 0
-2183 -1936 195 119 838755 0 0 0
-1327 -2396 15 174 316565 0 0 0
-1591 -1346 251 131 689254 0 0 0
1341 462 125 22 607197 0 0 0
2520 1866 46 159 623635 0 0 0
-1644 -2849 155 207 820203 0 0 0
-349 -2936 6 131 655076 0 0 0
2823 1026 187 81 933185 0 0 0
-970 285 141 80 562761 0 0 0
1180 -2711 93 226 239196 0 0 0
-1934 1011 254 235 536312 0 0 0
2722 -289 169 132 194664 0 0 0
839 -2197 17 102 425663 0 0 0
-1937 -2664 178 91 428363 0 0 0
-466 1700 159 21 545735 0 0 0
-902 2151 76 11 517632 0 0 0
-1399 -2635 194 101 469281 0 0 0
-2161 -935 116 103 826432 0 0 0
1780 -1651 248 169 748518 0 0 0
2060 -1984 171 99 659694 0 0 0
218 -1802 112 206 292959 0 0 0
-1204 -892 66 183 388061 0 0 0
1337 2533 194 109 820112 0 0 0
239 492 66 152 961429 0 0 0
2193 1818 44 226 858689 0 0 0
-1229 -2294 166 117 713894 0 0 0
-1801 -2687 68 26 351177 0 0 0
2420 1727 236 206 636220 0 0 0
2355 -1926 200 246 110144 0 0 0
-822 -359 82 74 777036 0 0 0
2827 -646 21 63 872068 0 0 0
2634 -582 258 152 699458 0 0 0
799 734 218 99 875355 0 0 0
523 -1165 174 210 653439 0 0 0
924 2502 27 238 959546 0 0 0
-384 1168 179 30 762909 0 0 0
-1810 -1286 89 252 384640 0 0 0
-1489 -1849 91 87 241147 0 0 0
1641 2918 216 165 964031 0 0 0
1458 -397 183 186 637773 0 0 0
-2946 -1198 162 229 499097 0 0 0
461 1112 43 75 988942 0 0 0
1083 979 185 106 334987 0 0 0
-1223 2785 65 3 828897 0 0 0
999 -2497 196 5 142006 0 0 0
2096 2911 26 151 490837 0 0 0
1581 -1781 232 125 287768 0 0 0
2974 -2114 159 60 783313 0 0 0
584 312 84 5 997160 0 0 0
867 805 95 99 305669 0 0 0
22 1053 118 207 831461 0 0 0
-2552 -989 5 46 896685 0 0 0
-775 -729 34 133 386284 0 0 0
-2490 -152 218 48 422316 0 0 0
1779 -1424 246 211 331481 0 0 0
15 -206 3 178 425654 0 0 0
-387 2244 104 35 813154 0 0 0
-2319 2140 222 217 276541 0 0 0
1205 736 230 199 346181 0 0 0
1180 910 90 124 251335 0 0 0
-66 -2051 158 158 222900 0 0 0
2294 -2673 243 11 470688 0 0 0
-455 -1876 40 2 189046 0 0 0
-1596 1100 187 178 288291 0 0 0
1847 -431 12 103 237400 0 0 0
1351 -2938 190 64 901388 0 0 0
-1819 -2214 243 249 683769 0 0 0
2458 -417 77 81 726719 0 0 0
2790 -696 243 231 990068 0 0 0
1062 -679 26 142 976268 0 0 0
2243 -1293 32 5 109199 0 0 0
516 -1139 127 169 802920 0 0 0
-287 705 61 232 412205 0 0 0
1806 -109 22 196 351430 0 0 0
-2152 -979 81 168 377792 0 0 0
-1801 21 207 103 628810 0 0 0
1805 -1584 164 150 114925 0 0 0
-26 -1675 52 92 900881 0 0 0
-2285 -2859 212 2 964155 0 0 0
-53 -284 56 127 743883 0 0 0
-1537 2139 30 113 761101 0 0 0
-1739 -2326 170 78 740687 0 0 0
1248 -1048 49 206 505340 0 0 0
-276 602 221 182 581430 0 0 0
737 1720 221 96 518789 0 0 0
-1096 -2199 197 145 912761 0 0 0
-2832 -1311 10 116 339228 0 0 0
1885 -867 258 31 248604 0 0 0
-560 -2138 53 130 606881 0 0 0
-472 -1545 156 119 542598 0 0 0
-1788 1345 42 196 183043 0 0 0
1114 -183 204 32 973588 0 0 0
1653 815 41 28 223175 0 0 0
2087 2507 228 115 960125 0 0 0
2952 -383 89 234 619263 0 0 0
864 1434 42 85 881187 0 0 0
-207 -28 235 126 365671 0 0 0
490 -2338 209 240 392635 0 0 0
-375 2822 188 201 346824 0 0 0
1618 -130 30 244 753590 0 0 0
-469 2855 189 33 153825 0 0 0
-1659 -1434 189 26 608620 0 0 0
-1550 1782 55 80 533137 0 0 0
-2545 -2376 99 241 644527 0 0 0
336 -650 199 171 718213 0 0 0
-2030 1692 156 44 465306 0 0 0
2486 -2165 197 108 685413 0 0 0
-1708 -929 259 105 410168 0 0 0
893 282 115 236 997104 0 0 0
-2273 -1810 195 11 636978 0 0 0
-2293 -1148 103 241 506887 0 0 0
-1920 2449 173 17 128855 0 0 0
-2674 -2849 163 187 245744 0 0 0
-2126 -1669 30 132 728601 0 0 0
918 -2207 95 137 587629 0 0 0
2162 -1747 89 97 924588 0 0 0
1470 -2938 33 238 763056 0 0 0
-1017 1906 202 210 673675 0 0 0
-1189 -2074 30 251 256591 0 0 0
-2168 -2851 208 208 200700 0 0 0
2298 1716 16 99 531768 0 0 0
-1697 1574 36 58 362239 0 0 0
-71 -549 162 100 262053 0 0 0
-1888 -282 118 219 554550 0 0 0
2714 485 8 16 614504 0 0 0
-2496 2729 73 31 285673 0 0 0
-2866 -2084 27 153 601723 0 0 0
-2858 -1966 69 159 616175 0 0 0
505 -759 225 242 502061 0 0 0
975 -822 196 84 138864 0 0 0
-1733 -2999 92 40 144848 0 0 0
460 -943 13 31 441120 0 0 0
-2005 -941 1 248 902401 0 0 0
431 -617 214 114 295136 0 0 0
985 94 230 206 267872 0 0 0
-877 2123 253 20 451013 0 0 0
408 -301 68 106 917197 0 0 0
2711 -234 106 226 402572 0 0 0
1964 -2849 236 237 822015 0 0 0
-1446 2860 7 161 116897 0 0 0
-64 -1476 72 92 395055 0 0 0
-2930 -2491 80 164 385838 0 0 0
-2122 2041 38 126 739413 0 0 0
309 2276 121 76 918159 0 0 0
-1712 102 84 164 634784 0 0 0
1664 -2752 234 57 466888 0 0 0
-1214 693 265 31 875130 0 0 0
-64 -878 260 43 493317 0 0 0
723 -2387 1 113 715080 0 0 0
1136 980 249 69 453504 0 0 0
1764 1104 33 136 447116 0 0 0
-2888 -2265 230 5 542641 0 0 0
2269 -420 126 10 962709 0 0 0
-1479 1542 132 88 742960 0 0 0
2195 2825 245 189 372498 0 0 0
2019 -829 81 67 679223 0 0 0
-2928 947 259 188 312274 0 0 0
1128 914 153 187 502650 0 0 0
-473 1070 42 85 297671 0 0 0
1787 -2836 237 1 760408 0 0 0
20 -1578 70 223 621563 0 0 0
463 1103 138 111 788077 0 0 0
-2055 1994 214 221 759855 0 0 0
2569 1489 260 57 735754 0 0 0
2394 789 14 191 927558 0 0 0
55 -1683 118 16 121129 0 0 0
-1269 842 248 192 732660 0 0 0
-924 105 221 203 220252 0 0 0
-2613 1990 74 119 493071 0 0 0
-2263 180 214 79 689685 0 0 0
2802 -2025 226 183 844207 0 0 0
2374 -1502 3 98 514108 0 0 0
2290 58 35 57 495364 0 0 0
-2193 2770 42 95 732123 0 0 0
811 1219 140 72 627716 0 0 0
-86 2398 136 217 857514 0 0 0
-327 1305 137 93 660690 0 0 0
-1975 -1171 32 63 479645 0 0 0
-549 2117 103 221 265386 0 0 0
-468 2872 252 205 744155 0 0 0
1693 1803 63 220 686524 0 0 0
-1085 -248 177 173 948026 0 0 0
2145 -921 73 126 705137 0 0 0
1429 1261 223 98 953136 0 0 0
2254 1940 78 33 442615 0 0 0
1796 1846 86 99 854102 0 0 0
-2730 -1231 87 57 730731 0 0 0
-96 487 155 57 139529 0 0 0
-626 -1190 93 104 208323 0 0 0
2253 -2840 9 42 443932 0 0 0
1453 -279 260 190 450427 0 0 0
2134 2648 26 105 762864 0 0 0
867 -1062 199 190 809242 0 0 0
-2198 -2466 43 229 917049 0 0 0
1355 -1115 233 85 989588 0 0 0
266 1748 52 239 757100 0 0 0
257 -1683 91 213 528475 0 0 0
1484 2804 8 18 913691 0 0 0
1442 -1762 75 140 519743 0 0 0
833 2506 201 173 653875 0 0 0
-225 2606 34 46 644654 0 0 0
2481 1794 139 17 285538 0 0 0
1445 -2184 176 31 526894 0 0 0
-217 2085 116 137 266705 0 0 0
612 -729 31 153 728438 0 0 0
138 -2804 132 192 823151 0 0 0
-2378 1022 200 187 280848 0 0 0
859 871 60 2 560753 0 0 0
-1424 -1948 223 82 446221 0 0 0
-704 -1393 3 26 741898 0 0 0
-2693 -2586 60 83 381166 0 0 0
338 1081 176 169 948845 0 0 0
23 1634 53 234 891949 0 0 0
1297 -2428 80 140 369281 0 0 0
-1381 -1218 58 87 986777 0 0 0
2489 284 109 236 590861 0 0 0
-2099 103 10 129 669024 0 0 0
37 -1916 262 180 497401 0 0 0
-635 1439 211 39 244072 0 0 0
333 1122 240 230 910394 0 0 0
-1550 -841 163 66 934504 0 0 0
770 -2795 257 124 782241 0 0 0
-2406 -2118 65 105 537528 0 0 0
1736 545 6 165 345490 0 0 0
-2669 2818 58 169 368286 0 0 0
2614 -1639 87 69 994115 0 0 0
-1199 1219 33 112 860733 0 0 0
-306 -958 45 61 619738 0 0 0
-2881 1859 184 209 846923 0 0 0
1983 -2110 140 95 217428 0 0 0
-1278 1513 113 140 992091 0 0 0
-501 -2777 45 135 582621 0 0 0
-1108 -518 94 121 520223 0 0 0
2210 1783 27 95 406739 0 0 0
-2788 1441 7 179 892462 0 0 0
-805 -2639 78 147 615275 0 0 0
2857 -805 223 78 259975 0 0 0
-2095 1576 56 30 557806 0 0 0
-1686 -340 96 130 897662 0 0 0
2173 218 235 46 773523 0 0 0
972 -2261 66 36 449974 0 0 0
-2380 -2675 262 170 551632 0 0 0
-639 -2335 200 18 505608 0 0 0
-1213 -1092 82 246 661970 0 0 0
906 1472 163 45 745545 0 0 0
693 -247 33 82 184917 0 0 0
2304 1539 134 222 643044 0 0 0
-2425 -2517 176 124 874599 0 0 0
-879 -80 143 192 521809 0 0 0
-135 1409 151 169 321991 0 0 0
1743 672 136 80 327371 0 0 0
1472 448 3 29 989011 0 0 0
-2517 1360 134 142 126967 0 0 0
2702 2437 148 3 625469 0 0 0
980 -1041 183 251 200681 0 0 0
-104 2331 241 166 705642 0 0 0
-1063 104 74 190 933177 0 0 0
2570 2350 68 216 969824 0 0 0
-1593 2461 7 220 397748 0 0 0
324 -1677 221 209 649401 0 0 0
1350 -185 236 251 456891 0 0 0
2727 -2480 115 10 377366 0 0 0
613 0 123 63 846605 0 0 0
-2858 226 150 114 654178 0 0 0
2890 -454 204 227 470114 0 0 0
-2782 -1810 211 135 329061 0 0 0
-2856 2971 112 90 806357 0 0 0
-2083 424 7 182 807225 0 0 0
1211 1287 172 73 544457 0 0 0
-1991 2947 73 231 638866 0 0 0
-2939 -1511 106 93 913684 0 0 0
-695 -957 179 200 253707 0 0 0
621 -2142 73 245 788918 0 0 0
-1165 477 152 128 439182 0 0 0
25 -2838 46 208 690657 0 0 0
-1827 2237 203 132 288507 0 0 0
-97 -842 82 193 935062 0 0 0
1536 1907 221 214 423402 0 0 0
-1327 1588 185 1 300338 0 0 0
-1089 1253 209 87 463644 0 0 0
788 -287 225 165 850321 0 0 0
-132 -2181 190 191 247057 0 0 0
-1511 1468 96 158 873042 0 0 0
672 998 249 229 336382 0 0 0
1040 -1219 20 181 650523 0 0 0
-2879 -829 59 245 681385 0 0 0
777 1739 2 132 812763 0 0 0
-1364 -2638 215 13 446415 0 0 0
-1059 -1439 265 90 510505 0 0 0
556 1709 212 17 748734 0 0 0
2272 900 180 216 242373 0 0 0
-2088 -1740 37 16 894957 0 0 0
-1354 1951 72 13 171938 0 0 0
2949 2633 80 153 706455 0 0 0
639 2477 149 50 975773 0 0 0
-17 -754 172 191 470342 0 0 0
720 -1845 253 64 758701 0 0 0
1042 2630 96 217 368357 0 0 0
-1162 -496 63 95 957868 0 0 0
732 -1287 89 192 420972 0 0 0
965 2771 258 154 801875 0 0 0
1417 1371 71 207 794694 0 0 0
222 799 213 184 562048 0 0 0
-1336 -2592 7 204 310148 0 0 0
2803 -542 255 11 668741 0 0 0
-1331 -159 100 42 783489 0 0 0
989 -1383 237 168 294909 0 0 0
-99 974 96 77 612666 0 0 0
1503 -788 8 135 590586 0 0 0
-1246 -2140 57 124 250614 0 0 0
1280 422 101 190 891860 0 0 0
564 -406 65 84 952437 0 0 0
-2050 -2733 143 219 911142 0 0 0
-2631 2000 235 99 191275 0 0 0
1784 -1410 20 70 267650 0 0 0
209 561 147 138 409685 0 0 0
-944 2917 260 95 189648 0 0 0
-1680 2002 55 205 548524 0 0 0
-2232 2756 25 236 598819 0 0 0
-966 2281 79 152 718092 0 0 0
-203 -698 141 88 595027 0 0 0
156 -2071 182 23 493674 0 0 0
2324 1167 139 131 584460 0 0 0
-1553 791 14 162 533607 0 0 0
2614 1110 177 165 353146 0 0 0
-2738 2566 242 209 430610 0 0 0
-328 -1820 212 88 295365 0 0 0
818 353 111 197 958505 0 0 0
-2174 2613 83 103 910509 0 0 0
210 -1897 241 52 107048 0 0 0
2799 696 163 87 860221 0 0 0
2906 489 44 24 307686 0 0 0
-916 2573 242 56 836763 0 0 0
1435 2265 70 179 691100 0 0 0
-1407 1867 102 224 716046 0 0 0
585 -1001 58 20 613879 0 0 0
-468 323 31 92 219141 0 0 0
-666 309 240 210 975469 0 0 0
2037 1682 129 225 283065 0 0 0
2081 1401 83 188 823772 0 0 0
2289 117 172 2 738883 0 0 0
-1677 1862 253 157 361084 0 0 0
664 -1318 109 28 903921 0 0 0
854 -248 48 139 999674 0 0 0
2692 -2380 229 232 268345 0 0 0
-802 -1213 40 101 838679 0 0 0
1083 2412 73 59 471511 0 0 0
317 225 176 97 234329 0 0 0
1525 809 49 137 300331 0 0 0
2033 -1518 161 175 775566 0 0 0
71 -408 202 235 453527 0 0 0
2667 1779 121 53 737086 0 0 0
1164 2565 205 180 232281 0 0 0
-86 -901 61 114 272383 0 0 0
-2647 253 262 102 460582 0 0 0
-1921 -2246 204 118 671884 0 0 0
1782 2587 18 206 364316 0 0 0
-1116 1539 90 90 828361 0 0 0
-2283 -311 41 109 333882 0 0 0
-366 -2691 246 141 969350 0 0 0
937 1523 91 161 567221 0 0 0
-722 -626 189 60 648380 0 0 0
1112 -783 212 243 451220 0 0 0
-1486 748 169 250 801227 0 0 0
713 665 189 127 690118 0 0 0
165 372 9 15 663510 0 0 0
1580 -191 145 3 672345 0 0 0
2401 -2317 85 218 942999 0 0 0
-138 -1499 64 228 577786 0 0 0
1434 2122 220 137 536165 0 0 0
-2539 -468 13 68 771782 0 0 0
2640 1101 94 47 751313 0 0 0
-1792 -381 52 105 670418 0 0 0
1549 1585 51 121 949637 0 0 0
-815 25 180 233 650573 0 0 0
181 -611 127 168 514142 0 0 0
-182 1946 131 9 843981 0 0 0
-714 -2636 61 113 494829 0 0 0
194 75 145 110 224172 0 0 0
2588 27 5 172 298152 0 0 0
-637 -2681 95 78 196204 0 0 0
-2523 1075 58 177 279667 0 0 0
-258 1949 103 69 832707 0 0 0
121 1133 103 6 741961 0 0 0
-847 -2144 85 99 407215 0 0 0
1461 -627 79 160 122037 0 0 0
170 1808 98 61 750168 0 0 0
1124 2989 263 199 305425 0 0 0
1455 -1667 118 197 986241 0 0 0
222 -1333 24 100 276302 0 0 0
1810 -2070 128 243 289943 0 0 0
2142 -2086 86 28 845627 0 0 0
-1456 922 235 10 861536 0 0 0
-166 -1910 56 100 265645 0 0 0
742 -601 208 178 152243 0 0 0
-1310 2008 203 82 331439 0 0 0
1092 2594 137 43 795237 0 0 0
-146 -302 127 49 123489 0 0 0
-1164 -1904 233 33 329678 0 0 0
1546 605 253 120 346721 0 0 0
-27 510 77 104 251384 0 0 0
1738 1266 153 139 733582 0 0 0
2041 2021 9 175 164140 0 0 0
195 1505 215 23 670445 0 0 0
-1531 -2992 5 78 385276 0 0 0
-2035 -166 177 228 623848 0 0 0
-951 817 163 71 214425 0 0 0
-239 -2052 10 121 355661 0 0 0
-2161 -2687 185 162 926964 0 0 0
-420 -1286 209 144 706482 0 0 0
-2837 576 206 49 823607 0 0 0
-1150 -868 35 2 753237 0 0 0
-491 276 71 203 864026 0 0 0
247 -1754 2 33 345102 0 0 0
587 -2561 205 148 852324 0 0 0
777 -2755 186 192 104025 0 0 0
-1378 2349 86 44 734057 0 0 0
1577 -360 181 174 741939 0 0 0
-2955 -140 147 52 162611 0 0 0
1620 1441 112 1 146787 0 0 0
-115 1031 55 46 768582 0 0 0
-2231 -1657 259 80 440011 0 0 0
-1344 395 52 166 905183 0 0 0
738 -459 167 24 414615 0 0 0
306 -869 243 231 653449 0 0 0
2 2953 3 230 471339 0 0 0
342 2859 234 199 444663 0 0 0
1848 1296 148 73 778079 0 0 0
-1441 -1948 105 221 769237 0 0 0
1541 -986 100 90 936927 0 0 0
-2746 500 130 49 395167 0 0 0
2054 1574 230 169 412955 0 0 0
557 -2247 119 163 140476 0 0 0
2778 -606 134 244 956911 0 0 0
-905 367 172 169 242240 0 0 0
-2037 -427 134 147 832260 0 0 0
2312 -1956 63 145 864261 0 0 0
565 2235 116 38 935223 0 0 0
-2912 977 252 133 437776 0 0 0
-775 1298 207 38 696460 0 0 0
163 426 121 51 455846 0 0 0
1468 1283 172 197 526159 0 0 0
-185 -2382 105 165 904190 0 0 0
1082 1864 213 238 495675 0 0 0
270 -2861 17 213 470146 0 0 0
-2589 -2431 31 129 825606 0 0 0
2060 1521 219 212 408923 0 0 0
1178 2975 12 28 892853 0 0 0
268 2375 123 198 971398 0 0 0
-2704 1322 51 223 593263 0 0 0
2878 -1019 71 197 786434 0 0 0
975 -133 29 199 411300 0 0 0
831 -1235 58 123 601986 0 0 0
811 -2234 100 114 339772 0 0 0
-2141 -1806 238 224 963340 0 0 0
2517 -848 41 79 396599 0 0 0
-578 -1800 265 245 328681 0 0 0
1706 1694 2 4 901940 0 0 0
2637 1051 100 73 335297 0 0 0
-1238 2397 17 104 628107 0 0 0
1322 1553 154 105 408005 0 0 0
-69 -471 232 36 411152 0 0 0
2181 -1235 136 46 432658 0 0 0
191 947 133 100 720892 0 0 0
2883 2105 25 217 201109 0 0 0
1646 -1456 214 226 104254 0 0 0
-2009 -2887 63 84 221006 0 0 0
-459 2602 21 211 236575 0 0 0
1332 -2866 99 95 778711 0 0 0
-199 1712 212 72 507267 0 0 0
299 430 226 199 167757 0 0 0
144 -800 47 232 853310 0 0 0
-2021 1787 137 215 534884 0 0 0
1686 -1073 139 172 634411 0 0 0
1692 -505 10 169 559003 0 0 0
1399 219 95 207 484199 0 0 0
626 2432 92 228 181856 0 0 0
-1533 2274 222 237 534919 0 0 0
-2250 304 116 87 424715 0 0 0
1173 2292 35 30 718610 0 0 0
-2428 -938 174 143 192094 0 0 0
-2216 -2197 47 94 251586 0 0 0
1630 -971 158 127 306651 0 0 0
-2456 1982 146 242 302746 0 0 0
-2868 949 90 97 675243 0 0 0
369 2798 120 6 373974 0 0 0
-2967 456 214 93 101341 0 0 0
2547 -1636 170 250 190264 0 0 0
603 -2961 12 42 450098 0 0 0
141 2666 101 72 216983 0 0 0
1602 2082 159 7 979094 0 0 0
2848 427 88 82 885431 0 0 0
-2398 -795 174 145 239519 0 0 0
-2069 -1862 130 231 390721 0 0 0
2375 2772 161 172 359636 0 0 0
2044 -448 42 117 792988 0 0 0
-2069 -1064 221 24 105059 0 0 0
1523 -1900 258 111 718830 0 0 0
-2041 -570 264 240 274240 0 0 0
2469 -357 20 10 111633 0 0 0
-645 756 11 153 292042 0 0 0
-929 -895 188 218 594935 0 0 0
-2055 2132 99 233 654813 0 0 0
-1779 463 87 228 671006 0 0 0
-1438 -1289 135 93 453829 0 0 0
-2507 -581 97 226 439011 0 0 0
2468 1111 211 46 400084 0 0 0
-2412 1673 260 31 306924 0 0 0
-2728 2375 243 194 362920 0 0 0
-2735 1967 91 147 229768 0 0 0
2125 927 152 150 698372 0 0 0
-2888 1475 22 226 177045 0 0 0
1824 -258 204 90 959041 0 0 0
-2966 203 170 245 792542 0 0 0
2241 2034 224 200 187499 0 0 0
1026 -1196 12 140 495448 0 0 0
2161 601 57 197 391787 0 0 0
2221 -1647 70 249 161714 0 0 0
954 852 145 141 395668 0 0 0
-302 1545 80 111 664217 0 0 0
1438 -2913 187 135 300755 0 0 0
-80 2248 255 52 614310 0 0 0
2211 2597 206 145 190048 0 0 0
-1401 -2451 162 47 567567 0 0 0
-2441 -1817 22 62 384713 0 0 0
526 1631 19 94 331232 0 0 0
1170 2847 51 158 151205 0 0 0
-825 -2386 167 191 132449 0 0 0
-238 -1032 80 231 423714 0 0 0
-845 -1697 41 49 175957 0 0 0
808 1828 41 185 589785 0 0 0
-2975 2790 34 207 804637 0 0 0
-2439 1612 203 205 275506 0 0 0
46 549 58 198 828865 0 0 0
-2399 -1969 78 82 670545 0 0 0
-1826 -2015 133 93 623499 0 0 0
-572 -2147 186 77 846188 0 0 0
-2350 -2219 28 24 185474 0 0 0
-1024 -307 82 204 990405 0 0 0
-2932 2851 57 192 181219 0 0 0
952 -1579 110 25 502841 0 0 0
669 -1754 41 98 544210 0 0 0
2656 -588 153 92 239300 0 0 0
2005 2503 208 53 627016 0 0 0
-333 -2537 143 104 775905 0 0 0
883 -1873 209 238 907881 0 0 0
1182 1003 211 231 520096 0 0 0
-380 -946 171 198 617179 0 0 0
-325 2501 95 42 994616 0 0 0
-662 -1382 69 8 862311 0 0 0
-653 2561 214 205 601940 0 0 0
1206 -2420 115 76 396131 0 0 0
377 2623 65 208 468717 0 0 0
-2556 385 30 84 646390 0 0 0
901 -1357 37 190 243891 0 0 0
1070 2998 128 207 942388 0 0 0
-651 871 62 63 946701 0 0 0
-590 1582 264 14 311603 0 0 0
126 -1429 208 4 139571 0 0 0
-2397 542 86 117 439985 0 0 0
-935 1818 151 161 198587 0 0 0
688 736 244 187 889858 0 0 0
-1171 -2706 175 96 841413 0 0 0
1367 390 245 96 655759 0 0 0
-1374 -1452 127 119 371618 0 0 0
1279 942 81 126 465272 0 0 0
-2632 1681 256 25 829359 0 0 0
1075 2219 140 189 238817 0 0 0
2089 2844 46 175 127401 0 0 0
-1070 2379 34 201 778661 0 0 0
303 -2911 107 166 968775 0 0 0
-475 -560 201 32 199375 0 0 0
1474 765 226 4 159684 0 0 0
-1725 -2127 223 233 230202 0 0 0
-1104 -2003 245 61 629183 0 0 0
-1723 -2056 1 45 538686 0 0 0
-2615 -508 211 173 315103 0 0 0
2452 821 57 173 670459 0 0 0
-2453 2720 105 123 213780 0 0 0
-1597 2441 164 223 786470 0 0 0
-1892 1024 107 197 374704 0 0 0
2811 1163 22 247 958274 0 0 0
-2358 -651 56 152 539111 0 0 0
-2561 1708 148 33 124389 0 0 0
41 2476 25 125 525670 0 0 0
1101 809 39 169 723852 0 0 0
-2247 -2367 263 160 328486 0 0 0
-1996 -1415 138 146 584229 0 0 0
1932 -2187 32 214 316988 0 0 0
1027 2945 88 182 850822 0 0 0
2739 -292 240 106 852745 0 0 0
-1916 -2849 27 42 510381 0 0 0
-258 1455 152 178 235124 0 0 0
646 1188 171 114 653193 0 0 0
-924 -2434 260 28 211736 0 0 0
1351 -1689 76 45 651546 0 0 0
-2714 -2236 59 178 535018 0 0 0
-1885 2009 1 120 869391 0 0 0
-1816 -2950 123 137 768530 0 0 0
1073 -2930 124 156 162472 0 0 0
527 -467 72 233 323601 0 0 0
-424 1514 121 14 464563 0 0 0
1701 2195 260 64 717504 0 0 0
2068 -2884 74 221 345714 0 0 0
-119 188 156 210 367821 0 0 0
-2817 1437 176 158 607037 0 0 0
2737 -1270 245 166 323955 0 0 0
475 -2929 57 68 237801 0 0 0
1223 -2238 5 63 366407 0 0 0
-1740 1320 65 109 722770 0 0 0
1592 301 87 182 685223 0 0 0
-1531 1174 145 105 232185 0 0 0
690 2971 59 49 846125 0 0 0
-149 2655 167 185 878350 0 0 0
-1398 -1600 236 43 318443 0 0 0
-1001 -27 41 152 521051 0 0 0
1444 1729 51 35 566331 0 0 0
-2129 930 189 125 859009 0 0 0
1996 1500 210 166 721667 0 0 0
-2691 -1568 196 84 940576 0 0 0
-1617 -1505 65 144 790526 0 0 0
-1331 -2765 182 33 596541 0 0 0
1631 881 20 179 344894 0 0 0
211 -2367 236 74 280226 0 0 0
-2109 -80 202 231 205353 0 0 0
-955 -2601 42 42 566508 0 0 0
-255 1733 188 211 762232 0 0 0
590 2915 184 3 548570 0 0 0
36 1404 74 23 997970 0 0 0
-2175 2430 47 62 208057 0 0 0
2440 2791 47 36 342937 0 0 0
-1747 622 24 227 204315 0 0 0
-2106 1214 226 194 762164 0 0 0
1839 115 213 56 253831 0 0 0
-2943 2660 231 111 963533 0 0 0
-1717 356 27 11 137554 0 0 0
2226 1135 262 71 582302 0 0 0
2418 -1232 92 56 512582 0 0 0
-370 4 164 72 573587 0 0 0
-1794 -1063 20 1 578171 0 0 0
-960 -658 90 15 798519 0 0 0
-1312 -1350 218 120 996952 0 0 0
-2066 47 140 89 626519 0 0 0
583 -1032 95 84 950110 0 0 0
-1547 -1281 162 94 594323 0 0 0
-2441 958 94 214 177555 0 0 0
-2025 1610 206 97 889851 0 0 0
1317 2570 78 153 167005 0 0 0
2213 218 63 128 633632 0 0 0
1961 2291 148 99 362999 0 0 0
2030 -1055 218 128 825961 0 0 0
1970 2316 227 206 719592 0 0 0
1472 -616 239 49 670396 0 0 0
1407 331 8 24 639012 0 0 0
2653 1344 102 251 907167 0 0 0
990 550 60 148 115932 0 0 0
1133 379 206 233 597258 0 0 0
931 -631 240 59 951205 0 0 0
2909 2957 121 40 123449 0 0 0
-540 2564 56 21 887721 0 0 0
2117 2511 49 126 533248 0 0 0
2187 -1628 228 4 911919 0 0 0
611 751 129 2 887913 0 0 0
876 -1808 207 206 818833 0 0 0
-1961 1189 202 181 736104 0 0 0
-2724 1067 219 248 396813 0 0 0
319 2887 89 93 623180 0 0 0
2608 2708 13 106 223299 0 0 0
-1392 2692 81 47 287950 0 0 0
-2327 1903 145 128 874035 0 0 0
-2329 2022 258 218 353262 0 0 0
-2781 -1153 140 67 768049 0 0 0
-1482 2967 111 194 800018 0 0 0
-2116 -2983 259 148 119959 0 0 0
-2820 199 22 187 934843 0 0 0
-2455 -2993 117 140 481330 0 0 0
-1776 -650 218 37 688642 0 0 0
1838 2206 262 26 354962 0 0 0
-1531 -2063 232 239 464428 0 0 0
309 128 117 171 973783 0 0 0
-2465 -2616 94 200 353819 0 0 0
949 2457 79 166 823358 0 0 0
2937 2174 167 52 404557 0 0 0
2787 2352 142 100 692677 0 0 0
-772 -1568 237 249 427662 0 0 0
1097 -2287 124 173 578011 0 0 0
-595 1366 3 70 591400 0 0 0
1586 2895 80 48 898992 0 0 0
1158 1484 61 147 198122 0 0 0
1498 -1633 93 252 396748 0 0 0
563 -1906 33 69 580845 0 0 0
-2058 -2859 75 30 796689 0 0 0
691 -1565 10 63 466106 0 0 0
883 1040 97 19 989352 0 0 0
-1683 2146 265 196 746240 0 0 0
2018 1291 155 26 243922 0 0 0
2677 2339 131 182 179760 0 0 0
539 -1842 213 34 737892 0 0 0
-834 -1962 21 5 332301 0 0 0
-1432 472 241 188 242820 0 0 0
-796 2587 200 7 343193 0 0 0
-248 -69 104 149 190784 0 0 0
1027 92 27 188 119998 0 0 0
-1940 -2622 207 128 815348 0 0 0
62 2388 91 204 951490 0 0 0
203 -616 201 162 966168 0 0 0
-1819 641 163 129 631860 0 0 0
-2823 625 254 186 260559 0 0 0
13 2661 136 250 163672 0 0 0
2564 152 199 133 586108 0 0 0
1633 -2426 147 60 923867 0 0 0
-1972 -2068 179 245 738197 0 0 0
-1096 -968 22 153 899563 0 0 0
-278 2091 187 150 578161 0 0 0
2738 102 76 160 912505 0 0 0
1603 -2913 68 190 895196 0 0 0
-919 2898 153 19 989541 0 0 0
1827 -609 162 20 299617 0 0 0
-2920 -1004 51 167 644763 0 0 0
-1471 210 151 116 570928 0 0 0
-1760 -1158 43 131 768108 0 0 0
1890 2037 77 105 204286 0 0 0
897 2460 87 89 722105 0 0 0
-2214 -1728 234 48 289495 0 0 0
-2759 -1088 26 76 324252 0 0 0
-2526 1333 138 76 393028 0 0 0
-196 104 228 145 812927 0 0 0
-2883 -1134 261 204 538912 0 0 0
1983 1672 100 45 270304 0 0 0
2615 2213 16 110 826179 0 0 0
-1958 645 196 26 475949 0 0 0
-2093 -636 87 121 148965 0 0 0
2169 400 74 192 288618 0 0 0
1847 213 131 35 197699 0 0 0
2531 -2563 136 59 559567 0 0 0
886 -1935 260 64 430649 0 0 0
-1490 557 226 245 389962 0 0 0
272 -1301 170 71 581755 0 0 0
1173 918 180 196 240128 0 0 0
-1051 1223 255 113 400625 0 0 0
289 -372 78 48 288339 0 0 0
666 -1607 136 75 271401 0 0 0
-291 -1139 25 68 146471 0 0 0
-337 -1213 93 214 612548 0 0 0
1409 -2967 44 44 932946 0 0 0
2117 2682 48 124 293555 0 0 0
-2939 2495 107 201 925252 0 0 0
-345 2358 61 232 750385 0 0 0
-7 796 57 113 103153 0 0 0
2852 2483 115 182 500363 0 0 0
2782 495 76 246 324669 0 0 0
2489 2634 115 163 411453 0 0 0
346 -915 10 218 343202 0 0 0
1160 364 202 9 909309 0 0 0
1170 -2766 240 26 167612 0 0 0
2037 2227 28 130 630932 0 0 0
2908 1495 140 126 261669 0 0 0
-275 1720 222 168 139028 0 0 0
2211 1994 106 111 933914 0 0 0
-595 1274 48 233 847159 0 0 0
-1152 364 183 37 600842 0 0 0
-1237 721 116 100 537988 0 0 0
2951 309 226 251 768481 0 0 0
-2200 2015 5 176 671187 0 0 0
-1786 -1973 118 2 112872 0 0 0
-362 2095 245 173 924262 0 0 0
-227 -2126 63 82 242233 0 0 0
943 -2833 245 36 449278 0 0 0
1705 2192 244 169 228534 0 0 0
-540 -1436 207 106 201952 0 0 0
1432 991 111 236 917757 0 0 0
2734 892 2 246 978007 0 0 0
-1583 2735 117 161 197357 0 0 0
1560 -113 27 211 969250 0 0 0
1684 2859 200 89 400643 0 0 0
-1496 -133 9 205 427460 0 0 0
-405 -475 194 246 570207 0 0 0
1582 -2273 12 250 764542 0 0 0
-1811 2796 92 212 555966 0 0 0
2910 -2337 105 162 269201 0 0 0
2581 1098 16 205 499449 0 0 0
209 1667 232 40 666480 0 0 0
2852 -2378 68 112 932652 0 0 0
1034 124 38 97 966735 0 0 0
-137 2159 40 134 161991 0 0 0
-2119 2984 102 90 618880 0 0 0
238 -1250 214 141 681662 0 0 0
-2527 -1516 104 141 980895 0 0 0
1644 1162 16 222 951623 0 0 0
-2468 -677 86 163 373774 0 0 0
189 1679 64 67 141688 0 0 0
2222 960 149 211 574815 0 0 0
1086 -33 137 118 222329 0 0 0
2198 -363 97 115 988294 0 0 0
1528 695 227 223 984304 0 0 0
1553 2103 106 201 705143 0 0 0
-431 2727 167 155 171839 0 0 0
1146 -880 254 42 214357 0 0 0
-2055 399 6 168 914467 0 0 0
-1874 -1780 92 128 989392 0 0 0
-1692 -364 176 101 312244 0 0 0
1822 -1100 79 2 193697 0 0 0
-2828 -1037 82 73 128283 0 0 0
-1136 -283 208 190 231469 0 0 0
-895 1387 7 162 605137 0 0 0
-952 -299 190 148 950163 0 0 0
-1887 -1929 109 224 556488 0 0 0
34 789 118 70 616776 0 0 0
-1007 -1433 213 158 542751 0 0 0
-1859 2506 130 62 499335 0 0 0
558 187 156 72 211305 0 0 0
971 1286 38 57 294081 0 0 0
2598 -755 247 52 643382 0 0 0
1967 1113 140 2 716576 0 0 0
1516 299 94 51 437163 0 0 0
2682 2509 54 90 802800 0 0 0
2112 -2132 40 224 710439 0 0 0
-1525 989 257 149 804764 0 0 0
2856 2332 89 53 178130 0 0 0
-797 1626 162 242 150087 0 0 0
-54 -1579 265 141 953463 0 0 0
-1738 1623 105 168 839939 0 0 0
-2449 2759 78 209 922207 0 0 0
-2786 -746 252 61 321009 0 0 0
-676 -2676 128 96 860314 0 0 0
-2477 -603 205 131 854796 0 0 0
1429 606 217 220 997046 0 0 0
-1295 1219 183 229 601092 0 0 0
1920 1775 235 127 905437 0 0 0
393 2952 66 99 735676 0 0 0
1935 -1817 22 249 236632 0 0 0
1981 -1055 3 196 924612 0 0 0
2091 -355 137 248 522259 0 0 0
-1207 453 155 105 103635 0 0 0
-891 -1311 207 225 901387 0 0 0
-847 2844 42 124 439999 0 0 0
-1783 1556 212 143 898877 0 0 0
-151 -2735 211 115 495213 0 0 0
557 1022 110 124 826648 0 0 0
-2887 -1502 30 82 739475 0 0 0
-1430 681 209 87 359879 0 0 0
1935 2213 92 181 932529 0 0 0
2331 566 141 220 747583 0 0 0
-1696 2268 152 40 241577 0 0 0
-2579 -1087 76 155 828348 0 0 0
1434 2589 258 5 822088 0 0 0
1893 660 59 94 267434 0 0 0
2101 155 32 163 623410 0 0 0
2233 830 138 221 790501 0 0 0
284 -1387 228 158 323305 0 0 0
1565 -2296 221 93 969732 0 0 0
1302 1077 11 144 202371 0 0 0
-48 -1321 45 199 419708 0 0 0
-2072 264 59 247 227107 0 0 0
-2463 790 121 147 947877 0 0 0
2924 472 79 112 175970 0 0 0
-2275 1362 241 231 914297 0 0 0
-2330 1071 197 3 796874 0 0 0
-2910 -386 206 75 983809 0 0 0
580 -2269 251 159 309841 0 0 0
-1143 -1442 125 214 502956 0 0 0
-792 2245 19 181 227299 0 0 0
-2217 -920 120 173 581677 0 0 0
-2094 1270 7 6 660895 0 0 0
1512 759 69 31 852264 0 0 0
-2075 2008 253 37 894891 0 0 0
2672 -448 103 7 386021 0 0 0
2874 141 41 187 303752 0 0 0
-857 393 55 228 824375 0 0 0
-1856 2480 20 21 909413 0 0 0
-466 2643 29 7 619813 0 0 0
1769 -1581 153 113 941143 0 0 0
24 -922 64 27 183372 0 0 0
2578 733 134 152 579105 0 0 0
251 -1222 129 7 201336 0 0 0
-1778 2754 155 56 525904 0 0 0
2170 1703 10 111 370444 0 0 0
-394 2348 207 93 686745 0 0 0
1151 -1613 158 220 700665 0 0 0
-670 293 51 54 441481 0 0 0
2336 -1167 4 217 953459 0 0 0
-2814 884 166 144 621917 0 0 0
2217 2561 84 124 104363 0 0 0
-1563 2231 185 155 233725 0 0 0
1221 1904 11 128 948789 0 0 0
2945 2636 186 225 243922 0 0 0
1321 1568 244 225 666469 0 0 0
-1571 -1207 87 97 635251 0 0 0
1682 874 233 43 486680 0 0 0
531 -2079 258 231 163054 0 0 0
-713 -297 128 142 397181 0 0 0
-1909 2286 158 158 189911 0 0 0
-1002 -1718 211 155 204671 0 0 0
-606 2617 174 203 346082 0 0 0
-2876 2820 242 176 575875 0 0 0
-1603 -1979 24 43 121413 0 0 0
-569 2687 100 35 737389 0 0 0
444 -1576 219 206 313689 0 0 0
665 -2193 254 231 957711 0 0 0
-992 -1497 70 150 515097 0 0 0
-1472 -649 159 44 701970 0 0 0
2944 -313 205 142 518521 0 0 0
-353 263 70 185 806063 0 0 0
945 -1798 250 244 211820 0 0 0
-672 -1202 137 32 476090 0 0 0
-479 -2215 208 229 916127 0 0 0
1493 -1961 154 88 902847 0 0 0
-1735 836 107 101 250880 0 0 0
-834 350 239 175 405155 0 0 0
623 1156 177 249 620907 0 0 0
-1793 2964 32 131 721884 0 0 0
-2364 1059 241 219 519595 0 0 0
2710 -969 218 44 246741 0 0 0
-1886 -2479 178 162 517668 0 0 0
-2367 2337 18 208 424490 0 0 0
476 563 58 238 757586 0 0 0
1571 587 168 197 624232 0 0 0
-1584 -2806 32 189 103668 0 0 0
-416 1594 121 226 441530 0 0 0
-1199 355 30 238 617805 0 0 0
894 487 127 8 930401 0 0 0
1863 -2258 240 170 465407 0 0 0
547 -863 31 243 567489 0 0 0
-2704 831 85 55 416377 0 0 0
-1643 1764 157 54 595125 0 0 0
-2969 2503 159 244 846903 0 0 0
-52 285 156 125 208362 0 0 0
-1104 -827 251 51 312022 0 0 0
1265 523 114 10 346810 0 0 0
-2990 -1404 20 231 502103 0 0 0
-1587 -175 244 19 196180 0 0 0
-2784 -1082 227 156 268191 0 0 0
-592 468 48 233 309238 0 0 0
-835 -2105 244 79 793314 0 0 0
1717 -2477 244 16 352813 0 0 0
3 2769 221 69 800518 0 0 0
80 -948 173 236 826219 0 0 0
-1067 494 16 116 445819 0 0 0
445 700 81 8 820523 0 0 0
284 1200 203 149 322004 0 0 0
503 1011 263 16 855954 0 0 0
-2078 1053 49 68 766381 0 0 0
1010 2670 65 219 159284 0 0 0
1322 -2529 181 186 987420 0 0 0
-561 -1339 37 211 115642 0 0 0
1354 -1151 69 8 391209 0 0 0
-630 -2144 34 124 870289 0 0 0
904 -1065 240 175 868925 0 0 0
-1883 -1209 41 138 817410 0 0 0
1156 -822 88 12 998782 0 0 0
443 1772 242 94 630012 0 0 0
-1802 197 234 47 666009 0 0 0
-224 -2558 177 144 104665 0 0 0
2897 215 246 114 395784 0 0 0
2695 2731 89 155 613695 0 0 0
785 1856 6 10 638563 0 0 0
909 -202 78 162 552700 0 0 0
271 -1990 31 182 629012 0 0 0
1607 -1230 187 88 927331 0 0 0
-689 2301 202 97 521193 0 0 0
917 2866 95 172 996271 0 0 0
-2889 -1181 137 69 469571 0 0 0
-1158 -1806 58 143 747647 0 0 0
-2608 1394 248 167 556589 0 0 0
2375 -2655 134 70 793644 0 0 0
-1279 -1945 164 57 788662 0 0 0
-502 1468 152 122 198769 0 0 0
-1411 -1318 255 221 928966 0 0 0
-546 -434 258 196 187282 0 0 0
-2063 272 24 148 549997 0 0 0
-2419 -2591 29 236 170290 0 0 0
1074 -959 65 248 531563 0 0 0
-1758 1736 174 73 397465 0 0 0
603 1583 62 200 917909 0 0 0
2587 -1474 16 252 514207 0 0 0
294 -409 1 94 173678 0 0 0
-2456 -1619 106 99 600954 0 0 0
1921 1859 82 74 812594 0 0 0
2484 1148 162 132 328761 0 0 0
-1423 791 127 144 357389 0 0 0
-1770 -2829 251 87 832172 0 0 0
-1850 -767 178 62 515050 0 0 0
1751 1548 179 152 939200 0 0 0
1014 -2790 58 250 311398 0 0 0
1919 1186 30 82 109374 0 0 0
-155 168 43 65 427633 0 0 0
-1540 -1307 176 20 844274 0 0 0
-2638 -650 179 105 355277 0 0 0
-1683 1614 124 245 988288 0 0 0
-2907 2514 50 93 876790 0 0 0
-495 929 116 140 855870 0 0 0
-1204 -926 154 86 581111 0 0 0
1787 -1257 94 107 585936 0 0 0
-2203 -1250 202 17 663915 0 0 0
70 -173 100 174 618186 0 0 0
-1880 -2327 256 35 127531 0 0 0
1301 2256 189 144 651520 0 0 0
1599 1352 14 229 851120 0 0 0
-2533 -1349 66 204 720286 0 0 0
-901 1515 140 193 760665 0 0 0
-1734 477 31 115 182987 0 0 0
1950 -2148 162 165 735350 0 0 0
645 707 8 227 535790 0 0 0
2291 -123 34 43 361122 0 0 0
-2418 339 154 203 106546 0 0 0
-2788 2486 145 1 102026 0 0 0
-1516 1200 87 14 269899 0 0 0
2445 -611 195 235 166447 0 0 0
2781 2566 198 169 884345 0 0 0
-2354 -2898 55 60 631599 0 0 0
1084 -1593 171 40 942054 0 0 0
866 2448 20 142 954157 0 0 0
351 792 82 186 679796 0 0 0
345 2164 16 176 809932 0 0 0
1971 -2110 128 146 316205 0 0 0
-706 1919 107 59 332789 0 0 0
54 -1855 25 46 655850 0 0 0
-2658 269 14 186 158868 0 0 0
798 2466 108 133 777248 0 0 0
-856 2423 182 3 594683 0 0 0
-2300 2233 159 210 880470 0 0 0
2381 -2305 74 167 681881 0 0 0
491 -2735 192 125 234273 0 0 0
1789 -676 29 128 326102 0 0 0
-1189 750 33 224 447988 0 0 0
-733 432 57 112 280042 0 0 0
2465 83 241 16 567860 0 0 0
557 -258 124 249 936128 0 0 0
-1672 -2418 173 61 368758 0 0 0
-624 1080 226 95 137138 0 0 0
2827 -2117 207 121 588040 0 0 0
1182 2980 102 51 188225 0 0 0
-2031 1186 78 56 154618 0 0 0
-1738 980 172 129 506807 0 0 0
-2602 2312 155 202 453920 0 0 0
467 2590 32 110 631144 0 0 0
-472 -2154 94 229 847793 0 0 0
456 591 28 251 461732 0 0 0
1853 -2348 34 157 506974 0 0 0
2591 2815 195 76 487045 0 0 0
2571 276 147 86 247493 0 0 0
-407 -405 202 25 557767 0 0 0
-1332 1696 82 2 622713 0 0 0
1890 1178 255 79 710963 0 0 0
-2968 1827 211 5 991839 0 0 0
2124 -1003 259 114 934715 0 0 0
-408 -764 126 30 413379 0 0 0
5 1161 13 250 830198 0 0 0
-2407 2321 104 234 667459 0 0 0
2333 2749 73 79 141043 0 0 0
-556 1373 164 171 373767 0 0 0
-246 2450 228 87 912083 0 0 0
1911 453 5 1 426944 0 0 0
2150 -1449 208 38 960117 0 0 0
-1745 812 49 209 655247 0 0 0
-2163 938 42 37 885221 0 0 0
-2036 -2607 86 99 887606 0 0 0
803 800 46 156 355747 0 0 0
1658 -578 3 195 673038 0 0 0
-1830 -1867 258 14 305415 0 0 0
319 2870 71 15 384613 0 0 0
1096 -352 96 131 527209 0 0 0
684 143 253 171 555373 0 0 0
1435 -2831 68 137 862611 0 0 0
-876 -1009 112 38 620959 0 0 0
1643 2007 260 33 798396 0 0 0
-1598 -1125 222 26 656978 0 0 0
-5 2516 18 156 841901 0 0 0
513 472 3 206 734530 0 0 0
-2809 -1046 92 187 891554 0 0 0
2659 435 230 34 753532 0 0 0
-575 -2709 139 156 717973 0 0 0
-2842 -1293 32 117 476014 0 0 0
2009 -442 94 240 719772 0 0 0
860 -1422 14 238 493418 0 0 0
-1188 1298 192 34 602409 0 0 0
640 531 259 122 384239 0 0 0
2781 498 235 155 155293 0 0 0
-881 -2581 243 98 861194 0 0 0
-1010 -1100 224 70 706834 0 0 0
-1442 -1740 111 71 900608 0 0 0
100 239 114 42 748571 0 0 0
1219 -667 196 201 256917 0 0 0
-1839 -1743 56 126 942215 0 0 0
-278 241 139 226 672656 0 0 0
1911 88 110 200 272681 0 0 0
-896 -1482 96 79 351887 0 0 0
-1883 -2708 237 15 911836 0 0 0
2735 -1790 49 84 659712 0 0 0
-1427 -2428 12 107 836628 0 0 0
-1081 -2783 109 42 302225 0 0 0
1571 -2487 253 215 367929 0 0 0
-554 1481 196 128 370073 0 0 0
-1540 99 167 80 297978 0 0 0
1419 2475 225 98 248039 0 0 0
-1470 254 182 167 684396 0 0 0
-2646 -2413 33 163 561002 0 0 0
2320 931 223 156 527128 0 0 0
-120 2692 206 98 957759 0 0 0
2432 2767 226 74 945752 0 0 0
-521 -144 22 2 983808 0 0 0
-530 2931 103 237 941676 0 0 0
-2878 -1968 128 55 128033 0 0 0
958 -1061 210 7 833952 0 0 0
1553 362 30 92 674019 0 0 0
1285 1487 233 79 333785 0 0 0
2514 2915 90 133 441532 0 0 0
460 1924 245 242 636491 0 0 0
1253 1216 229 154 775194 0 0 0
-49 -2279 263 185 154724 0 0 0
1339 1310 77 211 645496 0 0 0
2625 -2564 228 225 184975 0 0 0
-1189 -924 191 12 318549 0 0 0
1109 2367 12 64 281268 0 0 0
-266 321 191 236 889795 0 0 0
429 947 186 45 925511 0 0 0
-594 -1488 164 36 807106 0 0 0
218 -1640 120 102 860500 0 0 0
-1149 988 109 12 248301 0 0 0
-1637 -2632 74 18 725279 0 0 0
1244 -2491 83 199 765373 0 0 0
-2955 560 81 168 542424 0 0 0
-2305 -784 193 217 813180 0 0 0
-2459 -1569 10 11 666442 0 0 0
-743 407 13 158 327993 0 0 0
665 -1946 174 107 733538 0 0 0
-1193 2648 136 128 169542 0 0 0
1982 1684 148 239 614513 0 0 0
1300 427 73 13 833314 0 0 0
96 2267 148 175 300587 0 0 0
-230 1704 189 161 326765 0 0 0
1974 -1647 205 70 540487 0 0 0
2260 927 179 223 171334 0 0 0
2983 689 227 87 552633 0 0 0
394 -2867 56 91 280582 0 0 0
575 2304 83 116 844336 0 0 0
1383 -506 8 26 157111 0 0 0
268 -1310 43 237 403423 0 0 0
1059 -321 8 123 920760 0 0 0
-1188 1625 76 199 996030 0 0 0
-2688 1258 231 170 802374 0 0 0
-1241 1059 248 232 272150 0 0 0
-363 -854 84 151 179614 0 0 0
474 874 183 47 546204 0 0 0
-752 2568 19 233 811130 0 0 0
-436 932 88 8 865055 0 0 0
-945 -2505 198 109 141796 0 0 0
1698 2470 181 250 871731 0 0 0
-1727 2582 168 221 626298 0 0 0
2154 1499 129 121 918215 0 0 0
-2254 1053 249 135 135990 0 0 0
-1477 -2846 169 107 481490 0 0 0
-1420 -1499 173 127 282000 0 0 0
-2573 2761 102 131 519454 0 0 0
-1786 -1791 226 30 836914 0 0 0
-706 1883 159 167 245531 0 0 0
2575 687 53 248 807430 0 0 0
-2603 1068 40 143 753805 0 0 0
2605 -141 250 113 367138 0 0 0
-778 -2331 236 63 755817 0 0 0
1115 -116 28 138 274169 0 0 0
-30 -103 204 39 824605 0 0 0
249 -2787 130 138 858427 0 0 0
431 -2523 2 80 337536 0 0 0
542 2148 191 123 125741 0 0 0
-1237 2080 170 145 150561 0 0 0
2018 1755 8 34 859768 0 0 0
-2734 -2925 74 9 794199 0 0 0
-2807 -2670 255 30 542331 0 0 0
-2850 1068 11 69 766995 0 0 0
-2354 -2208 207 243 424218 0 0 0
2650 -745 197 7 929403 0 0 0
-2555 2906 116 186 387065 0 0 0
-2757 819 150 189 332291 0 0 0
2345 -98 236 154 536881 0 0 0
-1071 403 253 110 331839 0 0 0
517 -1934 1 188 822270 0 0 0
665 -173 84 23 360011 0 0 0
2105 -858 32 46 723475 0 0 0
1706 -266 58 142 385752 0 0 0
-1088 -1722 193 123 734356 0 0 0
-121 -1782 167 51 852317 0 0 0
-2847 249 56 45 794518 0 0 0
-1847 -2709 112 107 122927 0 0 0
-220 217 133 234 526878 0 0 0
2856 -1651 125 13 372614 0 0 0
-1682 -1299 16 129 195854 0 0 0
-2989 587 109 130 378642 0 0 0
-1658 -1470 232 177 325471 0 0 0
1178 350 207 126 591931 0 0 0
1583 405 44 83 899342 0 0 0
-1669 1136 84 76 237899 0 0 0
1963 -177 202 4 269694 0 0 0
1373 -1990 189 22 477599 0 0 0
1432 -1686 233 158 475562 0 0 0
-426 -2789 95 110 575170 0 0 0
-1315 -1102 124 196 816489 0 0 0
-207 -1119 235 223 588808 0 0 0
-1463 -2316 97 92 690674 0 0 0
2042 -1783 140 39 932102 0 0 0
273 -36 174 231 178563 0 0 0
1497 2155 91 159 530223 0 0 0
2922 1235 155 67 479667 0 0 0
774 977 124 59 309615 0 0 0
337 -2676 37 184 100142 0 0 0
-2347 2851 36 69 573335 0 0 0
-1865 -2179 211 163 963417 0 0 0
-1022 -282 163 216 546069 0 0 0
-1494 -270 75 164 228238 0 0 0
269 -1375 209 28 917783 0 0 0
-1587 418 209 135 209609 0 0 0
1668 2716 160 169 463703 0 0 0
-215 910 203 21 218287 0 0 0
2345 2431 178 9 219394 0 0 0
-258 -1937 79 220 806050 0 0 0
814 -1551 203 216 945343 0 0 0
2148 -927 132 202 998607 0 0 0
2250 -1120 9 144 438513 0 0 0
742 -2244 194 151 420985 0 0 0
-2601 92 89 187 258965 0 0 0
1085 1562 168 29 380327 0 0 0
-427 2212 203 223 717598 0 0 0
546 1357 159 31 395450 0 0 0
-12 -2390 175 22 679422 0 0 0
-333 -2547 244 74 107940 0 0 0
2629 1007 10 85 409088 0 0 0
2345 2913 247 75 420186 0 0 0
-2857 -2069 134 180 548387 0 0 0
409 756 239 16 196869 0 0 0
-113 304 185 6 971535 0 0 0
-2803 40 50 247 553093 0 0 0
2750 599 69 166 473046 0 0 0
399 1799 171 182 279405 0 0 0
-1807 308 24 177 523248 0 0 0
-1036 -375 22 108 213353 0 0 0
-1538 -1 248 172 508050 0 0 0
2544 1738 235 168 398264 0 0 0
1398 2878 58 49 806141 0 0 0
871 -801 21 27 294531 0 0 0
-1596 1508 231 43 553279 0 0 0
-911 2515 112 20 406027 0 0 0
-758 -2492 27 214 515263 0 0 0
2060 163 19 4 492168 0 0 0
504 1654 166 122 272274 0 0 0
1219 -249 236 31 688268 0 0 0
-1256 2349 125 23 251484 0 0 0
-1794 -740 22 47 646748 0 0 0
-1187 1245 20 88 869109 0 0 0
-2266 1406 121 145 759228 0 0 0
1885 -452 111 90 524271 0 0 0
424 1551 125 179 127143 0 0 0
1279 503 134 141 185864 0 0 0
457 -48 73 129 488697 0 0 0
-2212 1816 242 36 175096 0 0 0
346 1045 121 57 547867 0 0 0
-1820 -1513 213 161 962822 0 0 0
1901 989 237 141 611201 0 0 0
2609 2428 257 209 910690 0 0 0
256 -1771 160 196 353697 0 0 0
2127 -1457 242 78 514806 0 0 0
1285 1566 264 34 162570 0 0 0
1465 -1431 23 249 648708 0 0 0
1078 -844 52 129 175809 0 0 0
156 -2546 23 153 429322 0 0 0
2412 -773 151 36 168935 0 0 0
614 -2312 168 105 186455 0 0 0
593 -2574 240 133 631746 0 0 0
-2546 719 205 234 975425 0 0 0
2307 -2855 77 226 328611 0 0 0
2916 1579 117 217 921095 0 0 0
-640 894 137 58 556193 0 0 0
1395 1406 164 50 125870 0 0 0
-891 -672 134 127 810279 0 0 0
2880 -582 164 242 545609 0 0 0
-2301 2115 9 180 572563 0 0 0
-2194 1272 155 142 822729 0 0 0
1539 -1819 100 97 253835 0 0 0
1201 -2201 25 233 237494 0 0 0
-175 1969 17 23 577054 0 0 0
214 1936 211 244 959046 0 0 0
2993 -520 163 199 489036 0 0 0
-2900 1601 3 211 513295 0 0 0
2556 105 65 224 630733 0 0 0
-539 984 144 69 122623 0 0 0
-1619 -2230 155 142 541669 0 0 0
923 2528 94 219 756278 0 0 0
-857 487 3 154 373419 0 0 0
1089 778 13 126 511076 0 0 0
593 2128 11 186 602414 0 0 0
477 -1626 86 137 999661 0 0 0
2953 -1348 198 135 815207 0 0 0
-2796 -308 101 110 484748 0 0 0
-979 -2670 240 12 765016 0 0 0
640 -1886 4 235 650596 0 0 0
-920 206 73 79 463580 0 0 0
722 231 221 108 979881 0 0 0
-1095 62 67 97 231931 0 0 0
1374 601 202 41 101267 0 0 0
-319 -684 245 83 741729 0 0 0
-2411 39 89 23 580802 0 0 0
-2945 2049 181 121 263540 0 0 0
-354 -2832 212 161 734182 0 0 0
-1156 -2181 223 27 965515 0 0 0
-2722 2628 226 53 940242 0 0 0
1880 -1012 216 217 208635 0 0 0
-1327 -586 164 158 947809 0 0 0
-648 2867 29 199 198580 0 0 0
-2103 560 217 207 347132 0 0 0
-594 323 231 134 757047 0 0 0
-2512 410 239 180 815293 0 0 0
1022 -382 124 115 732227 0 0 0
-505 158 34 203 808851 0 0 0
-2853 2083 180 16 489667 0 0 0
156 -1666 246 9 799691 0 0 0
2090 1568 186 252 408464 0 0 0
-477 -3 93 123 326530 0 0 0
-2153 -909 7 242 192698 0 0 0
1097 614 150 234 157389 0 0 0
-251 1647 76 225 359193 0 0 0
1595 -2994 208 160 402302 0 0 0
622 21 121 185 740275 0 0 0
-2982 791 74 57 459578 0 0 0
2042 596 135 1 850088 0 0 0
2963 1390 73 29 478469 0 0 0
2905 -2087 135 49 430980 0 0 0
121 563 51 231 468512 0 0 0
-1187 1286 36 84 339922 0 0 0
793 1726 178 169 348162 0 0 0
-474 -2956 180 3 146921 0 0 0
1495 -1554 72 150 363263 0 0 0
1566 -2568 232 4 938027 0 0 0
-603 2173 92 218 895391 0 0 0
1152 -629 77 125 586422 0 0 0
2901 1388 92 132 888279 0 0 0
2891 -675 156 35 320514 0 0 0
1959 -653 138 16 214631 0 0 0
-2812 -2033 213 81 671111 0 0 0
1058 1377 80 190 519911 0 0 0
-999 894 19 46 763167 0 0 0
-2941 2767 146 196 530801 0 0 0
-2439 -524 61 161 251830 0 0 0
-940 -651 181 235 131521 0 0 0
142 1240 46 113 784048 0 0 0
791 232 26 158 438177 0 0 0
146 -2316 219 210 546058 0 0 0
2771 -1123 125 212 826410 0 0 0
2540 -1928 167 18 438624 0 0 0
-1319 -1772 255 178 520605 0 0 0
-1371 2178 171 130 981284 0 0 0
633 -1256 123 48 140380 0 0 0
-165 -1530 242 168 908998 0 0 0
75 716 202 95 473582 0 0 0
-429 -2259 99 135 540177 0 0 0
1257 -2657 191 173 846258 0 0 0
2680 -1155 233 91 214712 0 0 0
2820 1089 210 16 807841 0 0 0
1931 429 233 149 140715 0 0 0
1581 646 95 30 320400 0 0 0
2564 371 162 204 395254 0 0 0
1136 223 58 41 420913 0 0 0
2402 -2305 124 24 674192 0 0 0
1560 1146 148 125 764204 0 0 0
-2169 -293 125 104 523604 0 0 0
2823 304 235 38 275989 0 0 0
-1576 -1065 104 130 634506 0 0 0
1620 -1548 208 98 245570 0 0 0
2898 -2253 107 26 363000 0 0 0
815 -1255 83 197 995304 0 0 0
765 624 176 142 503312 0 0 0
-1712 -959 164 147 165998 0 0 0
261 2163 173 50 315053 0 0 0
-1294 793 28 174 683327 0 0 0
-1665 -2220 167 177 400522 0 0 0
-789 -2976 91 103 426653 0 0 0
-171 -2489 217 147 921532 0 0 0
1827 482 246 20 326433 0 0 0
-1893 -2549 263 9 906952 0 0 0
1970 1708 27 27 569495 0 0 0
-1762 -1194 190 35 302286 0 0 0
-2080 1578 167 215 452124 0 0 0
904 254 25 66 869423 0 0 0
357 2576 121 252 731009 0 0 0
-544 2938 97 110 831968 0 0 0
-1036 2724 176 127 539995 0 0 0
-838 132 99 164 652131 0 0 0
-2477 -1435 150 154 938696 0 0 0
-2389 -2882 17 99 745948 0 0 0
1232 1624 3 99 999325 0 0 0
-1696 1894 265 212 406908 0 0 0
-936 -1191 168 31 846679 0 0 0
2095 2110 70 169 976270 0 0 0
1610 -346 133 28 248445 0 0 0
2999 -1242 40 246 835327 0 0 0
-2977 -830 264 23 408474 0 0 0
-2781 2570 74 157 492904 0 0 0
-2683 -1915 229 183 727461 0 0 0
2155 1965 22 195 635522 0 0 0
-876 -2921 255 200 434356 0 0 0
360 775 221 104 109171 0 0 0
1851 -182 61 3 782438 0 0 0
-2809 -1569 78 102 189764 0 0 0
-1806 -110 134 11 469079 0 0 0
-693 -1554 241 178 472994 0 0 0
-1992 1343 16 238 955753 0 0 0
1740 -1372 109 217 333136 0 0 0
950 -1815 199 126 821461 0 0 0
1336 -2249 74 10 848478 0 0 0
1198 1086 221 215 588246 0 0 0
2020 447 128 252 443933 0 0 0
1172 -1327 250 90 548646 0 0 0
-488 452 204 148 919491 0 0 0
-1862 -1815 148 203 641244 0 0 0
-20 1916 140 45 768646 0 0 0
-2854 -205 160 88 668811 0 0 0
1606 -450 69 208 936070 0 0 0
1833 -2497 241 211 399191 0 0 0
157 -2999 154 163 119061 0 0 0
-826 2866 13 107 669367 0 0 0
2418 1729 227 18 402669 0 0 0
-2774 -1330 186 230 804817 0 0 0
-577 -609 99 142 171233 0 0 0
1531 875 138 237 727807 0 0 0
-434 793 39 192 894379 0 0 0
248 -582 249 79 550416 0 0 0
-1401 -608 250 224 559905 0 0 0
-1105 328 51 13 241370 0 0 0
-2037 1320 90 219 536399 0 0 0
445 -2569 174 91 241690 0 0 0
-787 -1975 123 139 309705 0 0 0
2896 1666 255 181 451124 0 0 0
-442 -1667 119 28 426333 0 0 0
-1062 2035 260 145 754479 0 0 0
-781 -662 208 170 371496 0 0 0
-1531 -2030 4 12 885716 0 0 0
1979 -1138 255 72 571364 0 0 0
-2496 405 48 129 740555 0 0 0
-1658 1499 9 78 317800 0 0 0
-2978 -739 99 86 682405 0 0 0
1447 -1734 220 183 652508 0 0 0
314 2176 46 130 177943 0 0 0
363 458 193 112 938034 0 0 0
10 21 175 57 743286 0 0 0
1040 2950 201 98 823876 0 0 0
1540 1462 83 194 122121 0 0 0
-751 1452 38 108 156249 0 0 0
2616 1693 42 216 898894 0 0 0
-2360 -198 185 181 691122 0 0 0
771 2521 26 250 792465 0 0 0
2269 1287 210 94 380811 0 0 0
-2048 2340 250 221 873325 0 0 0
155 1227 180 74 157212 0 0 0
-1426 2519 72 71 318721 0 0 0
1119 1047 77 218 781806 0 0 0
2999 927 9 252 334226 0 0 0
-2888 2096 163 96 315470 0 0 0
-31 1338 226 179 847215 0 0 0
-1381 1288 98 68 556663 0 0 0
366 2889 34 196 275724 0 0 0
-1570 -838 35 110 130157 0 0 0
-2482 2326 36 31 590184 0 0 0
-2718 -1505 162 186 742819 0 0 0
135 -2996 161 196 748273 0 0 0
-80 1750 214 174 798892 0 0 0
-2207 2070 224 240 833111 0 0 0
2853 1469 125 81 945210 0 0 0
-1126 2556 74 30 503687 0 0 0
2348 -1484 203 76 377613 0 0 0
786 -1825 185 149 548496 0 0 0
-1950 892 1 178 207632 0 0 0
1047 -1240 154 177 102673 0 0 0
-1174 -548 27 211 806038 0 0 0
1427 1423 219 228 921332 0 0 0
945 -2216 62 205 465814 0 0 0
1966 -2626 180 122 452639 0 0 0
841 -1403 82 128 989925 0 0 0
1045 708 7 81 668616 0 0 0
-907 -1777 235 22 317275 0 0 0
-1610 1962 109 227 830782 0 0 0
-228 1819 263 138 747157 0 0 0
1457 -234 188 221 912945 0 0 0
-949 1431 186 11 816403 0 0 0
-1245 -1821 105 82 478264 0 0 0
-1066 2113 141 211 802202 0 0 0
1544 -1976 139 194 683876 0 0 0
-2003 1201 128 216 335260 0 0 0
2967 581 238 129 677109 0 0 0
-1954 1915 83 155 454955 0 0 0
2243 2417 224 47 236915 0 0 0
-2647 -1748 259 89 846464 0 0 0
-2053 -2369 47 51 397108 0 0 0
-171 549 133 161 544009 0 0 0
-125 1422 16 157 243890 0 0 0
-1015 -2048 23 135 140299 0 0 0
1969 2113 114 200 689738 0 0 0
2349 -413 83 205 345760 0 0 0
1618 2799 3 123 860145 0 0 0
-1663 -1218 200 38 512852 0 0 0
693 -1678 208 252 525985 0 0 0
2045 -2840 75 188 703356 0 0 0
-2295 2025 202 193 958816 0 0 0
-2755 -2426 112 200 733636 0 0 0
1249 -751 243 112 708108 0 0 0
-2534 2791 5 49 737882 0 0 0
-2640 1724 130 105 457416 0 0 0
-468 -2686 25 80 958902 0 0 0
117 -913 244 74 534241 0 0 0
-323 349 70 169 518646 0 0 0
797 641 236 143 119191 0 0 0
2261 2873 216 89 431274 0 0 0
-2002 1822 204 104 575198 0 0 0
-1993 -1234 246 197 499297 0 0 0
1302 2023 260 70 527123 0 0 0
-2797 880 158 30 225428 0 0 0
-389 -986 118 110 626009 0 0 0
-960 277 243 105 203688 0 0 0
-2843 -2807 150 220 299150 0 0 0
110 -1630 3 40 446531 0 0 0
336 -2643 261 46 994736 0 0 0
-2100 -1069 1 32 162831 0 0 0
-226 2691 264 115 535751 0 0 0
-2491 -934 5 31 146417 0 0 0
1109 -2846 43 17 892653 0 0 0
-148 -2882 144 170 548176 0 0 0
2383 -221 198 239 377811 0 0 0
2335 262 51 209 993384 0 0 0
1931 -756 74 169 144046 0 0 0
-2869 596 224 100 953915 0 0 0
-2863 -2935 25 172 918758 0 0 0
-436 -502 164 215 343408 0 0 0
-2777 -1635 3 111 193271 0 0 0
-530 -1228 184 53 836594 0 0 0
1590 2845 113 216 701531 0 0 0
-2906 1831 67 122 448631 0 0 0
1926 2829 23 55 394104 0 0 0
-558 -1388 56 223 813192 0 0 0
1812 -1328 43 214 180554 0 0 0
-903 40 89 42 715364 0 0 0
-2152 2184 184 174 645858 0 0 0
-1936 -2627 257 246 256879 0 0 0
2245 -2618 214 142 551747 0 0 0
1142 -2157 25 208 369820 0 0 0
-211 1665 38 34 290473 0 0 0
-265 -920 86 81 125789 0 0 0
1124 -2322 132 251 152604 0 0 0
-1584 2340 257 182 533931 0 0 0
-15 -640 90 92 111522 0 0 0
-215 1423 58 170 175270 0 0 0
-22 -113 22 142 310823 0 0 0
1647 2523 40 203 660766 0 0 0
1079 751 85 140 359147 0 0 0
-1459 2054 156 118 936608 0 0 0
466 -476 22 84 753026 0 0 0
-2682 289 183 38 670781 0 0 0
-2647 -2322 105 30 978718 0 0 0
2751 -808 178 251 360055 0 0 0
-1199 -14 93 118 592545 0 0 0
-1390 2876 33 86 298921 0 0 0
749 345 219 182 654997 0 0 0
134 -2505 93 223 219451 0 0 0
-1140 -201 176 8 292111 0 0 0
539 -1878 63 120 659576 0 0 0
-925 -825 17 238 993148 0 0 0
373 2787 8 126 634881 0 0 0
-1901 -1550 8 139 832281 0 0 0
1098 -1019 144 147 610751 0 0 0
-594 2274 2 125 957656 0 0 0
924 -1530 254 135 430179 0 0 0
714 2060 220 7 454736 0 0 0
-2893 1502 13 146 897191 0 0 0
1990 299 130 126 289164 0 0 0
2704 749 179 240 560349 0 0 0
1909 2699 189 109 353790 0 0 0
2266 613 234 188 906024 0 0 0
-2359 2170 176 70 494543 0 0 0
168 -636 200 2 707719 0 0 0
1671 2192 40 142 137307 0 0 0
1658 -64 4 29 915338 0 0 0
666 -1510 75 235 408316 0 0 0
-751 -2510 88 33 716497 0 0 0
-53 2673 11 125 556043 0 0 0
2250 1526 3 113 470256 0 0 0
2565 -646 77 24 999508 0 0 0
-2753 1420 223 165 284982 0 0 0
-2547 -1681 203 207 197844 0 0 0
-1720 435 244 122 894705 0 0 0
-352 -2828 33 100 310926 0 0 0
-262 -1004 3 160 926805 0 0 0
1386 572 45 245 701435 0 0 0
-48 -1107 72 101 733984 0 0 0
-1732 74 26 138 869688 0 0 0
1821 -1946 155 163 503715 0 0 0
2474 879 64 116 432015 0 0 0
1394 -2271 103 3 242984 0 0 0
2342 2079 74 65 748829 0 0 0
2424 -1482 143 199 110946 0 0 0
-1313 -714 21 158 853989 0 0 0
2966 -2474 213 219 997654 0 0 0
-1405 2057 162 249 641522 0 0 0
1375 2501 133 195 432897 0 0 0
537 1475 130 242 709550 0 0 0
-2136 -2024 63 168 740524 0 0 0
-1317 2718 221 175 280696 0 0 0
2309 -2637 230 186 583901 0 0 0
708 549 254 240 768457 0 0 0
396 -531 144 113 622556 0 0 0
-1157 -2326 222 28 545264 0 0 0
2279 -2944 262 59 556212 0 0 0
840 822 39 237 185189 0 0 0
2413 1615 146 167 541842 0 0 0
183 -2644 18 73 599409 0 0 0
-2963 -2460 8 91 517626 0 0 0
966 1018 48 162 148311 0 0 0
-251 1191 200 199 791114 0 0 0
-1767 -2043 252 91 395426 0 0 0
1188 309 100 88 694395 0 0 0
-2726 420 103 28 100210 0 0 0
1943 1247 209 240 571884 0 0 0
2068 -2726 24 172 119906 0 0 0
-311 -2779 87 70 261773 0 0 0
-711 1918 69 139 225359 0 0 0
2249 -2672 77 10 627508 0 0 0
-2300 -861 46 69 555817 0 0 0
2130 2722 202 161 459870 0 0 0
-193 -2715 223 13 728025 0 0 0
1214 1311 164 182 138085 0 0 0
-2818 81 136 230 959160 0 0 0
-54 1674 182 152 323646 0 0 0
137 -2576 258 164 630561 0 0 0
1394 -1069 58 70 687898 0 0 0
2467 -2630 151 83 496307 0 0 0
2926 -262 178 59 168336 0 0 0
-2391 103 28 126 971859 0 0 0
-1063 1631 26 141 509378 0 0 0
-727 -765 59 146 795386 0 0 0
-1772 -2467 22 45 547923 0 0 0
-1048 -1230 48 169 659962 0 0 0
-984 115 83 207 144717 0 0 0
2153 -2149 16 46 741022 0 0 0
2999 2479 125 49 939771 0 0 0
2154 -2483 173 36 171708 0 0 0
119 1027 64 131 449446 0 0 0
462 -1566 131 1 138297 0 0 0
677 -2653 53 79 197865 0 0 0
935 -1075 186 75 146137 0 0 0
-2031 -1774 246 91 991074 0 0 0
-165 -2202 154 83 934950 0 0 0
2163 -461 106 73 369894 0 0 0
1376 1355 123 239 625126 0 0 0
609 1406 203 207 629434 0 0 0
1211 -1684 193 232 776610 0 0 0
-484 1503 182 206 754845 0 0 0
-635 -2361 192 246 540777 0 0 0
1256 -1380 231 47 462632 0 0 0
-2042 892 44 172 586538 0 0 0
1985 2892 2 1 274354 0 0 0
-1921 -449 88 127 246330 0 0 0
-1494 2333 152 28 202737 0 0 0
2808 -906 181 115 823537 0 0 0
-1540 -487 135 109 666808 0 0 0
2903 -533 228 117 102226 0 0 0
-2734 1832 87 127 994790 0 0 0
-944 -166 214 111 229042 0 0 0
2806 -1281 176 177 544632 0 0 0
-1476 2894 206 87 255047 0 0 0
-311 -1354 133 60 579824 0 0 0
132 594 133 69 963508 0 0 0
-1033 -380 184 168 581930 0 0 0
-2299 -1262 254 14 980441 0 0 0
1226 -1200 125 188 638955 0 0 0
2046 1500 106 204 867706 0 0 0
583 -1656 123 180 374828 0 0 0
-819 -2402 2 145 714019 0 0 0
1400 1566 86 132 345607 0 0 0
1308 12 68 207 337770 0 0 0
-2039 1845 89 49 245014 0 0 0
-739 -323 199 106 462364 0 0 0
-1482 -2313 66 10 163190 0 0 0
-1956 -2237 177 152 338643 0 0 0
-2839 2516 30 50 187112 0 0 0
2851 -2675 26 92 217858 0 0 0
-2708 -1264 177 3 700016 0 0 0
-2890 -456 61 213 800172 0 0 0
1925 -2257 261 143 848159 0 0 0
-2916 777 6 242 220627 0 0 0
-1769 -451 259 139 687298 0 0 0
16 2495 161 70 471857 0 0 0
-2219 -491 153 127 940922 0 0 0
-879 531 252 50 693030 0 0 0
-2926 1972 109 171 885519 0 0 0
-37 1689 7 245 931185 0 0 0
1680 2328 184 48 791012 0 0 0
336 -418 101 86 684540 0 0 0
-1924 912 251 115 827952 0 0 0
2840 2158 169 187 719047 0 0 0
-271 397 248 231 279498 0 0 0
762 -2982 67 123 988586 0 0 0
1740 -8 108 7 223063 0 0 0
2848 -1256 263 46 871928 0 0 0
1493 -2573 184 171 522139 0 0 0
1513 -1156 166 187 721921 0 0 0
-315 -2340 155 120 149664 0 0 0
-1832 346 233 167 236829 0 0 0
-1816 -1340 193 213 313233 0 0 0
-2985 546 52 98 440123 0 0 0
1846 565 212 189 526006 0 0 0
-2024 -492 78 31 734792 0 0 0
1931 2032 202 186 842859 0 0 0
-1254 -2116 146 25 675255 0 0 0
1231 -2617 226 137 759326 0 0 0
2773 -723 136 104 509385 0 0 0
2720 -1287 43 136 516676 0 0 0
1150 -1853 211 79 947656 0 0 0
-934 339 45 45 265209 0 0 0
2436 1545 61 135 132013 0 0 0
-2989 1367 184 120 281148 0 0 0
565 1734 237 128 457317 0 0 0
-704 1794 157 214 326839 0 0 0
-654 1701 35 178 630576 0 0 0
-491 -2351 229 178 849541 0 0 0
2068 -1839 180 191 174840 0 0 0
951 797 206 74 308595 0 0 0
695 -1178 252 137 245797 0 0 0
2733 987 101 90 964787 0 0 0
-2805 -530 126 39 208628 0 0 0
-2840 -654 163 184 121572 0 0 0
2384 -487 221 28 198703 0 0 0
2782 1408 88 204 424346 0 0 0
-1938 -2615 140 30 658917 0 0 0
-1538 -401 94 176 713102 0 0 0
2146 1123 260 33 268647 0 0 0
67 -418 226 28 827942 0 0 0
-2830 1683 65 169 554699 0 0 0
-702 96 42 175 845808 0 0 0
-2897 -2947 227 118 735956 0 0 0
1719 -922 150 102 940963 0 0 0
639 -912 228 232 389184 0 0 0
-1295 1556 237 21 648254 0 0 0
-2236 -1863 78 202 641300 0 0 0
760 -758 203 226 492133 0 0 0
1790 1978 178 38 701808 0 0 0
-2824 2243 226 86 295716 0 0 0
438 -1991 221 164 126439 0 0 0
-1865 -2624 37 3 113953 0 0 0
-2959 1804 195 150 340619 0 0 0
2637 -2887 248 112 575813 0 0 0
-1495 -1551 143 156 718045 0 0 0
872 -613 130 183 909000 0 0 0
1951 -2293 23 3 263169 0 0 0
1684 -928 157 178 846953 0 0 0
2518 -2231 217 11 244463 0 0 0
2089 96 77 239 714296 0 0 0
-2667 -2950 32 52 402520 0 0 0
205 17 259 39 453522 0 0 0
166 2073 10 235 244933 0 0 0
-1009 1023 219 82 324606 0 0 0
-472 573 149 82 722535 0 0 0
2120 1044 242 192 824788 0 0 0
-1065 -387 127 149 433981 0 0 0
-1835 437 123 83 757478 0 0 0
-1310 793 251 202 208461 0 0 0
-2369 2538 46 186 639628 0 0 0
2721 1374 22 154 162939 0 0 0
1060 -2755 54 158 405412 0 0 0
2575 -823 47 229 928441 0 0 0
72 1875 99 180 230503 0 0 0
-17 2386 113 215 244400 0 0 0
-2046 186 186 251 229557 0 0 0
-2284 2631 165 211 675327 0 0 0
1050 2584 89 162 323421 0 0 0
2937 1098 48 174 117932 0 0 0
-1925 2048 209 243 196542 0 0 0
861 1802 80 248 691891 0 0 0
2147 803 261 64 726982 0 0 0
290 2970 200 189 887805 0 0 0
828 827 18 50 526910 0 0 0
-2878 -1674 10 81 369386 0 0 0
-2443 1956 62 38 191673 0 0 0
2956 448 198 177 256795 0 0 0
-1725 -562 19 68 424386 0 0 0
2502 2082 201 214 997791 0 0 0
-1144 589 69 134 158114 0 0 0
1158 -2056 145 230 587080 0 0 0
-1720 1812 158 46 489638 0 0 0
1705 1789 136 186 130240 0 0 0
570 98 187 35 527949 0 0 0
-2815 1871 117 86 639148 0 0 0
-1319 -772 174 208 400475 0 0 0
-1898 -1606 47 131 242083 0 0 0
641 -408 221 196 327037 0 0 0
-12 899 181 223 618338 0 0 0
-2594 2932 34 202 800805 0 0 0
-1330 -2522 44 116 411798 0 0 0
-1594 82 222 110 768134 0 0 0
1452 -1407 61 229 689184 0 0 0
-346 -2134 191 114 669430 0 0 0
-2847 2 152 141 579282 0 0 0
1247 2678 9 140 531042 0 0 0
515 -1920 194 122 938977 0 0 0
-436 835 157 44 236259 0 0 0
1643 -2176 188 238 869186 0 0 0
-2417 2235 148 14 655413 0 0 0
986 -2375 109 51 842697 0 0 0
-2380 -1718 208 171 694206 0 0 0
-2341 836 171 183 890982 0 0 0
-617 395 237 205 538315 0 0 0
-1919 -1605 125 108 509337 0 0 0
1582 1881 253 25 532283 0 0 0
-2009 -1433 141 247 423760 0 0 0
2348 -1068 245 15 633502 0 0 0
2500 -2641 163 215 198013 0 0 0
555 101 34 53 244275 0 0 0
-2036 -2867 111 57 712618 0 0 0
-1106 -2241 68 113 819601 0 0 0
2028 -483 35 168 990194 0 0 0
2763 309 63 54 340151 0 0 0
2755 -728 133 212 532906 0 0 0
-86 -2025 234 174 504403 0 0 0
1209 2615 131 116 483587 0 0 0
2488 2427 88 9 662982 0 0 0
-1857 -2730 78 248 362802 0 0 0
-1363 67 162 231 489626 0 0 0
784 2603 237 57 587887 0 0 0
1910 478 67 141 449523 0 0 0
-2968 -180 188 171 513257 0 0 0
-2588 1647 87 188 459232 0 0 0
672 -1463 84 206 132751 0 0 0
849 -1724 30 186 816253 0 0 0
1055 617 86 89 588916 0 0 0
-2447 1625 255 50 366005 0 0 0
1910 1010 109 9 557450 0 0 0
-393 -2510 83 112 315764 0 0 0
-1007 1034 265 142 702838 0 0 0
-2012 -893 138 30 798711 0 0 0
1668 -1829 159 2 657000 0 0 0
2168 1913 219 86 469882 0 0 0
-1902 -2605 123 226 315572 0 0 0
1966 2088 43 102 250575 0 0 0
951 -2504 5 35 791921 0 0 0
1092 -1217 67 125 466171 0 0 0
-2875 2656 100 98 495525 0 0 0
-677 -2451 105 15 186610 0 0 0
-1154 588 231 232 352014 0 0 0
474 419 204 140 294855 0 0 0
1096 605 112 32 855441 0 0 0
-2285 483 177 157 826955 0 0 0
1215 -1195 234 66 963144 0 0 0
1005 -1449 155 154 809220 0 0 0
1954 -1227 232 43 648231 0 0 0
-2102 1532 49 179 849364 0 0 0
-2748 79 168 124 146240 0 0 0
1903 -895 30 15 896329 0 0 0
-481 -1180 12 80 397124 0 0 0
857 -2410 27 2 631730 0 0 0
-1874 -397 17 4 795526 0 0 0
975 2660 225 222 833492 0 0 0
1203 2151 141 20 862765 0 0 0
-2395 -1646 215 181 625029 0 0 0
2842 -1667 6 38 391923 0 0 0
-18 -1663 95 40 146177 0 0 0
1830 -1032 227 194 939503 0 0 0
566 1923 61 46 182747 0 0 0
-1091 2293 117 111 238426 0 0 0
1559 279 187 152 909541 0 0 0
346 -220 222 38 640353 0 0 0
1933 2957 59 127 481503 0 0 0
-1885 879 160 38 706016 0 0 0
313 1365 109 3 171946 0 0 0
-1461 960 96 185 636578 0 0 0
738 -2010 251 173 531869 0 0 0
2557 1029 145 78 608936 0 0 0
1868 458 190 7 548062 0 0 0
151 265 127 54 273090 0 0 0
-2374 1339 253 214 516381 0 0 0
-2900 62 250 247 174505 0 0 0
-331 2580 48 236 247550 0 0 0
-872 -2571 73 125 359557 0 0 0
-135 926 139 211 288106 0 0 0
-209 542 187 132 474550 0 0 0
-156 -624 218 214 929668 0 0 0
276 2869 196 3 356207 0 0 0
1466 2770 24 54 147689 0 0 0
2720 141 191 156 817675 0 0 0
-651 2941 27 59 979910 0 0 0
249 1867 43 71 175323 0 0 0
1110 1768 60 96 704521 0 0 0
1088 -1674 165 62 266398 0 0 0
-2665 -2893 122 136 599084 0 0 0
-1427 2510 248 124 149636 0 0 0
2817 -1068 64 114 472467 0 0 0
2516 -2535 77 89 588388 0 0 0
-2939 244 209 73 144408 0 0 0
975 1745 59 153 756263 0 0 0
-42 -2107 241 191 907915 0 0 0
-1154 -950 118 36 874910 0 0 0
1584 2382 149 149 745329 0 0 0
-1650 1224 249 185 913457 0 0 0
2397 139 90 199 331202 0 0 0
2181 -940 186 72 511568 0 0 0
374 -69 96 209 857190 0 0 0
885 144 234 230 396963 0 0 0
934 -918 173 52 197516 0 0 0
-722 -1899 31 42 884439 0 0 0
1129 -2518 161 132 551948 0 0 0
-684 981 8 89 902036 0 0 0
-2493 -223 170 219 489909 0 0 0
1130 429 115 236 459619 0 0 0
103 901 247 160 681337 0 0 0
-1271 2792 116 15 651083 0 0 0
1435 -761 17 217 965430 0 0 0
-1955 -1747 14 234 457736 0 0 0
-1524 2979 239 33 105729 0 0 0
2782 -279 129 41 279520 0 0 0
-597 -828 204 187 175930 0 0 0
2739 -2576 208 215 521267 0 0 0
757 557 129 25 603801 0 0 0
2618 -1168 120 98 219729 0 0 0
2916 -1874 174 166 845581 0 0 0
-839 -2060 247 146 717184 0 0 0
-813 -2997 23 200 455501 0 0 0
1546 28 47 141 312143 0 0 0
1630 1115 186 26 795033 0 0 0
-721 -1754 165 222 729483 0 0 0
1 986 242 226 761128 0 0 0
-1289 -637 225 181 144507 0 0 0
894 -2670 123 152 301416 0 0 0
-494 -101 136 169 452190 0 0 0
762 2275 152 204 202032 0 0 0
-697 -2116 49 143 106507 0 0 0
2031 -1794 62 241 658356 0 0 0
-253 -316 40 76 777561 0 0 0
1853 -263 167 215 302432 0 0 0
967 -503 251 246 325756 0 0 0
-2835 -1867 264 139 910916 0 0 0
125 1696 155 151 281268 0 0 0
2573 -106 93 176 631743 0 0 0
-1926 -1857 251 134 666437 0 0 0
2962 -2515 198 138 547226 0 0 0
2701 617 18 70 651368 0 0 0
2993 -534 79 189 205888 0 0 0
978 -1667 33 73 365329 0 0 0
2240 -119 245 148 570333 0 0 0
-1694 -50 165 184 921421 0 0 0
-2927 1598 235 112 520560 0 0 0
383 -1453 186 220 920836 0 0 0
-2403 2918 140 120 542682 0 0 0
-2885 2514 30 15 524268 0 0 0
620 -2883 141 222 292424 0 0 0
553 -927 148 242 603822 0 0 0
-621 -352 208 75 492126 0 0 0
-1929 -1713 209 7 820423 0 0 0
2718 1987 231 35 162502 0 0 0
1041 2450 29 104 393822 0 0 0
946 2637 47 63 944970 0 0 0
2374 2793 80 61 381399 0 0 0
3000 879 106 250 207788 0 0 0
-1885 -1736 253 58 304537 0 0 0
771 613 54 28 698827 0 0 0
-2384 123 136 190 626161 0 0 0
-2202 -1465 20 173 848318 0 0 0
-1719 1090 215 235 371535 0 0 0
1519 1379 203 114 580417 0 0 0
2375 508 105 148 714547 0 0 0
-2563 702 50 211 346723 0 0 0
2300 -819 215 195 753568 0 0 0
-2442 -1520 237 246 104635 0 0 0
521 -2724 103 75 325728 0 0 0
905 -352 74 245 534400 0 0 0
1315 1274 98 246 513178 0 0 0
1164 -575 191 80 979223 0 0 0
-699 2395 69 14 863044 0 0 0
94 284 90 238 913012 0 0 0
1197 -2311 224 2 959215 0 0 0
-2239 -1992 155 202 863291 0 0 0
964 -1195 68 32 277508 0 0 0
-968 -1918 35 12 713914 0 0 0
497 2966 191 89 372057 0 0 0
-425 -2112 193 223 899617 0 0 0
2367 -2605 118 188 955977 0 0 0
-556 -439 33 4 541127 0 0 0
-2129 1565 82 81 842730 0 0 0
2825 -2304 19 220 893255 0 0 0
-2125 264 34 49 728425 0 0 0
-620 -1933 70 164 896144 0 0 0
2802 -1188 239 117 611231 0 0 0
-2761 206 244 52 815367 0 0 0
2309 -1863 200 107 159932 0 0 0
689 2481 64 226 201721 0 0 0
2105 -1944 149 57 739585 0 0 0
-137 1534 112 189 204607 0 0 0
-1943 1498 36 47 344604 0 0 0
-2891 -1572 102 222 538495 0 0 0
-322 -901 89 200 508487 0 0 0
165 1668 109 128 534866 0 0 0
852 1234 241 75 630854 0 0 0
-2549 -2086 182 175 776517 0 0 0
1822 -1960 98 143 749091 0 0 0
-2477 -2985 110 197 569934 0 0 0
-1012 311 214 60 472962 0 0 0
-1895 -2397 117 114 679273 0 0 0
-725 -2638 89 247 420407 0 0 0
-2455 -581 137 11 500344 0 0 0
-385 -1142 131 171 139034 0 0 0
632 -1020 184 45 225101 0 0 0
94 -413 151 14 569576 0 0 0
671 1692 146 54 612007 0 0 0
-403 444 184 100 214956 0 0 0
2514 2854 103 177 374715 0 0 0
10 -957 191 135 488894 0 0 0
-889 -1906 263 140 472736 0 0 0
670 -1743 156 141 913173 0 0 0
-2136 1445 194 244 696300 0 0 0
2857 1749 59 14 791341 0 0 0
-314 2753 150 142 438370 0 0 0
993 2859 30 245 940212 0 0 0
2856 -341 72 57 765153 0 0 0
-2311 -766 217 203 190183 0 0 0
-1824 2683 10 86 133266 0 0 0
2819 -1346 164 248 950689 0 0 0
-1827 167 127 214 720317 0 0 0
-2477 2046 81 209 707199 0 0 0
-1459 2177 125 50 732940 0 0 0
-916 1645 94 2 576109 0 0 0
1944 1018 222 46 656835 0 0 0
-2427 -2136 141 40 364851 0 0 0
78 1266 151 90 465455 0 0 0
190 -2823 232 67 982536 0 0 0
1106 -1161 119 76 103917 0 0 0
-2472 -1583 245 19 578217 0 0 0
-727 1680 103 215 436810 0 0 0
-2533 -2998 219 109 449129 0 0 0
610 332 227 162 513646 0 0 0
-7 -2263 180 62 519434 0 0 0
1800 -268 211 165 779192 0 0 0
2941 848 16 189 900299 0 0 0
2291 -1741 80 125 826725 0 0 0
-1612 -2054 173 146 863625 0 0 0
-1698 2242 234 196 785315 0 0 0
932 150 58 37 630868 0 0 0
1958 7 33 69 493473 0 0 0
2821 2594 118 235 927488 0 0 0
-1874 1830 120 186 813590 0 0 0
2903 -1143 101 137 370227 0 0 0
-1092 -1197 133 120 512610 0 0 0
1644 -1000 172 149 752355 0 0 0
326 1180 202 134 251971 0 0 0
-2604 1947 177 48 791306 0 0 0
2200 1298 83 156 999232 0 0 0
121 70 50 151 123893 0 0 0
-2775 2528 7 213 395329 0 0 0
2389 1366 262 2 543242 0 0 0
-505 -1552 197 51 531735 0 0 0
-1373 -1699 75 115 700560 0 0 0
2030 983 209 99 457581 0 0 0
-686 379 220 32 512446 0 0 0
228 566 197 24 317841 0 0 0
1562 1903 176 115 586949 0 0 0
-2714 -1924 254 124 451206 0 0 0
93 -1263 148 94 544286 0 0 0
-1272 688 11 174 601848 0 0 0
-200 -2739 32 119 783363 0 0 0
-1823 2628 136 193 611494 0 0 0
-1378 1659 53 158 512686 0 0 0
-2710 1573 33 183 883056 0 0 0
-1371 645 220 148 124125 0 0 0
1312 113 243 6 104713 0 0 0
1320 1870 257 4 137739 0 0 0
-234 -738 123 151 697700 0 0 0
814 2939 230 40 653803 0 0 0
666 -204 128 120 536184 0 0 0
-1136 80 121 59 664561 0 0 0
-2424 1299 141 221 649224 0 0 0
423 -1144 213 103 688766 0 0 0
675 -807 130 163 465096 0 0 0
827 2919 245 250 489411 0 0 0
-1840 -800 163 114 550010 0 0 0
748 1134 95 200 769186 0 0 0
-261 -2714 164 20 709711 0 0 0
-1075 2314 230 201 367231 0 0 0
1513 436 178 179 113527 0 0 0
60 1704 190 57 781153 0 0 0
-164 -1753 154 120 345082 0 0 0
405 -909 80 144 793596 0 0 0
-1062 1525 150 141 669577 0 0 0
-190 14 4 9 802643 0 0 0
111 224 20 129 327143 0 0 0
-2019 -929 96 32 144452 0 0 0
-460 2401 90 113 238439 0 0 0
-2589 476 177 179 665795 0 0 0
1048 -1376 64 228 117209 0 0 0
-2149 2629 171 152 951319 0 0 0
-711 -2313 257 128 140459 0 0 0
2526 -2709 234 160 631064 0 0 0
1308 497 25 175 755313 0 0 0
2547 2282 123 140 654594 0 0 0
-1852 279 137 249 368467 0 0 0
-927 -269 75 150 799920 0 0 0
-763 1793 103 73 371123 0 0 0
1478 2762 217 36 157011 0 0 0
-93 2980 217 89 786948 0 0 0
2256 -2750 121 132 700589 0 0 0
2036 2030 217 248 971397 0 0 0
-95 -2327 260 70 363541 0 0 0
1243 -318 33 225 380113 0 0 0
2431 1124 227 214 401476 0 0 0
-1507 49 183 85 916813 0 0 0
2596 -2336 22 137 327764 0 0 0
-1261 1690 161 132 869371 0 0 0
23 -1647 241 181 702029 0 0 0
-742 -256 193 184 457441 0 0 0
2166 1282 216 118 943193 0 0 0
411 -1784 165 118 334616 0 0 0
-363 -1923 94 238 243873 0 0 0
-1093 -2595 253 16 297002 0 0 0
-180 1195 143 13 707177 0 0 0
2761 -1122 219 65 510532 0 0 0
-2257 754 166 11 321785 0 0 0
-2594 -2361 53 57 795070 0 0 0
-618 2762 251 24 510745 0 0 0
1628 2227 253 142 136854 0 0 0
1155 1027 57 27 224242 0 0 0
-2392 -1186 86 146 740436 0 0 0
-2283 -2197 161 22 764779 0 0 0
2690 -2807 71 136 701612 0 0 0
-1678 1533 259 57 505109 0 0 0
-2975 -759 94 228 794474 0 0 0
-675 -2509 202 147 859812 0 0 0
1941 -1224 215 30 292067 0 0 0
-2412 -2060 223 36 611745 0 0 0
-2165 2788 206 99 444207 0 0 0
196 2141 150 16 301389 0 0 0
561 -403 125 77 204489 0 0 0
1501 -210 143 50 795952 0 0 0
989 1727 104 22 811337 0 0 0
-2486 -1592 78 70 884825 0 0 0
-1513 1562 223 132 660561 0 0 0
-2586 -1246 212 9 176963 0 0 0
-1894 1747 111 204 517016 0 0 0
-1804 556 57 16 318936 0 0 0
2312 2923 213 13 640029 0 0 0
-2705 -1899 157 155 381260 0 0 0
548 -2883 187 67 162535 0 0 0
-1875 1299 242 177 141125 0 0 0
-1162 -1035 76 159 701608 0 0 0
-687 674 69 85 680529 0 0 0
794 -2236 53 59 127968 0 0 0
301 -2920 71 56 675922 0 0 0
1583 -540 99 76 273631 0 0 0
2271 1075 148 177 409179 0 0 0
-2237 135 124 11 598217 0 0 0
1287 2361 50 194 885750 0 0 0
-2239 1608 145 11 253197 0 0 0
707 2365 182 106 324757 0 0 0
-2375 -2533 91 217 975897 0 0 0
1880 -1872 154 147 145677 0 0 0
-1167 424 189 153 150501 0 0 0
1814 -798 96 135 411018 0 0 0
-2446 2075 126 145 324796 0 0 0
730 -2300 224 70 425365 0 0 0
-527 -2577 122 88 836280 0 0 0
128 -2866 218 157 646958 0 0 0
1601 1267 6 180 296331 0 0 0
2710 -2283 57 20 899255 0 0 0
-2098 518 25 94 847100 0 0 0
-916 -2065 180 35 224433 0 0 0
-2164 -1327 123 247 943396 0 0 0
2149 905 25 155 690934 0 0 0
648 -2406 12 27 229409 0 0 0
-2151 -1483 181 232 859746 0 0 0
-1479 -2029 114 78 296576 0 0 0
885 1102 78 184 679019 0 0 0
-2408 -1120 66 26 517036 0 0 0
-1490 -1275 102 226 511261 0 0 0
1684 288 97 187 234568 0 0 0
-290 -2590 69 49 167332 0 0 0
-1742 -1121 48 74 635943 0 0 0
1849 345 115 178 629768 0 0 0
-85 332 202 101 691830 0 0 0
2484 2243 132 147 561802 0 0 0
1861 2855 8 47 360963 0 0 0
-957 -2839 196 229 540978 0 0 0
79 997 133 174 679166 0 0 0
1817 -1662 50 138 243907 0 0 0
1319 2186 169 244 487137 0 0 0
-2008 -2005 263 175 725030 0 0 0
1289 2713 168 145 516106 0 0 0
804 -1615 237 252 878143 0 0 0
1434 -571 114 161 990289 0 0 0
-1758 2163 153 135 444439 0 0 0
-1689 1708 32 181 990392 0 0 0
-884 -1877 191 137 502673 0 0 0
-2625 1546 222 164 251108 0 0 0
2493 1444 200 184 771649 0 0 0
-1910 -923 151 153 411451 0 0 0
1538 90 192 252 508569 0 0 0
3000 647 9 84 765258 0 0 0
357 -104 130 120 537710 0 0 0
-1907 2494 162 121 367317 0 0 0
803 -729 57 144 366799 0 0 0
2136 2432 197 31 139137 0 0 0
1792 738 43 62 573817 0 0 0
2291 -1014 6 35 198620 0 0 0
182 -2836 208 118 531490 0 0 0
1067 1954 120 104 270148 0 0 0
-2397 -131 229 7 206635 0 0 0
-625 -1505 21 218 909325 0 0 0
1224 -1528 46 70 405127 0 0 0
-1895 -2038 204 38 754520 0 0 0
2896 1953 236 85 755747 0 0 0
253 2897 187 168 143869 0 0 0
2655 -1732 21 172 122729 0 0 0
2273 -2822 40 61 542494 0 0 0
-2387 1766 168 135 957941 0 0 0
162 1563 221 228 693871 0 0 0
1157 -1314 198 226 903487 0 0 0
-2944 -2371 158 168 379691 0 0 0
-2069 -1265 112 3 514095 0 0 0
2856 -486 123 168 478004 0 0 0
2120 69 22 41 860147 0 0 0
1459 -62 165 140 621511 0 0 0
1607 1639 56 243 724020 0 0 0
-675 -2392 172 22 509053 0 0 0
1933 -628 220 167 763837 0 0 0
-1737 -2682 200 230 558748 0 0 0
2835 2994 237 15 195572 0 0 0
1256 754 239 153 360903 0 0 0
2608 2197 200 245 982648 0 0 0
2668 -2660 146 189 262023 0 0 0
-2395 -2285 99 116 753427 0 0 0
-1863 2340 169 75 673703 0 0 0
1377 2273 188 250 422851 0 0 0
-474 1547 161 213 558012 0 0 0
-697 -732 84 248 929426 0 0 0
1348 -1322 125 249 143028 0 0 0
928 -764 73 239 947776 0 0 0
2281 -2202 207 129 915438 0 0 0
-1178 1028 147 218 155993 0 0 0
-1515 990 153 232 690631 0 0 0
819 1369 265 248 325792 0 0 0
1851 -831 102 129 928039 0 0 0
-1546 85 214 170 255335 0 0 0
-310 -569 28 95 309660 0 0 0
1955 -2065 158 86 707363 0 0 0
-600 -178 33 110 904827 0 0 0
-2666 -2016 2 60 528686 0 0 0
1572 2206 104 243 864969 0 0 0
1754 2172 115 195 700920 0 0 0
-2147 -2952 265 19 408322 0 0 0
1444 -1094 44 86 980402 0 0 0
278 2855 260 115 688164 0 0 0
-1150 -1967 225 75 857477 0 0 0
1991 1956 25 79 978271 0 0 0
-210 76 38 72 522714 0 0 0
2340 -2841 169 58 983545 0 0 0
922 2138 65 44 753831 0 0 0
-1414 -2092 238 95 680665 0 0 0
-362 -1618 20 14 337778 0 0 0
-1401 -1762 126 56 254783 0 0 0
2222 2760 12 79 693451 0 0 0
-2446 -342 104 141 361889 0 0 0
-1962 2240 252 222 422225 0 0 0
2191 -619 77 12 148100 0 0 0
-925 2608 51 196 654948 0 0 0
-1478 2723 126 208 173971 0 0 0
2002 -591 264 248 174978 0 0 0
1411 1344 96 228 915990 0 0 0
638 -272 24 148 304869 0 0 0
775 1238 225 195 335938 0 0 0
618 53 52 170 234544 0 0 0
-1183 -1727 229 199 343769 0 0 0
1518 -1504 38 80 171920 0 0 0
-2951 1036 111 75 666709 0 0 0
1619 -2079 75 43 289641 0 0 0
30 -915 137 189 837196 0 0 0
345 2666 209 175 982396 0 0 0
2016 -2035 253 189 916638 0 0 0
-2829 -597 25 169 545133 0 0 0
-889 2794 95 112 178032 0 0 0
-1587 -770 256 40 342329 0 0 0
-512 -2121 157 105 531476 0 0 0
-686 2756 48 187 309019 0 0 0
-2748 -1471 74 12 742757 0 0 0
-792 -2880 170 26 552098 0 0 0
-2694 2445 212 104 774440 0 0 0
2801 2694 16 136 968569 0 0 0
2512 -2652 72 149 978895 0 0 0
-2295 -334 229 77 529167 0 0 0
805 1354 97 198 731280 0 0 0
-1611 2720 110 207 740068 0 0 0
-64 -949 69 165 253842 0 0 0
1192 2543 261 56 338415 0 0 0
2037 2612 197 12 886765 0 0 0
1599 1384 35 109 443920 0 0 0
1922 2183 157 123 578015 0 0 0
373 -258 29 117 859030 0 0 0
-2824 -2934 140 117 287816 0 0 0
1130 -1738 28 171 723917 0 0 0
-2934 1497 90 51 475430 0 0 0
-2236 886 111 63 434597 0 0 0
1226 29 135 252 377386 0 0 0
-29 2071 148 132 448074 0 0 0
679 1042 259 141 864572 0 0 0
-520 -844 207 45 910700 0 0 0
-148 -1619 167 210 498208 0 0 0
-2108 -2960 75 211 559219 0 0 0
-202 1405 209 27 182508 0 0 0
-1438 -2239 238 55 313409 0 0 0
-494 1058 127 121 185557 0 0 0
1857 454 135 130 741464 0 0 0
1372 1348 24 79 612225 0 0 0
2635 -611 145 28 765795 0 0 0
2487 2319 159 122 519185 0 0 0
-799 1678 180 80 494671 0 0 0
-2843 -1560 96 192 856494 0 0 0
1969 -1753 19 99 455383 0 0 0
-2543 -1694 53 239 482101 0 0 0
2821 -1795 37 4 741811 0 0 0
1960 57 42 58 452603 0 0 0
-2977 1140 1 8 733561 0 0 0
-2022 12 125 13 583149 0 0 0
1420 1465 7 178 562663 0 0 0
-1463 -1072 11 45 475571 0 0 0
-125 -591 165 228 306191 0 0 0
-442 -480 76 64 682861 0 0 0
819 2347 19 83 966277 0 0 0
1077 1649 103 156 655423 0 0 0
-158 -2849 21 237 215516 0 0 0
-896 1472 163 216 377750 0 0 0
2799 -1326 181 21 889313 0 0 0
-2577 1875 265 59 758781 0 0 0
2820 -2217 98 138 257819 0 0 0
2646 -2049 226 156 932625 0 0 0
595 -2213 215 54 895979 0 0 0
2300 2493 263 126 449054 0 0 0
-713 388 47 13 360711 0 0 0
-2575 -2624 189 71 842015 0 0 0
237 -1232 141 225 758367 0 0 0
1062 2859 59 174 543874 0 0 0
-865 -500 47 248 512093 0 0 0
2409 2534 248 189 408389 0 0 0
-721 2693 19 92 863703 0 0 0
124 2410 164 142 742834 0 0 0
-131 2280 107 219 771096 0 0 0
788 2137 175 63 958279 0 0 0
2479 -2080 217 130 869824 0 0 0
2644 1839 246 92 913122 0 0 0
-828 -2002 209 200 127909 0 0 0
1779 -2452 9 214 525385 0 0 0
967 842 31 52 787139 0 0 0
-611 -1685 170 95 438876 0 0 0
2082 -966 63 182 823832 0 0 0
2610 -996 19 143 460872 0 0 0
-1870 -542 90 166 887717 0 0 0
1469 1517 56 40 997515 0 0 0
41 2345 108 189 244417 0 0 0
373 2909 133 146 428223 0 0 0
-1548 -633 47 234 317952 0 0 0
532 -570 147 99 396950 0 0 0
2515 -2693 143 61 393553 0 0 0
1031 2082 6 55 613004 0 0 0
-295 -1904 161 136 193377 0 0 0
-481 -2659 211 114 161645 0 0 0
-2288 322 191 233 749177 0 0 0
787 360 41 192 394155 0 0 0
-2672 1159 31 139 838758 0 0 0
-2097 1794 62 164 467608 0 0 0
259 -1364 59 116 391694 0 0 0
-1481 -2883 30 247 153857 0 0 0
1718 2674 119 47 547646 0 0 0
2902 1126 164 229 806242 0 0 0
46 -2618 259 153 649513 0 0 0
-658 -2788 194 240 935989 0 0 0
1680 -2841 38 208 273652 0 0 0
-1978 -478 260 158 435520 0 0 0
-918 -1242 255 18 640503 0 0 0
-2987 -2231 38 77 525495 0 0 0
1135 -103 161 100 868856 0 0 0
-1888 341 134 30 971517 0 0 0
-2444 -1345 205 182 532740 0 0 0
1198 1651 206 184 413099 0 0 0
-2362 -2334 137 90 873928 0 0 0
-2685 2702 40 120 301872 0 0 0
911 2508 150 36 858794 0 0 0
35 -2127 47 143 242842 0 0 0
1760 -2695 240 179 545305 0 0 0
-162 -2147 95 233 238985 0 0 0
-1498 1312 245 10 599013 0 0 0
2103 1797 217 156 922317 0 0 0
-2507 1069 28 215 446577 0 0 0
-452 -1686 12 56 186020 0 0 0
-36 1551 53 192 415160 0 0 0
-640 -2422 90 177 419605 0 0 0
2475 -2081 239 120 168479 0 0 0
2319 257 262 4 974759 0 0 0
-2640 45 129 172 627866 0 0 0
-958 751 165 128 271604 0 0 0
2858 -2358 149 149 136033 0 0 0
-2127 -2487 244 44 293780 0 0 0
2776 -1841 221 241 699789 0 0 0
1844 -2618 13 135 384247 0 0 0
1692 1563 129 152 292977 0 0 0
1210 -2018 142 34 802683 0 0 0
-1670 -342 98 4 966027 0 0 0
-1738 -1360 46 57 605069 0 0 0
-2650 2626 248 95 572542 0 0 0
1466 20 58 235 464026 0 0 0
-2476 2435 235 196 547200 0 0 0
2146 2854 147 104 840940 0 0 0
1260 2441 245 39 984720 0 0 0
988 554 48 240 113224 0 0 0
-1551 1555 139 107 962944 0 0 0
2381 -2748 218 105 504247 0 0 0
-2933 2694 71 247 988641 0 0 0
-1734 -902 64 230 856458 0 0 0
880 1128 257 77 194975 0 0 0
2528 -102 258 156 962387 0 0 0
-66 149 82 13 906813 0 0 0
-561 534 83 211 298189 0 0 0
-965 1475 257 22 192566 0 0 0
-2552 -2659 248 200 180149 0 0 0
-1224 -427 135 145 345528 0 0 0
-875 1700 104 193 322578 0 0 0
-1136 -166 54 173 776361 0 0 0
-972 -2471 62 234 135400 0 0 0
85 -1583 201 22 910232 0 0 0
2362 -1582 147 137 763306 0 0 0
863 -2181 248 233 290577 0 0 0
1182 1958 210 4 138141 0 0 0
1367 689 76 109 548824 0 0 0
716 -190 237 104 798321 0 0 0
937 -599 52 99 760154 0 0 0
-2942 -1895 62 73 350071 0 0 0
2475 -2922 179 196 705881 0 0 0
-1288 2965 71 149 928533 0 0 0
-879 -900 156 160 115301 0 0 0
-2154 -774 118 143 780580 0 0 0
-713 1116 162 84 981533 0 0 0
-1314 786 230 166 778310 0 0 0
-2780 -1876 23 188 769217 0 0 0
1703 1389 200 222 827524 0 0 0
-620 163 21 204 330746 0 0 0
-1117 -2707 117 99 722171 0 0 0
2349 -1673 105 158 687013 0 0 0
2600 433 74 47 726725 0 0 0
-2912 2131 34 4 284162 0 0 0
-169 -553 226 165 931366 0 0 0
2399 742 18 109 624286 0 0 0
-1881 965 226 225 894253 0 0 0
-345 -127 44 43 292800 0 0 0
-443 1795 20 115 208681 0 0 0
2539 794 48 72 317604 0 0 0
1445 -447 173 56 853950 0 0 0
-1669 -2381 163 75 691509 0 0 0
2469 -1017 21 135 435768 0 0 0
2946 -1251 200 188 135723 0 0 0
-1084 2287 261 114 429063 0 0 0
-61 -1944 263 166 316008 0 0 0
2542 1652 25 86 218339 0 0 0
2033 -703 25 204 961076 0 0 0
969 -313 188 120 162450 0 0 0
-1725 -553 216 142 542533 0 0 0
2804 -2562 199 129 123396 0 0 0
-2507 -1645 132 161 592251 0 0 0
-1422 2930 112 210 576141 0 0 0
1736 2965 78 125 826508 0 0 0
1392 2235 52 105 155542 0 0 0
1282 -1317 139 238 744104 0 0 0
2694 -2584 181 132 132150 0 0 0
1036 885 238 195 564328 0 0 0
1883 2023 228 158 759868 0 0 0
-1800 2787 5 86 385741 0 0 0
1699 2624 150 151 487772 0 0 0
566 1991 121 64 400427 0 0 0
-2177 -2841 41 212 402747 0 0 0
2418 -1341 264 132 278506 0 0 0
-99 -1299 132 143 429197 0 0 0
479 -2375 23 32 831142 0 0 0
-2071 -2730 136 79 683957 0 0 0
243 2487 68 125 340256 0 0 0
2116 244 63 44 291500 0 0 0
-1597 -589 221 216 424222 0 0 0
-2857 -2323 1 73 538154 0 0 0
-2587 1981 191 190 950691 0 0 0
923 1113 232 173 584177 0 0 0
-2390 184 138 146 953302 0 0 0
-390 1372 58 197 907624 0 0 0
2008 -122 52 41 882576 0 0 0
2277 893 6 45 878868 0 0 0
-2412 -1898 122 121 567530 0 0 0
1089 -1928 183 155 312112 0 0 0
-502 1027 129 238 499839 0 0 0
2945 1175 11 158 187077 0 0 0
-1164 -25 232 125 733872 0 0 0
-111 -2156 164 157 270939 0 0 0
-192 -2275 229 133 943533 0 0 0
2613 -180 189 226 103482 0 0 0
1932 -1835 208 82 264897 0 0 0
87 -1401 29 161 332827 0 0 0
-1738 1717 222 199 187790 0 0 0
-1635 -329 98 184 618533 0 0 0
-1755 -607 169 92 594380 0 0 0
2440 394 43 36 538209 0 0 0
2112 2152 53 167 104930 0 0 0
-1810 -203 55 139 232232 0 0 0
-2693 -2353 24 97 995982 0 0 0
922 -2382 210 57 985909 0 0 0
2870 -480 71 134 963430 0 0 0
-2512 1441 189 148 613831 0 0 0
-749 2081 91 172 740690 0 0 0
1951 2079 107 204 652544 0 0 0
-2901 224 146 36 563063 0 0 0
1661 1592 56 104 668053 0 0 0
2891 2559 213 85 863575 0 0 0
-1387 1892 64 28 578289 0 0 0
1770 396 209 106 973720 0 0 0
-451 -276 29 82 785694 0 0 0
1834 1454 138 224 458709 0 0 0
2704 -2823 161 38 540512 0 0 0
1431 2830 240 227 672308 0 0 0
1847 -509 123 239 636322 0 0 0
-313 1315 167 207 249905 0 0 0
-1916 -1877 187 129 129419 0 0 0
711 1639 118 30 907557 0 0 0
94 -1601 214 56 748603 0 0 0
-672 2452 22 104 900667 0 0 0
-547 1851 47 65 947455 0 0 0
2264 1392 262 24 612198 0 0 0
-546 -2052 22 104 622540 0 0 0
466 -2347 72 76 155234 0 0 0
-772 2349 108 235 433860 0 0 0
-1012 368 128 208 235464 0 0 0
-2354 2811 8 198 809749 0 0 0
-731 364 109 217 103269 0 0 0
1419 -890 159 49 467913 0 0 0
2261 -841 75 45 243509 0 0 0
-2478 -2203 127 16 966609 0 0 0
-2256 -2056 9 109 192851 0 0 0
-737 -2879 217 70 878045 0 0 0
2903 -812 50 157 605998 0 0 0
-1790 -2118 248 225 609286 0 0 0
-1377 1894 55 229 757860 0 0 0
2482 -1137 218 137 693946 0 0 0
-2640 2320 252 244 251116 0 0 0
1943 -1481 60 174 937685 0 0 0
2056 2140 37 6 938871 0 0 0
-390 -1950 31 191 424157 0 0 0
617 2024 196 249 204823 0 0 0
-2442 -2167 11 141 134851 0 0 0
2855 511 126 69 976084 0 0 0
2464 886 80 93 217373 0 0 0
2196 -1183 171 122 525751 0 0 0
-2645 1748 78 187 650015 0 0 0
1897 1801 156 120 138936 0 0 0
2697 -1297 15 38 954265 0 0 0
185 -2365 33 73 917899 0 0 0
1636 1482 144 223 685142 0 0 0
-101 2170 96 156 950686 0 0 0
-63 1247 24 240 280576 0 0 0
-2403 1957 37 233 746909 0 0 0
-5 -641 236 172 205065 0 0 0
1006 -2210 265 33 508925 0 0 0
314 1014 55 36 424753 0 0 0
2487 -1422 259 230 930723 0 0 0
1699 -1605 250 177 212454 0 0 0
-1322 -1088 77 149 227423 0 0 0
2943 2465 259 58 730526 0 0 0
-1035 338 186 174 688986 0 0 0
863 -472 178 18 548183 0 0 0
-1594 1397 45 112 797481 0 0 0
425 1405 9 249 315316 0 0 0
-527 -145 153 252 927955 0 0 0
2426 -1557 64 137 794782 0 0 0
571 -198 120 210 898631 0 0 0
1086 -1557 117 96 358869 0 0 0
572 -2273 219 22 182927 0 0 0
593 -14 167 226 142160 0 0 0
-1456 1993 52 18 189078 0 0 0
1099 1546 264 150 930117 0 0 0
1618 1084 145 111 203431 0 0 0
-2882 34 156 18 843737 0 0 0
-1090 -1158 172 115 537177 0 0 0
727 -1009 32 220 549381 0 0 0
-1401 -268 207 219 406567 0 0 0
-2200 -116 202 239 743296 0 0 0
-1406 1217 119 101 978002 0 0 0
470 1737 100 248 512977 0 0 0
2128 2877 98 111 684418 0 0 0
2714 515 149 184 269414 0 0 0
1113 2306 218 109 566315 0 0 0
2154 1270 136 10 631951 0 0 0
-2571 1860 70 71 116898 0 0 0
-668 933 212 243 470902 0 0 0
-1964 1022 91 230 157891 0 0 0
402 -2971 74 176 872511 0 0 0
-2939 -1493 40 42 903545 0 0 0
-2216 2137 183 170 982472 0 0 0
-2445 1444 44 54 984431 0 0 0
1202 1057 53 40 781210 0 0 0
1696 -2363 42 142 262337 0 0 0
-1683 -1983 13 236 998115 0 0 0
1319 1440 78 85 759784 0 0 0
-1078 2726 113 9 683626 0 0 0
2288 1104 31 147 727709 0 0 0
2135 -2231 83 121 682482 0 0 0
1464 -693 149 131 461112 0 0 0
129 -1905 111 45 612176 0 0 0
543 2266 133 111 801001 0 0 0
-1212 180 17 33 186416 0 0 0
-2794 -788 7 6 712177 0 0 0
780 -2505 221 129 152420 0 0 0
-2408 1445 88 34 472761 0 0 0
-2735 2154 249 98 222246 0 0 0
-1293 -179 255 6 886943 0 0 0
1557 -1422 114 122 770675 0 0 0
961 243 146 2 884868 0 0 0
941 2812 191 238 684536 0 0 0
-71 -253 9 144 444612 0 0 0
-2531 -94 11 240 537033 0 0 0
-2653 -2430 50 27 790841 0 0 0
1816 -868 35 142 662840 0 0 0
-2650 -2607 103 142 351466 0 0 0
2639 -2430 69 50 423369 0 0 0
1864 52 166 152 139521 0 0 0
1783 1408 231 225 361953 0 0 0
1145 -400 171 227 613442 0 0 0
1091 1321 154 23 892257 0 0 0
-961 -2631 229 52 635130 0 0 0
1586 1755 57 87 357629 0 0 0
-519 -2761 228 221 637573 0 0 0
-1054 -681 164 21 899118 0 0 0
2023 1088 52 45 135863 0 0 0
1361 -1234 45 211 495695 0 0 0
2924 1404 54 155 997445 0 0 0
2847 -563 219 128 799768 0 0 0
-24 -90 100 213 886085 0 0 0
411 -1573 51 252 882064 0 0 0
264 -1721 208 40 376441 0 0 0
-2874 -880 56 204 811712 0 0 0
1327 -191 121 38 844926 0 0 0
-2716 365 155 50 741982 0 0 0
-1828 1912 138 178 808391 0 0 0
2352 -318 192 158 377981 0 0 0
1524 -2642 141 117 227596 0 0 0
-1707 2122 81 26 341270 0 0 0
256 -2747 232 3 429521 0 0 0
-1294 -1724 114 93 908272 0 0 0
-2790 -970 28 34 537261 0 0 0
-2758 -846 194 132 940167 0 0 0
2664 2611 246 170 501144 0 0 0
1120 2228 153 157 394325 0 0 0
-2586 -2179 195 64 697587 0 0 0
315 -2361 34 9 921512 0 0 0
2506 -1159 129 31 743173 0 0 0
-2666 2564 183 94 923488 0 0 0
-1544 660 149 120 620368 0 0 0
-2254 -2943 120 48 861246 0 0 0
-691 1154 9 9 330871 0 0 0
-1715 -1802 235 23 861172 0 0 0
-2356 -2467 73 80 850857 0 0 0
2129 2091 34 127 866447 0 0 0
602 697 135 14 212393 0 0 0
-117 -2391 175 1 749097 0 0 0
401 397 36 188 521951 0 0 0
213 2411 27 48 391582 0 0 0
-1659 2247 191 6 213626 0 0 0
98 -1347 192 198 644258 0 0 0
-2982 1780 110 130 878605 0 0 0
-2501 2680 54 46 160580 0 0 0
-2984 2132 252 184 592049 0 0 0
1894 -967 194 248 119833 0 0 0
916 -2998 155 114 383536 0 0 0
-928 2794 229 116 709176 0 0 0
-1460 -130 101 35 265934 0 0 0
-1520 -249 143 54 746620 0 0 0
-743 296 223 219 337969 0 0 0
1782 -2424 67 35 119325 0 0 0
-2756 -1233 169 11 783708 0 0 0
-2328 -761 259 228 664716 0 0 0
2484 726 108 154 363340 0 0 0
-1611 -2960 60 196 881751 0 0 0
2279 1575 17 82 608353 0 0 0
794 -459 129 33 837878 0 0 0
-256 844 224 110 703753 0 0 0
605 871 223 224 593100 0 0 0
-2530 -582 126 113 177567 0 0 0
-226 -875 151 12 912801 0 0 0
1976 2670 143 241 728059 0 0 0
-1010 264 73 190 591386 0 0 0
-1729 1690 241 245 787765 0 0 0
2074 715 189 93 395019 0 0 0
-2390 76 28 51 576072 0 0 0
-1813 1743 37 113 420239 0 0 0
-2024 2962 133 100 317431 0 0 0
88 2422 96 231 951819 0 0 0
-1840 115 221 104 722215 0 0 0
-2941 -948 171 221 230461 0 0 0
1491 2974 22 196 372924 0 0 0
1067 1631 133 151 319181 0 0 0
-2837 528 264 120 190373 0 0 0
-2116 -1684 35 190 603882 0 0 0
2431 1657 88 110 778179 0 0 0
-370 -672 98 109 671942 0 0 0
-2839 -1853 115 113 778565 0 0 0
-1981 -546 54 197 584010 0 0 0
2973 -2754 31 224 711376 0 0 0
426 -1672 261 64 542438 0 0 0
1527 -2722 26 120 156126 0 0 0
-2587 361 227 107 459954 0 0 0
-2376 338 191 195 630091 0 0 0
-2860 1363 195 70 762264 0 0 0
-869 -1585 4 18 210797 0 0 0
-494 631 118 241 966727 0 0 0
1124 1720 96 33 683044 0 0 0
-2843 -789 190 69 234532 0 0 0
-2717 136 30 134 600339 0 0 0
-95 1451 171 176 230690 0 0 0
-41 2752 70 157 216197 0 0 0
1036 226 78 180 449408 0 0 0
2037 621 154 54 919602 0 0 0
-2582 1570 96 35 617727 0 0 0
2373 -2068 207 113 570707 0 0 0
-977 2114 160 202 606032 0 0 0
-2516 822 108 95 575982 0 0 0
-1393 249 119 124 323658 0 0 0
1925 -496 50 159 472151 0 0 0
684 -1927 35 176 632428 0 0 0
