3000
-1599 -2888 73 23 207213 0 0 0
1111 -57 207 184 798382 0 0 0
1394 -1620 228 146 493797 0 0 0
-305 -1482 254 61 846887 0 0 0
-675 156 56 47 915073 0 0 0
-109 -1591 97 55 406960 0 0 0
177 1826 164 174 221284 0 0 0
2444 -1886 132 32 268775 0 0 0
-1431 1966 91 67 592221 0 0 0
544 -2820 140 185 227908 0 0 0
2395 -643 234 81 595455 0 0 0
-2829 2180 237 27 315159 0 0 0
-456 2137 132 186 921361 0 0 0
1714 197 179 187 852443 0 0 0
-981 -2513 37 56 735288 0 0 0
1969 1272 136 10 597260 0 0 0
-754 1740 55 15 214696 0 0 0
2138 2734 174 232 871808 0 0 0
2515 -2307 207 3 876726 0 0 0
635 1190 159 218 676566 0 0 0
2907 -1199 205 14 368088 0 0 0
1628 117 218 109 850226 0 0 0
327 135 55 205 812737 0 0 0
124 -2878 55 99 864858 0 0 0
-1776 -1977 247 244 283063 0 0 0
1164 -1489 251 45 528475 0 0 0
704 -539 196 63 235319 0 0 0
898 -284 120 117 874231 0 0 0
-2385 -188 210 202 634816 0 0 0
1279 -1192 215 250 386040 0 0 0
-981 -526 12 171 356784 0 0 0
-940 -1895 119 72 934409 0 0 0
-374 2936 72 147 980088 0 0 0
1342 -88 108 157 575485 0 0 0
250 -854 235 101 639846 0 0 0
959 -1876 165 172 100865 0 0 0
-1725 -1928 155 137 990423 0 0 0
-956 1607 58 75 941097 0 0 0
432 423 168 157 547142 0 0 0
2623 -854 22 222 809861 0 0 0
-1140 1377 61 26 870593 0 0 0
-2972 -2384 128 90 107370 0 0 0
-980 -78 86 204 996564 0 0 0
-2836 -83 248 132 632043 0 0 0
-1546 -1448 263 95 301715 0 0 0
1421 1441 187 96 184933 0 0 0
1600 1722 53 202 720777 0 0 0
711 2557 49 135 265388 0 0 0
1344 954 106 14 334015 0 0 0
656 821 195 237 896029 0 0 0
1979 1359 78 4 942756 0 0 0
1365 2536 67 96 316041 0 0 0
735 2782 93 79 300442 0 0 0
-2257 1458 6 214 979513 0 0 0
-2377 1796 135 26 838826 0 0 0
-1140 2892 62 184 291795 0 0 0
704 -1165 247 34 765836 0 0 0
600 2920 86 8 205512 0 0 0
-1268 -1115 232 44 738982 0 0 0
1533 1686 137 190 619628 0 0 0
-1070 -906 238 80 146425 0 0 0
-1457 -2031 232 228 956078 0 0 0
-2840 -640 20 124 833704 0 0 0
-1959 120 89 25 871256 0 0 0
-340 -343 87 161 634664 0 0 0
1319 2847 244 197 226647 0 0 0
-2205 185 96 251 444744 0 0 0
2871 93 86 110 690271 0 0 0
-1614 -1633 137 199 846762 0 0 0
487 1332 207 30 788998 0 0 0
1769 2934 159 28 670519 0 0 0
1879 -2224 16 94 564112 0 0 0
-195 1957 85 235 308735 0 0 0
-2981 -2568 199 106 713166 0 0 0
799 1899 41 211 750290 0 0 0
1659 -2859 25 55 956335 0 0 0
2414 -2692 183 56 118669 0 0 0
114 -354 258 110 225247 0 0 0
-473 -802 181 27 306736 0 0 0
2083 -209 244 4 104634 0 0 0
1620 260 55 191 830204 0 0 0
1620 1806 138 188 436701 0 0 0
-2052 2792 190 118 106859 0 0 0
-829 -1240 219 96 220628 0 0 0
766 -2453 112 68 475421 0 0 0
1370 2265 26 220 858548 0 0 0
-605 861 115 147 750555 0 0 0
2366 121 224 172 451195 0 0 0
-131 -2377 208 105 962024 0 0 0
1726 1522 184 80 362116 0 0 0
-2395 2478 165 66 835147 0 0 0
-2735 791 10 21 156373 0 0 0
1187 1639 52 47 131572 0 0 0
-2863 -1795 4 72 545985 0 0 0
-1363 -452 140 202 603618 0 0 0
-15 -64 78 157 934496 0 0 0
-1444 -836 88 210 849596 0 0 0
763 2072 92 22 230410 0 0 0
1080 296 131 61 431146 0 0 0
-1682 -303 202 81 326248 0 0 0
-2074 627 265 76 220104 0 0 0
1376 57 31 189 325584 0 0 0
2637 664 161 215 121201 0 0 0
2929 1694 205 19 246174 0 0 0
-29 388 195 11 156276 0 0 0
-837 -35 26 243 505226 0 0 0
1525 -291 134 99 132199 0 0 0
-1419 2467 253 191 159526 0 0 0
2090 -518 13 178 495986 0 0 0
98 -173 170 198 212422 0 0 0
1872 -1381 134 160 393717 0 0 0
2873 2125 187 92 898353 0 0 0
989 321 39 195 626715 0 0 0
-2868 434 24 5 787002 0 0 0
-2070 -2987 142 16 223433 0 0 0
-69 -715 67 107 232290 0 0 0
-3000 -1949 252 204 251987 0 0 0
1701 -1854 5 24 817995 0 0 0
-12 -379 133 236 487888 0 0 0
287 9 25 178 686371 0 0 0
501 1660 101 214 583385 0 0 0
-777 -221 11 111 942644 0 0 0
-168 2567 250 104 749568 0 0 0
-1750 311 246 217 393910 0 0 0
1324 -1267 159 67 195106 0 0 0
-789 -1737 174 2 710290 0 0 0
-1812 1588 23 122 611873 0 0 0
2843 -2251 71 41 442363 0 0 0
-938 -482 70 197 787294 0 0 0
-1685 -2706 4 39 289793 0 0 0
2177 -412 93 44 787667 0 0 0
2033 -2691 191 23 899486 0 0 0
-404 -1653 107 37 216391 0 0 0
1289 -2420 209 70 917188 0 0 0
-1302 -2932 230 89 330881 0 0 0
2735 -172 53 134 560488 0 0 0
-2546 986 222 56 668702 0 0 0
284 1251 205 21 590097 0 0 0
475 394 31 136 341352 0 0 0
-188 1263 107 208 939055 0 0 0
635 1538 259 120 642261 0 0 0
2349 -2853 197 231 515238 0 0 0
2531 898 190 228 591010 0 0 0
583 2678 20 86 783890 0 0 0
2954 487 74 133 464382 0 0 0
118 -2762 127 58 218835 0 0 0
-2297 -355 208 28 631589 0 0 0
-2836 -140 243 49 707408 0 0 0
-773 -1249 183 102 253571 0 0 0
-568 1420 35 76 360117 0 0 0
2462 -175 72 173 317683 0 0 0
1702 1710 180 159 573380 0 0 0
-695 2495 14 73 245544 0 0 0
-203 1487 191 145 992294 0 0 0
1544 -2029 174 82 190089 0 0 0
2337 214 32 101 707809 0 0 0
-25 1534 103 246 290915 0 0 0
-1246 2615 199 107 230924 0 0 0
-592 -2346 159 144 901056 0 0 0
-1023 2523 164 56 912438 0 0 0
-1883 1670 34 252 673678 0 0 0
2253 -2945 204 213 227255 0 0 0
-1608 -673 76 237 762876 0 0 0
-2653 -1067 150 74 777788 0 0 0
973 -2107 264 91 510810 0 0 0
845 -826 138 244 632462 0 0 0
2838 -2769 211 72 355423 0 0 0
959 -2080 49 180 427722 0 0 0
-2139 1454 244 53 780739 0 0 0
-1014 2512 6 198 520457 0 0 0
1280 -1412 259 165 291519 0 0 0
-2544 937 53 134 625730 0 0 0
-1313 375 199 142 703920 0 0 0
2200 1273 128 72 104206 0 0 0
-987 1564 225 109 507522 0 0 0
-20 2923 184 43 922300 0 0 0
-216 -2594 103 59 998917 0 0 0
1652 1385 133 163 667312 0 0 0
1115 2685 243 157 209398 0 0 0
2034 2009 192 66 602151 0 0 0
-1458 -967 3 231 630859 0 0 0
-1363 891 70 161 634374 0 0 0
187 2106 151 121 164796 0 0 0
-323 -2552 265 23 107937 0 0 0
-898 -1851 184 1 631289 0 0 0
2243 -367 13 107 436315 0 0 0
2097 536 37 164 502866 0 0 0
-2735 1214 144 23 301678 0 0 0
-1278 -2869 215 129 479403 0 0 0
-2532 -2334 245 29 998614 0 0 0
2373 -1318 205 129 104333 0 0 0
2025 -1078 175 60 543220 0 0 0
87 25 124 181 236849 0 0 0
1302 -958 30 235 229670 0 0 0
-1437 -701 133 241 731717 0 0 0
-959 598 72 224 927173 0 0 0
194 1820 85 86 164090 0 0 0
1471 2241 92 122 394998 0 0 0
-2483 -2807 193 74 860286 0 0 0
-1683 -769 171 3 318070 0 0 0
-1068 -317 27 132 709281 0 0 0
-524 1841 123 164 128023 0 0 0
502 2229 116 12 427440 0 0 0
1559 -2722 254 112 900927 0 0 0
-2002 1019 62 208 896701 0 0 0
1839 1047 69 186 898900 0 0 0
1332 2586 253 183 537968 0 0 0
-1429 1758 155 13 705013 0 0 0
2953 918 225 34 193984 0 0 0
1779 1796 4 50 294802 0 0 0
-245 961 213 102 708984 0 0 0
1783 367 5 237 445288 0 0 0
-2879 -450 251 160 258715 0 0 0
1708 2978 84 220 143878 0 0 0
-2952 1471 177 154 175399 0 0 0
140 1129 96 147 707563 0 0 0
-1287 1824 120 237 984418 0 0 0
-1889 2622 204 241 524550 0 0 0
-167 -2027 11 181 793073 0 0 0
-2293 1410 130 41 393092 0 0 0
2512 -635 12 92 339753 0 0 0
2046 -1684 228 230 308697 0 0 0
-1817 -1467 258 4 542603 0 0 0
2368 -619 103 23 101749 0 0 0
-2690 -591 129 59 444343 0 0 0
314 2760 214 204 541651 0 0 0
1139 1007 164 136 459951 0 0 0
-2855 -1890 80 202 300681 0 0 0
-1315 -2959 74 242 623183 0 0 0
1094 -2198 104 120 973101 0 0 0
716 -1462 239 186 150280 0 0 0
-1379 473 201 202 157956 0 0 0
-1319 2096 6 152 805899 0 0 0
586 919 67 98 495551 0 0 0
-311 -2885 239 61 544944 0 0 0
2890 -897 87 43 289910 0 0 0
-1317 764 133 88 195363 0 0 0
504 1493 61 53 769302 0 0 0
-603 -581 38 69 259126 0 0 0
2072 -337 225 119 128989 0 0 0
2068 -2412 101 23 875640 0 0 0
-2393 455 243 135 520378 0 0 0
-534 -1221 55 87 257232 0 0 0
29 -429 126 24 559087 0 0 0
-1397 -756 196 154 562551 0 0 0
1162 -2734 183 176 774594 0 0 0
-885 -2865 80 166 346347 0 0 0
2386 -1268 54 29 157840 0 0 0
361 -2077 81 240 890433 0 0 0
161 -2878 79 199 379404 0 0 0
-1624 2746 212 79 638075 0 0 0
2617 2742 32 173 591360 0 0 0
-692 2333 84 15 368500 0 0 0
3 1728 181 149 845192 0 0 0
-892 510 73 130 547314 0 0 0
-714 -689 125 17 917012 0 0 0
2191 4 120 239 593251 0 0 0
-2423 -2679 244 207 874354 0 0 0
-1533 -1226 265 49 266226 0 0 0
-19 -2896 81 69 601483 0 0 0
1316 2192 62 32 806750 0 0 0
-1980 1689 108 139 615246 0 0 0
-2083 1517 237 183 796620 0 0 0
2077 1993 125 35 354956 0 0 0
-1439 -2806 144 111 919852 0 0 0
-919 -1336 242 195 651099 0 0 0
-807 515 206 252 742872 0 0 0
-1965 2172 161 1 561732 0 0 0
-2436 1547 177 206 950381 0 0 0
2668 -2365 195 56 215798 0 0 0
1384 2274 50 169 882609 0 0 0
44 1601 208 187 467995 0 0 0
1349 -1006 186 52 142995 0 0 0
-2017 -1497 113 235 489294 0 0 0
559 -492 261 85 383429 0 0 0
-1642 -2186 50 131 427886 0 0 0
422 2066 230 220 890409 0 0 0
-1339 -2176 55 163 449404 0 0 0
-534 2040 33 159 178655 0 0 0
-2719 -2278 2 55 212039 0 0 0
2983 664 195 87 811139 0 0 0
-1405 1415 198 226 195804 0 0 0
2774 -2346 212 178 440883 0 0 0
-1535 580 117 34 280034 0 0 0
-1501 -2695 120 120 544158 0 0 0
1225 175 109 41 748731 0 0 0
2819 2539 26 166 989947 0 0 0
2310 -1031 186 162 245999 0 0 0
-163 760 59 176 907332 0 0 0
-248 -82 129 204 661947 0 0 0
2428 2285 53 77 511734 0 0 0
1117 -913 112 146 185868 0 0 0
-1908 2738 253 78 394061 0 0 0
635 -2719 248 140 273501 0 0 0
-266 474 175 105 996201 0 0 0
-316 2161 247 243 575618 0 0 0
-886 2828 60 243 700277 0 0 0
1459 -2231 197 173 361842 0 0 0
1955 476 175 160 371709 0 0 0
-2047 154 104 18 143631 0 0 0
1348 -441 184 201 370356 0 0 0
-1150 -790 89 168 760381 0 0 0
-2212 -2765 218 111 458434 0 0 0
816 2525 189 205 248961 0 0 0
-1878 -2245 245 85 921684 0 0 0
-751 -1695 79 138 521206 0 0 0
2190 924 56 237 546739 0 0 0
787 -5 170 15 143903 0 0 0
-2902 1062 46 72 245584 0 0 0
238 -2846 49 69 593641 0 0 0
1357 -2107 235 140 910075 0 0 0
-365 -2733 62 236 766709 0 0 0
2797 1024 90 211 938979 0 0 0
-1916 2758 222 149 132548 0 0 0
-2063 -1235 168 24 647072 0 0 0
93 -1245 259 208 400635 0 0 0
-2298 -2907 45 220 143356 0 0 0
994 -2870 187 119 689705 0 0 0
30 1744 144 96 445483 0 0 0
-276 -1783 1 29 439576 0 0 0
-2162 -1171 201 64 952007 0 0 0
-169 1536 143 105 525180 0 0 0
1295 -532 84 236 165214 0 0 0
-280 354 45 78 758388 0 0 0
-124 624 204 42 928628 0 0 0
2762 -310 86 61 651932 0 0 0
-1834 792 227 92 457997 0 0 0
1610 1940 221 199 771679 0 0 0
971 382 225 114 703767 0 0 0
-928 1889 31 42 413458 0 0 0
2037 346 176 1 787171 0 0 0
-2918 -1046 43 197 857332 0 0 0
757 -486 177 122 994064 0 0 0
423 -1477 153 46 575829 0 0 0
-619 2563 85 82 402902 0 0 0
-517 2940 127 136 654290 0 0 0
1774 -834 107 154 933836 0 0 0
-820 -1929 211 52 302664 0 0 0
-762 1028 83 18 754823 0 0 0
-519 933 170 44 290678 0 0 0
2076 -2186 154 127 316490 0 0 0
2124 641 149 199 605690 0 0 0
2240 -766 15 44 847360 0 0 0
1114 -2677 96 113 512789 0 0 0
2357 2181 91 219 488388 0 0 0
262 -268 258 17 765579 0 0 0
1201 1808 84 244 923440 0 0 0
-2954 602 197 100 527560 0 0 0
729 2993 247 157 444722 0 0 0
1135 1092 58 139 261552 0 0 0
2749 1276 33 162 821842 0 0 0
1746 -449 98 114 193246 0 0 0
-346 1254 187 213 654975 0 0 0
-3 1261 22 215 792191 0 0 0
957 205 125 1 128915 0 0 0
891 -2027 110 232 782103 0 0 0
2160 88 95 36 236297 0 0 0
-544 -2291 132 26 669612 0 0 0
676 1356 265 218 819714 0 0 0
-1760 -1586 12 151 398063 0 0 0
-484 743 96 12 580070 0 0 0
-1820 -101 160 76 875664 0 0 0
-2060 671 35 150 959499 0 0 0
-1561 -714 70 249 135072 0 0 0
-331 -1729 243 56 501847 0 0 0
-1845 850 28 42 103472 0 0 0
1121 1588 109 138 466920 0 0 0
148 2940 152 172 846715 0 0 0
-1847 -717 159 20 377320 0 0 0
1856 2573 155 3 376623 0 0 0
604 1406 153 4 288516 0 0 0
671 444 126 244 721604 0 0 0
1050 115 135 189 214136 0 0 0
-1780 6 82 48 342567 0 0 0
-1963 899 181 154 359712 0 0 0
1937 1761 14 59 741688 0 0 0
-125 -2969 2 51 295916 0 0 0
2973 -624 88 142 438871 0 0 0
458 1466 149 23 813494 0 0 0
-2053 637 231 71 842429 0 0 0
-2274 291 75 98 285814 0 0 0
-254 1552 265 34 146915 0 0 0
249 -1261 7 135 699277 0 0 0
-928 730 206 211 585431 0 0 0
-2591 -1955 261 15 642197 0 0 0
1980 637 73 169 790778 0 0 0
64 945 89 221 573917 0 0 0
-2687 -2056 157 111 688896 0 0 0
1959 1461 11 46 294842 0 0 0
-1777 2926 104 48 117745 0 0 0
-310 -1348 108 149 942415 0 0 0
432 -1760 45 63 211095 0 0 0
-1529 2165 154 111 305059 0 0 0
1077 -30 30 42 958001 0 0 0
2538 -2128 149 48 163012 0 0 0
-753 1190 221 35 458335 0 0 0
110 -2468 227 124 754351 0 0 0
-739 -933 196 131 596752 0 0 0
-961 -1814 195 160 569266 0 0 0
-1575 -2283 221 189 829750 0 0 0
2188 2184 120 196 273300 0 0 0
2146 -2501 59 27 902011 0 0 0
2584 2517 153 125 710080 0 0 0
961 -2512 176 66 708107 0 0 0
1536 -1530 166 81 663117 0 0 0
-2460 104 246 199 123896 0 0 0
2987 -1820 184 86 414830 0 0 0
-655 2409 118 6 787315 0 0 0
1578 470 149 10 866052 0 0 0
1836 2865 163 180 351081 0 0 0
1513 375 40 198 573392 0 0 0
2487 1943 228 46 863272 0 0 0
2810 1526 181 24 520062 0 0 0
1544 1333 24 188 441470 0 0 0
-1647 -2092 235 108 461573 0 0 0
-584 -433 142 208 760283 0 0 0
2002 -513 219 196 605079 0 0 0
-461 725 59 195 324743 0 0 0
403 -2884 198 88 274029 0 0 0
-725 2410 125 122 802476 0 0 0
-1161 -1164 265 123 978387 0 0 0
1145 -877 206 91 544111 0 0 0
-2159 -494 183 12 956173 0 0 0
-1139 -714 144 43 955123 0 0 0
-2392 -1647 103 88 452968 0 0 0
-1354 -2539 34 167 132190 0 0 0
2157 -1673 101 190 996773 0 0 0
2079 1687 159 103 643770 0 0 0
1836 1270 101 37 694979 0 0 0
2020 1859 118 166 151418 0 0 0
-2389 -2243 79 33 429958 0 0 0
-1939 -2490 172 233 788073 0 0 0
-1465 -738 168 107 355544 0 0 0
647 -1387 232 61 785538 0 0 0
1320 -1174 198 49 497717 0 0 0
2772 -1145 169 39 688229 0 0 0
-805 2858 181 44 603818 0 0 0
2739 952 187 138 277455 0 0 0
-2082 328 177 131 825083 0 0 0
-448 2707 152 2 818770 0 0 0
-582 2938 237 26 137058 0 0 0
2276 2887 215 157 632111 0 0 0
-2475 2645 62 237 790473 0 0 0
1749 -167 75 181 266156 0 0 0
2980 2048 165 23 587994 0 0 0
1380 1687 38 211 402826 0 0 0
-139 -2468 52 63 532272 0 0 0
-1759 -1049 122 74 321949 0 0 0
10 186 72 247 859811 0 0 0
-2916 1217 119 121 699009 0 0 0
2748 -2537 125 236 323725 0 0 0
-2766 1719 200 26 500680 0 0 0
-2303 -2304 154 233 190268 0 0 0
1777 -881 3 194 402762 0 0 0
160 -441 186 189 831822 0 0 0
-1338 -2656 54 186 338975 0 0 0
543 -2274 115 142 277269 0 0 0
-2409 -387 237 164 422878 0 0 0
1747 -1582 12 155 367115 0 0 0
851 -2656 184 41 848579 0 0 0
567 -1999 14 87 864189 0 0 0
-1617 1926 254 100 118758 0 0 0
2170 467 140 231 863553 0 0 0
-2554 2875 250 247 104708 0 0 0
522 1625 250 220 666857 0 0 0
-2674 -1821 139 44 925467 0 0 0
1234 -624 172 238 241029 0 0 0
-2237 573 242 111 900205 0 0 0
2255 2084 106 38 853952 0 0 0
-2640 175 30 240 719975 0 0 0
-2704 2093 128 182 819895 0 0 0
-1825 1204 241 248 477400 0 0 0
668 2740 265 175 279052 0 0 0
36 98 171 157 197555 0 0 0
1952 2040 90 215 182066 0 0 0
-2219 -211 242 223 725205 0 0 0
-1601 -1921 147 113 182118 0 0 0
2058 875 53 88 594655 0 0 0
-747 -1723 180 151 493122 0 0 0
-762 -261 220 188 935356 0 0 0
1113 -808 75 206 453535 0 0 0
1906 -2247 19 190 379491 0 0 0
172 -636 243 174 434237 0 0 0
2907 753 66 100 295600 0 0 0
-1980 1813 76 124 444305 0 0 0
2209 99 47 65 842009 0 0 0
2502 -2342 117 96 411349 0 0 0
423 1261 208 160 326746 0 0 0
1375 -722 265 190 880276 0 0 0
818 2659 61 58 150742 0 0 0
524 907 156 194 694537 0 0 0
-2389 1494 139 226 914733 0 0 0
950 92 212 92 365787 0 0 0
-2163 177 131 173 489231 0 0 0
1454 -1810 61 94 506884 0 0 0
-1834 -1206 56 32 400970 0 0 0
2822 1352 114 163 227184 0 0 0
1367 162 160 30 356328 0 0 0
1084 -720 140 211 771268 0 0 0
-473 1887 185 32 736440 0 0 0
-1869 -1314 7 39 426570 0 0 0
1034 2025 150 166 829038 0 0 0
-505 -2574 166 244 881833 0 0 0
-898 1785 262 1 259707 0 0 0
-2277 2370 169 56 921555 0 0 0
-2125 2068 218 229 447786 0 0 0
-2669 865 165 210 707256 0 0 0
484 1789 155 155 463412 0 0 0
-2841 1945 173 188 683679 0 0 0
203 569 238 248 143651 0 0 0
1827 1519 203 155 372325 0 0 0
-2038 2871 87 74 806070 0 0 0
2554 -1027 63 225 524564 0 0 0
734 -1501 255 148 929247 0 0 0
-202 515 164 231 397704 0 0 0
240 1545 48 61 293047 0 0 0
-1398 940 110 86 414180 0 0 0
389 -680 199 220 842754 0 0 0
2942 1792 2 78 906785 0 0 0
-70 -1115 105 21 294664 0 0 0
-2103 1970 93 114 133953 0 0 0
-1162 259 232 62 142894 0 0 0
2100 255 49 72 780129 0 0 0
2151 -2065 142 250 974448 0 0 0
-1265 456 89 236 540964 0 0 0
-2128 1085 221 219 495031 0 0 0
-2088 -2591 46 42 626519 0 0 0
-2987 676 41 165 791325 0 0 0
-1655 669 176 81 842567 0 0 0
440 1578 125 167 945948 0 0 0
-722 715 68 213 300544 0 0 0
-769 -25 29 104 618272 0 0 0
-1282 1955 74 142 270242 0 0 0
1115 1409 146 206 952051 0 0 0
-48 -254 119 215 948372 0 0 0
-1632 95 212 58 775885 0 0 0
1801 2976 71 129 273337 0 0 0
1990 -1009 133 185 748950 0 0 0
1789 -545 204 194 755766 0 0 0
-892 -1482 209 43 345494 0 0 0
2007 1444 145 50 559086 0 0 0
1438 2943 244 84 269076 0 0 0
1238 -1114 58 169 339199 0 0 0
241 2475 223 232 277171 0 0 0
2425 1218 93 86 348804 0 0 0
2821 -2442 13 42 315377 0 0 0
-1388 -1958 46 45 816375 0 0 0
2205 705 36 33 308365 0 0 0
-2776 -578 246 7 320628 0 0 0
1495 -2292 251 102 244336 0 0 0
-2898 2783 14 31 272232 0 0 0
12 -713 62 11 606291 0 0 0
2387 -4 126 124 931218 0 0 0
-176 -596 135 80 460145 0 0 0
-2139 2440 121 73 867991 0 0 0
-759 1066 214 216 341087 0 0 0
-1954 1431 264 40 638783 0 0 0
-1942 -1492 108 79 201516 0 0 0
1083 153 224 213 569292 0 0 0
-518 -2033 64 164 763645 0 0 0
-1397 2757 8 183 537549 0 0 0
-2138 2089 186 50 224980 0 0 0
-2048 -1516 103 156 345742 0 0 0
-1152 -1677 232 153 145592 0 0 0
-256 -1746 183 181 305108 0 0 0
-1086 -825 85 174 227333 0 0 0
-413 -1902 240 247 128587 0 0 0
2117 1752 92 10 639292 0 0 0
1476 1357 86 73 476738 0 0 0
1748 -1958 246 150 950357 0 0 0
544 2525 263 110 905002 0 0 0
-2664 -1127 236 208 475986 0 0 0
-1299 84 90 27 174096 0 0 0
-2235 -1217 119 200 771793 0 0 0
-785 -1666 160 11 817919 0 0 0
-1246 2829 133 70 414105 0 0 0
-2375 2964 200 107 649300 0 0 0
-1292 397 113 195 147618 0 0 0
200 906 224 248 671319 0 0 0
326 -50 27 214 212288 0 0 0
1400 -2517 265 92 288063 0 0 0
1441 -2674 175 242 850975 0 0 0
-2843 -2247 165 173 975314 0 0 0
458 2451 97 130 277521 0 0 0
2083 -133 146 28 691205 0 0 0
-1616 246 212 62 766254 0 0 0
2601 -1349 225 190 518856 0 0 0
2388 -1995 173 128 183519 0 0 0
1268 -1803 42 35 909267 0 0 0
-1774 -161 146 190 607717 0 0 0
-2541 -1606 100 83 923859 0 0 0
-864 -1247 46 242 465583 0 0 0
-765 -2038 167 20 653936 0 0 0
2714 -2799 92 165 424372 0 0 0
-2882 -382 207 134 324895 0 0 0
-2188 -516 211 126 185529 0 0 0
2654 422 201 94 247033 0 0 0
-807 -1288 247 99 319230 0 0 0
2227 360 184 79 726322 0 0 0
-207 810 130 150 209703 0 0 0
788 707 154 51 182403 0 0 0
-2118 -1113 119 108 387123 0 0 0
807 1641 25 160 896041 0 0 0
-1356 -1843 37 221 376153 0 0 0
1459 -307 71 64 786960 0 0 0
2949 1414 74 189 908149 0 0 0
1401 -2361 248 167 744571 0 0 0
1215 -1540 140 39 870541 0 0 0
-784 -2616 53 93 311768 0 0 0
1410 -1489 264 118 631130 0 0 0
-1787 2525 87 86 761247 0 0 0
2490 -1813 91 202 262712 0 0 0
1048 -976 108 198 841736 0 0 0
1531 2236 78 91 374660 0 0 0
248 1306 39 145 755585 0 0 0
1791 1052 194 64 527692 0 0 0
-681 -1902 80 111 715445 0 0 0
-2645 2062 102 202 275779 0 0 0
-2624 47 236 69 913691 0 0 0
-2128 -2971 162 120 584690 0 0 0
-505 1015 92 42 671765 0 0 0
605 -821 82 123 773269 0 0 0
2354 2832 67 21 256100 0 0 0
-318 -746 211 90 315717 0 0 0
1019 -826 88 52 555020 0 0 0
2780 2946 159 179 207674 0 0 0
775 2874 170 193 628891 0 0 0
-1564 -594 113 209 461449 0 0 0
2349 -1784 149 64 216798 0 0 0
1073 337 100 131 586241 0 0 0
1773 1288 73 240 259486 0 0 0
-1208 -2665 36 19 636452 0 0 0
505 1374 72 155 500502 0 0 0
2855 1984 54 13 197649 0 0 0
-1197 1607 82 18 562275 0 0 0
2719 1846 241 224 735031 0 0 0
-2992 -2006 155 226 798179 0 0 0
1331 -2144 97 250 890524 0 0 0
1622 1769 127 222 424537 0 0 0
2059 -1980 150 157 141435 0 0 0
1226 2928 70 84 971936 0 0 0
-1520 664 223 101 891257 0 0 0
1586 -841 69 26 742245 0 0 0
-2795 -1636 165 244 985040 0 0 0
-2238 -902 12 172 496622 0 0 0
-2417 -291 198 170 402347 0 0 0
1108 2329 251 73 739355 0 0 0
2208 1872 200 203 207890 0 0 0
1643 -1914 93 45 437793 0 0 0
-79 -1727 234 212 998029 0 0 0
1955 -1320 122 113 627400 0 0 0
-1586 2902 47 71 954679 0 0 0
-710 1875 12 200 766657 0 0 0
-215 305 79 159 742148 0 0 0
852 1053 74 81 695575 0 0 0
-2632 -2100 4 183 294375 0 0 0
1334 -1279 239 42 225268 0 0 0
1453 -2424 235 190 142838 0 0 0
-2250 1903 145 251 247819 0 0 0
2866 430 264 172 319149 0 0 0
-193 -1181 42 14 977877 0 0 0
-1069 1937 125 101 293422 0 0 0
-832 1640 139 55 831034 0 0 0
249 -725 25 46 666898 0 0 0
-902 1297 248 196 153659 0 0 0
-879 -1229 80 247 444608 0 0 0
-447 972 244 57 312541 0 0 0
574 1122 224 3 830947 0 0 0
-1936 537 229 110 469113 0 0 0
2464 -1546 26 95 860586 0 0 0
-736 -1999 131 20 744914 0 0 0
2674 1853 35 63 215180 0 0 0
-2814 -62 64 44 336174 0 0 0
-2320 -1393 204 2 472098 0 0 0
373 -1555 81 245 960819 0 0 0
-2004 2180 127 143 321293 0 0 0
1599 -276 256 229 212762 0 0 0
-247 -1248 173 32 792506 0 0 0
-45 -109 160 207 484085 0 0 0
-731 2755 99 174 924322 0 0 0
-1761 1835 156 81 578843 0 0 0
-2118 -1861 257 206 671442 0 0 0
2589 -2615 143 208 403790 0 0 0
-2438 -2236 14 110 924127 0 0 0
-1714 -1719 248 147 925388 0 0 0
-1101 -109 212 99 384212 0 0 0
1389 2153 151 245 739234 0 0 0
2401 72 87 249 941360 0 0 0
1648 513 236 88 524169 0 0 0
-1568 -2910 142 222 958891 0 0 0
1614 2826 180 6 174988 0 0 0
-911 -1139 238 236 734854 0 0 0
-2599 637 91 30 657448 0 0 0
-400 985 191 128 315629 0 0 0
2921 -818 32 44 748620 0 0 0
-1834 1240 230 82 561925 0 0 0
-2487 2916 98 220 647358 0 0 0
2325 -2697 125 223 992522 0 0 0
1233 -1461 236 53 999968 0 0 0
404 988 246 203 244558 0 0 0
2802 -1763 184 24 303888 0 0 0
-878 -1594 41 231 336808 0 0 0
484 -2137 67 247 891934 0 0 0
-760 -582 154 1 347011 0 0 0
-2184 2233 60 219 254527 0 0 0
-2855 2459 17 8 443029 0 0 0
49 -1362 254 141 398322 0 0 0
-2483 1165 247 166 686035 0 0 0
-1744 2597 90 22 761604 0 0 0
1018 2921 219 55 498132 0 0 0
1615 -2181 237 146 612206 0 0 0
-2864 -1916 162 23 776334 0 0 0
-1106 -2293 142 46 591874 0 0 0
-487 1207 25 122 580276 0 0 0
1416 -1637 164 34 978263 0 0 0
2040 -1588 145 198 114649 0 0 0
1699 442 144 215 666504 0 0 0
1189 270 175 200 499493 0 0 0
-2796 -906 98 169 377716 0 0 0
1352 -1274 144 32 490190 0 0 0
2965 554 67 110 644013 0 0 0
-2226 -2273 199 54 941192 0 0 0
1817 -170 181 72 367875 0 0 0
-2401 -1787 67 75 446552 0 0 0
-1199 -617 193 109 782364 0 0 0
-2991 -1399 106 126 626934 0 0 0
2726 1303 105 40 480800 0 0 0
1312 -1947 3 167 807302 0 0 0
1035 -495 234 151 527155 0 0 0
-768 1163 28 125 577223 0 0 0
1737 2937 146 117 975462 0 0 0
2893 1586 18 184 179172 0 0 0
-1450 2508 249 18 874543 0 0 0
-1587 -402 82 175 787880 0 0 0
820 1852 78 120 618609 0 0 0
-533 -1158 126 173 866713 0 0 0
-1532 1799 237 79 845905 0 0 0
-308 2044 130 33 797876 0 0 0
-68 246 64 53 223653 0 0 0
1609 -1658 124 175 476950 0 0 0
1391 -437 4 88 352973 0 0 0
2783 -828 81 88 510527 0 0 0
-2783 -2625 132 221 600823 0 0 0
1538 824 176 51 540814 0 0 0
-2124 1536 255 175 536259 0 0 0
2497 1682 76 160 121867 0 0 0
2753 -2747 254 204 506417 0 0 0
-2651 1299 7 144 896066 0 0 0
2403 1559 152 135 338911 0 0 0
1710 719 130 22 996746 0 0 0
2474 -991 225 72 554847 0 0 0
1575 -2222 226 146 840778 0 0 0
-2266 2851 189 102 685851 0 0 0
-1716 149 224 138 263180 0 0 0
2074 -2618 127 23 401169 0 0 0
638 -1555 82 174 889913 0 0 0
378 -427 87 32 842830 0 0 0
-2940 -1235 252 23 569518 0 0 0
-2304 1872 145 25 847252 0 0 0
-50 1249 213 17 366663 0 0 0
2442 -655 137 104 730902 0 0 0
-394 2565 225 39 212884 0 0 0
-1852 -1687 168 243 376920 0 0 0
-2989 -1884 44 128 955315 0 0 0
-1706 -2496 32 105 710415 0 0 0
1949 1899 182 128 174653 0 0 0
538 -1616 114 140 779395 0 0 0
1697 1617 18 51 228737 0 0 0
1770 -2914 200 15 258090 0 0 0
-234 -2024 255 170 832294 0 0 0
-600 813 132 83 807122 0 0 0
-1995 -593 108 97 248920 0 0 0
-2621 -2913 188 192 934570 0 0 0
2806 2267 77 138 299884 0 0 0
-2440 2911 4 215 870559 0 0 0
-463 -2640 217 140 690164 0 0 0
1699 -2175 100 232 114131 0 0 0
-1087 2483 215 210 205808 0 0 0
-2018 -482 109 86 915791 0 0 0
1183 -2060 221 48 156213 0 0 0
-1886 2913 150 17 668294 0 0 0
1495 1703 12 104 635893 0 0 0
-1237 -1428 167 175 580689 0 0 0
-1481 -1091 75 243 719355 0 0 0
-1216 1096 148 7 839460 0 0 0
756 -2121 171 13 270247 0 0 0
-1259 -370 56 179 325311 0 0 0
-1 -1258 18 235 369352 0 0 0
1154 40 11 238 673635 0 0 0
1468 -60 192 183 145262 0 0 0
163 -1298 203 32 374528 0 0 0
-590 -2900 52 161 528465 0 0 0
278 1936 96 120 596706 0 0 0
1568 639 247 14 760404 0 0 0
-1341 -860 85 61 160343 0 0 0
-2811 95 20 249 389795 0 0 0
-67 693 252 109 459614 0 0 0
2875 716 198 157 810017 0 0 0
506 -1486 120 219 710802 0 0 0
-2929 -510 250 188 606082 0 0 0
-2744 -2015 41 73 364453 0 0 0
1195 -2156 116 163 442447 0 0 0
-2655 -386 92 252 324374 0 0 0
-1146 -578 248 66 493176 0 0 0
-2007 685 14 34 424359 0 0 0
-122 -267 228 188 369959 0 0 0
1764 -208 188 87 229847 0 0 0
2940 -2361 83 191 863837 0 0 0
1380 -390 256 22 962554 0 0 0
879 -2229 195 7 985930 0 0 0
1107 328 72 30 745918 0 0 0
630 -2375 40 194 555321 0 0 0
-2176 -775 119 136 384145 0 0 0
77 -1729 53 178 478020 0 0 0
683 -1892 186 220 369085 0 0 0
-704 -2216 208 89 742454 0 0 0
332 -1277 212 39 607732 0 0 0
-93 -1348 14 32 696942 0 0 0
-405 -972 250 126 485152 0 0 0
-1383 -136 117 233 249324 0 0 0
-894 1594 54 204 755035 0 0 0
325 -1386 86 11 764964 0 0 0
-2372 -1178 136 226 526519 0 0 0
2709 -2637 96 21 658160 0 0 0
908 -1940 116 35 528593 0 0 0
-97 -2491 255 140 167370 0 0 0
-283 -316 55 130 313176 0 0 0
-218 533 217 169 925151 0 0 0
2776 -2192 71 115 912667 0 0 0
-2007 -1755 66 122 677592 0 0 0
-1429 -455 157 4 636675 0 0 0
2578 -2812 51 220 384808 0 0 0
2629 2563 9 205 104329 0 0 0
-1457 1030 96 22 121043 0 0 0
-1852 949 81 220 128008 0 0 0
321 -2827 118 200 240544 0 0 0
-730 288 137 38 175870 0 0 0
-2125 -393 209 109 489274 0 0 0
-358 -2002 156 150 491607 0 0 0
244 -2599 236 103 890702 0 0 0
2427 -498 218 186 847582 0 0 0
16 769 193 245 398152 0 0 0
2314 1699 214 61 806448 0 0 0
-2185 231 63 247 219289 0 0 0
-1318 1080 132 183 474629 0 0 0
1590 -1453 121 188 366197 0 0 0
-2703 2414 259 217 388511 0 0 0
22 -519 209 173 638794 0 0 0
-2837 2440 231 3 706840 0 0 0
1525 -1990 94 65 564815 0 0 0
-27 -303 193 211 358358 0 0 0
-2542 -1343 75 219 259129 0 0 0
2475 555 96 184 412737 0 0 0
1709 -1106 231 184 498942 0 0 0
904 656 263 14 493611 0 0 0
-2867 1473 101 45 214155 0 0 0
544 -1347 198 190 136407 0 0 0
-2784 -1730 50 237 683093 0 0 0
1408 1563 169 206 178182 0 0 0
-1142 2229 73 167 539593 0 0 0
-2244 -1761 255 143 905613 0 0 0
-2130 -997 34 234 146786 0 0 0
2790 -1992 65 75 428352 0 0 0
678 -265 191 64 498047 0 0 0
350 2163 143 192 803492 0 0 0
2351 891 173 10 332996 0 0 0
208 2682 14 179 857739 0 0 0
1991 -1468 150 200 981965 0 0 0
-923 1045 188 145 555466 0 0 0
1617 821 83 168 574301 0 0 0
2076 749 174 111 493117 0 0 0
-709 -2227 138 42 523304 0 0 0
2536 1469 10 56 721607 0 0 0
2746 1914 259 248 341848 0 0 0
191 2635 160 96 149383 0 0 0
12 2649 10 5 485237 0 0 0
1886 2328 89 206 193218 0 0 0
2028 1240 119 31 150510 0 0 0
273 -1808 171 106 741518 0 0 0
2070 1625 138 236 401795 0 0 0
2890 601 222 191 849701 0 0 0
1593 -1722 99 149 398370 0 0 0
-541 1834 206 137 917278 0 0 0
2064 -2367 102 236 114583 0 0 0
355 619 102 23 517815 0 0 0
2867 2205 155 8 752218 0 0 0
871 -1271 21 24 396760 0 0 0
-135 945 56 146 677047 0 0 0
286 -329 2 232 433638 0 0 0
-2884 2403 124 99 551023 0 0 0
-2253 -2212 11 84 155695 0 0 0
-823 -987 224 110 201161 0 0 0
1584 1350 28 211 258729 0 0 0
-473 -1601 163 175 583137 0 0 0
2805 -876 157 204 579373 0 0 0
2948 2037 7 213 954605 0 0 0
-1560 -1817 148 247 816144 0 0 0
-2158 -687 129 158 267696 0 0 0
-2336 -1631 206 220 249174 0 0 0
-1499 425 72 25 975258 0 0 0
-1409 -493 97 121 878615 0 0 0
-2659 -1133 144 27 819253 0 0 0
-1533 2215 130 87 114611 0 0 0
-2065 1190 111 144 813592 0 0 0
2045 -1350 148 35 818867 0 0 0
-2330 -1088 55 108 798918 0 0 0
2223 -1279 165 67 712632 0 0 0
-1994 2103 56 204 298879 0 0 0
-2483 -2409 148 102 867953 0 0 0
1606 2856 198 71 132457 0 0 0
1785 2924 39 196 945507 0 0 0
2104 -29 175 46 345576 0 0 0
-2113 -120 261 252 578662 0 0 0
-3 -1379 103 145 160846 0 0 0
1642 2498 246 72 452715 0 0 0
1312 -2938 56 229 313978 0 0 0
507 1270 90 143 835255 0 0 0
-219 -1355 157 154 647366 0 0 0
2348 607 213 194 245146 0 0 0
1960 1321 254 29 585915 0 0 0
130 2629 207 73 788003 0 0 0
2948 -1643 95 204 705194 0 0 0
1563 -2144 97 161 243643 0 0 0
2579 1165 69 108 113630 0 0 0
-1634 -1822 36 54 236522 0 0 0
-993 705 155 62 255877 0 0 0
575 -2221 141 180 671387 0 0 0
-2559 -597 192 210 224701 0 0 0
-244 -2268 144 157 580711 0 0 0
-1892 519 114 184 249608 0 0 0
-1835 1118 132 135 443808 0 0 0
95 -2656 14 196 630478 0 0 0
-2693 613 83 192 290935 0 0 0
-312 -2908 11 236 546757 0 0 0
-308 499 82 66 651195 0 0 0
-2460 -2773 196 5 703776 0 0 0
-1288 2313 88 193 852368 0 0 0
301 503 67 161 424252 0 0 0
-873 2890 54 162 339267 0 0 0
1207 -2189 122 100 509621 0 0 0
1241 2616 25 32 542119 0 0 0
-1293 -976 218 93 232918 0 0 0
-1738 -1322 81 167 390944 0 0 0
1090 -701 126 237 367439 0 0 0
-1486 1715 193 146 504113 0 0 0
-2560 2674 256 87 509986 0 0 0
1414 -732 78 174 363530 0 0 0
764 498 37 132 348299 0 0 0
-786 -1702 94 141 953975 0 0 0
-1103 293 76 184 452386 0 0 0
-31 119 136 241 188967 0 0 0
2805 -2828 189 96 556092 0 0 0
1051 -144 34 106 700768 0 0 0
2636 -278 52 148 805542 0 0 0
2347 -410 100 160 850781 0 0 0
2124 1053 140 32 360481 0 0 0
-815 -1113 226 239 497429 0 0 0
-1649 -2120 179 5 109761 0 0 0
-2129 -2237 243 25 769024 0 0 0
2558 552 191 158 801315 0 0 0
-813 297 14 201 498628 0 0 0
-1914 1266 137 100 736641 0 0 0
445 148 98 119 869198 0 0 0
-2574 -479 43 223 209174 0 0 0
-1317 2795 215 203 896604 0 0 0
-190 590 197 145 677742 0 0 0
-1857 112 41 165 985887 0 0 0
-296 569 220 45 623194 0 0 0
555 -1002 255 54 261574 0 0 0
-1291 -1231 82 115 915972 0 0 0
-2085 -1917 138 86 943796 0 0 0
1282 1238 255 42 133124 0 0 0
89 -2194 9 117 483772 0 0 0
-2492 2651 206 110 880927 0 0 0
1871 2913 211 55 773209 0 0 0
-64 2239 181 93 862719 0 0 0
-1535 313 261 74 804495 0 0 0
-2431 2379 122 8 788057 0 0 0
454 1982 35 46 869067 0 0 0
944 -22 42 114 553642 0 0 0
-264 -2283 56 190 942745 0 0 0
-1379 1035 56 90 391996 0 0 0
-351 -421 42 157 207997 0 0 0
-2882 -1161 186 54 712377 0 0 0
1934 1135 58 105 601481 0 0 0
2633 694 46 134 410684 0 0 0
77 -795 194 126 254439 0 0 0
1112 1568 60 55 336599 0 0 0
1197 1305 215 39 183464 0 0 0
1281 -694 244 110 875772 0 0 0
-252 -1961 19 217 866244 0 0 0
1171 2834 248 75 269067 0 0 0
-1392 -680 138 105 151906 0 0 0
567 -2106 20 31 978249 0 0 0
161 1337 181 28 988401 0 0 0
-2205 2606 135 88 299879 0 0 0
528 2009 73 52 491548 0 0 0
-1451 -2615 121 27 271760 0 0 0
-1357 -2132 147 236 745444 0 0 0
-1062 -45 187 15 818146 0 0 0
-1994 1105 31 237 448778 0 0 0
-2650 -1283 251 211 766149 0 0 0
-750 430 234 99 417002 0 0 0
1072 -2491 181 111 485579 0 0 0
2174 2516 200 180 201611 0 0 0
-1555 -885 134 94 337998 0 0 0
-830 -2921 190 142 803413 0 0 0
-1235 1334 225 130 571616 0 0 0
-614 -1161 260 5 978006 0 0 0
2981 1846 81 134 514601 0 0 0
-825 -764 209 178 102562 0 0 0
-268 1418 219 3 483040 0 0 0
-2177 485 124 242 884581 0 0 0
1480 139 233 125 382155 0 0 0
987 2465 65 126 665390 0 0 0
2054 1121 155 108 550616 0 0 0
-406 641 125 135 931276 0 0 0
-1495 646 74 252 740670 0 0 0
-1035 1007 183 24 339667 0 0 0
-942 780 229 200 654831 0 0 0
-251 934 212 191 170347 0 0 0
1846 2205 100 105 888619 0 0 0
-2936 2013 68 88 524900 0 0 0
-138 1599 67 227 130083 0 0 0
-2075 2829 170 77 119184 0 0 0
-353 558 143 216 189355 0 0 0
2929 1346 119 212 278619 0 0 0
-1263 -1686 33 150 631935 0 0 0
1324 912 205 245 813975 0 0 0
1930 -2031 258 245 372150 0 0 0
-2713 1927 20 211 427539 0 0 0
-2049 1089 37 109 126741 0 0 0
2449 -72 143 19 339149 0 0 0
-597 -2251 159 27 321158 0 0 0
-1666 2837 256 205 331549 0 0 0
-165 1607 54 152 517332 0 0 0
-2108 -579 255 232 215498 0 0 0
-2106 2711 180 103 971605 0 0 0
1015 473 37 140 376139 0 0 0
-408 -996 43 63 980150 0 0 0
-97 -821 82 95 394654 0 0 0
-926 -1218 58 179 311131 0 0 0
2609 436 82 199 584720 0 0 0
2225 -2863 215 31 302134 0 0 0
1247 -1707 147 153 121686 0 0 0
722 2682 190 63 321497 0 0 0
-2135 2729 107 57 312227 0 0 0
2929 -1048 2 25 685226 0 0 0
2135 -968 217 180 556107 0 0 0
-607 2658 198 233 222459 0 0 0
2897 -1499 56 206 190602 0 0 0
-630 2628 146 238 253045 0 0 0
1211 2281 12 39 868681 0 0 0
1546 2708 116 219 179135 0 0 0
2276 1989 32 197 896764 0 0 0
2908 1826 86 131 863216 0 0 0
1329 -23 172 18 107125 0 0 0
2790 -2296 144 88 209007 0 0 0
679 -1959 199 137 463015 0 0 0
78 -1548 175 239 604179 0 0 0
-2394 469 48 250 251258 0 0 0
71 -1835 202 170 603960 0 0 0
792 2232 205 78 637569 0 0 0
401 -2474 160 125 894087 0 0 0
-383 1136 158 151 865658 0 0 0
-2508 343 243 102 134596 0 0 0
-1319 2096 230 88 726190 0 0 0
-1469 2848 261 198 467637 0 0 0
-2289 1764 241 60 162200 0 0 0
2703 2071 190 88 872175 0 0 0
1187 -2022 137 34 755836 0 0 0
-194 399 257 9 590892 0 0 0
-873 -248 151 34 473812 0 0 0
-1178 -2226 139 72 832069 0 0 0
1765 -1684 237 93 617727 0 0 0
-1908 -1430 250 51 715744 0 0 0
1192 2635 144 145 540814 0 0 0
1518 -575 67 113 422463 0 0 0
-45 1717 135 199 392521 0 0 0
2012 -2665 186 101 686362 0 0 0
-1917 -505 45 145 570390 0 0 0
-94 -2375 146 161 913432 0 0 0
-192 2876 33 144 361639 0 0 0
2047 1186 57 54 239134 0 0 0
2124 -205 214 44 661119 0 0 0
-400 -1758 43 239 717069 0 0 0
2127 2788 190 111 400901 0 0 0
2020 2571 155 214 391610 0 0 0
-949 2339 43 72 385548 0 0 0
-936 -31 142 176 962785 0 0 0
-1054 2818 7 103 257023 0 0 0
-1197 133 225 101 121482 0 0 0
-2774 -1744 117 91 224207 0 0 0
1113 -1641 177 168 769798 0 0 0
-377 -976 240 233 605158 0 0 0
-1689 -862 168 199 394229 0 0 0
-242 -470 232 157 269955 0 0 0
2895 -1976 65 101 975850 0 0 0
1109 2368 32 40 821334 0 0 0
1188 -2595 66 230 617569 0 0 0
-339 20 140 94 267608 0 0 0
3 2583 153 12 683627 0 0 0
-341 -107 10 56 375384 0 0 0
2302 -1501 189 239 811234 0 0 0
-899 1915 210 43 478894 0 0 0
832 -221 77 117 547276 0 0 0
-2776 -1712 104 192 484057 0 0 0
567 -2621 177 58 878350 0 0 0
490 1993 53 43 437420 0 0 0
-444 2309 230 13 575222 0 0 0
-2813 2976 10 218 604951 0 0 0
-276 -1018 128 41 964772 0 0 0
-62 -2612 212 199 727895 0 0 0
-1599 -1475 118 115 880448 0 0 0
2600 -821 137 79 245223 0 0 0
197 -2002 24 95 102401 0 0 0
887 -2346 74 90 292689 0 0 0
1900 1872 148 244 182810 0 0 0
-352 -1632 126 84 982984 0 0 0
-2182 1568 110 113 800651 0 0 0
2846 87 22 163 341828 0 0 0
1101 -851 46 134 508657 0 0 0
1655 -595 169 10 354226 0 0 0
-1219 2478 83 148 575024 0 0 0
1848 224 160 145 802996 0 0 0
-992 1407 73 10 437416 0 0 0
2519 1779 264 45 512632 0 0 0
362 -1837 243 230 947174 0 0 0
1094 2076 86 96 759900 0 0 0
1786 -2361 27 227 998081 0 0 0
-311 -567 127 44 607703 0 0 0
700 1625 104 85 262429 0 0 0
-271 -1222 130 208 436468 0 0 0
905 -920 262 206 632019 0 0 0
-1871 -1825 157 119 442851 0 0 0
1418 -1870 122 163 726548 0 0 0
1915 582 34 45 671383 0 0 0
-614 1304 221 52 757897 0 0 0
-2319 108 92 11 811161 0 0 0
596 -2253 8 138 399506 0 0 0
2731 -1529 109 180 244696 0 0 0
292 1787 77 198 875487 0 0 0
-255 -31 184 106 677317 0 0 0
677 -1903 174 98 744188 0 0 0
-366 2763 125 17 435901 0 0 0
1138 1583 130 199 694498 0 0 0
2053 2822 231 178 183144 0 0 0
45 1000 111 246 127303 0 0 0
-1059 1408 240 211 167315 0 0 0
-175 -1793 239 7 359630 0 0 0
-2857 1182 98 45 711843 0 0 0
-552 -1452 95 82 246759 0 0 0
-686 1991 102 32 320989 0 0 0
292 -1753 113 182 281987 0 0 0
-1966 1331 232 117 305114 0 0 0
1517 2703 181 7 250669 0 0 0
-2401 1194 232 71 888201 0 0 0
-408 -565 154 193 170323 0 0 0
2900 -1672 102 149 844070 0 0 0
-2434 2779 47 127 485130 0 0 0
389 1447 117 46 127994 0 0 0
982 -1399 57 214 229252 0 0 0
-813 -885 262 185 282994 0 0 0
1356 2210 246 92 208324 0 0 0
1169 1393 57 44 526512 0 0 0
-762 -1209 181 79 172965 0 0 0
-814 781 82 160 133417 0 0 0
-1216 -2770 258 211 996674 0 0 0
-868 -1000 34 182 441483 0 0 0
2962 -304 79 219 136687 0 0 0
-1986 -2039 138 80 983648 0 0 0
1316 1486 147 98 896650 0 0 0
-2720 1293 100 190 850282 0 0 0
-1561 1729 249 113 132793 0 0 0
-1822 -275 163 120 366343 0 0 0
2480 1008 164 247 528625 0 0 0
-731 -2615 176 79 686659 0 0 0
-1764 -163 128 29 309076 0 0 0
1471 2480 71 198 887944 0 0 0
-1806 -1967 195 141 656087 0 0 0
1533 -646 45 43 211458 0 0 0
1368 -649 120 135 670568 0 0 0
1292 -291 223 146 277294 0 0 0
1329 1181 240 89 105381 0 0 0
-1749 -1536 181 208 166258 0 0 0
-1356 975 151 152 485644 0 0 0
234 -2602 230 218 818345 0 0 0
-2080 -636 116 119 575835 0 0 0
-2918 -2076 248 244 919320 0 0 0
31 -2212 31 41 953628 0 0 0
-1828 -955 215 43 149191 0 0 0
1118 2433 87 9 351802 0 0 0
1569 -602 208 166 393432 0 0 0
1598 2568 36 52 543520 0 0 0
2521 2952 136 77 762497 0 0 0
-2311 1126 229 16 508506 0 0 0
-2904 -59 103 191 884248 0 0 0
-1986 -322 31 138 321143 0 0 0
2386 -1991 129 2 921552 0 0 0
-527 -58 253 3 633597 0 0 0
1466 2924 237 193 990169 0 0 0
-2655 1377 150 202 253801 0 0 0
-2765 726 89 78 511757 0 0 0
1814 1331 170 149 909541 0 0 0
-521 2587 237 91 697238 0 0 0
-2577 1850 99 26 786972 0 0 0
61 -2755 114 209 190564 0 0 0
1195 928 254 201 369646 0 0 0
-820 1100 20 28 196257 0 0 0
-2394 -2756 42 209 969786 0 0 0
224 -562 179 150 456914 0 0 0
1804 -2573 21 100 353000 0 0 0
-2011 -226 29 14 883472 0 0 0
235 168 29 207 925528 0 0 0
1924 1539 88 30 711579 0 0 0
463 1603 64 93 290982 0 0 0
1795 914 117 208 582221 0 0 0
-981 -1163 33 140 355913 0 0 0
2076 1650 178 185 967591 0 0 0
1686 -1838 68 44 176243 0 0 0
-2475 2102 172 193 144275 0 0 0
1368 1393 78 61 564377 0 0 0
419 2593 33 6 106101 0 0 0
-1557 -872 141 118 514923 0 0 0
2872 2577 54 177 621854 0 0 0
1868 1964 132 121 444535 0 0 0
1367 858 145 163 351959 0 0 0
2675 -1255 224 33 563654 0 0 0
-2273 -2506 226 215 345120 0 0 0
-2926 -2403 253 240 930709 0 0 0
-2720 888 89 7 759107 0 0 0
-564 -2236 209 158 844648 0 0 0
2337 1127 170 158 242287 0 0 0
740 1581 64 17 722539 0 0 0
-1882 536 258 140 139380 0 0 0
1045 -843 226 59 248707 0 0 0
1506 2420 33 229 666559 0 0 0
2357 -513 110 172 507681 0 0 0
1526 317 210 35 809810 0 0 0
1057 -1326 137 239 630703 0 0 0
2601 -379 92 80 538088 0 0 0
-648 -545 204 175 591973 0 0 0
2563 -941 157 218 526490 0 0 0
555 2094 69 81 829026 0 0 0
-1049 -2320 257 50 390467 0 0 0
-1710 -679 158 5 830331 0 0 0
2553 -2534 237 197 607739 0 0 0
-733 -1921 125 80 556578 0 0 0
-392 2778 179 65 380282 0 0 0
-1396 -266 31 250 145128 0 0 0
-2725 1850 35 118 611797 0 0 0
2450 -171 218 48 798529 0 0 0
-2262 -2629 8 166 780270 0 0 0
-1291 -1740 162 229 595752 0 0 0
1189 2203 226 138 597196 0 0 0
-920 -1771 260 110 559761 0 0 0
2027 2657 167 47 328346 0 0 0
-1462 1550 222 92 807915 0 0 0
466 -2456 111 244 549987 0 0 0
-2433 1095 188 212 182585 0 0 0
671 -1802 128 150 969112 0 0 0
-983 1753 130 46 854640 0 0 0
-102 2443 148 146 987465 0 0 0
-1967 -1662 25 223 344434 0 0 0
1911 -2877 219 240 563488 0 0 0
-2791 -785 36 161 725272 0 0 0
1370 -1602 44 19 221059 0 0 0
-869 203 103 122 955474 0 0 0
217 1536 152 150 828457 0 0 0
-918 343 261 17 577601 0 0 0
-34 -2381 122 138 567448 0 0 0
-2914 550 83 56 393218 0 0 0
-79 -188 262 98 190821 0 0 0
2488 -1278 36 187 893731 0 0 0
948 -205 211 66 198728 0 0 0
2498 1601 143 9 370112 0 0 0
-2025 -869 71 22 173515 0 0 0
-2800 1000 94 145 164457 0 0 0
-59 -1802 12 111 554787 0 0 0
1136 -2599 116 118 771676 0 0 0
2005 -1845 191 205 543877 0 0 0
311 2738 56 241 214474 0 0 0
567 1000 198 191 471023 0 0 0
-2758 1260 251 42 279785 0 0 0
470 -604 202 140 254857 0 0 0
1239 -246 72 82 139842 0 0 0
1889 -174 134 10 606189 0 0 0
-2180 173 31 22 106092 0 0 0
253 707 185 40 357638 0 0 0
-2300 -1166 190 47 829481 0 0 0
2483 -2928 209 171 206172 0 0 0
2236 -2647 57 141 187712 0 0 0
1194 -2270 260 190 570770 0 0 0
657 -1647 64 167 927546 0 0 0
-2843 -1860 55 140 180565 0 0 0
1835 -159 87 12 609713 0 0 0
1833 2293 45 28 547576 0 0 0
2414 -2694 165 43 335275 0 0 0
2943 -1218 66 159 401149 0 0 0
-462 1499 67 180 162324 0 0 0
-1207 -1232 199 133 133665 0 0 0
-2194 -575 192 51 347347 0 0 0
956 2753 190 95 866859 0 0 0
-861 1921 12 232 277851 0 0 0
2835 2991 206 107 376480 0 0 0
-1513 -1111 140 87 258161 0 0 0
1056 792 244 235 605742 0 0 0
-218 595 192 168 154931 0 0 0
1739 -2416 36 44 434272 0 0 0
2842 -697 121 161 771472 0 0 0
-1644 835 30 91 641602 0 0 0
-1820 -2070 251 110 786608 0 0 0
2267 2782 143 13 391653 0 0 0
-1744 -156 62 158 331344 0 0 0
1894 -1421 151 226 345864 0 0 0
-1481 -893 107 190 995553 0 0 0
2492 2947 207 57 981723 0 0 0
818 -445 70 72 566185 0 0 0
113 -474 237 1 843962 0 0 0
881 -266 245 3 137321 0 0 0
2003 -2591 239 128 936550 0 0 0
2118 -1016 245 228 330840 0 0 0
894 -1778 181 149 440341 0 0 0
-2310 -707 159 138 929469 0 0 0
2337 1732 20 149 440026 0 0 0
-2484 2374 245 213 426396 0 0 0
804 1507 161 251 119871 0 0 0
-2022 -280 59 224 313364 0 0 0
2304 -425 22 225 863592 0 0 0
783 -872 112 25 182232 0 0 0
2860 2325 177 129 309823 0 0 0
-389 -1811 36 61 862675 0 0 0
-2150 -2511 131 165 590967 0 0 0
2449 1717 142 146 542208 0 0 0
688 -2502 237 149 516974 0 0 0
-2708 2776 257 13 680472 0 0 0
-2571 2528 244 238 458553 0 0 0
-573 -1995 97 10 558735 0 0 0
2549 -1524 192 103 675435 0 0 0
1697 -351 242 198 675472 0 0 0
2437 1615 69 122 986728 0 0 0
-2329 1339 245 190 210492 0 0 0
556 1808 147 59 530351 0 0 0
2239 -238 234 95 893467 0 0 0
-2897 303 222 67 969259 0 0 0
21 83 247 144 474050 0 0 0
-1882 -1245 201 63 945249 0 0 0
1434 -1958 22 115 401284 0 0 0
2230 2685 176 208 804751 0 0 0
-305 -2516 252 240 754184 0 0 0
410 895 258 236 711172 0 0 0
-1730 358 48 155 888345 0 0 0
633 631 251 214 837624 0 0 0
-964 -448 122 194 260084 0 0 0
-1079 -1853 136 193 588285 0 0 0
1517 -1097 193 219 340984 0 0 0
-2954 -2152 93 55 697813 0 0 0
2016 2187 94 136 858687 0 0 0
-1324 -1444 63 158 300533 0 0 0
283 -2244 81 7 223522 0 0 0
1791 174 45 154 140069 0 0 0
-2266 2253 216 28 714539 0 0 0
-2052 500 83 241 390978 0 0 0
226 -1418 67 41 917040 0 0 0
1061 693 216 152 863870 0 0 0
2232 -319 169 96 271450 0 0 0
68 28 159 103 113327 0 0 0
-366 -241 33 96 669450 0 0 0
-1859 881 15 118 455490 0 0 0
-71 857 8 166 486650 0 0 0
2201 720 235 76 515328 0 0 0
-1881 539 231 66 773477 0 0 0
-2880 -946 130 143 309938 0 0 0
-2846 2844 26 86 395516 0 0 0
-1874 -376 162 243 255908 0 0 0
2059 1167 181 174 697093 0 0 0
1495 -2087 177 248 830639 0 0 0
1799 1989 68 191 292597 0 0 0
-2421 977 137 173 589981 0 0 0
-1237 29 241 208 347434 0 0 0
-579 -2966 191 231 555179 0 0 0
-597 -1570 78 122 213734 0 0 0
2083 -1556 125 69 716404 0 0 0
2674 2952 57 162 894157 0 0 0
1293 1344 149 80 668715 0 0 0
-1575 -1112 262 172 485351 0 0 0
-302 1465 101 216 605086 0 0 0
2000 -2817 83 91 408932 0 0 0
-1001 1873 29 223 578191 0 0 0
-442 2402 175 143 288540 0 0 0
-105 2887 96 244 555190 0 0 0
-1029 -155 110 22 194198 0 0 0
2043 -1742 244 6 811344 0 0 0
-2613 582 93 164 196885 0 0 0
-1742 -1503 35 10 925410 0 0 0
-1032 1289 20 226 114907 0 0 0
-654 -1492 31 228 819154 0 0 0
2584 1613 50 131 848206 0 0 0
-288 -998 262 148 243562 0 0 0
1739 1703 110 173 867377 0 0 0
-370 2019 14 49 715945 0 0 0
2749 2205 105 131 693605 0 0 0
13 -1895 260 140 445481 0 0 0
-577 -1675 198 58 751118 0 0 0
1821 2869 73 227 103381 0 0 0
-2392 1566 248 55 147078 0 0 0
-1350 1032 167 179 312915 0 0 0
-2082 1156 212 163 307357 0 0 0
2445 -2265 176 119 971518 0 0 0
2557 899 132 87 607229 0 0 0
-65 2230 254 29 990679 0 0 0
2124 -853 101 192 121410 0 0 0
2855 -1568 257 33 855224 0 0 0
2113 2859 107 232 220934 0 0 0
2927 -571 179 22 685206 0 0 0
1635 -507 51 11 659172 0 0 0
1819 -2237 104 209 320011 0 0 0
-2207 -2242 70 109 742250 0 0 0
2303 1868 55 251 273222 0 0 0
-2400 -436 158 3 816728 0 0 0
386 -1776 165 221 452849 0 0 0
1943 -337 43 106 625952 0 0 0
2016 831 141 234 317643 0 0 0
-429 -828 226 179 498114 0 0 0
20 360 240 155 768627 0 0 0
620 1622 100 42 476535 0 0 0
-873 -737 48 69 267757 0 0 0
217 2336 8 68 380215 0 0 0
1565 -1307 79 105 171347 0 0 0
-1645 1696 112 38 501434 0 0 0
-426 -890 35 164 273447 0 0 0
-733 -2893 249 40 404874 0 0 0
-530 -2028 75 50 718391 0 0 0
2829 2962 5 68 840022 0 0 0
-665 -1269 59 57 227448 0 0 0
-817 1810 32 219 299046 0 0 0
2799 1587 10 245 553356 0 0 0
704 1362 161 150 420399 0 0 0
2529 971 48 243 887694 0 0 0
2890 -2825 22 23 369818 0 0 0
-2790 1804 233 76 214970 0 0 0
2653 1997 200 219 689252 0 0 0
-157 -2107 18 91 998239 0 0 0
857 2651 72 205 248371 0 0 0
-2311 2254 132 92 507807 0 0 0
686 1101 79 130 276157 0 0 0
1303 771 201 60 727508 0 0 0
1287 621 185 58 917941 0 0 0
418 -2250 127 54 289206 0 0 0
-2872 -2469 123 102 235887 0 0 0
-2780 767 142 207 993023 0 0 0
-634 2021 79 82 471210 0 0 0
1771 -446 101 236 159497 0 0 0
-969 -692 115 221 636781 0 0 0
2460 -1764 117 197 902896 0 0 0
2696 996 26 196 710365 0 0 0
948 1035 5 144 512728 0 0 0
-1245 2481 22 83 446547 0 0 0
-1864 -849 85 156 718602 0 0 0
1205 -207 30 99 438106 0 0 0
-326 2653 97 89 220032 0 0 0
1220 -2032 41 148 465728 0 0 0
-2833 2635 44 185 499573 0 0 0
-426 -350 194 206 285773 0 0 0
-1662 2511 66 67 411789 0 0 0
-2813 -2501 221 5 771574 0 0 0
591 -145 139 54 449791 0 0 0
1795 1602 218 228 833755 0 0 0
-1607 -949 177 54 270511 0 0 0
-1301 -70 140 228 918138 0 0 0
-1363 2725 178 218 853194 0 0 0
2881 -811 35 177 937411 0 0 0
734 -488 161 3 589226 0 0 0
-338 -1806 221 128 435623 0 0 0
169 2373 231 117 859847 0 0 0
-1503 -200 170 232 691424 0 0 0
1178 266 48 68 112821 0 0 0
-1240 -906 178 110 135117 0 0 0
-1585 -416 224 191 369115 0 0 0
478 -536 26 249 478483 0 0 0
-2816 -1570 264 148 847841 0 0 0
-1234 2273 123 140 646718 0 0 0
-990 -279 26 35 259058 0 0 0
-2790 1848 38 22 167326 0 0 0
-1409 -1487 137 54 544591 0 0 0
289 -737 164 124 845975 0 0 0
2048 1678 228 184 276229 0 0 0
1553 -2083 154 25 595771 0 0 0
-1845 -267 93 44 812642 0 0 0
-913 -1926 198 148 217961 0 0 0
1950 342 24 199 755578 0 0 0
-800 -551 4 33 290365 0 0 0
-2863 1577 48 101 987086 0 0 0
-1416 -1094 98 88 445852 0 0 0
1230 -2067 114 227 626369 0 0 0
-1156 188 208 31 934547 0 0 0
-2389 944 265 97 180165 0 0 0
2227 1293 142 32 613333 0 0 0
-2873 -979 122 237 251538 0 0 0
2545 -765 199 88 673742 0 0 0
457 1738 60 19 288433 0 0 0
-30 1880 148 234 228141 0 0 0
2579 2624 12 43 101804 0 0 0
-957 668 70 195 485284 0 0 0
-331 -1986 77 8 318435 0 0 0
1479 -2457 72 21 470751 0 0 0
2781 -2700 34 157 534902 0 0 0
2558 -2880 185 228 622626 0 0 0
721 796 77 100 384782 0 0 0
839 -2922 170 245 831841 0 0 0
2725 -504 22 252 217504 0 0 0
-1667 -1453 38 232 964893 0 0 0
311 -1611 98 194 289678 0 0 0
-564 -972 169 230 195424 0 0 0
2431 -2020 228 145 204442 0 0 0
1753 1027 244 32 514487 0 0 0
-2217 -706 13 16 755621 0 0 0
-1529 -2448 108 3 462991 0 0 0
-340 335 188 72 380614 0 0 0
2344 -430 245 141 772222 0 0 0
-561 -2618 221 88 587978 0 0 0
-784 -577 198 178 597428 0 0 0
1986 1247 253 189 133693 0 0 0
832 -878 66 143 735470 0 0 0
-83 959 215 241 945924 0 0 0
1664 774 141 206 538193 0 0 0
946 1170 170 1 100951 0 0 0
813 -766 169 2 359598 0 0 0
-1292 -2390 121 185 472163 0 0 0
274 1600 66 78 303080 0 0 0
2507 -1997 120 147 779409 0 0 0
-2523 -172 2 16 119733 0 0 0
1988 659 188 174 572175 0 0 0
433 -2165 129 108 590848 0 0 0
-94 2707 34 229 599339 0 0 0
2043 -570 139 198 464407 0 0 0
2711 1662 127 69 151597 0 0 0
744 -2666 103 122 210399 0 0 0
-1827 -2554 256 214 686885 0 0 0
242 646 42 198 452321 0 0 0
6 -618 82 25 242005 0 0 0
-2707 -750 239 111 229109 0 0 0
-788 -210 132 88 675644 0 0 0
-1721 1359 208 94 564115 0 0 0
1720 -1660 106 19 369435 0 0 0
85 -1379 88 34 868187 0 0 0
-2876 1859 24 16 923698 0 0 0
2060 -906 78 12 160797 0 0 0
-1365 966 123 40 767849 0 0 0
-2946 -642 194 229 990763 0 0 0
1751 2909 153 156 599608 0 0 0
-778 2973 86 34 199109 0 0 0
1382 819 256 132 329255 0 0 0
-2949 -736 26 16 835340 0 0 0
-1145 808 224 81 642206 0 0 0
2363 2260 64 168 447661 0 0 0
199 -738 69 42 334036 0 0 0
-1365 -2174 124 208 524908 0 0 0
-2454 69 254 79 615873 0 0 0
-1000 -576 209 2 158886 0 0 0
-407 1022 53 214 669197 0 0 0
-2572 2752 54 225 299285 0 0 0
-1425 645 62 39 568199 0 0 0
1299 2024 46 39 902065 0 0 0
2110 2796 226 223 699542 0 0 0
-688 1846 4 19 810972 0 0 0
-3000 2230 31 141 172708 0 0 0
-1836 1392 54 21 349684 0 0 0
-2174 2604 23 193 506816 0 0 0
-1926 -622 246 209 611622 0 0 0
-1150 -2219 178 42 802248 0 0 0
-2169 -1974 111 188 327973 0 0 0
2613 2589 181 203 837182 0 0 0
-469 -2705 51 213 820720 0 0 0
-652 1467 19 125 738594 0 0 0
1731 -2534 232 192 281046 0 0 0
1914 2658 219 89 181200 0 0 0
425 -337 8 123 775865 0 0 0
2223 -1935 53 246 601759 0 0 0
52 2310 81 19 309913 0 0 0
-1322 -2524 69 2 539035 0 0 0
-1281 -2388 7 210 717075 0 0 0
-431 -1461 45 61 679220 0 0 0
2084 -190 19 20 464242 0 0 0
-1716 1304 195 213 182425 0 0 0
2804 -2171 121 19 382581 0 0 0
1851 -1409 219 37 861839 0 0 0
489 -2083 73 117 175224 0 0 0
-2196 -2294 196 173 963368 0 0 0
-248 641 171 130 659516 0 0 0
-1487 -538 40 244 666318 0 0 0
-1207 1733 137 215 714156 0 0 0
312 2695 156 183 962295 0 0 0
2741 -227 119 194 649651 0 0 0
2315 507 248 7 467758 0 0 0
-907 -718 263 209 519178 0 0 0
257 2295 172 101 533873 0 0 0
-1951 -2547 241 237 716654 0 0 0
740 1330 4 65 981783 0 0 0
1507 -1946 244 86 756173 0 0 0
-141 1673 168 210 963590 0 0 0
2280 -708 48 199 596165 0 0 0
-1134 -2480 14 165 100778 0 0 0
313 -1242 23 45 399261 0 0 0
-2555 2555 171 67 401393 0 0 0
2704 2370 164 39 622548 0 0 0
2888 -635 264 189 566303 0 0 0
1927 414 137 1 591368 0 0 0
1764 615 94 87 644857 0 0 0
80 -2216 1 91 780976 0 0 0
2803 -1108 196 224 233694 0 0 0
1528 -970 255 14 388929 0 0 0
-1836 -1595 113 177 155698 0 0 0
-1436 1006 114 219 660369 0 0 0
-260 -1694 91 61 658741 0 0 0
-1317 -2108 54 226 300785 0 0 0
-685 -935 92 236 802596 0 0 0
2960 1841 243 54 853400 0 0 0
-144 1282 185 150 506755 0 0 0
-1627 2390 164 33 205409 0 0 0
1651 -1954 125 55 310001 0 0 0
-1996 1396 231 162 194250 0 0 0
-1539 542 227 173 216039 0 0 0
-2025 2389 39 131 221017 0 0 0
1481 2657 235 164 381679 0 0 0
2508 -2286 152 162 535212 0 0 0
-2732 -1439 84 37 321349 0 0 0
-358 1630 159 13 310520 0 0 0
2727 -1461 142 222 682706 0 0 0
-1975 1834 215 200 554380 0 0 0
1314 -1438 186 42 140583 0 0 0
-57 2658 16 98 502339 0 0 0
1841 2343 65 68 119088 0 0 0
-2995 306 65 128 929487 0 0 0
-2393 -2970 55 192 842892 0 0 0
1079 983 21 51 609473 0 0 0
-269 1101 10 12 802609 0 0 0
2444 2215 83 6 663019 0 0 0
1510 -2366 98 227 632201 0 0 0
37 1705 12 76 194748 0 0 0
-1495 -731 224 131 405180 0 0 0
-1917 1393 54 60 640868 0 0 0
2802 713 212 89 589265 0 0 0
172 2379 212 121 402772 0 0 0
-747 -659 7 213 195280 0 0 0
-2340 -2759 146 76 941724 0 0 0
2446 -2341 244 81 400961 0 0 0
-856 1653 204 10 463623 0 0 0
-2268 1118 154 19 628723 0 0 0
-115 -704 54 234 909951 0 0 0
1552 -2345 162 28 484256 0 0 0
-899 -807 98 114 191832 0 0 0
-1713 1132 9 127 605824 0 0 0
-674 -2785 76 114 621080 0 0 0
-462 619 241 235 661558 0 0 0
1290 -2917 185 84 737548 0 0 0
2333 209 125 213 922766 0 0 0
2931 2596 110 23 376552 0 0 0
-655 1850 163 145 877804 0 0 0
-1970 2123 56 113 882198 0 0 0
2779 -21 209 160 465242 0 0 0
-2059 2938 265 216 693550 0 0 0
-2291 344 72 136 415213 0 0 0
-1717 -2888 173 133 444565 0 0 0
-2174 841 180 7 301469 0 0 0
-2424 2197 169 104 456500 0 0 0
-2873 -2488 22 177 835928 0 0 0
-1340 2410 67 189 786310 0 0 0
-1143 2489 247 58 542344 0 0 0
450 646 6 187 985346 0 0 0
-441 -202 255 159 180033 0 0 0
-1233 2807 207 164 592401 0 0 0
-258 275 59 60 916212 0 0 0
-2263 -2068 257 159 144946 0 0 0
2690 1275 120 43 514653 0 0 0
-2052 -2650 16 153 219649 0 0 0
1343 -1109 165 51 450720 0 0 0
-1527 -1248 118 27 940104 0 0 0
-865 -2572 151 185 455166 0 0 0
-1819 667 77 76 130878 0 0 0
-1239 -1354 66 15 657966 0 0 0
-2519 1062 6 56 695479 0 0 0
1494 403 116 182 867121 0 0 0
-2695 -914 213 167 508454 0 0 0
-2306 -2541 229 150 159923 0 0 0
-2626 191 91 65 957744 0 0 0
-602 -1168 2 144 836242 0 0 0
2185 -299 55 185 164758 0 0 0
-2924 2128 33 64 298123 0 0 0
-286 -2480 47 65 484067 0 0 0
114 -1011 92 128 955416 0 0 0
663 1795 74 110 855217 0 0 0
-184 999 31 205 677165 0 0 0
2982 -1656 177 232 960184 0 0 0
-2830 -2412 3 10 821589 0 0 0
-1669 1248 14 83 178838 0 0 0
-665 -1181 203 160 266662 0 0 0
-1355 1647 26 116 191405 0 0 0
-607 2132 161 181 444799 0 0 0
-1241 2718 210 193 803994 0 0 0
-1069 1449 240 114 778396 0 0 0
-2509 626 67 159 468500 0 0 0
1583 -1392 131 79 646246 0 0 0
-1246 -1895 134 14 250781 0 0 0
-1888 2969 88 19 202764 0 0 0
-927 -1541 243 135 418577 0 0 0
2276 832 113 76 926616 0 0 0
-1710 2516 208 83 688719 0 0 0
1504 -304 54 50 352177 0 0 0
2543 -81 61 101 707130 0 0 0
2879 1393 60 35 625430 0 0 0
230 1056 93 105 724734 0 0 0
-104 -6 115 13 466480 0 0 0
-156 2691 243 133 324537 0 0 0
-1318 -707 231 107 437817 0 0 0
-1899 -1599 249 173 660446 0 0 0
2210 -1443 239 107 477657 0 0 0
1532 845 183 223 410512 0 0 0
-1570 162 250 50 166094 0 0 0
2539 1125 32 245 510875 0 0 0
433 -282 173 71 678091 0 0 0
1475 -2655 21 240 762872 0 0 0
929 221 42 20 825617 0 0 0
-510 -2483 118 224 479602 0 0 0
-1312 622 149 212 149194 0 0 0
1694 -1674 70 3 118253 0 0 0
-1564 -1414 167 109 535084 0 0 0
91 2926 119 195 849254 0 0 0
-876 -1840 36 137 720370 0 0 0
-2934 -1630 25 122 435964 0 0 0
6 1332 249 148 446721 0 0 0
2653 -2253 97 76 246920 0 0 0
588 -2330 76 178 619027 0 0 0
-2119 -2376 100 115 651859 0 0 0
-943 -271 200 189 605029 0 0 0
-1944 -2489 42 18 650097 0 0 0
-1965 686 29 127 401976 0 0 0
2849 1732 98 125 997517 0 0 0
531 -295 97 252 963478 0 0 0
-533 -1078 153 85 125244 0 0 0
2830 -895 219 153 596152 0 0 0
-234 117 166 94 524876 0 0 0
-1439 -2880 209 220 997958 0 0 0
2341 2041 110 42 680917 0 0 0
1701 667 88 131 189769 0 0 0
-402 -1268 28 105 996187 0 0 0
-648 -1036 115 159 813032 0 0 0
-776 148 6 13 827122 0 0 0
2984 2486 67 251 343928 0 0 0
47 -2123 47 159 639892 0 0 0
697 -470 217 38 540370 0 0 0
-708 -2482 79 151 207946 0 0 0
-142 1997 204 217 396539 0 0 0
1615 434 20 105 726632 0 0 0
2768 1884 231 233 160878 0 0 0
-701 1734 129 234 640816 0 0 0
-890 -1723 192 61 960095 0 0 0
1234 -220 235 163 189897 0 0 0
-2948 408 260 243 736191 0 0 0
2477 -2761 67 72 207268 0 0 0
2627 246 119 216 849864 0 0 0
-1901 -2095 200 83 869265 0 0 0
-1238 1103 221 14 943693 0 0 0
1993 -1929 160 160 374150 0 0 0
-2859 -66 175 180 305642 0 0 0
-1544 624 252 106 255081 0 0 0
539 1521 215 173 933870 0 0 0
2938 1342 71 226 775628 0 0 0
-2015 1483 40 75 512356 0 0 0
2471 1521 74 230 183107 0 0 0
2479 -1995 42 127 324450 0 0 0
-1532 -1717 14 247 724022 0 0 0
1907 2395 213 20 187789 0 0 0
2239 -61 259 156 394223 0 0 0
-2293 -1676 188 89 514416 0 0 0
-1240 2196 44 83 648318 0 0 0
-2686 313 48 132 558300 0 0 0
-142 -2366 173 71 515080 0 0 0
-102 415 76 217 909970 0 0 0
1932 -798 244 235 271588 0 0 0
372 2441 118 113 308319 0 0 0
7 -1540 110 197 953629 0 0 0
363 2466 14 41 830234 0 0 0
-1194 1431 21 114 468896 0 0 0
-372 2632 191 35 404616 0 0 0
-2285 1549 76 86 216829 0 0 0
271 -1913 201 251 297910 0 0 0
-2057 -311 166 13 659152 0 0 0
-2133 389 147 1 600997 0 0 0
-2138 462 104 147 231659 0 0 0
-1323 2330 204 200 501631 0 0 0
1184 -2056 242 2 706587 0 0 0
2207 889 12 202 141555 0 0 0
-1928 1132 37 22 999508 0 0 0
752 -1873 56 79 928974 0 0 0
1599 -2784 255 160 567735 0 0 0
2011 1262 131 66 228563 0 0 0
-1650 449 151 77 374934 0 0 0
1753 -950 227 26 369984 0 0 0
1445 -323 140 92 197253 0 0 0
2131 1843 207 61 557749 0 0 0
1478 -1972 108 84 713009 0 0 0
1236 1539 242 146 732569 0 0 0
1793 -1064 103 187 797035 0 0 0
2487 -968 195 152 181998 0 0 0
142 617 147 207 427491 0 0 0
2954 -1869 231 106 355466 0 0 0
-2841 -2251 100 89 987230 0 0 0
-714 -225 258 108 182994 0 0 0
-2932 -1452 251 138 198065 0 0 0
-1147 -587 43 184 973894 0 0 0
2473 -710 160 209 779421 0 0 0
-1937 355 183 43 622391 0 0 0
2017 2722 118 62 346633 0 0 0
1201 -1134 161 177 815570 0 0 0
412 -473 149 93 833822 0 0 0
-2496 2391 177 59 257864 0 0 0
2921 -905 202 138 789126 0 0 0
1435 -2635 16 209 429423 0 0 0
-1385 2611 261 99 626101 0 0 0
-1115 -2030 196 238 855691 0 0 0
2847 -2682 265 84 943623 0 0 0
2320 -2450 167 151 133768 0 0 0
2587 1545 33 6 405090 0 0 0
-872 1662 129 28 912236 0 0 0
-569 2816 253 233 787843 0 0 0
1922 2461 87 231 211777 0 0 0
1349 -1378 175 199 476096 0 0 0
-2243 -1134 112 26 190388 0 0 0
-740 -538 235 71 660792 0 0 0
-2414 2621 97 65 578819 0 0 0
-2883 -613 65 134 162932 0 0 0
-2827 -2516 185 143 218217 0 0 0
-143 -1522 91 228 494195 0 0 0
814 2958 114 139 492322 0 0 0
-1701 2610 41 20 257444 0 0 0
-2852 632 132 200 869327 0 0 0
-514 -2475 108 194 691521 0 0 0
768 -172 238 230 388680 0 0 0
-271 -1945 139 118 908648 0 0 0
-1591 560 71 109 182273 0 0 0
-393 115 127 49 502607 0 0 0
1220 1248 115 150 573501 0 0 0
599 331 73 18 916402 0 0 0
724 -1493 88 237 654275 0 0 0
2313 680 146 27 888486 0 0 0
-2456 -1361 170 16 687744 0 0 0
1144 2745 38 163 614682 0 0 0
1011 1938 224 128 424006 0 0 0
-2660 -1910 123 120 913802 0 0 0
-500 -1422 3 50 306543 0 0 0
-889 -2188 115 126 658354 0 0 0
1699 -2667 260 150 682615 0 0 0
2579 994 39 44 795274 0 0 0
1385 -1956 255 212 187589 0 0 0
-1470 1447 199 100 714191 0 0 0
2607 1663 103 52 222960 0 0 0
1456 670 126 34 734206 0 0 0
-1406 2113 49 250 732391 0 0 0
85 804 57 21 297701 0 0 0
230 -1602 89 239 787364 0 0 0
727 2057 118 143 312602 0 0 0
2860 1561 15 108 394716 0 0 0
-1725 577 256 107 122720 0 0 0
2076 2083 231 231 410509 0 0 0
390 1688 191 5 205485 0 0 0
2332 -50 124 230 933602 0 0 0
2682 -2553 73 54 315005 0 0 0
-1694 1961 264 237 689961 0 0 0
2384 2049 85 25 756218 0 0 0
1358 -1265 163 240 123440 0 0 0
2143 -618 31 214 378577 0 0 0
-1888 2028 101 174 844988 0 0 0
-341 -2310 217 76 863468 0 0 0
-1729 1573 88 153 801383 0 0 0
2125 2535 243 193 934466 0 0 0
-1144 -552 83 152 511052 0 0 0
-98 2894 59 247 166736 0 0 0
1949 1662 226 231 881404 0 0 0
-2195 -2664 182 60 516047 0 0 0
2248 -718 230 126 772073 0 0 0
2477 235 120 107 246965 0 0 0
-1544 2862 163 162 597672 0 0 0
211 2596 61 78 381269 0 0 0
2886 1692 115 12 368877 0 0 0
-2303 2537 14 228 209595 0 0 0
173 -1659 107 6 155736 0 0 0
774 1061 108 13 298477 0 0 0
1497 191 234 215 727988 0 0 0
2130 2697 83 40 399271 0 0 0
-722 -1915 117 197 677528 0 0 0
-539 828 174 39 362083 0 0 0
2338 98 253 102 468553 0 0 0
1881 1280 200 29 769710 0 0 0
468 2810 178 89 513626 0 0 0
715 31 205 89 847119 0 0 0
-130 1313 214 237 683165 0 0 0
-1411 1704 117 53 675007 0 0 0
-2770 414 123 141 855750 0 0 0
-2376 1690 192 142 128883 0 0 0
-2287 -532 10 114 354890 0 0 0
1177 1017 151 203 278112 0 0 0
1572 -596 157 105 901545 0 0 0
-1826 351 158 173 981351 0 0 0
-14 866 167 231 180607 0 0 0
2940 2045 60 144 706939 0 0 0
-2214 -1215 78 26 132847 0 0 0
-2653 1484 215 23 960184 0 0 0
731 -297 200 144 274252 0 0 0
-1376 -1274 185 138 930370 0 0 0
32 -576 82 8 446405 0 0 0
-2613 -722 146 170 273624 0 0 0
-2638 -2526 91 144 574182 0 0 0
2713 -346 176 152 254505 0 0 0
2476 926 254 70 201997 0 0 0
52 -2713 135 3 725839 0 0 0
-268 2635 133 148 953027 0 0 0
-2715 2323 51 15 626613 0 0 0
302 -738 20 102 416207 0 0 0
-1002 63 22 180 693642 0 0 0
-2972 -1195 5 68 647508 0 0 0
79 1166 178 241 610704 0 0 0
-789 -2827 39 28 894431 0 0 0
-1955 -554 78 206 348888 0 0 0
-1913 -1834 73 178 404053 0 0 0
1336 -739 16 19 895772 0 0 0
1746 -204 256 53 802114 0 0 0
-72 -2223 252 123 452332 0 0 0
1853 103 264 140 427511 0 0 0
-2589 1745 258 3 513788 0 0 0
1858 1746 257 115 578949 0 0 0
-2443 2959 13 8 496955 0 0 0
1279 2285 168 134 335353 0 0 0
-2776 1038 208 104 969218 0 0 0
-2216 -711 115 241 686968 0 0 0
-239 -2110 78 51 696343 0 0 0
-953 -652 8 230 575672 0 0 0
-346 514 12 40 383911 0 0 0
195 1451 38 14 312616 0 0 0
2018 -1632 246 40 854567 0 0 0
1428 451 63 12 291695 0 0 0
925 -2124 32 222 538097 0 0 0
850 379 93 20 896211 0 0 0
1588 -2575 255 230 877038 0 0 0
2783 1686 126 82 242207 0 0 0
1506 1006 251 92 836423 0 0 0
1307 674 213 66 980313 0 0 0
1312 -27 114 159 505126 0 0 0
-116 157 21 110 716421 0 0 0
-741 2502 146 251 817509 0 0 0
-754 -2456 265 128 630120 0 0 0
1698 -2510 91 46 404958 0 0 0
-600 610 160 58 503174 0 0 0
1569 -1100 46 225 320917 0 0 0
-554 -1187 264 237 603350 0 0 0
-957 838 58 90 232187 0 0 0
1267 -2311 38 178 696121 0 0 0
1529 2582 36 147 247710 0 0 0
-1309 -103 250 159 619105 0 0 0
2175 -1549 33 212 100519 0 0 0
-623 -1025 217 75 432540 0 0 0
-7 -2431 154 201 736587 0 0 0
-1475 -861 178 173 938339 0 0 0
-1301 2894 152 199 678523 0 0 0
-1262 646 62 170 192139 0 0 0
2069 -2737 193 199 325193 0 0 0
2986 -2040 56 152 308959 0 0 0
-1333 490 125 123 963349 0 0 0
-842 -2912 187 153 453673 0 0 0
2419 1702 26 11 530378 0 0 0
-2462 275 88 65 307363 0 0 0
-1637 1198 176 125 812401 0 0 0
929 1859 200 27 546375 0 0 0
-1779 697 237 205 650398 0 0 0
1143 -1232 57 28 219651 0 0 0
-2759 -320 138 207 807925 0 0 0
-184 228 194 160 962971 0 0 0
2307 1758 69 221 495596 0 0 0
2540 18 77 143 887194 0 0 0
-2082 430 121 9 403628 0 0 0
-356 270 89 142 660460 0 0 0
-169 -1967 31 158 843325 0 0 0
2291 767 65 232 363672 0 0 0
-591 -1995 151 76 481188 0 0 0
939 2620 226 239 353676 0 0 0
931 -878 164 81 283325 0 0 0
450 -783 214 70 590202 0 0 0
2469 -117 193 48 109445 0 0 0
773 2188 131 136 466040 0 0 0
-1391 691 123 99 288958 0 0 0
2586 362 239 83 243656 0 0 0
-1127 2511 221 216 258655 0 0 0
1556 -2149 178 60 884400 0 0 0
1563 899 93 234 753183 0 0 0
-1008 -344 235 159 127284 0 0 0
1908 -2022 90 32 159331 0 0 0
-233 -615 189 252 412682 0 0 0
1325 -2327 71 166 374254 0 0 0
2577 -2726 198 203 976190 0 0 0
430 -1070 262 225 158823 0 0 0
118 -2424 156 57 661203 0 0 0
2767 378 211 229 866332 0 0 0
-307 1301 176 172 652620 0 0 0
-621 2881 60 27 983083 0 0 0
-2693 1970 92 25 603052 0 0 0
-2441 -2254 9 59 764741 0 0 0
1461 585 14 83 259362 0 0 0
2263 1905 17 157 589335 0 0 0
2243 -1675 103 202 518993 0 0 0
-2616 2835 196 13 930783 0 0 0
2775 -82 207 23 189849 0 0 0
-2975 -677 145 240 561711 0 0 0
-691 1932 111 31 991263 0 0 0
1051 -1993 10 216 452776 0 0 0
1575 1030 187 127 561475 0 0 0
1960 -2918 87 5 994557 0 0 0
-1772 -1880 24 116 214268 0 0 0
-1094 48 162 55 853095 0 0 0
2111 -2147 68 229 518868 0 0 0
416 -2659 160 169 250745 0 0 0
835 -1048 141 252 298486 0 0 0
-1645 789 67 102 466767 0 0 0
-774 -946 180 186 304304 0 0 0
-58 -430 74 137 107156 0 0 0
2799 -1691 142 242 845290 0 0 0
1252 -2915 97 50 323066 0 0 0
-2382 -1002 50 46 814698 0 0 0
-410 1113 215 64 246702 0 0 0
2933 -1525 123 118 543057 0 0 0
-2321 -2729 253 38 177540 0 0 0
226 2483 114 43 325974 0 0 0
1893 854 117 147 887021 0 0 0
1763 395 109 129 910076 0 0 0
2290 1261 1 44 141585 0 0 0
-830 1925 30 148 766867 0 0 0
-1884 -2933 147 11 299026 0 0 0
-2930 950 126 214 396589 0 0 0
-1537 -2292 72 70 487636 0 0 0
923 892 228 72 622491 0 0 0
1884 -2720 13 151 927440 0 0 0
1053 -717 193 69 323587 0 0 0
1435 2327 112 189 266509 0 0 0
-1099 2626 65 238 300308 0 0 0
-2489 -373 60 4 893739 0 0 0
2708 1505 220 128 656060 0 0 0
-2424 1552 203 91 231957 0 0 0
-465 -2425 161 96 504059 0 0 0
-2098 -204 203 221 503798 0 0 0
-2681 -602 58 47 864864 0 0 0
1816 -329 235 182 709892 0 0 0
-453 -2813 200 115 573861 0 0 0
-837 2992 204 35 888545 0 0 0
-1409 -2087 124 75 750853 0 0 0
-2448 -1117 124 113 498896 0 0 0
1182 2208 218 22 870014 0 0 0
-169 244 111 163 935292 0 0 0
-2324 -2515 176 213 571276 0 0 0
2219 2918 193 70 127605 0 0 0
-2330 -1625 18 180 676250 0 0 0
1531 1837 183 146 923423 0 0 0
2817 920 250 236 917486 0 0 0
-141 -2169 257 62 902216 0 0 0
-1127 -544 121 80 706017 0 0 0
2995 -1749 236 218 297554 0 0 0
-961 -1702 170 76 255858 0 0 0
542 2679 212 72 702014 0 0 0
1150 2468 160 154 958983 0 0 0
376 -1392 263 78 794541 0 0 0
1402 -385 245 17 177663 0 0 0
-1616 1571 123 47 208799 0 0 0
166 -1269 133 59 756684 0 0 0
-1791 -1122 168 130 372917 0 0 0
2446 -2131 135 53 374309 0 0 0
-19 -742 32 199 806084 0 0 0
-2609 2781 94 18 526082 0 0 0
-1073 1261 115 163 589080 0 0 0
-1274 -2482 148 147 706102 0 0 0
-1251 -2875 114 42 713797 0 0 0
2291 -1782 84 28 712774 0 0 0
-311 -1457 197 180 414579 0 0 0
-718 -2819 56 174 157685 0 0 0
1838 2073 87 78 417936 0 0 0
2726 2269 231 20 867990 0 0 0
1747 -215 207 103 818931 0 0 0
-354 -541 141 7 838082 0 0 0
-768 2511 158 105 893879 0 0 0
24 -2196 232 150 923576 0 0 0
-2102 831 94 40 695785 0 0 0
2610 2971 137 125 383629 0 0 0
-2453 482 29 100 410679 0 0 0
1265 -1271 10 172 149230 0 0 0
-2518 438 169 72 376706 0 0 0
-535 -913 232 233 931410 0 0 0
-2497 852 145 205 817400 0 0 0
1442 -2185 147 52 326285 0 0 0
-2485 1139 128 208 768852 0 0 0
2980 -1881 94 29 664097 0 0 0
-374 -853 195 116 359554 0 0 0
1999 2053 176 64 366020 0 0 0
-1133 -2210 116 249 616174 0 0 0
-640 1089 225 99 108369 0 0 0
-2600 924 222 63 587010 0 0 0
-1956 -1856 140 83 789317 0 0 0
1926 1535 220 128 159865 0 0 0
2020 -1355 148 122 235803 0 0 0
748 2240 1 157 240391 0 0 0
592 -1187 39 20 413787 0 0 0
-786 -367 139 230 410805 0 0 0
-1300 -1238 62 221 295825 0 0 0
270 1730 25 46 564893 0 0 0
-569 983 34 82 370346 0 0 0
220 -1887 122 155 859204 0 0 0
-597 -2652 16 73 316244 0 0 0
-737 230 63 88 310449 0 0 0
1117 1695 65 184 285950 0 0 0
-770 -1738 92 7 877963 0 0 0
-698 -607 72 143 912325 0 0 0
-1141 162 227 42 677012 0 0 0
-2628 -600 51 196 657745 0 0 0
-85 -639 257 82 964361 0 0 0
-891 271 77 154 412590 0 0 0
-2861 832 133 107 314359 0 0 0
331 -1133 141 116 270272 0 0 0
-1062 -434 72 226 903133 0 0 0
2088 -2543 76 67 483518 0 0 0
-1504 -172 59 34 227730 0 0 0
-567 -1784 30 38 346097 0 0 0
87 2607 186 173 463178 0 0 0
623 -1061 16 74 222548 0 0 0
-975 -902 107 76 323694 0 0 0
-736 -1850 175 10 862849 0 0 0
-678 2194 126 124 563198 0 0 0
-1319 -2520 25 89 658891 0 0 0
-2448 1808 213 1 692681 0 0 0
-666 -1166 111 105 551995 0 0 0
226 -274 235 54 936140 0 0 0
2102 375 99 120 982510 0 0 0
-428 -2861 103 199 349965 0 0 0
-2751 967 234 81 886087 0 0 0
2181 -2936 75 112 453503 0 0 0
173 -460 14 212 237210 0 0 0
799 1189 254 154 295146 0 0 0
1081 1301 108 194 678815 0 0 0
-2156 2730 218 41 798595 0 0 0
-1296 922 132 216 815324 0 0 0
-714 -2073 69 14 914073 0 0 0
885 -2085 172 55 344569 0 0 0
2221 -195 238 5 732634 0 0 0
2341 -2068 206 84 658081 0 0 0
2489 -1410 165 204 604159 0 0 0
-2152 -1398 17 75 164118 0 0 0
-2077 1047 168 242 533517 0 0 0
388 1468 249 35 743959 0 0 0
-2136 -1501 188 240 657534 0 0 0
-2899 1192 136 32 188145 0 0 0
-391 -1951 196 32 757770 0 0 0
1548 2753 265 54 547749 0 0 0
475 1053 215 243 837870 0 0 0
652 19 169 176 834522 0 0 0
1104 2082 235 217 684638 0 0 0
1308 -2558 134 25 248788 0 0 0
742 1359 258 12 341939 0 0 0
1722 -1011 164 105 503645 0 0 0
1698 -1546 137 220 387761 0 0 0
431 -2046 260 103 810434 0 0 0
240 117 82 210 432325 0 0 0
1892 91 119 112 775259 0 0 0
-521 369 55 223 223076 0 0 0
1169 -1182 102 172 710230 0 0 0
1653 -2944 196 77 112798 0 0 0
-1298 -421 265 158 342038 0 0 0
1700 1635 149 228 579495 0 0 0
-180 -1974 22 110 959267 0 0 0
1589 -1566 153 77 886074 0 0 0
1160 1442 264 186 316623 0 0 0
-2366 2888 166 166 753620 0 0 0
-1178 691 112 140 851718 0 0 0
-965 1047 189 207 179507 0 0 0
674 2997 120 54 640469 0 0 0
-2651 261 64 209 451590 0 0 0
-226 2523 122 37 747868 0 0 0
-1642 2404 159 134 513447 0 0 0
-1445 -2197 222 243 684892 0 0 0
1618 164 84 53 489641 0 0 0
2672 1340 154 11 500453 0 0 0
939 1672 1 158 212497 0 0 0
-1691 -42 84 183 562029 0 0 0
-1157 506 57 9 248486 0 0 0
-2707 1691 138 69 167073 0 0 0
1472 1128 131 127 301783 0 0 0
1084 931 61 108 356045 0 0 0
-2737 2335 87 51 271747 0 0 0
-559 -1702 125 91 931469 0 0 0
825 -2886 23 164 794562 0 0 0
27 -1201 166 109 232307 0 0 0
1045 1560 243 220 808155 0 0 0
2083 490 170 29 372003 0 0 0
1715 2478 130 124 234317 0 0 0
2454 777 83 133 519446 0 0 0
861 -1826 62 41 218461 0 0 0
2410 1574 261 154 721535 0 0 0
-2886 -232 112 61 235441 0 0 0
1189 -495 27 199 487689 0 0 0
-2869 -2107 196 126 815140 0 0 0
1208 2694 211 239 789777 0 0 0
-542 -306 54 38 575970 0 0 0
2294 683 250 197 905000 0 0 0
851 -2458 158 44 954677 0 0 0
-1831 2299 257 91 919277 0 0 0
2452 -954 79 59 893359 0 0 0
-241 1276 217 4 847751 0 0 0
2960 216 225 234 147815 0 0 0
-557 1510 48 234 978870 0 0 0
-958 -1110 133 29 257302 0 0 0
-2235 756 106 152 481882 0 0 0
992 612 26 198 215667 0 0 0
1010 -2304 215 104 870319 0 0 0
1206 -864 108 40 764666 0 0 0
2653 -139 165 168 372798 0 0 0
952 1204 58 4 175216 0 0 0
-1453 -1266 42 3 742615 0 0 0
-1860 934 228 179 655107 0 0 0
-1186 -47 214 56 115735 0 0 0
1489 2126 105 35 165134 0 0 0
-348 2339 106 178 683579 0 0 0
-2479 -2957 234 31 872486 0 0 0
1725 -1650 246 155 306370 0 0 0
-799 740 73 167 190386 0 0 0
2147 2165 91 102 994514 0 0 0
-1508 2167 60 238 612833 0 0 0
-769 -1658 221 141 866115 0 0 0
1481 -516 93 49 817031 0 0 0
-2630 -210 61 183 711621 0 0 0
-1210 2326 17 235 634911 0 0 0
1558 2511 127 116 294796 0 0 0
2853 -1828 132 200 569817 0 0 0
-803 -1173 54 205 362507 0 0 0
-1546 -1352 105 194 519371 0 0 0
2554 1360 186 183 647668 0 0 0
-1853 1587 161 201 521793 0 0 0
-981 1631 138 251 833610 0 0 0
-2801 -2372 218 22 192813 0 0 0
-2025 2696 233 105 791959 0 0 0
-2987 884 91 188 560817 0 0 0
-2785 2565 205 38 451340 0 0 0
2812 1153 108 242 874613 0 0 0
563 -1530 210 133 166271 0 0 0
-459 -1765 19 92 961834 0 0 0
-15 184 79 24 836850 0 0 0
615 -1042 181 12 734469 0 0 0
-1 2826 190 101 350949 0 0 0
1330 -1947 6 73 788677 0 0 0
-2115 2090 133 83 773262 0 0 0
-2140 869 27 140 693705 0 0 0
128 1785 185 172 248464 0 0 0
367 1135 47 128 346089 0 0 0
178 2962 110 195 658326 0 0 0
-2115 457 9 228 614517 0 0 0
2099 -1874 57 24 157478 0 0 0
1534 205 46 71 937159 0 0 0
999 686 142 76 680578 0 0 0
-2306 1991 189 207 406179 0 0 0
-1625 2435 227 12 755623 0 0 0
-2997 -1824 198 38 713797 0 0 0
-2473 1899 243 238 495489 0 0 0
2767 1250 157 169 345605 0 0 0
-2987 2357 234 219 616278 0 0 0
1519 2089 113 146 497374 0 0 0
-1143 2275 184 223 357051 0 0 0
905 -721 181 204 397565 0 0 0
2929 -1604 76 246 811778 0 0 0
-2684 1986 50 132 873988 0 0 0
1297 -2874 180 228 634192 0 0 0
-2562 1591 189 1 398391 0 0 0
2887 -1373 5 142 135797 0 0 0
-393 1748 252 159 493165 0 0 0
-208 -1082 104 14 385072 0 0 0
1511 -731 141 91 643590 0 0 0
-190 2691 83 220 489341 0 0 0
1200 -2707 136 50 783880 0 0 0
-2462 978 3 249 921217 0 0 0
-1023 1251 235 5 642887 0 0 0
2900 2603 133 153 693659 0 0 0
2985 746 226 63 219971 0 0 0
-1701 1419 109 160 726734 0 0 0
2682 1314 258 220 861933 0 0 0
2635 2661 151 93 839189 0 0 0
-869 -2890 47 243 242911 0 0 0
1598 808 55 91 291701 0 0 0
-1492 -1460 118 117 164893 0 0 0
853 -1916 210 190 626273 0 0 0
265 -1922 235 48 468146 0 0 0
-1900 1716 184 34 287946 0 0 0
786 268 149 168 551261 0 0 0
-1457 699 66 11 900328 0 0 0
2616 -2452 132 36 311506 0 0 0
-2280 2189 57 171 255246 0 0 0
-243 -2659 129 66 285851 0 0 0
2029 247 107 158 749279 0 0 0
-668 -360 186 213 856628 0 0 0
1626 -2117 215 171 788225 0 0 0
-2645 1068 213 179 501900 0 0 0
-1308 -190 197 81 342958 0 0 0
587 890 137 80 805247 0 0 0
-233 -707 203 210 633404 0 0 0
-1141 1287 246 240 279041 0 0 0
1672 2088 107 218 173933 0 0 0
-2737 -244 14 143 258908 0 0 0
-366 1003 4 61 367253 0 0 0
-369 -228 51 14 215140 0 0 0
830 -737 156 85 594078 0 0 0
-16 -2274 113 181 786107 0 0 0
2054 -711 113 239 147609 0 0 0
363 2043 103 233 745026 0 0 0
-1570 1578 64 64 319728 0 0 0
2899 1877 261 232 779361 0 0 0
-1546 2338 130 127 549948 0 0 0
-681 -2293 168 105 947735 0 0 0
-2215 1482 169 213 954124 0 0 0
-141 2740 88 157 217943 0 0 0
-2830 2652 94 21 589210 0 0 0
44 -552 31 99 626261 0 0 0
-2191 -979 55 126 965551 0 0 0
2153 -2103 17 97 713932 0 0 0
-1615 1812 163 58 701993 0 0 0
1149 922 61 221 723810 0 0 0
-1016 2553 137 42 201765 0 0 0
-1983 -2617 21 22 105118 0 0 0
1976 935 192 136 767994 0 0 0
-1093 4 20 126 786945 0 0 0
-306 2244 66 118 866253 0 0 0
1431 -2472 52 43 966709 0 0 0
-1106 -378 103 122 352397 0 0 0
2709 123 119 152 457149 0 0 0
419 -471 102 98 848736 0 0 0
-147 709 122 102 786840 0 0 0
-783 507 103 41 197999 0 0 0
-1654 -1056 217 110 583818 0 0 0
1700 -1528 35 229 908143 0 0 0
306 1710 24 87 674624 0 0 0
358 1966 250 45 765770 0 0 0
-188 -2912 57 102 647004 0 0 0
1404 814 182 118 681540 0 0 0
-752 804 255 31 606856 0 0 0
-178 -850 205 184 699521 0 0 0
-836 2812 129 35 871754 0 0 0
1704 -1962 184 204 794958 0 0 0
-2029 -1148 8 32 766114 0 0 0
2501 280 84 69 442022 0 0 0
-2766 1637 48 60 449057 0 0 0
-1913 -1826 215 202 578604 0 0 0
2456 -1561 99 7 448059 0 0 0
1379 -1238 107 211 108645 0 0 0
-2792 59 179 4 349445 0 0 0
1730 -1321 101 104 479110 0 0 0
1073 2835 157 89 231037 0 0 0
-964 2494 33 146 156075 0 0 0
1224 616 234 30 358759 0 0 0
-442 2217 147 25 421810 0 0 0
-753 1456 22 194 921032 0 0 0
-1142 -331 244 223 404089 0 0 0
-2215 1531 3 117 239003 0 0 0
1509 -2343 93 159 977241 0 0 0
1428 753 246 104 292311 0 0 0
-78 2329 182 31 569281 0 0 0
-777 1017 150 131 453062 0 0 0
2346 -2535 129 64 492678 0 0 0
-1464 -1426 69 76 977226 0 0 0
-967 -1152 32 215 944357 0 0 0
2155 943 238 43 548018 0 0 0
2606 -1129 246 180 237751 0 0 0
1724 2287 78 57 628332 0 0 0
2787 503 40 199 258667 0 0 0
340 -221 216 13 877844 0 0 0
2756 -2428 140 80 304338 0 0 0
1595 2506 145 39 910657 0 0 0
282 -2763 22 235 911946 0 0 0
-619 -1217 212 14 583114 0 0 0
1063 -2764 257 150 238602 0 0 0
1725 -254 157 223 672567 0 0 0
2225 -2387 5 185 384605 0 0 0
2532 -1301 21 224 846530 0 0 0
-2983 435 200 185 948327 0 0 0
-1989 -1733 208 206 625567 0 0 0
-707 -1130 160 172 544210 0 0 0
523 487 36 42 385540 0 0 0
2161 1580 52 190 388422 0 0 0
-1022 234 107 227 304709 0 0 0
1489 -2680 189 137 169710 0 0 0
2715 -2691 107 160 400743 0 0 0
-2867 1937 149 15 709760 0 0 0
1704 -1908 119 177 497536 0 0 0
-2073 -311 82 47 699861 0 0 0
1563 -1726 147 50 219924 0 0 0
-1652 2104 138 220 472013 0 0 0
-2449 749 233 45 349730 0 0 0
1512 -357 120 42 995996 0 0 0
-1906 -896 106 193 541909 0 0 0
2198 795 245 175 252338 0 0 0
1469 -2491 169 212 470471 0 0 0
-845 2903 50 44 573278 0 0 0
1482 394 44 37 724603 0 0 0
-831 -2194 160 197 244181 0 0 0
-413 834 74 240 640913 0 0 0
-1491 2226 70 108 172228 0 0 0
-490 1417 46 201 903987 0 0 0
-1275 122 82 100 126598 0 0 0
2575 -2020 114 221 418899 0 0 0
-2623 -476 35 116 887627 0 0 0
2189 -2079 252 245 211008 0 0 0
906 394 226 34 647979 0 0 0
-1051 -1845 168 217 382201 0 0 0
-555 762 74 143 247493 0 0 0
204 2472 259 90 974659 0 0 0
2575 -1127 192 187 284672 0 0 0
2817 2393 177 249 915773 0 0 0
1370 595 249 91 313310 0 0 0
2392 668 184 90 440354 0 0 0
-683 -2909 23 129 499143 0 0 0
2933 -2690 211 188 647309 0 0 0
2031 121 65 142 596842 0 0 0
1299 -738 200 112 197013 0 0 0
229 2251 241 55 538747 0 0 0
-1351 2746 185 171 560089 0 0 0
-720 1609 64 35 871119 0 0 0
-324 2962 247 232 609077 0 0 0
2906 1752 219 242 930967 0 0 0
2954 2945 31 208 530581 0 0 0
-1951 1930 248 236 603356 0 0 0
2193 1185 240 126 933947 0 0 0
-2990 -2561 95 221 903763 0 0 0
2101 63 258 120 601430 0 0 0
2125 841 85 144 325919 0 0 0
2863 472 69 68 357747 0 0 0
-2123 -1953 133 139 515796 0 0 0
1214 -833 10 251 124920 0 0 0
247 -2389 33 218 993522 0 0 0
2132 1739 212 164 379388 0 0 0
-601 2967 88 87 550237 0 0 0
-67 -1377 236 172 627182 0 0 0
538 -2283 95 195 233689 0 0 0
-1589 -913 103 68 494466 0 0 0
2185 435 43 45 722680 0 0 0
2585 -824 131 85 340484 0 0 0
2893 -927 133 33 516969 0 0 0
2530 -1835 22 133 186178 0 0 0
2714 2776 152 154 215614 0 0 0
735 6 129 63 784165 0 0 0
678 -2165 179 244 838389 0 0 0
1446 2558 10 1 432870 0 0 0
2112 952 75 35 918093 0 0 0
1979 1406 166 182 428701 0 0 0
568 -144 265 54 113183 0 0 0
-2198 -687 204 165 261120 0 0 0
-2808 1988 260 111 833621 0 0 0
-2064 1407 139 87 284286 0 0 0
2844 2055 179 72 599569 0 0 0
2161 -2040 151 183 642737 0 0 0
-2045 -2203 25 245 486418 0 0 0
779 2946 22 106 352171 0 0 0
2351 -1296 230 180 863320 0 0 0
-2833 242 127 157 958757 0 0 0
-457 -1161 173 172 170011 0 0 0
-2956 2530 28 110 358830 0 0 0
-749 -2929 43 181 240743 0 0 0
1988 -1714 7 220 105992 0 0 0
2899 313 216 151 205010 0 0 0
-2697 1120 222 172 454307 0 0 0
-502 2537 6 181 387071 0 0 0
44 -54 113 153 767940 0 0 0
2122 2202 61 188 396831 0 0 0
-265 -878 141 159 902595 0 0 0
-1108 1093 264 110 672130 0 0 0
918 1926 261 211 752431 0 0 0
2089 2831 196 7 971447 0 0 0
2616 -1533 60 193 137167 0 0 0
1136 2803 55 239 852912 0 0 0
-1908 1247 4 213 784480 0 0 0
-2107 -1500 7 48 370948 0 0 0
-435 1601 65 234 834096 0 0 0
-1101 293 104 137 961535 0 0 0
1630 -1433 183 119 164811 0 0 0
-133 -2887 163 102 377366 0 0 0
-678 -1048 203 200 499325 0 0 0
114 -1026 95 25 921953 0 0 0
2497 113 257 233 742271 0 0 0
-615 1884 128 81 146474 0 0 0
2878 898 133 86 428582 0 0 0
625 1332 95 206 543060 0 0 0
-2198 350 238 2 579785 0 0 0
-1064 -1273 101 217 177926 0 0 0
2197 -149 235 195 630769 0 0 0
1304 2501 136 119 993237 0 0 0
-2511 -388 236 220 555223 0 0 0
-2296 1481 97 178 392129 0 0 0
1400 -893 143 239 621751 0 0 0
-1051 2299 94 209 883454 0 0 0
-1200 398 120 93 824965 0 0 0
-2427 2750 85 174 479796 0 0 0
-1613 2560 69 212 127379 0 0 0
2909 -647 234 9 669288 0 0 0
2679 -1991 54 54 163323 0 0 0
2032 -967 7 159 164567 0 0 0
-900 -2805 263 167 111165 0 0 0
-1448 87 22 133 289112 0 0 0
17 655 59 127 984351 0 0 0
-2995 1537 21 190 429883 0 0 0
-2516 2272 24 123 408144 0 0 0
-1913 -2270 61 162 779023 0 0 0
-1666 -1473 152 8 314781 0 0 0
-2904 198 66 182 732457 0 0 0
2534 -43 232 53 437563 0 0 0
1254 -2427 124 127 850624 0 0 0
-395 2739 71 177 545546 0 0 0
-2721 1806 132 195 245624 0 0 0
-1304 -555 192 235 405481 0 0 0
1069 2775 258 146 528296 0 0 0
-10 438 234 99 854341 0 0 0
1781 -2388 76 47 800873 0 0 0
2419 2120 29 243 812665 0 0 0
983 -2009 91 224 851348 0 0 0
-882 -1368 202 63 229100 0 0 0
1597 -1864 85 29 372920 0 0 0
391 960 19 227 928218 0 0 0
-559 1080 2 147 675509 0 0 0
2922 1995 162 167 518025 0 0 0
-438 -408 174 223 879831 0 0 0
-201 480 254 193 663029 0 0 0
427 -2765 254 195 116894 0 0 0
201 -1777 17 251 390664 0 0 0
1498 2848 142 106 334079 0 0 0
2301 -445 198 117 471609 0 0 0
-967 -1911 118 37 244606 0 0 0
1751 187 122 207 718613 0 0 0
2724 2057 221 44 240141 0 0 0
1182 -1750 106 86 381917 0 0 0
2480 -845 156 59 383700 0 0 0
-2408 2000 94 145 755124 0 0 0
-1709 -2499 172 248 835922 0 0 0
1125 1988 226 37 159325 0 0 0
-1249 284 148 93 475869 0 0 0
-1203 132 265 53 199459 0 0 0
-2582 -736 172 151 490882 0 0 0
-1569 1968 129 33 723948 0 0 0
2769 301 52 164 257971 0 0 0
-2474 -645 110 4 146816 0 0 0
-2682 -2758 21 17 811206 0 0 0
-2465 2924 59 47 190198 0 0 0
-1608 824 57 149 567034 0 0 0
-2235 -435 103 65 147800 0 0 0
-306 -897 197 114 577135 0 0 0
-722 1534 96 177 759181 0 0 0
2989 -1410 185 123 723352 0 0 0
-1168 2208 218 118 706698 0 0 0
99 -1052 200 49 716604 0 0 0
227 1935 190 86 597833 0 0 0
1927 2911 246 235 472853 0 0 0
-1094 312 238 41 963691 0 0 0
-2015 2840 126 115 578837 0 0 0
-736 880 55 47 291647 0 0 0
838 1573 131 49 388374 0 0 0
1233 290 97 127 543347 0 0 0
-404 2126 253 154 515755 0 0 0
-995 1911 47 124 325186 0 0 0
-1761 1915 192 133 678681 0 0 0
1989 790 80 137 374621 0 0 0
2184 2278 40 14 901612 0 0 0
-502 -896 105 69 395086 0 0 0
1147 -817 217 126 549220 0 0 0
1042 449 228 127 557786 0 0 0
586 -1798 43 46 505183 0 0 0
2154 -220 72 8 111837 0 0 0
288 895 15 148 560815 0 0 0
-2092 -321 144 57 948715 0 0 0
-1218 748 209 120 764322 0 0 0
225 -965 204 83 841516 0 0 0
1455 -2931 112 171 775473 0 0 0
-1148 1551 117 167 582107 0 0 0
-1528 473 98 207 843755 0 0 0
-2527 -1029 74 7 104976 0 0 0
-1382 -802 60 4 306814 0 0 0
215 380 144 3 827849 0 0 0
126 -1929 125 129 895122 0 0 0
-221 2434 242 212 651622 0 0 0
2824 556 104 72 308832 0 0 0
1481 2303 140 211 678311 0 0 0
-441 160 219 8 803352 0 0 0
1719 -2847 223 170 276044 0 0 0
-2069 1614 109 129 716474 0 0 0
2162 1414 171 46 323477 0 0 0
-1484 -2540 8 8 197734 0 0 0
-1473 -2757 15 186 851322 0 0 0
-1517 244 104 169 631264 0 0 0
349 2395 110 52 795977 0 0 0
123 -2215 144 72 442410 0 0 0
-2981 2595 160 198 367198 0 0 0
2970 2421 171 200 999179 0 0 0
-164 1296 64 119 599629 0 0 0
-1474 -2675 233 27 867191 0 0 0
-705 -1013 108 149 287889 0 0 0
-958 977 138 177 206394 0 0 0
1887 -1961 125 20 272301 0 0 0
2168 -404 66 145 854354 0 0 0
-2112 896 241 39 157215 0 0 0
-2758 -964 140 199 940466 0 0 0
1152 -1503 217 28 999901 0 0 0
-2932 1197 12 209 124357 0 0 0
1910 -505 106 43 224034 0 0 0
-2940 831 225 192 958861 0 0 0
-976 2446 92 36 812329 0 0 0
1574 -2954 122 226 183923 0 0 0
2016 -1790 113 112 927582 0 0 0
-1778 2217 31 84 472439 0 0 0
-900 -2672 197 186 203984 0 0 0
-1737 1169 149 21 657323 0 0 0
-2573 1771 236 59 327110 0 0 0
-2776 -835 86 124 894743 0 0 0
-1759 2776 66 229 942253 0 0 0
-2729 557 259 231 224495 0 0 0
1911 -686 9 57 280842 0 0 0
-2493 1284 125 82 505285 0 0 0
-314 593 141 7 393308 0 0 0
-1140 1402 209 42 715904 0 0 0
-2363 -2309 24 16 133043 0 0 0
-1490 1449 232 213 392353 0 0 0
-2306 -1209 121 165 720448 0 0 0
2138 1307 159 231 907283 0 0 0
-252 -1042 91 222 626270 0 0 0
-543 2564 132 190 857711 0 0 0
-468 606 258 86 649780 0 0 0
-2850 -1209 263 250 123685 0 0 0
1693 2072 65 61 237186 0 0 0
-2108 -675 13 149 142274 0 0 0
-802 2499 239 231 979891 0 0 0
-2589 1997 87 224 535697 0 0 0
-1115 -2797 48 218 113082 0 0 0
740 1039 190 111 696942 0 0 0
-273 -1212 256 30 490740 0 0 0
-1442 -1692 14 146 617465 0 0 0
-1540 224 107 238 802309 0 0 0
2547 2868 249 121 652335 0 0 0
1948 -2871 209 233 965365 0 0 0
965 -1199 176 191 275272 0 0 0
2162 -861 60 196 379013 0 0 0
-428 -625 88 228 371031 0 0 0
-1848 -942 225 62 293900 0 0 0
-1564 1177 151 58 542532 0 0 0
2119 -504 216 95 225317 0 0 0
2192 1673 213 208 302364 0 0 0
336 2220 14 44 285057 0 0 0
2744 -2918 2 26 209032 0 0 0
-1943 -1710 130 145 422740 0 0 0
1561 -630 38 99 654063 0 0 0
370 -1227 223 109 334596 0 0 0
-2289 -250 26 133 839550 0 0 0
1579 154 93 197 801419 0 0 0
639 -10 138 25 787726 0 0 0
2911 1669 113 5 779254 0 0 0
454 620 154 106 204277 0 0 0
-2488 2540 211 227 774897 0 0 0
641 1367 80 168 934035 0 0 0
-1338 -1390 19 244 406493 0 0 0
-1479 -1149 111 34 811943 0 0 0
-639 -1909 21 182 137840 0 0 0
913 -222 171 82 330779 0 0 0
-1279 -2168 107 80 146380 0 0 0
-2659 228 152 243 439633 0 0 0
-2255 1979 138 193 797713 0 0 0
-271 2701 106 243 934163 0 0 0
261 -690 169 5 596804 0 0 0
-218 2925 106 58 131839 0 0 0
1625 -836 207 1 538435 0 0 0
929 2969 68 9 199254 0 0 0
-2173 1647 206 133 159955 0 0 0
526 -762 126 229 803228 0 0 0
1201 -548 171 68 508967 0 0 0
-1073 546 214 169 993940 0 0 0
899 -1975 125 169 980453 0 0 0
-720 -107 225 169 970113 0 0 0
-1531 1853 217 14 783765 0 0 0
2604 -462 247 172 834945 0 0 0
2531 -1348 51 98 630023 0 0 0
-1744 -371 228 115 229152 0 0 0
-2088 -2808 201 33 373350 0 0 0
602 -861 167 174 155350 0 0 0
-1226 1048 254 48 677350 0 0 0
510 -105 180 141 564861 0 0 0
283 -734 153 203 204884 0 0 0
1530 1124 32 217 502627 0 0 0
497 818 199 144 192726 0 0 0
1904 1809 121 99 564248 0 0 0
1115 -63 58 156 391971 0 0 0
-2698 -1147 187 131 683425 0 0 0
-1244 1402 25 212 335044 0 0 0
819 -2587 236 17 630626 0 0 0
2580 1301 6 100 367566 0 0 0
-1697 1833 132 68 669399 0 0 0
377 2687 67 142 735921 0 0 0
1375 -337 228 238 970109 0 0 0
-1720 2543 29 31 516702 0 0 0
-1838 1362 67 243 714574 0 0 0
-337 781 33 118 792068 0 0 0
1173 2170 29 221 161444 0 0 0
2840 -1770 254 131 512139 0 0 0
-1238 2145 233 203 169577 0 0 0
-2787 1842 177 54 988371 0 0 0
-610 1054 168 237 284906 0 0 0
885 1979 255 58 978371 0 0 0
1817 853 264 129 776326 0 0 0
-2160 655 118 205 602918 0 0 0
2125 903 58 245 454380 0 0 0
1797 821 34 9 105790 0 0 0
-1727 -1525 128 10 842492 0 0 0
1666 -226 70 96 844840 0 0 0
1173 1452 124 188 745194 0 0 0
409 2516 132 16 491629 0 0 0
-1974 2199 172 61 752634 0 0 0
2419 1833 236 248 414254 0 0 0
2787 -2816 94 115 962436 0 0 0
-2553 2725 236 91 655893 0 0 0
-505 2457 66 75 355517 0 0 0
2708 1960 152 59 954674 0 0 0
2073 -1853 219 41 362215 0 0 0
-95 -1597 144 132 502482 0 0 0
123 1629 137 100 669756 0 0 0
-2004 -1404 27 179 938964 0 0 0
2668 1786 189 23 567861 0 0 0
-780 2513 66 105 719424 0 0 0
-2536 2451 64 243 166483 0 0 0
-2536 -1039 4 119 505710 0 0 0
2417 2143 109 49 282095 0 0 0
-414 -475 113 199 384949 0 0 0
-2941 2772 67 228 154253 0 0 0
-613 1665 83 46 870747 0 0 0
1134 2035 183 175 403564 0 0 0
-1371 -2788 7 117 450332 0 0 0
-2751 639 67 30 700033 0 0 0
870 -580 160 230 102476 0 0 0
-614 -1316 157 130 550614 0 0 0
-1402 957 102 233 895540 0 0 0
2153 151 236 219 153510 0 0 0
2487 -2119 1 138 912898 0 0 0
-1882 1132 184 147 829277 0 0 0
1111 1426 213 65 207086 0 0 0
2219 1866 193 157 456391 0 0 0
847 556 130 105 721791 0 0 0
-1148 1776 265 203 931527 0 0 0
1938 2364 208 197 331545 0 0 0
489 -2630 30 46 464015 0 0 0
2424 911 19 89 196731 0 0 0
2615 2522 204 30 469170 0 0 0
-2019 -1603 90 132 796539 0 0 0
1384 -2701 59 225 120967 0 0 0
510 2055 14 119 352412 0 0 0
2969 447 55 98 679337 0 0 0
88 441 148 63 685082 0 0 0
-2697 -1397 80 73 306217 0 0 0
1110 221 210 73 503330 0 0 0
431 -1756 171 235 704368 0 0 0
1408 1511 216 118 934163 0 0 0
2016 338 45 234 186065 0 0 0
-958 604 167 234 615723 0 0 0
2862 2352 159 160 876996 0 0 0
-1670 -2490 136 104 879578 0 0 0
-2914 133 67 236 841396 0 0 0
-976 -2798 229 221 695693 0 0 0
-2491 -2881 41 227 110550 0 0 0
-1432 1995 47 82 980181 0 0 0
2048 -34 68 207 229979 0 0 0
2907 -192 95 145 125764 0 0 0
427 2271 59 30 426589 0 0 0
-1004 2537 20 142 538402 0 0 0
-2615 -1973 118 78 409074 0 0 0
1360 -1778 195 188 315432 0 0 0
1195 -2256 104 125 361199 0 0 0
865 -1734 41 249 281817 0 0 0
1967 -2309 245 110 647505 0 0 0
2866 -860 209 224 339210 0 0 0
2345 2109 254 19 946339 0 0 0
-195 1829 98 160 117081 0 0 0
-2604 -2519 229 37 443751 0 0 0
2208 1272 70 114 143208 0 0 0
-583 -1580 183 91 343373 0 0 0
-319 -1897 176 84 518524 0 0 0
130 -1887 74 232 581446 0 0 0
109 -2920 68 111 482601 0 0 0
-1659 -1226 47 193 255134 0 0 0
-2145 2256 6 107 910530 0 0 0
2828 710 138 7 808366 0 0 0
-2190 -1738 94 95 538294 0 0 0
798 40 103 194 921236 0 0 0
-2633 -808 52 78 824387 0 0 0
-2247 -1894 260 32 781163 0 0 0
1369 1198 91 117 402460 0 0 0
-159 -705 182 225 289712 0 0 0
1564 2606 190 164 791546 0 0 0
1089 1071 111 138 784365 0 0 0
-1348 -1659 134 111 230289 0 0 0
-1258 943 264 59 378319 0 0 0
1946 1463 106 195 926089 0 0 0
1874 281 34 208 411111 0 0 0
-2678 -295 98 91 300704 0 0 0
577 -1774 65 128 227963 0 0 0
-2403 -179 63 189 772756 0 0 0
1143 -551 190 122 902595 0 0 0
-2119 932 113 22 711001 0 0 0
-1233 -2903 48 116 189599 0 0 0
2649 2411 138 247 601670 0 0 0
2435 -268 234 83 228747 0 0 0
-736 269 127 154 177092 0 0 0
706 -331 101 147 382677 0 0 0
-2086 1090 139 202 747318 0 0 0
-2495 789 202 47 806735 0 0 0
424 -906 12 79 383153 0 0 0
2654 2083 127 172 454510 0 0 0
-1154 -2516 262 174 532126 0 0 0
2000 -2357 79 221 862186 0 0 0
-2221 -1025 47 120 731360 0 0 0
2357 1229 80 125 669372 0 0 0
1749 1184 63 140 166966 0 0 0
2980 2982 252 25 277333 0 0 0
511 2279 176 151 732904 0 0 0
1608 351 86 27 837776 0 0 0
568 -32 28 125 673555 0 0 0
642 -2664 68 108 388044 0 0 0
-2628 -2643 145 115 977705 0 0 0
-2281 -2000 125 211 847659 0 0 0
-2843 1565 75 102 187953 0 0 0
2602 2889 88 165 718729 0 0 0
1987 -2807 37 29 957874 0 0 0
-2405 -1552 95 214 514460 0 0 0
1376 -1335 163 87 364490 0 0 0
2868 2243 76 212 427694 0 0 0
-1409 2232 265 51 741962 0 0 0
-1756 -1693 111 251 162269 0 0 0
2370 -483 177 121 700778 0 0 0
-2639 -2970 193 72 750263 0 0 0
2473 -1476 169 98 309167 0 0 0
-2731 -1982 212 38 371676 0 0 0
1093 2209 136 206 111172 0 0 0
590 2425 8 64 481294 0 0 0
1531 -1323 222 217 315864 0 0 0
-619 -1371 146 55 182365 0 0 0
2533 -1483 100 121 548610 0 0 0
-2335 1853 76 62 564419 0 0 0
-2511 -610 250 154 214491 0 0 0
220 322 195 112 436462 0 0 0
-1769 -1641 83 164 424239 0 0 0
-1559 -2348 23 35 133814 0 0 0
1138 2287 247 49 626354 0 0 0
-1672 386 263 58 442415 0 0 0
829 -2868 77 187 906959 0 0 0
-892 -965 18 203 286583 0 0 0
2479 171 190 47 558452 0 0 0
-1925 -1279 259 97 547608 0 0 0
-544 -2457 45 160 362328 0 0 0
1764 -1582 182 146 852557 0 0 0
1228 -1661 210 199 539782 0 0 0
2499 805 10 40 336619 0 0 0
51 -2734 215 71 851991 0 0 0
1143 -2113 191 188 972185 0 0 0
-1383 -2131 30 225 783001 0 0 0
962 746 264 99 181871 0 0 0
2909 166 231 122 749995 0 0 0
-2551 729 226 105 309874 0 0 0
361 -587 175 111 574464 0 0 0
1773 1343 203 29 843809 0 0 0
-2599 -2397 24 149 377420 0 0 0
2433 873 237 17 956779 0 0 0
-640 -670 208 109 424257 0 0 0
2008 642 256 119 378857 0 0 0
214 1543 233 54 619748 0 0 0
-1904 2003 188 156 223264 0 0 0
-2010 543 78 50 780865 0 0 0
1250 163 252 61 739256 0 0 0
-2606 -1348 164 216 533087 0 0 0
165 1573 180 195 315483 0 0 0
1360 339 42 221 989617 0 0 0
2315 -540 198 247 560410 0 0 0
1688 1805 119 51 705789 0 0 0
-875 -1837 251 130 870177 0 0 0
2844 -1986 220 186 548126 0 0 0
-1591 -711 221 137 947125 0 0 0
-1969 -729 209 80 257246 0 0 0
2106 -1745 205 52 175763 0 0 0
1610 1980 140 125 593773 0 0 0
-1234 1082 153 30 261136 0 0 0
-602 -2562 138 173 292647 0 0 0
-2124 1727 251 201 494036 0 0 0
-2158 -508 230 249 550419 0 0 0
194 -963 47 130 726742 0 0 0
-535 -2171 264 185 544836 0 0 0
1136 -2418 95 200 260877 0 0 0
-4 1380 125 189 558422 0 0 0
-529 -2928 244 219 482490 0 0 0
689 -575 197 88 519718 0 0 0
-2394 2862 112 183 826330 0 0 0
1357 -960 248 96 881246 0 0 0
2847 2354 129 121 124842 0 0 0
911 270 167 221 868373 0 0 0
1893 787 75 115 157750 0 0 0
-308 -2402 62 9 877063 0 0 0
2100 -2492 67 40 674468 0 0 0
-82 -2517 247 233 852701 0 0 0
-2300 -2771 163 127 336389 0 0 0
2418 229 154 229 735860 0 0 0
2953 555 118 224 354783 0 0 0
239 -2635 73 249 953831 0 0 0
2911 28 35 249 824237 0 0 0
1729 669 223 238 644965 0 0 0
730 -1035 241 221 981293 0 0 0
548 697 21 59 422959 0 0 0
-2308 1821 14 45 144307 0 0 0
-132 423 121 105 932766 0 0 0
-1959 2635 261 91 316361 0 0 0
-243 1253 204 17 896478 0 0 0
-1138 2858 79 74 188390 0 0 0
-642 2091 125 6 288200 0 0 0
-982 -1945 89 170 478681 0 0 0
-1414 2681 85 161 346169 0 0 0
-1285 -1838 159 28 158357 0 0 0
-860 -2908 247 203 728971 0 0 0
-80 -2462 196 108 449075 0 0 0
-2370 1223 77 201 208320 0 0 0
0 2614 204 107 948869 0 0 0
-742 681 207 84 679247 0 0 0
-2185 -1176 209 35 914923 0 0 0
226 -2173 265 177 315549 0 0 0
-1672 880 23 96 185184 0 0 0
-2150 861 190 123 502797 0 0 0
640 -1025 184 56 155621 0 0 0
2118 1478 132 51 478409 0 0 0
2760 -702 226 204 280336 0 0 0
-691 -442 216 243 684232 0 0 0
1669 2652 21 139 275964 0 0 0
1556 2499 127 157 757775 0 0 0
-352 -863 16 240 305236 0 0 0
1446 2076 232 111 235445 0 0 0
2468 -1642 55 83 247944 0 0 0
-624 860 114 50 668911 0 0 0
-793 383 73 168 826980 0 0 0
748 1148 171 144 509622 0 0 0
-1942 -1919 156 57 440770 0 0 0
1744 -1592 56 18 266640 0 0 0
576 -1218 160 167 428965 0 0 0
-2875 2834 195 17 937829 0 0 0
2963 670 72 125 801222 0 0 0
-2619 -340 241 77 838256 0 0 0
603 1104 114 197 424312 0 0 0
-2644 1225 49 17 733283 0 0 0
-312 -2691 23 149 603587 0 0 0
-2210 1091 180 229 682246 0 0 0
-559 1315 146 103 569685 0 0 0
-2514 -765 152 218 866863 0 0 0
1748 1120 2 129 515721 0 0 0
-2553 393 46 198 575627 0 0 0
-777 1099 225 54 339532 0 0 0
-2046 -1028 54 226 432849 0 0 0
-2479 592 81 179 587762 0 0 0
2216 -1262 98 252 899932 0 0 0
1259 617 98 159 349756 0 0 0
2234 270 75 164 357381 0 0 0
2061 706 198 83 295717 0 0 0
-2762 -576 147 47 314950 0 0 0
599 1104 100 216 272283 0 0 0
-1903 -1551 201 23 546443 0 0 0
2822 -89 231 203 202988 0 0 0
-1044 2346 38 239 489165 0 0 0
-2996 479 104 223 640073 0 0 0
-1245 -1579 138 191 368617 0 0 0
-2777 -1572 194 207 536215 0 0 0
-1855 211 216 51 221293 0 0 0
-2058 -527 93 220 908863 0 0 0
-1721 -17 138 245 722452 0 0 0
468 -2931 75 147 521929 0 0 0
2799 -49 181 10 674566 0 0 0
2972 -1558 72 96 359907 0 0 0
-1789 1507 142 108 967731 0 0 0
1862 2477 242 10 371302 0 0 0
-112 2302 56 229 221526 0 0 0
-968 1679 172 171 854431 0 0 0
-2307 2127 163 190 702405 0 0 0
-826 -2052 153 236 848962 0 0 0
319 2227 217 40 497196 0 0 0
2391 -2420 199 65 549957 0 0 0
-894 1818 131 78 687901 0 0 0
1528 -1669 171 165 752453 0 0 0
-399 1837 9 126 855876 0 0 0
-2215 -915 87 200 923322 0 0 0
-2222 -151 111 76 837699 0 0 0
1291 -2245 241 106 430334 0 0 0
284 2444 185 95 962236 0 0 0
1523 2856 194 87 481320 0 0 0
2910 -1446 34 174 167692 0 0 0
-2541 -2581 49 89 666029 0 0 0
449 -2453 221 190 197540 0 0 0
1737 1476 211 179 236720 0 0 0
771 -550 140 179 760099 0 0 0
-1880 -2852 167 237 347475 0 0 0
2455 235 197 125 157523 0 0 0
