300
22 -50 16 28 225759 0 0 0
152 266 39 30 673575 0 0 0
-212 213 5 31 690343 0 0 0
-86 175 2 15 392194 0 0 0
-237 -124 40 26 309008 0 0 0
-162 134 4 6 263126 0 0 0
275 -180 47 6 433531 0 0 0
-271 14 10 33 803235 0 0 0
0 6 3 35 862588 0 0 0
-262 -284 33 22 250919 0 0 0
-126 282 25 22 522596 0 0 0
-226 282 16 7 744118 0 0 0
-205 163 26 17 959124 0 0 0
135 -30 37 29 538912 0 0 0
255 -255 34 15 856437 0 0 0
72 -109 29 34 344658 0 0 0
89 -211 42 18 855657 0 0 0
-176 34 43 28 130302 0 0 0
145 -263 42 34 740168 0 0 0
-123 -250 24 28 495968 0 0 0
-284 93 33 18 402384 0 0 0
180 270 4 34 937735 0 0 0
-44 296 3 18 117335 0 0 0
-229 42 38 15 132368 0 0 0
-261 -96 29 3 889478 0 0 0
111 287 25 14 635725 0 0 0
-47 252 24 12 303027 0 0 0
143 -244 21 16 387743 0 0 0
-109 132 23 10 437869 0 0 0
-217 20 8 23 953989 0 0 0
-230 -251 5 7 229744 0 0 0
-292 -85 44 17 190086 0 0 0
2 -161 9 30 731257 0 0 0
88 -175 47 11 786242 0 0 0
-111 -235 1 24 154313 0 0 0
-168 -145 8 32 296072 0 0 0
-114 -40 4 21 886592 0 0 0
-21 222 47 9 884585 0 0 0
-18 -211 2 7 869797 0 0 0
-89 -126 37 22 706524 0 0 0
-61 -188 49 9 792557 0 0 0
-283 38 23 17 709713 0 0 0
30 1 27 34 206060 0 0 0
-45 213 7 26 621236 0 0 0
-75 -177 25 32 708510 0 0 0
-183 19 18 2 869099 0 0 0
-267 -243 34 31 431548 0 0 0
-284 -217 22 17 170503 0 0 0
263 176 44 3 985837 0 0 0
14 39 23 13 308917 0 0 0
-46 34 4 21 485084 0 0 0
-57 193 30 20 273788 0 0 0
54 -44 24 28 546113 0 0 0
274 -116 47 26 486575 0 0 0
-261 -161 15 17 687016 0 0 0
142 -267 44 13 849449 0 0 0
276 -113 10 30 922954 0 0 0
272 -268 41 2 733054 0 0 0
126 -261 23 7 432931 0 0 0
-205 -262 38 9 903610 0 0 0
-197 -24 21 2 488616 0 0 0
-251 -108 40 34 624848 0 0 0
43 45 16 18 953109 0 0 0
133 -271 30 29 652746 0 0 0
177 26 4 31 827076 0 0 0
-244 106 47 8 560842 0 0 0
136 172 33 10 646709 0 0 0
294 299 31 29 793466 0 0 0
145 -28 11 12 122373 0 0 0
34 -203 43 33 183015 0 0 0
-244 108 12 28 878039 0 0 0
-232 137 6 9 735155 0 0 0
-101 -64 48 19 861700 0 0 0
-67 226 36 30 396783 0 0 0
-230 210 12 16 234270 0 0 0
46 83 14 24 821784 0 0 0
-211 -141 31 8 564086 0 0 0
-69 265 1 34 320844 0 0 0
-278 70 28 4 957336 0 0 0
66 237 13 17 781103 0 0 0
-160 -166 21 35 894429 0 0 0
-272 220 6 10 396805 0 0 0
-60 -123 25 9 320218 0 0 0
-175 -128 42 20 962071 0 0 0
-128 -106 12 32 769975 0 0 0
81 274 1 6 107647 0 0 0
250 -111 4 29 804003 0 0 0
-109 -245 41 36 385325 0 0 0
119 257 34 12 913217 0 0 0
-165 -151 25 18 500437 0 0 0
71 16 36 32 792955 0 0 0
-47 -138 47 9 691751 0 0 0
43 187 15 30 487737 0 0 0
-256 248 24 20 808662 0 0 0
-199 165 25 6 993064 0 0 0
81 -108 2 32 867246 0 0 0
-16 -254 44 14 503371 0 0 0
-226 180 11 27 574761 0 0 0
209 -52 38 6 800128 0 0 0
208 -48 30 8 583465 0 0 0
108 204 45 5 763230 0 0 0
-231 -206 5 15 711149 0 0 0
-144 -49 11 14 164830 0 0 0
300 38 5 29 371323 0 0 0
61 -31 31 30 385990 0 0 0
-230 -16 24 1 175435 0 0 0
244 68 13 31 610851 0 0 0
-85 97 6 22 964287 0 0 0
190 242 5 16 865634 0 0 0
-83 -92 20 2 326029 0 0 0
-152 37 33 35 342079 0 0 0
-273 96 15 1 736582 0 0 0
231 -25 13 27 775724 0 0 0
-204 55 14 8 133016 0 0 0
-283 -153 19 1 795377 0 0 0
18 -76 38 30 189298 0 0 0
122 286 23 7 533621 0 0 0
240 -282 38 5 440444 0 0 0
106 250 19 22 467893 0 0 0
137 98 42 24 924966 0 0 0
82 49 9 12 973420 0 0 0
162 141 25 8 142900 0 0 0
-132 -127 27 14 384801 0 0 0
-204 -245 9 21 686984 0 0 0
89 -118 33 9 625833 0 0 0
-272 -119 40 34 765750 0 0 0
-279 -101 13 25 580835 0 0 0
278 159 20 23 192624 0 0 0
121 -36 36 5 971555 0 0 0
-247 -72 18 8 263793 0 0 0
85 84 7 16 349435 0 0 0
84 -60 16 11 157940 0 0 0
13 241 48 31 239587 0 0 0
-86 -90 48 12 562757 0 0 0
3 140 11 11 405435 0 0 0
162 -171 6 6 549488 0 0 0
-54 -252 35 26 570481 0 0 0
29 -104 34 34 864683 0 0 0
-100 290 3 10 564501 0 0 0
62 -194 7 32 532423 0 0 0
97 102 48 12 935515 0 0 0
-67 -42 48 3 531543 0 0 0
77 232 39 2 675506 0 0 0
194 274 49 12 356878 0 0 0
164 43 29 26 835477 0 0 0
23 -172 28 32 403661 0 0 0
119 -51 18 7 286079 0 0 0
-92 -290 4 24 647493 0 0 0
41 222 15 12 774847 0 0 0
57 270 7 34 214600 0 0 0
100 267 7 20 105750 0 0 0
146 -243 4 34 775080 0 0 0
13 -13 27 6 454149 0 0 0
181 -255 3 13 131033 0 0 0
-291 126 25 36 678011 0 0 0
258 279 12 17 630241 0 0 0
-47 -50 38 23 585258 0 0 0
-133 -250 11 33 655198 0 0 0
250 -195 21 19 453294 0 0 0
-237 51 45 13 890614 0 0 0
40 218 43 23 804521 0 0 0
-87 246 39 7 575815 0 0 0
-126 234 12 26 450770 0 0 0
271 212 32 24 547052 0 0 0
-25 148 35 24 914784 0 0 0
-184 -225 49 7 348324 0 0 0
283 218 21 12 394045 0 0 0
-228 -8 43 15 851877 0 0 0
196 -201 47 3 349670 0 0 0
-102 -173 39 8 854631 0 0 0
-287 -2 36 22 586179 0 0 0
186 0 7 28 616241 0 0 0
195 6 21 35 475629 0 0 0
-52 266 41 32 178101 0 0 0
75 0 40 8 999691 0 0 0
-114 271 41 15 525708 0 0 0
-155 -59 3 30 433052 0 0 0
247 -188 5 27 921212 0 0 0
-98 144 13 28 787660 0 0 0
166 -181 2 33 137242 0 0 0
15 -254 27 12 189597 0 0 0
-50 261 1 14 710151 0 0 0
-68 152 20 7 408030 0 0 0
75 58 23 9 225025 0 0 0
262 46 28 10 568780 0 0 0
-16 -55 2 16 140000 0 0 0
145 294 21 6 863857 0 0 0
164 199 17 34 466676 0 0 0
-76 204 41 5 446510 0 0 0
37 88 19 22 481053 0 0 0
-77 -287 24 28 261834 0 0 0
278 -251 20 15 610784 0 0 0
-25 -124 36 24 468688 0 0 0
169 -282 33 11 471235 0 0 0
77 -273 37 2 237043 0 0 0
27 279 40 30 945551 0 0 0
-125 89 5 24 800441 0 0 0
263 -124 39 13 781776 0 0 0
-138 120 33 9 676739 0 0 0
50 -91 28 22 661369 0 0 0
77 139 2 13 408771 0 0 0
-112 -198 1 25 802357 0 0 0
29 119 26 8 484598 0 0 0
-30 -82 6 25 726648 0 0 0
218 -235 21 26 796425 0 0 0
109 -226 20 9 213200 0 0 0
77 -4 13 16 252442 0 0 0
-74 -260 31 11 921379 0 0 0
154 224 44 24 673617 0 0 0
-132 99 10 21 971813 0 0 0
243 -282 13 14 192956 0 0 0
210 21 16 4 912968 0 0 0
-53 84 30 12 469753 0 0 0
200 -161 46 28 126272 0 0 0
-130 -164 31 25 517763 0 0 0
259 -4 25 30 940482 0 0 0
-45 97 9 17 189255 0 0 0
284 -149 14 36 543336 0 0 0
13 -32 1 20 322979 0 0 0
111 -106 10 33 355743 0 0 0
-182 256 41 14 241263 0 0 0
-74 294 40 4 333671 0 0 0
-84 57 10 14 908802 0 0 0
148 -94 15 31 310210 0 0 0
51 -72 20 36 913808 0 0 0
146 -230 14 7 393362 0 0 0
172 -248 24 16 944047 0 0 0
-277 -24 6 30 774322 0 0 0
225 -269 41 21 207527 0 0 0
-209 114 26 15 682469 0 0 0
146 -46 34 19 699778 0 0 0
292 -87 39 30 939809 0 0 0
23 -206 36 16 768057 0 0 0
-106 97 4 6 699360 0 0 0
-150 -279 17 22 857545 0 0 0
145 -184 4 19 234781 0 0 0
-170 153 8 17 994849 0 0 0
-196 31 16 24 183367 0 0 0
24 -45 43 11 384675 0 0 0
-105 187 3 19 471353 0 0 0
-84 146 26 17 126444 0 0 0
-134 187 47 32 668840 0 0 0
42 142 48 11 925296 0 0 0
-165 254 27 14 541869 0 0 0
40 -172 40 30 897562 0 0 0
161 292 2 34 304755 0 0 0
66 -160 13 32 582470 0 0 0
252 108 41 11 746070 0 0 0
119 140 23 5 151028 0 0 0
-64 85 26 29 530233 0 0 0
57 280 48 19 710472 0 0 0
-233 -101 6 20 731886 0 0 0
-145 154 31 23 331867 0 0 0
154 -196 48 17 680353 0 0 0
25 133 19 31 777250 0 0 0
-282 120 39 7 675290 0 0 0
254 -159 22 34 831149 0 0 0
-252 -169 18 26 958214 0 0 0
171 -11 3 35 869207 0 0 0
79 249 13 21 446220 0 0 0
231 82 17 4 369139 0 0 0
11 -8 26 14 111141 0 0 0
9 136 6 17 462901 0 0 0
98 249 22 26 403046 0 0 0
21 169 43 10 493508 0 0 0
297 -246 36 2 832420 0 0 0
207 -215 5 4 129255 0 0 0
118 41 6 20 645597 0 0 0
238 33 42 30 408381 0 0 0
-153 288 31 1 959518 0 0 0
232 -12 46 20 868038 0 0 0
-208 -279 3 23 145074 0 0 0
153 38 18 13 845427 0 0 0
216 249 25 6 265915 0 0 0
272 -182 5 23 263105 0 0 0
-198 -52 6 24 630134 0 0 0
-243 -200 46 9 197579 0 0 0
-70 -276 20 18 956360 0 0 0
8 -151 39 27 760226 0 0 0
-249 171 3 16 490923 0 0 0
-82 -163 43 24 941295 0 0 0
-78 250 32 1 751847 0 0 0
-181 23 12 35 272783 0 0 0
290 -263 3 24 962346 0 0 0
-262 -42 26 28 863700 0 0 0
-271 282 7 24 287526 0 0 0
-252 155 29 4 446225 0 0 0
141 94 14 15 773387 0 0 0
25 133 36 13 306376 0 0 0
163 -241 4 1 985853 0 0 0
-180 -75 21 2 618321 0 0 0
-261 -170 9 8 524331 0 0 0
-152 157 20 9 214365 0 0 0
132 -12 15 13 805695 0 0 0
-15 -227 21 11 641555 0 0 0
-55 29 32 26 448375 0 0 0
231 -77 10 17 850137 0 0 0
-138 -137 35 20 484585 0 0 0
-21 -219 42 1 720509 0 0 0
62 -37 49 14 235120 0 0 0
