3100
1851 -1773 166 131 390280 0 0 0
38 1657 181 141 581021 0 0 0
2296 1974 257 38 594295 0 0 0
-1192 3092 26 241 449737 0 0 0
164 38 168 181 665632 0 0 0
2499 1004 258 154 904522 0 0 0
921 1623 158 16 251674 0 0 0
1692 2054 152 27 183297 0 0 0
-2389 2787 231 88 658288 0 0 0
-53 1427 71 94 413767 0 0 0
-899 2034 70 9 117237 0 0 0
-1023 1218 8 147 640517 0 0 0
-2512 -1829 176 113 617939 0 0 0
1618 2960 144 51 579945 0 0 0
-1591 560 233 85 253761 0 0 0
1328 1602 179 63 262103 0 0 0
1436 -2603 168 99 278042 0 0 0
1848 3015 153 150 697791 0 0 0
-3089 -311 60 221 601499 0 0 0
-2850 -2793 199 77 662768 0 0 0
2230 2536 2 91 388110 0 0 0
-391 1873 5 59 644108 0 0 0
2321 143 251 158 326608 0 0 0
435 2191 90 121 177795 0 0 0
-2466 2955 157 193 671476 0 0 0
747 -1459 166 107 570600 0 0 0
-705 1229 120 109 202473 0 0 0
2496 -427 203 201 754786 0 0 0
-1025 257 242 158 641341 0 0 0
-404 185 167 110 445523 0 0 0
856 781 135 48 637667 0 0 0
1724 2627 175 52 319982 0 0 0
-1885 -2232 64 92 933190 0 0 0
753 15 228 144 360738 0 0 0
361 2238 212 14 120440 0 0 0
-2823 -1008 25 169 783528 0 0 0
2005 297 68 20 208459 0 0 0
-606 666 140 184 912741 0 0 0
-2575 1179 146 10 849903 0 0 0
-1187 2130 47 44 912997 0 0 0
-18 -1322 112 109 646141 0 0 0
-581 -1875 173 20 383928 0 0 0
-1129 -1970 239 181 336885 0 0 0
-426 624 202 154 320474 0 0 0
-2721 1123 86 202 827940 0 0 0
1935 903 213 253 502359 0 0 0
-1996 1453 101 39 833083 0 0 0
558 -2627 100 220 605861 0 0 0
-322 929 62 105 212355 0 0 0
2504 -2028 4 25 847279 0 0 0
-1985 393 166 47 621616 0 0 0
454 -2490 157 150 951093 0 0 0
2763 -2908 144 67 793594 0 0 0
1481 2425 195 32 935529 0 0 0
-1761 -2562 79 176 176186 0 0 0
-553 319 4 254 881093 0 0 0
2639 2402 92 131 951006 0 0 0
2487 820 215 84 417454 0 0 0
-2751 1716 226 216 287738 0 0 0
-2389 -1491 109 239 195784 0 0 0
762 -1535 226 187 465537 0 0 0
123 1580 83 147 163231 0 0 0
-1903 2813 28 243 272833 0 0 0
2889 -910 17 176 615729 0 0 0
2771 -340 70 197 338848 0 0 0
-1615 1081 80 41 559716 0 0 0
-648 -1592 204 110 162657 0 0 0
1986 2941 26 203 776797 0 0 0
633 -1866 192 91 660827 0 0 0
654 2796 28 222 676436 0 0 0
-2049 -1167 159 195 800350 0 0 0
-447 1380 119 101 548652 0 0 0
2502 -2266 44 157 328064 0 0 0
-895 -1041 40 30 803461 0 0 0
222 -576 145 118 682314 0 0 0
2419 -1025 132 134 845917 0 0 0
488 -874 13 153 605097 0 0 0
-1328 -132 7 194 714811 0 0 0
-1190 -1975 88 65 517030 0 0 0
-861 -1628 189 73 521242 0 0 0
2210 2173 7 37 419193 0 0 0
499 -718 210 10 718779 0 0 0
-2626 2730 149 221 125321 0 0 0
-1986 2886 241 87 622073 0 0 0
-1081 -30 85 82 732017 0 0 0
2910 1476 95 53 627647 0 0 0
2457 1318 120 135 716652 0 0 0
1724 -2348 94 180 415933 0 0 0
2512 -2423 221 53 622599 0 0 0
731 -685 195 184 370895 0 0 0
-195 -91 48 156 234556 0 0 0
2133 1096 104 69 478230 0 0 0
2966 -862 120 165 164206 0 0 0
2953 2290 16 61 658245 0 0 0
-1576 -2446 256 6 137053 0 0 0
1716 -2046 211 88 714772 0 0 0
-608 -2456 147 121 636161 0 0 0
-2207 1398 135 144 527630 0 0 0
3033 205 12 198 717192 0 0 0
1571 1002 242 246 900014 0 0 0
2259 -668 185 31 852390 0 0 0
-1620 -661 163 117 452204 0 0 0
383 -1831 112 236 812186 0 0 0
2509 2854 157 31 208260 0 0 0
2952 2901 127 18 868498 0 0 0
-2139 1915 238 39 113996 0 0 0
1817 2855 224 58 436965 0 0 0
-1566 -2849 264 153 105145 0 0 0
3006 1937 88 202 615093 0 0 0
-2057 -34 183 26 874050 0 0 0
-1010 1155 202 39 565924 0 0 0
-641 -741 196 148 192553 0 0 0
289 131 131 190 175348 0 0 0
1618 609 53 1 633047 0 0 0
-1342 -2850 40 134 525133 0 0 0
2889 -2156 165 90 905370 0 0 0
744 -1073 82 86 239569 0 0 0
-1466 2143 178 109 313315 0 0 0
1157 2950 273 178 509417 0 0 0
-1303 -2419 163 202 660058 0 0 0
-2603 3002 67 16 136109 0 0 0
434 2602 169 237 437869 0 0 0
-2377 -2353 196 168 424395 0 0 0
-2238 -1567 201 45 903904 0 0 0
172 -343 12 96 394672 0 0 0
2954 -1959 66 50 947867 0 0 0
-955 -1173 89 231 485509 0 0 0
1307 1489 156 53 453799 0 0 0
-2330 -1927 166 163 767761 0 0 0
-983 -2516 157 217 837137 0 0 0
2667 2394 50 215 900202 0 0 0
-94 1510 110 225 320708 0 0 0
1458 -2183 90 22 379963 0 0 0
2709 -506 236 62 475866 0 0 0
-2943 994 194 101 175610 0 0 0
1143 2126 243 90 507617 0 0 0
-820 1635 47 51 918787 0 0 0
1956 2211 95 245 198434 0 0 0
2940 -1695 166 121 308824 0 0 0
3096 418 50 128 100491 0 0 0
-1427 -1705 37 194 564339 0 0 0
-2483 1636 87 157 954826 0 0 0
154 262 127 150 243408 0 0 0
418 -2609 186 112 429195 0 0 0
2916 -2595 229 28 129699 0 0 0
-1013 -1537 269 207 176386 0 0 0
2913 -1044 171 153 443011 0 0 0
1983 1045 229 190 902939 0 0 0
-1246 697 225 87 271909 0 0 0
582 -1035 107 253 551922 0 0 0
-3073 1629 143 70 157242 0 0 0
-511 521 33 37 139361 0 0 0
54 -2884 125 179 764666 0 0 0
198 1687 224 192 688978 0 0 0
1668 462 64 183 952231 0 0 0
2716 1581 247 196 636791 0 0 0
-1175 -319 246 13 960465 0 0 0
1442 2822 1 191 893407 0 0 0
1839 -570 202 71 561152 0 0 0
1734 -2900 171 119 441996 0 0 0
329 2925 87 257 329666 0 0 0
-1493 -1930 224 55 843206 0 0 0
29 -427 192 93 402279 0 0 0
-1941 -2639 23 118 384823 0 0 0
-2268 -1254 16 104 542769 0 0 0
-1410 -2135 217 191 390223 0 0 0
-2262 1723 202 100 201150 0 0 0
1469 -2914 210 144 943252 0 0 0
820 1375 91 225 825500 0 0 0
2925 166 39 204 102261 0 0 0
-3081 -1245 189 220 683694 0 0 0
-2480 1430 268 249 747945 0 0 0
-1503 -2807 224 29 866530 0 0 0
2458 535 224 119 369183 0 0 0
-800 -218 208 107 597190 0 0 0
-261 429 41 36 935154 0 0 0
-1736 674 253 191 543082 0 0 0
-2656 -506 50 204 714706 0 0 0
-123 2167 230 54 716198 0 0 0
3043 -1397 128 41 966393 0 0 0
3028 1760 172 12 857722 0 0 0
-2206 355 209 81 209524 0 0 0
2749 -3067 159 221 198643 0 0 0
901 2621 244 130 734700 0 0 0
-1497 1900 145 78 792613 0 0 0
2897 1688 150 181 260239 0 0 0
-1225 -1459 49 134 437148 0 0 0
-220 -1809 248 254 157619 0 0 0
2122 2431 181 233 487645 0 0 0
-108 2323 256 42 686222 0 0 0
-1307 304 213 228 141276 0 0 0
-1829 -2672 141 239 724778 0 0 0
1814 2105 164 22 213045 0 0 0
-14 924 41 195 714374 0 0 0
-1008 1679 14 74 188436 0 0 0
-3021 1649 129 110 814918 0 0 0
1314 -3020 245 114 828676 0 0 0
3017 427 83 36 303803 0 0 0
156 -1048 134 184 458812 0 0 0
551 -518 182 62 412287 0 0 0
1712 -2062 51 98 579023 0 0 0
-2748 1694 257 143 351374 0 0 0
-36 1732 137 125 952381 0 0 0
2678 2397 237 60 868403 0 0 0
154 -2761 206 16 620698 0 0 0
587 -1156 225 191 765469 0 0 0
-2647 1278 73 55 176512 0 0 0
3059 -1970 256 21 777950 0 0 0
-1002 3067 114 80 712570 0 0 0
-365 -1690 15 179 977822 0 0 0
661 1786 28 84 390760 0 0 0
-2852 -2009 153 218 864073 0 0 0
-1478 -1183 107 227 447924 0 0 0
2964 3059 234 160 864869 0 0 0
1037 -2421 143 4 412260 0 0 0
3049 -636 179 125 781718 0 0 0
-1861 1783 47 69 218879 0 0 0
-1823 2908 247 200 888095 0 0 0
-828 -2590 179 214 412935 0 0 0
2017 -2488 160 141 439398 0 0 0
-1241 482 94 134 707743 0 0 0
-2673 930 176 92 478541 0 0 0
-127 2119 95 208 462557 0 0 0
-1811 -455 216 11 410733 0 0 0
-714 1071 130 240 174359 0 0 0
-1972 409 117 77 623833 0 0 0
-1982 1602 89 244 156464 0 0 0
73 -314 218 140 504471 0 0 0
2472 -2807 143 161 987195 0 0 0
-1985 3008 142 136 191491 0 0 0
-2206 -2922 250 182 200305 0 0 0
-1693 2348 18 99 892733 0 0 0
1765 -184 44 65 716801 0 0 0
1088 155 101 77 983005 0 0 0
-1994 -2822 177 151 630335 0 0 0
927 -87 123 87 369785 0 0 0
-1530 -1474 250 41 976215 0 0 0
1660 -2789 92 173 192380 0 0 0
1091 -351 59 167 955397 0 0 0
1982 2644 29 154 848808 0 0 0
-1248 1629 209 134 757149 0 0 0
-31 -227 255 231 734788 0 0 0
1341 1282 271 247 351370 0 0 0
-1661 -1537 158 42 641793 0 0 0
586 -2031 268 224 504477 0 0 0
-243 -2525 263 201 664842 0 0 0
1300 1339 251 20 508528 0 0 0
-723 2422 210 206 465125 0 0 0
-1735 -2704 269 137 294438 0 0 0
1987 -1663 186 43 338993 0 0 0
1732 80 96 146 309785 0 0 0
1465 2617 259 140 432661 0 0 0
-2944 247 145 214 477334 0 0 0
-1332 -1456 159 60 768137 0 0 0
2815 2922 215 45 129039 0 0 0
-2059 -2758 153 236 388503 0 0 0
-113 2816 165 23 157082 0 0 0
2531 525 33 28 697267 0 0 0
1886 -593 132 253 264962 0 0 0
1865 -2747 249 149 786430 0 0 0
-1541 1795 269 251 987588 0 0 0
-176 2614 103 253 908891 0 0 0
-1555 2985 101 197 401522 0 0 0
237 684 192 182 155970 0 0 0
-2018 -2451 223 178 497128 0 0 0
1786 2142 118 172 559437 0 0 0
-1648 -2783 148 48 858233 0 0 0
-1779 1669 121 194 925363 0 0 0
-2303 -3033 6 168 184873 0 0 0
474 2096 111 141 936131 0 0 0
1356 974 24 63 827609 0 0 0
2724 -1205 172 31 329987 0 0 0
-1748 1229 121 225 818451 0 0 0
478 -1062 16 146 201036 0 0 0
329 -1087 48 142 620598 0 0 0
884 -2982 235 11 146532 0 0 0
-2149 3036 262 112 628159 0 0 0
1982 2869 83 154 186990 0 0 0
398 -2352 63 8 822316 0 0 0
-851 -1110 148 83 165665 0 0 0
508 682 68 192 679754 0 0 0
155 2365 6 193 681765 0 0 0
-2697 -1907 89 89 462099 0 0 0
-677 -150 224 23 519214 0 0 0
-2762 -454 122 66 173378 0 0 0
2747 1080 121 168 991156 0 0 0
-2135 -1759 71 122 506476 0 0 0
-1229 757 254 15 223685 0 0 0
-1831 1522 248 259 108187 0 0 0
700 720 145 139 451551 0 0 0
-1014 3062 6 2 442825 0 0 0
1029 -2298 261 143 151917 0 0 0
-1210 -1347 163 102 323343 0 0 0
-2628 -2186 93 97 824690 0 0 0
1809 -47 132 197 367036 0 0 0
-2105 -1262 114 152 283220 0 0 0
1541 2395 217 217 491770 0 0 0
-1416 -1088 126 210 718631 0 0 0
1700 2968 15 49 840942 0 0 0
2407 2776 180 16 986974 0 0 0
1850 473 72 202 390751 0 0 0
-1087 2254 182 224 572963 0 0 0
2183 -2970 241 35 276590 0 0 0
-2195 -2996 76 18 636532 0 0 0
2404 2185 176 18 733607 0 0 0
-1241 1314 221 9 507936 0 0 0
-539 912 97 7 521164 0 0 0
-1362 -137 28 244 551568 0 0 0
1994 -2839 212 192 541323 0 0 0
-1418 -3003 66 157 420827 0 0 0
-3100 -477 156 181 194949 0 0 0
2259 2991 62 96 257010 0 0 0
-1258 -2204 128 233 766065 0 0 0
877 -217 58 191 776691 0 0 0
2726 1509 272 157 878926 0 0 0
-1059 -2371 111 179 442772 0 0 0
2860 -681 269 180 742768 0 0 0
-1327 -2670 271 157 234624 0 0 0
-2972 -2767 5 207 946018 0 0 0
2837 553 30 50 282801 0 0 0
-611 665 48 119 298215 0 0 0
108 1888 158 247 522600 0 0 0
-1449 -137 106 146 477515 0 0 0
-2110 807 214 89 163816 0 0 0
-2214 -1893 94 139 326137 0 0 0
-1715 2204 12 6 222342 0 0 0
2373 -1979 244 207 199316 0 0 0
-2473 -812 95 54 946688 0 0 0
-1181 2896 141 249 429232 0 0 0
-2929 1850 76 200 815784 0 0 0
-1353 -457 86 76 454766 0 0 0
-1148 -1766 219 127 858615 0 0 0
1798 -583 151 21 917154 0 0 0
-1732 1138 117 245 312407 0 0 0
1764 -2369 46 4 537735 0 0 0
-566 1133 266 175 221658 0 0 0
2722 -1821 128 12 771536 0 0 0
-1560 -899 169 114 160476 0 0 0
2746 2829 31 178 787471 0 0 0
2293 88 68 66 580584 0 0 0
-938 -2010 161 97 142194 0 0 0
282 252 144 32 582315 0 0 0
-114 1305 63 30 274970 0 0 0
-573 -1218 56 16 814301 0 0 0
-2044 -136 244 227 186306 0 0 0
-2637 -2112 23 103 218231 0 0 0
-1498 1850 83 227 234256 0 0 0
897 -1378 86 192 856860 0 0 0
730 -2631 121 226 292759 0 0 0
1099 608 205 232 910767 0 0 0
-987 852 138 257 528421 0 0 0
-2806 2424 16 12 666889 0 0 0
59 1126 153 49 676921 0 0 0
-188 -1645 42 195 426102 0 0 0
-2853 -606 60 112 379117 0 0 0
2157 -2860 269 92 276505 0 0 0
725 -2392 226 187 188269 0 0 0
-507 -1128 189 105 468725 0 0 0
891 -2132 19 177 657925 0 0 0
-2387 -2846 264 23 302107 0 0 0
1819 589 143 105 104279 0 0 0
2853 1560 69 251 627507 0 0 0
-2888 1599 90 77 583132 0 0 0
-3088 1976 243 250 508402 0 0 0
-1709 706 228 22 469059 0 0 0
1046 2154 112 92 776308 0 0 0
2412 -1456 178 136 282724 0 0 0
1421 -1222 18 124 949089 0 0 0
1877 -2555 211 10 735362 0 0 0
14 1174 136 93 804907 0 0 0
-825 -2876 174 74 747121 0 0 0
2035 289 3 254 376160 0 0 0
-922 -955 112 242 413437 0 0 0
-2864 2734 107 120 843299 0 0 0
-469 337 82 161 711371 0 0 0
1365 -1915 199 6 451095 0 0 0
2839 -2161 22 118 194479 0 0 0
-623 2638 16 47 734715 0 0 0
2751 -1285 148 178 834044 0 0 0
2258 -253 3 162 745373 0 0 0
-2708 2480 133 12 957504 0 0 0
2134 -1074 39 78 856966 0 0 0
348 -2001 271 37 939193 0 0 0
482 358 117 123 275185 0 0 0
1481 193 233 205 695208 0 0 0
-633 2162 90 243 951656 0 0 0
244 3099 213 226 394741 0 0 0
2852 2265 140 36 691112 0 0 0
-1883 -2401 140 46 552417 0 0 0
682 1764 253 2 369986 0 0 0
1713 363 40 99 856966 0 0 0
2305 2341 195 91 776278 0 0 0
689 -2652 79 184 205781 0 0 0
-875 -1495 128 100 943615 0 0 0
-1784 1566 263 141 479739 0 0 0
992 2036 133 135 469163 0 0 0
2630 993 10 68 589246 0 0 0
2467 -1256 195 187 184080 0 0 0
2027 -1437 175 142 678762 0 0 0
1821 -2574 26 59 595794 0 0 0
150 -168 110 225 286673 0 0 0
1964 -2014 265 42 139315 0 0 0
2677 -2526 133 160 848457 0 0 0
1950 -2055 29 127 141550 0 0 0
2367 1459 102 83 486631 0 0 0
1290 773 110 250 430027 0 0 0
2116 -794 30 83 401966 0 0 0
3058 2908 20 12 494734 0 0 0
1750 1788 193 179 443117 0 0 0
232 3033 112 221 611463 0 0 0
-535 382 184 191 599407 0 0 0
2873 2652 132 192 278691 0 0 0
-1575 -1176 266 224 229499 0 0 0
-894 532 77 133 718682 0 0 0
-676 3060 181 84 868859 0 0 0
-2557 2558 61 77 816364 0 0 0
-1068 -1831 248 26 635910 0 0 0
2570 1002 5 61 603766 0 0 0
2951 -2065 197 64 492034 0 0 0
-1398 306 155 29 231829 0 0 0
-2703 2784 67 29 246613 0 0 0
-422 -1038 72 162 626592 0 0 0
-477 120 27 209 976344 0 0 0
60 763 56 255 384657 0 0 0
-2243 -2953 52 111 334227 0 0 0
-1091 3027 169 254 522155 0 0 0
-1385 440 249 10 135711 0 0 0
693 1357 23 189 139650 0 0 0
1311 2159 93 227 542424 0 0 0
382 1614 38 109 465811 0 0 0
1659 -2436 74 198 884524 0 0 0
-3019 -223 144 207 673321 0 0 0
-247 -360 42 115 482599 0 0 0
-383 2234 199 48 855209 0 0 0
-1954 1561 151 110 834781 0 0 0
-120 2165 187 101 257244 0 0 0
1881 -2937 266 26 633759 0 0 0
-2398 1836 79 259 129195 0 0 0
1566 -1349 134 55 628845 0 0 0
743 1684 81 31 802570 0 0 0
-2615 -469 136 205 729625 0 0 0
1294 1186 25 101 419101 0 0 0
289 1882 249 32 281085 0 0 0
-8 485 123 191 166094 0 0 0
-1642 1016 207 164 756697 0 0 0
1626 2312 106 32 542519 0 0 0
96 117 127 151 955765 0 0 0
1927 1643 231 91 431927 0 0 0
1626 -346 246 186 922770 0 0 0
426 -1151 261 233 830389 0 0 0
844 2499 25 248 932695 0 0 0
2808 -478 268 183 971382 0 0 0
851 2653 264 148 149897 0 0 0
1697 -1682 260 120 169173 0 0 0
-1635 -874 19 162 984057 0 0 0
2926 -2658 191 51 838273 0 0 0
-1070 2860 165 19 390381 0 0 0
1883 -1973 208 251 198634 0 0 0
-2008 2647 131 222 409314 0 0 0
-1860 1994 39 21 458069 0 0 0
-2151 -581 87 104 520250 0 0 0
-2214 -2379 135 47 370653 0 0 0
-382 2947 194 238 239037 0 0 0
2755 -2575 9 185 440536 0 0 0
2211 -990 257 224 602122 0 0 0
-1231 -504 20 132 521152 0 0 0
-25 -249 168 130 905454 0 0 0
-39 -2131 195 143 892998 0 0 0
-1455 -3020 109 236 383814 0 0 0
-2026 -798 136 52 154734 0 0 0
-2575 1179 57 214 516418 0 0 0
-1777 -3013 4 75 685969 0 0 0
1021 -1983 241 11 119426 0 0 0
-749 588 6 160 252157 0 0 0
-282 -2288 31 101 414798 0 0 0
1782 -1904 185 74 785583 0 0 0
2357 2391 82 196 539807 0 0 0
2586 12 232 25 385034 0 0 0
3082 -185 208 197 643165 0 0 0
-2300 356 120 188 701027 0 0 0
284 2181 52 174 959170 0 0 0
-1957 -34 144 257 601767 0 0 0
-2566 -2164 256 38 271571 0 0 0
-2900 -3063 98 174 470779 0 0 0
-608 1242 77 141 418810 0 0 0
-2624 -2244 97 109 744163 0 0 0
-3052 -2808 247 76 992111 0 0 0
-2642 778 132 137 297542 0 0 0
-470 -1551 6 116 311077 0 0 0
2041 -2581 95 150 724745 0 0 0
2889 -2383 223 242 557457 0 0 0
171 -345 185 30 934831 0 0 0
-65 -3059 5 72 281149 0 0 0
-1289 2206 111 23 683851 0 0 0
-876 -2744 43 250 248748 0 0 0
-3092 1939 68 166 734407 0 0 0
-1819 2692 132 64 152429 0 0 0
637 -339 164 114 279668 0 0 0
-244 2341 86 246 736719 0 0 0
-1816 2848 7 159 960139 0 0 0
1631 -583 240 174 564926 0 0 0
-2651 672 268 34 690261 0 0 0
-2259 1577 203 104 990495 0 0 0
-1506 1350 231 35 810820 0 0 0
120 1364 148 190 862036 0 0 0
705 2318 239 119 614564 0 0 0
2521 -1773 52 181 598255 0 0 0
722 2443 97 46 696384 0 0 0
-1415 -929 2 153 682482 0 0 0
18 815 264 254 818974 0 0 0
-2237 1656 266 40 296971 0 0 0
2451 2955 222 257 115556 0 0 0
2783 1161 266 137 933139 0 0 0
1311 -1323 201 78 379480 0 0 0
-2645 951 272 216 467967 0 0 0
-2782 1248 160 239 125676 0 0 0
-1596 580 153 179 979927 0 0 0
-1985 -268 104 55 800020 0 0 0
-2122 -2325 11 216 770090 0 0 0
-2915 1557 107 195 255108 0 0 0
725 -2891 76 52 510452 0 0 0
2722 1129 120 218 993647 0 0 0
2539 76 200 164 267963 0 0 0
-2566 1524 139 150 537354 0 0 0
-2162 757 266 178 393156 0 0 0
-2760 -2877 195 1 711202 0 0 0
1987 -1583 110 145 910221 0 0 0
1513 1810 185 163 702418 0 0 0
-2254 1086 189 212 237306 0 0 0
2896 -2040 70 39 485179 0 0 0
-2410 2909 170 63 492056 0 0 0
-3031 564 162 102 623585 0 0 0
-1462 -2664 267 225 448362 0 0 0
1812 647 117 133 684326 0 0 0
1212 -1078 212 49 107833 0 0 0
773 -27 200 11 657138 0 0 0
-2040 169 256 71 320279 0 0 0
964 -780 79 175 428984 0 0 0
-1700 1228 192 25 305757 0 0 0
1806 -57 156 228 799572 0 0 0
-1847 -1733 71 13 263974 0 0 0
-1456 -1669 228 104 884925 0 0 0
-2145 -2946 46 14 583007 0 0 0
-78 434 102 189 537540 0 0 0
3063 1699 242 17 785811 0 0 0
2224 73 14 69 924412 0 0 0
-2374 1201 18 23 791574 0 0 0
386 672 79 129 413356 0 0 0
1961 -514 149 62 502650 0 0 0
-940 -2006 87 178 762379 0 0 0
-1648 -2940 20 10 792874 0 0 0
-1964 -2738 105 193 293969 0 0 0
2404 810 157 172 191460 0 0 0
-2485 1914 141 18 891309 0 0 0
-50 1974 6 160 236462 0 0 0
1700 -819 93 11 887125 0 0 0
-895 2511 211 229 364316 0 0 0
-796 -584 145 233 940616 0 0 0
-88 -2859 96 218 733128 0 0 0
-1307 -609 139 95 575357 0 0 0
-2512 -1099 244 22 531729 0 0 0
-685 -1226 151 4 468587 0 0 0
-657 2302 114 195 695313 0 0 0
-1052 -1951 143 63 899737 0 0 0
-2147 -351 199 141 702831 0 0 0
1973 -42 256 2 104441 0 0 0
-1451 815 157 58 680839 0 0 0
-1117 -911 167 155 980561 0 0 0
3019 -1123 50 16 664692 0 0 0
-659 2807 77 225 605000 0 0 0
2929 1012 49 94 338123 0 0 0
-2139 1268 163 73 102365 0 0 0
-2965 3043 252 61 381684 0 0 0
2242 -2995 103 227 968343 0 0 0
-1776 -2527 57 19 987196 0 0 0
2168 526 186 3 245764 0 0 0
-3020 1079 126 89 206748 0 0 0
-491 -52 141 234 311829 0 0 0
-2762 1433 118 6 714694 0 0 0
849 -436 33 88 173508 0 0 0
-795 1135 65 241 803735 0 0 0
-407 1324 139 38 588806 0 0 0
-1902 -896 44 49 452728 0 0 0
-1717 -183 230 117 420042 0 0 0
-1405 1610 202 257 331476 0 0 0
2042 -972 141 2 345954 0 0 0
-871 1416 25 229 554368 0 0 0
-276 -156 123 191 220866 0 0 0
-1463 -1701 115 113 919608 0 0 0
300 -1015 129 187 959231 0 0 0
-1573 3034 110 134 359931 0 0 0
-1547 3094 257 32 728871 0 0 0
476 -70 150 19 460801 0 0 0
216 796 141 60 881300 0 0 0
-1360 2520 268 123 613028 0 0 0
794 1728 251 240 227026 0 0 0
-872 2508 4 64 855260 0 0 0
2211 -1221 13 80 113100 0 0 0
1059 -527 209 74 562490 0 0 0
-942 -159 3 142 815851 0 0 0
-1243 -1434 77 206 727283 0 0 0
-791 2657 151 116 231519 0 0 0
-3002 574 51 221 756733 0 0 0
634 -2045 173 73 867241 0 0 0
759 800 167 75 648735 0 0 0
-694 1232 255 243 243208 0 0 0
76 -1240 151 3 459457 0 0 0
-350 444 149 60 433781 0 0 0
695 -1537 171 98 719595 0 0 0
-5 -1845 267 204 876189 0 0 0
-2540 -3033 4 247 262596 0 0 0
-1121 -1884 186 63 225133 0 0 0
-3058 2305 10 24 695655 0 0 0
886 -214 132 144 169134 0 0 0
-1401 -751 25 74 214713 0 0 0
739 -1911 151 247 155469 0 0 0
-1338 -868 250 237 488996 0 0 0
2209 988 123 63 628371 0 0 0
2520 -754 11 104 976436 0 0 0
-1838 -181 164 235 877015 0 0 0
-960 2431 60 167 375082 0 0 0
-3045 1980 84 179 181944 0 0 0
-1931 2574 155 201 986458 0 0 0
1081 1299 263 146 398838 0 0 0
-1097 -756 1 26 943924 0 0 0
1815 -418 80 179 143756 0 0 0
-2636 -2348 126 219 445600 0 0 0
2325 348 256 10 669335 0 0 0
928 -2108 39 110 601582 0 0 0
2353 -2986 219 187 174321 0 0 0
-570 1859 62 183 374194 0 0 0
583 2478 73 58 557007 0 0 0
796 2650 221 124 268328 0 0 0
-363 1290 261 185 332764 0 0 0
-1611 2170 220 221 857333 0 0 0
1201 -1530 195 37 726354 0 0 0
-1603 -2021 118 146 757715 0 0 0
-2811 2635 154 252 591793 0 0 0
1156 447 13 189 866652 0 0 0
-316 -607 67 201 557838 0 0 0
-829 1852 192 3 311725 0 0 0
2182 1189 144 36 508008 0 0 0
-699 -1916 231 74 480287 0 0 0
-584 3048 147 96 389603 0 0 0
-2667 -1624 226 91 405151 0 0 0
706 761 187 167 343031 0 0 0
12 1974 216 172 495573 0 0 0
-2777 1716 69 119 868402 0 0 0
-1375 -2261 183 232 721788 0 0 0
2243 -2006 238 24 571938 0 0 0
-2613 -2265 119 62 512791 0 0 0
-1474 -2093 116 15 771973 0 0 0
862 2854 267 251 954296 0 0 0
-2449 -1850 100 135 263496 0 0 0
-2305 -1813 219 191 194453 0 0 0
-2221 -2043 82 55 828826 0 0 0
-1793 452 155 118 236962 0 0 0
718 -2878 173 139 168349 0 0 0
421 -1042 62 123 993031 0 0 0
-800 2149 106 62 259592 0 0 0
2247 -67 41 188 258084 0 0 0
-915 -3084 5 102 539708 0 0 0
524 -2114 259 139 179784 0 0 0
1733 104 192 125 448662 0 0 0
661 1182 148 32 741652 0 0 0
-699 1448 170 200 601106 0 0 0
-2704 -1344 101 237 818319 0 0 0
2448 1067 118 178 605857 0 0 0
2944 1593 128 198 925250 0 0 0
-548 -3052 268 173 471633 0 0 0
424 2258 77 218 894698 0 0 0
-2216 -2305 193 186 410591 0 0 0
-1520 -1060 173 180 386712 0 0 0
-3022 2777 18 75 997860 0 0 0
-1644 1382 30 118 769139 0 0 0
64 -1798 26 209 769844 0 0 0
-584 12 269 217 432614 0 0 0
-2319 -1324 65 170 780659 0 0 0
2657 1991 27 186 178800 0 0 0
-1868 70 169 77 735240 0 0 0
-1190 2020 66 10 932423 0 0 0
1687 3049 236 243 476273 0 0 0
-1986 -1459 16 97 638989 0 0 0
2032 2978 122 176 192216 0 0 0
-2913 405 109 46 339153 0 0 0
513 -3043 10 160 818059 0 0 0
2330 485 175 153 770899 0 0 0
1537 1547 198 81 670028 0 0 0
-2330 -2355 218 104 751653 0 0 0
1300 -1370 264 7 321016 0 0 0
2301 -2261 177 133 773062 0 0 0
-1190 -914 209 242 177062 0 0 0
-2088 -244 44 166 276777 0 0 0
2718 -1135 238 193 317494 0 0 0
2391 -722 41 121 612138 0 0 0
-2980 -1634 105 83 621006 0 0 0
-3096 -2625 17 67 210734 0 0 0
-1247 1238 223 21 726517 0 0 0
-401 720 240 224 838036 0 0 0
-2878 872 19 94 308575 0 0 0
-504 547 245 221 362110 0 0 0
-865 203 113 5 976037 0 0 0
-1470 -2945 106 208 750431 0 0 0
-1602 1545 132 99 802147 0 0 0
-2049 -1849 70 23 260964 0 0 0
2095 1973 228 95 827400 0 0 0
-382 212 225 142 967127 0 0 0
3098 -1508 59 60 646143 0 0 0
-159 941 240 200 687373 0 0 0
-2600 -925 214 60 212912 0 0 0
2973 274 145 12 671697 0 0 0
-1006 -1551 205 71 821348 0 0 0
232 -1972 263 17 310232 0 0 0
-365 -1700 135 26 776367 0 0 0
-2913 187 127 203 746346 0 0 0
-1970 -1574 101 250 467794 0 0 0
3058 374 50 68 804909 0 0 0
-216 -1284 215 246 592370 0 0 0
-1748 2612 227 229 981762 0 0 0
794 2405 215 254 897685 0 0 0
-1535 -2837 34 215 869005 0 0 0
-2274 -866 129 252 801894 0 0 0
1752 2907 63 93 744566 0 0 0
-422 -953 65 141 692552 0 0 0
-2359 973 55 60 769033 0 0 0
-239 -946 153 78 330701 0 0 0
690 1964 260 25 895562 0 0 0
1975 2977 184 66 668300 0 0 0
-325 -2931 261 35 287912 0 0 0
-1819 -1487 24 44 299375 0 0 0
1984 -1396 233 244 761828 0 0 0
-527 2766 28 164 548784 0 0 0
-1071 2790 146 145 165885 0 0 0
-1637 -821 227 236 568694 0 0 0
1612 1687 54 228 316730 0 0 0
2215 968 238 114 869228 0 0 0
1380 1046 53 239 467590 0 0 0
-3054 -1361 189 166 973754 0 0 0
-287 -74 44 112 368675 0 0 0
1039 931 56 237 432804 0 0 0
3063 -1779 271 212 319677 0 0 0
-1367 -2964 218 205 213569 0 0 0
-215 553 10 210 176710 0 0 0
2161 2617 138 98 814825 0 0 0
-740 -491 234 181 733357 0 0 0
1952 -522 272 21 168813 0 0 0
-445 -2784 82 252 739045 0 0 0
177 2359 227 183 925648 0 0 0
2417 -2335 243 175 740670 0 0 0
-2561 -1706 86 208 915652 0 0 0
1370 1988 35 164 497888 0 0 0
609 -2737 43 194 674753 0 0 0
-2400 -2460 4 40 936059 0 0 0
1746 333 160 228 697787 0 0 0
-2314 -716 243 182 105929 0 0 0
824 74 59 89 846049 0 0 0
1022 258 95 158 559380 0 0 0
415 -996 139 55 561741 0 0 0
2555 549 271 15 575973 0 0 0
-2579 72 35 57 968274 0 0 0
389 -1654 227 137 207409 0 0 0
-1560 391 191 96 899073 0 0 0
2487 -2041 149 56 503832 0 0 0
911 -132 146 145 614131 0 0 0
979 -307 113 217 169874 0 0 0
-733 2917 268 83 986545 0 0 0
-2148 2727 225 185 727394 0 0 0
-1397 2946 56 201 535046 0 0 0
-2518 -2421 110 45 452617 0 0 0
2694 1268 230 257 450667 0 0 0
812 -1732 156 27 141966 0 0 0
-174 743 41 64 110461 0 0 0
610 2055 233 169 517340 0 0 0
-1400 1530 187 71 411235 0 0 0
-803 102 260 199 178143 0 0 0
443 -573 26 256 508277 0 0 0
1912 -1161 126 30 998909 0 0 0
1003 2025 226 81 649171 0 0 0
2398 218 257 112 659535 0 0 0
229 -1428 249 69 945929 0 0 0
1775 -988 201 99 424227 0 0 0
2768 349 18 137 642177 0 0 0
1873 2903 237 29 255986 0 0 0
-1755 -1220 59 55 140374 0 0 0
-1785 223 47 222 356657 0 0 0
7 1200 259 148 818189 0 0 0
1679 2271 219 141 438251 0 0 0
-1190 1749 180 219 382381 0 0 0
-2840 1462 242 58 680308 0 0 0
1620 -2374 28 112 557231 0 0 0
315 2202 220 135 267165 0 0 0
2828 -2521 95 206 394679 0 0 0
2257 1501 244 29 946967 0 0 0
3032 -2358 152 123 938170 0 0 0
1420 -903 11 230 622493 0 0 0
2148 2368 156 67 866574 0 0 0
1006 1553 166 210 921711 0 0 0
-205 -2834 252 24 654831 0 0 0
-1342 2092 226 47 947421 0 0 0
-1584 443 150 253 126402 0 0 0
-342 2452 105 183 419262 0 0 0
-1379 354 8 179 821420 0 0 0
-34 13 10 217 837835 0 0 0
-1436 328 236 256 251665 0 0 0
-283 306 95 35 201075 0 0 0
187 309 33 200 344937 0 0 0
201 -2147 244 49 148014 0 0 0
2505 -258 25 235 755725 0 0 0
1514 1065 237 113 707977 0 0 0
-1486 2385 201 23 601708 0 0 0
2544 2338 260 112 222338 0 0 0
-1257 -2305 231 82 341167 0 0 0
-182 -1735 80 246 801314 0 0 0
1309 618 267 114 350985 0 0 0
-1939 -2903 76 63 519464 0 0 0
-1679 -2673 174 163 617920 0 0 0
-1505 -2028 10 34 511023 0 0 0
754 -478 221 234 898088 0 0 0
2910 -1058 63 20 899329 0 0 0
721 -613 144 119 880392 0 0 0
-969 -382 67 33 165176 0 0 0
1057 -173 3 223 807659 0 0 0
-1807 -950 252 184 650599 0 0 0
2727 2087 207 97 728321 0 0 0
1556 -1055 17 119 423384 0 0 0
171 562 96 197 840377 0 0 0
2784 -1643 9 188 292826 0 0 0
-2373 1904 199 36 786897 0 0 0
-863 -902 112 152 171830 0 0 0
-2015 -1374 109 195 210285 0 0 0
2756 -2283 239 144 644008 0 0 0
1370 816 71 234 455788 0 0 0
-1296 -2900 96 102 394203 0 0 0
-1370 1380 123 98 355850 0 0 0
2037 -86 23 248 242402 0 0 0
-2811 1044 32 188 952298 0 0 0
-1706 -1348 239 56 530111 0 0 0
-949 2007 230 168 990770 0 0 0
-764 499 54 164 917143 0 0 0
1015 -1730 75 214 494648 0 0 0
-1094 1413 212 208 525780 0 0 0
-2365 2095 7 97 400129 0 0 0
1035 1035 232 120 773211 0 0 0
-83 -813 37 255 175418 0 0 0
111 2744 36 73 122624 0 0 0
-2979 2356 205 109 126667 0 0 0
2618 -962 109 84 780663 0 0 0
-480 2031 221 238 276005 0 0 0
1112 -2549 143 159 902663 0 0 0
2747 477 183 119 437004 0 0 0
330 1952 29 238 282004 0 0 0
-1881 -1312 73 43 381237 0 0 0
-667 2330 128 212 340443 0 0 0
1991 -1021 202 120 861625 0 0 0
-2742 -2612 144 92 803545 0 0 0
2865 2265 99 28 181087 0 0 0
945 -967 171 76 578393 0 0 0
-1335 1830 230 117 402970 0 0 0
-2962 -2724 77 158 569172 0 0 0
1019 916 228 135 939070 0 0 0
-3091 631 228 157 908855 0 0 0
1380 -2718 23 196 919183 0 0 0
1741 2920 267 128 823983 0 0 0
-1145 -1352 242 42 581220 0 0 0
-2961 2426 109 141 356724 0 0 0
-298 -2635 272 36 294627 0 0 0
1768 -666 135 214 805635 0 0 0
3027 2426 156 99 690348 0 0 0
1876 -2534 191 255 110289 0 0 0
983 2083 86 147 842511 0 0 0
325 -2943 203 219 121602 0 0 0
502 -870 233 174 536683 0 0 0
2766 -1280 210 242 980502 0 0 0
-474 -1084 144 231 785953 0 0 0
-343 2554 62 216 178078 0 0 0
1867 449 34 85 134600 0 0 0
859 -224 140 177 193061 0 0 0
1784 1582 198 42 995345 0 0 0
1639 -495 103 172 910285 0 0 0
-566 -2096 142 175 999794 0 0 0
128 768 73 251 689947 0 0 0
-2125 778 239 152 518470 0 0 0
-2373 -2245 272 65 646613 0 0 0
2417 -2011 54 147 629072 0 0 0
988 1930 256 114 449008 0 0 0
2257 1611 51 187 737221 0 0 0
1147 2164 14 107 247982 0 0 0
1779 1232 152 217 145296 0 0 0
-2616 -2956 189 118 724556 0 0 0
1518 -1358 140 179 300387 0 0 0
2773 285 182 76 356371 0 0 0
-3015 -1629 204 197 685234 0 0 0
959 2868 266 206 495154 0 0 0
2642 1539 187 121 363370 0 0 0
2089 3012 118 237 371925 0 0 0
-572 329 237 122 998227 0 0 0
1277 614 83 42 306058 0 0 0
979 -1100 172 2 795678 0 0 0
2423 -817 115 35 989198 0 0 0
-1087 -1846 16 55 509892 0 0 0
1312 -1213 38 61 187150 0 0 0
628 -994 121 223 810378 0 0 0
-2255 -1645 214 125 194092 0 0 0
-2719 777 113 95 615879 0 0 0
-2043 -1601 223 17 620197 0 0 0
-2644 2705 240 222 146539 0 0 0
-2689 -1174 138 138 892666 0 0 0
-138 1913 119 37 920584 0 0 0
-1198 -233 182 95 703425 0 0 0
-968 2520 102 54 275851 0 0 0
2024 559 43 219 873831 0 0 0
-1606 2876 109 202 157377 0 0 0
2109 -1538 268 139 508215 0 0 0
-2303 -1717 11 172 728322 0 0 0
588 1105 17 114 660528 0 0 0
-2106 385 243 152 948273 0 0 0
-1521 -1334 126 67 917384 0 0 0
2433 2398 105 196 297889 0 0 0
639 -193 152 182 608252 0 0 0
1961 -2666 50 89 383154 0 0 0
-390 2888 152 187 818244 0 0 0
1973 -2679 139 132 807755 0 0 0
1129 2710 34 183 526534 0 0 0
-327 353 84 149 500404 0 0 0
-2320 1471 59 19 906849 0 0 0
-2995 1009 5 170 520682 0 0 0
-144 974 185 237 344675 0 0 0
2054 -489 181 160 433871 0 0 0
-2669 -218 14 142 239176 0 0 0
-1735 -1000 56 256 210336 0 0 0
559 1020 33 202 543791 0 0 0
-1447 -741 15 220 364463 0 0 0
1609 -2550 15 180 409174 0 0 0
-593 2339 43 133 927127 0 0 0
-2879 -198 192 252 619330 0 0 0
281 -900 208 158 612586 0 0 0
-3083 -2060 234 178 491463 0 0 0
-2694 -172 221 245 433545 0 0 0
-800 -2893 200 126 920179 0 0 0
706 845 33 108 726363 0 0 0
1283 1181 212 107 825583 0 0 0
2906 1728 203 35 847213 0 0 0
-3002 -436 74 151 558427 0 0 0
-516 -1517 40 215 624158 0 0 0
-592 -1985 65 15 653318 0 0 0
1578 226 213 149 892029 0 0 0
2171 -607 78 47 670633 0 0 0
-668 -2809 9 242 271715 0 0 0
1021 -762 40 106 183921 0 0 0
-2273 -1645 105 176 109665 0 0 0
234 65 95 231 740423 0 0 0
269 1343 66 60 677231 0 0 0
540 -235 32 15 735020 0 0 0
-2964 1224 260 74 840778 0 0 0
43 -1687 34 216 523433 0 0 0
238 2210 15 205 903748 0 0 0
3019 1591 53 248 186544 0 0 0
-1653 2779 143 225 385229 0 0 0
-2055 -1840 250 171 935931 0 0 0
-1683 -1069 104 65 639090 0 0 0
-1822 2749 108 186 731894 0 0 0
1236 2210 15 50 455874 0 0 0
2578 2378 240 106 704162 0 0 0
3049 781 163 124 618442 0 0 0
1169 -1592 77 107 435676 0 0 0
-388 -2420 12 104 677224 0 0 0
-2387 -2890 78 149 254526 0 0 0
2953 10 180 72 370575 0 0 0
-1259 -1869 192 177 520495 0 0 0
1470 838 93 185 889029 0 0 0
-1724 -176 219 182 869153 0 0 0
2035 -438 235 113 823900 0 0 0
2505 -2966 237 237 598849 0 0 0
2468 1814 67 189 449257 0 0 0
304 -2441 222 224 396077 0 0 0
-2382 -110 20 201 407001 0 0 0
884 -2335 23 194 314885 0 0 0
-123 1952 179 32 847696 0 0 0
2786 -2140 40 180 339307 0 0 0
185 -234 128 174 446304 0 0 0
939 -366 173 149 690966 0 0 0
2100 1919 24 123 515022 0 0 0
1273 -2035 89 220 875604 0 0 0
475 -1664 119 49 554741 0 0 0
1089 266 163 112 317966 0 0 0
-2796 -2363 128 32 450415 0 0 0
-1308 -2937 150 183 233208 0 0 0
227 -1312 172 176 659241 0 0 0
-2010 158 25 25 597189 0 0 0
1805 3018 111 10 125499 0 0 0
1417 1240 166 171 262024 0 0 0
-1058 305 186 102 414662 0 0 0
-2330 -1842 32 123 854277 0 0 0
-960 3002 147 219 315922 0 0 0
-2732 -2053 57 43 593140 0 0 0
-594 -227 84 207 226202 0 0 0
345 -2448 4 74 239075 0 0 0
95 1901 42 218 960191 0 0 0
-1921 1780 166 14 696898 0 0 0
2301 -239 210 78 921716 0 0 0
-3039 11 81 61 308552 0 0 0
-867 2212 224 83 260169 0 0 0
-1224 1625 77 44 280075 0 0 0
2104 -2378 258 209 215557 0 0 0
1034 830 163 55 141423 0 0 0
-130 221 238 188 986795 0 0 0
2106 1452 89 151 352004 0 0 0
2070 1203 247 226 435361 0 0 0
-1034 -1652 107 196 139984 0 0 0
-1359 2348 113 150 215860 0 0 0
-23 657 38 11 105236 0 0 0
2684 -2844 39 40 254220 0 0 0
2578 -378 267 185 870247 0 0 0
-34 -2216 130 15 163894 0 0 0
2188 -2170 157 159 205584 0 0 0
-1973 -443 263 220 212463 0 0 0
-1859 2291 183 119 807354 0 0 0
-2010 -421 144 258 310694 0 0 0
1764 -1956 68 166 616445 0 0 0
1266 -440 129 79 633652 0 0 0
2626 164 167 256 575602 0 0 0
2383 1261 105 223 478241 0 0 0
-2993 -1038 196 31 391460 0 0 0
463 2016 101 137 122440 0 0 0
-869 2238 9 10 888946 0 0 0
2572 -1861 125 17 913182 0 0 0
-646 -1664 38 194 126344 0 0 0
-1996 -472 29 46 435905 0 0 0
20 2214 148 85 257174 0 0 0
199 2462 65 38 251590 0 0 0
2333 2801 59 30 155510 0 0 0
-1444 -1361 88 90 100329 0 0 0
-1013 -1726 5 196 949709 0 0 0
1945 -1781 48 68 279386 0 0 0
2923 -2655 56 95 405391 0 0 0
1531 -1693 8 113 580201 0 0 0
-2739 -2099 188 184 162273 0 0 0
2692 -2486 148 7 461823 0 0 0
1810 1541 273 204 954053 0 0 0
-2948 -1439 114 187 811938 0 0 0
935 -2387 217 75 515187 0 0 0
-2339 -1549 43 80 393132 0 0 0
1898 1682 157 168 506895 0 0 0
-1151 752 208 124 585855 0 0 0
-797 173 185 98 464426 0 0 0
797 -1095 217 167 751152 0 0 0
887 -1732 55 93 394913 0 0 0
2472 -2973 273 99 601465 0 0 0
1037 -2929 147 47 987229 0 0 0
-794 2871 205 156 891498 0 0 0
-105 -2316 139 78 516484 0 0 0
-2051 132 120 12 198295 0 0 0
-86 378 262 215 816566 0 0 0
2317 -347 58 127 687674 0 0 0
-1458 -2195 90 43 566818 0 0 0
319 2184 208 156 583893 0 0 0
1727 519 126 35 800738 0 0 0
-2608 2998 154 49 189084 0 0 0
2563 -893 33 113 932808 0 0 0
869 1538 172 66 569910 0 0 0
-2628 -2935 181 56 173494 0 0 0
2892 1349 137 124 977748 0 0 0
2165 -2174 73 223 365545 0 0 0
-756 -732 110 210 251683 0 0 0
726 2191 62 21 923253 0 0 0
3043 308 189 85 367003 0 0 0
1586 1001 39 228 414585 0 0 0
2230 283 115 216 297070 0 0 0
1055 2811 165 231 193376 0 0 0
323 3024 251 222 857685 0 0 0
-1527 -1343 228 50 248841 0 0 0
3014 2336 62 105 115806 0 0 0
-1257 2613 229 236 273794 0 0 0
-1923 862 37 48 933692 0 0 0
1602 -2679 126 227 419827 0 0 0
253 1812 55 41 291410 0 0 0
1180 975 131 157 284207 0 0 0
3012 2363 238 27 894429 0 0 0
1428 -1684 160 79 917655 0 0 0
208 -1569 163 95 202158 0 0 0
-1688 1414 161 122 681998 0 0 0
734 589 97 4 962291 0 0 0
2140 197 187 208 286850 0 0 0
1564 418 223 178 542317 0 0 0
-2741 -2194 224 83 168016 0 0 0
1936 -1744 211 17 937492 0 0 0
678 -701 137 245 252135 0 0 0
-254 1029 267 206 567127 0 0 0
1061 2342 56 152 692012 0 0 0
-2901 2525 59 136 882873 0 0 0
-42 764 57 249 635566 0 0 0
-1908 1967 253 181 688818 0 0 0
-2406 -1857 39 135 996158 0 0 0
-255 -2620 216 82 794358 0 0 0
-2567 -1064 228 256 406525 0 0 0
2895 562 196 128 317633 0 0 0
-2496 1862 40 81 868422 0 0 0
-1519 -2725 136 198 394824 0 0 0
-730 1460 166 186 417269 0 0 0
-2055 1954 105 4 736681 0 0 0
-2464 -2476 67 248 940519 0 0 0
2606 -126 174 51 114208 0 0 0
1392 1889 221 184 362746 0 0 0
-1150 -2875 129 121 440646 0 0 0
373 -1049 27 232 505850 0 0 0
-2348 -2990 244 34 947705 0 0 0
2966 -1957 101 106 109035 0 0 0
-860 2364 179 49 981201 0 0 0
1102 -2050 248 133 864590 0 0 0
2423 -364 14 182 237746 0 0 0
-1817 -2408 167 242 721837 0 0 0
-755 -1031 33 256 770712 0 0 0
-2641 2949 229 153 455620 0 0 0
2481 2569 123 33 615302 0 0 0
-904 -871 223 229 848708 0 0 0
-339 2390 30 53 655390 0 0 0
-2234 3054 133 165 919404 0 0 0
2896 -2848 23 108 590525 0 0 0
-2844 -468 2 103 427935 0 0 0
-2818 1403 123 5 574756 0 0 0
912 2775 30 147 215271 0 0 0
2612 -1419 82 205 131405 0 0 0
11 -663 50 104 397765 0 0 0
1509 2396 170 174 428823 0 0 0
1448 2640 62 191 905524 0 0 0
1811 1628 23 13 927707 0 0 0
2516 3094 68 34 102650 0 0 0
-2121 639 244 62 483171 0 0 0
-1067 -2492 132 36 400851 0 0 0
1928 1485 160 50 230802 0 0 0
3057 183 47 136 704013 0 0 0
227 -1359 117 49 368583 0 0 0
-2835 2140 150 46 173060 0 0 0
2470 195 106 35 297138 0 0 0
-1991 -745 181 237 859598 0 0 0
568 -262 51 47 351245 0 0 0
-71 2931 184 172 135609 0 0 0
-2234 -1766 141 230 538804 0 0 0
-2848 -789 156 32 762391 0 0 0
2431 -2957 136 74 952782 0 0 0
2819 -801 163 111 372641 0 0 0
2397 2769 52 155 775351 0 0 0
2897 -430 78 51 732636 0 0 0
-595 -1341 134 153 159873 0 0 0
2027 265 199 154 751855 0 0 0
-570 -710 253 58 614677 0 0 0
-1306 -2154 14 189 784034 0 0 0
2498 461 248 171 481299 0 0 0
-759 -1697 51 101 727633 0 0 0
-855 -3042 81 153 485671 0 0 0
-1420 -1080 44 227 219556 0 0 0
-72 1454 50 31 734021 0 0 0
-796 -1325 199 139 675661 0 0 0
1067 1153 240 67 361270 0 0 0
3070 1869 20 180 349733 0 0 0
2442 1093 86 227 921614 0 0 0
32 -1515 228 18 709441 0 0 0
2833 1697 141 55 200301 0 0 0
1000 146 8 248 757026 0 0 0
-668 -2771 82 124 377995 0 0 0
-1954 1668 138 147 580555 0 0 0
-1477 376 191 86 762297 0 0 0
389 2929 138 260 291902 0 0 0
1421 2995 121 244 908783 0 0 0
2003 -825 4 18 450035 0 0 0
-2277 799 207 132 492700 0 0 0
678 -212 151 125 817412 0 0 0
1931 237 76 23 565746 0 0 0
-95 1388 139 104 607752 0 0 0
344 2612 120 135 169350 0 0 0
1467 -649 66 10 988981 0 0 0
-216 753 178 29 802391 0 0 0
-634 -579 272 126 845041 0 0 0
-2335 -1653 77 190 347748 0 0 0
2101 2176 175 190 541380 0 0 0
2598 -166 158 70 778778 0 0 0
-18 -1461 140 21 366454 0 0 0
-1653 1547 154 234 291112 0 0 0
-2860 1490 182 27 921259 0 0 0
544 2376 73 155 167298 0 0 0
-642 884 115 80 622769 0 0 0
2083 2583 77 188 620439 0 0 0
-2797 2614 127 192 505432 0 0 0
1041 -774 227 68 411471 0 0 0
2216 -2768 49 260 126900 0 0 0
-663 -981 164 151 708640 0 0 0
-2371 990 184 88 414824 0 0 0
-1913 -1424 168 33 827385 0 0 0
573 -1453 252 260 801480 0 0 0
1987 1222 150 207 277244 0 0 0
1191 1350 140 135 332148 0 0 0
1423 1878 86 108 134156 0 0 0
-50 -1137 10 225 888106 0 0 0
-2908 -1659 162 196 205427 0 0 0
2527 1806 100 85 494606 0 0 0
964 -1899 97 134 462115 0 0 0
-1475 -2934 68 67 920592 0 0 0
2519 -763 123 122 361516 0 0 0
184 2259 147 17 793470 0 0 0
2414 -2015 70 138 527195 0 0 0
2536 -2765 241 72 325991 0 0 0
-2239 -1019 260 112 238655 0 0 0
2461 -2958 252 229 399653 0 0 0
1284 -2090 107 108 691008 0 0 0
-2549 2267 232 139 760125 0 0 0
-958 -2867 206 143 228729 0 0 0
2524 -1670 92 254 519337 0 0 0
2174 1392 29 36 700878 0 0 0
1590 2232 242 57 528118 0 0 0
-2293 -1750 155 133 700111 0 0 0
341 1633 198 75 431910 0 0 0
604 -1148 49 168 223921 0 0 0
-2599 2446 200 224 130551 0 0 0
2429 -1892 133 227 689072 0 0 0
-98 -2509 169 83 638725 0 0 0
-572 -14 33 162 219729 0 0 0
2622 -2280 152 228 759512 0 0 0
1061 89 14 240 346990 0 0 0
-450 -2836 87 214 100593 0 0 0
1543 -985 60 67 845717 0 0 0
-1890 -1826 74 37 129457 0 0 0
2437 -2806 105 3 880012 0 0 0
2486 -1136 37 69 443068 0 0 0
190 -644 262 114 239998 0 0 0
2986 -863 214 50 377119 0 0 0
1915 1814 210 256 966192 0 0 0
97 -663 208 85 264818 0 0 0
-1933 -2783 103 245 905494 0 0 0
1472 -815 37 164 450765 0 0 0
-993 2046 19 72 573029 0 0 0
-135 1560 161 207 680532 0 0 0
1020 212 239 204 324315 0 0 0
438 -2989 189 164 515487 0 0 0
2707 -2977 203 250 723889 0 0 0
2670 -244 225 56 385277 0 0 0
1592 -321 268 28 856988 0 0 0
1216 -520 152 9 654313 0 0 0
3075 2341 122 160 664261 0 0 0
-113 2966 181 242 669742 0 0 0
1579 2039 232 46 924447 0 0 0
2647 -1809 126 60 888204 0 0 0
-645 -1957 103 146 620503 0 0 0
346 895 131 90 861945 0 0 0
2264 -2799 150 111 143568 0 0 0
2087 -2832 264 18 558482 0 0 0
-1654 1832 44 119 136817 0 0 0
-2158 -1011 206 164 461163 0 0 0
-1480 2555 67 161 785361 0 0 0
1579 1639 233 111 805035 0 0 0
-3068 2905 59 85 765570 0 0 0
-1936 -2838 129 205 950392 0 0 0
-2912 -1842 59 44 814148 0 0 0
-431 -1603 212 138 174764 0 0 0
-1655 -2897 57 80 992434 0 0 0
-2003 -1225 157 67 459081 0 0 0
-2779 -2984 149 144 901060 0 0 0
718 749 10 10 454312 0 0 0
1650 -2932 43 116 199148 0 0 0
-2242 -2137 51 47 629763 0 0 0
-2633 2386 193 176 264215 0 0 0
-1200 -2204 18 151 945836 0 0 0
-504 -2090 165 121 227900 0 0 0
2939 -2531 147 42 785816 0 0 0
-1315 1164 161 26 872564 0 0 0
1962 840 22 53 545350 0 0 0
-2310 2886 56 81 861945 0 0 0
2812 1052 16 11 463494 0 0 0
-2271 2399 185 224 143199 0 0 0
-761 -1416 253 188 845677 0 0 0
1545 1528 147 173 111869 0 0 0
-20 -1919 129 223 264055 0 0 0
1025 -1170 184 9 351253 0 0 0
3085 -341 160 161 644556 0 0 0
-2861 1521 209 244 719249 0 0 0
-2983 -897 229 5 563438 0 0 0
2800 -370 169 140 729426 0 0 0
-1405 1416 83 258 484195 0 0 0
1947 2504 184 189 227975 0 0 0
639 897 269 88 174226 0 0 0
-2358 1813 104 106 199104 0 0 0
-2543 975 42 216 290859 0 0 0
1011 -1709 34 185 860441 0 0 0
-141 440 92 139 685261 0 0 0
875 -1799 141 40 421060 0 0 0
-22 -355 62 97 897475 0 0 0
30 -1575 157 94 684783 0 0 0
-757 -1645 27 184 657814 0 0 0
2683 2059 8 96 269994 0 0 0
-1344 2183 70 73 239791 0 0 0
-2472 -2667 184 59 272808 0 0 0
-1 -1154 233 150 893412 0 0 0
2648 2349 55 36 202732 0 0 0
-2988 2135 103 256 592462 0 0 0
-2797 1561 73 117 987185 0 0 0
-1580 -1920 189 48 632612 0 0 0
-2779 -1657 259 89 462747 0 0 0
2268 -2534 9 50 128335 0 0 0
-2992 -1631 81 45 269033 0 0 0
138 2135 259 139 367986 0 0 0
446 2861 264 146 986181 0 0 0
409 -75 77 59 564117 0 0 0
3009 -2445 272 83 111913 0 0 0
-2052 -2797 93 77 266031 0 0 0
-1245 744 183 89 504535 0 0 0
-2307 -614 36 156 106698 0 0 0
598 -777 6 94 369624 0 0 0
-911 1065 258 259 294954 0 0 0
53 2481 63 154 181098 0 0 0
2419 390 16 51 875791 0 0 0
504 -944 114 35 733672 0 0 0
2434 -1437 116 194 556620 0 0 0
-861 -2953 178 174 780595 0 0 0
-2497 -2453 193 12 995979 0 0 0
2720 2179 145 149 587853 0 0 0
2028 92 79 73 858426 0 0 0
-1550 -1454 226 235 376269 0 0 0
2087 -1902 115 197 608154 0 0 0
41 -3071 191 182 594343 0 0 0
125 2782 238 32 823480 0 0 0
-2717 -1976 40 238 198894 0 0 0
2350 -1896 227 106 268283 0 0 0
1578 829 27 206 899647 0 0 0
-1517 1547 16 38 442079 0 0 0
-2710 -2299 191 22 796436 0 0 0
489 1244 115 200 663328 0 0 0
-1592 1870 53 169 279247 0 0 0
-2578 691 171 216 635739 0 0 0
-659 -358 152 26 787324 0 0 0
-1720 -375 166 98 595097 0 0 0
-2591 1010 242 79 351092 0 0 0
2754 -2932 70 53 879648 0 0 0
-2627 2645 189 40 357807 0 0 0
1430 -1928 255 127 667370 0 0 0
-2609 1232 139 192 302941 0 0 0
-776 2806 109 86 196177 0 0 0
-2135 2574 229 183 501467 0 0 0
2919 2821 239 197 715937 0 0 0
65 -1756 243 68 457502 0 0 0
-688 1241 46 60 894483 0 0 0
-2249 -737 208 35 145099 0 0 0
-1437 2596 18 51 200912 0 0 0
2028 1327 48 194 746227 0 0 0
2371 -2003 113 101 429016 0 0 0
-452 -1872 121 28 771698 0 0 0
-379 -828 270 68 163792 0 0 0
1814 -1492 192 233 262205 0 0 0
2631 -2595 121 77 716626 0 0 0
1823 527 122 48 505307 0 0 0
-2342 1630 146 90 479026 0 0 0
-1012 -2458 184 165 254898 0 0 0
1583 -919 176 83 525595 0 0 0
2269 2946 147 46 750441 0 0 0
-1895 137 25 179 878502 0 0 0
1508 -405 40 97 929355 0 0 0
363 -2764 262 40 272294 0 0 0
-478 1277 73 211 672913 0 0 0
-1569 1304 242 226 996812 0 0 0
-2575 -1901 164 17 908539 0 0 0
2390 -2485 123 78 108896 0 0 0
2953 -2085 157 177 745244 0 0 0
260 -581 31 186 401075 0 0 0
17 437 50 250 209573 0 0 0
-2379 -1621 150 71 617386 0 0 0
-737 394 31 247 401939 0 0 0
1806 1281 188 206 797104 0 0 0
-2597 1895 155 234 992533 0 0 0
-2958 3084 11 13 958926 0 0 0
2057 1579 186 83 574075 0 0 0
-1812 -2870 166 201 429598 0 0 0
2341 243 248 8 733510 0 0 0
-2077 -1145 196 91 406775 0 0 0
432 479 257 196 369715 0 0 0
-1543 980 258 33 647316 0 0 0
-1365 -142 205 134 144587 0 0 0
-3097 -487 128 32 509261 0 0 0
296 402 273 134 902930 0 0 0
2249 -1771 151 211 995937 0 0 0
2660 2595 253 211 402562 0 0 0
-2545 -55 74 127 312997 0 0 0
558 -1402 35 94 104084 0 0 0
3081 -2661 94 226 827823 0 0 0
-3059 828 158 187 699529 0 0 0
-2106 473 219 246 953860 0 0 0
-1831 -158 11 138 459941 0 0 0
1462 -1226 195 17 195639 0 0 0
-2116 684 96 70 619098 0 0 0
1417 -1588 66 92 229400 0 0 0
-190 2389 156 46 569691 0 0 0
135 -3020 185 235 687002 0 0 0
2027 2004 56 53 486840 0 0 0
445 1365 164 134 904996 0 0 0
715 2914 210 229 237481 0 0 0
721 612 78 129 879756 0 0 0
1836 1311 39 104 539796 0 0 0
-1682 282 46 242 471443 0 0 0
896 2318 156 199 195684 0 0 0
-2963 -2301 167 202 136727 0 0 0
-450 2289 88 246 679075 0 0 0
-1894 -1499 143 241 735172 0 0 0
-1202 -144 95 28 840469 0 0 0
-937 -2626 178 165 710518 0 0 0
-2851 1308 226 112 424649 0 0 0
1104 322 218 94 634854 0 0 0
-2468 -2767 261 121 720865 0 0 0
-494 2860 12 5 760596 0 0 0
886 2099 97 78 329033 0 0 0
146 -1108 67 20 442679 0 0 0
-865 -1425 64 180 379774 0 0 0
-732 -1948 254 250 940388 0 0 0
-1886 -1636 217 147 645311 0 0 0
1284 1735 193 22 987713 0 0 0
-516 -1614 9 155 883680 0 0 0
-2285 -2927 205 153 982746 0 0 0
-2502 -1224 166 257 704121 0 0 0
-1204 1021 180 185 969494 0 0 0
-2304 2730 1 215 971036 0 0 0
2011 -1452 157 149 731058 0 0 0
-740 -913 226 163 399550 0 0 0
279 900 122 245 279587 0 0 0
-2914 374 137 17 179312 0 0 0
-956 1811 1 88 461512 0 0 0
-1424 -1952 10 205 797808 0 0 0
2859 2724 230 90 326966 0 0 0
-2642 1529 109 40 450932 0 0 0
-2528 2343 92 234 608925 0 0 0
-222 -7 48 59 995304 0 0 0
1214 -1856 105 198 892981 0 0 0
-2143 1406 208 119 779600 0 0 0
-1515 -1852 254 38 573671 0 0 0
-1518 -1534 248 184 138021 0 0 0
-835 -2935 80 230 449363 0 0 0
-599 -1384 213 56 105473 0 0 0
-683 -1501 27 31 477833 0 0 0
-61 -358 16 115 603667 0 0 0
-1632 2855 110 174 820069 0 0 0
-2432 -2796 53 41 756290 0 0 0
873 1338 153 82 936612 0 0 0
2217 -482 263 61 486258 0 0 0
-1677 -335 30 119 389833 0 0 0
2470 -2029 231 148 196278 0 0 0
2710 1754 231 71 882593 0 0 0
2611 595 230 105 715740 0 0 0
-2201 699 261 123 131594 0 0 0
-1220 -2984 99 237 479869 0 0 0
3027 2270 207 128 897886 0 0 0
3028 2627 246 19 760523 0 0 0
-2732 -2012 269 196 785973 0 0 0
2899 -221 162 25 820141 0 0 0
-1551 -2872 183 88 534102 0 0 0
-1925 1718 108 56 454564 0 0 0
2646 -1997 219 5 655437 0 0 0
-1957 -1799 240 5 623625 0 0 0
-3036 2821 191 87 570376 0 0 0
846 -1851 96 40 847194 0 0 0
2791 27 59 140 931249 0 0 0
1050 2953 175 156 735441 0 0 0
-835 2390 176 129 407441 0 0 0
2717 -1278 70 239 923317 0 0 0
1733 1547 238 56 720501 0 0 0
-2447 -2612 261 260 104062 0 0 0
-2501 1447 75 243 310791 0 0 0
-2513 1668 10 236 892163 0 0 0
-1465 -3075 95 204 127788 0 0 0
-2244 -1395 179 225 621257 0 0 0
-1311 -493 250 223 939826 0 0 0
906 -1767 181 122 918383 0 0 0
214 -2054 14 198 774756 0 0 0
-1806 2959 174 123 630324 0 0 0
1825 611 170 5 122486 0 0 0
-2365 -1410 118 30 426168 0 0 0
1936 -200 152 180 946293 0 0 0
-2618 -693 123 80 579217 0 0 0
-1890 381 169 71 326335 0 0 0
1604 -72 161 93 876159 0 0 0
2468 -2531 249 201 720082 0 0 0
2070 -2666 250 221 696108 0 0 0
-1608 2790 72 139 247271 0 0 0
-2716 -2414 175 23 120375 0 0 0
2711 1612 10 45 176930 0 0 0
-1335 1310 103 246 417630 0 0 0
530 -276 32 1 258754 0 0 0
1659 855 216 125 574293 0 0 0
1338 769 75 119 535748 0 0 0
-2530 -2464 38 185 920884 0 0 0
-2173 1302 19 8 128305 0 0 0
911 -2200 124 168 572115 0 0 0
2343 2395 123 161 854527 0 0 0
-526 2087 146 63 467278 0 0 0
1762 2819 141 103 924333 0 0 0
-174 1148 2 204 849211 0 0 0
-2944 308 219 247 430726 0 0 0
1692 3094 251 31 204171 0 0 0
-2808 155 7 93 504277 0 0 0
-2348 -1065 137 150 461351 0 0 0
-2503 -100 93 135 153299 0 0 0
-331 2609 196 210 317947 0 0 0
-301 512 42 124 880744 0 0 0
957 2977 259 167 208108 0 0 0
274 815 260 20 312647 0 0 0
-508 -139 156 79 656540 0 0 0
-1676 -3082 114 45 361668 0 0 0
-955 -369 18 201 885687 0 0 0
-258 -1748 150 171 293567 0 0 0
-468 2446 137 52 569546 0 0 0
2935 1511 222 241 809166 0 0 0
2390 815 230 82 286421 0 0 0
-2533 1363 244 125 236594 0 0 0
-2714 -1399 271 9 541975 0 0 0
-198 2423 83 131 796172 0 0 0
-2769 1626 200 145 369277 0 0 0
-2147 -2189 119 48 729943 0 0 0
-1693 -712 59 117 397659 0 0 0
-3044 -2545 179 193 874573 0 0 0
-2491 929 83 208 159725 0 0 0
2696 -2590 130 25 762550 0 0 0
679 -384 42 73 199798 0 0 0
-2851 -2548 220 50 611149 0 0 0
-1489 2231 159 52 106108 0 0 0
-222 2498 272 240 197909 0 0 0
-128 -2954 166 237 878077 0 0 0
-377 -1175 32 152 378360 0 0 0
2932 -2206 106 246 626245 0 0 0
-1649 -1124 147 45 404208 0 0 0
-1884 -1645 50 19 920469 0 0 0
1253 321 13 242 897955 0 0 0
-1498 -2427 86 210 997910 0 0 0
-789 1306 170 227 276898 0 0 0
-1328 2133 224 156 284811 0 0 0
2423 -1675 126 69 280390 0 0 0
-10 -228 161 103 239746 0 0 0
-238 2769 89 75 778691 0 0 0
-1701 467 179 180 709990 0 0 0
1242 2366 148 242 800797 0 0 0
-1480 2470 36 240 510148 0 0 0
-2698 -2446 5 150 522137 0 0 0
356 -899 179 253 282634 0 0 0
750 -2757 107 218 272793 0 0 0
3029 2710 253 74 295925 0 0 0
2841 -868 229 220 996579 0 0 0
-1059 -754 236 67 228882 0 0 0
1195 2357 51 117 441125 0 0 0
-2172 -1199 249 92 795490 0 0 0
-2806 -323 211 31 919256 0 0 0
-861 2524 236 158 521620 0 0 0
1180 2280 257 217 429199 0 0 0
2900 493 262 245 444967 0 0 0
-1252 -1583 78 136 653602 0 0 0
1424 -1772 206 241 767958 0 0 0
-1418 -677 32 65 688031 0 0 0
-318 -1931 262 3 368661 0 0 0
-1789 -2786 252 252 617653 0 0 0
-2177 -2561 118 5 986259 0 0 0
-2161 -1863 61 133 236382 0 0 0
1809 62 164 84 421715 0 0 0
1978 2965 51 175 436461 0 0 0
3077 -2900 137 231 869125 0 0 0
1399 1042 179 92 931316 0 0 0
-2243 580 68 238 199031 0 0 0
1202 804 120 258 730134 0 0 0
-640 -2617 226 18 158408 0 0 0
626 1342 149 29 947855 0 0 0
-102 1909 42 236 752409 0 0 0
-1167 185 176 196 311426 0 0 0
-2762 2181 22 53 351284 0 0 0
-3005 -2333 38 40 825697 0 0 0
2045 1632 224 229 202399 0 0 0
282 -2441 55 234 812074 0 0 0
-1726 1956 45 134 539363 0 0 0
769 406 229 164 260635 0 0 0
-2170 -1267 138 117 912608 0 0 0
-1025 -1567 214 8 134146 0 0 0
1581 2276 64 217 943690 0 0 0
1097 1747 184 92 264659 0 0 0
2926 -443 224 131 769194 0 0 0
-2543 513 33 140 294125 0 0 0
502 1434 85 26 530377 0 0 0
561 -2056 66 139 470119 0 0 0
-28 412 110 142 818132 0 0 0
-431 -2144 205 168 247502 0 0 0
2998 -1121 183 251 642529 0 0 0
-2721 -2127 141 143 482579 0 0 0
-339 1358 71 35 857361 0 0 0
2772 -1349 8 192 857138 0 0 0
1956 -835 29 242 106423 0 0 0
-2694 -2583 168 258 575096 0 0 0
-221 2727 238 237 151612 0 0 0
-2675 1734 109 155 106904 0 0 0
2590 3047 131 156 860055 0 0 0
-2524 2914 13 133 192290 0 0 0
-587 -1524 9 108 490222 0 0 0
-2646 1458 259 258 270584 0 0 0
2894 2758 53 202 431533 0 0 0
-2989 -1996 83 78 663793 0 0 0
-649 81 140 64 901486 0 0 0
-934 -1679 88 109 996908 0 0 0
2311 982 64 167 989784 0 0 0
1256 2241 120 3 641533 0 0 0
-1990 1097 220 237 585927 0 0 0
2334 215 103 145 344455 0 0 0
-401 -497 250 195 267155 0 0 0
2757 -2800 99 83 289426 0 0 0
-1749 1075 14 146 590609 0 0 0
2528 716 86 72 279986 0 0 0
1118 -2891 95 2 451723 0 0 0
-3099 -665 194 34 883599 0 0 0
-575 -427 67 167 610973 0 0 0
256 2079 61 114 699131 0 0 0
-862 1047 136 10 249776 0 0 0
-2197 2670 271 118 771327 0 0 0
3057 -2801 27 136 357108 0 0 0
-2942 -2397 190 138 900473 0 0 0
2524 114 18 200 142741 0 0 0
-2478 -1841 236 210 203266 0 0 0
1856 1570 111 193 971028 0 0 0
-2012 -785 52 34 664310 0 0 0
2349 -455 220 250 390063 0 0 0
-11 -3007 129 115 511859 0 0 0
-906 535 118 105 524376 0 0 0
-1388 1778 256 255 571565 0 0 0
1794 469 20 108 716997 0 0 0
838 -14 217 212 667530 0 0 0
385 659 217 34 212092 0 0 0
-731 -2195 24 240 320080 0 0 0
1199 -735 104 184 160861 0 0 0
1446 -2177 234 139 970129 0 0 0
-1215 -1450 26 143 881852 0 0 0
1419 -2616 265 131 224120 0 0 0
-1041 -2211 75 160 816772 0 0 0
1118 1773 24 48 480079 0 0 0
2074 2361 204 9 442063 0 0 0
-1225 1009 56 252 104103 0 0 0
905 -1772 171 14 872553 0 0 0
-149 -1546 14 101 305384 0 0 0
-1511 -2930 97 135 869392 0 0 0
301 2259 147 135 583065 0 0 0
-287 2813 2 147 244653 0 0 0
1776 1921 155 134 901234 0 0 0
-1241 2503 176 29 170913 0 0 0
296 1422 49 204 129717 0 0 0
1283 -391 82 32 983881 0 0 0
517 533 107 243 462415 0 0 0
-1847 -664 82 221 298080 0 0 0
-512 2631 135 180 138880 0 0 0
-2686 -751 93 244 655721 0 0 0
2247 -246 230 100 868990 0 0 0
1304 -2339 143 79 190303 0 0 0
2830 -3068 143 27 694132 0 0 0
-2555 2845 150 79 641186 0 0 0
-1453 2928 164 23 229980 0 0 0
-757 778 5 104 199171 0 0 0
2576 627 140 71 442618 0 0 0
482 -2586 184 200 960809 0 0 0
1250 -2076 215 253 816600 0 0 0
-2575 1986 217 112 648308 0 0 0
2228 2070 26 177 716167 0 0 0
177 1864 171 10 514950 0 0 0
623 -2101 40 172 715225 0 0 0
2657 -580 107 171 573995 0 0 0
789 1396 173 179 821875 0 0 0
-1861 -982 115 248 210528 0 0 0
615 2587 222 182 985470 0 0 0
1061 -2433 217 75 505846 0 0 0
-502 2189 59 167 456442 0 0 0
2327 2519 106 146 291185 0 0 0
2746 1886 93 43 748492 0 0 0
-1547 1670 27 108 859304 0 0 0
-898 1828 196 9 373623 0 0 0
-2489 2904 225 99 231727 0 0 0
-221 1954 157 244 428249 0 0 0
2435 -1678 208 101 638437 0 0 0
2071 2257 179 35 915641 0 0 0
2163 1932 193 28 281668 0 0 0
2155 -746 23 157 845428 0 0 0
2285 -2178 95 59 733787 0 0 0
-1409 134 134 134 140080 0 0 0
-305 70 65 63 939422 0 0 0
-1541 -2606 63 101 615996 0 0 0
-947 1279 252 187 179287 0 0 0
2878 -126 60 11 141518 0 0 0
-307 1351 236 195 929867 0 0 0
1203 1104 93 30 857100 0 0 0
-2766 351 144 231 964349 0 0 0
1840 712 148 213 477790 0 0 0
1507 -1345 32 65 930305 0 0 0
-331 -2114 100 18 553182 0 0 0
-2019 -1929 252 29 449279 0 0 0
1999 -333 129 87 239930 0 0 0
-1918 1321 101 191 824309 0 0 0
-2323 -2856 121 50 212132 0 0 0
294 2398 129 227 554282 0 0 0
2326 -1604 272 67 571238 0 0 0
-2639 -2825 125 156 549581 0 0 0
-2311 -2603 225 236 835246 0 0 0
1158 -1025 83 183 567186 0 0 0
922 2970 80 223 484779 0 0 0
-2794 -637 49 15 658828 0 0 0
2290 199 1 57 746733 0 0 0
-2560 1504 201 83 912080 0 0 0
-2888 -2199 164 72 696423 0 0 0
2977 -252 122 177 296173 0 0 0
-3100 -1786 58 212 707640 0 0 0
-1778 -2041 239 193 199251 0 0 0
-1966 1564 255 182 130478 0 0 0
-98 -1302 5 149 181700 0 0 0
-2879 2710 18 110 810990 0 0 0
-1420 -2875 49 44 371076 0 0 0
2823 2778 86 13 886160 0 0 0
2266 -919 241 67 435337 0 0 0
1738 1004 196 147 956172 0 0 0
2622 213 268 108 446336 0 0 0
1886 -304 171 85 829744 0 0 0
-1218 -300 89 100 215452 0 0 0
-629 3032 213 68 932706 0 0 0
-111 1872 109 208 816689 0 0 0
307 1000 178 32 203403 0 0 0
865 -2648 202 110 543235 0 0 0
192 -2369 228 131 344771 0 0 0
225 -2679 186 221 824966 0 0 0
-2100 -957 235 15 905829 0 0 0
266 -2091 160 77 146977 0 0 0
1840 1545 210 141 565388 0 0 0
633 2330 133 12 107835 0 0 0
243 -1371 51 223 350110 0 0 0
-1510 2921 145 113 341100 0 0 0
-1962 -579 157 147 370369 0 0 0
1085 -967 269 181 668687 0 0 0
2128 1331 85 251 768674 0 0 0
-2605 -694 48 150 736054 0 0 0
2725 -1872 153 194 152837 0 0 0
2375 -1016 206 55 993950 0 0 0
-2113 2742 59 160 228061 0 0 0
-2634 66 250 171 558951 0 0 0
1813 -2659 58 187 307107 0 0 0
-748 1721 67 63 623019 0 0 0
381 -693 34 199 335092 0 0 0
-1366 -1966 4 44 549241 0 0 0
1446 -1969 248 260 639226 0 0 0
1730 433 87 165 999759 0 0 0
2837 -1205 132 221 803921 0 0 0
-530 1255 222 193 791544 0 0 0
-1351 -579 99 226 197539 0 0 0
1613 413 63 189 609060 0 0 0
-1895 397 127 118 744952 0 0 0
-1801 100 265 252 219095 0 0 0
-2634 -457 120 103 315778 0 0 0
2080 793 51 178 695005 0 0 0
-2382 1675 263 93 775853 0 0 0
-1854 -1459 187 88 964009 0 0 0
-2120 -1504 18 161 818739 0 0 0
707 -2758 262 117 609255 0 0 0
1241 2497 185 36 137547 0 0 0
248 -1239 260 150 315859 0 0 0
-2774 2238 57 204 605676 0 0 0
1795 -1137 109 203 274136 0 0 0
1463 2654 253 59 338887 0 0 0
-1586 -1862 247 172 446194 0 0 0
368 -2916 139 23 187965 0 0 0
875 677 144 121 690258 0 0 0
428 193 122 256 634875 0 0 0
726 -1324 254 160 575475 0 0 0
-2428 -1191 193 156 455448 0 0 0
2919 -228 116 138 747458 0 0 0
1000 -1740 227 156 924307 0 0 0
1036 877 16 247 137284 0 0 0
-1419 2433 94 24 720821 0 0 0
2407 2504 184 128 661805 0 0 0
284 -51 220 82 178216 0 0 0
-1077 667 53 36 735122 0 0 0
-1105 2470 124 99 930936 0 0 0
-1081 1029 137 25 539591 0 0 0
-2723 -1399 150 47 621013 0 0 0
-1943 2938 178 48 242547 0 0 0
-560 -810 52 100 160683 0 0 0
1275 -2975 234 233 821642 0 0 0
-108 1309 80 222 608359 0 0 0
-1857 -1900 115 202 785546 0 0 0
1379 2902 63 259 891133 0 0 0
249 -321 9 232 721626 0 0 0
-2445 78 177 126 233803 0 0 0
1591 -3071 61 99 370666 0 0 0
-1845 -1529 145 208 938687 0 0 0
-1383 1974 269 218 870499 0 0 0
3049 -1078 61 118 665724 0 0 0
551 -2778 162 163 716625 0 0 0
-2775 -130 101 168 336872 0 0 0
-1174 -1122 212 199 260094 0 0 0
1590 -219 14 13 921397 0 0 0
1653 -2678 202 127 943537 0 0 0
-585 1014 247 231 724395 0 0 0
-2814 263 89 40 930391 0 0 0
2597 -895 70 187 670017 0 0 0
-67 53 85 211 475873 0 0 0
-1781 1372 203 113 999139 0 0 0
1965 2708 70 118 691877 0 0 0
2084 2271 252 77 396389 0 0 0
-586 -2756 130 206 537045 0 0 0
3067 -2663 101 228 507768 0 0 0
315 -795 95 7 641343 0 0 0
539 2883 122 258 802814 0 0 0
2524 485 20 81 789569 0 0 0
2845 -2640 207 159 662378 0 0 0
2338 -1290 15 220 335718 0 0 0
2230 -2636 105 14 209268 0 0 0
-954 1274 189 34 971114 0 0 0
956 -3018 173 236 199287 0 0 0
-2773 -2282 90 27 786344 0 0 0
110 -2819 79 18 251037 0 0 0
-1497 -422 119 156 674109 0 0 0
1526 1591 232 204 257527 0 0 0
-77 -2756 75 2 886075 0 0 0
616 -2942 161 195 273527 0 0 0
2871 -878 22 239 919182 0 0 0
-99 -2435 233 166 864194 0 0 0
188 1228 42 125 598370 0 0 0
1621 3047 264 239 622220 0 0 0
-2868 -942 31 209 972702 0 0 0
683 2129 180 192 532957 0 0 0
-844 -2850 19 193 294265 0 0 0
2408 -1644 79 95 561955 0 0 0
16 -2612 23 90 293080 0 0 0
1919 305 258 19 529826 0 0 0
1551 2609 29 76 295770 0 0 0
2341 2910 209 156 671365 0 0 0
-17 1192 116 186 669039 0 0 0
-2668 2072 213 5 686333 0 0 0
1361 2958 215 133 183463 0 0 0
1592 2491 36 133 135291 0 0 0
2084 -2385 89 65 262642 0 0 0
2255 2218 142 8 151200 0 0 0
-1353 1793 7 205 856809 0 0 0
2049 1116 75 94 105067 0 0 0
-1606 -2994 114 217 543697 0 0 0
2558 175 28 127 425805 0 0 0
113 -716 153 117 493025 0 0 0
-680 -204 84 122 141294 0 0 0
-1317 1300 164 197 963267 0 0 0
-259 2309 116 192 202992 0 0 0
113 -1539 79 90 310689 0 0 0
2540 -1278 117 12 582686 0 0 0
-2026 2207 201 31 863928 0 0 0
2126 -1778 252 214 898047 0 0 0
-2884 -1696 224 128 734114 0 0 0
41 2413 204 227 156917 0 0 0
1293 788 233 254 699582 0 0 0
210 1409 193 187 552329 0 0 0
846 514 64 31 454892 0 0 0
-2648 -2799 50 162 426116 0 0 0
2464 -2032 193 184 159270 0 0 0
-1172 194 58 87 528113 0 0 0
-2880 958 199 62 581527 0 0 0
-754 -1617 114 95 115188 0 0 0
281 1389 55 182 774206 0 0 0
239 1559 133 209 427909 0 0 0
1156 -1637 219 7 274039 0 0 0
-1601 1867 235 214 559660 0 0 0
59 1989 42 16 656494 0 0 0
1334 -1345 136 216 524812 0 0 0
391 -951 123 247 418282 0 0 0
277 2974 201 215 606050 0 0 0
2292 -2490 160 250 890711 0 0 0
1673 956 175 63 467309 0 0 0
-2361 -2951 122 220 580061 0 0 0
-1174 2051 243 29 954589 0 0 0
-633 1801 58 238 711912 0 0 0
2619 1767 58 182 941492 0 0 0
-2759 -2412 167 256 439435 0 0 0
1047 1241 196 172 471935 0 0 0
990 -2609 80 93 438483 0 0 0
-396 -1032 110 184 750252 0 0 0
-645 1923 114 124 833418 0 0 0
1401 2566 59 146 727642 0 0 0
527 -99 125 133 914285 0 0 0
-908 2085 15 56 435276 0 0 0
413 628 57 55 542287 0 0 0
1533 36 75 46 734302 0 0 0
2220 1996 267 177 658598 0 0 0
1983 1189 158 225 802472 0 0 0
-1625 254 198 49 134274 0 0 0
-2778 2168 150 195 965578 0 0 0
-3024 -133 271 243 703995 0 0 0
-170 2403 41 85 347908 0 0 0
-2436 -2311 155 132 580034 0 0 0
-1945 877 23 218 750119 0 0 0
839 1945 76 72 609921 0 0 0
-1011 1849 175 204 853893 0 0 0
-313 3073 255 180 358015 0 0 0
2809 1685 244 88 667105 0 0 0
-515 534 144 246 215288 0 0 0
2015 2139 90 118 657993 0 0 0
1375 1143 243 158 181112 0 0 0
-2406 2712 181 39 973698 0 0 0
2427 -3095 266 173 564415 0 0 0
-1795 507 73 140 117684 0 0 0
-1797 -813 130 67 206219 0 0 0
1103 -2740 89 201 558165 0 0 0
-2754 1508 72 252 906740 0 0 0
187 2875 162 105 746675 0 0 0
2512 -1247 241 108 591496 0 0 0
2266 -779 221 99 471598 0 0 0
-2020 -246 71 90 107067 0 0 0
-1757 2069 6 201 324086 0 0 0
-65 -2764 176 167 401868 0 0 0
-2057 -2330 209 115 144811 0 0 0
-1141 -2734 174 167 820487 0 0 0
2079 2582 185 208 618212 0 0 0
-2709 -2454 240 37 353771 0 0 0
-1695 -925 175 184 161864 0 0 0
2489 513 229 93 247536 0 0 0
-1880 -1649 103 9 815931 0 0 0
-644 -1554 151 63 468754 0 0 0
-349 2478 86 181 690248 0 0 0
667 -2388 178 213 660781 0 0 0
940 -1081 142 65 913122 0 0 0
-1267 2236 136 9 587526 0 0 0
-2771 -14 66 184 986768 0 0 0
2416 911 168 19 760023 0 0 0
-2256 -2033 191 101 361731 0 0 0
-1764 -2435 166 102 636293 0 0 0
-728 -2568 128 179 981324 0 0 0
283 -2872 163 28 110114 0 0 0
-1531 2466 2 186 530284 0 0 0
-1139 -2005 105 209 871138 0 0 0
-2414 946 117 43 278748 0 0 0
-639 -1740 62 188 862787 0 0 0
-34 -2773 115 72 152768 0 0 0
-2679 2711 145 176 433426 0 0 0
-2039 1313 123 96 853465 0 0 0
1648 2300 198 15 130143 0 0 0
-2958 687 252 194 975553 0 0 0
-1544 -218 1 64 569152 0 0 0
-1653 -369 53 21 371695 0 0 0
-1941 -227 153 209 948441 0 0 0
-163 -330 270 25 589824 0 0 0
2131 2755 135 93 840949 0 0 0
2318 -2226 72 16 103017 0 0 0
2402 -932 54 197 330055 0 0 0
-1783 -2504 177 93 690559 0 0 0
-702 53 265 133 766919 0 0 0
2279 1526 189 210 479177 0 0 0
312 1729 166 96 711986 0 0 0
-578 614 218 199 941687 0 0 0
1682 3029 73 165 422717 0 0 0
614 -172 110 60 216262 0 0 0
-1748 -2864 271 20 671443 0 0 0
3018 -1908 41 212 440080 0 0 0
1546 -1318 104 133 137014 0 0 0
1915 2331 115 178 596907 0 0 0
-1057 -1156 177 199 390974 0 0 0
60 -2187 269 61 219400 0 0 0
-2963 1127 131 242 408444 0 0 0
1679 547 248 208 241314 0 0 0
-978 -1104 104 232 508012 0 0 0
-2682 1166 161 185 625969 0 0 0
1565 2166 96 242 401755 0 0 0
-2297 -816 9 197 611745 0 0 0
1523 916 266 128 522192 0 0 0
-683 -2128 60 216 282577 0 0 0
-1347 254 232 246 731025 0 0 0
-200 110 24 106 169170 0 0 0
-1220 1967 172 156 147394 0 0 0
1347 2194 17 218 970883 0 0 0
-3009 -2468 154 136 655367 0 0 0
659 910 172 75 741468 0 0 0
1079 1573 103 74 351889 0 0 0
-929 -870 244 35 677580 0 0 0
-53 302 200 194 754941 0 0 0
2585 -2848 236 81 634918 0 0 0
758 -135 16 233 401751 0 0 0
-2403 640 65 36 311246 0 0 0
-1712 2564 138 64 226713 0 0 0
985 1597 60 59 192593 0 0 0
-1788 706 82 119 938952 0 0 0
1548 -1674 88 25 497141 0 0 0
-1769 1740 205 74 581866 0 0 0
-2874 -2223 271 137 871940 0 0 0
255 -2475 211 100 912574 0 0 0
-1916 -2661 30 218 245950 0 0 0
104 3066 201 217 348258 0 0 0
583 -1261 218 38 912245 0 0 0
-985 756 227 15 451015 0 0 0
-2887 -1495 94 3 920776 0 0 0
-483 2285 77 12 644398 0 0 0
958 -2689 54 223 728700 0 0 0
-448 573 234 103 526534 0 0 0
2967 2466 108 133 100503 0 0 0
-597 1156 117 199 713506 0 0 0
-1431 -325 174 107 821542 0 0 0
-2259 2045 205 17 918777 0 0 0
-2473 953 258 179 502241 0 0 0
-1254 -649 52 236 540989 0 0 0
3037 2411 153 89 393698 0 0 0
687 1715 2 96 159958 0 0 0
-173 -2769 28 13 158863 0 0 0
-900 2610 143 160 676036 0 0 0
-2125 2337 147 43 888776 0 0 0
-51 166 209 5 414148 0 0 0
-2219 1911 129 106 653007 0 0 0
1716 -2615 253 39 500864 0 0 0
-1547 1516 77 205 507789 0 0 0
2464 -1100 142 248 957387 0 0 0
1359 -1995 181 148 625827 0 0 0
-1270 2550 178 78 597117 0 0 0
-2910 1560 263 247 222128 0 0 0
1350 -2907 237 3 765679 0 0 0
1133 -3059 196 200 618135 0 0 0
-1922 1496 185 155 810113 0 0 0
-341 -2736 107 88 742317 0 0 0
1620 1192 111 230 862672 0 0 0
323 693 198 161 527367 0 0 0
-817 -2069 121 162 112166 0 0 0
2581 1494 220 132 450741 0 0 0
-2931 -1250 125 227 311026 0 0 0
2699 2254 8 78 999350 0 0 0
2443 982 11 196 740901 0 0 0
891 513 25 102 637524 0 0 0
2460 -1787 17 179 731685 0 0 0
2620 -950 21 171 581852 0 0 0
1712 -1348 182 82 528683 0 0 0
-2903 -1846 31 145 105134 0 0 0
-1822 1175 57 161 679790 0 0 0
2576 2955 213 190 728470 0 0 0
-84 -346 79 87 164542 0 0 0
-326 1060 215 139 553210 0 0 0
2579 -1988 176 18 170642 0 0 0
-2132 -438 78 243 609967 0 0 0
2861 -2462 39 113 192362 0 0 0
-1593 -1260 137 53 900595 0 0 0
-2589 -913 181 86 884981 0 0 0
418 2770 97 238 893917 0 0 0
916 -1036 149 88 292887 0 0 0
1360 217 194 136 720917 0 0 0
-1702 1205 270 184 461283 0 0 0
-592 2058 107 81 581343 0 0 0
-321 2644 10 110 239339 0 0 0
-667 -990 79 41 295308 0 0 0
-226 -813 92 161 330891 0 0 0
1668 2617 253 192 785754 0 0 0
1438 -1025 172 15 351945 0 0 0
20 939 44 9 620789 0 0 0
570 1566 240 22 957778 0 0 0
-2504 2254 81 5 859383 0 0 0
-2129 2157 168 57 860649 0 0 0
-2925 -1145 259 257 267587 0 0 0
-2079 502 76 257 388782 0 0 0
-1713 2054 146 230 182238 0 0 0
-1586 -622 36 92 898222 0 0 0
-1512 -879 101 74 250329 0 0 0
-572 1522 57 225 827161 0 0 0
-341 -125 50 181 147228 0 0 0
-1191 -2521 2 63 451558 0 0 0
-436 -3040 30 2 311988 0 0 0
-2726 -69 33 128 741820 0 0 0
-641 -1334 235 225 727347 0 0 0
2740 -2493 10 239 485285 0 0 0
2217 -2947 112 111 675544 0 0 0
-2321 -3038 219 231 734670 0 0 0
2473 1860 199 133 749865 0 0 0
1764 -1515 259 164 866544 0 0 0
-2763 632 176 200 280031 0 0 0
2665 -1056 77 37 821086 0 0 0
-1205 434 177 24 650058 0 0 0
-85 -2999 61 83 529771 0 0 0
594 102 131 231 977921 0 0 0
-533 230 87 127 450012 0 0 0
-691 -119 61 198 530084 0 0 0
924 -2380 137 233 654134 0 0 0
1679 2195 237 15 199082 0 0 0
-2428 7 145 120 793673 0 0 0
305 -2695 158 168 811825 0 0 0
-2419 2862 58 242 814306 0 0 0
2680 -1238 195 156 244477 0 0 0
665 2652 8 133 226159 0 0 0
2080 -2852 70 69 308853 0 0 0
-2139 438 150 33 352955 0 0 0
-355 -1093 74 80 847568 0 0 0
1362 3092 161 170 829620 0 0 0
-942 -716 210 245 536584 0 0 0
-311 -692 204 17 287160 0 0 0
271 -24 11 190 357138 0 0 0
-2745 2018 68 88 996404 0 0 0
-808 1249 261 113 178029 0 0 0
1320 675 173 192 776148 0 0 0
1672 -1817 50 228 228213 0 0 0
2032 2123 78 255 631690 0 0 0
283 2450 149 205 407008 0 0 0
-1263 2726 250 238 722042 0 0 0
-441 -1994 264 129 712516 0 0 0
-2496 1511 160 4 178646 0 0 0
-1215 2325 43 196 822439 0 0 0
-1721 726 219 137 445787 0 0 0
2357 2213 31 165 321503 0 0 0
2591 -2934 243 162 282785 0 0 0
-514 1301 50 185 560200 0 0 0
2056 281 197 21 802874 0 0 0
-2485 -2839 196 48 471934 0 0 0
993 676 5 155 687180 0 0 0
920 -810 19 77 434903 0 0 0
-460 1445 137 83 964840 0 0 0
-82 863 241 193 741592 0 0 0
-119 -2231 262 217 885070 0 0 0
2750 -2906 226 204 461390 0 0 0
1526 918 49 108 173331 0 0 0
2407 -646 213 124 454873 0 0 0
560 2409 170 69 291095 0 0 0
2965 849 164 113 991648 0 0 0
1325 -323 60 117 271801 0 0 0
-2543 2601 94 66 441097 0 0 0
-2520 2431 114 98 389827 0 0 0
-145 -2468 271 211 670008 0 0 0
184 -2233 73 130 590091 0 0 0
850 997 157 14 682369 0 0 0
-2723 1113 116 96 510886 0 0 0
1364 2531 257 78 622776 0 0 0
-2307 -3081 50 27 583006 0 0 0
1403 1876 181 81 833571 0 0 0
180 382 120 227 960046 0 0 0
2467 -2703 200 240 357863 0 0 0
2944 847 230 10 965308 0 0 0
-1013 1557 64 8 298247 0 0 0
157 -1036 70 161 759202 0 0 0
791 2957 109 18 118365 0 0 0
-1259 1299 271 188 825602 0 0 0
1810 1530 71 149 659063 0 0 0
-622 2994 119 154 494098 0 0 0
1218 -2750 1 106 529297 0 0 0
-1544 -2 99 124 157221 0 0 0
-753 2434 60 226 571152 0 0 0
-1255 -694 227 71 602530 0 0 0
-694 -575 106 185 803556 0 0 0
-242 1189 222 181 395034 0 0 0
-217 2161 126 53 438602 0 0 0
2063 1733 198 84 289088 0 0 0
595 2441 102 253 704785 0 0 0
-2489 -2707 165 206 893906 0 0 0
-560 687 232 34 519767 0 0 0
3076 -384 269 30 798288 0 0 0
1372 -1284 124 129 524424 0 0 0
1866 497 64 57 170355 0 0 0
2936 2512 122 71 153986 0 0 0
-2121 1348 33 21 144044 0 0 0
928 2245 35 193 138593 0 0 0
174 -156 263 9 195791 0 0 0
-1719 2780 57 84 961950 0 0 0
-2785 759 239 176 902297 0 0 0
2786 -2002 167 149 473545 0 0 0
2892 -803 241 144 491682 0 0 0
180 -2740 75 252 642715 0 0 0
1924 -2262 136 5 112134 0 0 0
200 969 200 102 931815 0 0 0
812 1121 103 247 530718 0 0 0
-2849 2236 231 216 441959 0 0 0
1669 242 58 48 753440 0 0 0
-2639 -3075 124 174 543797 0 0 0
-1790 -1801 254 185 927982 0 0 0
764 2498 254 247 370140 0 0 0
-1709 -1007 4 219 854926 0 0 0
-818 1575 116 174 429511 0 0 0
1014 -436 273 103 876111 0 0 0
-2560 -2859 264 30 690455 0 0 0
-793 2858 121 31 150400 0 0 0
276 -772 101 30 483840 0 0 0
-2779 -1078 60 174 553117 0 0 0
1949 1588 94 43 653932 0 0 0
-1406 2124 227 210 712392 0 0 0
317 795 111 160 380897 0 0 0
-405 -1516 45 83 507266 0 0 0
808 -2456 157 233 683926 0 0 0
2015 2125 23 251 663278 0 0 0
-2470 371 118 253 409617 0 0 0
2001 -1983 249 220 519329 0 0 0
735 2087 110 165 319803 0 0 0
1227 -521 254 209 336027 0 0 0
1384 -238 111 70 785862 0 0 0
77 2091 137 181 832223 0 0 0
-578 1250 239 42 544942 0 0 0
-1300 331 9 236 275541 0 0 0
-335 460 180 150 721272 0 0 0
2861 -1268 134 210 584361 0 0 0
-550 -2915 225 68 137398 0 0 0
-2679 -2861 9 50 577800 0 0 0
1618 222 273 255 187690 0 0 0
-1705 -2017 132 149 924692 0 0 0
-2994 2601 153 127 425700 0 0 0
-1363 506 150 215 917857 0 0 0
-2714 -2234 184 11 759854 0 0 0
-817 1621 3 65 453904 0 0 0
204 -1382 193 177 690808 0 0 0
2990 1775 91 92 771724 0 0 0
121 -1630 214 104 987675 0 0 0
629 1793 188 62 472187 0 0 0
-1494 -2805 266 25 519142 0 0 0
2275 1662 104 39 732226 0 0 0
-2531 -931 255 231 527328 0 0 0
-2368 1782 225 175 197449 0 0 0
1742 201 248 117 316249 0 0 0
420 444 234 138 270629 0 0 0
-1422 -96 264 213 498202 0 0 0
1704 1626 73 156 465333 0 0 0
-1708 -680 262 128 145385 0 0 0
2780 -2412 221 218 327993 0 0 0
-2555 -1507 21 233 822772 0 0 0
608 2232 57 244 722159 0 0 0
-768 -2898 131 169 873151 0 0 0
-204 -1936 262 106 487090 0 0 0
-401 759 75 75 939380 0 0 0
1968 -112 173 231 712575 0 0 0
2946 2838 22 137 228833 0 0 0
2304 38 156 175 952221 0 0 0
-676 -2832 262 187 617784 0 0 0
-299 -2154 156 116 995393 0 0 0
-1098 -1243 151 206 558072 0 0 0
2495 435 90 41 383887 0 0 0
2821 -2627 158 227 314344 0 0 0
-1568 3010 115 251 824793 0 0 0
-2758 858 163 51 496347 0 0 0
2112 -2904 145 95 261222 0 0 0
2013 1559 243 149 881072 0 0 0
390 660 151 188 739461 0 0 0
-692 1805 168 237 953640 0 0 0
-2249 -2825 79 108 473263 0 0 0
-3022 -300 198 84 360367 0 0 0
-1243 673 116 63 560307 0 0 0
2980 -1520 45 100 873013 0 0 0
-2835 456 256 108 271696 0 0 0
-571 1355 98 139 661198 0 0 0
1076 -2372 184 175 213909 0 0 0
2815 171 270 214 282242 0 0 0
2265 -199 25 214 568689 0 0 0
-2577 -2466 55 113 547748 0 0 0
-571 1837 11 200 575555 0 0 0
1771 -1932 8 197 492131 0 0 0
-2570 3087 91 173 463130 0 0 0
-246 716 240 10 147371 0 0 0
761 108 69 39 430259 0 0 0
-1684 -2429 231 116 941857 0 0 0
-1052 -643 22 80 503301 0 0 0
-1892 1977 194 41 405230 0 0 0
-2673 -199 46 245 807975 0 0 0
1215 -1409 109 240 366329 0 0 0
-846 1166 131 128 324070 0 0 0
1706 -2740 171 97 659637 0 0 0
-1850 1448 160 136 613814 0 0 0
637 1684 173 147 285177 0 0 0
-136 -1503 199 54 958042 0 0 0
-1685 119 75 153 280039 0 0 0
-918 1776 8 38 542995 0 0 0
-2189 195 124 194 652967 0 0 0
-634 -2929 102 117 249654 0 0 0
275 -1692 41 202 622310 0 0 0
-1091 2929 73 240 620509 0 0 0
2914 -1687 209 173 949369 0 0 0
1861 -2599 187 181 524946 0 0 0
-561 -1797 72 61 580838 0 0 0
2762 -1451 190 168 458078 0 0 0
-1862 1552 60 137 523198 0 0 0
350 -670 121 248 658660 0 0 0
2122 331 73 71 444545 0 0 0
-220 -147 226 169 327522 0 0 0
-1117 2360 144 66 355506 0 0 0
-1493 -2583 232 78 680862 0 0 0
3066 -406 231 230 914010 0 0 0
-29 -827 46 86 762976 0 0 0
399 215 251 58 861265 0 0 0
-1369 1971 113 73 925691 0 0 0
2295 1139 25 241 382846 0 0 0
-945 453 269 75 918059 0 0 0
-904 -2194 25 228 612616 0 0 0
-2923 -1459 240 217 432681 0 0 0
-2418 -757 90 116 998393 0 0 0
-532 -906 157 59 610534 0 0 0
204 -1961 125 107 101342 0 0 0
2476 1898 255 111 400074 0 0 0
-605 -2019 223 31 325519 0 0 0
2196 818 131 36 370076 0 0 0
2534 2509 123 204 300464 0 0 0
819 928 165 17 660544 0 0 0
-2727 -1329 222 81 866428 0 0 0
-2327 2673 38 176 250609 0 0 0
-1933 2495 151 125 424216 0 0 0
-1517 -1585 93 7 318761 0 0 0
306 334 135 169 106337 0 0 0
1988 -1645 15 109 497135 0 0 0
1160 2860 227 37 956216 0 0 0
780 -1855 221 86 530396 0 0 0
1855 442 24 77 999503 0 0 0
-913 691 260 130 713426 0 0 0
-2220 117 164 16 643049 0 0 0
-264 329 230 186 655933 0 0 0
2095 1985 170 20 519348 0 0 0
754 2281 267 176 563824 0 0 0
-1656 2738 7 179 553020 0 0 0
-903 -1755 160 192 821718 0 0 0
2153 -1881 9 56 729562 0 0 0
909 -2744 94 221 401030 0 0 0
-193 1970 100 22 611168 0 0 0
-150 2182 254 11 303603 0 0 0
1321 2340 179 112 625261 0 0 0
208 -476 24 192 302510 0 0 0
-1185 -48 102 114 657638 0 0 0
2428 -2169 122 223 993848 0 0 0
-672 -1458 134 158 264478 0 0 0
883 -243 2 20 693997 0 0 0
1243 275 176 201 683304 0 0 0
2556 -1914 9 4 479257 0 0 0
603 659 30 216 275848 0 0 0
895 1173 143 140 323903 0 0 0
1527 -2138 139 125 570686 0 0 0
2455 -1143 220 146 835201 0 0 0
2991 1260 198 157 804156 0 0 0
-1193 2210 149 144 737784 0 0 0
-991 2893 91 227 248577 0 0 0
1018 -868 250 235 553247 0 0 0
-784 169 55 38 252353 0 0 0
-1278 -1991 181 90 975357 0 0 0
2179 788 56 138 699133 0 0 0
2831 998 248 86 649543 0 0 0
2949 1586 267 206 476091 0 0 0
-1200 2967 238 83 137326 0 0 0
-217 734 210 142 610412 0 0 0
-2451 2521 48 110 417198 0 0 0
-2983 -435 195 199 649089 0 0 0
1925 -2682 116 165 266008 0 0 0
-900 1918 213 13 623108 0 0 0
1000 2624 102 168 600738 0 0 0
-142 -1936 17 95 408824 0 0 0
-1933 -2826 13 201 432947 0 0 0
-1263 1291 99 219 840192 0 0 0
-153 2872 150 168 207795 0 0 0
428 -1005 108 177 330889 0 0 0
-1988 1364 203 218 668996 0 0 0
1959 -2668 84 241 996495 0 0 0
1270 -2752 200 82 778316 0 0 0
2276 -1329 172 47 604692 0 0 0
3 -2125 151 214 264913 0 0 0
414 -338 11 126 901248 0 0 0
1577 2902 219 149 510816 0 0 0
82 148 233 80 192651 0 0 0
1532 -2407 210 121 877517 0 0 0
523 -226 82 111 662403 0 0 0
2848 -3082 182 249 442986 0 0 0
857 680 129 2 412087 0 0 0
-979 -798 3 4 702724 0 0 0
1977 1404 98 229 882547 0 0 0
1317 -2616 117 90 808982 0 0 0
-2685 387 158 204 527343 0 0 0
-2808 -2020 207 116 383795 0 0 0
-1955 -519 95 230 990552 0 0 0
1642 -267 216 64 191953 0 0 0
2780 2648 133 101 842397 0 0 0
2455 1612 123 90 556930 0 0 0
-2152 2088 130 55 832525 0 0 0
-2714 -1419 232 76 103685 0 0 0
857 1452 7 65 550265 0 0 0
-2175 -1263 251 44 568089 0 0 0
-1766 -2887 194 44 149179 0 0 0
909 -79 236 99 869391 0 0 0
-2393 2926 219 124 276277 0 0 0
2790 2052 231 26 247274 0 0 0
-2308 751 192 11 617833 0 0 0
3004 2521 45 28 504714 0 0 0
-914 -1004 74 32 425768 0 0 0
-128 -333 61 125 522345 0 0 0
-590 -778 212 122 545168 0 0 0
2623 1709 169 225 329184 0 0 0
362 -21 145 229 601424 0 0 0
-2612 948 65 51 602002 0 0 0
2185 -474 172 139 428881 0 0 0
2120 737 179 216 822490 0 0 0
-2473 -3018 69 202 414651 0 0 0
-884 432 196 204 614461 0 0 0
-2283 -1719 101 210 764113 0 0 0
2897 860 272 199 613754 0 0 0
1681 -64 188 165 895374 0 0 0
1106 2866 17 100 832636 0 0 0
-2718 2075 130 219 511203 0 0 0
-994 -2043 170 243 942972 0 0 0
285 2358 241 87 666702 0 0 0
-2742 2242 46 27 121205 0 0 0
-2580 2228 239 164 776009 0 0 0
1453 -2741 125 135 576578 0 0 0
-1429 -2013 178 181 260983 0 0 0
-2323 -2671 45 259 615303 0 0 0
481 796 139 200 879938 0 0 0
1040 -2748 69 194 150684 0 0 0
1784 2844 124 4 368624 0 0 0
-2253 2620 273 190 149479 0 0 0
786 -1120 46 144 104266 0 0 0
2311 -154 80 18 907791 0 0 0
-1819 -2127 104 128 243307 0 0 0
-1207 -2089 6 258 535072 0 0 0
2608 1023 177 191 123858 0 0 0
2123 2483 122 235 410925 0 0 0
3079 -509 181 117 277438 0 0 0
-1784 -256 43 245 774301 0 0 0
1534 902 58 188 927107 0 0 0
1436 -1561 162 219 432180 0 0 0
-919 2905 197 195 350475 0 0 0
-502 1510 196 19 960044 0 0 0
-61 -3001 54 143 686043 0 0 0
-2451 -1616 251 46 217147 0 0 0
-1354 -212 164 25 562907 0 0 0
642 -1607 202 37 143337 0 0 0
-221 -1623 118 42 249029 0 0 0
-1900 1419 23 18 837682 0 0 0
368 -3066 218 20 338804 0 0 0
-41 -162 58 33 900089 0 0 0
578 2069 15 127 150991 0 0 0
-856 1883 224 202 249340 0 0 0
581 -312 211 5 639927 0 0 0
-837 -1968 161 32 759975 0 0 0
-935 2185 91 203 855022 0 0 0
-111 -1632 135 83 552457 0 0 0
-558 -2668 222 58 101363 0 0 0
241 1039 238 4 895282 0 0 0
-1141 -2818 246 150 228550 0 0 0
-1861 42 195 232 814344 0 0 0
-136 -2320 24 56 443134 0 0 0
868 1370 266 85 868048 0 0 0
1949 -1117 243 177 914456 0 0 0
-956 1598 233 36 186007 0 0 0
1485 -375 229 218 168358 0 0 0
-1944 356 211 212 357240 0 0 0
1763 -952 126 76 201221 0 0 0
-141 -1833 44 104 820508 0 0 0
2546 -2925 64 71 783068 0 0 0
-1737 -1138 253 94 416024 0 0 0
-459 1772 173 157 313959 0 0 0
-1090 441 59 12 180368 0 0 0
956 809 247 238 281679 0 0 0
-1792 1486 108 160 352968 0 0 0
2574 2387 100 259 524008 0 0 0
2903 2092 111 46 239514 0 0 0
2149 -1161 167 143 348570 0 0 0
-2034 -1645 223 30 798355 0 0 0
-925 25 87 164 474112 0 0 0
2733 1831 163 172 515280 0 0 0
2272 2476 60 1 244742 0 0 0
655 -1860 62 196 814648 0 0 0
-1236 -953 111 208 321212 0 0 0
2031 -3053 96 29 422785 0 0 0
-2097 1685 125 125 422617 0 0 0
-50 -102 159 75 874865 0 0 0
1015 -967 257 31 391894 0 0 0
-2998 -701 253 55 423878 0 0 0
2331 -1454 126 180 687378 0 0 0
-2189 949 209 91 961816 0 0 0
-1957 1165 238 31 829025 0 0 0
519 -1568 36 233 852249 0 0 0
-444 199 182 224 938257 0 0 0
-1567 1969 231 60 974916 0 0 0
-1325 1301 243 83 884779 0 0 0
-2647 331 130 34 712272 0 0 0
2116 -1273 35 128 954169 0 0 0
-681 -2581 133 29 970832 0 0 0
-743 -2848 41 116 421374 0 0 0
1446 31 235 113 216624 0 0 0
-1526 -52 249 170 545074 0 0 0
-2608 2844 227 236 745897 0 0 0
-98 1089 240 18 967960 0 0 0
-2425 -1509 99 70 999888 0 0 0
-3022 -2500 179 10 595631 0 0 0
-1115 2908 228 184 297014 0 0 0
382 -1772 166 41 134785 0 0 0
284 -144 77 207 244417 0 0 0
-1877 2674 165 62 811248 0 0 0
1974 2570 40 252 611887 0 0 0
1466 -1160 150 87 487473 0 0 0
-233 824 142 48 250091 0 0 0
-890 -535 53 190 904587 0 0 0
-1360 2869 123 193 633557 0 0 0
-1126 1184 167 124 727507 0 0 0
1734 -1348 118 5 611588 0 0 0
1698 -872 143 68 581585 0 0 0
-2207 -2433 129 19 647546 0 0 0
-655 2670 258 95 425129 0 0 0
2046 -1674 24 156 740138 0 0 0
509 234 71 17 513446 0 0 0
527 -3000 208 216 218828 0 0 0
-302 1469 117 28 653238 0 0 0
779 1105 202 259 318524 0 0 0
863 2438 66 244 412432 0 0 0
2068 354 6 149 867537 0 0 0
-424 1381 39 44 704792 0 0 0
2408 -1748 186 98 271910 0 0 0
1104 1821 17 63 204942 0 0 0
-629 3076 243 210 144253 0 0 0
2439 -1439 94 68 129136 0 0 0
363 -888 20 178 499985 0 0 0
875 -794 125 92 669898 0 0 0
-2027 719 210 244 288816 0 0 0
802 -2409 115 218 282892 0 0 0
2553 -773 108 257 458436 0 0 0
-1712 -886 241 225 878012 0 0 0
-179 -551 170 210 399932 0 0 0
-236 935 49 70 225590 0 0 0
-630 851 121 91 975189 0 0 0
2893 -2200 103 11 273558 0 0 0
1402 -2705 158 156 482488 0 0 0
-1233 -2207 93 188 653969 0 0 0
2913 2980 217 89 468853 0 0 0
-1621 -2755 136 15 456873 0 0 0
1143 389 189 192 388453 0 0 0
-566 1192 12 70 132689 0 0 0
-916 1681 57 164 572945 0 0 0
-851 379 120 240 835475 0 0 0
-1311 -1338 136 31 694541 0 0 0
543 -744 119 224 607683 0 0 0
-2817 908 54 252 349438 0 0 0
1218 -1230 99 133 724026 0 0 0
1466 -310 44 19 554585 0 0 0
-2194 1637 55 44 862425 0 0 0
1274 -447 126 143 668354 0 0 0
-1462 -329 207 41 531756 0 0 0
-994 -2481 170 113 558524 0 0 0
-2674 -2328 219 134 246338 0 0 0
1437 2747 42 8 133363 0 0 0
1090 2882 156 139 210328 0 0 0
-1045 2514 39 59 325500 0 0 0
-675 2474 225 73 113649 0 0 0
2294 2354 205 142 595478 0 0 0
2200 -1988 4 229 844039 0 0 0
-933 -1811 272 180 893100 0 0 0
-922 1045 192 88 579601 0 0 0
-2448 1854 39 78 860330 0 0 0
-1778 1158 222 88 277524 0 0 0
2209 2182 36 50 513794 0 0 0
-967 -519 166 130 487941 0 0 0
-2633 -648 244 155 306801 0 0 0
1793 -3012 13 88 419051 0 0 0
101 1701 158 151 768797 0 0 0
-1252 1819 55 54 953659 0 0 0
184 -2344 151 5 977272 0 0 0
2261 -640 91 245 935913 0 0 0
-2455 1523 81 28 175369 0 0 0
1845 1534 87 237 947855 0 0 0
1768 1474 183 52 797897 0 0 0
-1227 1070 255 222 823490 0 0 0
1267 453 186 137 920328 0 0 0
779 2711 269 187 362677 0 0 0
-2777 -2594 178 138 546504 0 0 0
-2309 777 141 133 856960 0 0 0
94 2983 85 242 177370 0 0 0
-1414 1130 84 157 599416 0 0 0
2738 289 61 148 163039 0 0 0
1270 -3062 219 72 876116 0 0 0
-1026 1905 238 128 978190 0 0 0
1359 -2120 135 220 769082 0 0 0
1936 2942 169 31 316944 0 0 0
-2594 322 255 2 146431 0 0 0
1562 -2910 93 48 773394 0 0 0
1144 -1292 188 189 336857 0 0 0
2607 1299 257 56 388239 0 0 0
131 -3021 253 214 150995 0 0 0
-1279 1280 78 238 509779 0 0 0
-1443 1368 9 219 997195 0 0 0
-223 209 111 63 741800 0 0 0
2411 1169 108 186 365498 0 0 0
-731 627 105 237 688460 0 0 0
-2096 -1209 4 54 442132 0 0 0
2741 -777 15 161 560540 0 0 0
685 -382 229 65 119327 0 0 0
1118 -405 271 228 129253 0 0 0
1414 1316 28 108 961191 0 0 0
-1604 2922 90 12 345554 0 0 0
-1154 789 125 48 424020 0 0 0
1032 2183 119 196 764630 0 0 0
-1101 -1677 266 53 407777 0 0 0
-2897 -3007 151 6 193020 0 0 0
-2991 1859 126 64 449202 0 0 0
1917 1102 110 180 824059 0 0 0
-2713 -2652 90 113 859936 0 0 0
814 -1812 106 131 435364 0 0 0
465 -778 144 95 390636 0 0 0
1771 -1253 268 233 826342 0 0 0
2541 2764 180 187 794006 0 0 0
-2276 108 232 44 965817 0 0 0
888 2594 132 114 754864 0 0 0
-1823 -730 137 110 758442 0 0 0
1700 -3083 112 83 769584 0 0 0
1399 -1563 195 165 941213 0 0 0
1544 445 96 27 385074 0 0 0
2704 -966 101 8 118989 0 0 0
1803 1340 222 26 260628 0 0 0
-788 421 114 195 979418 0 0 0
2911 -3068 219 57 272182 0 0 0
-306 -1628 155 230 662787 0 0 0
-2137 -322 79 119 999753 0 0 0
-1522 3003 256 177 280327 0 0 0
-914 -2895 48 155 613655 0 0 0
48 -2496 106 144 918669 0 0 0
-2686 -507 13 49 855574 0 0 0
-554 287 213 91 906177 0 0 0
2312 2519 134 1 956883 0 0 0
-1091 -648 41 26 816282 0 0 0
-57 -220 241 142 916663 0 0 0
129 -688 181 85 343089 0 0 0
2428 1845 247 228 792567 0 0 0
-2332 982 158 179 345283 0 0 0
2225 -288 109 204 748010 0 0 0
-209 522 12 174 842758 0 0 0
-2629 1887 175 115 479540 0 0 0
495 -503 179 60 273261 0 0 0
-2361 -1267 245 207 396770 0 0 0
2865 2878 185 40 160288 0 0 0
-2231 664 164 34 195345 0 0 0
-2577 209 135 172 256588 0 0 0
-2748 -585 89 67 786037 0 0 0
-924 357 75 32 546643 0 0 0
-2685 -2146 125 238 884327 0 0 0
90 -251 77 207 877857 0 0 0
1767 -792 228 211 636268 0 0 0
44 3079 103 65 587826 0 0 0
-2438 1691 206 22 864501 0 0 0
2582 1768 36 23 222565 0 0 0
-1860 2152 255 120 729039 0 0 0
-544 -10 124 24 489273 0 0 0
785 2141 231 65 913610 0 0 0
761 1683 244 162 907796 0 0 0
-472 2600 233 122 694642 0 0 0
-837 280 83 166 438095 0 0 0
867 -2083 224 205 376575 0 0 0
-329 -930 3 133 653530 0 0 0
-153 2908 197 174 977230 0 0 0
-2518 -2380 193 107 576641 0 0 0
-956 -2188 132 20 207149 0 0 0
238 2720 178 192 309111 0 0 0
-1889 -1068 174 24 255360 0 0 0
664 3046 229 182 649310 0 0 0
-630 -649 152 254 344975 0 0 0
-1854 1949 34 168 173715 0 0 0
-718 1304 199 256 689175 0 0 0
-1139 -20 8 94 906241 0 0 0
2627 211 208 19 807111 0 0 0
1259 2417 3 149 920357 0 0 0
1579 1165 18 18 904734 0 0 0
-1273 2605 55 87 125652 0 0 0
2190 -1844 56 182 679872 0 0 0
1004 -2909 203 65 944393 0 0 0
-2852 -1877 38 252 970447 0 0 0
2282 -1702 74 15 335190 0 0 0
2268 -1533 194 186 226882 0 0 0
-178 2224 237 31 695584 0 0 0
-2940 -1339 157 181 260589 0 0 0
121 -2473 28 260 361997 0 0 0
-1495 -2366 85 167 598256 0 0 0
-583 -1615 81 237 659956 0 0 0
-2702 1935 68 242 512342 0 0 0
-2550 2226 57 189 772917 0 0 0
-1305 -2997 46 77 628464 0 0 0
2220 2425 71 211 441621 0 0 0
-3001 -898 211 105 105784 0 0 0
-2471 -1566 228 137 761320 0 0 0
-1648 -2604 159 139 155389 0 0 0
-190 -2986 202 91 765075 0 0 0
2448 974 110 77 939272 0 0 0
203 1652 217 114 856274 0 0 0
-2924 -943 19 183 597883 0 0 0
2754 78 217 54 840446 0 0 0
3005 1159 74 197 849318 0 0 0
1493 182 19 101 210482 0 0 0
893 -1131 129 116 314735 0 0 0
1223 1570 180 131 947439 0 0 0
-2555 -503 261 178 658437 0 0 0
-1133 1688 190 121 330030 0 0 0
-1432 -1367 138 18 390616 0 0 0
-59 199 204 8 538651 0 0 0
2469 646 261 103 499056 0 0 0
-2321 -493 269 139 268194 0 0 0
180 1355 25 229 446619 0 0 0
-2607 -1159 208 257 352077 0 0 0
689 537 218 221 997667 0 0 0
1732 867 8 152 875225 0 0 0
182 -1729 95 122 953159 0 0 0
2980 -2617 160 228 539811 0 0 0
-921 2560 38 68 556546 0 0 0
2842 -2617 217 10 245783 0 0 0
-2582 627 224 218 589840 0 0 0
-1048 -2954 180 153 157016 0 0 0
1326 195 131 118 307443 0 0 0
731 -652 195 192 676295 0 0 0
-1843 2728 204 57 118221 0 0 0
1518 -2796 7 199 830924 0 0 0
3006 -1776 52 239 399776 0 0 0
-1971 3073 67 63 432467 0 0 0
-1939 1143 263 204 410983 0 0 0
1935 1888 204 203 636341 0 0 0
-2231 -2189 109 73 357101 0 0 0
579 -1252 193 36 326352 0 0 0
2026 921 178 34 633243 0 0 0
671 1773 127 139 611817 0 0 0
-2711 734 128 102 889714 0 0 0
-700 -343 183 257 888498 0 0 0
2127 1987 244 62 349184 0 0 0
2943 350 168 64 121454 0 0 0
2440 979 139 38 894285 0 0 0
1543 1063 47 12 850563 0 0 0
-1826 -1561 160 7 927888 0 0 0
2362 347 130 254 393143 0 0 0
1454 1646 252 206 993505 0 0 0
1363 32 209 205 180808 0 0 0
-2787 2538 21 56 239102 0 0 0
-2853 -632 16 22 876727 0 0 0
2018 1683 160 48 708447 0 0 0
2200 -1884 146 140 222483 0 0 0
1041 2181 61 101 238902 0 0 0
-1973 -1210 239 134 209269 0 0 0
-2214 1905 76 6 619708 0 0 0
-146 -2877 189 37 312373 0 0 0
966 -43 37 44 114404 0 0 0
343 -2605 254 110 723282 0 0 0
-1067 1423 143 36 931488 0 0 0
2174 1628 16 177 327522 0 0 0
341 -2781 34 228 841289 0 0 0
-2116 2079 97 221 744805 0 0 0
-2977 1932 51 149 408109 0 0 0
2511 2627 35 208 345024 0 0 0
-2544 992 146 69 373735 0 0 0
3038 -2127 18 80 991132 0 0 0
404 810 150 119 615099 0 0 0
90 1053 209 81 558485 0 0 0
2522 -874 263 203 800829 0 0 0
2903 -23 271 196 786248 0 0 0
-1222 -131 271 55 790686 0 0 0
-954 -2259 251 38 489372 0 0 0
1221 504 22 139 914667 0 0 0
2663 -1498 175 62 275327 0 0 0
82 397 1 52 793826 0 0 0
-552 587 129 79 169711 0 0 0
948 728 245 100 330342 0 0 0
-773 2240 116 48 273382 0 0 0
-61 -2878 132 134 406133 0 0 0
-2467 2544 185 211 996792 0 0 0
1430 2917 193 179 608352 0 0 0
-1353 -2995 82 135 379797 0 0 0
1099 2516 260 49 511402 0 0 0
-2149 42 198 59 924406 0 0 0
2616 -2060 136 163 732164 0 0 0
2986 2635 235 218 383010 0 0 0
2639 888 254 100 600356 0 0 0
-429 193 93 167 599257 0 0 0
2714 -62 242 225 284724 0 0 0
-1569 1057 41 238 779719 0 0 0
-3027 1535 30 245 689916 0 0 0
-338 -2979 64 8 969664 0 0 0
3033 419 186 38 946789 0 0 0
-114 2065 130 162 226260 0 0 0
-73 2231 157 130 275815 0 0 0
1340 1226 146 79 215219 0 0 0
2145 2286 200 18 942571 0 0 0
-1494 -2772 38 30 478599 0 0 0
-277 -1870 166 136 433935 0 0 0
-876 -3078 88 103 245172 0 0 0
3036 1441 80 120 594512 0 0 0
2300 1716 8 122 292263 0 0 0
-2419 -1029 37 76 439346 0 0 0
-1169 -2656 169 122 816493 0 0 0
2442 -777 183 115 517277 0 0 0
-560 -1248 183 244 477827 0 0 0
-1969 -2638 144 6 384421 0 0 0
2638 -2959 108 80 636127 0 0 0
-2669 -1586 125 244 779490 0 0 0
-175 -2113 131 26 404700 0 0 0
-1988 2048 19 114 324749 0 0 0
1146 -500 258 59 175003 0 0 0
-1858 1401 142 22 257730 0 0 0
2940 1498 93 105 825342 0 0 0
1592 -2255 164 166 821351 0 0 0
-838 -716 17 13 683124 0 0 0
-2734 861 107 218 744255 0 0 0
-1517 -2627 201 202 704354 0 0 0
2488 1866 264 157 186317 0 0 0
-2954 -2785 22 146 481499 0 0 0
-3090 -2993 83 161 776456 0 0 0
-213 2111 25 146 813472 0 0 0
-814 -2519 149 228 581802 0 0 0
-122 -367 132 211 200574 0 0 0
-2145 686 39 164 947791 0 0 0
-2552 2087 162 17 632783 0 0 0
-2180 -1791 220 199 510140 0 0 0
-935 -2224 146 184 257783 0 0 0
685 -575 58 238 241863 0 0 0
214 -2586 43 17 941060 0 0 0
-2554 2640 99 14 136000 0 0 0
2137 -219 73 56 365795 0 0 0
-1008 1274 167 247 504078 0 0 0
-2153 -1870 23 49 452972 0 0 0
701 -9 179 153 138751 0 0 0
1235 437 232 17 789548 0 0 0
1305 2251 268 234 840428 0 0 0
1849 -248 155 197 668163 0 0 0
-1273 -2851 77 76 521905 0 0 0
-661 -1149 179 5 466443 0 0 0
-1594 -1388 150 54 556146 0 0 0
2641 2520 63 65 989386 0 0 0
-390 1552 233 193 985628 0 0 0
-1535 -2972 7 174 925983 0 0 0
-2658 -1332 233 146 588327 0 0 0
1444 -2422 111 183 893426 0 0 0
-2014 -752 52 253 552082 0 0 0
1634 813 91 212 836135 0 0 0
520 -1965 77 40 584076 0 0 0
-1339 -2604 7 52 392324 0 0 0
1719 1901 4 11 466596 0 0 0
1647 2099 198 208 175994 0 0 0
266 3095 212 14 875025 0 0 0
-2081 -7 85 117 287481 0 0 0
-1968 2862 42 242 270116 0 0 0
326 -3029 205 17 267722 0 0 0
784 795 228 10 751625 0 0 0
-2279 -2999 191 223 613385 0 0 0
-455 -2037 96 19 285646 0 0 0
233 -77 137 12 657594 0 0 0
2362 -1803 79 250 640680 0 0 0
-885 -1184 120 38 767575 0 0 0
-1803 -557 113 77 522203 0 0 0
2958 2349 249 15 533067 0 0 0
-272 916 172 52 757678 0 0 0
-1528 2042 34 165 915467 0 0 0
-559 -1108 70 114 226938 0 0 0
1862 -979 257 256 514558 0 0 0
-933 1819 42 53 284699 0 0 0
-588 -1800 39 47 239245 0 0 0
-2089 2754 226 79 380231 0 0 0
-371 -2137 9 137 736439 0 0 0
1835 -877 161 198 694401 0 0 0
155 2856 237 119 732712 0 0 0
-2954 -3019 33 239 191480 0 0 0
1909 -778 92 18 445225 0 0 0
-351 972 158 250 593596 0 0 0
-2458 -5 8 57 510864 0 0 0
524 -3100 113 96 431201 0 0 0
-2826 -464 73 48 743968 0 0 0
1113 1248 1 234 708417 0 0 0
-2363 2510 57 6 700489 0 0 0
2522 833 259 58 787718 0 0 0
1417 166 112 31 173029 0 0 0
-1726 -99 248 202 553816 0 0 0
-1952 -1854 235 217 784509 0 0 0
1652 -326 181 97 840311 0 0 0
125 1268 56 123 237327 0 0 0
1430 1435 161 226 615108 0 0 0
1127 -2132 174 198 565983 0 0 0
-179 656 238 81 426031 0 0 0
-199 928 54 208 547363 0 0 0
-949 1497 27 197 422085 0 0 0
720 41 204 82 100356 0 0 0
1521 -248 7 156 557909 0 0 0
-2858 -63 34 138 923580 0 0 0
-1509 2149 108 89 888838 0 0 0
566 2543 166 251 895939 0 0 0
-1404 1760 127 183 245202 0 0 0
82 1704 259 243 816935 0 0 0
1369 -1884 268 40 385297 0 0 0
-2895 66 19 166 892313 0 0 0
-2378 -2959 121 159 459269 0 0 0
-2752 -1380 135 155 585262 0 0 0
-22 -2779 87 64 323789 0 0 0
1567 1412 188 128 592013 0 0 0
1128 -2730 251 206 278897 0 0 0
2463 -1347 269 109 764044 0 0 0
2256 -453 210 75 634712 0 0 0
2556 765 9 217 290910 0 0 0
1066 -1430 158 122 406035 0 0 0
-230 -1467 61 55 317840 0 0 0
498 -1201 151 86 522478 0 0 0
705 -1386 244 72 209885 0 0 0
161 -389 5 165 397373 0 0 0
-2300 614 61 46 699077 0 0 0
1343 -2698 56 118 945873 0 0 0
1856 2611 92 48 117430 0 0 0
-1319 -2840 57 22 735846 0 0 0
-1245 -3067 2 81 485113 0 0 0
-827 -1423 213 54 344590 0 0 0
-2279 711 133 204 966841 0 0 0
2124 464 196 37 124852 0 0 0
-1563 400 41 161 443952 0 0 0
-736 -2941 27 73 831783 0 0 0
-2206 655 188 78 902014 0 0 0
-2051 -71 212 98 111190 0 0 0
-242 2063 243 210 975866 0 0 0
-386 2186 43 43 687924 0 0 0
-768 -2446 12 144 848229 0 0 0
1988 -2382 88 183 525314 0 0 0
2180 -1150 197 145 214546 0 0 0
-2244 341 213 17 727080 0 0 0
-2092 -1808 60 20 472880 0 0 0
-1049 393 116 259 702732 0 0 0
-1797 -1459 65 138 722264 0 0 0
-2537 -2228 153 214 329580 0 0 0
-724 2 165 101 592547 0 0 0
-686 -2052 158 65 628179 0 0 0
-1296 -200 121 28 599685 0 0 0
1311 -3036 162 79 682822 0 0 0
-1176 -345 98 130 287303 0 0 0
-524 2300 89 147 264955 0 0 0
-321 -376 12 98 147043 0 0 0
2205 -1923 65 253 528488 0 0 0
1823 2592 271 111 285222 0 0 0
-84 -570 93 49 554090 0 0 0
489 -2773 117 89 579194 0 0 0
-1842 -65 135 5 114272 0 0 0
1907 -3076 241 254 360606 0 0 0
-176 2051 154 228 971032 0 0 0
-952 -1016 123 68 445067 0 0 0
613 -108 47 238 733308 0 0 0
-671 967 230 165 481282 0 0 0
54 391 67 193 181540 0 0 0
-1143 2577 135 107 751093 0 0 0
2682 -2272 166 156 561925 0 0 0
-509 -225 20 98 270432 0 0 0
-2348 791 246 55 629123 0 0 0
-1781 -2535 142 87 812779 0 0 0
-2428 -2053 229 205 434869 0 0 0
-965 2634 139 251 136703 0 0 0
-1579 211 258 229 778360 0 0 0
-3060 -2880 59 243 455530 0 0 0
692 810 69 62 835719 0 0 0
-1129 -2016 59 7 330514 0 0 0
1554 1139 170 212 296666 0 0 0
-312 2969 16 233 512083 0 0 0
555 -1751 203 198 199527 0 0 0
-2664 2332 89 246 792143 0 0 0
-2160 1857 202 13 246581 0 0 0
-2257 -2371 230 23 904002 0 0 0
-1569 3074 209 57 762786 0 0 0
1436 3053 262 241 908470 0 0 0
1638 1718 60 203 732467 0 0 0
2440 -2278 220 58 819242 0 0 0
2192 -1160 22 174 238472 0 0 0
2563 453 10 215 387846 0 0 0
-2281 76 184 87 729553 0 0 0
953 137 99 81 421176 0 0 0
291 -2713 237 43 595917 0 0 0
1453 -1084 244 105 779014 0 0 0
852 -397 125 240 535774 0 0 0
1235 -78 223 29 218753 0 0 0
-2423 -1475 240 247 121689 0 0 0
2387 2561 168 166 688656 0 0 0
1075 -2662 98 219 135335 0 0 0
-1447 2450 224 255 980638 0 0 0
2249 1296 174 66 319377 0 0 0
2789 1142 125 226 416586 0 0 0
-2626 -340 30 255 573943 0 0 0
1311 -1434 200 130 503360 0 0 0
2426 1285 127 166 568255 0 0 0
2680 109 186 78 932408 0 0 0
-1762 1609 136 92 342437 0 0 0
2636 870 84 181 736301 0 0 0
1528 -2794 65 18 747615 0 0 0
-1418 1869 13 260 100666 0 0 0
-2549 -1950 182 71 851150 0 0 0
1584 2592 178 122 487000 0 0 0
922 -2241 243 184 993884 0 0 0
2933 36 1 220 267164 0 0 0
3043 -530 135 238 102154 0 0 0
2247 1365 95 187 978467 0 0 0
1959 -320 211 149 984253 0 0 0
-1087 853 132 107 916238 0 0 0
3097 1667 102 26 551519 0 0 0
1554 2019 99 96 340490 0 0 0
980 566 72 92 313822 0 0 0
-905 -1472 86 112 177875 0 0 0
-1638 3049 53 2 750732 0 0 0
2108 -1247 6 17 981504 0 0 0
2326 2326 12 57 620769 0 0 0
-2365 -2018 206 202 681466 0 0 0
-2187 -613 223 172 662632 0 0 0
2813 -2596 112 110 674193 0 0 0
-813 -2299 52 48 712842 0 0 0
2322 2216 236 7 603512 0 0 0
2979 2055 121 17 306515 0 0 0
-98 -424 252 24 338395 0 0 0
-1619 2009 49 126 572392 0 0 0
1408 997 2 99 654060 0 0 0
-2520 446 67 124 685296 0 0 0
181 -1796 220 4 269256 0 0 0
-863 984 28 139 677750 0 0 0
2397 -543 167 27 318455 0 0 0
-1377 -885 199 143 700784 0 0 0
-234 -1702 64 147 296732 0 0 0
-2607 -1797 7 21 790408 0 0 0
-647 2278 51 3 715971 0 0 0
1229 2119 118 222 286087 0 0 0
-681 -813 54 142 712225 0 0 0
2427 1017 163 39 167926 0 0 0
1393 -2500 252 257 697490 0 0 0
1635 -2160 258 67 856307 0 0 0
-502 -518 220 214 145688 0 0 0
2883 1918 123 103 745687 0 0 0
177 1528 106 234 435705 0 0 0
274 2760 163 196 793387 0 0 0
-921 1207 98 225 257336 0 0 0
-450 3100 1 137 683810 0 0 0
-2410 1413 144 15 994329 0 0 0
-224 300 159 88 572728 0 0 0
-620 615 121 23 742054 0 0 0
-1683 -99 77 131 526739 0 0 0
-970 2215 172 106 112994 0 0 0
2279 -1084 143 173 260796 0 0 0
1972 1457 129 71 853359 0 0 0
465 2796 247 20 776759 0 0 0
1700 -273 53 89 559428 0 0 0
1158 -1802 256 220 501419 0 0 0
907 1199 231 139 264884 0 0 0
-2816 -2037 224 43 885067 0 0 0
-15 -2451 27 142 895864 0 0 0
-1698 -1778 84 38 646497 0 0 0
-2798 -1060 171 137 273652 0 0 0
2391 -2508 4 94 274591 0 0 0
1952 2315 190 68 600650 0 0 0
2219 1682 243 216 284206 0 0 0
-2745 362 230 191 890530 0 0 0
-1155 1445 109 236 231901 0 0 0
-1686 -1982 103 64 854470 0 0 0
338 1059 91 216 463235 0 0 0
670 -1435 84 196 979723 0 0 0
-1737 -1226 156 155 770748 0 0 0
1617 298 26 191 575289 0 0 0
-1411 -823 99 185 279454 0 0 0
797 1748 49 250 152387 0 0 0
-1728 1299 178 224 846144 0 0 0
-2810 -216 18 259 568863 0 0 0
-3088 3005 86 237 374347 0 0 0
2316 1632 169 236 829448 0 0 0
870 -2325 208 114 807430 0 0 0
-1837 -970 97 88 307255 0 0 0
312 -2871 254 33 258435 0 0 0
301 653 60 129 785153 0 0 0
902 2207 116 48 372700 0 0 0
939 -2414 75 29 898913 0 0 0
-2251 95 191 32 126434 0 0 0
-2153 -952 231 3 568977 0 0 0
988 2894 191 61 310409 0 0 0
-2878 -1106 189 199 864202 0 0 0
-580 -813 38 139 431063 0 0 0
2953 1095 48 45 202145 0 0 0
-1259 -601 81 108 191589 0 0 0
-2119 2956 197 187 525258 0 0 0
-28 -478 99 161 530140 0 0 0
-74 2023 259 154 568265 0 0 0
-375 2510 152 16 930076 0 0 0
2963 1933 55 247 446170 0 0 0
1476 1188 103 256 817574 0 0 0
-132 1884 136 99 859476 0 0 0
-1517 2347 26 125 574470 0 0 0
909 -2073 134 195 480805 0 0 0
598 1808 177 257 766695 0 0 0
2215 -2039 84 221 945339 0 0 0
-745 2844 205 208 708624 0 0 0
-1073 611 79 115 973686 0 0 0
-56 810 211 256 345639 0 0 0
2110 -1560 207 247 169831 0 0 0
-2350 -1908 105 246 265585 0 0 0
2368 -1743 159 101 832776 0 0 0
1015 2165 195 4 401266 0 0 0
1125 1818 236 196 392040 0 0 0
2600 -2383 221 34 396021 0 0 0
415 -1043 177 186 392455 0 0 0
367 1175 25 188 449189 0 0 0
-1154 -209 80 193 223216 0 0 0
523 -756 115 161 387086 0 0 0
-2843 -1150 126 131 308462 0 0 0
590 2304 192 259 773963 0 0 0
-2922 364 268 150 649330 0 0 0
-867 1542 248 86 298719 0 0 0
-745 809 80 240 975861 0 0 0
1440 -618 45 13 827162 0 0 0
-1981 -126 130 259 485731 0 0 0
-1835 -1365 92 54 393893 0 0 0
630 -419 86 200 618175 0 0 0
-1427 -1818 9 184 408972 0 0 0
-2325 -1231 256 130 592644 0 0 0
1847 -278 33 122 229194 0 0 0
-2627 2637 14 23 196986 0 0 0
-791 -1118 200 203 689432 0 0 0
-2349 550 242 204 857710 0 0 0
-271 -1550 95 192 992948 0 0 0
581 3075 216 121 411474 0 0 0
-1398 57 121 189 187206 0 0 0
-2622 2715 143 77 261993 0 0 0
2117 1674 46 221 647764 0 0 0
-1397 1990 244 148 658599 0 0 0
2362 2407 272 247 975469 0 0 0
642 1448 272 74 670476 0 0 0
-819 -2759 127 62 431313 0 0 0
2016 315 236 244 714293 0 0 0
-3095 2514 107 99 997031 0 0 0
285 -1133 267 252 491639 0 0 0
-2942 -3053 13 206 936012 0 0 0
26 -21 241 131 223095 0 0 0
330 780 76 190 333233 0 0 0
2011 2556 138 215 219910 0 0 0
1427 2211 198 76 564023 0 0 0
-1732 -670 115 96 312707 0 0 0
2334 -449 24 173 776232 0 0 0
1108 -382 136 40 516701 0 0 0
615 -1288 129 221 590594 0 0 0
549 -66 1 248 529915 0 0 0
-972 -1190 26 181 351073 0 0 0
826 1078 255 209 677487 0 0 0
