3200
-543 55 115 188 270566 0 0 0
2424 1967 27 101 883084 0 0 0
1468 -689 253 177 416382 0 0 0
3175 2720 213 36 721200 0 0 0
-602 1722 54 253 618382 0 0 0
-2711 -97 171 224 855605 0 0 0
336 -1921 173 3 775593 0 0 0
2988 -2561 5 250 535103 0 0 0
-1575 -2418 222 17 572112 0 0 0
2345 -3044 17 60 857562 0 0 0
-933 -728 176 142 882121 0 0 0
1080 2435 226 145 304647 0 0 0
-452 -78 88 79 623004 0 0 0
-2322 631 242 250 145982 0 0 0
-909 3184 20 47 917621 0 0 0
671 2460 36 124 282475 0 0 0
-3125 865 130 165 256206 0 0 0
-291 3017 32 223 525215 0 0 0
1210 -1960 96 26 919512 0 0 0
717 360 226 100 996134 0 0 0
-1564 3056 55 23 279036 0 0 0
-2100 -635 29 12 670624 0 0 0
-111 -1367 188 91 495678 0 0 0
-192 -842 250 127 937477 0 0 0
-1134 1414 44 41 860340 0 0 0
-651 2428 11 211 692315 0 0 0
-1190 668 17 199 564226 0 0 0
2527 -689 4 81 464854 0 0 0
1987 465 268 153 442154 0 0 0
-2873 -2434 181 55 857066 0 0 0
1552 1799 161 222 869772 0 0 0
1808 -344 106 195 651422 0 0 0
1402 -3068 188 33 909357 0 0 0
724 -737 35 68 116536 0 0 0
2321 -153 32 260 886485 0 0 0
2962 2768 2 11 579378 0 0 0
11 -1361 54 4 612792 0 0 0
-562 334 56 147 251004 0 0 0
1758 2473 198 181 896269 0 0 0
-1640 -1341 18 93 114261 0 0 0
397 -2083 35 263 306864 0 0 0
2175 758 256 65 442032 0 0 0
-789 822 87 81 972777 0 0 0
-939 1286 35 92 257505 0 0 0
-1134 481 87 76 891367 0 0 0
-148 -1776 113 249 688890 0 0 0
-505 159 50 147 447181 0 0 0
-2383 2176 134 21 881812 0 0 0
3023 1684 204 117 760566 0 0 0
2077 -2603 7 250 425286 0 0 0
-2974 -242 131 147 200743 0 0 0
2982 847 15 210 200339 0 0 0
-1518 2606 237 66 935208 0 0 0
-754 -2302 147 54 171620 0 0 0
-849 2686 173 244 765509 0 0 0
-592 2847 191 41 725877 0 0 0
2583 252 188 41 890483 0 0 0
-644 -1460 82 18 295472 0 0 0
-1093 -845 96 250 739800 0 0 0
3087 568 50 7 922436 0 0 0
-153 -1042 59 141 993444 0 0 0
-2645 1241 155 253 351978 0 0 0
561 2947 92 185 597708 0 0 0
-1919 -2792 259 203 156585 0 0 0
-643 547 234 22 382602 0 0 0
402 2191 193 257 218411 0 0 0
-1235 -2091 214 104 615778 0 0 0
2154 -67 36 120 861845 0 0 0
320 1138 243 92 813917 0 0 0
-2645 -240 152 184 492831 0 0 0
-281 -2825 66 210 176187 0 0 0
-1269 266 242 64 363252 0 0 0
2223 -2651 267 264 735779 0 0 0
-614 154 192 44 928018 0 0 0
-339 482 193 127 329261 0 0 0
1110 1473 163 218 250784 0 0 0
2629 -1997 79 43 939160 0 0 0
1047 -1835 1 209 277211 0 0 0
2624 -2389 133 265 380193 0 0 0
108 -714 75 130 288173 0 0 0
-2616 -1486 165 244 613218 0 0 0
-2106 -2223 86 94 178796 0 0 0
801 -1466 192 175 893267 0 0 0
-1039 2861 183 228 476618 0 0 0
-2854 -2235 112 166 340730 0 0 0
1753 338 99 243 212014 0 0 0
407 -1687 280 42 341701 0 0 0
-1009 1108 32 3 836061 0 0 0
-1279 -1643 275 58 269988 0 0 0
1690 34 64 209 460246 0 0 0
-1392 2867 265 206 254431 0 0 0
777 -443 175 107 624320 0 0 0
537 1295 125 39 691406 0 0 0
2895 695 43 23 931565 0 0 0
-1219 -1675 90 264 341849 0 0 0
262 -1939 22 190 655539 0 0 0
-1604 -1571 64 200 805051 0 0 0
-2898 1836 231 180 188717 0 0 0
-1172 343 133 192 403626 0 0 0
-570 -1654 161 133 853101 0 0 0
-604 -894 126 90 455423 0 0 0
2258 -1472 240 183 155152 0 0 0
2403 -1335 113 31 908563 0 0 0
205 -1072 186 252 821931 0 0 0
404 -26 137 44 542233 0 0 0
-1569 -2467 48 15 119967 0 0 0
2738 -2498 130 108 327444 0 0 0
-1094 -2213 132 265 356255 0 0 0
957 -1639 37 228 427288 0 0 0
39 -3117 207 1 599191 0 0 0
2629 -2966 1 6 668444 0 0 0
1854 2204 29 242 705233 0 0 0
2168 489 210 59 721227 0 0 0
657 598 212 251 745726 0 0 0
-367 2986 82 108 861607 0 0 0
-2200 2377 240 101 911084 0 0 0
3085 1145 266 125 430266 0 0 0
-2950 -1878 35 250 232296 0 0 0
-2103 359 14 21 931446 0 0 0
3160 -976 127 132 235706 0 0 0
-1733 -2699 189 137 430925 0 0 0
-2409 -978 72 13 894245 0 0 0
-1367 1279 98 47 131958 0 0 0
-2846 370 261 146 592751 0 0 0
-2198 -1014 127 129 473872 0 0 0
2364 -472 178 127 590127 0 0 0
-3073 -609 62 100 294970 0 0 0
1577 -2099 37 200 800519 0 0 0
3103 -2097 142 212 963683 0 0 0
2771 387 114 8 809915 0 0 0
1431 521 49 107 935746 0 0 0
1988 1953 221 217 636172 0 0 0
-2281 2577 66 19 640639 0 0 0
1496 -2550 169 77 472750 0 0 0
-1973 225 84 90 428718 0 0 0
3094 -862 164 223 957988 0 0 0
1591 1354 102 251 624578 0 0 0
361 2284 53 64 809937 0 0 0
3187 2987 184 77 701628 0 0 0
590 -3135 163 189 891257 0 0 0
-527 -1723 229 243 482920 0 0 0
-1791 2301 143 109 216772 0 0 0
1991 -70 10 51 939160 0 0 0
1563 2689 73 112 230907 0 0 0
426 334 162 218 698664 0 0 0
2131 -2964 187 52 605458 0 0 0
42 -2900 245 261 773650 0 0 0
1397 2152 134 160 113977 0 0 0
2255 2006 5 134 269752 0 0 0
2404 -715 245 116 430924 0 0 0
513 1842 175 59 883347 0 0 0
-3133 595 275 241 625303 0 0 0
3080 -781 151 75 359934 0 0 0
1447 1620 96 93 764768 0 0 0
3074 643 11 43 556408 0 0 0
-825 -98 253 241 282314 0 0 0
-2841 2862 244 226 140789 0 0 0
2551 -2990 254 175 577647 0 0 0
-2429 -2017 255 210 490327 0 0 0
-2518 -2536 211 220 956073 0 0 0
1325 2553 15 7 442826 0 0 0
423 -1628 196 92 978917 0 0 0
1767 -1419 276 63 808123 0 0 0
-2295 1380 27 214 872247 0 0 0
2658 1077 140 43 239378 0 0 0
-1118 749 14 178 431751 0 0 0
-962 -511 188 78 258206 0 0 0
618 916 244 243 588361 0 0 0
1660 -2134 121 188 217342 0 0 0
2178 -938 75 256 289120 0 0 0
2515 -560 10 181 960199 0 0 0
-622 -1273 54 85 953734 0 0 0
2384 -2734 163 209 171875 0 0 0
3008 -931 186 246 151860 0 0 0
-1230 496 257 248 584989 0 0 0
1228 -579 244 42 907825 0 0 0
3072 -2954 6 66 724399 0 0 0
-2489 1801 218 112 215882 0 0 0
-1967 -1315 51 230 497877 0 0 0
3166 1820 250 122 545639 0 0 0
-2481 901 123 73 672590 0 0 0
-839 2928 226 179 974573 0 0 0
-2308 1619 48 253 298585 0 0 0
-197 -1987 223 41 307654 0 0 0
-2508 -1266 6 13 393213 0 0 0
2228 -892 144 6 448095 0 0 0
-560 -2035 134 21 804799 0 0 0
-2454 -1762 105 173 622515 0 0 0
-2402 -2955 233 248 592144 0 0 0
-2082 297 215 169 733949 0 0 0
3051 671 94 240 604757 0 0 0
-2426 -1354 96 49 437504 0 0 0
3154 2909 110 265 598678 0 0 0
158 -2488 134 5 397520 0 0 0
-3028 2991 216 26 537226 0 0 0
-515 -1594 139 141 875724 0 0 0
-1825 -2771 2 16 792576 0 0 0
-1103 2217 134 250 649197 0 0 0
-1550 -938 113 110 182174 0 0 0
-1891 396 67 37 950954 0 0 0
-2872 -1701 71 18 454345 0 0 0
-2200 -977 226 229 298157 0 0 0
789 -152 250 88 359458 0 0 0
-912 -2744 4 143 755489 0 0 0
-2619 -1706 100 251 224921 0 0 0
-2320 1438 151 234 494883 0 0 0
19 -3 243 33 107999 0 0 0
-863 -3064 44 61 207702 0 0 0
119 463 106 14 857336 0 0 0
-499 -1837 251 195 255314 0 0 0
1761 974 117 33 450021 0 0 0
-186 2711 237 181 321303 0 0 0
77 -1903 147 223 440834 0 0 0
1167 -1280 51 194 415424 0 0 0
-1607 -998 224 92 717433 0 0 0
-2312 -1934 42 165 523435 0 0 0
1453 282 147 174 328889 0 0 0
-1726 746 224 216 636963 0 0 0
1097 -1748 138 170 993386 0 0 0
-311 2985 60 156 259852 0 0 0
2761 -1711 98 81 945333 0 0 0
-98 -475 119 68 968217 0 0 0
-2188 20 108 80 329105 0 0 0
-2944 -1483 111 239 663800 0 0 0
-119 1445 67 19 913812 0 0 0
-1484 475 31 212 348822 0 0 0
-1657 -2333 79 156 520244 0 0 0
-611 2244 181 174 128137 0 0 0
-498 -918 191 185 457530 0 0 0
184 -3136 264 153 660288 0 0 0
897 1201 181 10 983623 0 0 0
174 2173 258 219 661993 0 0 0
-2683 -695 39 226 182586 0 0 0
2558 -5 149 28 832568 0 0 0
-2188 2600 88 226 748107 0 0 0
-1348 -954 71 49 790940 0 0 0
534 -567 232 254 639524 0 0 0
-493 -3014 15 28 130456 0 0 0
788 -1780 80 117 204764 0 0 0
1107 -1254 82 85 708796 0 0 0
2630 1536 69 13 255686 0 0 0
-573 692 245 238 257709 0 0 0
-1640 -2389 81 253 612761 0 0 0
993 -1751 204 29 394549 0 0 0
-565 -2841 233 226 601852 0 0 0
-2814 -3193 55 215 754167 0 0 0
-1140 -1635 34 230 111907 0 0 0
880 -1912 177 264 690074 0 0 0
713 1296 20 35 868811 0 0 0
1659 -1430 181 121 344963 0 0 0
2018 2354 131 17 919887 0 0 0
-436 97 240 80 317676 0 0 0
-1498 -220 151 18 329310 0 0 0
322 1199 197 228 824918 0 0 0
-158 -939 97 99 748691 0 0 0
-1466 2006 126 162 513989 0 0 0
-1713 1696 239 170 935760 0 0 0
393 729 55 208 606215 0 0 0
-2843 -2373 101 48 863007 0 0 0
599 -36 88 212 212130 0 0 0
-1068 -2672 239 217 982650 0 0 0
647 83 185 92 152125 0 0 0
508 1248 72 107 607123 0 0 0
1550 -2494 73 68 158615 0 0 0
916 243 193 232 194365 0 0 0
997 330 22 238 447460 0 0 0
-1194 -2558 274 68 907506 0 0 0
984 560 228 116 731071 0 0 0
1266 -308 250 111 928952 0 0 0
1722 2868 38 44 556717 0 0 0
250 -3024 209 226 733630 0 0 0
-3082 1848 102 141 872537 0 0 0
-615 -2274 260 42 905584 0 0 0
-3094 -2734 36 58 541190 0 0 0
1392 1472 35 145 349787 0 0 0
2019 1253 117 233 122243 0 0 0
877 -723 171 31 934776 0 0 0
370 2702 246 85 498177 0 0 0
-3041 1975 90 64 226561 0 0 0
2659 -921 48 190 354360 0 0 0
-2491 -2977 258 256 264634 0 0 0
2439 -1849 237 215 722373 0 0 0
2443 -700 81 211 257776 0 0 0
9 -1575 171 79 251452 0 0 0
2645 -2928 75 210 116371 0 0 0
-2348 -1282 43 224 737173 0 0 0
2663 -2829 28 221 984214 0 0 0
333 -1786 168 198 707248 0 0 0
2706 -2119 139 161 373406 0 0 0
2681 614 168 95 162396 0 0 0
713 2590 125 30 528382 0 0 0
1582 -369 90 80 581318 0 0 0
579 1306 152 115 543353 0 0 0
-189 -2823 268 202 146704 0 0 0
2925 -1044 89 179 613047 0 0 0
1603 43 157 193 482940 0 0 0
2074 -944 18 62 324252 0 0 0
-2303 -2152 81 261 420967 0 0 0
-194 -2266 251 198 679212 0 0 0
1279 -1438 174 67 163626 0 0 0
2293 -1660 178 144 262831 0 0 0
2166 -3056 44 262 151266 0 0 0
-3184 -512 140 148 752935 0 0 0
-1450 3173 74 49 520151 0 0 0
-2533 2188 186 180 152748 0 0 0
-3101 2085 257 163 807760 0 0 0
-37 -143 186 99 878404 0 0 0
-640 -1327 259 18 191162 0 0 0
-440 2576 195 114 887072 0 0 0
-1938 618 120 210 560433 0 0 0
168 1424 53 218 937568 0 0 0
1286 -341 248 155 999735 0 0 0
2286 -2406 46 178 359861 0 0 0
-2594 -1884 169 234 643621 0 0 0
1524 -2709 167 115 448475 0 0 0
2880 -2989 168 133 526458 0 0 0
-26 3051 144 114 832138 0 0 0
1209 -1274 76 208 704131 0 0 0
222 -1767 231 106 275142 0 0 0
-718 -208 266 65 979585 0 0 0
2698 -642 140 237 640286 0 0 0
1257 -731 115 174 414579 0 0 0
295 -973 170 162 721860 0 0 0
1711 -1384 162 119 318683 0 0 0
-511 1925 235 24 706917 0 0 0
-1093 -2148 215 33 444394 0 0 0
-3145 263 119 199 802242 0 0 0
-2422 -1452 190 256 283292 0 0 0
1948 -592 122 28 694885 0 0 0
1101 2010 251 3 363233 0 0 0
675 -2116 273 54 492331 0 0 0
1365 2258 12 231 761927 0 0 0
2054 2232 10 56 504693 0 0 0
-1357 250 117 68 317543 0 0 0
413 397 172 167 644050 0 0 0
1256 -275 46 153 174077 0 0 0
911 2770 119 147 339570 0 0 0
2224 -428 141 163 643658 0 0 0
1290 -686 229 215 901910 0 0 0
-243 -1028 24 245 953878 0 0 0
-2703 1126 185 110 707340 0 0 0
52 -2067 105 142 787031 0 0 0
-1345 -5 23 96 187495 0 0 0
2061 1403 199 198 209855 0 0 0
1420 -1645 151 173 493085 0 0 0
2236 -2446 186 260 324006 0 0 0
-3001 -7 271 50 683563 0 0 0
-2557 -2163 100 188 817345 0 0 0
-87 -1563 110 66 838403 0 0 0
2552 -1989 76 45 872603 0 0 0
-971 -2618 278 66 707057 0 0 0
-456 -792 53 56 853529 0 0 0
2480 -1968 216 258 681255 0 0 0
1292 2384 128 70 144057 0 0 0
-2929 1206 194 113 848623 0 0 0
144 -1875 45 173 854929 0 0 0
-325 -1249 223 136 263410 0 0 0
-1015 -789 70 81 403967 0 0 0
1049 -121 83 227 135530 0 0 0
-131 -3173 11 23 534994 0 0 0
-2700 922 116 142 703128 0 0 0
2302 -1406 251 236 595990 0 0 0
268 2910 12 87 424057 0 0 0
-897 70 255 225 246202 0 0 0
1024 -2972 133 37 196978 0 0 0
1417 -2940 25 32 565612 0 0 0
2487 -507 91 129 473775 0 0 0
2359 -2968 197 252 611353 0 0 0
-127 1494 50 148 764222 0 0 0
3008 -2260 267 81 968484 0 0 0
-2664 258 258 55 896848 0 0 0
-2311 2926 198 217 172315 0 0 0
-2148 -2430 166 192 278369 0 0 0
-1177 1972 92 126 280674 0 0 0
1231 -817 200 179 650493 0 0 0
519 1630 189 46 204709 0 0 0
2506 798 230 37 243209 0 0 0
-283 -3113 30 178 538554 0 0 0
1152 -1167 145 55 284678 0 0 0
455 1004 148 192 587132 0 0 0
-539 -998 172 175 624612 0 0 0
1141 145 89 258 691719 0 0 0
-1051 1932 275 234 406916 0 0 0
-2086 790 28 72 559371 0 0 0
998 -1251 26 215 700087 0 0 0
-1554 -405 143 249 115274 0 0 0
1026 349 67 17 792960 0 0 0
-389 -2483 152 227 460889 0 0 0
1986 374 55 230 521324 0 0 0
2537 -464 94 262 245579 0 0 0
2487 -521 40 207 878827 0 0 0
-1775 2182 13 177 312964 0 0 0
427 -738 3 246 910772 0 0 0
2225 -2938 113 41 700233 0 0 0
3078 -2304 106 251 521572 0 0 0
-1550 3093 21 231 335235 0 0 0
1970 -2034 262 215 430126 0 0 0
-493 2685 213 94 739365 0 0 0
-984 -1658 269 58 500087 0 0 0
1569 -1058 167 80 333020 0 0 0
2384 1940 83 38 931797 0 0 0
-2023 -2878 12 129 252444 0 0 0
-2257 235 108 247 686219 0 0 0
-2486 -573 38 259 270004 0 0 0
-2696 2904 130 94 161491 0 0 0
1258 -19 115 224 713858 0 0 0
-897 1826 59 208 619393 0 0 0
-1413 -2259 222 160 345522 0 0 0
783 -1884 28 198 126858 0 0 0
-397 2496 192 233 220099 0 0 0
2512 -563 266 253 344315 0 0 0
-1664 1239 107 204 603689 0 0 0
-1252 -2862 212 256 713716 0 0 0
-2278 2218 194 199 263191 0 0 0
-1552 -840 242 15 970787 0 0 0
1531 1135 191 192 290851 0 0 0
3101 3045 121 80 299046 0 0 0
-2013 -1177 94 17 851654 0 0 0
721 2470 39 189 565038 0 0 0
2623 3136 105 74 812230 0 0 0
3189 -880 181 167 866402 0 0 0
1270 330 176 19 921040 0 0 0
-1209 1719 263 76 816789 0 0 0
-3196 -300 87 229 106061 0 0 0
670 -1907 87 196 990985 0 0 0
-2120 -217 243 188 406432 0 0 0
2395 -2896 23 246 945870 0 0 0
3193 185 171 95 959281 0 0 0
1493 -2890 64 52 163456 0 0 0
1134 -1997 122 93 272799 0 0 0
942 1367 93 226 236130 0 0 0
2365 2666 122 250 854248 0 0 0
213 -2323 152 53 322429 0 0 0
1388 -1640 249 138 664048 0 0 0
2192 2850 35 217 835590 0 0 0
403 -2060 264 112 879685 0 0 0
-735 -2549 242 216 748532 0 0 0
2001 -2494 195 109 418440 0 0 0
38 3033 53 51 971080 0 0 0
-2787 -1109 72 13 327703 0 0 0
1817 -2465 267 130 399910 0 0 0
-1171 -1292 149 149 233756 0 0 0
-678 -1075 31 232 560300 0 0 0
2123 -2643 166 26 198435 0 0 0
2881 -92 205 12 740464 0 0 0
-195 1893 221 91 925184 0 0 0
2589 0 277 225 642364 0 0 0
2581 -630 275 148 450551 0 0 0
-2475 -3193 172 8 942958 0 0 0
1562 -2464 237 15 842428 0 0 0
-2728 -2399 176 18 151701 0 0 0
3029 825 181 111 744926 0 0 0
696 418 36 27 163462 0 0 0
1308 1370 51 219 975827 0 0 0
-2833 957 215 221 906567 0 0 0
-445 1946 75 141 353686 0 0 0
1283 -130 77 238 270293 0 0 0
384 -15 157 83 460884 0 0 0
1708 3164 18 1 417976 0 0 0
611 -21 18 113 972373 0 0 0
-1140 -2950 261 48 332975 0 0 0
1356 -303 138 78 313178 0 0 0
-209 -1796 28 166 884898 0 0 0
-1053 914 144 192 373657 0 0 0
-24 2527 177 216 603398 0 0 0
-817 -1540 204 63 664813 0 0 0
1333 3079 220 186 455384 0 0 0
1072 2257 199 259 517424 0 0 0
3121 1881 242 5 925591 0 0 0
2483 2799 44 17 212215 0 0 0
529 124 272 58 929109 0 0 0
-2292 1283 18 52 687980 0 0 0
-194 2120 166 80 269722 0 0 0
-2573 -2720 207 128 201772 0 0 0
828 -907 3 89 496064 0 0 0
1673 -1990 280 182 685209 0 0 0
-668 -3169 264 132 970743 0 0 0
826 -706 107 70 549065 0 0 0
2102 -1349 77 195 921371 0 0 0
-793 2611 63 93 634590 0 0 0
2514 2709 111 51 539639 0 0 0
2052 -1989 162 17 628230 0 0 0
-1216 2852 142 248 529081 0 0 0
-2940 2007 57 47 856502 0 0 0
2812 1077 145 88 970053 0 0 0
2540 2682 24 181 965742 0 0 0
-1791 423 58 174 596308 0 0 0
-1098 2377 200 180 749507 0 0 0
-2294 -1924 81 47 342909 0 0 0
3134 2463 181 187 137732 0 0 0
146 28 267 126 390022 0 0 0
831 -70 77 32 238745 0 0 0
-1175 75 71 112 366807 0 0 0
-1740 -1950 53 60 770168 0 0 0
-753 1950 59 3 891515 0 0 0
391 -1924 262 245 242985 0 0 0
1411 895 97 18 721749 0 0 0
-2778 -824 237 216 541055 0 0 0
-1472 406 155 106 615314 0 0 0
-356 1890 211 168 817232 0 0 0
1534 -959 242 69 373833 0 0 0
1399 -2140 220 123 115971 0 0 0
1601 533 193 80 582857 0 0 0
2912 1077 264 252 178346 0 0 0
-518 -63 156 253 936669 0 0 0
563 613 276 153 511574 0 0 0
879 2879 278 236 929314 0 0 0
1697 1633 227 136 974932 0 0 0
-1182 -695 81 12 156867 0 0 0
-1629 812 1 18 684396 0 0 0
2771 570 149 156 845777 0 0 0
-89 2927 203 204 182134 0 0 0
-2039 -305 73 32 592392 0 0 0
919 -1561 222 34 957030 0 0 0
-2149 2499 56 253 312531 0 0 0
1964 831 179 151 692705 0 0 0
2051 -2630 24 78 981014 0 0 0
-2822 -1993 19 246 281406 0 0 0
1473 -2260 243 80 781471 0 0 0
-2403 1963 32 153 698470 0 0 0
264 2852 5 215 926432 0 0 0
-25 -1937 85 67 266767 0 0 0
565 1041 34 250 348039 0 0 0
-393 2928 42 138 964544 0 0 0
927 -170 126 247 548193 0 0 0
-843 -32 156 256 838737 0 0 0
-317 -3096 190 131 373007 0 0 0
1310 -1393 188 120 112700 0 0 0
1756 1711 261 142 796435 0 0 0
357 2582 145 83 610565 0 0 0
3132 1650 261 241 613622 0 0 0
-2794 1225 25 243 832697 0 0 0
2163 -1600 66 65 970616 0 0 0
-2052 1198 53 133 648363 0 0 0
1717 -1516 196 165 878878 0 0 0
-1333 -2928 159 128 751986 0 0 0
1743 -949 16 195 662613 0 0 0
375 -2454 23 59 143599 0 0 0
-1248 1476 151 165 796426 0 0 0
-246 -1501 82 133 140688 0 0 0
1794 2539 233 115 564619 0 0 0
-2799 2264 132 32 675747 0 0 0
-1614 2666 139 188 535890 0 0 0
1163 -2330 143 237 790330 0 0 0
1475 2140 69 244 467027 0 0 0
-2760 2415 80 256 426543 0 0 0
-2294 961 133 142 943645 0 0 0
-2686 -3075 266 197 225233 0 0 0
-1818 -3082 31 221 267915 0 0 0
1309 -1546 101 226 171597 0 0 0
1319 1815 139 131 701274 0 0 0
-629 1647 53 60 463693 0 0 0
-207 -2223 3 2 990309 0 0 0
2703 -1798 126 32 931294 0 0 0
-154 -1262 266 55 850844 0 0 0
-660 -2098 162 266 137076 0 0 0
-2013 845 223 102 590041 0 0 0
1319 132 13 210 337868 0 0 0
-1939 973 82 8 581264 0 0 0
-215 -1785 153 55 939611 0 0 0
-444 927 9 42 698048 0 0 0
-60 1817 254 159 537194 0 0 0
-1962 -285 49 251 239440 0 0 0
-346 2630 142 90 120155 0 0 0
1931 2298 158 28 419298 0 0 0
-2776 -2773 8 118 293252 0 0 0
-1480 577 256 167 256248 0 0 0
1370 1303 44 67 749570 0 0 0
1191 572 131 113 784788 0 0 0
-1814 2996 253 21 359370 0 0 0
-2630 -1631 253 229 586667 0 0 0
3006 1138 21 163 726532 0 0 0
3034 1184 107 247 913310 0 0 0
793 -2322 89 264 954725 0 0 0
-2121 -2127 23 165 596757 0 0 0
-2897 3 160 216 951444 0 0 0
1209 -2143 215 40 388136 0 0 0
-2155 2034 124 56 531269 0 0 0
1266 -2640 28 139 419220 0 0 0
-2962 -3185 20 40 153792 0 0 0
300 -633 238 215 733937 0 0 0
-1743 -2964 6 99 889346 0 0 0
-520 -2236 171 178 343894 0 0 0
-550 1794 275 100 302360 0 0 0
1798 -1641 268 222 599102 0 0 0
2577 1264 93 163 392179 0 0 0
-2383 2368 231 113 920780 0 0 0
2495 2922 78 173 437394 0 0 0
-442 796 157 148 859892 0 0 0
-72 486 100 258 177209 0 0 0
1284 -1066 190 253 269202 0 0 0
43 3123 100 26 958221 0 0 0
791 2068 9 142 935633 0 0 0
3080 3177 62 57 993404 0 0 0
1980 -2502 166 153 817466 0 0 0
3114 -2902 123 115 867353 0 0 0
-1184 563 152 182 131856 0 0 0
389 1921 31 174 974930 0 0 0
-940 -12 10 203 702877 0 0 0
779 685 16 67 425369 0 0 0
101 -2544 136 92 179838 0 0 0
-2167 -2204 254 67 346569 0 0 0
-2594 3007 162 119 949114 0 0 0
-1544 653 52 193 716416 0 0 0
1598 -2138 129 76 667048 0 0 0
500 633 199 96 627538 0 0 0
-511 2493 40 131 236836 0 0 0
1914 -2282 89 235 884241 0 0 0
-2961 -2075 265 124 863075 0 0 0
1472 2347 162 223 915751 0 0 0
730 -1852 272 37 104048 0 0 0
-1219 2331 9 177 136804 0 0 0
800 -2514 53 189 525076 0 0 0
-2361 -3003 246 108 574978 0 0 0
-2581 -243 107 107 571019 0 0 0
2820 -105 267 90 384099 0 0 0
850 -836 143 71 553590 0 0 0
-1135 458 51 190 154743 0 0 0
-951 -449 85 215 772522 0 0 0
-2836 -1057 199 4 497413 0 0 0
-154 618 194 246 233467 0 0 0
251 -1065 10 205 634367 0 0 0
-1632 1608 127 265 395471 0 0 0
-2273 -1536 28 164 439466 0 0 0
-864 1512 87 221 553866 0 0 0
1628 247 137 232 820423 0 0 0
-1661 -1913 137 13 611756 0 0 0
2883 804 20 240 709816 0 0 0
2654 -871 161 143 376896 0 0 0
-244 -2929 96 51 861791 0 0 0
1417 1686 50 154 796094 0 0 0
-1675 -2411 70 80 366990 0 0 0
102 -1251 78 196 420666 0 0 0
-2874 1731 212 85 899181 0 0 0
-2488 -2761 246 168 989186 0 0 0
-2304 -2250 109 121 709741 0 0 0
-3067 3079 73 3 301712 0 0 0
-1662 1813 204 184 663671 0 0 0
3179 -2714 269 18 525139 0 0 0
-2366 2331 218 29 234878 0 0 0
2409 -2105 200 66 496706 0 0 0
-916 -2545 3 57 776034 0 0 0
1831 2398 254 244 620873 0 0 0
-1042 -1924 244 234 840330 0 0 0
1979 -2813 2 235 786486 0 0 0
-2636 648 127 121 758084 0 0 0
-445 424 191 173 573347 0 0 0
-1420 2935 206 260 539298 0 0 0
-833 335 200 11 391364 0 0 0
1599 -1151 54 156 224731 0 0 0
-1173 -2878 126 160 188774 0 0 0
-3166 2599 43 36 353708 0 0 0
994 -1058 154 37 191161 0 0 0
1530 1450 192 162 429083 0 0 0
-157 2201 104 186 285188 0 0 0
-230 -949 171 173 949033 0 0 0
-3064 444 20 16 296200 0 0 0
-747 564 62 193 206459 0 0 0
224 2091 20 52 722613 0 0 0
1137 1481 68 17 957661 0 0 0
-636 2440 173 263 339189 0 0 0
-2671 -1955 235 188 214600 0 0 0
1584 -1797 4 107 454059 0 0 0
-171 -3171 34 39 793980 0 0 0
2840 2683 65 38 110731 0 0 0
66 -1160 62 145 965242 0 0 0
-1684 564 63 166 867791 0 0 0
114 -1739 239 121 870389 0 0 0
2881 555 202 98 748106 0 0 0
-2529 1184 173 93 276164 0 0 0
-798 -2455 231 126 889766 0 0 0
-2802 2604 229 241 759256 0 0 0
-26 -1440 86 71 730636 0 0 0
1954 98 128 36 605242 0 0 0
1639 1553 50 7 145447 0 0 0
-2029 -456 256 253 174658 0 0 0
344 1408 196 57 494039 0 0 0
-2785 1309 36 151 558258 0 0 0
-2782 636 266 119 762103 0 0 0
-2075 2055 144 262 118651 0 0 0
-357 -2748 100 173 587181 0 0 0
-242 -2243 208 259 669295 0 0 0
-2867 -2400 130 136 529070 0 0 0
22 -1661 227 180 815304 0 0 0
-255 2229 3 39 119702 0 0 0
-1059 -1639 102 9 736589 0 0 0
-2768 -1359 184 120 472327 0 0 0
-1124 1315 98 9 489031 0 0 0
1294 1436 237 100 813456 0 0 0
-785 3189 215 56 486659 0 0 0
-1501 -2728 276 74 537952 0 0 0
-3178 -2693 153 250 309607 0 0 0
-372 -1189 127 29 751128 0 0 0
-1643 376 255 265 712524 0 0 0
-2902 -670 153 260 976507 0 0 0
641 2682 239 163 221841 0 0 0
-2110 -1903 29 209 175741 0 0 0
1208 1400 115 108 636600 0 0 0
-793 535 166 164 285624 0 0 0
-1718 1130 222 232 937820 0 0 0
525 2655 32 241 822600 0 0 0
1911 -930 3 251 471888 0 0 0
1304 781 224 120 202720 0 0 0
-2056 -244 120 60 905333 0 0 0
-1218 145 24 41 605064 0 0 0
-70 2946 240 229 833381 0 0 0
2541 -2517 260 233 300919 0 0 0
1537 -1688 206 175 243352 0 0 0
-120 -263 133 184 585237 0 0 0
1927 288 248 237 904156 0 0 0
-1636 2905 15 43 560592 0 0 0
-2500 -329 263 162 948452 0 0 0
762 4 270 63 163962 0 0 0
-2083 3170 83 245 970899 0 0 0
-2794 404 180 23 205001 0 0 0
-2189 -39 194 194 145928 0 0 0
-1708 2765 86 158 714083 0 0 0
-2457 1591 68 84 847652 0 0 0
902 -613 112 203 853648 0 0 0
87 -1454 209 261 221914 0 0 0
1460 -944 228 18 567191 0 0 0
-295 3098 255 236 358976 0 0 0
1405 -922 163 148 343116 0 0 0
3193 -1452 24 242 796760 0 0 0
1635 -1267 23 116 826594 0 0 0
2450 1433 184 258 231604 0 0 0
-2652 -723 151 246 744953 0 0 0
451 2148 180 80 779921 0 0 0
2778 2830 18 208 782776 0 0 0
-1920 -741 131 124 727176 0 0 0
744 -1078 192 62 644065 0 0 0
-602 834 93 36 453049 0 0 0
96 1680 138 119 765110 0 0 0
-2130 429 255 179 267377 0 0 0
3080 1008 131 154 349267 0 0 0
1606 -317 161 17 911369 0 0 0
-1222 -442 120 212 483421 0 0 0
-1965 1947 174 72 214285 0 0 0
1626 2553 224 47 612469 0 0 0
75 -341 174 252 689556 0 0 0
-3092 161 195 25 328518 0 0 0
1127 -304 87 32 526800 0 0 0
-1894 -2350 62 145 130390 0 0 0
-2310 1013 267 229 901234 0 0 0
-303 483 144 236 698650 0 0 0
-863 -1015 136 73 289124 0 0 0
678 -17 140 215 670353 0 0 0
263 -1880 218 219 619023 0 0 0
-1441 1622 166 84 835018 0 0 0
606 1607 146 90 764271 0 0 0
-2747 -2639 276 238 937424 0 0 0
-2134 -2043 124 80 378745 0 0 0
-2112 1085 273 186 111763 0 0 0
-2518 2823 274 86 877764 0 0 0
-1588 -1838 22 153 250834 0 0 0
-2945 -773 153 135 949006 0 0 0
-3006 496 251 110 256063 0 0 0
-220 640 91 185 653630 0 0 0
2622 -2144 271 72 175510 0 0 0
78 -1729 257 219 793626 0 0 0
-2294 2275 255 10 661654 0 0 0
-405 -1216 223 46 639489 0 0 0
1822 2298 139 184 628879 0 0 0
112 1416 273 42 632752 0 0 0
-1185 -3058 98 124 530499 0 0 0
-412 715 104 241 123493 0 0 0
-2962 2841 99 266 817009 0 0 0
2324 -268 149 17 786833 0 0 0
2792 -2461 151 32 560082 0 0 0
-991 1877 197 241 384306 0 0 0
-2314 -1767 278 227 920446 0 0 0
2744 1410 54 233 178572 0 0 0
-709 -2280 181 92 426819 0 0 0
1327 -175 222 248 942032 0 0 0
-2468 286 60 254 238755 0 0 0
-1368 -2307 215 3 647733 0 0 0
2970 3147 139 95 123540 0 0 0
146 1022 257 38 640450 0 0 0
-3154 -26 202 125 394567 0 0 0
1913 -2538 201 39 877303 0 0 0
-2890 731 103 262 558079 0 0 0
-2176 571 95 11 546090 0 0 0
-581 -2741 70 27 162149 0 0 0
2439 -2927 219 20 289315 0 0 0
1297 -805 157 161 604382 0 0 0
-2324 2800 55 30 299944 0 0 0
-1637 -1522 60 142 927459 0 0 0
-1140 1904 11 123 498321 0 0 0
-1922 -435 167 125 752294 0 0 0
1955 -448 27 222 938857 0 0 0
2495 2901 262 200 628749 0 0 0
2507 414 129 243 185958 0 0 0
1846 659 77 228 604176 0 0 0
-2542 2259 214 2 617273 0 0 0
257 -2360 35 145 897341 0 0 0
2161 2855 56 56 996887 0 0 0
-1529 -2392 98 136 461074 0 0 0
2096 -485 134 30 489631 0 0 0
1130 -1025 201 231 599920 0 0 0
-2026 2637 90 54 267637 0 0 0
262 2825 34 21 907381 0 0 0
-1491 2514 116 133 244604 0 0 0
116 1168 244 9 676741 0 0 0
2049 93 58 171 585380 0 0 0
-1110 674 280 199 372720 0 0 0
2627 -1900 245 64 320402 0 0 0
-1387 -683 101 120 873960 0 0 0
-248 2902 176 165 444274 0 0 0
3152 934 145 196 667963 0 0 0
2703 -224 24 83 165694 0 0 0
147 -1866 281 15 729150 0 0 0
1042 128 81 235 899482 0 0 0
2892 2351 33 120 934722 0 0 0
1620 -381 197 237 408151 0 0 0
-3167 -1177 103 214 284039 0 0 0
-802 -1712 275 258 812124 0 0 0
558 -81 213 14 974414 0 0 0
3153 2130 197 254 796484 0 0 0
2272 -1443 132 100 163442 0 0 0
-873 -2762 125 231 922406 0 0 0
1927 -2137 21 132 521701 0 0 0
2328 -1308 139 39 507211 0 0 0
2545 -1207 218 172 348809 0 0 0
2099 1587 210 27 416892 0 0 0
743 -791 53 167 770740 0 0 0
-1441 -1460 207 192 968012 0 0 0
2813 1542 130 239 129436 0 0 0
-1864 -3105 160 247 833244 0 0 0
1972 -1580 119 117 565829 0 0 0
175 2862 279 249 518620 0 0 0
-2124 2626 147 128 254353 0 0 0
2716 -2922 250 262 807272 0 0 0
-2798 1799 59 177 216998 0 0 0
-2874 2746 219 197 621111 0 0 0
-2197 3165 76 142 143752 0 0 0
364 1104 64 254 849706 0 0 0
2549 2066 225 192 514792 0 0 0
-2504 1270 159 115 114220 0 0 0
-2415 3188 31 49 191732 0 0 0
2085 -524 196 161 395599 0 0 0
-118 -2713 66 268 375881 0 0 0
2343 -2274 196 249 319808 0 0 0
-275 -2738 229 36 438132 0 0 0
2222 -1172 21 70 628122 0 0 0
-2316 -3075 63 7 959352 0 0 0
-764 2546 148 27 712715 0 0 0
-2329 -645 263 249 981261 0 0 0
-41 -2381 227 235 239916 0 0 0
-1042 -2816 189 51 280593 0 0 0
510 -1995 137 88 296836 0 0 0
1351 -3037 146 224 335789 0 0 0
-2381 2320 205 16 432056 0 0 0
640 -1915 86 210 778640 0 0 0
1204 3176 274 113 337604 0 0 0
-331 -943 268 264 770350 0 0 0
-2798 722 239 25 893382 0 0 0
2626 642 249 91 712994 0 0 0
1228 -561 43 40 694562 0 0 0
-1818 -1541 238 247 632954 0 0 0
2667 1316 269 130 420519 0 0 0
-2324 1477 113 65 582465 0 0 0
-2123 1776 191 133 766880 0 0 0
-2378 1619 226 5 708444 0 0 0
-1030 1627 94 210 968148 0 0 0
-825 2378 167 99 132102 0 0 0
2359 -1807 276 256 319310 0 0 0
-1164 947 68 8 180228 0 0 0
2999 2246 276 45 535205 0 0 0
1388 -1363 133 121 371772 0 0 0
1239 -1449 64 252 659410 0 0 0
1264 615 148 51 912094 0 0 0
1376 -2611 211 261 679150 0 0 0
-360 2671 148 150 802645 0 0 0
1286 -2001 170 224 823319 0 0 0
24 2576 140 260 521336 0 0 0
3179 2280 281 71 357372 0 0 0
2424 -1339 208 155 413564 0 0 0
-843 2567 78 145 912649 0 0 0
-1791 1410 275 52 676785 0 0 0
1862 -2380 144 155 671932 0 0 0
-2253 2705 90 32 852110 0 0 0
-703 -390 50 51 903326 0 0 0
627 575 207 174 774894 0 0 0
900 2936 184 201 356736 0 0 0
493 -1524 48 92 415055 0 0 0
557 -749 45 245 370562 0 0 0
2235 1816 101 164 141140 0 0 0
-879 -2635 123 49 225918 0 0 0
1746 -2053 205 224 927837 0 0 0
2204 -1507 106 127 529943 0 0 0
-1368 734 70 8 124965 0 0 0
-1211 2110 139 55 533728 0 0 0
-275 139 244 147 153510 0 0 0
-2297 1959 128 1 119450 0 0 0
-2165 -285 92 222 779434 0 0 0
2379 -1762 138 118 306599 0 0 0
-749 -2086 88 154 377626 0 0 0
-1770 -3004 276 118 232391 0 0 0
3128 1512 25 18 364274 0 0 0
-2769 199 29 136 766102 0 0 0
-1512 1553 156 144 679550 0 0 0
1493 -1228 161 82 869395 0 0 0
-751 -477 134 11 919494 0 0 0
-641 -1775 154 26 436769 0 0 0
1306 -2411 87 124 910952 0 0 0
2783 57 208 151 581797 0 0 0
255 3166 47 100 551028 0 0 0
-3181 1150 2 31 209157 0 0 0
2227 -1523 23 24 162927 0 0 0
840 -976 61 48 784558 0 0 0
-624 1678 145 159 947929 0 0 0
879 290 13 267 576705 0 0 0
-843 1010 27 215 310694 0 0 0
2681 449 37 210 434175 0 0 0
-2227 -173 124 185 716379 0 0 0
2697 -465 239 114 561623 0 0 0
-3048 -79 68 135 487174 0 0 0
-2207 365 32 86 656888 0 0 0
2311 2212 94 94 711140 0 0 0
1041 977 28 256 716082 0 0 0
1803 467 2 52 107098 0 0 0
422 -2115 5 143 792354 0 0 0
-1298 -1386 207 28 580224 0 0 0
3020 2853 250 50 961983 0 0 0
1540 -961 77 20 211035 0 0 0
-1006 1894 32 19 940877 0 0 0
113 -1100 52 45 986451 0 0 0
63 -2121 167 166 880148 0 0 0
1423 510 30 84 477342 0 0 0
-847 1054 87 167 810172 0 0 0
601 -2236 57 140 299805 0 0 0
-64 438 126 243 364846 0 0 0
-1863 2431 162 138 161412 0 0 0
2053 -2310 243 88 373068 0 0 0
-453 2907 22 81 268102 0 0 0
273 1510 248 159 405875 0 0 0
470 -462 6 169 650432 0 0 0
-1630 2615 162 175 250203 0 0 0
544 -853 24 162 800273 0 0 0
368 -3029 235 266 588990 0 0 0
-2268 2261 239 196 293193 0 0 0
-1017 -1071 172 63 156088 0 0 0
-495 -1761 250 30 464243 0 0 0
1250 268 259 113 786834 0 0 0
-325 -3135 264 209 847142 0 0 0
-2435 -1173 95 193 339475 0 0 0
1905 -527 278 162 860695 0 0 0
-1411 -2471 160 172 211194 0 0 0
-29 1066 7 245 177885 0 0 0
1818 1237 12 44 958006 0 0 0
3055 1745 205 124 928175 0 0 0
-675 2581 153 228 683154 0 0 0
-2750 2184 144 105 345951 0 0 0
-515 -2813 6 8 156248 0 0 0
-971 2554 207 55 606631 0 0 0
1796 1620 234 91 668388 0 0 0
-1518 748 210 91 244159 0 0 0
-122 2398 3 201 606046 0 0 0
2750 1211 107 218 808083 0 0 0
-213 -1793 259 267 267315 0 0 0
1881 -2270 121 12 960561 0 0 0
-1390 2085 83 7 554766 0 0 0
1212 -357 247 209 388816 0 0 0
1347 -1454 111 125 352885 0 0 0
1840 -965 32 96 825069 0 0 0
650 2659 280 214 632606 0 0 0
74 572 217 45 159865 0 0 0
654 -2144 14 41 830572 0 0 0
1779 -231 166 60 191231 0 0 0
-3041 313 18 123 865810 0 0 0
1768 1537 233 5 940400 0 0 0
36 -2884 28 31 936973 0 0 0
194 2925 108 197 891327 0 0 0
-946 690 36 189 571714 0 0 0
-2885 892 96 116 378133 0 0 0
242 -3156 196 113 344599 0 0 0
-422 1785 20 5 897006 0 0 0
-3038 -2317 9 69 464858 0 0 0
3071 2623 130 67 163800 0 0 0
734 3171 250 171 225403 0 0 0
2395 -2122 178 253 798097 0 0 0
534 -1257 224 115 183674 0 0 0
93 -1580 175 171 303534 0 0 0
394 -1153 173 10 956690 0 0 0
-494 -1458 276 81 490862 0 0 0
-655 -762 154 115 829522 0 0 0
-3131 -2026 150 250 379773 0 0 0
-2159 422 223 260 882032 0 0 0
3151 -2142 126 89 594061 0 0 0
84 -581 8 131 937532 0 0 0
710 515 122 134 267785 0 0 0
2273 1589 168 123 569996 0 0 0
-2081 -2910 71 131 927137 0 0 0
-1902 958 249 43 717741 0 0 0
1660 1372 91 85 219640 0 0 0
1296 -3152 26 171 790689 0 0 0
-2786 -3094 10 67 428688 0 0 0
-95 -3050 256 170 282436 0 0 0
2792 -1192 155 213 490377 0 0 0
2914 -2776 62 67 392380 0 0 0
-1914 -1191 175 187 820283 0 0 0
2887 -1146 191 261 815675 0 0 0
-2637 -2538 98 264 287505 0 0 0
-1808 -3068 15 19 289459 0 0 0
2117 2528 11 66 874285 0 0 0
1404 2024 269 97 436750 0 0 0
3115 2465 200 209 440293 0 0 0
-2397 -523 98 39 473320 0 0 0
-1415 2066 53 123 471742 0 0 0
237 -3104 164 110 144531 0 0 0
-1420 1202 97 164 101649 0 0 0
2656 -2614 36 49 241601 0 0 0
-1869 -614 264 231 948018 0 0 0
-1506 742 215 146 738206 0 0 0
1812 -2948 212 95 156557 0 0 0
1216 1991 66 80 808022 0 0 0
1311 1870 135 179 971612 0 0 0
2720 -1453 51 75 480854 0 0 0
-1026 -1921 105 50 977138 0 0 0
309 -1137 172 179 836658 0 0 0
-2173 -2708 126 31 830615 0 0 0
-2944 1723 6 260 360764 0 0 0
1528 -929 249 167 360928 0 0 0
445 -1488 108 84 634672 0 0 0
944 -289 219 40 740845 0 0 0
-2142 -199 96 18 167042 0 0 0
-351 -1820 232 246 889529 0 0 0
-752 -733 265 50 309808 0 0 0
1755 -2932 195 147 652572 0 0 0
2220 3071 196 93 805981 0 0 0
1343 -231 118 99 516623 0 0 0
506 1513 138 192 228677 0 0 0
-2554 1719 63 217 891105 0 0 0
-2140 -731 122 27 182031 0 0 0
556 2819 150 148 421502 0 0 0
1765 685 279 20 191193 0 0 0
2102 -2932 1 213 531015 0 0 0
1789 2155 136 138 120767 0 0 0
-2560 727 41 205 966852 0 0 0
-1012 -1851 4 149 743745 0 0 0
115 96 209 263 821430 0 0 0
-1552 646 17 191 168085 0 0 0
-821 -1712 254 23 790852 0 0 0
1420 -457 68 98 407512 0 0 0
-701 1982 103 92 744756 0 0 0
2321 -1099 132 74 302019 0 0 0
1895 -878 67 82 203535 0 0 0
-28 -803 147 81 852487 0 0 0
-112 66 219 197 697389 0 0 0
258 1312 148 123 114800 0 0 0
3084 -2594 75 12 161397 0 0 0
-1074 -1333 219 255 859985 0 0 0
2471 2026 216 122 531975 0 0 0
314 -2511 164 238 183639 0 0 0
3 133 96 188 291003 0 0 0
1143 1491 177 261 886688 0 0 0
2554 -1012 250 62 139668 0 0 0
-2154 3085 94 34 742574 0 0 0
2256 -1177 200 137 808787 0 0 0
2765 -661 269 148 907472 0 0 0
-813 1933 182 110 627844 0 0 0
-1572 1210 156 198 939578 0 0 0
-100 -275 9 199 308376 0 0 0
-1768 -2517 242 29 271671 0 0 0
-2245 -2077 25 242 404978 0 0 0
3027 -3134 142 104 733073 0 0 0
-738 -3083 263 58 593083 0 0 0
2203 -247 12 106 901830 0 0 0
-1526 -1792 156 28 578502 0 0 0
-1165 -1458 42 243 187659 0 0 0
1682 508 85 83 644787 0 0 0
-22 -3061 80 245 458217 0 0 0
960 2682 123 44 325725 0 0 0
645 894 193 103 319437 0 0 0
3026 1162 277 56 897181 0 0 0
-2922 1002 17 100 279541 0 0 0
-1314 -872 164 189 718350 0 0 0
2309 -1441 249 200 489162 0 0 0
-2809 1491 111 42 975770 0 0 0
-773 -1351 209 10 155622 0 0 0
1330 -784 236 49 322762 0 0 0
-3113 -2120 107 236 565887 0 0 0
-2401 500 2 257 862425 0 0 0
1434 1091 159 25 573386 0 0 0
-8 -3039 98 56 827861 0 0 0
351 2709 129 32 472534 0 0 0
1095 257 221 239 589085 0 0 0
-488 -1142 266 244 817598 0 0 0
-243 -1113 214 78 417465 0 0 0
-1362 3064 48 132 425698 0 0 0
74 -1555 128 56 914073 0 0 0
-1717 -535 78 208 537597 0 0 0
450 1166 122 191 961833 0 0 0
-1231 -1094 151 128 607850 0 0 0
3004 -2789 182 87 675043 0 0 0
-2411 -357 79 199 243978 0 0 0
556 2776 175 46 507495 0 0 0
-1667 -1484 270 261 580882 0 0 0
-3120 2900 42 123 714608 0 0 0
242 -1952 211 88 629322 0 0 0
-2194 1039 148 268 281329 0 0 0
-304 2550 277 34 555864 0 0 0
301 -2296 7 190 831200 0 0 0
-2326 -2806 126 231 862940 0 0 0
-2501 2371 73 155 834981 0 0 0
-2115 759 38 131 806957 0 0 0
-1654 1175 91 173 694073 0 0 0
1657 1038 149 127 255373 0 0 0
2751 518 106 219 153583 0 0 0
-1403 1130 125 222 332371 0 0 0
492 -1125 226 211 929332 0 0 0
1897 1257 240 210 285800 0 0 0
2856 -2528 228 137 682377 0 0 0
1888 -160 116 61 475738 0 0 0
-409 24 267 215 271233 0 0 0
2074 -2555 55 244 918259 0 0 0
-1606 2394 270 145 183611 0 0 0
-2867 -2969 25 32 378867 0 0 0
2155 2111 123 59 787245 0 0 0
-1818 3031 139 49 743930 0 0 0
1804 -2311 108 243 900884 0 0 0
-1090 -1038 172 147 513836 0 0 0
2707 -1589 72 220 618312 0 0 0
-420 1925 96 15 325912 0 0 0
307 2955 133 260 320489 0 0 0
1253 1744 238 81 287954 0 0 0
-2921 -2193 276 154 608601 0 0 0
1800 394 245 200 120469 0 0 0
-2917 1738 158 74 990694 0 0 0
2056 -982 179 183 543298 0 0 0
-969 -1519 215 24 926200 0 0 0
1446 -883 194 124 649961 0 0 0
-1848 904 89 205 165552 0 0 0
2673 3178 59 184 978188 0 0 0
-1971 1621 104 24 249664 0 0 0
1659 3008 9 223 208976 0 0 0
-1509 -1570 60 47 183594 0 0 0
2034 2558 204 131 384974 0 0 0
1670 2727 37 150 973589 0 0 0
1932 2711 23 106 518876 0 0 0
1281 2798 222 122 508234 0 0 0
58 -490 169 245 885310 0 0 0
-1037 -351 243 45 166768 0 0 0
-328 2742 228 120 790844 0 0 0
423 1186 235 7 298529 0 0 0
2216 1952 56 31 919035 0 0 0
-2933 2329 35 11 123590 0 0 0
2090 -3020 128 152 370651 0 0 0
1974 -1327 264 50 234138 0 0 0
1466 -925 107 49 939805 0 0 0
-1249 2285 198 29 381167 0 0 0
2711 -1700 159 134 425827 0 0 0
2409 -2039 197 83 599209 0 0 0
981 -2586 275 255 761764 0 0 0
-2903 1261 229 193 211307 0 0 0
-2603 -453 217 235 665782 0 0 0
1329 -558 112 67 129924 0 0 0
779 2029 228 138 358316 0 0 0
1308 2732 236 253 450454 0 0 0
-423 2880 217 88 858600 0 0 0
397 -482 61 138 535559 0 0 0
-72 -28 182 136 229416 0 0 0
1239 -1897 11 126 923814 0 0 0
980 -1825 153 107 787043 0 0 0
-2136 -2562 75 52 530527 0 0 0
2976 1283 276 19 563604 0 0 0
-3158 1996 118 3 864076 0 0 0
-234 635 116 226 472961 0 0 0
42 2441 257 89 640476 0 0 0
2037 2707 29 181 625609 0 0 0
-1102 -1888 223 210 206726 0 0 0
371 3094 274 73 697853 0 0 0
742 2515 225 42 281845 0 0 0
950 2545 60 260 440741 0 0 0
-565 -262 237 200 361950 0 0 0
2669 -2683 125 12 564257 0 0 0
-2987 433 238 218 228208 0 0 0
-2591 1863 120 146 372382 0 0 0
-775 427 279 236 936609 0 0 0
-1059 -1615 103 127 690440 0 0 0
-1711 1314 50 193 701187 0 0 0
-3104 1408 281 218 476903 0 0 0
-2300 -1180 117 126 117454 0 0 0
2722 1024 248 136 402245 0 0 0
-1059 104 34 122 567034 0 0 0
434 563 30 32 846441 0 0 0
-2988 3123 224 56 210080 0 0 0
2743 -2477 54 240 746512 0 0 0
463 -1607 60 174 495705 0 0 0
2515 -3178 149 262 275294 0 0 0
3015 -2593 104 179 150958 0 0 0
-444 1812 106 75 283628 0 0 0
76 -964 164 231 727686 0 0 0
-1369 -675 120 14 494520 0 0 0
-3027 -453 20 240 204648 0 0 0
-622 -2917 80 88 103877 0 0 0
3069 708 21 50 189835 0 0 0
1946 -1556 30 30 862212 0 0 0
3033 -2691 16 21 771347 0 0 0
-249 2844 206 124 625396 0 0 0
-2069 2678 248 222 142058 0 0 0
594 -2444 230 212 571984 0 0 0
-39 1751 203 228 696950 0 0 0
-1728 174 57 139 783454 0 0 0
-2407 -350 212 142 198150 0 0 0
-7 499 183 25 761888 0 0 0
885 2648 211 102 174417 0 0 0
-323 2790 208 98 273258 0 0 0
1970 337 161 74 736582 0 0 0
711 1758 184 152 401591 0 0 0
1478 -2216 126 218 937313 0 0 0
987 2106 210 212 350986 0 0 0
-1451 -1934 22 118 335740 0 0 0
-2989 -2855 260 2 620483 0 0 0
-1047 1060 171 72 683507 0 0 0
-2863 -1674 114 146 395352 0 0 0
1767 633 230 173 137314 0 0 0
-881 -3027 130 17 732438 0 0 0
3028 1379 183 162 448912 0 0 0
217 2547 239 200 669087 0 0 0
1203 -1874 152 43 577085 0 0 0
-189 -1024 221 41 184392 0 0 0
1496 1974 246 193 661622 0 0 0
-458 2700 145 6 743456 0 0 0
-349 -2815 39 216 607391 0 0 0
-2903 -2434 36 255 105231 0 0 0
178 2862 50 256 821431 0 0 0
743 246 234 131 222726 0 0 0
2339 2436 193 235 531328 0 0 0
-3033 2539 217 108 626629 0 0 0
1724 1435 95 198 191757 0 0 0
2295 1790 4 69 515821 0 0 0
2762 1011 103 27 882680 0 0 0
1996 -2481 267 91 470254 0 0 0
451 -1760 75 5 426235 0 0 0
-2204 -852 67 4 687242 0 0 0
1108 2088 233 79 862301 0 0 0
729 -2336 66 123 875379 0 0 0
171 -1380 168 104 878246 0 0 0
1780 -553 43 150 251047 0 0 0
127 -1512 152 162 904677 0 0 0
-2975 2455 126 27 411078 0 0 0
2300 1772 111 234 455610 0 0 0
-47 1869 16 168 224656 0 0 0
-1995 -2435 181 228 532327 0 0 0
-208 1730 20 161 306566 0 0 0
-2134 -1668 30 110 675187 0 0 0
1220 1260 252 184 337223 0 0 0
587 -1290 257 190 573143 0 0 0
305 -2788 114 178 987468 0 0 0
-1538 -113 254 190 593528 0 0 0
2505 -2982 122 103 699067 0 0 0
2589 -880 23 42 365340 0 0 0
2834 117 147 59 443776 0 0 0
2971 -2953 215 40 891236 0 0 0
2263 -2895 176 14 942813 0 0 0
2407 1460 238 87 210189 0 0 0
156 -2488 86 114 284917 0 0 0
-709 -1429 167 268 249183 0 0 0
303 -2908 153 71 608882 0 0 0
2689 -1406 144 116 682686 0 0 0
2256 1502 76 112 943592 0 0 0
2266 2928 257 268 746557 0 0 0
2539 2455 186 139 303986 0 0 0
1537 1486 216 86 788871 0 0 0
-377 1547 265 231 901021 0 0 0
2775 -2247 196 135 124510 0 0 0
-2276 2046 23 39 304662 0 0 0
1993 1451 252 104 679279 0 0 0
-2820 963 61 93 671474 0 0 0
-2918 185 185 103 273373 0 0 0
1999 2827 224 62 810860 0 0 0
2106 2446 209 22 382737 0 0 0
2813 -284 275 91 236028 0 0 0
531 -2944 259 52 837930 0 0 0
994 -2728 116 6 435731 0 0 0
2270 -622 238 62 552792 0 0 0
1264 2247 17 18 149114 0 0 0
2583 187 267 99 938877 0 0 0
1770 -3116 159 240 687407 0 0 0
1023 2157 47 120 154694 0 0 0
-2990 -393 276 178 686235 0 0 0
2222 823 197 184 261280 0 0 0
-305 1885 248 32 111058 0 0 0
-1920 -2306 30 94 883735 0 0 0
-2590 1143 78 239 686370 0 0 0
102 -2099 269 209 652228 0 0 0
-2994 3025 170 169 200431 0 0 0
-3027 -2807 261 118 181223 0 0 0
1629 2171 137 111 458108 0 0 0
1350 -459 21 2 538292 0 0 0
944 1514 239 172 102971 0 0 0
-2367 1087 272 261 901714 0 0 0
-231 1590 265 39 224648 0 0 0
1809 842 132 65 920339 0 0 0
1141 386 224 142 560658 0 0 0
547 203 217 149 734178 0 0 0
1765 -551 248 186 183155 0 0 0
2591 -2502 281 175 537698 0 0 0
882 1742 264 260 582013 0 0 0
-1608 2452 149 186 641384 0 0 0
2591 -631 98 204 154808 0 0 0
-994 2061 268 55 602725 0 0 0
-1373 -1 90 156 715838 0 0 0
-1654 1395 44 152 685326 0 0 0
34 2868 233 252 535720 0 0 0
-2009 2121 245 45 866855 0 0 0
-1895 1925 66 244 146671 0 0 0
2127 671 102 196 725810 0 0 0
-2620 -282 267 159 811974 0 0 0
2849 -2502 160 83 978867 0 0 0
2330 -1851 210 256 217071 0 0 0
1618 2554 184 86 588190 0 0 0
308 -1974 213 177 467929 0 0 0
-2932 -1021 258 210 284544 0 0 0
-1006 -349 13 260 795327 0 0 0
1836 -790 21 252 310292 0 0 0
1850 -550 160 17 784268 0 0 0
787 1289 221 259 807453 0 0 0
1686 -1744 114 232 603339 0 0 0
-691 -1215 127 252 759543 0 0 0
-3040 -1259 237 184 593838 0 0 0
97 2280 147 67 190299 0 0 0
-2854 -264 261 212 384171 0 0 0
1698 -2057 84 238 115466 0 0 0
1076 -1771 57 79 175222 0 0 0
-1799 2105 242 178 993928 0 0 0
-1107 -2786 252 150 400629 0 0 0
-904 -2839 246 53 754400 0 0 0
519 -1894 63 134 408962 0 0 0
593 -3196 187 39 480476 0 0 0
-860 821 212 215 907820 0 0 0
252 -508 59 155 556332 0 0 0
3008 2610 101 59 665800 0 0 0
454 1270 203 207 917009 0 0 0
-2893 -3196 43 265 857032 0 0 0
1095 -1435 117 207 888967 0 0 0
316 -597 122 57 801556 0 0 0
1162 -2109 183 185 584194 0 0 0
-1992 2337 265 87 351237 0 0 0
2857 -1372 222 3 937818 0 0 0
-2289 -2152 122 156 792013 0 0 0
-1158 1007 16 41 533874 0 0 0
-2539 3171 265 44 486789 0 0 0
-442 -2706 29 88 621623 0 0 0
-2104 -677 223 82 923893 0 0 0
-1060 1316 62 89 471469 0 0 0
1591 -1799 170 115 832661 0 0 0
-376 -156 188 124 737846 0 0 0
808 2445 205 169 786780 0 0 0
2280 -2526 196 140 986113 0 0 0
-1017 1837 139 12 761887 0 0 0
-1532 -914 33 1 412060 0 0 0
650 1730 69 110 123914 0 0 0
-1788 3062 152 16 960370 0 0 0
2549 -590 135 200 688775 0 0 0
-2292 2473 15 265 947717 0 0 0
-1927 -2633 140 103 708861 0 0 0
2072 2146 201 76 941431 0 0 0
-444 -271 48 96 338343 0 0 0
-2072 -2067 64 31 498073 0 0 0
2172 -1280 169 79 446315 0 0 0
1723 -1478 183 136 311318 0 0 0
253 2134 19 108 732974 0 0 0
2469 1579 130 13 965852 0 0 0
57 -69 28 69 429058 0 0 0
-166 -2338 66 110 561330 0 0 0
2445 -2594 22 261 135232 0 0 0
-240 -2831 19 93 438807 0 0 0
-1710 3170 181 243 358416 0 0 0
795 -774 185 115 670672 0 0 0
1804 2864 230 74 140099 0 0 0
2208 2450 12 83 246851 0 0 0
2148 -1640 142 159 422200 0 0 0
656 2806 220 148 399573 0 0 0
267 3123 259 234 817683 0 0 0
2560 12 74 8 454292 0 0 0
2435 -1930 59 62 311788 0 0 0
2600 -1213 232 191 579759 0 0 0
2375 172 13 44 743047 0 0 0
-615 -3111 168 14 588178 0 0 0
-27 277 169 48 981097 0 0 0
-2613 2837 246 58 841519 0 0 0
-1966 -2247 185 228 792761 0 0 0
-604 -2388 241 15 116358 0 0 0
1013 -505 236 244 879940 0 0 0
-1493 980 258 143 969908 0 0 0
-960 269 161 185 751912 0 0 0
533 -2452 148 187 735106 0 0 0
1859 -1256 131 49 738777 0 0 0
-214 -1390 168 33 744953 0 0 0
-363 2055 247 261 502192 0 0 0
2924 3199 264 36 461180 0 0 0
298 1346 188 167 771744 0 0 0
-2329 1146 112 158 351028 0 0 0
530 1756 134 139 318016 0 0 0
204 -593 193 228 644976 0 0 0
-2242 -2227 87 110 204052 0 0 0
-2658 3065 238 252 436309 0 0 0
2055 -2691 13 93 956919 0 0 0
-1315 28 189 207 963693 0 0 0
2096 -820 144 131 978534 0 0 0
1176 -1868 181 236 150766 0 0 0
2777 1410 229 127 510850 0 0 0
681 -3183 195 5 383319 0 0 0
-1340 -364 166 154 583931 0 0 0
-513 -2405 130 15 260993 0 0 0
-619 2811 145 98 486906 0 0 0
-2571 2756 103 76 725508 0 0 0
618 1305 198 218 180986 0 0 0
-2905 2027 259 79 674599 0 0 0
2007 173 192 44 474567 0 0 0
-2662 2333 48 113 225459 0 0 0
-1394 -2946 192 209 780585 0 0 0
-379 1427 237 214 606899 0 0 0
-1660 2658 208 252 329382 0 0 0
1705 1128 276 133 985624 0 0 0
-2645 -182 270 141 335864 0 0 0
-1693 1545 75 163 449352 0 0 0
-1484 -2466 125 191 440187 0 0 0
614 -2843 50 126 118839 0 0 0
-741 -1348 120 245 466619 0 0 0
2877 -1054 78 40 934562 0 0 0
-2368 -1204 243 136 825127 0 0 0
2402 1595 22 216 318200 0 0 0
3035 125 18 141 343782 0 0 0
1166 -2473 175 55 217232 0 0 0
519 1288 34 124 683331 0 0 0
2898 -474 177 177 149683 0 0 0
-2988 -1401 38 161 643068 0 0 0
2490 -2005 56 95 225807 0 0 0
1046 -429 144 123 453018 0 0 0
1229 1693 257 101 712219 0 0 0
2228 505 264 46 584123 0 0 0
357 -439 133 263 474046 0 0 0
1459 1961 45 125 144847 0 0 0
882 -604 265 201 397217 0 0 0
-35 -1976 16 109 381327 0 0 0
-457 -509 14 251 540149 0 0 0
1645 -2208 278 179 700154 0 0 0
-299 -1584 213 242 417883 0 0 0
-547 14 78 129 952859 0 0 0
-2531 -954 200 250 638847 0 0 0
-1561 -2757 253 107 966726 0 0 0
-361 -2882 14 59 683826 0 0 0
2256 1092 162 138 982858 0 0 0
1305 -2186 44 112 143125 0 0 0
-1649 1893 87 85 733604 0 0 0
-725 753 173 238 484502 0 0 0
2201 539 94 119 639742 0 0 0
614 2085 216 67 705299 0 0 0
1987 -808 191 121 118810 0 0 0
850 2157 192 214 162898 0 0 0
188 1556 118 209 269013 0 0 0
980 -1524 273 21 850858 0 0 0
-1220 1177 49 130 406590 0 0 0
-545 2155 61 106 252809 0 0 0
1654 1631 187 104 858135 0 0 0
2545 1235 52 218 616102 0 0 0
-2191 -985 109 213 541978 0 0 0
1843 -644 47 210 255300 0 0 0
-305 -742 79 55 671940 0 0 0
7 -722 153 27 897320 0 0 0
-1359 2697 56 181 451767 0 0 0
-2026 692 183 254 808709 0 0 0
2223 2141 216 147 475104 0 0 0
-229 635 85 206 163797 0 0 0
-2603 1937 60 214 109951 0 0 0
122 479 109 68 628757 0 0 0
2563 2776 255 170 976786 0 0 0
1919 -1360 102 211 224793 0 0 0
1305 -1385 7 81 491879 0 0 0
380 -2996 54 216 754362 0 0 0
2529 1378 274 252 163672 0 0 0
-1126 1883 182 106 824988 0 0 0
776 2375 68 13 582564 0 0 0
2503 326 30 136 955473 0 0 0
-2927 2802 167 208 516747 0 0 0
550 -2638 166 24 704109 0 0 0
-2035 -1035 44 122 504713 0 0 0
3179 -301 215 160 914304 0 0 0
3050 -794 272 5 678591 0 0 0
-2318 -2348 47 161 285628 0 0 0
-1689 2800 73 260 959534 0 0 0
518 -643 123 3 115293 0 0 0
-2200 -462 155 224 676549 0 0 0
906 1876 231 48 886989 0 0 0
1082 -989 32 8 215733 0 0 0
-2333 861 265 148 574477 0 0 0
191 -1814 64 241 230063 0 0 0
-1077 2581 200 12 834658 0 0 0
983 -1899 271 244 274028 0 0 0
-1025 -1932 26 68 593185 0 0 0
744 -1025 219 93 559032 0 0 0
2388 -549 168 85 628260 0 0 0
2992 1102 150 242 190800 0 0 0
2030 -2098 33 2 182922 0 0 0
708 2535 151 250 254277 0 0 0
1174 364 276 223 164996 0 0 0
2585 481 3 260 624514 0 0 0
2663 2184 205 184 463106 0 0 0
1756 -1035 125 25 970509 0 0 0
-2957 994 279 178 618989 0 0 0
1404 1142 204 138 540126 0 0 0
-765 -2646 187 155 748757 0 0 0
1035 553 107 175 146564 0 0 0
-867 2519 165 91 586473 0 0 0
3002 -3022 146 17 995554 0 0 0
993 -2752 100 145 646278 0 0 0
2596 -1577 156 266 122315 0 0 0
-1331 2009 74 241 209372 0 0 0
-2274 -1138 27 208 527027 0 0 0
-697 1290 94 140 981047 0 0 0
428 1037 228 107 341427 0 0 0
1301 1235 271 142 753624 0 0 0
-2401 -2143 127 131 870648 0 0 0
-196 -2699 24 224 117272 0 0 0
-1624 -336 55 103 578435 0 0 0
2887 538 210 91 442832 0 0 0
-3063 1022 203 127 212236 0 0 0
-529 -993 155 261 638198 0 0 0
1763 288 8 60 831170 0 0 0
-1679 -1568 39 140 943993 0 0 0
425 -1945 34 264 680997 0 0 0
-587 3106 124 108 957364 0 0 0
-1856 2974 10 150 273487 0 0 0
-2639 -13 113 199 723219 0 0 0
-1995 -708 207 177 481428 0 0 0
312 561 190 72 686473 0 0 0
1617 1556 137 255 887867 0 0 0
3085 1519 93 52 806319 0 0 0
-2777 430 227 218 235500 0 0 0
-178 -471 7 138 862088 0 0 0
-1165 550 256 118 784673 0 0 0
714 -746 42 162 730290 0 0 0
-165 -895 27 193 229414 0 0 0
-1178 -898 192 213 562333 0 0 0
-671 -2884 241 12 838223 0 0 0
1806 -181 167 136 552117 0 0 0
-204 296 266 120 381577 0 0 0
-334 841 215 251 160500 0 0 0
356 -1891 39 114 206549 0 0 0
-1383 -2844 109 140 377881 0 0 0
1733 -1998 89 241 362955 0 0 0
2813 783 270 21 901855 0 0 0
1819 -663 240 34 998102 0 0 0
137 -1895 177 31 673927 0 0 0
2656 -37 82 117 102591 0 0 0
-783 1167 10 168 683880 0 0 0
2132 1164 65 266 297233 0 0 0
-3194 2695 149 263 598216 0 0 0
711 1697 16 226 488082 0 0 0
-2630 -1421 93 71 564585 0 0 0
1091 -631 149 234 590949 0 0 0
-733 -1078 82 117 885433 0 0 0
129 -2827 23 232 484433 0 0 0
-47 2534 235 224 604849 0 0 0
-211 2709 174 163 722102 0 0 0
-267 -2168 159 218 912192 0 0 0
-1194 -120 268 212 897902 0 0 0
3096 1834 135 229 395470 0 0 0
-2418 1369 48 60 680875 0 0 0
-2814 526 85 116 826490 0 0 0
1685 -2681 163 178 802485 0 0 0
-2827 -2618 156 54 336029 0 0 0
-404 -1336 164 57 990192 0 0 0
64 -1575 127 88 123572 0 0 0
2638 2115 239 140 418565 0 0 0
480 -2073 183 193 740283 0 0 0
1084 -2928 125 44 309804 0 0 0
-1440 -1957 31 24 858674 0 0 0
2816 2521 177 263 825246 0 0 0
-778 -168 206 182 987981 0 0 0
2153 202 190 156 793346 0 0 0
-1351 1131 7 78 711777 0 0 0
262 -305 169 195 531002 0 0 0
-2337 -488 270 195 595872 0 0 0
295 1139 250 122 910129 0 0 0
1721 3087 189 114 167454 0 0 0
-3127 -1115 111 44 793611 0 0 0
-1021 724 6 23 722767 0 0 0
-2665 3094 169 127 165130 0 0 0
-720 2377 79 200 576500 0 0 0
2504 -3169 137 203 623653 0 0 0
-238 -1374 136 84 975497 0 0 0
2657 -1897 214 201 579899 0 0 0
-2257 -954 255 236 173809 0 0 0
1024 -848 243 26 922906 0 0 0
-2237 886 147 73 949613 0 0 0
1674 -2267 12 209 720346 0 0 0
-1270 2939 117 216 584830 0 0 0
1892 -3070 236 208 326476 0 0 0
1717 -2892 21 48 935146 0 0 0
-3014 -1814 98 212 319062 0 0 0
1253 1886 6 264 418149 0 0 0
1376 2758 55 41 894891 0 0 0
2597 2290 220 43 100912 0 0 0
1559 3127 239 179 829873 0 0 0
-607 2957 123 87 111182 0 0 0
3178 255 251 85 430523 0 0 0
-2218 1912 102 115 795550 0 0 0
-930 -1490 146 41 214318 0 0 0
758 1440 148 54 114640 0 0 0
-2124 -2356 125 54 990264 0 0 0
1829 1529 192 184 529545 0 0 0
-34 157 85 251 561675 0 0 0
1360 -3199 247 251 814124 0 0 0
1764 2229 28 268 302269 0 0 0
-1731 328 166 32 485478 0 0 0
-1977 -1905 82 250 565980 0 0 0
-2394 -482 206 221 736877 0 0 0
2123 879 27 61 724284 0 0 0
-1935 -2519 21 221 348980 0 0 0
-2239 1062 129 264 631795 0 0 0
349 -2413 189 115 363416 0 0 0
-2117 -2380 25 257 728761 0 0 0
-1485 2565 216 51 855140 0 0 0
-777 895 33 111 845270 0 0 0
2205 -1583 281 90 798175 0 0 0
2198 1574 132 174 285783 0 0 0
-1693 -1005 46 62 993201 0 0 0
-472 2147 253 235 872630 0 0 0
2979 1983 151 99 691911 0 0 0
-1780 -1113 157 71 901304 0 0 0
339 -2980 154 234 300498 0 0 0
692 1387 162 250 836059 0 0 0
3138 -624 5 86 329707 0 0 0
2788 -1023 78 79 625843 0 0 0
-1161 -2304 88 120 513004 0 0 0
608 157 85 89 862153 0 0 0
-2555 2902 70 161 857148 0 0 0
3084 2870 186 44 859222 0 0 0
-2115 932 244 115 396218 0 0 0
-2062 -814 194 154 489466 0 0 0
-1033 2006 110 204 448174 0 0 0
-571 -876 186 215 762205 0 0 0
656 -1148 260 239 125623 0 0 0
-594 448 244 259 769762 0 0 0
665 -2664 66 56 398287 0 0 0
2502 215 88 4 558110 0 0 0
2462 526 224 227 350368 0 0 0
-2926 -947 70 80 303449 0 0 0
-3112 -2417 210 231 648181 0 0 0
-360 -1628 69 193 268078 0 0 0
1590 3010 195 146 463994 0 0 0
1523 -572 216 160 987641 0 0 0
2953 1277 31 141 527764 0 0 0
1302 597 90 191 321748 0 0 0
-1005 -54 170 146 878040 0 0 0
2482 396 130 110 926148 0 0 0
550 1391 111 107 328374 0 0 0
-3136 -420 255 242 806175 0 0 0
2843 -2510 101 97 784638 0 0 0
-2894 -2288 20 82 985002 0 0 0
-455 -1342 217 99 257599 0 0 0
-2188 -2094 159 89 968015 0 0 0
-3023 388 9 178 732330 0 0 0
-3073 2735 8 133 522054 0 0 0
-2622 2745 106 182 366091 0 0 0
926 -176 227 12 562948 0 0 0
2352 2329 262 221 857600 0 0 0
41 -1568 264 151 685060 0 0 0
3082 353 100 155 140157 0 0 0
1289 569 76 124 118453 0 0 0
2302 2363 177 51 736675 0 0 0
3149 -634 45 232 641633 0 0 0
-576 2490 133 168 190079 0 0 0
-1534 2366 69 256 896131 0 0 0
320 -1827 248 114 987978 0 0 0
-763 2388 222 46 938640 0 0 0
2761 2365 187 71 179766 0 0 0
-3010 2397 101 222 387397 0 0 0
-2844 1818 145 137 339435 0 0 0
1434 -2608 35 241 182197 0 0 0
586 1469 106 165 739862 0 0 0
-2248 -2699 213 241 672301 0 0 0
-2998 186 116 98 959654 0 0 0
562 2087 56 226 137520 0 0 0
-1755 -1661 270 30 570267 0 0 0
-3095 -3064 173 134 141613 0 0 0
2954 2018 114 261 936822 0 0 0
-1151 -2727 125 243 976750 0 0 0
482 -2504 277 34 595004 0 0 0
1177 -641 232 127 281209 0 0 0
-1322 -2889 199 148 481349 0 0 0
3095 3109 80 63 363302 0 0 0
1294 -1347 100 164 508145 0 0 0
-1666 1341 12 160 944606 0 0 0
887 1443 105 134 781352 0 0 0
-1582 -3016 204 264 131710 0 0 0
-1434 -460 106 95 379672 0 0 0
-2525 -2267 9 183 912389 0 0 0
-324 2758 195 143 685016 0 0 0
-1603 632 255 259 147020 0 0 0
-2226 853 150 85 212155 0 0 0
-1667 1697 196 219 890185 0 0 0
-1547 -1874 124 259 615531 0 0 0
-2427 523 60 254 199045 0 0 0
-2263 2840 140 81 411532 0 0 0
-380 2316 81 263 955011 0 0 0
2319 523 237 177 661934 0 0 0
231 599 271 163 714661 0 0 0
2599 633 117 239 207968 0 0 0
-1859 -2923 179 35 257519 0 0 0
-1990 2026 239 6 872165 0 0 0
-1289 211 239 176 785363 0 0 0
-1580 -2684 11 182 753389 0 0 0
1259 3144 228 33 635103 0 0 0
1080 847 223 268 161734 0 0 0
-134 36 216 43 405054 0 0 0
-1661 664 204 79 982012 0 0 0
1375 -3153 172 86 468141 0 0 0
-1193 -740 263 110 783791 0 0 0
-1341 -1412 94 59 734273 0 0 0
2638 -2392 171 159 844794 0 0 0
252 -1842 59 260 370647 0 0 0
358 1711 172 117 682517 0 0 0
1559 -1122 218 178 274367 0 0 0
-3142 3020 214 53 101397 0 0 0
2826 -2266 211 193 460533 0 0 0
-1519 1470 137 200 422040 0 0 0
-2028 1187 245 182 263403 0 0 0
761 -1772 58 224 305638 0 0 0
-2905 -587 49 232 561457 0 0 0
-85 1309 47 199 981190 0 0 0
-685 -1281 22 25 417419 0 0 0
-1129 2691 28 32 275879 0 0 0
420 -1154 265 83 908791 0 0 0
-1737 1082 173 23 422143 0 0 0
563 -706 85 23 667502 0 0 0
1170 -13 45 91 601103 0 0 0
-1411 1896 86 56 485732 0 0 0
1206 -650 222 118 537407 0 0 0
1166 -193 92 175 163217 0 0 0
-1911 2458 140 59 302444 0 0 0
2949 2681 165 6 640949 0 0 0
1694 2253 54 2 729127 0 0 0
-864 1236 91 68 669490 0 0 0
-1820 2447 202 252 629826 0 0 0
-802 -2564 266 224 760470 0 0 0
1164 -1476 246 261 275043 0 0 0
-496 594 251 185 493408 0 0 0
-1521 1811 109 147 666796 0 0 0
-1222 313 59 35 704917 0 0 0
-2184 1686 33 155 192438 0 0 0
2499 2635 163 97 457065 0 0 0
3077 -593 61 139 845913 0 0 0
-280 -2913 78 218 662861 0 0 0
1552 122 138 146 417376 0 0 0
-2493 -981 49 65 535118 0 0 0
2187 -1697 120 201 482773 0 0 0
-1508 -394 152 255 753252 0 0 0
39 -2628 76 153 645023 0 0 0
-2262 -2070 150 239 647791 0 0 0
-2205 2860 12 75 521709 0 0 0
-1700 278 258 240 235933 0 0 0
-2870 486 180 52 149192 0 0 0
2772 -2446 214 59 929602 0 0 0
1563 656 135 248 692362 0 0 0
-67 -2964 198 43 265137 0 0 0
-2796 2924 107 45 364397 0 0 0
-1194 -2009 58 50 966976 0 0 0
228 -1008 144 138 599524 0 0 0
-2964 1492 65 197 721105 0 0 0
-2105 -2709 211 213 843901 0 0 0
2877 17 57 123 157445 0 0 0
1788 306 158 248 564394 0 0 0
109 1102 135 230 587032 0 0 0
-1742 2237 116 34 292317 0 0 0
837 2291 135 76 501305 0 0 0
1291 2655 197 244 284976 0 0 0
2569 840 225 184 434093 0 0 0
-864 2179 93 31 198473 0 0 0
-2144 -846 219 114 717948 0 0 0
-358 557 12 215 912359 0 0 0
-2021 -3085 241 222 201418 0 0 0
-2540 1216 126 32 987513 0 0 0
-1306 -269 164 156 147387 0 0 0
1206 1634 262 53 519802 0 0 0
-1026 1230 176 121 423342 0 0 0
-1588 -165 106 184 660648 0 0 0
-14 -320 247 100 561422 0 0 0
1407 -1541 82 21 487795 0 0 0
498 -644 135 7 307046 0 0 0
-2817 2650 19 77 393662 0 0 0
-768 -153 246 24 160401 0 0 0
1119 633 124 47 428231 0 0 0
1313 1917 145 40 379003 0 0 0
-505 -2208 247 224 100749 0 0 0
-1932 1701 118 8 495843 0 0 0
-2468 383 230 170 346455 0 0 0
-1128 1319 233 252 745687 0 0 0
1898 297 163 123 461621 0 0 0
-3021 1775 129 28 135995 0 0 0
2066 3012 159 39 942922 0 0 0
-632 -2752 269 262 394535 0 0 0
-2900 -1658 259 51 169090 0 0 0
-1410 950 272 147 290766 0 0 0
1570 -585 125 242 663328 0 0 0
-2815 -1521 228 62 755175 0 0 0
-1196 51 147 17 915523 0 0 0
-2165 2860 5 42 962472 0 0 0
-2258 3126 39 85 626198 0 0 0
2970 2968 122 81 651173 0 0 0
-510 -1849 1 15 473567 0 0 0
-2995 2104 145 76 230738 0 0 0
744 -2460 228 217 740991 0 0 0
1246 64 16 118 756929 0 0 0
-2320 869 214 203 371695 0 0 0
-3066 995 215 35 153571 0 0 0
1704 -2578 50 40 727609 0 0 0
-1487 -2087 150 20 701518 0 0 0
-498 1255 173 261 573772 0 0 0
-2633 -2081 130 50 222070 0 0 0
906 -181 114 91 765481 0 0 0
-1993 -1321 13 156 663389 0 0 0
1346 2463 262 5 501931 0 0 0
2094 1325 64 123 747023 0 0 0
-2697 -1775 216 65 121133 0 0 0
240 -1780 110 203 822014 0 0 0
-3116 2526 47 173 797542 0 0 0
1673 760 24 156 300741 0 0 0
-2631 -348 72 67 708737 0 0 0
-3084 3116 18 147 991321 0 0 0
-851 1202 153 201 572896 0 0 0
732 -394 210 226 535598 0 0 0
2989 -2416 86 259 238409 0 0 0
2449 -920 157 93 428867 0 0 0
617 -1659 32 77 538471 0 0 0
-2054 3083 213 13 510249 0 0 0
2285 -1341 240 46 766779 0 0 0
-628 -2196 243 147 419449 0 0 0
1052 2981 163 87 232894 0 0 0
626 1307 236 183 664309 0 0 0
202 2201 149 137 670202 0 0 0
-772 -3121 146 161 649010 0 0 0
450 -513 16 63 281745 0 0 0
-957 -1381 197 101 414572 0 0 0
-128 1254 100 193 977076 0 0 0
-1127 -773 2 192 858417 0 0 0
2241 -1849 154 165 737593 0 0 0
-229 -158 88 103 246852 0 0 0
-2337 2553 93 131 923443 0 0 0
2199 1888 57 220 124109 0 0 0
2555 2604 225 216 927120 0 0 0
628 -3129 9 73 842292 0 0 0
411 -2867 28 170 261873 0 0 0
-765 -137 10 127 127861 0 0 0
2679 700 44 174 219876 0 0 0
1326 1128 216 62 201639 0 0 0
-73 395 78 117 884131 0 0 0
1709 2935 209 9 232739 0 0 0
-2304 -2761 126 51 991254 0 0 0
2479 -805 180 83 481158 0 0 0
1025 -98 4 84 174947 0 0 0
3181 -2173 174 96 511857 0 0 0
-3176 3183 132 7 787996 0 0 0
1040 43 277 28 331583 0 0 0
-1871 2050 194 58 564956 0 0 0
769 -810 169 102 500151 0 0 0
2147 2067 187 181 697577 0 0 0
2826 -1018 203 66 932948 0 0 0
2689 2662 262 233 413040 0 0 0
-3040 1693 228 105 616146 0 0 0
2150 -1048 53 141 590180 0 0 0
1237 1185 198 92 906105 0 0 0
1920 2983 209 17 580720 0 0 0
1711 910 279 231 942203 0 0 0
977 2739 269 59 837438 0 0 0
730 76 205 19 208539 0 0 0
882 -1393 224 53 226735 0 0 0
-1882 -883 87 137 880552 0 0 0
2470 -345 203 91 183497 0 0 0
-2669 1257 223 76 945754 0 0 0
2574 -1137 5 84 169756 0 0 0
-2408 1988 23 226 109245 0 0 0
-2600 -2172 93 18 718017 0 0 0
-47 -331 259 227 784578 0 0 0
2337 2259 152 126 537163 0 0 0
264 1177 114 184 888240 0 0 0
-3162 -824 75 97 712915 0 0 0
-2156 -167 176 102 134444 0 0 0
2538 218 55 193 167104 0 0 0
-2404 485 233 10 224036 0 0 0
-142 56 30 133 722286 0 0 0
-3129 -928 76 138 523913 0 0 0
2613 -1836 18 79 642140 0 0 0
67 3164 84 122 849222 0 0 0
-2034 -1109 113 261 674337 0 0 0
3074 -779 47 144 676934 0 0 0
-258 -2459 193 93 685399 0 0 0
2428 3122 131 90 435780 0 0 0
1224 1171 143 195 662834 0 0 0
-454 109 155 108 325533 0 0 0
-2335 509 24 242 373333 0 0 0
-1042 1485 222 193 476982 0 0 0
-1700 -2827 136 160 299031 0 0 0
-1922 941 19 105 225496 0 0 0
1583 879 259 12 216166 0 0 0
-2269 558 148 192 288072 0 0 0
-1805 1944 267 83 614967 0 0 0
-1160 -353 23 158 784395 0 0 0
1032 -1932 2 121 984541 0 0 0
2820 -2513 259 224 889601 0 0 0
1581 -2877 154 24 816493 0 0 0
2120 -3191 109 155 605128 0 0 0
-2167 -3031 261 220 200057 0 0 0
2196 652 91 205 453558 0 0 0
2764 800 280 215 983652 0 0 0
-905 -2741 96 114 655368 0 0 0
2866 -3072 27 90 311786 0 0 0
2679 -3014 143 266 901207 0 0 0
2562 -2943 191 164 163190 0 0 0
-2930 3125 49 221 971731 0 0 0
1350 -1472 34 244 109327 0 0 0
2818 2328 220 100 242476 0 0 0
-443 322 44 112 527780 0 0 0
775 199 17 260 453097 0 0 0
-2935 -1260 75 265 409959 0 0 0
-2256 -184 7 234 404305 0 0 0
959 2997 166 211 350010 0 0 0
362 89 162 241 661690 0 0 0
1516 -2278 250 99 263100 0 0 0
776 -74 42 263 853210 0 0 0
143 -1758 276 151 214697 0 0 0
2615 3197 137 92 697371 0 0 0
1615 2781 236 18 294812 0 0 0
-2231 2094 222 249 251427 0 0 0
-1507 2578 243 184 447756 0 0 0
-2432 -113 5 222 328515 0 0 0
-375 2191 228 34 834440 0 0 0
-2734 -1802 69 165 597579 0 0 0
1667 -157 226 124 856672 0 0 0
-2970 -2046 56 34 671242 0 0 0
161 -70 238 8 870600 0 0 0
-639 -2306 217 121 114047 0 0 0
194 1602 130 68 401400 0 0 0
3146 -593 154 67 946414 0 0 0
-1504 2486 212 252 549404 0 0 0
2549 1141 167 70 796660 0 0 0
-1922 2934 39 158 124588 0 0 0
-1071 2490 56 35 166345 0 0 0
-198 -2559 26 53 429437 0 0 0
-2569 -118 33 177 254507 0 0 0
-358 -2785 66 31 438856 0 0 0
-2339 -1599 88 13 151493 0 0 0
2948 2903 233 65 761704 0 0 0
672 1853 166 84 133822 0 0 0
2940 -2160 81 174 127522 0 0 0
-1846 -2198 263 5 304969 0 0 0
-1559 2512 196 161 459052 0 0 0
-1982 -2089 1 264 414871 0 0 0
-1871 -2450 210 172 333483 0 0 0
3180 1474 30 172 523992 0 0 0
-1122 -1841 139 184 704701 0 0 0
-1082 -816 66 157 418530 0 0 0
-359 -3012 151 217 270794 0 0 0
2145 -462 2 57 119009 0 0 0
-1849 -2260 38 171 810105 0 0 0
-200 -1617 257 262 685401 0 0 0
2175 -257 122 53 947049 0 0 0
1921 -2507 29 6 902659 0 0 0
-71 86 34 194 968242 0 0 0
2161 1247 9 87 471020 0 0 0
2851 1449 89 134 818832 0 0 0
-1194 -217 57 156 812481 0 0 0
1549 674 82 259 756890 0 0 0
-1594 854 202 234 404740 0 0 0
-107 2286 156 137 815650 0 0 0
-468 -1081 99 42 405861 0 0 0
-1644 -1996 102 103 303517 0 0 0
-2285 -2255 273 145 216701 0 0 0
-879 1472 156 19 881445 0 0 0
-917 1149 93 126 704453 0 0 0
1923 2391 218 262 752606 0 0 0
3146 -896 215 234 810248 0 0 0
2340 -1225 121 174 715656 0 0 0
-2833 2040 63 53 610267 0 0 0
-2936 -1624 112 65 766722 0 0 0
2506 2713 211 68 280247 0 0 0
-2425 -1530 86 40 276124 0 0 0
-564 320 172 157 384519 0 0 0
2966 593 120 195 558437 0 0 0
-413 1003 38 57 610048 0 0 0
2722 2369 230 114 309427 0 0 0
-1985 1053 79 140 287979 0 0 0
1894 -436 243 204 562628 0 0 0
-1337 432 245 238 690552 0 0 0
-1897 3182 110 255 611939 0 0 0
50 -1927 217 184 158787 0 0 0
3106 -2130 12 157 846106 0 0 0
-846 -63 191 48 657345 0 0 0
-1248 329 169 172 342710 0 0 0
2111 2120 89 169 582381 0 0 0
2837 403 156 22 245327 0 0 0
-1506 1834 250 136 436421 0 0 0
-2134 -2135 189 245 981825 0 0 0
688 -246 91 149 276636 0 0 0
-1543 -1912 237 102 572644 0 0 0
-3052 -1121 217 90 555887 0 0 0
-1230 -2425 86 155 682789 0 0 0
-1679 2146 260 92 420421 0 0 0
-685 2885 234 165 541153 0 0 0
-987 2202 193 27 296031 0 0 0
2751 1333 217 151 611164 0 0 0
-3061 69 273 168 185223 0 0 0
-2826 491 140 191 467746 0 0 0
1771 -787 10 167 338258 0 0 0
-1918 569 81 254 347616 0 0 0
-2789 1071 183 217 330714 0 0 0
-2975 1751 167 95 339619 0 0 0
2136 2424 177 243 172281 0 0 0
-2884 -2762 47 170 858194 0 0 0
-425 -2453 21 9 601017 0 0 0
405 -2136 206 71 675884 0 0 0
178 2411 272 212 439603 0 0 0
2036 -990 254 70 646855 0 0 0
3078 3174 241 207 196573 0 0 0
-2549 -2580 32 231 284122 0 0 0
-347 -2972 228 226 208152 0 0 0
2853 457 231 174 120176 0 0 0
2948 1320 170 71 887562 0 0 0
-1599 1767 276 47 364718 0 0 0
-1957 1585 3 263 388431 0 0 0
3115 -2095 120 221 819318 0 0 0
-1850 -2177 117 17 812998 0 0 0
-2270 -1512 103 79 747291 0 0 0
-803 3148 119 241 322267 0 0 0
1733 -1203 57 122 434280 0 0 0
897 -1271 14 118 971969 0 0 0
-2386 1299 197 23 625284 0 0 0
-450 -2036 13 40 169198 0 0 0
1366 -2453 142 52 985763 0 0 0
1130 3043 141 46 330076 0 0 0
-398 -1090 37 212 658273 0 0 0
1435 117 103 170 104999 0 0 0
-2383 -668 255 56 194672 0 0 0
-2621 -3136 259 183 774741 0 0 0
2545 1158 249 181 610131 0 0 0
-2953 -897 1 250 514395 0 0 0
2737 257 118 84 805414 0 0 0
-1171 777 236 97 562473 0 0 0
-2552 1760 154 215 758189 0 0 0
1155 2789 177 239 950146 0 0 0
2705 -2471 8 220 103705 0 0 0
-2843 -476 205 157 721062 0 0 0
2782 1784 105 185 380642 0 0 0
1420 4 39 117 636715 0 0 0
-19 -373 206 65 575009 0 0 0
2948 -766 200 109 345006 0 0 0
2530 2271 9 63 264220 0 0 0
1874 -1273 247 37 320565 0 0 0
1757 -675 247 30 279734 0 0 0
-1482 1485 30 190 123797 0 0 0
1501 2442 47 112 549092 0 0 0
-2636 1866 76 124 632357 0 0 0
1030 655 54 185 924142 0 0 0
-805 1008 137 69 517616 0 0 0
-1421 -2302 37 100 909863 0 0 0
1314 -2827 228 20 878974 0 0 0
-1258 191 36 267 794457 0 0 0
-1250 -2911 143 129 342837 0 0 0
2594 -955 32 40 419629 0 0 0
2054 -1195 190 84 818063 0 0 0
2975 608 61 129 747901 0 0 0
1717 -165 238 55 846583 0 0 0
-362 2432 41 137 553890 0 0 0
-814 -2105 96 135 978654 0 0 0
-2590 -2134 274 65 376601 0 0 0
-62 -20 52 193 662625 0 0 0
2347 -319 148 209 746405 0 0 0
1418 -1170 265 121 597242 0 0 0
-1068 2873 261 235 238805 0 0 0
404 -3151 152 177 765875 0 0 0
-368 -1603 252 75 740321 0 0 0
947 2575 152 254 832710 0 0 0
-1858 -2674 229 33 878491 0 0 0
1738 624 36 100 893216 0 0 0
213 -358 3 21 138063 0 0 0
-1814 2150 59 215 568659 0 0 0
-421 -1190 134 80 564588 0 0 0
2375 -714 169 12 950345 0 0 0
-1145 -1255 132 109 200748 0 0 0
2066 3146 75 7 221042 0 0 0
-1163 2825 41 57 510846 0 0 0
-124 -1017 85 179 899675 0 0 0
818 -1975 266 218 453967 0 0 0
-128 2097 156 28 353992 0 0 0
2333 2834 88 35 546577 0 0 0
-1702 2515 93 95 677313 0 0 0
468 875 241 267 673989 0 0 0
278 -2590 9 55 277346 0 0 0
-1087 -840 74 153 299202 0 0 0
2300 3140 41 136 571936 0 0 0
948 472 152 246 706096 0 0 0
-2119 1462 230 174 907028 0 0 0
2494 149 106 241 422742 0 0 0
-2587 -2861 48 167 995517 0 0 0
-1873 -2291 110 201 238776 0 0 0
2946 -1672 96 242 627085 0 0 0
2253 566 238 117 213748 0 0 0
-84 -2317 41 5 984322 0 0 0
1776 3062 119 134 875324 0 0 0
1488 939 131 174 519190 0 0 0
-1306 81 207 172 308856 0 0 0
544 971 159 117 562755 0 0 0
2818 2465 129 140 187811 0 0 0
-15 3085 69 91 933327 0 0 0
2648 2741 38 261 579567 0 0 0
-2614 -1903 265 123 851919 0 0 0
-1828 -3027 118 73 221809 0 0 0
-2402 1441 158 173 832341 0 0 0
2297 -932 105 46 793907 0 0 0
1375 -2407 255 250 356747 0 0 0
-1238 1708 279 208 898245 0 0 0
-1913 629 123 63 370054 0 0 0
-621 -1571 252 86 904587 0 0 0
2128 797 242 156 561636 0 0 0
-2785 349 215 88 253023 0 0 0
36 -808 93 49 657478 0 0 0
2018 3058 109 68 229882 0 0 0
2699 -1651 38 237 355762 0 0 0
2809 -1593 268 101 145513 0 0 0
-1549 -640 126 124 478778 0 0 0
1208 -823 134 187 715060 0 0 0
-835 1991 81 263 636332 0 0 0
-188 72 96 179 685047 0 0 0
-1729 242 100 192 501338 0 0 0
-2904 -1803 39 38 800203 0 0 0
-787 785 75 9 785224 0 0 0
3144 2668 43 20 759249 0 0 0
-2506 1609 199 146 798443 0 0 0
-2858 851 67 90 573244 0 0 0
-3155 2885 151 93 806186 0 0 0
2531 -551 113 189 403263 0 0 0
2747 2476 138 243 996906 0 0 0
1826 -2838 114 255 660040 0 0 0
3051 2057 201 35 908865 0 0 0
1732 2395 219 160 619995 0 0 0
-1482 -3100 130 223 921174 0 0 0
3069 1206 9 172 369709 0 0 0
-2856 -1202 120 110 110877 0 0 0
1654 -3108 123 118 432281 0 0 0
2550 -2106 44 82 829976 0 0 0
-1856 -1456 95 208 494177 0 0 0
-1861 -2028 151 85 835484 0 0 0
-58 1891 8 133 372643 0 0 0
-2341 2671 46 156 909563 0 0 0
-2061 3035 26 76 701889 0 0 0
-2846 1366 240 80 545327 0 0 0
-1258 837 13 25 295891 0 0 0
-2852 609 229 85 735338 0 0 0
-297 1612 207 242 123022 0 0 0
1130 1791 201 26 762338 0 0 0
-833 662 221 252 838208 0 0 0
772 1416 245 15 406131 0 0 0
-1082 1041 40 203 120511 0 0 0
1413 1254 226 221 481533 0 0 0
-1388 400 69 164 475501 0 0 0
-2296 3049 124 183 180851 0 0 0
-2366 70 73 183 982326 0 0 0
704 872 20 90 516899 0 0 0
-630 -1357 207 15 895225 0 0 0
2808 1216 72 123 176701 0 0 0
2508 -2545 52 165 264246 0 0 0
2659 1593 60 72 710353 0 0 0
-89 680 272 122 296698 0 0 0
156 -1495 128 31 200573 0 0 0
-2998 1624 27 226 198665 0 0 0
-1212 -16 280 88 799495 0 0 0
1320 1863 155 109 570402 0 0 0
380 -3143 246 231 112068 0 0 0
2509 -392 237 121 652913 0 0 0
-1287 1261 76 156 518792 0 0 0
-1354 -641 187 220 386299 0 0 0
-2368 2329 154 67 346215 0 0 0
849 1124 103 102 993659 0 0 0
-2356 -2102 114 214 354484 0 0 0
-923 -2748 82 23 701213 0 0 0
3135 -1919 222 90 273515 0 0 0
1759 382 273 124 800072 0 0 0
-435 2062 133 197 778004 0 0 0
174 1665 169 147 560328 0 0 0
-1169 -1225 172 268 542495 0 0 0
1541 -418 174 124 627793 0 0 0
-1747 -1827 149 101 721029 0 0 0
1960 -1303 239 152 355614 0 0 0
-1415 1108 126 238 586266 0 0 0
2659 -2539 40 34 181103 0 0 0
2420 -283 130 115 585790 0 0 0
719 40 14 3 934357 0 0 0
1648 1909 92 101 526801 0 0 0
2487 1168 218 76 994925 0 0 0
2061 -2617 42 82 493204 0 0 0
-1824 -2349 269 223 642355 0 0 0
36 -1931 279 171 729023 0 0 0
-742 -2028 83 226 588758 0 0 0
473 3014 39 115 144075 0 0 0
2556 -137 233 18 805008 0 0 0
590 -738 250 263 259566 0 0 0
-2160 2180 68 112 306384 0 0 0
-2541 504 174 56 615356 0 0 0
-2841 843 209 230 642481 0 0 0
473 1202 277 98 424797 0 0 0
-1566 2757 214 158 955666 0 0 0
1013 2298 249 127 662502 0 0 0
914 -50 48 103 355281 0 0 0
970 613 138 49 151869 0 0 0
1724 195 205 54 364580 0 0 0
1146 1683 133 152 540243 0 0 0
-1066 2842 159 29 934512 0 0 0
-2860 -884 218 177 168861 0 0 0
982 -2558 79 176 728539 0 0 0
2471 1557 112 215 953067 0 0 0
3053 1777 146 182 223701 0 0 0
1771 2175 148 77 383867 0 0 0
-1205 1113 108 102 342007 0 0 0
-2837 -683 92 52 572910 0 0 0
-1162 2582 214 176 933523 0 0 0
-2685 522 122 253 924155 0 0 0
-1802 -1956 76 10 430200 0 0 0
1354 -1416 15 35 270921 0 0 0
-1016 -806 246 93 167042 0 0 0
2641 2324 211 195 163098 0 0 0
-1321 86 223 61 182108 0 0 0
-2650 1953 89 69 841381 0 0 0
246 1939 137 8 486906 0 0 0
111 -534 50 200 458208 0 0 0
1934 -1348 98 193 587038 0 0 0
-987 -1083 70 67 212985 0 0 0
-490 -2561 256 224 387090 0 0 0
-2719 123 233 236 983057 0 0 0
3065 -2679 98 171 524368 0 0 0
-1733 -139 156 135 341388 0 0 0
728 2741 252 232 810317 0 0 0
756 -1107 41 212 991558 0 0 0
-2559 1671 30 25 248257 0 0 0
1623 -1713 57 101 625321 0 0 0
-1326 -1655 58 43 962776 0 0 0
2856 87 149 235 447617 0 0 0
1657 -2395 182 57 746563 0 0 0
-2081 -209 42 27 946840 0 0 0
107 2266 98 224 714409 0 0 0
3100 1742 2 150 772317 0 0 0
-1711 -174 269 94 611328 0 0 0
-1486 -942 246 223 180464 0 0 0
-1060 -1079 39 122 265621 0 0 0
-288 -504 139 72 297764 0 0 0
-1442 -2501 76 226 318259 0 0 0
2297 -68 271 221 881594 0 0 0
810 34 265 243 877092 0 0 0
3096 -363 138 132 683826 0 0 0
583 -1648 6 93 222034 0 0 0
-1114 1967 46 156 103643 0 0 0
-1965 369 55 253 543560 0 0 0
-2114 -360 14 98 642468 0 0 0
-1663 -16 231 240 975350 0 0 0
2493 256 86 265 924074 0 0 0
1489 2647 214 237 773206 0 0 0
-1974 2813 6 219 716752 0 0 0
-3185 -34 129 215 127342 0 0 0
3079 368 139 264 339178 0 0 0
1076 49 71 129 124122 0 0 0
-1497 -2380 230 182 964159 0 0 0
1825 -2019 195 117 696838 0 0 0
-1914 -2254 153 82 765266 0 0 0
1607 -3008 41 229 946782 0 0 0
-2294 875 82 82 503861 0 0 0
84 2743 79 195 243184 0 0 0
1091 -3160 83 65 967823 0 0 0
-356 3069 216 72 395499 0 0 0
2575 920 166 160 520782 0 0 0
1834 602 32 6 316233 0 0 0
126 1054 162 186 234481 0 0 0
-1714 224 278 41 859092 0 0 0
-2598 -52 130 46 547607 0 0 0
-3053 2601 229 195 239910 0 0 0
56 -2535 239 88 102256 0 0 0
-683 -2726 184 225 544456 0 0 0
-2660 115 84 233 952698 0 0 0
734 -2952 249 31 547463 0 0 0
-3200 1902 23 150 297783 0 0 0
2971 2072 160 71 861273 0 0 0
-1076 -1058 79 110 290388 0 0 0
2635 -2256 53 157 508438 0 0 0
537 95 170 38 452187 0 0 0
-161 -2208 231 262 344518 0 0 0
442 -396 51 181 637907 0 0 0
-745 -533 260 116 599646 0 0 0
-356 454 77 235 667620 0 0 0
-1435 136 182 83 756811 0 0 0
845 -915 107 211 864014 0 0 0
-525 -2579 153 195 965836 0 0 0
-1745 89 52 194 236322 0 0 0
1762 -2896 18 235 709481 0 0 0
1545 -1200 244 42 498593 0 0 0
-2564 1596 150 141 335198 0 0 0
-358 -663 96 30 523569 0 0 0
-1597 412 79 245 564467 0 0 0
248 3174 193 65 571501 0 0 0
-950 -818 203 135 342190 0 0 0
-743 -378 124 181 616336 0 0 0
419 1857 40 162 434681 0 0 0
-1368 -2851 129 240 889834 0 0 0
1208 -1947 152 1 675304 0 0 0
-78 2038 218 45 257122 0 0 0
1033 -1821 91 23 554582 0 0 0
2303 -2122 179 221 655731 0 0 0
2820 3128 113 110 343950 0 0 0
-994 -1267 75 166 486835 0 0 0
1746 -1097 51 111 828174 0 0 0
-2178 712 177 152 852965 0 0 0
-2223 -1176 77 207 259091 0 0 0
-2378 -127 232 153 826607 0 0 0
-2504 -992 35 168 800330 0 0 0
-1624 670 111 125 673986 0 0 0
-2592 3070 237 58 365535 0 0 0
1953 -1145 139 171 771923 0 0 0
-2430 -2007 235 161 532078 0 0 0
2814 -1413 156 209 132765 0 0 0
511 -1657 2 236 630826 0 0 0
-1893 1032 233 124 511267 0 0 0
-2290 -170 170 89 277083 0 0 0
1264 2084 256 25 833903 0 0 0
-1102 2876 135 208 405640 0 0 0
-754 -1184 142 42 528849 0 0 0
710 -1367 157 45 195265 0 0 0
-2500 523 281 114 483140 0 0 0
-1155 175 94 200 348798 0 0 0
-1596 -1995 38 195 174647 0 0 0
-2844 114 214 259 738983 0 0 0
2635 -1603 210 120 830509 0 0 0
-1805 2513 152 121 222468 0 0 0
-302 2560 6 194 915007 0 0 0
-1766 -959 112 198 455966 0 0 0
54 1483 144 109 175358 0 0 0
-2355 -1235 69 127 721679 0 0 0
-2754 -266 55 227 602178 0 0 0
3191 -906 276 7 922335 0 0 0
-1229 -241 168 204 730029 0 0 0
-326 -1704 165 181 650847 0 0 0
-3171 -262 38 252 750704 0 0 0
-2770 672 249 180 148299 0 0 0
-1523 -2383 149 163 227537 0 0 0
-2216 -518 41 60 749312 0 0 0
3184 -1430 168 208 619178 0 0 0
-1216 1778 263 53 673829 0 0 0
-187 -1219 61 161 690989 0 0 0
-1737 1686 169 101 700015 0 0 0
-1590 -623 186 39 353032 0 0 0
1106 -1471 232 39 246013 0 0 0
398 29 74 169 769485 0 0 0
-220 -441 243 127 184613 0 0 0
2711 -2401 121 124 150553 0 0 0
878 2256 241 57 377614 0 0 0
2160 668 133 1 447927 0 0 0
1607 2730 72 87 344207 0 0 0
1841 -3068 31 105 633645 0 0 0
1250 2158 214 49 390906 0 0 0
2289 -2832 128 13 420820 0 0 0
-231 -3159 160 117 925150 0 0 0
516 1999 72 109 321616 0 0 0
1066 2188 115 133 149484 0 0 0
-2116 -2077 123 33 735848 0 0 0
-442 1954 95 194 167774 0 0 0
-1281 -1489 273 225 732190 0 0 0
-1328 1710 47 94 495231 0 0 0
-1374 -850 131 206 149127 0 0 0
-2111 1569 208 171 384720 0 0 0
2666 -2864 218 12 365902 0 0 0
2579 -1243 44 187 439963 0 0 0
-1132 -2938 16 204 178687 0 0 0
172 1042 221 12 999473 0 0 0
1662 -3018 52 199 442921 0 0 0
-2979 253 176 60 838192 0 0 0
-2564 -687 40 207 995879 0 0 0
-2887 -1309 55 255 873935 0 0 0
-123 -2509 28 155 941756 0 0 0
-2400 -1698 191 159 644677 0 0 0
-2278 -1154 67 65 477502 0 0 0
-446 -1635 95 151 188406 0 0 0
2291 -1092 67 204 319769 0 0 0
77 -439 52 104 180695 0 0 0
-2457 675 186 79 979037 0 0 0
715 793 45 198 543666 0 0 0
-1394 359 259 30 250162 0 0 0
-706 2046 51 253 585267 0 0 0
2611 -1543 46 181 364586 0 0 0
-3164 615 87 94 183663 0 0 0
1754 -652 215 114 134665 0 0 0
464 -542 100 148 690173 0 0 0
-2786 -3149 235 116 233876 0 0 0
-573 -312 170 51 468399 0 0 0
1983 1438 274 24 254329 0 0 0
-2837 665 108 44 786444 0 0 0
-374 -2913 215 246 834156 0 0 0
-77 904 101 46 357572 0 0 0
1266 339 255 147 229237 0 0 0
-2627 -2218 46 218 132395 0 0 0
-546 1414 257 10 499816 0 0 0
-455 -771 202 215 319498 0 0 0
-33 851 105 12 641844 0 0 0
-2684 347 220 209 835229 0 0 0
2400 252 185 146 414404 0 0 0
2648 2740 166 241 994184 0 0 0
-799 842 107 60 362980 0 0 0
-2241 -1502 145 26 872413 0 0 0
2130 -2481 213 194 632799 0 0 0
3019 -225 193 136 964331 0 0 0
1949 -1745 135 22 171544 0 0 0
1805 2114 96 89 658585 0 0 0
-3105 86 158 97 350073 0 0 0
-2160 -1824 215 208 508928 0 0 0
2560 -1071 270 73 278036 0 0 0
268 1453 280 77 696978 0 0 0
1291 2531 265 103 931004 0 0 0
2963 966 75 67 389882 0 0 0
2554 84 280 59 256535 0 0 0
-2022 -3162 201 131 667044 0 0 0
1414 -1999 42 161 594615 0 0 0
-1057 -2350 59 190 679608 0 0 0
999 -2103 210 98 647462 0 0 0
1218 1647 207 124 489647 0 0 0
-1427 1893 95 22 125161 0 0 0
2193 246 146 223 572910 0 0 0
2990 3180 95 246 444500 0 0 0
694 -1749 218 113 458999 0 0 0
2212 48 153 123 768471 0 0 0
-2315 1220 213 23 480254 0 0 0
-1201 2105 86 62 848252 0 0 0
2708 2020 227 220 809600 0 0 0
-746 -1073 242 248 479839 0 0 0
-2209 -2878 180 39 514888 0 0 0
1097 403 172 40 444113 0 0 0
-222 -699 11 177 265310 0 0 0
-1434 874 42 133 474782 0 0 0
-1953 2563 184 117 328659 0 0 0
-672 1312 68 145 622262 0 0 0
-263 888 163 127 930101 0 0 0
1771 2188 157 75 929175 0 0 0
3066 -724 35 182 169093 0 0 0
1265 -2564 241 228 439946 0 0 0
474 439 132 245 507609 0 0 0
-1833 -1299 231 115 548758 0 0 0
2154 3117 256 79 306407 0 0 0
-2143 -429 99 130 614285 0 0 0
-2869 -860 265 240 566961 0 0 0
-121 2080 104 101 416557 0 0 0
-2640 1394 50 34 479536 0 0 0
605 -2229 92 245 895072 0 0 0
-2840 -1769 34 216 330259 0 0 0
1761 1779 16 54 398443 0 0 0
-820 -2878 229 191 618536 0 0 0
2768 -2397 231 73 945533 0 0 0
-982 -523 63 205 795609 0 0 0
-2518 -291 264 106 146958 0 0 0
1631 -255 58 191 518407 0 0 0
1793 -1448 145 34 159885 0 0 0
772 -2191 161 3 258862 0 0 0
910 322 194 92 944990 0 0 0
-1823 -2419 83 217 782445 0 0 0
2779 1144 56 20 495285 0 0 0
-1215 3021 56 135 671681 0 0 0
-3028 909 156 229 963294 0 0 0
131 -1906 65 141 931884 0 0 0
2827 -1095 182 3 948930 0 0 0
-2712 307 41 205 914909 0 0 0
1932 219 79 16 226991 0 0 0
3003 -3012 132 222 909846 0 0 0
2859 -1768 146 121 211577 0 0 0
241 2495 151 122 431628 0 0 0
-1699 -1281 70 255 617718 0 0 0
2165 -2629 18 107 317366 0 0 0
965 1948 13 66 632628 0 0 0
-2557 -3117 229 81 474313 0 0 0
-2801 3165 273 119 441675 0 0 0
-2975 -2676 244 35 692969 0 0 0
63 -8 134 220 190775 0 0 0
-2041 -2044 91 242 630551 0 0 0
1700 -1313 8 185 343559 0 0 0
-2350 -1422 82 210 436146 0 0 0
1606 -65 69 55 671021 0 0 0
-1566 1959 16 168 513708 0 0 0
985 -1681 262 80 346776 0 0 0
-1784 769 61 88 230079 0 0 0
-625 1651 267 178 365304 0 0 0
-600 -1784 120 113 536893 0 0 0
-2684 2722 107 137 286860 0 0 0
2904 -244 253 170 158117 0 0 0
422 -1201 237 115 979610 0 0 0
-1814 548 154 85 559963 0 0 0
-376 -1926 6 26 903990 0 0 0
-3001 -580 83 263 118509 0 0 0
1379 -2729 225 168 906455 0 0 0
2932 1135 82 183 129199 0 0 0
-1578 -1088 30 166 483407 0 0 0
3032 330 157 39 779307 0 0 0
2038 2719 36 257 563860 0 0 0
2606 -3073 31 39 425145 0 0 0
-1612 857 197 95 152024 0 0 0
-2924 2470 230 55 113903 0 0 0
-277 -447 192 75 157085 0 0 0
-781 2897 18 264 384486 0 0 0
1969 -1754 119 229 887836 0 0 0
2805 -1869 159 77 681160 0 0 0
429 -3133 102 96 101787 0 0 0
2836 -2206 167 90 349276 0 0 0
-3087 1714 204 245 706060 0 0 0
2560 761 119 141 200521 0 0 0
-294 -227 167 159 559577 0 0 0
2192 -112 240 108 818443 0 0 0
1785 984 182 88 702582 0 0 0
2742 -1125 248 237 362283 0 0 0
-658 -2684 230 144 428575 0 0 0
248 2688 23 100 370322 0 0 0
1913 2971 264 89 564938 0 0 0
1893 1311 206 140 273992 0 0 0
-3138 -3184 256 217 324645 0 0 0
-301 220 56 32 483235 0 0 0
-945 2546 199 250 717282 0 0 0
-796 1600 260 267 156607 0 0 0
-165 -1685 239 71 134070 0 0 0
241 -2334 157 10 191020 0 0 0
305 2976 199 207 177619 0 0 0
1828 1025 142 153 503196 0 0 0
121 1835 136 78 492151 0 0 0
2155 354 129 138 746572 0 0 0
923 1537 247 61 468806 0 0 0
662 865 97 214 984729 0 0 0
-2940 2191 100 6 348564 0 0 0
692 -2668 270 194 803505 0 0 0
-847 2591 119 138 941310 0 0 0
-762 -365 41 33 678870 0 0 0
-2710 1726 56 71 940728 0 0 0
-495 -2048 169 86 341606 0 0 0
1559 -492 190 202 297303 0 0 0
-2668 1235 10 114 894006 0 0 0
-1406 -2279 137 208 799839 0 0 0
1376 1623 29 105 297466 0 0 0
1700 1563 128 16 685552 0 0 0
2710 -3004 165 212 212913 0 0 0
66 -761 6 122 217337 0 0 0
-2524 -2957 252 219 920132 0 0 0
1019 -1180 207 62 397121 0 0 0
3108 -2692 256 246 888826 0 0 0
-2059 1905 201 189 809496 0 0 0
-914 1883 244 1 727366 0 0 0
2019 3131 15 177 715991 0 0 0
-619 -2038 212 216 349303 0 0 0
292 -2508 25 157 936142 0 0 0
-3088 -2041 5 93 398420 0 0 0
1713 -2580 270 261 513075 0 0 0
-2030 1411 154 69 512719 0 0 0
104 2082 94 64 702742 0 0 0
-2507 -2689 44 45 693547 0 0 0
62 2478 247 215 326929 0 0 0
1621 888 166 121 904754 0 0 0
680 1484 199 138 127001 0 0 0
-684 913 20 70 388067 0 0 0
-499 2792 36 45 259006 0 0 0
3098 -2845 38 29 563970 0 0 0
-107 -1376 50 194 680063 0 0 0
2020 2177 25 171 513435 0 0 0
-2676 339 56 70 832092 0 0 0
-723 1143 281 261 599374 0 0 0
1962 2258 244 58 464315 0 0 0
-2464 -2676 185 13 136816 0 0 0
-488 -718 234 67 452553 0 0 0
-1291 695 98 149 204485 0 0 0
-2115 1405 35 17 259819 0 0 0
1635 2923 31 143 518714 0 0 0
1546 829 234 155 875824 0 0 0
-495 2847 53 96 729834 0 0 0
-1518 -1840 82 15 783859 0 0 0
402 -2774 149 54 217055 0 0 0
-3066 -1149 170 233 862312 0 0 0
1211 980 107 76 418589 0 0 0
-314 584 116 151 357546 0 0 0
-995 1295 121 77 198176 0 0 0
-1426 -3200 49 50 986670 0 0 0
840 -2938 56 184 484891 0 0 0
3085 823 146 37 314731 0 0 0
-3049 -649 103 226 964567 0 0 0
1894 3062 262 159 112109 0 0 0
719 3049 266 168 108687 0 0 0
-597 346 199 15 874082 0 0 0
-594 647 49 48 800342 0 0 0
1345 1428 70 207 652181 0 0 0
732 -988 60 83 689087 0 0 0
1042 3027 194 136 487911 0 0 0
311 -102 45 41 342133 0 0 0
-1508 1030 43 170 195137 0 0 0
-1616 -2465 272 75 907902 0 0 0
3112 -1489 191 139 367341 0 0 0
1963 -2092 268 177 255678 0 0 0
2308 558 37 98 788956 0 0 0
-872 -1006 112 159 620040 0 0 0
-1749 2865 222 106 686757 0 0 0
-3118 1241 18 97 562296 0 0 0
697 -832 71 263 788322 0 0 0
1878 -3091 253 221 528253 0 0 0
-2952 -484 248 263 175938 0 0 0
1048 2032 239 221 864482 0 0 0
-2073 -348 80 171 620633 0 0 0
-2954 -1887 184 53 466519 0 0 0
2889 -286 208 12 194983 0 0 0
-2625 -127 37 75 958987 0 0 0
-74 1306 217 170 865155 0 0 0
1974 1871 152 210 372684 0 0 0
858 -2374 137 41 409129 0 0 0
2424 1158 202 222 457691 0 0 0
-1857 -290 115 34 221375 0 0 0
-847 -461 220 42 667952 0 0 0
1173 2078 248 111 939579 0 0 0
-2957 -1555 145 209 415026 0 0 0
-2866 -875 12 265 419617 0 0 0
470 -242 36 173 421181 0 0 0
-1548 2212 200 120 256456 0 0 0
758 -1809 166 66 606426 0 0 0
586 -1505 234 45 494846 0 0 0
1554 3016 53 22 868671 0 0 0
-1564 -2739 171 77 505927 0 0 0
2822 -197 126 9 741115 0 0 0
2550 2430 98 102 506889 0 0 0
520 -639 245 146 437309 0 0 0
1041 -2868 216 145 219444 0 0 0
-111 -2371 78 212 266890 0 0 0
-2961 -2262 112 207 475127 0 0 0
1771 -334 70 89 827432 0 0 0
964 -2426 278 20 523064 0 0 0
-2556 566 81 207 658401 0 0 0
784 -1091 155 202 832064 0 0 0
-2733 -255 70 222 396475 0 0 0
-1485 2338 53 168 633857 0 0 0
-1206 -1645 256 43 170408 0 0 0
383 751 73 17 837592 0 0 0
2828 387 68 262 589788 0 0 0
961 2331 87 6 751810 0 0 0
-3194 -897 196 26 790894 0 0 0
1030 -1956 243 156 327328 0 0 0
-1535 2813 133 155 827236 0 0 0
1082 -1649 220 170 130628 0 0 0
-2106 -1296 112 56 260029 0 0 0
-1214 -2587 59 190 762417 0 0 0
1831 2962 242 23 594881 0 0 0
-872 -2604 197 218 576524 0 0 0
2677 588 113 198 942626 0 0 0
2247 -2711 261 148 934190 0 0 0
-1856 -3125 25 89 760505 0 0 0
2374 -1351 77 136 833738 0 0 0
-1694 62 115 255 930768 0 0 0
176 2200 256 44 743031 0 0 0
-591 -2461 60 211 579758 0 0 0
-3038 -815 7 200 267809 0 0 0
3196 1149 41 12 403252 0 0 0
1918 -2007 173 115 564639 0 0 0
2481 1580 250 95 447850 0 0 0
-3036 -3025 249 107 105856 0 0 0
-1573 -1531 97 237 950918 0 0 0
1029 1023 83 177 326992 0 0 0
-507 140 57 235 178781 0 0 0
2965 2515 192 165 619495 0 0 0
3016 -2401 258 173 379488 0 0 0
-126 -167 152 178 721892 0 0 0
2402 -1807 68 2 189141 0 0 0
-2181 -2010 196 256 235498 0 0 0
-1115 738 239 159 841735 0 0 0
1035 774 96 96 583509 0 0 0
-469 2761 186 7 844102 0 0 0
976 -1073 120 193 995629 0 0 0
-353 288 235 234 507178 0 0 0
2278 -3001 145 249 964367 0 0 0
3100 -2739 222 224 426516 0 0 0
-1773 550 26 108 800530 0 0 0
3050 1213 49 171 695535 0 0 0
967 3058 107 167 447396 0 0 0
-3194 -2475 261 42 764108 0 0 0
1242 -641 73 186 618681 0 0 0
2213 1112 279 183 303032 0 0 0
-148 -470 108 85 965358 0 0 0
-811 -1563 5 13 598130 0 0 0
2660 2426 115 258 682340 0 0 0
2416 2562 80 54 961233 0 0 0
-2399 329 94 191 504147 0 0 0
1043 752 54 58 565879 0 0 0
-1262 2370 217 129 647413 0 0 0
3067 -2818 39 35 925517 0 0 0
-3008 -2287 179 222 768324 0 0 0
2047 -929 81 69 822205 0 0 0
-1643 -1784 214 104 541905 0 0 0
-2749 2538 222 114 879738 0 0 0
-2543 -1807 260 57 594005 0 0 0
1980 3137 159 27 395500 0 0 0
1658 -2269 114 64 360483 0 0 0
-3174 -766 198 133 555561 0 0 0
2166 3020 169 256 867019 0 0 0
2597 -2504 242 81 651425 0 0 0
651 499 140 96 716092 0 0 0
-598 -786 30 227 474049 0 0 0
1384 -822 52 150 756169 0 0 0
-1808 2422 40 191 607891 0 0 0
1594 2686 276 32 907435 0 0 0
-2955 -396 213 79 909367 0 0 0
2363 625 162 58 386024 0 0 0
-2056 235 77 97 803296 0 0 0
-383 -1634 208 102 750870 0 0 0
1550 -2751 113 218 460129 0 0 0
-1281 -24 216 265 604648 0 0 0
953 -438 155 38 564569 0 0 0
-210 -1116 9 154 284447 0 0 0
1386 3148 66 18 852211 0 0 0
-908 -2118 50 59 783962 0 0 0
2949 670 269 88 736301 0 0 0
3011 -2646 235 138 864744 0 0 0
32 -399 37 255 914047 0 0 0
-2268 -2153 146 58 917971 0 0 0
-288 589 229 259 228328 0 0 0
-260 2260 180 254 762354 0 0 0
-983 -168 35 22 589093 0 0 0
2781 2801 197 19 220494 0 0 0
-1616 -1167 279 31 657039 0 0 0
-1829 -2866 142 156 418377 0 0 0
821 1781 279 35 394209 0 0 0
187 415 171 54 850589 0 0 0
1604 342 26 83 783079 0 0 0
1240 124 118 64 539534 0 0 0
-3184 3097 135 156 396590 0 0 0
2447 807 70 217 358402 0 0 0
668 585 159 192 727003 0 0 0
-3178 2275 80 42 318224 0 0 0
2020 -197 229 234 484020 0 0 0
2461 -1791 82 83 108821 0 0 0
-1760 -2820 238 90 471061 0 0 0
-833 -1348 167 220 203550 0 0 0
-2154 963 142 176 635276 0 0 0
2605 1200 244 88 881617 0 0 0
1782 2252 241 79 365084 0 0 0
1730 2641 10 21 831630 0 0 0
-1265 -2064 150 26 209604 0 0 0
-379 1131 12 247 417214 0 0 0
-686 379 174 160 164710 0 0 0
-2947 2763 274 65 780141 0 0 0
1863 -879 163 218 800739 0 0 0
3000 -2648 38 116 761781 0 0 0
937 1438 259 179 666577 0 0 0
-1754 -2365 28 198 283165 0 0 0
-2949 -3097 38 214 736934 0 0 0
-1059 -402 154 38 320868 0 0 0
-1347 511 39 60 443958 0 0 0
3136 1515 56 37 192242 0 0 0
-2389 143 157 161 913028 0 0 0
223 3165 62 48 972893 0 0 0
-3071 -2761 132 60 103799 0 0 0
-1913 -2726 22 261 813575 0 0 0
-2917 -349 31 211 188336 0 0 0
-2890 -12 108 161 230944 0 0 0
260 -387 12 131 611924 0 0 0
2044 -1725 58 243 864300 0 0 0
-2535 -1657 136 119 223568 0 0 0
-3161 1305 133 192 444030 0 0 0
-3136 2793 232 62 224623 0 0 0
-253 111 153 193 800440 0 0 0
2840 -2737 111 267 849997 0 0 0
586 -2824 209 207 638684 0 0 0
1593 2524 255 246 503466 0 0 0
-1979 1946 254 235 605508 0 0 0
1818 1994 86 80 551116 0 0 0
-2782 675 128 79 951330 0 0 0
-602 -540 58 264 152188 0 0 0
-453 412 246 7 529962 0 0 0
-2019 1011 16 143 147306 0 0 0
1486 1201 79 201 818933 0 0 0
-860 -883 150 144 741512 0 0 0
-1508 583 186 236 484090 0 0 0
434 -268 69 186 416786 0 0 0
565 1566 84 127 829584 0 0 0
-225 -137 277 81 607168 0 0 0
-2960 1398 32 242 888438 0 0 0
2531 3184 179 162 803238 0 0 0
-1903 -2854 134 10 324907 0 0 0
-2773 2440 86 253 271394 0 0 0
-2062 849 108 244 546990 0 0 0
-507 238 196 121 770439 0 0 0
-2012 -1681 14 86 369444 0 0 0
-979 3025 253 10 439484 0 0 0
-2627 12 218 221 750917 0 0 0
995 -2037 120 43 299168 0 0 0
-2781 784 6 182 332482 0 0 0
2086 -477 227 263 349259 0 0 0
1652 298 242 133 987434 0 0 0
-2294 -2562 243 53 524970 0 0 0
1850 1470 69 217 912113 0 0 0
-605 427 50 81 409299 0 0 0
-3115 -1914 263 260 535182 0 0 0
208 -2149 68 52 864134 0 0 0
2304 2436 246 255 204577 0 0 0
-2089 -2005 30 198 362576 0 0 0
38 311 185 171 691682 0 0 0
3105 -1949 91 6 218451 0 0 0
2084 3186 200 142 720892 0 0 0
-1295 -1100 65 24 609937 0 0 0
1679 117 43 207 107673 0 0 0
-2235 2932 96 81 300531 0 0 0
2860 2028 247 86 388627 0 0 0
-1978 1538 41 251 739878 0 0 0
1610 -701 4 257 173735 0 0 0
-589 998 152 230 351486 0 0 0
-2174 1082 134 59 413970 0 0 0
-2150 -1238 2 98 575983 0 0 0
-441 246 186 218 148686 0 0 0
3071 2862 257 7 153640 0 0 0
1338 556 271 247 740962 0 0 0
573 3194 133 208 718434 0 0 0
-2471 -474 245 178 938406 0 0 0
1256 -2183 69 106 895283 0 0 0
-847 1656 13 264 683569 0 0 0
-2344 -3062 201 233 550382 0 0 0
-875 1036 100 147 710805 0 0 0
-733 1509 1 81 490642 0 0 0
-165 9 21 45 876868 0 0 0
-2244 -1836 273 165 626205 0 0 0
2775 371 120 240 490989 0 0 0
-682 -1530 119 122 647530 0 0 0
2932 1407 203 57 725878 0 0 0
1381 1465 123 72 208950 0 0 0
-1143 1335 73 126 979001 0 0 0
-1927 -2854 236 245 723814 0 0 0
1372 2881 138 147 409532 0 0 0
-3161 -2380 42 6 660722 0 0 0
-3091 -1546 61 255 771876 0 0 0
-2212 -1392 195 224 902882 0 0 0
-2681 -569 121 231 583838 0 0 0
-2935 -596 194 97 283563 0 0 0
2246 -1083 12 199 563711 0 0 0
-2821 -1440 268 104 937233 0 0 0
2481 1245 279 265 934154 0 0 0
-1111 -1594 133 9 679261 0 0 0
582 -2615 185 244 887580 0 0 0
-2938 -1074 97 192 865368 0 0 0
1748 60 169 198 429660 0 0 0
-494 876 15 51 608099 0 0 0
2928 2070 143 120 302292 0 0 0
-1053 -2102 226 13 167166 0 0 0
313 321 151 131 265554 0 0 0
2233 -3192 248 157 306072 0 0 0
2401 -389 178 14 922278 0 0 0
161 112 191 89 668787 0 0 0
-546 384 96 32 636859 0 0 0
1581 2654 27 201 529435 0 0 0
-1629 1745 1 200 514689 0 0 0
-2991 607 245 187 989012 0 0 0
-1440 2432 138 194 131183 0 0 0
286 2896 180 148 192618 0 0 0
-2929 -347 47 89 636575 0 0 0
2309 -125 239 42 691371 0 0 0
2967 -3023 131 31 386921 0 0 0
2975 342 19 228 173691 0 0 0
-1455 -2150 89 257 839637 0 0 0
1579 1021 130 122 982624 0 0 0
-552 -3014 260 218 536559 0 0 0
228 2690 252 165 538809 0 0 0
-82 2984 149 162 784307 0 0 0
-2850 2463 191 245 512515 0 0 0
1240 974 87 137 208155 0 0 0
-1837 -1099 252 77 405337 0 0 0
-936 -401 73 174 517654 0 0 0
-1288 -2756 215 98 947611 0 0 0
-157 -525 107 69 707114 0 0 0
-774 2888 268 79 995556 0 0 0
-120 1303 42 158 121269 0 0 0
-1152 1541 123 128 173796 0 0 0
-2579 577 43 191 353237 0 0 0
-888 -1581 197 74 965250 0 0 0
-1361 709 54 217 445270 0 0 0
2217 1479 59 30 700215 0 0 0
657 -1523 74 236 156277 0 0 0
1518 -2755 146 162 299811 0 0 0
123 2279 17 146 529272 0 0 0
2152 -144 94 226 250730 0 0 0
-1954 -2471 8 205 352775 0 0 0
2118 -1662 163 181 932785 0 0 0
-1054 -2001 190 22 595530 0 0 0
-2575 -3150 159 163 685797 0 0 0
-983 1669 174 235 900149 0 0 0
-1830 56 167 11 332562 0 0 0
607 -1263 130 140 991632 0 0 0
1500 975 187 22 247500 0 0 0
-1833 1874 202 265 814437 0 0 0
618 1557 74 225 134314 0 0 0
114 464 67 252 390350 0 0 0
-1941 -1922 243 170 512627 0 0 0
-2459 -1845 5 100 465627 0 0 0
-223 -1738 45 40 447916 0 0 0
-2850 989 43 187 979752 0 0 0
1885 -631 244 107 929347 0 0 0
-2899 -3190 33 26 945892 0 0 0
-1024 1020 74 140 959606 0 0 0
-1786 -2357 138 20 778459 0 0 0
2839 -161 208 25 590162 0 0 0
2415 -729 34 77 881387 0 0 0
-350 -416 34 36 668469 0 0 0
-769 -2510 206 256 678488 0 0 0
2169 2577 219 220 295034 0 0 0
-1232 1668 113 56 541858 0 0 0
2090 -792 164 122 944690 0 0 0
2020 -1391 223 209 572030 0 0 0
2894 -2941 109 153 795297 0 0 0
-1587 -1110 63 239 733147 0 0 0
-63 -1338 16 7 920593 0 0 0
563 533 204 72 367859 0 0 0
653 421 79 239 611047 0 0 0
2944 -747 30 132 327132 0 0 0
-1350 2230 15 64 502261 0 0 0
1848 872 33 1 213574 0 0 0
1566 -1184 15 176 572460 0 0 0
-342 787 78 15 651005 0 0 0
1869 2729 130 149 885739 0 0 0
1389 -887 281 70 629092 0 0 0
2037 124 210 159 799676 0 0 0
322 2053 211 10 214294 0 0 0
-99 -1721 23 129 815228 0 0 0
-297 1280 173 137 132001 0 0 0
-8 -475 222 36 781617 0 0 0
3169 -1180 92 101 388138 0 0 0
-2858 997 164 216 945864 0 0 0
2249 1065 212 13 984466 0 0 0
-2928 -478 185 238 475030 0 0 0
562 -866 113 38 593653 0 0 0
-875 1240 271 155 894269 0 0 0
855 286 261 211 906899 0 0 0
-2377 644 47 187 371174 0 0 0
217 -2753 121 74 558838 0 0 0
-398 -2 137 237 843573 0 0 0
1164 -3055 98 96 943827 0 0 0
-548 -514 121 213 590938 0 0 0
3095 2593 30 30 127239 0 0 0
-17 -1 262 91 986162 0 0 0
-2123 981 268 74 983098 0 0 0
3162 2217 8 42 948565 0 0 0
-185 1949 231 128 761962 0 0 0
1019 1077 111 85 830635 0 0 0
-1347 2090 96 255 688487 0 0 0
-2564 -1356 134 116 576175 0 0 0
-343 -1321 238 38 457613 0 0 0
1106 -1068 223 264 218945 0 0 0
-826 -2491 200 68 340875 0 0 0
3164 716 125 123 168398 0 0 0
-1317 -2064 209 19 330597 0 0 0
1981 -2960 125 238 423991 0 0 0
-232 -1821 87 177 373153 0 0 0
216 1119 26 164 338819 0 0 0
-1979 -737 43 60 343578 0 0 0
-7 1716 89 52 922674 0 0 0
-2316 1478 1 119 624074 0 0 0
1504 -2281 250 224 208209 0 0 0
701 -721 225 68 580159 0 0 0
1234 3104 262 205 542216 0 0 0
337 -2564 84 67 429217 0 0 0
-2053 242 169 180 528402 0 0 0
69 1772 109 29 666347 0 0 0
1609 2296 84 196 284109 0 0 0
2230 -2925 140 203 507975 0 0 0
-203 1302 34 97 403722 0 0 0
2334 1110 67 213 900995 0 0 0
-75 1674 68 174 827997 0 0 0
-1991 3148 89 222 381285 0 0 0
-1437 -2937 167 200 726547 0 0 0
-3102 1503 139 29 702470 0 0 0
235 400 80 10 369721 0 0 0
2599 183 142 242 703168 0 0 0
2601 1537 206 191 230385 0 0 0
2044 -2652 114 267 415466 0 0 0
981 2612 83 193 191304 0 0 0
1190 -725 245 236 450245 0 0 0
2950 -146 203 245 100702 0 0 0
-858 -60 73 188 860486 0 0 0
3146 2352 101 265 239488 0 0 0
1319 3026 272 49 687805 0 0 0
2283 260 104 112 139769 0 0 0
-1499 2943 187 210 227723 0 0 0
-3014 729 50 46 264381 0 0 0
-2452 1997 40 88 748306 0 0 0
712 1729 242 9 935953 0 0 0
-1385 2151 17 17 317949 0 0 0
-1905 -2516 213 12 760162 0 0 0
-1004 557 211 186 365597 0 0 0
386 576 216 187 222818 0 0 0
1625 3019 116 37 873228 0 0 0
2008 1554 157 39 127093 0 0 0
296 1368 269 240 315411 0 0 0
-2654 3062 251 1 292197 0 0 0
-2948 -2078 76 22 461853 0 0 0
-2760 2007 200 117 487913 0 0 0
-390 1781 93 133 720070 0 0 0
-173 -1999 192 123 632350 0 0 0
-1529 -485 123 245 864675 0 0 0
-334 1984 90 173 969951 0 0 0
-2040 3049 52 41 307199 0 0 0
-2173 2790 200 131 135616 0 0 0
-1406 -1374 253 97 835408 0 0 0
2814 -2588 216 40 712871 0 0 0
2151 1785 47 170 960928 0 0 0
1260 -2062 9 157 993883 0 0 0
2785 -560 77 238 459013 0 0 0
-901 2354 112 112 739265 0 0 0
-881 151 72 237 903971 0 0 0
-2129 -1874 181 247 273088 0 0 0
3131 1172 199 244 611024 0 0 0
29 -2612 152 240 798013 0 0 0
542 -780 156 85 958334 0 0 0
-2098 1069 102 155 914530 0 0 0
1752 785 205 206 638629 0 0 0
-693 -2672 185 142 859037 0 0 0
-710 -264 46 41 608154 0 0 0
-1402 2215 143 182 751663 0 0 0
-727 -2534 14 179 389061 0 0 0
407 -676 171 38 935958 0 0 0
2480 1206 102 101 448673 0 0 0
-2317 1977 61 155 258738 0 0 0
2662 2043 17 111 469623 0 0 0
2967 1402 1 59 938108 0 0 0
-623 1807 268 6 169230 0 0 0
-9 -2476 169 176 389801 0 0 0
-1329 1385 277 203 151380 0 0 0
-840 1552 8 217 580819 0 0 0
-110 -1208 180 81 407850 0 0 0
-1281 1048 143 60 344152 0 0 0
109 1210 267 267 578932 0 0 0
339 3078 191 193 164166 0 0 0
-2246 -1818 108 182 319421 0 0 0
-3092 -2627 273 266 502070 0 0 0
1858 2617 21 12 996783 0 0 0
1524 2180 52 191 230186 0 0 0
2695 -963 26 100 305078 0 0 0
-2929 258 41 72 466257 0 0 0
-211 869 225 229 455087 0 0 0
372 466 129 147 941913 0 0 0
-85 2364 250 144 232260 0 0 0
-3003 1382 123 243 647723 0 0 0
1570 -157 95 221 107952 0 0 0
2723 772 271 7 368978 0 0 0
-2111 257 269 172 396583 0 0 0
-504 -2030 161 6 407954 0 0 0
508 356 11 162 768514 0 0 0
-3174 -1407 243 116 895541 0 0 0
1187 1569 122 161 858982 0 0 0
405 -2473 62 233 467767 0 0 0
-1906 656 268 166 885652 0 0 0
1992 1917 26 34 685225 0 0 0
-3121 -393 43 240 296460 0 0 0
-411 2395 158 221 415618 0 0 0
806 2921 273 79 215237 0 0 0
-643 2093 76 243 192722 0 0 0
-1380 -1 17 139 716339 0 0 0
331 -2212 8 237 542020 0 0 0
-399 -2467 254 146 837903 0 0 0
2568 1758 84 264 638799 0 0 0
2809 -2251 49 264 158830 0 0 0
507 -396 83 142 750443 0 0 0
258 3090 85 168 869137 0 0 0
-241 1294 219 212 935776 0 0 0
-357 1682 72 236 594423 0 0 0
2741 -1910 13 86 110020 0 0 0
-1687 -344 84 81 640991 0 0 0
711 -4 70 15 462330 0 0 0
1329 -871 66 36 568405 0 0 0
2772 1909 253 134 927960 0 0 0
175 2055 169 204 303102 0 0 0
157 -3180 26 228 866763 0 0 0
-3101 406 245 122 107597 0 0 0
2616 1185 34 252 664843 0 0 0
-520 228 244 149 330192 0 0 0
3040 797 203 233 597094 0 0 0
-282 2703 271 46 187384 0 0 0
-1061 -3172 221 105 668110 0 0 0
1966 1747 250 21 223167 0 0 0
837 1401 80 164 552840 0 0 0
-1009 -172 7 8 119175 0 0 0
2545 -2963 77 15 517100 0 0 0
-1279 -192 65 97 405150 0 0 0
-3084 1485 100 153 873124 0 0 0
-572 -206 1 197 469082 0 0 0
293 470 128 40 868288 0 0 0
-1931 -2155 264 10 184205 0 0 0
1881 811 151 200 259146 0 0 0
-492 -586 48 144 795024 0 0 0
-1605 -2378 223 82 385713 0 0 0
1280 839 199 133 126138 0 0 0
-2087 1146 9 246 768119 0 0 0
-615 -2497 212 256 567103 0 0 0
874 -412 14 268 804675 0 0 0
-1529 1890 72 131 734156 0 0 0
2404 1026 249 229 308844 0 0 0
268 -2704 225 203 392987 0 0 0
-3049 500 107 121 965067 0 0 0
-693 1437 276 207 237905 0 0 0
2208 -1316 137 123 203657 0 0 0
-3137 -842 274 83 652060 0 0 0
-936 441 24 163 223767 0 0 0
2323 2464 182 142 247689 0 0 0
552 -1030 233 197 309783 0 0 0
-991 -1462 131 186 182033 0 0 0
-2525 -1831 63 42 650519 0 0 0
-1326 211 257 153 861910 0 0 0
1736 -851 61 199 692654 0 0 0
-955 -950 131 108 510967 0 0 0
-133 -310 204 41 236989 0 0 0
-258 1533 45 136 411147 0 0 0
1112 3052 229 158 875443 0 0 0
2828 515 28 6 625328 0 0 0
-371 1473 80 87 963624 0 0 0
2817 -1811 50 112 568479 0 0 0
2306 1810 248 216 979884 0 0 0
-2435 -628 220 118 359244 0 0 0
2730 488 129 165 438026 0 0 0
1678 -260 95 54 830396 0 0 0
-401 2677 114 126 710883 0 0 0
1466 -2654 95 27 886316 0 0 0
2782 1388 245 214 534846 0 0 0
-584 -2507 33 116 414707 0 0 0
244 -2704 275 173 340980 0 0 0
2734 1356 81 194 536258 0 0 0
867 1512 60 97 706307 0 0 0
-1774 2739 105 35 719182 0 0 0
-1224 2669 215 67 944490 0 0 0
-2372 3177 81 209 870584 0 0 0
1820 -1023 271 75 905038 0 0 0
-916 2682 239 248 867750 0 0 0
-2045 -2790 11 248 367034 0 0 0
1022 -1367 36 158 718302 0 0 0
-1554 3060 163 153 985628 0 0 0
2158 -1740 191 257 612539 0 0 0
-926 -2023 191 96 133169 0 0 0
2964 -1807 38 207 288697 0 0 0
-2176 332 142 90 891534 0 0 0
1764 3177 150 82 903462 0 0 0
-1210 -2275 273 132 984834 0 0 0
2542 1395 147 27 842313 0 0 0
1211 1470 118 96 475649 0 0 0
-477 -2748 73 142 238836 0 0 0
1167 -2515 83 186 240240 0 0 0
2942 1562 273 107 447649 0 0 0
2652 3190 58 198 141864 0 0 0
1685 -2013 189 168 595190 0 0 0
-2786 -1242 64 207 860577 0 0 0
536 3033 91 240 206181 0 0 0
2852 1737 196 142 345539 0 0 0
-113 1599 171 188 581753 0 0 0
-497 1109 109 129 122087 0 0 0
1607 -758 41 233 241243 0 0 0
1800 -74 204 30 360109 0 0 0
-927 1253 155 115 369588 0 0 0
-1523 -311 57 41 251004 0 0 0
1165 -2132 257 114 866375 0 0 0
703 -2124 263 166 348164 0 0 0
-2082 1030 165 182 824668 0 0 0
1705 396 128 247 592407 0 0 0
-1309 1634 177 149 459591 0 0 0
147 -1348 137 195 647440 0 0 0
-2080 -1614 206 127 382725 0 0 0
3 2603 63 15 307335 0 0 0
-317 187 163 131 836094 0 0 0
866 681 119 241 554172 0 0 0
1262 -927 191 52 724529 0 0 0
1636 266 48 13 383191 0 0 0
2477 -1505 272 187 190295 0 0 0
-2736 -1668 6 231 943410 0 0 0
-2587 1311 53 160 703219 0 0 0
1940 712 248 246 188703 0 0 0
1443 1227 220 109 910651 0 0 0
944 -2827 121 112 392434 0 0 0
2614 2270 24 163 610645 0 0 0
-2520 2542 119 238 327595 0 0 0
900 446 104 13 679679 0 0 0
-1185 -3086 207 213 262509 0 0 0
1262 1350 90 111 463487 0 0 0
-2672 1927 118 63 184138 0 0 0
1031 -815 144 154 910242 0 0 0
-1599 -133 43 33 323831 0 0 0
-118 22 80 135 561666 0 0 0
1979 1699 160 17 870495 0 0 0
2748 1651 110 171 878981 0 0 0
2482 -3189 1 178 398580 0 0 0
-3058 3051 251 103 609058 0 0 0
-392 693 75 244 364621 0 0 0
2218 -2970 267 84 609859 0 0 0
1024 1651 239 107 662877 0 0 0
-1571 686 106 252 466551 0 0 0
-480 -2975 139 157 764296 0 0 0
2419 -344 117 117 720056 0 0 0
-1257 -41 48 243 927745 0 0 0
1403 -1592 256 50 544629 0 0 0
650 2057 201 167 557115 0 0 0
-1765 -2476 219 21 554338 0 0 0
123 -1556 274 60 752095 0 0 0
2693 -993 9 6 984768 0 0 0
828 -939 9 103 692038 0 0 0
-2566 2660 13 260 382313 0 0 0
-2016 -2900 94 80 668221 0 0 0
-2169 2405 5 236 166706 0 0 0
