3200
2517 -892 189 253 559236 0 0 0
-730 -3195 38 23 345096 0 0 0
2272 -3104 268 125 804945 0 0 0
-1426 -2905 53 62 606283 0 0 0
2632 2828 219 188 825241 0 0 0
-206 2765 209 239 824539 0 0 0
750 -2820 280 95 406654 0 0 0
-1135 1542 227 122 944581 0 0 0
-2207 -2623 270 219 675163 0 0 0
1445 3068 192 59 173819 0 0 0
-2139 -467 177 186 473848 0 0 0
2695 -2991 261 43 955929 0 0 0
-3196 -2058 265 220 693378 0 0 0
-17 -2188 173 4 216170 0 0 0
1792 -2427 124 48 631265 0 0 0
1119 1460 157 206 605308 0 0 0
-1126 1979 185 98 492400 0 0 0
1116 2413 137 19 497604 0 0 0
-794 -2619 113 90 818015 0 0 0
-2260 -1284 87 201 618359 0 0 0
1919 -1047 83 187 652512 0 0 0
-2503 -1242 119 227 686219 0 0 0
3148 938 249 98 409333 0 0 0
1687 1209 213 117 216247 0 0 0
1302 46 98 265 276351 0 0 0
-581 2983 207 144 645533 0 0 0
-2498 -2085 66 110 586423 0 0 0
2087 1948 181 107 989571 0 0 0
-625 820 153 53 167985 0 0 0
1699 2809 195 33 214245 0 0 0
-427 493 93 174 704377 0 0 0
-1177 2293 233 44 357979 0 0 0
1700 311 35 18 513021 0 0 0
-2616 269 77 11 544892 0 0 0
213 -588 133 3 915260 0 0 0
-1455 -796 241 214 173658 0 0 0
-2271 -354 274 246 478741 0 0 0
-2429 1060 94 28 863191 0 0 0
417 690 95 63 117713 0 0 0
-1979 -942 2 96 279926 0 0 0
-773 2563 240 157 400930 0 0 0
2186 -2914 84 73 382110 0 0 0
-1911 2534 220 83 109926 0 0 0
550 162 34 108 391218 0 0 0
2588 781 54 38 163626 0 0 0
-547 589 109 188 887275 0 0 0
-1616 -1412 20 121 639651 0 0 0
901 -963 211 219 632206 0 0 0
-1360 465 265 64 747820 0 0 0
-2771 1479 248 85 792907 0 0 0
771 1303 205 236 815785 0 0 0
2355 -1352 171 37 546135 0 0 0
-1175 -1752 247 152 708763 0 0 0
-633 -2282 189 223 481574 0 0 0
2045 -356 176 79 809038 0 0 0
3128 857 239 108 479243 0 0 0
2041 -1451 176 158 464865 0 0 0
-858 -1863 53 47 465328 0 0 0
-1377 2384 249 27 392775 0 0 0
-67 2989 260 50 584640 0 0 0
903 549 74 187 290593 0 0 0
2726 2939 115 196 620088 0 0 0
-3127 1441 160 67 900565 0 0 0
-3084 1003 275 68 570148 0 0 0
1484 -36 127 68 588291 0 0 0
-1541 -2041 142 102 320997 0 0 0
42 655 187 197 909692 0 0 0
-670 -1126 187 213 995977 0 0 0
-893 -2436 127 102 552322 0 0 0
-2609 -1510 161 112 883453 0 0 0
71 316 224 69 237654 0 0 0
1891 -2499 261 119 185405 0 0 0
-2883 1981 170 123 264865 0 0 0
-2371 -3012 37 27 713945 0 0 0
3104 -2835 247 167 725246 0 0 0
-797 585 28 48 889725 0 0 0
604 2240 269 182 442860 0 0 0
170 -1884 239 238 350209 0 0 0
3189 804 190 11 278576 0 0 0
-1224 -2681 8 239 600008 0 0 0
-3089 2667 221 160 338976 0 0 0
-1180 -2760 281 96 224945 0 0 0
-3117 994 227 176 394258 0 0 0
1949 670 131 102 136198 0 0 0
1545 -710 277 103 687278 0 0 0
404 758 173 151 882334 0 0 0
368 -1292 163 58 408479 0 0 0
-486 2176 52 38 938422 0 0 0
-1321 1997 1 210 822914 0 0 0
2367 -2232 119 168 785781 0 0 0
2707 1676 30 100 985398 0 0 0
-2024 903 270 248 852097 0 0 0
-1618 1164 165 231 307562 0 0 0
602 -2793 148 51 374069 0 0 0
1677 245 131 251 267891 0 0 0
2524 1998 26 73 420804 0 0 0
2707 2507 250 168 406783 0 0 0
1492 -2929 74 57 276640 0 0 0
565 538 184 32 331595 0 0 0
-3165 474 233 27 878484 0 0 0
-2711 1674 162 14 553886 0 0 0
1953 -816 142 98 345619 0 0 0
973 97 171 109 463822 0 0 0
1249 62 166 78 539756 0 0 0
-2179 -2009 71 92 785637 0 0 0
-827 2175 100 143 909337 0 0 0
1126 2862 30 31 329679 0 0 0
2170 2397 136 100 944812 0 0 0
-3193 -1480 14 147 109776 0 0 0
-1777 -997 90 148 834125 0 0 0
-2873 -581 173 196 489601 0 0 0
-1275 1916 255 245 316758 0 0 0
1230 -361 145 79 641836 0 0 0
1222 1204 117 130 292207 0 0 0
3154 -1280 117 83 628035 0 0 0
772 -1839 182 163 244909 0 0 0
-2481 3024 140 219 427888 0 0 0
1466 -290 112 91 559805 0 0 0
-394 -1970 58 201 820973 0 0 0
-889 -3143 168 60 716511 0 0 0
165 -1450 45 65 574964 0 0 0
-1614 -1503 169 84 806803 0 0 0
1545 -2690 217 182 199705 0 0 0
-725 -169 144 160 324036 0 0 0
-2688 -1159 116 170 208261 0 0 0
3038 1032 7 103 609400 0 0 0
-2414 899 173 219 708002 0 0 0
1590 1289 119 9 515863 0 0 0
2525 -2827 227 235 821383 0 0 0
2319 -1530 42 102 256163 0 0 0
2193 1548 129 161 155257 0 0 0
-1101 566 46 159 242994 0 0 0
1459 -2474 31 232 225269 0 0 0
469 -265 147 252 343142 0 0 0
-1571 65 12 171 190596 0 0 0
1519 -2383 92 126 494489 0 0 0
2098 -609 245 107 538832 0 0 0
-1163 2108 221 211 805718 0 0 0
-770 1482 204 126 548776 0 0 0
959 2672 33 10 349104 0 0 0
-1843 359 275 72 187025 0 0 0
-2574 891 218 106 698912 0 0 0
2319 -2476 266 84 896113 0 0 0
905 -907 192 260 516834 0 0 0
-1873 -128 254 115 213740 0 0 0
-1950 1342 257 222 279933 0 0 0
603 -1112 225 267 605377 0 0 0
-1429 1154 2 163 612961 0 0 0
-1867 -42 41 199 289636 0 0 0
-1046 -3123 199 257 817604 0 0 0
1601 -1608 147 49 571553 0 0 0
-2080 337 239 264 700600 0 0 0
-404 -772 218 61 221863 0 0 0
2335 1458 226 14 424983 0 0 0
1724 -980 186 69 850952 0 0 0
-116 3032 220 162 578375 0 0 0
-1341 -1053 174 8 810265 0 0 0
2870 -234 57 170 209039 0 0 0
-2292 -403 29 162 115291 0 0 0
1043 -3114 44 61 671526 0 0 0
2879 1293 227 92 222661 0 0 0
-1205 -1866 154 76 884196 0 0 0
489 281 274 143 686745 0 0 0
1507 2445 172 92 247017 0 0 0
1745 1434 35 162 756214 0 0 0
-1352 -3090 9 46 389703 0 0 0
-1374 -826 33 170 504234 0 0 0
-1242 2380 230 34 879317 0 0 0
1017 10 183 79 411951 0 0 0
2110 -1558 156 67 497688 0 0 0
2505 910 107 130 887610 0 0 0
1414 1917 34 199 756479 0 0 0
3195 -2302 18 49 867692 0 0 0
-1125 -2219 103 34 889226 0 0 0
2908 -643 277 147 799592 0 0 0
2732 1260 85 58 411611 0 0 0
198 1970 180 25 449053 0 0 0
1825 -1735 169 71 793378 0 0 0
1399 1586 122 256 723305 0 0 0
2169 2368 154 50 311837 0 0 0
-2827 -1690 209 141 907300 0 0 0
147 142 15 76 762824 0 0 0
-451 -1821 280 239 352426 0 0 0
-3130 1307 199 158 609298 0 0 0
-2606 1739 181 227 409851 0 0 0
-2105 1548 222 152 428506 0 0 0
583 -933 19 131 802084 0 0 0
974 1534 228 231 530453 0 0 0
462 1879 94 159 258696 0 0 0
-2716 2944 72 118 127930 0 0 0
95 3082 34 237 135047 0 0 0
-3047 2796 264 182 816105 0 0 0
-2 1259 135 232 442983 0 0 0
46 2616 214 65 259076 0 0 0
-1072 -1096 279 249 928250 0 0 0
21 57 7 203 593950 0 0 0
-403 1049 272 261 137458 0 0 0
1662 564 49 24 619830 0 0 0
2932 1914 112 197 261669 0 0 0
1867 944 79 238 740323 0 0 0
519 1048 199 77 827243 0 0 0
-2629 -1353 205 205 482850 0 0 0
-194 2753 126 165 305477 0 0 0
-581 -1127 188 86 993439 0 0 0
-2677 -2723 9 79 693945 0 0 0
577 1656 79 148 891894 0 0 0
877 -2626 86 238 584247 0 0 0
439 312 168 188 410763 0 0 0
-1269 -2531 56 54 600589 0 0 0
-2625 2185 206 105 807594 0 0 0
-837 -692 188 98 347492 0 0 0
-1965 -3040 251 103 748217 0 0 0
-2523 1433 213 124 897838 0 0 0
2601 -728 139 209 348956 0 0 0
-120 -384 248 232 225620 0 0 0
1587 -766 155 148 690382 0 0 0
-1891 -278 133 162 915724 0 0 0
-1532 -1823 94 63 243838 0 0 0
556 415 228 117 874582 0 0 0
1156 -2085 112 260 447627 0 0 0
-716 2303 176 87 490554 0 0 0
10 536 218 71 394316 0 0 0
-2940 -193 82 102 536082 0 0 0
1481 -1990 21 52 525953 0 0 0
-2364 3002 59 265 988654 0 0 0
344 2439 185 203 224572 0 0 0
-1899 -3067 27 1 620368 0 0 0
747 607 222 77 434907 0 0 0
-585 -462 119 221 947307 0 0 0
-1699 1667 134 47 260558 0 0 0
-3144 -1172 56 35 975436 0 0 0
483 -1343 255 44 185562 0 0 0
2657 1519 141 11 464065 0 0 0
2904 -3004 238 202 249632 0 0 0
921 -1249 61 141 675515 0 0 0
-365 -3095 85 109 432149 0 0 0
613 -1073 186 107 671071 0 0 0
-2674 1194 131 266 834692 0 0 0
2841 -2874 207 74 401272 0 0 0
-2409 -2670 10 198 222388 0 0 0
-1878 -3102 63 22 794146 0 0 0
3019 263 32 143 144089 0 0 0
-1722 -1390 98 194 383930 0 0 0
-1492 -1636 187 26 441485 0 0 0
1131 904 237 29 306159 0 0 0
-1927 457 115 111 987061 0 0 0
-3156 940 30 258 279337 0 0 0
-2501 -1441 211 7 757830 0 0 0
-795 2346 45 100 530020 0 0 0
-2376 -1349 179 252 928450 0 0 0
1718 -420 221 142 317090 0 0 0
-2121 -3179 231 151 970269 0 0 0
1566 334 145 42 238265 0 0 0
-2083 -2485 207 115 200176 0 0 0
-1601 -63 118 233 578030 0 0 0
3 -620 206 60 242462 0 0 0
-2829 -1697 10 137 784140 0 0 0
880 -1281 14 1 507473 0 0 0
-161 -1836 235 211 290339 0 0 0
2491 2390 79 101 246486 0 0 0
-173 -2471 118 244 110623 0 0 0
360 945 16 125 919760 0 0 0
-689 -891 105 157 578177 0 0 0
2676 -2181 172 57 644198 0 0 0
-2783 669 246 161 602927 0 0 0
771 1622 112 49 349992 0 0 0
-1510 -655 131 265 155220 0 0 0
3053 358 111 132 324284 0 0 0
220 486 233 10 276867 0 0 0
-1560 2782 245 207 829515 0 0 0
-1446 957 158 60 372613 0 0 0
-2589 2198 178 255 486661 0 0 0
-875 -1450 128 66 381572 0 0 0
493 -444 234 203 348045 0 0 0
2230 -80 122 110 833659 0 0 0
2606 2472 88 177 248093 0 0 0
871 -3002 116 179 494357 0 0 0
-1036 359 244 199 639180 0 0 0
-497 3120 218 265 106473 0 0 0
1505 2777 153 252 270597 0 0 0
-2150 -456 16 161 284413 0 0 0
-2276 -1963 227 183 700354 0 0 0
2691 2750 41 265 548827 0 0 0
-365 1449 122 147 996665 0 0 0
-2841 3007 100 117 505680 0 0 0
-20 -2719 203 214 119044 0 0 0
-2267 1992 26 187 380131 0 0 0
-2408 3132 169 43 317083 0 0 0
-3030 37 150 226 172156 0 0 0
-1626 531 156 86 696082 0 0 0
-1044 -1901 123 3 480456 0 0 0
3089 -448 155 51 981243 0 0 0
-363 2992 232 42 859542 0 0 0
1474 -2178 57 133 576031 0 0 0
881 -1108 45 260 187611 0 0 0
1730 389 28 123 344013 0 0 0
-1051 -1103 174 151 751000 0 0 0
-562 -895 131 219 626808 0 0 0
-2828 -2310 110 178 234827 0 0 0
1814 321 196 178 723864 0 0 0
-2986 437 125 68 862859 0 0 0
-625 -581 130 64 169630 0 0 0
-1113 -2514 170 130 484968 0 0 0
-1620 -1776 137 83 670752 0 0 0
-2267 2172 4 223 917164 0 0 0
1123 2703 70 205 906465 0 0 0
-1220 658 48 57 465239 0 0 0
-3039 2144 257 160 237913 0 0 0
-1176 -1991 160 131 180957 0 0 0
-3173 1965 155 236 486417 0 0 0
-1969 -684 1 8 792260 0 0 0
1241 3068 181 19 272145 0 0 0
-2123 239 150 250 151065 0 0 0
443 1189 175 60 322597 0 0 0
-1764 -1562 275 114 421191 0 0 0
980 31 139 103 701559 0 0 0
-2833 195 182 143 715120 0 0 0
2343 486 11 44 746842 0 0 0
-1175 1276 281 211 966149 0 0 0
-530 -2163 114 192 329888 0 0 0
-2175 -1981 57 40 373261 0 0 0
770 2439 94 50 139554 0 0 0
-1239 42 19 55 252105 0 0 0
1676 1224 68 34 323151 0 0 0
1515 72 176 218 280658 0 0 0
-2539 -1328 192 120 695119 0 0 0
1654 -2572 122 262 878557 0 0 0
443 -1619 182 93 598704 0 0 0
-2380 -1873 77 227 601696 0 0 0
-858 670 194 123 866615 0 0 0
-2560 2503 4 204 703199 0 0 0
-509 2259 182 108 146358 0 0 0
564 2040 254 236 875314 0 0 0
478 -2896 276 5 367425 0 0 0
2731 -2880 118 44 608205 0 0 0
1862 1037 281 18 314676 0 0 0
1834 -42 94 69 723000 0 0 0
1097 -1675 25 11 779507 0 0 0
1791 2637 200 142 858159 0 0 0
42 -1842 47 191 399191 0 0 0
-791 2313 178 248 136024 0 0 0
734 2246 178 230 470691 0 0 0
1751 -1259 60 199 660263 0 0 0
-948 2756 163 171 960849 0 0 0
945 -2271 52 204 794005 0 0 0
-410 -240 22 144 646775 0 0 0
-1324 -1369 129 53 957340 0 0 0
-1626 1625 95 21 871905 0 0 0
78 -920 245 176 312584 0 0 0
-2744 733 203 48 273185 0 0 0
696 1578 136 249 708959 0 0 0
2999 1019 221 231 835342 0 0 0
200 -2848 191 249 113803 0 0 0
-311 -2184 184 231 428918 0 0 0
-2162 -1170 14 87 674369 0 0 0
-1061 -778 4 125 699750 0 0 0
-1725 -2031 88 100 187133 0 0 0
-1869 -1657 130 165 745268 0 0 0
683 -2541 153 78 256826 0 0 0
662 1824 184 145 573426 0 0 0
-763 948 237 161 754833 0 0 0
-2295 -1995 226 6 389324 0 0 0
2801 1519 201 111 743095 0 0 0
969 -1212 71 209 593154 0 0 0
-1000 981 149 23 702588 0 0 0
-1342 2096 247 49 914358 0 0 0
-745 -719 55 261 543113 0 0 0
-1212 -2040 183 178 493299 0 0 0
-2780 -1312 166 204 265352 0 0 0
230 412 89 86 918881 0 0 0
2437 -1083 231 246 823903 0 0 0
423 961 17 233 505258 0 0 0
1253 1966 261 147 253060 0 0 0
-2213 2871 138 109 665009 0 0 0
371 367 116 170 655988 0 0 0
1783 2865 169 181 279878 0 0 0
486 -42 264 235 829661 0 0 0
-745 -3074 55 26 200654 0 0 0
2881 -1013 219 122 572098 0 0 0
-1632 1791 164 261 219740 0 0 0
-918 -2499 185 245 863518 0 0 0
2356 2210 113 248 635851 0 0 0
-2525 1993 236 243 623110 0 0 0
67 -1541 115 60 473996 0 0 0
180 -1070 233 263 600435 0 0 0
-1174 -2175 191 133 728462 0 0 0
-1086 22 91 47 768459 0 0 0
-2839 289 265 176 132063 0 0 0
3151 2473 45 123 836541 0 0 0
-662 -3025 262 45 578221 0 0 0
598 -696 236 91 904505 0 0 0
-1257 2483 104 263 814948 0 0 0
-2280 -3001 194 215 426921 0 0 0
691 2745 3 229 873227 0 0 0
964 2867 208 237 547462 0 0 0
-1332 -212 14 33 509340 0 0 0
-2999 -34 255 227 286821 0 0 0
144 2001 145 177 508903 0 0 0
486 -124 133 252 968456 0 0 0
-2936 1413 186 207 138081 0 0 0
-343 206 89 23 788668 0 0 0
-2394 1205 224 161 744214 0 0 0
2328 2917 52 113 248051 0 0 0
3142 -1542 234 210 307514 0 0 0
655 2123 169 210 125113 0 0 0
-783 1431 8 262 275489 0 0 0
-1968 2404 208 204 451638 0 0 0
-1931 347 102 189 232888 0 0 0
-2806 -1494 146 2 141679 0 0 0
-1213 451 76 189 286199 0 0 0
-1309 1910 76 2 471096 0 0 0
1449 3031 31 92 322112 0 0 0
924 -96 209 266 606109 0 0 0
-1121 -336 30 241 313471 0 0 0
-1703 -1449 112 45 590536 0 0 0
2779 -872 272 237 778097 0 0 0
-2139 1470 54 110 528080 0 0 0
-2760 685 268 147 739372 0 0 0
-1902 2770 96 53 569187 0 0 0
-3112 2541 93 213 214275 0 0 0
396 2698 59 111 854170 0 0 0
-1645 -2435 169 135 139884 0 0 0
-2955 1606 78 192 636962 0 0 0
-1755 644 143 201 513799 0 0 0
-3003 2448 279 166 785443 0 0 0
1498 -2286 70 22 540630 0 0 0
2462 1150 236 170 419856 0 0 0
-2835 -2643 103 254 706241 0 0 0
954 -2077 131 202 655829 0 0 0
2246 1356 245 134 802838 0 0 0
1204 -2057 98 57 348490 0 0 0
-1841 -363 265 45 824369 0 0 0
1534 35 127 5 512429 0 0 0
2673 508 61 194 293882 0 0 0
3043 -2541 28 262 745000 0 0 0
-581 2240 47 8 209562 0 0 0
-2631 1570 206 236 226907 0 0 0
978 -1166 9 49 115106 0 0 0
3021 799 70 166 759037 0 0 0
1834 2030 165 109 420607 0 0 0
-502 -684 246 110 172363 0 0 0
-1261 492 225 216 796859 0 0 0
2347 1024 26 220 282495 0 0 0
-2505 1517 270 19 290292 0 0 0
725 -1975 207 56 790678 0 0 0
-2295 2275 90 239 997941 0 0 0
-2405 473 9 18 433172 0 0 0
2904 1411 175 196 676294 0 0 0
-2220 2439 68 50 293318 0 0 0
1944 -635 100 45 994567 0 0 0
867 1031 259 38 328514 0 0 0
828 -1905 99 70 996246 0 0 0
1220 1433 225 140 627815 0 0 0
54 92 195 104 103625 0 0 0
2735 1938 203 137 956888 0 0 0
1497 -2215 23 1 322983 0 0 0
1179 2471 184 122 384442 0 0 0
3124 1052 130 17 246595 0 0 0
3020 -814 98 72 648173 0 0 0
-2655 -503 59 164 628257 0 0 0
-62 -1083 241 193 223943 0 0 0
-2434 -1420 203 50 907978 0 0 0
2602 -1906 9 202 274844 0 0 0
2867 -1537 182 38 769349 0 0 0
100 3015 178 221 235970 0 0 0
-683 -257 3 253 138255 0 0 0
-205 -1026 175 80 803987 0 0 0
-218 -2886 133 140 398397 0 0 0
402 -2431 25 32 293576 0 0 0
1669 -2495 64 94 876102 0 0 0
1158 -3196 113 110 778327 0 0 0
-2924 -234 220 139 605873 0 0 0
2911 912 190 202 240333 0 0 0
2363 2794 94 128 864411 0 0 0
-2864 2449 236 152 466109 0 0 0
1724 1895 269 153 210970 0 0 0
-734 -2079 32 113 489552 0 0 0
-1777 1864 135 151 698078 0 0 0
1677 -2180 125 125 142027 0 0 0
505 -107 14 137 793370 0 0 0
719 -2860 37 185 459377 0 0 0
-2400 -234 171 102 797950 0 0 0
1993 67 116 57 873366 0 0 0
-1264 -176 277 115 973356 0 0 0
492 1429 13 224 949609 0 0 0
-1493 -1275 22 33 422172 0 0 0
3001 250 221 59 819010 0 0 0
2916 -1625 18 209 306307 0 0 0
-1181 -1884 217 26 735406 0 0 0
-2982 2919 134 248 702826 0 0 0
455 555 72 16 234548 0 0 0
97 836 27 136 474293 0 0 0
689 3159 99 187 415351 0 0 0
-440 1250 257 115 111236 0 0 0
-564 2984 16 234 506770 0 0 0
-196 1147 16 259 616785 0 0 0
-534 -660 270 129 471249 0 0 0
-752 -845 129 179 155283 0 0 0
1791 40 200 207 279914 0 0 0
903 -1811 234 185 730923 0 0 0
-2932 2705 184 258 462021 0 0 0
122 296 14 198 781531 0 0 0
-1851 3117 278 39 358762 0 0 0
1787 2178 147 230 631793 0 0 0
637 -2873 94 211 517213 0 0 0
1961 -2522 135 14 374773 0 0 0
1873 -2327 181 77 121715 0 0 0
-1388 -2255 271 81 475460 0 0 0
-2582 1519 195 170 955207 0 0 0
860 2960 141 98 506872 0 0 0
2005 -1266 247 218 719180 0 0 0
2819 2448 191 162 399801 0 0 0
1180 -2766 140 194 223761 0 0 0
553 390 72 184 572576 0 0 0
2166 1634 117 150 561328 0 0 0
3153 1588 166 252 270125 0 0 0
1500 732 63 261 705970 0 0 0
-1850 869 137 16 511846 0 0 0
-798 2258 175 142 224081 0 0 0
-372 275 90 250 375362 0 0 0
1624 1613 134 36 547409 0 0 0
1669 -710 38 149 726645 0 0 0
-1714 -2043 212 249 197042 0 0 0
1633 865 231 238 300736 0 0 0
2068 -2558 219 96 661416 0 0 0
1027 -1711 64 225 824958 0 0 0
-633 2358 216 90 882470 0 0 0
922 -1522 108 17 616546 0 0 0
-2621 693 134 216 377321 0 0 0
2651 2287 264 92 266419 0 0 0
909 -2454 28 38 343521 0 0 0
3119 2420 166 38 474877 0 0 0
1643 927 165 116 164516 0 0 0
-2022 -1377 75 16 318744 0 0 0
-1428 -1190 257 36 990197 0 0 0
-171 -2734 119 94 570758 0 0 0
-977 3093 98 56 215478 0 0 0
-3133 -3068 56 97 399988 0 0 0
382 -1986 60 162 846011 0 0 0
-1366 -2830 105 18 342543 0 0 0
-2696 -733 244 202 510862 0 0 0
1774 204 19 65 396663 0 0 0
-2713 -2136 146 118 765407 0 0 0
2448 -768 98 24 945488 0 0 0
-219 2358 231 149 933774 0 0 0
-1359 2554 276 21 552383 0 0 0
2924 -3077 147 59 363763 0 0 0
1274 2610 237 19 426915 0 0 0
-2485 2623 137 37 202238 0 0 0
1167 2769 158 260 236922 0 0 0
2379 -69 81 34 448991 0 0 0
-1523 -3060 153 206 920367 0 0 0
1887 1859 102 152 821821 0 0 0
-62 2456 275 75 276354 0 0 0
2834 2279 276 259 216125 0 0 0
254 -2591 85 149 861599 0 0 0
371 1220 17 217 323590 0 0 0
1257 1740 117 50 112302 0 0 0
1333 -474 217 72 405642 0 0 0
1969 -1985 95 148 625402 0 0 0
-2141 1661 105 218 181276 0 0 0
-2896 1267 185 56 160269 0 0 0
-83 418 216 148 514217 0 0 0
2203 -2775 41 52 541632 0 0 0
133 -3041 17 77 519608 0 0 0
618 -1506 65 167 749935 0 0 0
1533 2896 268 117 585647 0 0 0
-2100 725 213 267 937074 0 0 0
1084 -2932 122 38 767950 0 0 0
-1528 -1259 126 174 923519 0 0 0
1385 1932 262 65 397089 0 0 0
2243 1705 41 215 947542 0 0 0
-2475 1018 54 122 435356 0 0 0
-2358 -2051 185 111 461895 0 0 0
2131 1801 257 110 888293 0 0 0
1978 3008 192 128 932362 0 0 0
-1042 -2598 240 104 808982 0 0 0
-186 2317 248 21 606634 0 0 0
420 895 65 103 338963 0 0 0
-2141 406 152 90 693272 0 0 0
1286 -1982 52 246 800524 0 0 0
2778 3052 55 96 818098 0 0 0
2686 -2556 189 47 135199 0 0 0
-476 -832 154 160 790916 0 0 0
-875 -2449 68 87 949192 0 0 0
-991 -2430 70 148 165807 0 0 0
2684 -2309 187 13 193360 0 0 0
-2357 3110 281 30 653786 0 0 0
2026 2028 49 83 710198 0 0 0
-34 782 48 204 146861 0 0 0
1979 -411 137 169 908494 0 0 0
-1754 -1637 259 221 718170 0 0 0
3140 572 233 172 946092 0 0 0
-2886 2741 159 36 625481 0 0 0
-1170 2002 66 209 595981 0 0 0
3159 1143 270 59 876846 0 0 0
-1459 -295 238 172 986452 0 0 0
-2841 -128 36 138 924492 0 0 0
-218 2513 265 173 205220 0 0 0
1890 -1622 267 211 776624 0 0 0
-2487 33 8 112 299638 0 0 0
-771 2318 4 38 415665 0 0 0
-1847 -1207 192 222 505263 0 0 0
1076 -1571 107 266 535276 0 0 0
844 251 206 147 934799 0 0 0
-1896 1870 147 264 254064 0 0 0
-110 -717 253 139 586004 0 0 0
-435 -1914 204 33 919356 0 0 0
-1699 -2743 240 156 880200 0 0 0
2336 -1840 30 264 556054 0 0 0
2247 -2151 263 34 982542 0 0 0
-866 -75 121 181 985114 0 0 0
1335 -2641 11 116 844577 0 0 0
757 1421 8 179 934514 0 0 0
2414 2846 133 154 921203 0 0 0
-1201 -2894 125 171 611872 0 0 0
1164 18 28 225 533592 0 0 0
974 -2483 56 221 988300 0 0 0
81 -1235 173 224 865079 0 0 0
273 990 143 68 366563 0 0 0
-3143 3196 22 16 532053 0 0 0
-1846 1871 45 135 294933 0 0 0
1994 -881 132 28 564963 0 0 0
-2858 -1853 106 177 993670 0 0 0
2078 2720 219 54 724774 0 0 0
1508 -2933 151 160 373052 0 0 0
678 -2164 35 256 249378 0 0 0
2067 -867 248 103 642249 0 0 0
84 1392 30 144 291820 0 0 0
-2731 -272 273 105 792671 0 0 0
-161 2238 7 150 757144 0 0 0
-1538 1974 93 206 538590 0 0 0
-2469 -684 102 140 138496 0 0 0
111 -1001 97 174 587462 0 0 0
-858 -1505 194 116 279817 0 0 0
969 396 266 167 239931 0 0 0
-1841 -661 186 138 171779 0 0 0
2967 -253 66 182 172263 0 0 0
1586 150 140 182 497660 0 0 0
2899 306 264 91 587969 0 0 0
725 -2063 251 19 825439 0 0 0
-932 -2312 78 124 105241 0 0 0
-501 -1257 181 221 665615 0 0 0
595 -2459 101 79 702499 0 0 0
2917 2680 198 215 844796 0 0 0
-2401 788 189 122 247796 0 0 0
1871 581 93 14 357625 0 0 0
-792 2423 139 208 427058 0 0 0
-627 -1491 34 139 795844 0 0 0
1979 1956 66 209 116024 0 0 0
770 1316 196 210 913675 0 0 0
-106 2419 221 143 295712 0 0 0
2046 2730 281 124 901359 0 0 0
-1963 1367 66 123 775188 0 0 0
-1984 -1270 100 198 538796 0 0 0
-1350 -2914 89 70 943315 0 0 0
-2266 -1010 187 185 429377 0 0 0
1690 1440 58 48 794175 0 0 0
-701 1702 25 201 204802 0 0 0
2704 1725 268 215 858253 0 0 0
2867 1709 58 19 415790 0 0 0
2281 414 133 63 804225 0 0 0
2687 473 226 232 979333 0 0 0
1041 1163 32 153 214299 0 0 0
-2883 1557 156 254 633254 0 0 0
-761 2400 252 114 973397 0 0 0
-144 3160 270 110 685801 0 0 0
1410 -686 65 93 191595 0 0 0
-391 -967 196 253 775626 0 0 0
-531 1675 155 11 290188 0 0 0
-2267 2054 80 227 425148 0 0 0
418 2788 172 237 291513 0 0 0
875 1677 250 154 981561 0 0 0
-1952 -1862 98 209 864165 0 0 0
-1109 -1585 87 158 944304 0 0 0
-1863 -3012 244 8 530896 0 0 0
-2343 -83 270 103 248248 0 0 0
-1799 -2461 1 243 573303 0 0 0
-2227 999 186 140 154658 0 0 0
-2908 1637 212 124 119909 0 0 0
3098 -1119 222 201 370999 0 0 0
-1179 1640 250 242 171285 0 0 0
-2436 -633 276 214 585328 0 0 0
-1394 2735 83 179 528508 0 0 0
1478 -585 270 105 135347 0 0 0
9 -2709 276 65 474537 0 0 0
-877 -2347 260 114 183788 0 0 0
-2126 -2198 71 140 608601 0 0 0
-3188 539 110 38 139684 0 0 0
2369 -3043 156 41 265832 0 0 0
2676 -2219 100 233 146647 0 0 0
3085 717 16 64 567324 0 0 0
118 -3059 220 13 189876 0 0 0
1659 27 167 93 509737 0 0 0
900 1756 28 32 650164 0 0 0
2384 -2822 199 36 376694 0 0 0
-2522 -2092 56 103 764051 0 0 0
3073 -3046 66 167 644993 0 0 0
-2126 2008 72 171 465365 0 0 0
-1830 -695 41 5 662411 0 0 0
-960 373 243 38 296974 0 0 0
-1066 964 81 234 698860 0 0 0
-2835 1282 50 81 163982 0 0 0
2340 2557 110 154 416555 0 0 0
2258 247 63 77 248868 0 0 0
2895 -278 154 41 686613 0 0 0
-886 2568 90 17 807649 0 0 0
2973 2198 212 35 321603 0 0 0
-2610 405 147 95 576194 0 0 0
-486 -2098 150 44 457910 0 0 0
-519 2520 171 65 885773 0 0 0
2304 -975 95 235 476346 0 0 0
-2452 376 104 169 653597 0 0 0
-2668 -87 96 251 524467 0 0 0
607 669 150 174 510081 0 0 0
1117 -2122 165 260 622800 0 0 0
607 -261 190 195 842863 0 0 0
-2120 -536 230 68 708954 0 0 0
317 1400 180 178 536602 0 0 0
1097 -504 101 29 868320 0 0 0
677 -2350 6 232 191460 0 0 0
915 493 83 10 148044 0 0 0
-2565 -3143 105 86 951384 0 0 0
234 -2137 65 151 666216 0 0 0
-669 -2026 152 185 687694 0 0 0
-608 -3151 38 7 993032 0 0 0
-503 64 85 53 969074 0 0 0
2868 -1203 51 90 622491 0 0 0
-2663 1477 250 264 369007 0 0 0
-420 -2223 173 152 388452 0 0 0
-1791 -849 43 87 442230 0 0 0
1919 636 156 94 815519 0 0 0
-16 3123 116 208 456384 0 0 0
-2540 2572 263 65 919549 0 0 0
-2365 2217 215 4 969718 0 0 0
-1643 2726 33 198 618999 0 0 0
-1904 731 197 197 826381 0 0 0
-752 2632 89 199 300873 0 0 0
-1578 2159 71 132 979462 0 0 0
-1669 -2544 66 219 962562 0 0 0
2745 -100 15 134 107288 0 0 0
-1948 2217 240 255 699316 0 0 0
-267 1988 64 160 723190 0 0 0
-531 -992 213 188 199197 0 0 0
2918 1641 81 26 565328 0 0 0
706 -2239 266 87 459408 0 0 0
-1947 67 61 246 344370 0 0 0
1051 1975 64 91 710958 0 0 0
-2156 131 260 20 510523 0 0 0
-1471 -349 128 43 238493 0 0 0
858 2907 120 6 716611 0 0 0
-1774 -969 9 20 765469 0 0 0
-1972 1600 74 142 503519 0 0 0
-2423 1846 251 179 315065 0 0 0
-1748 -2326 176 3 381835 0 0 0
-2298 2123 118 91 140455 0 0 0
2212 1225 31 148 367058 0 0 0
-495 -1696 152 54 647942 0 0 0
758 -2429 160 159 795666 0 0 0
52 -2467 267 86 105202 0 0 0
-539 -103 51 220 103020 0 0 0
-1779 2570 237 250 561101 0 0 0
-975 -2165 109 25 120446 0 0 0
-420 1035 208 15 533100 0 0 0
1446 -1517 54 83 538606 0 0 0
2374 -2093 85 216 886501 0 0 0
1816 762 71 27 822926 0 0 0
3075 -3006 244 240 211793 0 0 0
-2974 -1930 16 262 375310 0 0 0
2119 763 280 84 614285 0 0 0
2319 1664 43 158 866460 0 0 0
257 -909 115 194 692347 0 0 0
-2077 -2873 181 224 783599 0 0 0
2097 -1165 51 21 240051 0 0 0
-1691 2782 130 178 846950 0 0 0
252 -1266 198 166 749303 0 0 0
-1103 2080 207 54 390782 0 0 0
2715 1126 102 54 313092 0 0 0
-614 -1512 240 43 395744 0 0 0
1812 56 185 80 393079 0 0 0
-957 2599 252 49 500951 0 0 0
-2408 3194 18 34 633607 0 0 0
3045 -2056 136 255 313357 0 0 0
39 2130 210 175 915428 0 0 0
-903 2289 170 120 642604 0 0 0
2437 607 131 246 564053 0 0 0
2583 1219 118 258 792112 0 0 0
-203 1398 88 252 777033 0 0 0
1022 -104 8 240 317460 0 0 0
3176 -1472 23 34 802334 0 0 0
1596 -79 273 11 426185 0 0 0
2335 103 72 24 710347 0 0 0
2959 3013 110 107 206173 0 0 0
1290 -301 224 32 153437 0 0 0
-1492 550 40 268 880532 0 0 0
-1100 -197 150 76 803254 0 0 0
-1252 -3001 214 114 695107 0 0 0
-997 490 44 256 472693 0 0 0
1868 3006 153 219 508058 0 0 0
-2668 2877 112 43 126023 0 0 0
-3065 -1336 267 34 972225 0 0 0
-1461 -2018 120 194 932006 0 0 0
-616 -2665 190 250 703599 0 0 0
-422 -1880 191 174 313299 0 0 0
-1707 -512 217 150 534707 0 0 0
3039 -434 221 125 672053 0 0 0
-877 1973 161 258 962271 0 0 0
-440 -2401 135 129 621825 0 0 0
2177 -1520 214 108 425813 0 0 0
1156 2231 99 217 260302 0 0 0
3019 862 33 112 480347 0 0 0
-458 -2920 279 189 246066 0 0 0
-2114 767 265 42 606163 0 0 0
1464 547 100 267 658820 0 0 0
362 -3019 145 31 809635 0 0 0
2286 1254 19 162 278179 0 0 0
2975 -2577 205 9 521663 0 0 0
2441 800 150 181 222860 0 0 0
173 -1500 140 228 236071 0 0 0
61 595 16 50 192451 0 0 0
1041 2847 145 238 285304 0 0 0
-1704 -1237 7 15 735626 0 0 0
444 2234 95 177 998930 0 0 0
-1664 -2998 272 41 992010 0 0 0
2297 -610 1 224 581677 0 0 0
-2964 804 105 227 728969 0 0 0
918 -1233 275 212 246962 0 0 0
-817 -435 100 116 870153 0 0 0
915 -280 168 96 513367 0 0 0
1915 1853 199 180 557908 0 0 0
1076 2636 158 113 736161 0 0 0
2774 2377 36 81 178777 0 0 0
1274 -201 182 137 191919 0 0 0
-1979 301 155 163 336353 0 0 0
1078 1269 25 19 235338 0 0 0
2913 2040 18 152 906629 0 0 0
-3008 2898 80 50 819559 0 0 0
-2548 -2476 45 185 121316 0 0 0
1640 834 98 190 637207 0 0 0
294 2485 81 54 915576 0 0 0
1197 3178 252 111 451584 0 0 0
-2400 339 104 154 127850 0 0 0
2972 -2846 167 173 971964 0 0 0
-1245 2813 231 230 396340 0 0 0
2715 2238 124 6 129956 0 0 0
1810 826 63 265 780432 0 0 0
-2370 627 65 102 411027 0 0 0
775 366 53 15 570059 0 0 0
1829 2345 82 126 132137 0 0 0
319 390 100 137 420191 0 0 0
1016 1181 264 216 293253 0 0 0
3175 -366 183 169 528376 0 0 0
-102 -1504 95 112 519074 0 0 0
2419 2332 15 234 182021 0 0 0
2234 647 207 98 682725 0 0 0
1788 -2585 97 96 380806 0 0 0
2726 1200 211 151 746384 0 0 0
1249 1943 95 143 283000 0 0 0
16 2360 239 19 392404 0 0 0
2213 -2290 76 48 693063 0 0 0
2882 1706 73 226 789928 0 0 0
149 2802 86 161 793180 0 0 0
-363 1764 252 67 539851 0 0 0
-1214 2586 155 187 448826 0 0 0
408 -858 130 54 964929 0 0 0
1279 -2807 102 237 398962 0 0 0
499 -58 269 97 819698 0 0 0
-468 701 135 86 315744 0 0 0
283 -1782 62 96 611245 0 0 0
-1806 -836 63 43 564728 0 0 0
-1651 -2381 55 15 120238 0 0 0
-1206 1843 254 229 971384 0 0 0
1853 806 23 25 437515 0 0 0
-2255 -1416 158 259 673231 0 0 0
-432 -1356 20 112 499064 0 0 0
-2880 -2178 241 39 871141 0 0 0
1367 -116 57 1 522066 0 0 0
-2023 -1657 39 32 850669 0 0 0
2034 983 111 240 937217 0 0 0
-3137 272 10 227 290695 0 0 0
1269 2996 279 241 850339 0 0 0
1986 -231 205 92 442591 0 0 0
-3017 2144 152 183 590257 0 0 0
-135 -1997 260 68 554963 0 0 0
-2070 -2754 129 170 668617 0 0 0
-3117 -2333 153 179 893085 0 0 0
216 1765 123 149 635876 0 0 0
-1056 -1136 112 32 861258 0 0 0
-778 -1418 166 48 756550 0 0 0
343 2122 68 246 950552 0 0 0
935 1535 34 16 933974 0 0 0
2064 2866 222 81 336315 0 0 0
2944 1467 91 46 179994 0 0 0
-201 -617 241 97 919031 0 0 0
3146 218 101 159 524592 0 0 0
-426 -1356 54 25 655119 0 0 0
-2832 952 19 17 726108 0 0 0
140 299 28 221 372095 0 0 0
-1357 2975 18 198 863398 0 0 0
940 3133 132 225 122324 0 0 0
-2590 -687 144 256 385382 0 0 0
-2032 -3087 39 17 246345 0 0 0
421 -955 124 108 619261 0 0 0
925 -1020 279 223 890800 0 0 0
2366 2997 227 243 674132 0 0 0
2398 -2010 90 202 506597 0 0 0
-2451 389 239 23 132799 0 0 0
-737 2874 234 181 455889 0 0 0
-358 1831 29 208 551777 0 0 0
-57 -3171 230 79 261258 0 0 0
-3044 -2873 233 170 864910 0 0 0
-1703 2159 54 21 305618 0 0 0
963 -1209 138 69 249978 0 0 0
2866 -2470 120 181 567001 0 0 0
2740 -2310 170 69 508511 0 0 0
2396 544 185 146 478395 0 0 0
2853 -2506 153 195 714837 0 0 0
-3010 -1888 208 100 509119 0 0 0
2979 2475 35 253 978210 0 0 0
241 -2744 119 33 388478 0 0 0
-2698 1293 18 144 780786 0 0 0
2949 1953 265 174 119724 0 0 0
-919 1209 23 122 657360 0 0 0
-2012 1553 71 29 470218 0 0 0
48 1682 125 175 912812 0 0 0
-3125 -301 208 265 639809 0 0 0
738 -1345 38 211 130173 0 0 0
1868 706 60 88 912647 0 0 0
2820 -3079 212 14 709095 0 0 0
3077 1283 248 8 332633 0 0 0
-2728 231 7 100 185987 0 0 0
42 -2162 262 46 393234 0 0 0
96 302 196 223 377463 0 0 0
1087 2552 73 215 397416 0 0 0
962 1124 11 55 664505 0 0 0
-2919 2562 38 139 408641 0 0 0
-501 30 5 228 152814 0 0 0
-2079 1301 26 11 516091 0 0 0
585 2639 73 144 901276 0 0 0
-2158 -2494 126 30 444677 0 0 0
-128 -101 31 203 433853 0 0 0
2218 -2141 97 75 739183 0 0 0
929 848 31 83 616366 0 0 0
-926 -2333 95 36 596895 0 0 0
-670 1830 250 32 930607 0 0 0
-628 -137 117 226 252186 0 0 0
-3046 -2427 94 235 423186 0 0 0
-138 -2296 219 92 806123 0 0 0
-2102 59 1 14 556252 0 0 0
317 2397 133 6 190911 0 0 0
-1390 -2004 74 144 317154 0 0 0
-1984 2304 217 25 468898 0 0 0
2550 46 6 123 933259 0 0 0
1897 -1211 163 37 516432 0 0 0
-1870 -1207 131 128 558811 0 0 0
1755 1539 123 10 616573 0 0 0
-2429 -1007 225 72 838038 0 0 0
-1269 -1580 101 178 369485 0 0 0
1191 65 192 190 933587 0 0 0
2449 -2861 232 262 275741 0 0 0
-709 1819 199 98 239845 0 0 0
-2260 1709 98 206 563789 0 0 0
-3009 -2652 122 258 790687 0 0 0
534 -2105 76 37 399212 0 0 0
-2631 1620 192 172 880229 0 0 0
1086 2562 1 75 945750 0 0 0
1294 -2024 231 50 741290 0 0 0
-2519 1336 203 107 801229 0 0 0
-2127 -1822 222 257 472379 0 0 0
1539 776 71 149 418976 0 0 0
3003 -104 6 25 521182 0 0 0
1358 -1266 182 41 274756 0 0 0
-2455 -644 236 74 233569 0 0 0
2264 -2271 87 199 157935 0 0 0
1420 -937 92 74 744353 0 0 0
954 -3069 241 50 446807 0 0 0
-1397 842 221 130 930939 0 0 0
317 -408 107 102 159773 0 0 0
-2777 -1241 89 226 729518 0 0 0
-1493 -1551 140 212 808718 0 0 0
-1382 -3140 107 139 298928 0 0 0
-1933 -1958 141 77 731527 0 0 0
-1987 2817 216 49 209431 0 0 0
2595 -1405 7 7 100853 0 0 0
422 1363 79 57 541332 0 0 0
2926 1112 135 140 944204 0 0 0
-462 -1352 240 145 343947 0 0 0
-2981 -1013 4 223 548512 0 0 0
1864 -698 255 81 148769 0 0 0
-3156 -909 257 214 254665 0 0 0
-2770 1077 91 125 698997 0 0 0
1718 1400 110 136 613952 0 0 0
1764 2247 180 266 789685 0 0 0
-878 -2849 69 146 366936 0 0 0
-1738 1258 280 116 253123 0 0 0
2360 -2235 187 185 915435 0 0 0
-1762 804 57 27 208063 0 0 0
985 -431 273 52 193532 0 0 0
-2817 1958 151 30 300594 0 0 0
1999 -955 255 261 940933 0 0 0
-481 193 91 234 115877 0 0 0
-805 2332 226 40 392545 0 0 0
-2573 2711 39 78 516152 0 0 0
2347 -2088 259 77 609771 0 0 0
-2712 1394 167 1 984641 0 0 0
257 1862 10 268 502642 0 0 0
-2387 -1343 197 4 821546 0 0 0
259 103 13 172 988358 0 0 0
350 -832 109 54 600520 0 0 0
-1466 -212 10 164 941233 0 0 0
-1008 920 162 239 366660 0 0 0
-1932 -1951 31 8 878557 0 0 0
542 1064 194 60 905537 0 0 0
3038 -3125 281 10 541735 0 0 0
-745 -2078 81 17 523904 0 0 0
-1657 874 236 141 551487 0 0 0
-2853 2834 105 21 753551 0 0 0
3008 -581 191 247 163260 0 0 0
0 -3036 197 156 179759 0 0 0
2480 -887 200 265 519225 0 0 0
-1674 3027 262 105 198926 0 0 0
193 -2851 278 146 608686 0 0 0
-1349 2827 93 228 108313 0 0 0
1636 -2103 164 87 737646 0 0 0
354 -511 48 214 807132 0 0 0
2359 -1079 230 106 950923 0 0 0
864 3028 271 236 799548 0 0 0
2277 -1342 36 49 206977 0 0 0
-3124 1245 107 152 341277 0 0 0
1961 -2406 121 106 621977 0 0 0
375 457 171 239 836689 0 0 0
-387 -3077 26 118 230806 0 0 0
-1443 1216 73 198 226947 0 0 0
1176 2963 21 240 101589 0 0 0
-2823 -3015 58 107 762707 0 0 0
1381 -1877 169 206 963540 0 0 0
24 -1675 135 232 189964 0 0 0
1512 -2638 57 127 452755 0 0 0
2973 2923 144 179 387135 0 0 0
372 -1673 45 12 930373 0 0 0
1500 732 32 150 769019 0 0 0
2605 2377 251 53 734938 0 0 0
2480 1417 59 193 235594 0 0 0
-660 2166 164 211 106827 0 0 0
-1659 -539 123 188 413791 0 0 0
-857 -2354 207 67 774231 0 0 0
-1286 -1334 210 113 799919 0 0 0
3184 1860 102 262 151388 0 0 0
2889 -1443 128 132 517217 0 0 0
924 2479 224 213 190734 0 0 0
565 -200 163 252 872651 0 0 0
1595 -1235 210 9 810851 0 0 0
1193 -2229 268 155 177206 0 0 0
-1062 -2285 199 102 648567 0 0 0
-3108 3157 168 96 523364 0 0 0
-402 215 175 38 100455 0 0 0
1513 -393 137 135 810949 0 0 0
1954 1944 47 82 213581 0 0 0
-2129 -1207 39 184 706667 0 0 0
2867 1166 188 182 607805 0 0 0
841 -2638 276 261 757661 0 0 0
8 1861 147 95 825713 0 0 0
2383 2792 111 98 140388 0 0 0
-633 1981 11 31 645988 0 0 0
2922 -276 90 188 488166 0 0 0
-573 -1518 85 168 758649 0 0 0
-2884 -1066 280 103 769908 0 0 0
852 -1345 120 265 131793 0 0 0
1159 -1164 100 260 515812 0 0 0
-1141 3172 48 140 819136 0 0 0
-2076 639 41 18 651082 0 0 0
-2812 2716 94 37 993387 0 0 0
-804 -69 207 44 924019 0 0 0
-1790 -158 268 159 482636 0 0 0
2360 562 143 247 926911 0 0 0
-840 -1159 194 184 854673 0 0 0
-2141 1027 80 147 106293 0 0 0
-1876 -1374 41 1 575403 0 0 0
2454 -2575 57 35 890772 0 0 0
-2824 2140 166 83 591384 0 0 0
1506 1963 80 7 913885 0 0 0
1955 2183 193 14 571476 0 0 0
-1234 619 159 138 424444 0 0 0
-2902 -729 202 30 991436 0 0 0
1418 -223 236 39 163241 0 0 0
-2161 -2227 86 172 557164 0 0 0
2692 700 128 105 434805 0 0 0
303 -2450 98 22 496667 0 0 0
2658 65 272 16 229883 0 0 0
-1958 1003 97 223 375028 0 0 0
-3184 -2563 26 242 753608 0 0 0
-1793 -937 144 24 436559 0 0 0
1878 1718 41 110 989481 0 0 0
1650 426 62 179 531882 0 0 0
61 1296 120 210 893464 0 0 0
1881 2573 151 143 392772 0 0 0
-3162 -995 9 102 148191 0 0 0
-1631 2688 81 236 345415 0 0 0
1404 -1255 172 1 880846 0 0 0
1930 -980 127 219 398249 0 0 0
3002 2379 124 43 123522 0 0 0
1114 -2902 276 208 658984 0 0 0
649 1365 115 104 748642 0 0 0
-1594 603 77 123 218843 0 0 0
-81 -20 27 172 838721 0 0 0
-2628 -307 40 203 911907 0 0 0
-1213 -3080 227 45 193380 0 0 0
-1723 690 253 9 299496 0 0 0
-2119 953 95 224 826888 0 0 0
-1578 -159 144 233 846071 0 0 0
-881 -25 165 193 647669 0 0 0
-104 -2785 163 188 240276 0 0 0
2435 2545 1 78 591271 0 0 0
1135 -232 99 26 981472 0 0 0
-2951 1626 62 66 384062 0 0 0
-331 2899 223 232 359171 0 0 0
2049 -2849 62 29 384665 0 0 0
-9 -395 149 65 560174 0 0 0
1853 565 262 70 979473 0 0 0
-399 -1041 151 21 339910 0 0 0
-2676 -2530 77 211 342813 0 0 0
2568 138 29 141 721543 0 0 0
-2088 -979 260 55 205681 0 0 0
-1102 1427 59 153 521601 0 0 0
-1377 -2901 147 151 427862 0 0 0
1688 1931 61 268 734527 0 0 0
1745 -908 33 44 231303 0 0 0
-765 -2819 87 15 111257 0 0 0
2638 1782 177 62 917357 0 0 0
2322 627 82 107 308276 0 0 0
591 -3005 13 268 785152 0 0 0
2889 1707 55 37 948792 0 0 0
-1487 -2003 224 9 760286 0 0 0
757 -48 52 115 296563 0 0 0
2741 1857 147 30 605238 0 0 0
1150 2092 52 71 819747 0 0 0
2732 2496 5 197 766650 0 0 0
-108 890 67 187 782046 0 0 0
-3119 1930 67 250 979935 0 0 0
2199 -237 136 235 357620 0 0 0
-1067 76 184 188 144553 0 0 0
1334 -2920 212 173 327345 0 0 0
1708 -881 205 121 893002 0 0 0
2778 2108 262 179 313115 0 0 0
-2211 -1625 114 50 342140 0 0 0
-2978 -2950 123 51 898924 0 0 0
-2053 -122 239 185 643080 0 0 0
-2095 1287 226 66 732533 0 0 0
2994 -1141 221 59 285595 0 0 0
2905 -646 243 255 881534 0 0 0
-2487 2306 175 179 829933 0 0 0
-3020 -452 126 163 128499 0 0 0
1252 -2498 113 219 342727 0 0 0
1505 -2703 273 195 558892 0 0 0
-676 1666 139 203 750365 0 0 0
2384 2292 116 91 293529 0 0 0
-476 -2904 80 77 948769 0 0 0
395 1616 68 262 107295 0 0 0
-1943 46 23 167 499592 0 0 0
-784 280 271 154 532485 0 0 0
-2992 1796 121 124 949203 0 0 0
2280 -3113 27 218 900116 0 0 0
2053 -723 240 136 529934 0 0 0
2964 445 11 155 902835 0 0 0
1375 -959 161 234 408575 0 0 0
-2582 -2161 241 175 205293 0 0 0
-1646 -2532 116 163 304373 0 0 0
3055 -2650 76 67 133280 0 0 0
383 511 268 264 686736 0 0 0
227 -287 176 172 452309 0 0 0
2432 1831 40 124 281405 0 0 0
2533 -3120 232 24 334025 0 0 0
2274 -2852 177 140 671713 0 0 0
-3128 2475 64 60 938563 0 0 0
394 -2182 143 6 800930 0 0 0
1243 -2254 215 98 136083 0 0 0
-3064 -54 265 111 599814 0 0 0
-941 634 256 266 798044 0 0 0
-2955 1336 243 162 560096 0 0 0
-1135 -23 184 170 480424 0 0 0
-1245 -599 56 239 378764 0 0 0
-2317 2701 71 256 736247 0 0 0
122 2474 31 186 343949 0 0 0
-1007 -2671 52 167 380184 0 0 0
-2602 1358 198 54 535304 0 0 0
1231 518 137 51 606176 0 0 0
-336 -2304 107 208 415800 0 0 0
-2245 2527 79 67 273045 0 0 0
1415 -684 245 222 566628 0 0 0
1623 1648 130 224 913468 0 0 0
2533 1478 246 33 382921 0 0 0
-1059 2697 208 116 447104 0 0 0
1347 -705 163 157 899179 0 0 0
-232 -1688 117 201 985697 0 0 0
135 -984 111 192 863847 0 0 0
1092 -1493 240 154 997131 0 0 0
1457 3000 84 18 694108 0 0 0
-507 1918 149 167 859081 0 0 0
1276 -710 258 88 588524 0 0 0
-2360 1008 155 170 619981 0 0 0
781 2346 79 268 858352 0 0 0
-3112 -165 237 152 780134 0 0 0
-825 -1470 204 158 960145 0 0 0
-1733 1085 70 158 375536 0 0 0
1722 -1401 73 233 563701 0 0 0
790 1184 236 139 629278 0 0 0
1953 811 215 81 202825 0 0 0
-944 682 55 69 799647 0 0 0
-2328 3093 276 95 552954 0 0 0
650 -397 216 46 406389 0 0 0
-34 -113 266 46 362811 0 0 0
98 2959 120 82 732109 0 0 0
2176 2991 33 258 428275 0 0 0
-467 2465 169 50 301373 0 0 0
2849 334 279 7 607043 0 0 0
-2813 1498 252 85 524142 0 0 0
2282 2530 89 149 720361 0 0 0
453 473 264 233 579151 0 0 0
-2555 -2193 30 58 427299 0 0 0
2603 -1673 195 186 564349 0 0 0
2764 564 54 257 384335 0 0 0
1296 -1196 57 229 459646 0 0 0
1675 -706 24 40 673891 0 0 0
2279 2095 230 247 918321 0 0 0
-2165 -1330 55 13 747664 0 0 0
-2805 1057 168 144 106299 0 0 0
-1085 -856 170 114 287256 0 0 0
2386 105 31 192 812909 0 0 0
-1490 -1627 129 105 179571 0 0 0
818 -413 90 130 258759 0 0 0
-2597 1022 224 244 675704 0 0 0
1781 471 255 61 507839 0 0 0
-1919 1233 178 140 400724 0 0 0
106 -1918 271 113 736193 0 0 0
2822 -1314 235 167 403365 0 0 0
1809 718 66 150 450057 0 0 0
-124 -2401 86 150 840926 0 0 0
1873 934 35 186 565131 0 0 0
140 413 271 143 602530 0 0 0
350 1848 68 175 392214 0 0 0
-2122 -2311 17 25 802191 0 0 0
410 1854 133 201 572870 0 0 0
2806 2680 16 149 162358 0 0 0
-1536 2383 21 59 776751 0 0 0
-1683 1881 215 173 887507 0 0 0
-1749 2540 256 234 417288 0 0 0
2506 2461 127 101 819528 0 0 0
-32 -371 75 154 415712 0 0 0
634 -429 55 54 644194 0 0 0
2880 910 240 223 844048 0 0 0
1701 -1531 221 186 413902 0 0 0
-2279 1916 71 20 737879 0 0 0
1541 -2438 216 241 240441 0 0 0
2444 1037 87 182 857270 0 0 0
-868 2365 87 253 126392 0 0 0
-429 1348 230 146 127401 0 0 0
1326 -779 222 208 304295 0 0 0
-1213 1964 249 8 337922 0 0 0
2256 1062 65 194 100443 0 0 0
838 1619 41 85 444453 0 0 0
1292 -264 140 68 499387 0 0 0
1531 768 210 140 439431 0 0 0
2464 2397 197 247 463800 0 0 0
-910 607 129 13 409824 0 0 0
-41 1423 136 71 814929 0 0 0
849 -440 231 48 605042 0 0 0
-2316 425 45 155 248806 0 0 0
-602 -2128 139 266 937812 0 0 0
-1943 1475 201 240 793796 0 0 0
-3149 2473 145 95 209359 0 0 0
-2420 998 222 43 229383 0 0 0
-1722 1051 97 174 214210 0 0 0
2741 -960 199 56 553389 0 0 0
-3053 1855 159 123 634947 0 0 0
-2224 -625 197 127 898112 0 0 0
2888 687 240 155 790496 0 0 0
1835 491 162 68 851737 0 0 0
2557 1984 12 172 532959 0 0 0
-449 -404 195 206 597183 0 0 0
1391 -3100 149 59 994930 0 0 0
-2169 -1396 136 216 911480 0 0 0
1394 2495 40 241 646766 0 0 0
1318 47 156 234 773990 0 0 0
-1710 1808 237 154 164632 0 0 0
-67 -610 67 86 618616 0 0 0
-2057 342 273 226 497063 0 0 0
-1146 -1944 257 213 500082 0 0 0
-1773 -1947 117 3 233409 0 0 0
-2980 -2995 175 94 137764 0 0 0
-659 1686 180 156 164065 0 0 0
-4 -626 104 188 229640 0 0 0
-2183 -137 123 222 845229 0 0 0
-381 2291 184 196 190653 0 0 0
2295 -1362 41 51 908685 0 0 0
-2639 -42 20 32 950960 0 0 0
85 1205 264 139 903272 0 0 0
-494 1430 119 59 227416 0 0 0
-2009 -2377 93 239 807755 0 0 0
1366 -1263 153 21 668283 0 0 0
964 277 243 110 225190 0 0 0
3169 -1615 272 19 722715 0 0 0
-1235 1742 180 55 180111 0 0 0
2843 1416 184 172 196726 0 0 0
223 -1266 11 111 420660 0 0 0
252 -3034 97 193 372688 0 0 0
-746 2149 186 118 796430 0 0 0
1796 -2489 240 124 553417 0 0 0
-1467 -3120 19 228 149681 0 0 0
-840 904 56 150 481218 0 0 0
1483 2185 149 242 757621 0 0 0
757 -2889 8 214 768932 0 0 0
-1409 -1384 255 17 105975 0 0 0
-221 -1230 211 97 727522 0 0 0
-1789 503 209 193 512745 0 0 0
2931 238 152 255 992318 0 0 0
-1858 -26 168 16 672432 0 0 0
3147 -1702 198 118 118199 0 0 0
-1473 -2712 21 214 741297 0 0 0
-1758 7 203 201 336020 0 0 0
613 -397 267 29 960042 0 0 0
-722 -2862 233 169 454752 0 0 0
1227 -1492 219 227 579458 0 0 0
2001 320 164 95 414162 0 0 0
-2428 2223 131 239 571745 0 0 0
1035 2270 127 201 909613 0 0 0
1714 -2360 221 139 624005 0 0 0
42 -1213 155 125 269527 0 0 0
-2966 1018 131 185 771438 0 0 0
539 1898 66 131 535706 0 0 0
-1919 2093 64 180 952240 0 0 0
2394 988 137 83 186721 0 0 0
-147 -2297 28 94 199642 0 0 0
1249 357 242 12 389974 0 0 0
1564 1271 39 75 665973 0 0 0
2621 2598 236 98 697193 0 0 0
2747 -470 163 153 884362 0 0 0
-2840 1332 119 191 242501 0 0 0
-2153 1561 88 130 975679 0 0 0
1492 -3011 66 67 815334 0 0 0
-2079 -2865 262 151 269499 0 0 0
3007 -3184 117 26 815013 0 0 0
-914 1360 219 138 432571 0 0 0
1659 1608 124 97 191222 0 0 0
1820 1201 183 10 456378 0 0 0
3145 3172 172 59 935878 0 0 0
-39 -2745 25 126 440971 0 0 0
-1754 -1328 239 191 515522 0 0 0
-1995 2367 258 85 461073 0 0 0
2884 -456 102 26 539383 0 0 0
284 2195 191 100 202307 0 0 0
-1527 -2272 13 23 387013 0 0 0
-244 3102 31 43 527240 0 0 0
474 -319 279 54 894538 0 0 0
-2971 -2564 84 166 981683 0 0 0
-3148 -1832 111 112 916063 0 0 0
-1853 1290 99 85 134368 0 0 0
-1653 -2702 122 78 349204 0 0 0
-307 1682 75 29 383610 0 0 0
-2601 -2474 241 142 847642 0 0 0
2929 -2599 46 27 389955 0 0 0
2157 -1052 75 18 704274 0 0 0
-1066 167 31 127 412932 0 0 0
1053 -1548 101 188 260860 0 0 0
-838 -397 254 256 950275 0 0 0
-2528 826 71 174 223681 0 0 0
-1056 -2945 221 151 460960 0 0 0
-2904 850 122 191 103975 0 0 0
1783 2812 66 132 102423 0 0 0
-1547 -2681 267 31 101244 0 0 0
1594 -2192 256 244 848997 0 0 0
2722 431 206 80 295656 0 0 0
1225 2617 237 87 859414 0 0 0
-1866 -2483 266 12 761896 0 0 0
2729 926 73 265 183982 0 0 0
-1300 2864 34 117 885121 0 0 0
-2052 2814 277 28 947633 0 0 0
1163 433 100 260 754777 0 0 0
1131 1831 168 54 762042 0 0 0
2337 -2462 222 258 785486 0 0 0
1157 -350 4 120 834697 0 0 0
1925 -1744 169 247 570040 0 0 0
1695 -3130 34 167 816050 0 0 0
2488 -220 42 253 905351 0 0 0
-89 -390 81 127 991339 0 0 0
2660 1289 277 108 683062 0 0 0
-3034 -1603 214 94 231295 0 0 0
1893 1621 13 69 395692 0 0 0
-772 -2579 21 9 114947 0 0 0
-152 2371 214 23 631950 0 0 0
-1825 -220 246 160 969647 0 0 0
2227 -1184 6 24 134467 0 0 0
2279 -2470 199 172 512106 0 0 0
1783 2871 280 169 468537 0 0 0
1781 1189 203 199 427297 0 0 0
1466 -3064 55 160 441691 0 0 0
2654 1029 125 161 450106 0 0 0
3185 -178 213 13 928345 0 0 0
1414 2377 68 209 281085 0 0 0
-91 1774 115 111 273221 0 0 0
-2552 -1616 222 143 680141 0 0 0
2586 -2273 182 4 904176 0 0 0
2322 2899 210 30 233178 0 0 0
1331 821 209 58 833365 0 0 0
-3130 -1344 49 238 491978 0 0 0
-1031 543 145 94 108570 0 0 0
1871 237 41 27 828367 0 0 0
2087 -2722 176 59 966973 0 0 0
1814 3182 172 223 911083 0 0 0
-767 2073 265 30 751407 0 0 0
1823 -1690 185 77 579812 0 0 0
-1557 1 167 54 738211 0 0 0
1981 809 197 69 826885 0 0 0
-724 508 104 140 431793 0 0 0
-2771 -2636 41 244 317163 0 0 0
-1401 -1033 98 117 927955 0 0 0
58 -1656 264 26 928719 0 0 0
-2759 2611 28 7 555992 0 0 0
1910 -1119 266 87 153229 0 0 0
3163 -174 38 126 610603 0 0 0
1859 1934 204 184 638379 0 0 0
1483 -66 50 25 643984 0 0 0
101 -246 253 68 676311 0 0 0
2713 1351 73 144 540709 0 0 0
-2092 2252 86 203 349653 0 0 0
-2121 1470 72 229 400727 0 0 0
-1748 2286 270 180 673894 0 0 0
-991 2159 239 174 549879 0 0 0
2111 -2304 117 28 192778 0 0 0
-645 -3101 48 255 325219 0 0 0
2784 3092 55 135 123268 0 0 0
1715 -931 214 45 246658 0 0 0
2850 -2420 181 13 239573 0 0 0
-1378 -1383 251 59 632465 0 0 0
-1878 1321 164 71 782634 0 0 0
486 343 239 241 675286 0 0 0
-163 1869 83 59 234098 0 0 0
3080 -2867 228 36 246815 0 0 0
2140 -1448 132 43 327938 0 0 0
-971 1093 270 210 201251 0 0 0
3075 -1952 225 123 995939 0 0 0
1169 -2057 194 268 410779 0 0 0
2342 -2430 43 49 807175 0 0 0
1745 2745 121 167 103534 0 0 0
1788 1092 119 102 514124 0 0 0
-70 1112 89 226 379076 0 0 0
-1046 1183 30 135 676241 0 0 0
2233 2256 27 47 110382 0 0 0
2908 2788 279 32 477520 0 0 0
189 -3056 236 180 928373 0 0 0
-1463 -2248 66 164 492961 0 0 0
-448 2804 54 211 198271 0 0 0
2095 -2194 14 187 456714 0 0 0
-1669 2305 135 261 951927 0 0 0
-1618 585 138 76 225029 0 0 0
-2890 -2742 105 176 752798 0 0 0
2975 -659 46 199 716522 0 0 0
2038 3071 238 82 560330 0 0 0
2805 -760 146 38 430362 0 0 0
2146 -3012 98 122 192555 0 0 0
192 2402 3 127 540464 0 0 0
699 -2952 45 252 946936 0 0 0
-906 456 142 10 935037 0 0 0
-1422 -2376 226 186 335498 0 0 0
1023 2689 137 235 888361 0 0 0
2949 1628 40 266 925949 0 0 0
528 2514 177 127 722886 0 0 0
-228 -1469 120 179 788686 0 0 0
-1283 1859 49 251 727993 0 0 0
2995 -3015 188 35 948046 0 0 0
2177 620 144 127 342702 0 0 0
-2718 -3021 208 124 554160 0 0 0
2292 2288 172 179 594591 0 0 0
1950 -1367 162 199 208674 0 0 0
-2683 563 174 85 860289 0 0 0
-2097 -2087 260 180 238422 0 0 0
-2325 65 149 258 480315 0 0 0
401 -2472 68 151 793463 0 0 0
-740 3083 33 112 409502 0 0 0
716 1041 39 266 277789 0 0 0
-1805 1679 257 126 911599 0 0 0
2555 -914 248 33 571092 0 0 0
138 -148 3 23 689202 0 0 0
1943 -1394 118 140 778705 0 0 0
851 1743 79 112 849220 0 0 0
2647 -860 231 40 708440 0 0 0
-2426 -2815 43 243 956939 0 0 0
-635 873 76 9 136841 0 0 0
-1511 533 171 184 525616 0 0 0
-2199 2319 83 35 481159 0 0 0
2238 -923 71 17 111923 0 0 0
2275 374 204 134 883785 0 0 0
617 1173 30 57 175288 0 0 0
-1752 1967 90 260 794843 0 0 0
-670 2742 230 250 151601 0 0 0
2638 -332 7 213 392895 0 0 0
914 -1937 112 122 983177 0 0 0
2338 -2800 241 84 539198 0 0 0
-1223 -1504 163 163 346137 0 0 0
2060 3159 223 163 125734 0 0 0
-265 479 257 54 643009 0 0 0
1848 2456 132 71 120640 0 0 0
1290 2873 13 193 156918 0 0 0
1344 -878 81 234 266756 0 0 0
2201 -1903 12 64 295363 0 0 0
-388 -2176 259 137 224206 0 0 0
1338 1524 22 217 330073 0 0 0
1950 3119 144 117 715630 0 0 0
1948 1330 145 240 237668 0 0 0
927 -1637 272 40 151951 0 0 0
2179 -259 111 144 154817 0 0 0
394 -537 119 118 238887 0 0 0
-1284 -1651 280 240 799903 0 0 0
764 -1109 65 106 254293 0 0 0
-1037 2150 267 209 698376 0 0 0
2441 -1842 262 154 683729 0 0 0
2434 2872 151 93 277286 0 0 0
2047 1910 23 161 282256 0 0 0
958 269 148 163 196315 0 0 0
156 -2122 80 85 764216 0 0 0
661 -1111 175 152 199911 0 0 0
2027 1891 144 214 629779 0 0 0
-1220 99 186 104 371390 0 0 0
-1937 -40 165 68 250893 0 0 0
-130 968 122 161 511537 0 0 0
1418 403 97 112 828232 0 0 0
501 2246 59 122 370073 0 0 0
-959 -966 184 103 798318 0 0 0
1044 401 117 113 690745 0 0 0
-2159 -358 209 183 348952 0 0 0
200 1191 2 219 265578 0 0 0
-1452 2168 17 51 375997 0 0 0
866 -606 157 119 710607 0 0 0
-866 -113 20 175 148603 0 0 0
-1570 -401 25 88 779012 0 0 0
2397 -1407 212 105 608932 0 0 0
1467 3036 112 68 681006 0 0 0
-2356 -2184 10 82 369253 0 0 0
670 1758 166 229 868113 0 0 0
-2023 -674 241 142 859044 0 0 0
2637 -1760 189 232 500972 0 0 0
-1980 -1447 221 43 654583 0 0 0
2793 -2957 182 201 567449 0 0 0
-1587 1065 229 26 520623 0 0 0
2690 -414 216 238 492967 0 0 0
3092 -3127 267 165 672075 0 0 0
1856 1229 160 5 376561 0 0 0
3102 3008 255 53 928596 0 0 0
-2152 643 92 247 350913 0 0 0
2014 -2198 242 92 779493 0 0 0
2424 -1695 244 208 619042 0 0 0
-2562 955 52 196 876110 0 0 0
-2582 316 29 211 501015 0 0 0
3135 665 28 251 396361 0 0 0
332 -690 94 45 278072 0 0 0
-484 2102 20 63 754967 0 0 0
-421 -1259 264 188 646637 0 0 0
-439 1875 27 224 338565 0 0 0
2859 -2396 220 62 128315 0 0 0
-2981 -850 168 154 997410 0 0 0
-1605 -356 264 105 785550 0 0 0
-1493 1318 31 194 293478 0 0 0
-3078 -1296 274 32 947643 0 0 0
-1457 2969 133 128 459356 0 0 0
2670 -2000 46 8 805744 0 0 0
2499 -788 47 39 895818 0 0 0
-2998 -1941 65 62 988626 0 0 0
-2689 314 104 99 738161 0 0 0
-2155 2890 8 249 134821 0 0 0
1232 61 209 138 298037 0 0 0
-1524 2514 16 97 429891 0 0 0
-40 2737 11 234 776484 0 0 0
70 -1205 148 255 819571 0 0 0
1927 -718 41 91 974226 0 0 0
-2525 -3131 122 217 997412 0 0 0
-2750 -1790 185 60 406814 0 0 0
2622 2048 3 144 928907 0 0 0
891 -2903 113 55 960053 0 0 0
1706 -3187 200 170 768015 0 0 0
1367 1558 186 184 986925 0 0 0
-232 -2364 219 247 778838 0 0 0
-2080 -1889 257 217 708989 0 0 0
-2630 -2445 36 193 100299 0 0 0
373 -2545 163 122 412465 0 0 0
-1040 2568 15 172 918435 0 0 0
2082 2623 66 189 441427 0 0 0
-2199 -99 238 75 424271 0 0 0
2093 40 269 231 202166 0 0 0
980 595 99 139 576752 0 0 0
-779 3165 103 48 733157 0 0 0
-1139 2020 25 240 190500 0 0 0
2605 2732 121 255 756209 0 0 0
-2223 -2528 153 217 460157 0 0 0
576 -1914 109 45 962725 0 0 0
1831 2231 219 266 765285 0 0 0
1659 -1095 130 52 280204 0 0 0
-1561 38 205 177 164875 0 0 0
2183 -3037 72 235 262587 0 0 0
-1435 -1543 169 66 327967 0 0 0
1330 -281 136 41 217773 0 0 0
-2632 -2101 267 112 883001 0 0 0
-1521 1954 205 230 103606 0 0 0
230 -1913 85 52 225314 0 0 0
-1801 2650 124 254 363882 0 0 0
-168 2743 230 64 581360 0 0 0
1497 1227 279 61 300644 0 0 0
1643 -2850 123 88 697837 0 0 0
1765 1024 121 82 994877 0 0 0
-2402 79 67 260 796589 0 0 0
1596 2019 36 145 230324 0 0 0
-2392 -2253 77 153 947974 0 0 0
1697 1474 9 103 390403 0 0 0
2503 1948 103 88 555202 0 0 0
-69 5 178 76 146778 0 0 0
-2908 138 153 123 845499 0 0 0
3175 -718 178 173 403693 0 0 0
1522 543 45 251 860287 0 0 0
2775 1855 138 147 256880 0 0 0
-1887 -63 2 9 883677 0 0 0
1225 2986 152 242 649659 0 0 0
-1266 2381 114 26 605878 0 0 0
2901 -1913 166 123 819737 0 0 0
-1743 -2114 106 246 735648 0 0 0
-1394 -346 118 158 464701 0 0 0
-2073 60 74 48 972619 0 0 0
-2908 2898 125 246 522592 0 0 0
-1193 193 145 161 544626 0 0 0
-1425 56 49 160 368692 0 0 0
3103 -2972 240 84 743999 0 0 0
-2083 -2461 27 262 855835 0 0 0
-25 -1240 136 38 235618 0 0 0
-2023 2024 231 204 204953 0 0 0
7 -1472 221 152 856110 0 0 0
-1575 -362 158 100 295817 0 0 0
-1324 -1510 259 235 304471 0 0 0
-2384 1448 56 110 326570 0 0 0
-2922 2356 225 35 829481 0 0 0
1189 -2657 195 264 713943 0 0 0
-1070 1767 240 40 733776 0 0 0
1763 -1018 265 94 790546 0 0 0
3124 2003 129 151 604127 0 0 0
-2360 2346 28 60 413718 0 0 0
2069 -2944 2 110 202430 0 0 0
1471 -1099 157 26 268620 0 0 0
498 -2245 137 158 409597 0 0 0
-614 2848 222 66 989136 0 0 0
-1363 824 236 82 120179 0 0 0
2549 -861 233 162 939822 0 0 0
351 -14 236 101 646157 0 0 0
-3158 1602 137 161 670694 0 0 0
2017 307 90 255 571579 0 0 0
-2635 2189 277 219 207043 0 0 0
-1494 2613 251 70 856668 0 0 0
-1808 208 269 141 750308 0 0 0
2547 -1961 107 200 763337 0 0 0
603 943 112 258 269914 0 0 0
-285 -805 276 15 758796 0 0 0
-609 -3040 134 36 604245 0 0 0
2921 1601 91 158 473639 0 0 0
-359 1243 44 199 294391 0 0 0
1753 -339 229 111 664662 0 0 0
-1766 393 121 145 602394 0 0 0
2022 1145 194 138 136404 0 0 0
-2852 2908 183 227 648069 0 0 0
-200 -2026 160 180 373698 0 0 0
1970 -739 121 195 197874 0 0 0
16 -24 30 183 279929 0 0 0
-116 1753 220 63 200573 0 0 0
745 288 260 62 890206 0 0 0
-1683 1709 187 101 804911 0 0 0
-2262 -548 119 182 597660 0 0 0
1622 -2870 211 80 188127 0 0 0
1040 -1500 26 77 751198 0 0 0
2038 -1581 224 99 202877 0 0 0
-2892 -2419 280 53 430429 0 0 0
-2096 498 252 30 924180 0 0 0
-3078 1238 89 100 551344 0 0 0
-13 182 54 256 218641 0 0 0
-847 -3025 249 111 655319 0 0 0
1585 -1701 205 132 498008 0 0 0
3181 -2945 202 150 738558 0 0 0
-1036 -618 9 221 239397 0 0 0
-1893 -2290 222 63 158175 0 0 0
-950 480 166 172 924677 0 0 0
-2081 -878 160 1 851724 0 0 0
2329 -1763 82 194 564167 0 0 0
-1692 1989 163 174 460124 0 0 0
-216 -1804 43 138 647411 0 0 0
2055 -2425 252 87 740734 0 0 0
-1974 1343 77 93 549856 0 0 0
828 -1585 35 24 139842 0 0 0
-2849 -509 247 139 915586 0 0 0
-2505 1731 31 219 531478 0 0 0
783 -590 56 95 321278 0 0 0
569 -410 235 223 618464 0 0 0
1043 1623 242 241 608617 0 0 0
-2000 882 243 240 833175 0 0 0
-1913 -1787 169 13 188062 0 0 0
-326 2550 179 178 556351 0 0 0
-2779 -1347 132 180 316600 0 0 0
-3152 1083 18 189 366824 0 0 0
-3059 -1879 45 123 903268 0 0 0
-654 -1777 55 187 263908 0 0 0
-2498 -529 34 156 788268 0 0 0
916 2616 266 159 844779 0 0 0
1163 2786 157 77 252573 0 0 0
453 3149 50 264 654506 0 0 0
152 2961 30 64 620584 0 0 0
302 235 74 178 412041 0 0 0
2312 -886 159 183 621472 0 0 0
2125 -2982 139 37 397791 0 0 0
-1266 575 250 96 626117 0 0 0
-1818 208 67 189 316586 0 0 0
2119 -2107 49 157 279011 0 0 0
1436 -639 4 169 687836 0 0 0
-2859 2488 138 151 977230 0 0 0
1979 2878 30 255 771113 0 0 0
-37 -601 70 200 428334 0 0 0
830 -1883 86 40 518238 0 0 0
203 -2830 201 86 146315 0 0 0
178 -619 36 197 632460 0 0 0
-2003 -543 153 21 404786 0 0 0
2580 -1149 4 8 272178 0 0 0
2538 2866 208 1 381881 0 0 0
957 2574 122 149 423326 0 0 0
2829 -2941 253 91 236199 0 0 0
3084 -746 216 9 625659 0 0 0
1679 27 14 258 126638 0 0 0
-974 -2413 19 242 778993 0 0 0
2156 -2102 264 236 215931 0 0 0
522 -2898 14 159 928548 0 0 0
2910 2475 52 17 425995 0 0 0
1640 2578 130 106 900966 0 0 0
1878 231 163 233 216338 0 0 0
-45 -1536 92 158 734502 0 0 0
-863 -266 110 240 314301 0 0 0
996 -1914 83 234 521063 0 0 0
-465 -1631 147 26 379206 0 0 0
-298 375 239 4 748542 0 0 0
898 -1096 51 53 979568 0 0 0
2679 693 253 129 976841 0 0 0
2544 -445 158 145 394463 0 0 0
-2113 -55 87 58 191574 0 0 0
3189 -2651 161 143 216077 0 0 0
2451 -2848 254 235 552152 0 0 0
-1252 -2294 41 187 191855 0 0 0
1874 1474 18 42 738503 0 0 0
1074 921 18 40 676154 0 0 0
-2564 -1452 179 212 565921 0 0 0
1502 592 52 248 746248 0 0 0
2891 1901 233 240 582308 0 0 0
2660 -763 37 193 132328 0 0 0
796 -2361 152 80 600483 0 0 0
-561 -1157 175 209 840659 0 0 0
357 2652 138 203 830014 0 0 0
-30 -1334 36 57 622403 0 0 0
-3128 -2042 158 178 123269 0 0 0
-2759 -2054 248 180 376611 0 0 0
1506 845 155 37 206225 0 0 0
3143 -1777 210 45 470762 0 0 0
1324 -1454 198 113 661809 0 0 0
1218 2011 137 156 881708 0 0 0
-1152 1630 53 109 363280 0 0 0
-2934 -2944 126 240 440989 0 0 0
-2294 1149 218 85 958775 0 0 0
-2558 2127 174 21 457606 0 0 0
3144 1639 48 126 342695 0 0 0
2187 -1735 273 81 902683 0 0 0
637 1015 72 200 636727 0 0 0
1904 550 185 3 116583 0 0 0
-2787 -1510 214 241 814500 0 0 0
403 -1551 75 185 981067 0 0 0
746 -205 30 183 230194 0 0 0
1089 -1586 233 232 375288 0 0 0
1370 -2741 244 239 704709 0 0 0
-2958 1307 119 78 942730 0 0 0
-2424 -3024 197 169 694658 0 0 0
2149 1587 161 222 745678 0 0 0
-861 -110 156 206 224750 0 0 0
-1874 -1880 120 257 110661 0 0 0
1493 1799 230 161 276210 0 0 0
-619 -266 20 51 665876 0 0 0
-3058 480 25 239 868856 0 0 0
3169 2350 190 4 193965 0 0 0
-2745 246 206 132 810140 0 0 0
-144 1910 214 33 538145 0 0 0
2639 1918 87 195 608626 0 0 0
-2721 191 68 32 250516 0 0 0
-1064 -2153 3 222 966041 0 0 0
2438 -1555 108 252 317553 0 0 0
-2398 2108 67 252 466144 0 0 0
-2976 863 242 173 394807 0 0 0
2868 -1896 186 112 392607 0 0 0
-1921 -1758 227 123 115797 0 0 0
-1747 -398 185 23 907479 0 0 0
635 -1205 91 241 122698 0 0 0
-2965 -1648 8 209 848500 0 0 0
1547 -2861 147 185 169967 0 0 0
2092 -1743 27 250 714779 0 0 0
-3195 838 27 45 335589 0 0 0
662 359 127 249 761873 0 0 0
203 -867 145 16 874085 0 0 0
2926 -1608 111 206 255272 0 0 0
311 -1117 107 231 113567 0 0 0
-2153 2750 48 90 104161 0 0 0
2221 1730 274 110 862757 0 0 0
-2058 -1191 15 241 883160 0 0 0
-1817 -822 127 87 854240 0 0 0
114 184 119 14 743476 0 0 0
-643 -490 275 247 478139 0 0 0
2938 -2121 193 131 395222 0 0 0
-1482 -1741 278 63 417914 0 0 0
-2057 -2951 225 255 844037 0 0 0
222 962 144 180 251018 0 0 0
-1511 1034 266 246 728856 0 0 0
-2917 -2800 185 99 610512 0 0 0
1746 -552 34 54 768250 0 0 0
3144 -2765 266 267 799994 0 0 0
742 782 32 100 574006 0 0 0
-2190 2983 256 202 462447 0 0 0
-2236 2822 61 186 576181 0 0 0
448 1404 60 207 609785 0 0 0
-222 -2490 88 78 990514 0 0 0
1922 751 25 14 411499 0 0 0
1713 1440 77 202 533023 0 0 0
1980 -2543 149 197 417214 0 0 0
-2638 2603 179 48 839268 0 0 0
-1370 2964 94 175 719850 0 0 0
-942 -957 169 36 928763 0 0 0
-878 1649 153 225 915515 0 0 0
-176 -2125 210 89 426148 0 0 0
2409 -499 54 68 541968 0 0 0
463 1721 57 151 471015 0 0 0
2689 -2628 215 45 818044 0 0 0
2371 -92 150 117 345583 0 0 0
2960 -1100 50 190 531310 0 0 0
-1011 -904 10 16 610231 0 0 0
1791 2835 59 91 382612 0 0 0
3182 -1541 224 47 782341 0 0 0
2762 1871 214 29 958071 0 0 0
-346 1758 278 12 575191 0 0 0
1878 2000 96 247 202538 0 0 0
-243 -1684 26 28 474432 0 0 0
-3062 -1092 89 69 223863 0 0 0
1675 -2908 242 39 591660 0 0 0
-639 -1280 61 129 625638 0 0 0
-468 -1636 210 222 343537 0 0 0
1004 -2536 131 211 401844 0 0 0
-762 231 148 46 341507 0 0 0
-3 295 247 178 884687 0 0 0
80 -1335 252 156 479735 0 0 0
-660 -758 41 95 727249 0 0 0
2510 101 19 151 540409 0 0 0
1851 1554 2 132 261161 0 0 0
-3163 -1389 75 242 559421 0 0 0
102 1773 223 30 310299 0 0 0
-2007 551 45 144 492503 0 0 0
-2204 -2917 244 109 810995 0 0 0
-88 -1223 36 27 330803 0 0 0
-2993 -1998 264 101 228635 0 0 0
-1898 -305 206 47 155878 0 0 0
3199 596 172 60 380367 0 0 0
-635 -1758 278 260 891559 0 0 0
-468 3194 257 245 979620 0 0 0
2760 181 263 8 397068 0 0 0
-2564 -1980 201 85 979780 0 0 0
2234 -1073 71 248 538172 0 0 0
2048 -2341 106 119 746005 0 0 0
2986 3049 141 42 149799 0 0 0
-1831 559 113 237 791821 0 0 0
-713 -199 199 176 606643 0 0 0
-1744 -500 43 203 195656 0 0 0
-517 -2887 246 163 317336 0 0 0
-2527 -2783 130 227 952238 0 0 0
-2662 -2768 271 105 201337 0 0 0
2906 -2428 102 265 194365 0 0 0
1708 -2027 77 64 372943 0 0 0
-1844 2165 259 262 325224 0 0 0
-2828 310 31 85 962756 0 0 0
1907 -2538 241 46 990773 0 0 0
336 -2058 212 4 848856 0 0 0
1650 1594 185 56 524480 0 0 0
-1934 2877 182 225 536495 0 0 0
-61 -1078 61 174 398179 0 0 0
-307 2658 59 71 761768 0 0 0
-702 -817 212 120 378481 0 0 0
-2758 -2046 90 84 640047 0 0 0
75 -3015 51 101 846231 0 0 0
2683 2582 140 90 241500 0 0 0
-821 -1243 98 58 412240 0 0 0
-2775 -2609 194 250 210328 0 0 0
-1480 826 203 100 422963 0 0 0
-2523 3196 150 164 515900 0 0 0
1705 1643 228 254 522394 0 0 0
-1441 -576 236 182 111157 0 0 0
521 -412 35 53 598302 0 0 0
1533 2540 106 171 213130 0 0 0
751 -1963 96 76 588308 0 0 0
1226 876 148 194 725227 0 0 0
2333 2150 200 69 272226 0 0 0
1075 -2147 43 144 795038 0 0 0
-2359 -2620 281 46 935990 0 0 0
205 -2052 257 105 514200 0 0 0
2540 -896 51 1 456860 0 0 0
-1691 2512 179 135 987160 0 0 0
-635 -1980 9 138 529169 0 0 0
-540 624 269 46 260758 0 0 0
-2593 -2561 15 62 492155 0 0 0
245 -2396 79 107 441657 0 0 0
-1648 3188 169 42 998059 0 0 0
-1246 70 129 154 979904 0 0 0
-2061 365 261 84 743852 0 0 0
442 934 35 145 174791 0 0 0
-2587 518 33 67 707079 0 0 0
137 3039 55 142 913634 0 0 0
558 2852 67 9 749464 0 0 0
685 2377 210 42 841298 0 0 0
-567 384 165 10 220770 0 0 0
-1885 -4 118 206 301207 0 0 0
-2203 1060 265 153 370990 0 0 0
-674 -2764 181 226 488879 0 0 0
-1787 2768 93 30 715005 0 0 0
-1735 -2650 9 119 705544 0 0 0
-2412 283 61 186 974047 0 0 0
472 -2425 40 111 973555 0 0 0
1225 -966 122 17 526760 0 0 0
-1443 -588 248 165 121205 0 0 0
1907 361 201 219 402531 0 0 0
-13 -2294 278 125 814065 0 0 0
-2610 -2094 28 162 871250 0 0 0
-571 -1752 192 89 205736 0 0 0
1970 -2852 132 10 995379 0 0 0
598 -3020 227 223 666291 0 0 0
851 -2112 271 157 742259 0 0 0
1371 3036 56 9 209531 0 0 0
-2235 -2850 191 114 703724 0 0 0
867 547 223 71 128067 0 0 0
588 -2344 19 137 645148 0 0 0
-234 1832 102 89 165958 0 0 0
2682 1047 37 143 744138 0 0 0
-2736 3009 254 159 489974 0 0 0
613 1253 159 178 988634 0 0 0
3177 1622 154 126 900359 0 0 0
2232 940 26 12 400995 0 0 0
-1810 -1983 159 134 993276 0 0 0
99 -2834 206 268 463198 0 0 0
-3155 2057 161 254 918249 0 0 0
296 823 83 211 335695 0 0 0
-3019 -2616 268 87 979555 0 0 0
2260 1062 105 123 377987 0 0 0
-2502 -583 205 169 995172 0 0 0
2140 -530 60 262 478293 0 0 0
-2891 2871 197 223 906329 0 0 0
2401 619 24 196 324336 0 0 0
-986 3127 115 123 139118 0 0 0
-1188 -2176 230 141 967466 0 0 0
-45 1375 174 42 126795 0 0 0
-2109 2576 18 252 924593 0 0 0
-2028 -1859 36 197 167978 0 0 0
-2106 1480 45 73 535689 0 0 0
2636 660 172 130 443203 0 0 0
-2599 -2754 132 63 962292 0 0 0
-100 714 93 268 319999 0 0 0
-2061 1078 101 188 933886 0 0 0
-1332 657 53 263 785265 0 0 0
-174 -2112 278 141 211110 0 0 0
-1447 2547 50 227 156518 0 0 0
-1124 -792 191 169 651154 0 0 0
828 1469 248 13 466126 0 0 0
-351 1613 278 204 124231 0 0 0
1174 -799 163 186 603475 0 0 0
-21 -23 51 237 258759 0 0 0
-343 2584 85 36 487912 0 0 0
-597 -1294 129 34 711368 0 0 0
-1430 -2527 91 255 112143 0 0 0
1078 703 173 237 624102 0 0 0
-1156 1970 62 47 638647 0 0 0
-830 3180 232 123 777366 0 0 0
-780 1574 267 197 102685 0 0 0
1830 -759 179 4 836072 0 0 0
-296 -378 234 235 230727 0 0 0
762 -2392 142 62 481672 0 0 0
3073 2835 85 204 874224 0 0 0
2922 -1286 129 205 673836 0 0 0
-2032 -1749 46 9 559260 0 0 0
-2633 -2309 56 112 557851 0 0 0
-107 2567 226 74 980665 0 0 0
-2165 -1709 179 224 761951 0 0 0
1724 2528 279 266 342952 0 0 0
2639 113 192 28 886197 0 0 0
-908 8 157 191 150173 0 0 0
18 -955 211 31 585741 0 0 0
-190 999 58 230 851071 0 0 0
463 2588 208 217 623311 0 0 0
-1224 -1236 102 111 833878 0 0 0
-2824 2230 234 230 547328 0 0 0
289 -3003 79 233 739098 0 0 0
2834 -900 130 65 110947 0 0 0
856 2800 230 191 105788 0 0 0
-477 -151 41 259 323326 0 0 0
1163 -1987 71 265 530569 0 0 0
365 -2451 160 71 325937 0 0 0
-2246 -449 254 184 605998 0 0 0
2751 2730 56 53 793914 0 0 0
-2456 -14 150 126 345001 0 0 0
2733 -1400 213 54 815516 0 0 0
1058 -1004 195 182 484390 0 0 0
-2813 161 195 221 327023 0 0 0
2802 -2594 162 108 667078 0 0 0
1925 -936 251 61 521289 0 0 0
-2565 1459 109 39 825994 0 0 0
714 1214 23 52 446814 0 0 0
2811 -1856 231 107 405700 0 0 0
-3041 -3089 201 55 924559 0 0 0
1883 1748 246 193 876982 0 0 0
922 526 211 2 819271 0 0 0
-573 -39 190 108 558395 0 0 0
-2143 3046 47 130 796203 0 0 0
2083 -671 17 238 555455 0 0 0
2985 -615 122 177 582676 0 0 0
291 1220 55 137 694109 0 0 0
2854 2636 179 211 728451 0 0 0
2783 -170 72 211 862022 0 0 0
2342 -2155 187 64 528997 0 0 0
-2296 2052 267 53 894486 0 0 0
2762 -1628 279 209 653175 0 0 0
-189 2233 50 253 642262 0 0 0
-2380 1718 234 60 170875 0 0 0
943 -2368 15 267 701651 0 0 0
2186 -2168 197 29 435515 0 0 0
-1696 2863 71 155 318658 0 0 0
-1413 2268 224 170 592956 0 0 0
1948 2898 211 139 964618 0 0 0
1482 -501 159 246 780912 0 0 0
-2883 -1061 206 92 676428 0 0 0
-1632 -228 1 54 174297 0 0 0
2689 -2971 156 89 885716 0 0 0
630 -1912 125 193 746042 0 0 0
-2394 -1521 174 22 806357 0 0 0
3146 -1952 117 84 555411 0 0 0
739 -407 103 70 483625 0 0 0
-539 1842 233 197 671766 0 0 0
-2979 -77 12 87 353657 0 0 0
1478 2675 214 44 968909 0 0 0
-2094 -1317 129 238 643771 0 0 0
-530 2584 21 195 944144 0 0 0
393 2265 168 182 451873 0 0 0
228 1137 274 56 549417 0 0 0
-313 -1445 193 241 303759 0 0 0
-2715 558 22 247 880446 0 0 0
1671 287 151 137 104215 0 0 0
1810 403 137 133 803335 0 0 0
-435 -1571 72 22 515608 0 0 0
1957 -1129 158 193 256672 0 0 0
869 -644 70 257 328341 0 0 0
-391 -1369 130 235 719853 0 0 0
250 2412 266 185 530919 0 0 0
-257 -2617 156 221 614330 0 0 0
-1475 2776 236 173 586679 0 0 0
-899 307 73 180 569395 0 0 0
794 1949 190 135 465090 0 0 0
2455 -2807 69 150 254089 0 0 0
356 -1872 147 140 559513 0 0 0
586 1096 165 166 618504 0 0 0
2711 -1779 276 183 437401 0 0 0
3196 1518 45 162 838478 0 0 0
-2313 609 137 15 143070 0 0 0
-2351 2446 184 90 673329 0 0 0
-183 339 67 96 263849 0 0 0
-571 355 51 116 388036 0 0 0
-1061 -65 275 219 825051 0 0 0
2678 821 52 182 829499 0 0 0
1367 -610 224 35 373360 0 0 0
-2861 -1240 56 185 688800 0 0 0
2008 2494 269 39 126747 0 0 0
-568 -3095 79 124 425898 0 0 0
-2958 2047 244 178 349044 0 0 0
-806 2412 196 141 923518 0 0 0
-1115 -164 50 151 863648 0 0 0
-2609 -1158 270 35 775716 0 0 0
2901 2905 114 244 339590 0 0 0
2763 1038 192 197 298650 0 0 0
-444 -3099 92 179 708932 0 0 0
-2165 2899 54 141 415222 0 0 0
53 2695 114 125 565402 0 0 0
-1521 2082 269 116 503818 0 0 0
1595 -1707 259 220 573839 0 0 0
-2690 2486 122 196 205446 0 0 0
-1472 -3042 211 156 457291 0 0 0
-906 2137 165 4 207350 0 0 0
1965 48 159 235 225237 0 0 0
-299 -112 40 56 380250 0 0 0
2673 1563 15 8 318375 0 0 0
2163 -807 129 251 685564 0 0 0
-1147 -2480 104 22 397549 0 0 0
-2757 1 260 172 558799 0 0 0
-840 2540 209 86 308182 0 0 0
153 710 74 40 298032 0 0 0
2340 -552 221 114 721730 0 0 0
13 -671 173 268 210000 0 0 0
-1249 560 259 121 486884 0 0 0
146 -778 53 241 813400 0 0 0
-2238 897 191 8 409466 0 0 0
229 -2819 173 112 302981 0 0 0
-1394 -1715 162 156 818648 0 0 0
550 -1157 195 60 667324 0 0 0
-1259 998 182 232 901013 0 0 0
-209 112 56 242 257041 0 0 0
291 -1460 135 53 309218 0 0 0
1532 2591 259 170 976041 0 0 0
-901 -3021 157 72 150822 0 0 0
-1374 3039 172 233 154070 0 0 0
-1227 -917 281 89 737232 0 0 0
1557 -370 201 218 258822 0 0 0
-2243 2333 121 3 134551 0 0 0
2740 -2711 45 125 209574 0 0 0
855 1505 26 60 320668 0 0 0
1171 2172 108 236 683546 0 0 0
-880 -830 274 47 499535 0 0 0
-2142 -2962 72 198 126452 0 0 0
-2109 -1219 260 71 486946 0 0 0
-2500 -2178 249 114 616722 0 0 0
-1404 1445 75 73 105238 0 0 0
2358 2550 171 137 445528 0 0 0
-827 3090 112 266 650529 0 0 0
2822 -2878 230 101 897967 0 0 0
2353 -2128 118 225 304202 0 0 0
-52 -1915 126 130 136448 0 0 0
565 -2156 230 234 643046 0 0 0
-99 293 139 136 722040 0 0 0
-407 2150 137 102 965439 0 0 0
-974 -3150 171 4 491939 0 0 0
-3072 -2302 168 33 484749 0 0 0
581 -2175 58 11 796817 0 0 0
421 -1440 247 90 859169 0 0 0
-535 -342 16 156 959524 0 0 0
1807 2366 130 13 730969 0 0 0
-2471 -2152 77 224 457394 0 0 0
-1948 1920 92 229 351488 0 0 0
-745 3156 58 47 350336 0 0 0
-421 505 232 5 383001 0 0 0
1594 -358 5 38 624692 0 0 0
807 -3096 152 208 590489 0 0 0
641 1200 163 83 893403 0 0 0
2611 2235 279 196 690605 0 0 0
-2389 2239 179 137 180116 0 0 0
-1583 -2248 228 160 451503 0 0 0
-1498 -2710 75 205 887578 0 0 0
852 2428 44 109 192522 0 0 0
1884 -1548 197 69 921089 0 0 0
1724 205 88 257 836506 0 0 0
-537 -88 34 13 170279 0 0 0
2106 1375 150 227 636979 0 0 0
-1039 -1775 138 201 908758 0 0 0
355 820 208 200 742335 0 0 0
1094 -1532 259 250 661265 0 0 0
196 3194 243 2 613366 0 0 0
-1665 -2722 125 92 194406 0 0 0
732 566 63 34 805145 0 0 0
2585 -2546 61 188 934293 0 0 0
-3148 2233 205 100 558520 0 0 0
3012 1801 276 9 650614 0 0 0
-2546 -1478 121 100 661244 0 0 0
1468 -1511 159 50 980961 0 0 0
3125 2629 169 73 617141 0 0 0
2963 -2926 166 115 822019 0 0 0
-1387 -882 179 171 895078 0 0 0
-1882 -554 41 155 626446 0 0 0
297 2997 143 81 996751 0 0 0
-1024 1817 280 123 555366 0 0 0
1802 -582 91 94 643525 0 0 0
2399 -3037 25 219 930034 0 0 0
-2804 -1098 157 153 396054 0 0 0
-808 -65 187 127 327712 0 0 0
-2626 -2022 214 147 850426 0 0 0
-2973 -2505 90 71 830267 0 0 0
-3137 -1674 212 241 642369 0 0 0
-2263 -61 145 34 324133 0 0 0
-444 -919 221 162 963993 0 0 0
-2673 1562 269 173 363315 0 0 0
-1413 -2598 135 21 595614 0 0 0
2207 -2407 120 98 444731 0 0 0
312 -314 98 60 250847 0 0 0
-771 -57 240 6 887458 0 0 0
-2173 269 260 203 118690 0 0 0
-2939 -1197 53 19 675547 0 0 0
533 3026 134 250 535997 0 0 0
-2996 -2099 121 28 968634 0 0 0
2171 -1916 122 73 250520 0 0 0
-1272 1221 42 242 833630 0 0 0
2322 -1763 116 187 697539 0 0 0
-81 81 169 173 419791 0 0 0
211 -808 176 167 796100 0 0 0
1739 -149 7 117 244955 0 0 0
-1367 -1450 264 124 812282 0 0 0
-1518 -1355 42 18 596546 0 0 0
1918 -2173 270 130 738467 0 0 0
2998 700 200 228 864472 0 0 0
2976 -486 57 44 529584 0 0 0
654 2768 60 16 880490 0 0 0
260 665 211 35 515250 0 0 0
-2943 -2820 81 160 219662 0 0 0
-974 -1855 32 62 730901 0 0 0
145 -3088 87 102 268678 0 0 0
-1548 -2754 89 224 924826 0 0 0
-2738 -754 111 242 432769 0 0 0
2596 -1841 195 219 783243 0 0 0
205 293 225 19 226029 0 0 0
163 982 254 65 247848 0 0 0
-1210 606 277 227 241702 0 0 0
-920 764 160 94 396341 0 0 0
1867 2231 246 253 418002 0 0 0
2182 888 230 7 871672 0 0 0
-1235 2776 28 56 639180 0 0 0
1756 2509 101 93 829361 0 0 0
863 1423 177 109 543523 0 0 0
2981 -1222 238 49 171605 0 0 0
2652 2088 198 32 293589 0 0 0
-8 551 8 30 846542 0 0 0
-2614 1824 84 168 560652 0 0 0
1808 2326 33 262 533804 0 0 0
-2619 -1972 170 188 376216 0 0 0
1198 2513 105 255 540641 0 0 0
-216 -2600 236 268 993253 0 0 0
-2154 913 180 160 667388 0 0 0
-790 2166 23 98 922706 0 0 0
1390 -2882 82 18 838887 0 0 0
587 594 148 144 259712 0 0 0
3029 2873 71 193 647151 0 0 0
1026 -2731 218 137 444073 0 0 0
2713 -552 153 180 685061 0 0 0
2671 -2324 150 219 685481 0 0 0
2920 -2601 15 231 683653 0 0 0
474 -1619 195 226 414225 0 0 0
-3081 1169 148 117 464873 0 0 0
-576 -24 203 1 624247 0 0 0
2893 2414 263 39 696984 0 0 0
2743 -360 125 107 375358 0 0 0
-52 71 52 263 524063 0 0 0
-2673 47 113 137 558598 0 0 0
2009 1533 207 156 503704 0 0 0
-2891 664 210 46 555992 0 0 0
-3105 693 77 64 725683 0 0 0
943 2820 57 55 892796 0 0 0
-459 -835 90 152 488673 0 0 0
-926 -2644 150 180 665941 0 0 0
-2343 789 71 6 888012 0 0 0
-2123 2848 164 63 620011 0 0 0
380 -895 137 248 576411 0 0 0
1336 -3156 5 128 277008 0 0 0
-1856 -2577 218 83 546516 0 0 0
1176 -1871 157 142 928511 0 0 0
2406 541 45 43 996372 0 0 0
247 1925 63 157 337150 0 0 0
2045 2627 145 41 166677 0 0 0
2745 591 36 41 434021 0 0 0
-1117 -2516 224 159 585175 0 0 0
-1571 2164 64 31 493297 0 0 0
-1154 -1414 152 153 966957 0 0 0
-820 -1778 248 111 694815 0 0 0
-1203 -111 97 144 633581 0 0 0
2053 1686 260 74 668384 0 0 0
425 1579 60 228 179342 0 0 0
2495 413 226 112 610410 0 0 0
-1747 -390 57 48 894037 0 0 0
1019 2537 158 163 632540 0 0 0
382 1058 113 209 617944 0 0 0
3104 546 111 135 133173 0 0 0
-2061 111 169 61 551153 0 0 0
-3181 1063 52 70 452767 0 0 0
-2590 1170 227 24 720322 0 0 0
919 -393 265 104 910721 0 0 0
1128 1454 182 85 100672 0 0 0
2114 -2384 271 215 930721 0 0 0
-723 1355 236 10 921363 0 0 0
1060 790 130 155 135244 0 0 0
2548 2050 127 231 874043 0 0 0
-1796 260 36 127 636496 0 0 0
-343 362 177 75 236222 0 0 0
3134 1078 72 80 225134 0 0 0
783 -2821 109 49 992364 0 0 0
3194 -2410 192 184 701768 0 0 0
448 -2190 13 102 513119 0 0 0
1535 2425 158 255 487479 0 0 0
-2709 -1773 142 46 225542 0 0 0
2879 2926 33 94 821084 0 0 0
1484 -2982 101 153 834180 0 0 0
-2087 -2568 259 168 433022 0 0 0
2593 3199 270 64 155188 0 0 0
1714 1392 272 183 140873 0 0 0
-60 981 244 238 974984 0 0 0
-201 -576 150 236 179340 0 0 0
755 -1293 251 1 396636 0 0 0
2184 1990 9 250 173648 0 0 0
2806 200 232 143 398861 0 0 0
2839 2917 81 120 779209 0 0 0
1815 -859 82 244 177748 0 0 0
1215 -340 189 1 102037 0 0 0
-428 1543 191 116 997481 0 0 0
1094 2350 191 192 313864 0 0 0
-705 2394 88 120 413887 0 0 0
-766 -516 221 112 477078 0 0 0
-203 -1730 164 227 892350 0 0 0
1547 -157 145 265 116980 0 0 0
-1595 2665 140 172 592390 0 0 0
-804 1828 187 123 595044 0 0 0
-2914 -101 136 9 486315 0 0 0
-1850 -790 124 72 252850 0 0 0
-2072 1370 198 23 650448 0 0 0
-2287 2960 74 90 192881 0 0 0
-907 2186 234 154 847757 0 0 0
1156 -3047 168 49 954013 0 0 0
386 643 157 264 517298 0 0 0
72 -1453 68 95 472469 0 0 0
-2714 -1980 211 225 548105 0 0 0
1037 -782 62 169 926441 0 0 0
649 2288 82 140 639289 0 0 0
2220 2133 161 91 184996 0 0 0
-1511 2718 260 91 649179 0 0 0
-1477 1646 185 208 827079 0 0 0
-1222 2560 219 2 110159 0 0 0
-2143 -2996 252 11 236498 0 0 0
-2145 1922 214 154 379116 0 0 0
-239 1095 9 207 975653 0 0 0
-3063 -282 211 84 448914 0 0 0
-3184 753 276 267 786252 0 0 0
-279 2264 185 90 420315 0 0 0
1564 -3117 29 8 678436 0 0 0
677 1913 193 258 383487 0 0 0
-1072 -846 145 257 668680 0 0 0
1269 -2758 112 77 775644 0 0 0
668 2081 94 226 121676 0 0 0
3031 -2988 78 259 987633 0 0 0
-784 -1873 85 165 837976 0 0 0
2569 -115 24 248 696694 0 0 0
-2217 758 102 178 600439 0 0 0
637 -1948 240 135 324191 0 0 0
1760 1707 217 230 804407 0 0 0
-1315 1633 11 14 488331 0 0 0
-349 2722 274 54 586639 0 0 0
1669 1331 278 198 452865 0 0 0
-1728 -2921 15 26 406649 0 0 0
2169 -3088 99 69 779886 0 0 0
-402 2438 78 15 588635 0 0 0
1943 1153 10 49 339468 0 0 0
-251 -1856 129 44 735719 0 0 0
2600 743 66 117 356142 0 0 0
2867 -3122 159 131 181151 0 0 0
-484 1515 183 160 241866 0 0 0
-302 947 270 203 794585 0 0 0
-2147 -2082 248 100 965341 0 0 0
2320 411 139 144 600336 0 0 0
2524 2781 70 209 881985 0 0 0
-784 -2368 231 46 677183 0 0 0
-2700 2898 36 147 343233 0 0 0
46 -677 136 78 423636 0 0 0
-148 772 168 154 195623 0 0 0
-809 -851 127 183 414976 0 0 0
-1019 -1713 144 55 885978 0 0 0
-167 1288 220 202 171210 0 0 0
-1182 -1473 264 144 946231 0 0 0
-714 -3143 33 55 293261 0 0 0
-583 2309 38 216 930994 0 0 0
783 -3054 153 22 103985 0 0 0
-2491 -857 110 101 324363 0 0 0
-3081 -2919 98 79 584665 0 0 0
2175 -879 174 165 735306 0 0 0
-3128 -2718 155 159 161569 0 0 0
-2340 2040 188 54 113016 0 0 0
-3081 2076 193 34 950843 0 0 0
-1548 -2992 190 261 930280 0 0 0
2348 -1418 18 85 946020 0 0 0
-532 -932 273 109 451313 0 0 0
-1599 3200 36 259 811414 0 0 0
2370 1974 60 263 454722 0 0 0
868 1282 140 21 178356 0 0 0
-2491 231 181 29 287905 0 0 0
993 -2215 251 215 791947 0 0 0
2232 -92 119 33 772849 0 0 0
-1196 3153 203 259 361499 0 0 0
-2651 1584 264 43 597915 0 0 0
184 -560 101 134 952999 0 0 0
2947 370 90 235 981009 0 0 0
2538 1330 70 132 317742 0 0 0
-2628 -2102 181 213 309194 0 0 0
-970 -2889 80 265 882067 0 0 0
-2351 -2172 242 214 923872 0 0 0
-1341 -1888 95 247 802661 0 0 0
951 -1181 114 99 911714 0 0 0
-647 -2670 277 28 338325 0 0 0
1452 2758 54 184 150295 0 0 0
-216 -2357 262 168 358920 0 0 0
897 -2512 249 92 962171 0 0 0
2965 -850 201 32 305567 0 0 0
1982 1441 24 51 472275 0 0 0
1710 1887 230 112 319981 0 0 0
270 -948 99 96 505309 0 0 0
-2187 2750 185 182 161831 0 0 0
-762 -2900 78 51 600564 0 0 0
-1368 -2121 150 7 201185 0 0 0
1071 -1453 271 95 264618 0 0 0
-988 305 198 62 561468 0 0 0
3052 659 30 15 145919 0 0 0
2884 403 112 186 671548 0 0 0
630 3046 148 200 984995 0 0 0
2904 800 103 93 263284 0 0 0
593 -1642 9 86 937093 0 0 0
3158 525 156 178 286330 0 0 0
896 2572 71 45 570315 0 0 0
-991 -1962 56 130 581110 0 0 0
168 -1703 15 207 185583 0 0 0
1632 -1889 96 71 586665 0 0 0
586 -1759 200 229 813422 0 0 0
2611 2498 94 241 996831 0 0 0
-2645 -1584 127 115 521658 0 0 0
373 383 106 60 188502 0 0 0
-757 -3099 253 136 804645 0 0 0
-323 138 111 64 289786 0 0 0
-2221 -498 13 64 220177 0 0 0
1436 -2697 2 24 371600 0 0 0
-2720 958 27 212 414162 0 0 0
2285 -3158 17 69 105911 0 0 0
297 2523 50 200 840049 0 0 0
-1253 -2174 196 7 315186 0 0 0
-406 -3036 166 173 580697 0 0 0
-2617 -2319 20 136 856000 0 0 0
-956 -1794 153 249 895199 0 0 0
422 -1764 180 21 269182 0 0 0
2082 -1594 18 53 475654 0 0 0
521 3156 39 108 239519 0 0 0
-1235 2885 278 140 725283 0 0 0
1269 -3048 30 243 774522 0 0 0
2795 -1908 274 164 243382 0 0 0
1102 -3134 247 153 568814 0 0 0
-729 -3035 39 170 264639 0 0 0
-433 773 11 48 733460 0 0 0
-2563 -1690 30 261 144598 0 0 0
-1299 1109 159 84 813613 0 0 0
-1705 1119 15 25 355599 0 0 0
-1560 -856 55 243 687071 0 0 0
-11 -335 208 181 134323 0 0 0
-938 -1263 40 222 406225 0 0 0
2121 -1206 103 40 550289 0 0 0
1278 -2479 184 139 722148 0 0 0
-1962 -1844 73 144 108846 0 0 0
-89 855 268 84 394519 0 0 0
1118 3183 238 241 668442 0 0 0
-3022 -2236 20 60 884368 0 0 0
-1727 3129 54 143 767497 0 0 0
2433 -2479 77 187 974236 0 0 0
-1306 -2306 243 90 158829 0 0 0
504 1475 3 28 932582 0 0 0
616 1162 242 16 162515 0 0 0
-207 -1017 85 202 845391 0 0 0
-1233 1360 25 208 513974 0 0 0
1974 1211 106 127 663878 0 0 0
1976 -155 16 67 846597 0 0 0
-1787 -2671 53 207 447057 0 0 0
-1160 130 101 233 255956 0 0 0
164 1479 58 255 722917 0 0 0
-781 1260 8 136 709850 0 0 0
1137 3017 96 248 215930 0 0 0
-2350 3177 120 261 686677 0 0 0
705 2561 175 122 637455 0 0 0
-2148 1197 245 255 821486 0 0 0
593 -792 38 172 295762 0 0 0
-1903 -1806 199 198 301383 0 0 0
-1699 851 103 237 815657 0 0 0
1459 -67 162 144 648858 0 0 0
2504 -3120 185 234 157428 0 0 0
1551 -2953 275 43 529668 0 0 0
-1824 -350 249 28 869173 0 0 0
-2764 2520 278 129 511824 0 0 0
1412 1188 152 26 590128 0 0 0
872 -2884 233 112 909241 0 0 0
-2292 -854 274 106 255976 0 0 0
-1208 2268 184 104 744093 0 0 0
746 -2110 110 133 164464 0 0 0
-1568 2613 164 3 371973 0 0 0
1173 -1558 153 213 822542 0 0 0
-1776 -3135 171 208 652727 0 0 0
1562 -1117 112 135 339052 0 0 0
2671 -1363 42 123 168495 0 0 0
-1945 1877 68 240 740418 0 0 0
118 158 152 234 382104 0 0 0
-2506 1190 85 160 981187 0 0 0
-565 -1700 23 64 189576 0 0 0
-1424 3175 262 176 743060 0 0 0
-2553 -2041 146 41 593768 0 0 0
-2344 -1010 143 48 807116 0 0 0
3096 -1951 250 198 237905 0 0 0
2132 1899 257 69 833828 0 0 0
2996 -2666 132 244 679927 0 0 0
-61 1172 58 262 450498 0 0 0
-2930 -2058 50 204 717329 0 0 0
2247 2097 15 97 110658 0 0 0
2264 1807 55 36 859073 0 0 0
-2545 477 197 163 691512 0 0 0
3013 -1652 206 29 476952 0 0 0
1020 2469 39 88 738031 0 0 0
-1249 1579 217 13 617677 0 0 0
-419 -2991 268 112 255231 0 0 0
-2535 423 212 222 601445 0 0 0
-843 1382 96 248 190060 0 0 0
-188 -912 69 251 854159 0 0 0
-150 3191 29 174 108158 0 0 0
365 251 24 267 723901 0 0 0
-1557 -1277 205 140 246080 0 0 0
770 -1208 201 54 129074 0 0 0
-597 -2644 8 186 636265 0 0 0
-1093 -482 187 65 206085 0 0 0
-3172 -1274 182 110 431501 0 0 0
2323 -2254 88 266 413601 0 0 0
2653 -667 212 254 724234 0 0 0
2482 2001 281 19 440554 0 0 0
-1767 -832 3 265 426994 0 0 0
3116 -365 107 38 536910 0 0 0
-1468 2983 224 228 567041 0 0 0
-1790 992 246 81 223967 0 0 0
1857 832 238 28 795175 0 0 0
232 1630 69 173 492167 0 0 0
2021 -239 87 156 588546 0 0 0
959 345 195 173 245479 0 0 0
-189 -2518 115 80 389804 0 0 0
-542 2577 217 261 295828 0 0 0
-332 -2433 83 259 580236 0 0 0
837 1688 189 257 918692 0 0 0
514 1962 41 1 604090 0 0 0
2544 -2301 103 230 200337 0 0 0
207 -2662 223 41 587136 0 0 0
961 460 73 90 304318 0 0 0
-1380 1258 28 13 965635 0 0 0
-1697 1374 101 69 294282 0 0 0
485 -343 29 132 977987 0 0 0
-1057 -707 174 127 901227 0 0 0
659 349 254 109 723699 0 0 0
3095 -883 52 138 752453 0 0 0
1882 1778 235 109 279182 0 0 0
663 -571 7 250 628436 0 0 0
-2997 -1254 219 89 257047 0 0 0
74 -1045 61 115 266829 0 0 0
410 -921 183 181 748526 0 0 0
-2635 -618 262 16 310354 0 0 0
1859 28 271 19 560087 0 0 0
2639 905 155 84 605035 0 0 0
756 2959 246 175 449198 0 0 0
-379 1267 59 192 104371 0 0 0
-659 2962 79 136 494270 0 0 0
-2583 -1575 235 250 336530 0 0 0
2346 109 249 220 639853 0 0 0
-572 1227 236 119 222571 0 0 0
1876 1634 13 169 871183 0 0 0
2926 -1843 120 112 439234 0 0 0
-1269 -2611 61 214 930224 0 0 0
-363 -1357 202 31 620633 0 0 0
2308 -1511 8 170 501585 0 0 0
2334 -409 161 104 564980 0 0 0
-1847 -1791 199 74 758069 0 0 0
-1021 -2920 145 154 715114 0 0 0
-1751 -1237 118 132 820245 0 0 0
1829 2580 95 229 393135 0 0 0
2044 2554 170 238 710602 0 0 0
-519 681 163 68 816393 0 0 0
-623 -151 83 162 491497 0 0 0
-2638 -228 12 151 752138 0 0 0
-2542 -2192 222 133 915649 0 0 0
-1409 -2553 113 113 473451 0 0 0
605 -2604 96 147 976655 0 0 0
1689 2595 280 66 675775 0 0 0
-392 467 2 243 976484 0 0 0
-2259 -2352 77 39 629770 0 0 0
2643 978 122 102 554500 0 0 0
3042 -3070 147 204 138983 0 0 0
134 -2126 171 54 911086 0 0 0
-107 -97 50 256 989782 0 0 0
-2496 -2847 141 152 424802 0 0 0
-485 3112 49 260 914623 0 0 0
-11 -2805 260 103 186266 0 0 0
-886 2997 194 69 927023 0 0 0
-1215 -1414 215 254 921001 0 0 0
-2532 -844 26 218 233266 0 0 0
2292 -2657 182 10 632445 0 0 0
372 2958 111 173 664130 0 0 0
1145 622 52 36 105014 0 0 0
-2176 -3046 165 226 412591 0 0 0
-2223 -2998 26 50 549474 0 0 0
2943 -1058 64 131 261460 0 0 0
1366 2166 101 163 290893 0 0 0
-3068 1194 71 204 516128 0 0 0
1564 209 42 232 633122 0 0 0
-638 -1911 242 224 532135 0 0 0
-3027 1468 271 4 242656 0 0 0
-2415 -2574 175 100 572135 0 0 0
2922 -3067 182 194 787001 0 0 0
1850 1225 262 236 891275 0 0 0
2504 2502 85 16 772408 0 0 0
-1111 -1636 18 1 228141 0 0 0
2221 -3163 182 21 440029 0 0 0
-10 666 56 91 386358 0 0 0
3173 -2300 238 49 330178 0 0 0
-2171 851 102 153 824624 0 0 0
-47 253 6 77 917976 0 0 0
1286 -1216 244 268 590671 0 0 0
495 2262 276 217 102213 0 0 0
-1177 2839 17 197 557499 0 0 0
-1627 -1172 217 65 191940 0 0 0
-3149 896 26 256 373016 0 0 0
1803 1590 52 191 910233 0 0 0
1422 2927 44 111 710147 0 0 0
2582 227 257 213 308328 0 0 0
3054 2289 11 191 953104 0 0 0
-73 2118 203 187 335713 0 0 0
-1115 -493 266 203 205199 0 0 0
-1045 -1412 77 194 580416 0 0 0
1963 2414 226 169 901437 0 0 0
-33 -3086 17 149 148473 0 0 0
1130 -3102 43 148 477207 0 0 0
-2920 -644 130 227 762676 0 0 0
-3090 -2458 46 37 449238 0 0 0
3010 -1248 42 81 637258 0 0 0
-1139 2791 83 244 248426 0 0 0
1346 -804 28 195 799419 0 0 0
2918 -1199 136 109 963296 0 0 0
2512 2945 122 10 123546 0 0 0
-1243 348 233 192 669927 0 0 0
403 -1560 31 159 772665 0 0 0
-2205 -2161 259 177 938193 0 0 0
-305 -255 94 182 929353 0 0 0
-1127 864 70 57 808734 0 0 0
2185 2633 86 96 394504 0 0 0
-1300 2901 140 26 821892 0 0 0
680 380 141 147 933905 0 0 0
2650 -1502 256 112 364924 0 0 0
783 -2068 154 13 855597 0 0 0
2702 -2608 160 23 175333 0 0 0
818 -3031 233 54 888191 0 0 0
-1890 986 69 29 800247 0 0 0
38 2635 231 191 680166 0 0 0
1471 -714 36 68 444054 0 0 0
2656 -1142 188 64 996273 0 0 0
-232 -2430 202 87 651935 0 0 0
-2540 688 212 39 503825 0 0 0
-1207 -2606 151 226 942837 0 0 0
1839 -3056 4 36 571287 0 0 0
-2275 -372 210 42 942267 0 0 0
1854 -2072 67 99 115933 0 0 0
1842 571 33 51 764251 0 0 0
-3120 -2486 8 129 352897 0 0 0
675 605 263 110 607248 0 0 0
-256 -1838 176 61 974502 0 0 0
-560 -1387 262 113 472636 0 0 0
2095 2734 167 156 730376 0 0 0
2932 -687 263 106 726604 0 0 0
2770 2814 112 116 825873 0 0 0
2730 2452 56 236 315608 0 0 0
245 2393 74 75 118491 0 0 0
2827 -1614 25 58 912013 0 0 0
566 -1865 184 96 719999 0 0 0
-1721 -691 132 237 145751 0 0 0
2161 3172 122 66 637977 0 0 0
750 1303 87 194 852864 0 0 0
1147 -1261 124 25 393460 0 0 0
-698 -2478 78 186 824220 0 0 0
447 290 231 20 123044 0 0 0
-3105 -56 132 106 105624 0 0 0
-3109 -665 166 175 584778 0 0 0
-2473 2640 47 90 595784 0 0 0
-654 -1886 57 200 579171 0 0 0
-936 -1091 27 224 473883 0 0 0
-2162 2339 227 259 919783 0 0 0
2654 3172 267 39 693329 0 0 0
1077 -314 158 161 953618 0 0 0
2978 -2133 73 89 941822 0 0 0
1176 83 200 35 858615 0 0 0
-947 -2728 209 216 448682 0 0 0
1200 -1740 65 128 534513 0 0 0
-3157 224 76 41 896301 0 0 0
-2514 2401 64 203 748610 0 0 0
390 -2674 234 230 657326 0 0 0
-434 -1437 88 134 204333 0 0 0
323 1119 278 153 527590 0 0 0
151 -1365 250 64 247261 0 0 0
-1346 -1684 181 34 578619 0 0 0
931 -376 266 107 497577 0 0 0
529 1478 34 158 342438 0 0 0
2706 -1785 196 74 147912 0 0 0
2923 1557 250 234 510249 0 0 0
2843 -3013 199 128 175929 0 0 0
786 1622 5 93 265419 0 0 0
-888 -782 83 4 146136 0 0 0
-35 2361 272 42 519175 0 0 0
-3196 3135 98 170 537899 0 0 0
-1278 2097 266 54 772952 0 0 0
2952 -2900 271 56 623874 0 0 0
-708 2675 14 15 450084 0 0 0
-2961 -2647 197 49 104218 0 0 0
2354 1496 154 153 342579 0 0 0
-1574 3075 88 239 731550 0 0 0
2792 -1725 216 22 283544 0 0 0
-5 3139 216 57 290001 0 0 0
997 1232 45 268 320796 0 0 0
2682 2697 179 54 454802 0 0 0
1075 670 39 113 554007 0 0 0
2924 -1716 177 53 866489 0 0 0
2899 2415 58 84 554366 0 0 0
-2443 1926 98 214 899418 0 0 0
2351 -1393 3 52 760512 0 0 0
2209 550 78 208 344468 0 0 0
1655 1064 202 212 936054 0 0 0
657 -1907 171 68 917270 0 0 0
2383 -118 126 11 320104 0 0 0
742 1103 262 157 298169 0 0 0
-2816 -1071 167 250 483981 0 0 0
1667 -1803 31 206 212975 0 0 0
2945 -89 22 244 625351 0 0 0
2945 1439 233 40 842278 0 0 0
218 -1062 213 246 383950 0 0 0
-1984 2111 145 65 777918 0 0 0
376 -1132 91 123 634031 0 0 0
-1250 1958 183 200 493717 0 0 0
231 -953 104 143 373674 0 0 0
-2814 -342 235 226 349407 0 0 0
890 -2523 37 220 137774 0 0 0
1033 -2442 171 63 623895 0 0 0
-2262 -2432 167 185 994942 0 0 0
-611 -88 8 201 160217 0 0 0
3104 1542 132 27 860775 0 0 0
549 -3037 37 83 478727 0 0 0
-2925 1220 78 105 662598 0 0 0
-1977 653 98 15 900051 0 0 0
-242 -1989 244 237 200267 0 0 0
32 308 165 132 952776 0 0 0
2068 2214 117 228 880218 0 0 0
-1356 -2243 184 38 508163 0 0 0
-457 1204 241 88 551073 0 0 0
612 -2018 61 193 433902 0 0 0
-1645 -229 90 261 123498 0 0 0
3134 -82 46 180 594361 0 0 0
-2727 166 111 245 411840 0 0 0
448 3138 266 6 572807 0 0 0
498 -144 199 187 914831 0 0 0
1886 874 111 111 369413 0 0 0
1210 1349 23 208 692176 0 0 0
2934 1921 89 253 412565 0 0 0
1394 -279 49 90 308761 0 0 0
-1287 1223 39 143 843584 0 0 0
1875 422 64 93 291055 0 0 0
-1640 2924 97 195 739099 0 0 0
-512 507 78 225 945766 0 0 0
1010 -204 221 89 837164 0 0 0
-1968 1149 19 138 735105 0 0 0
1954 -1790 161 195 645819 0 0 0
-3015 -1411 257 245 314012 0 0 0
2044 -1707 81 227 685637 0 0 0
-420 321 192 79 600965 0 0 0
2746 -1310 174 241 384765 0 0 0
1836 2213 59 99 491060 0 0 0
1091 533 86 166 367467 0 0 0
-2682 -217 76 239 937072 0 0 0
206 474 79 89 422553 0 0 0
2080 1781 234 106 322688 0 0 0
-1193 1944 252 117 281771 0 0 0
-2749 610 258 241 962019 0 0 0
2588 518 276 94 294625 0 0 0
-2962 1577 230 105 513368 0 0 0
-2436 1156 198 84 682624 0 0 0
2504 -1550 34 181 732386 0 0 0
135 851 34 109 751605 0 0 0
2924 -901 92 106 224829 0 0 0
-740 -211 256 78 944304 0 0 0
-2878 432 172 231 471474 0 0 0
-978 -580 127 26 642055 0 0 0
-2634 -1435 101 162 688384 0 0 0
-84 3175 267 50 203069 0 0 0
-1547 -1878 40 179 635382 0 0 0
2079 1720 22 23 846882 0 0 0
943 2609 68 4 655286 0 0 0
-50 434 197 24 939973 0 0 0
620 -1661 198 29 834364 0 0 0
-52 -2776 133 200 223250 0 0 0
1249 1110 103 6 442804 0 0 0
-2173 -1334 233 19 272752 0 0 0
-409 1202 219 150 512873 0 0 0
89 305 217 27 673268 0 0 0
3077 -388 176 120 499788 0 0 0
-1572 1781 175 243 710401 0 0 0
-2568 2873 62 74 685959 0 0 0
-1280 1975 141 18 475708 0 0 0
1111 2487 59 75 498382 0 0 0
2401 -77 238 108 538239 0 0 0
2700 2662 78 222 290688 0 0 0
1883 2381 279 265 715628 0 0 0
766 1471 16 86 370025 0 0 0
-2371 3108 230 38 854498 0 0 0
-1009 2553 208 103 571588 0 0 0
2685 -1831 69 241 770138 0 0 0
-2916 353 217 212 575765 0 0 0
1301 2398 199 39 979053 0 0 0
-2308 -3125 169 29 943568 0 0 0
3048 247 4 156 800709 0 0 0
-2405 -81 16 217 976172 0 0 0
146 1597 100 267 701195 0 0 0
-2943 208 20 134 736150 0 0 0
3019 -1526 211 267 629767 0 0 0
3102 1157 124 131 138804 0 0 0
105 995 192 186 719459 0 0 0
-171 2096 84 94 534139 0 0 0
-1054 1134 162 255 111999 0 0 0
2863 1800 75 162 210556 0 0 0
-1185 96 270 114 222575 0 0 0
-3196 -451 46 97 818804 0 0 0
-1011 -168 243 228 957060 0 0 0
-16 -936 58 260 197336 0 0 0
943 3082 101 161 159656 0 0 0
2363 -600 54 187 824699 0 0 0
-1796 550 92 5 112136 0 0 0
2695 1331 11 268 241960 0 0 0
-2712 -2449 59 36 682400 0 0 0
862 -1007 40 195 650450 0 0 0
1192 702 22 240 322831 0 0 0
-733 2079 210 13 890321 0 0 0
-208 2299 59 148 725380 0 0 0
2466 -1128 215 228 575103 0 0 0
645 -600 186 99 748470 0 0 0
2222 -1457 187 25 405509 0 0 0
2835 -3048 2 2 650333 0 0 0
-1074 -102 218 110 558776 0 0 0
-1983 293 10 43 631961 0 0 0
-1684 -1611 276 204 105572 0 0 0
1535 -1391 212 36 268878 0 0 0
-1083 1809 150 49 825003 0 0 0
-2671 1655 47 183 615264 0 0 0
-1394 2294 243 266 380223 0 0 0
-82 830 245 179 553016 0 0 0
-8 66 210 247 411104 0 0 0
-339 -739 193 147 176527 0 0 0
2963 -3088 198 251 185236 0 0 0
-1018 -1083 228 165 246377 0 0 0
696 305 205 185 612225 0 0 0
2618 1661 97 92 803965 0 0 0
2427 873 63 212 230566 0 0 0
2377 -2938 160 102 592739 0 0 0
-505 -2554 103 62 711874 0 0 0
-890 -841 82 63 810042 0 0 0
2844 395 254 97 470031 0 0 0
1622 -2095 39 97 569307 0 0 0
2053 2661 227 243 502090 0 0 0
-1856 2050 165 180 720529 0 0 0
1613 2918 166 185 517674 0 0 0
1552 2001 6 211 212650 0 0 0
1555 86 187 255 454955 0 0 0
2845 -425 92 225 659630 0 0 0
-1380 1933 250 177 477760 0 0 0
1728 -7 261 143 548119 0 0 0
-565 642 244 204 136340 0 0 0
2829 -1731 92 188 325309 0 0 0
1753 -685 102 90 146246 0 0 0
1844 2746 219 11 207719 0 0 0
-2159 -446 80 28 975897 0 0 0
2782 2458 97 265 414241 0 0 0
733 1161 131 231 775566 0 0 0
1996 1653 186 1 305249 0 0 0
297 -142 174 139 679514 0 0 0
1002 -1990 180 256 741320 0 0 0
-2847 2991 173 50 270169 0 0 0
221 3072 275 40 213471 0 0 0
2127 -1887 229 161 363759 0 0 0
2002 -389 139 106 689941 0 0 0
2048 -2512 258 46 472310 0 0 0
1360 -2546 246 52 464323 0 0 0
944 -1241 145 246 436826 0 0 0
2610 2365 67 180 551129 0 0 0
-1654 -1735 208 162 214160 0 0 0
-2643 2642 53 75 745637 0 0 0
2962 1674 66 199 337073 0 0 0
2758 1322 176 129 123453 0 0 0
-142 2817 184 20 428168 0 0 0
-2795 876 267 226 782100 0 0 0
-1996 -762 54 35 142170 0 0 0
720 1009 102 30 514053 0 0 0
-1185 1588 197 43 514095 0 0 0
974 -2154 213 58 908199 0 0 0
2740 -1395 131 100 400449 0 0 0
-2085 -273 228 264 128958 0 0 0
1075 2417 61 26 421423 0 0 0
1089 -1705 248 180 638644 0 0 0
420 -480 85 220 147857 0 0 0
-912 1362 195 162 589566 0 0 0
-1505 1500 246 241 798493 0 0 0
-2469 1266 243 35 244306 0 0 0
3127 -2618 277 202 627705 0 0 0
-1075 -70 41 34 572354 0 0 0
2196 -499 152 6 360865 0 0 0
-1084 151 25 221 620776 0 0 0
-768 -1041 73 124 431017 0 0 0
846 -457 198 120 725682 0 0 0
2333 1422 201 220 973177 0 0 0
508 2354 141 2 368060 0 0 0
-2337 -2450 229 34 820105 0 0 0
-2482 2321 85 210 857851 0 0 0
1232 1656 86 206 978947 0 0 0
-1104 -3011 150 183 625956 0 0 0
1235 -1975 119 106 157763 0 0 0
301 -2726 222 111 545516 0 0 0
2293 -251 43 223 799499 0 0 0
-1731 -609 52 118 898732 0 0 0
169 -691 153 124 864794 0 0 0
-1233 -2576 220 134 746705 0 0 0
3069 -3073 187 44 675750 0 0 0
-1051 -674 189 85 744299 0 0 0
-2568 103 41 148 975094 0 0 0
1747 -2701 180 72 574919 0 0 0
324 -1868 219 166 142849 0 0 0
-3059 -2369 227 99 688434 0 0 0
2897 -71 210 229 887511 0 0 0
-1163 -2625 200 14 407667 0 0 0
2654 2845 106 4 976393 0 0 0
21 557 31 18 793348 0 0 0
3192 -728 142 219 548612 0 0 0
891 3043 154 246 998706 0 0 0
-1172 -1851 138 189 732717 0 0 0
1576 -1821 276 114 554242 0 0 0
25 -2220 62 48 300582 0 0 0
67 587 48 178 210682 0 0 0
-1547 -876 201 81 306648 0 0 0
3154 1236 7 108 865216 0 0 0
-74 2744 120 15 144959 0 0 0
2779 -1920 37 32 257721 0 0 0
857 -383 65 75 709220 0 0 0
896 2757 166 197 455638 0 0 0
-2106 1643 155 115 339839 0 0 0
2528 1399 10 101 582449 0 0 0
-1546 2286 61 214 485694 0 0 0
-3083 2854 67 45 464693 0 0 0
2715 -1826 75 88 734089 0 0 0
1240 -143 34 44 842201 0 0 0
-2174 -2247 187 95 532782 0 0 0
-2307 3030 27 65 960674 0 0 0
-782 -3103 55 188 193001 0 0 0
2859 671 278 176 698868 0 0 0
-2738 -2358 170 217 278538 0 0 0
-447 -1966 182 90 520812 0 0 0
926 -398 229 57 162406 0 0 0
2424 -2365 25 112 963516 0 0 0
258 -2405 90 228 317035 0 0 0
-1932 2260 106 130 231560 0 0 0
-565 -987 270 33 996440 0 0 0
-2300 -2694 171 166 154085 0 0 0
2861 992 47 197 109376 0 0 0
-1688 2741 106 61 674861 0 0 0
1786 -2999 49 133 913798 0 0 0
2840 2893 175 38 372146 0 0 0
2519 2919 43 202 851410 0 0 0
2599 -2215 194 250 171954 0 0 0
783 1311 146 9 140971 0 0 0
2234 1681 36 26 668478 0 0 0
2930 2446 278 127 731938 0 0 0
-1849 -2908 281 266 655229 0 0 0
1043 2393 41 6 798323 0 0 0
-762 -1671 219 110 712567 0 0 0
-497 -801 251 154 467783 0 0 0
-784 449 194 214 500128 0 0 0
2521 41 80 159 321368 0 0 0
-12 1300 268 249 765956 0 0 0
-187 -1216 174 171 434795 0 0 0
-342 -2239 131 254 775547 0 0 0
304 2657 49 197 222546 0 0 0
-3144 2332 100 95 708664 0 0 0
2011 268 115 80 297807 0 0 0
-1998 -2983 279 3 560504 0 0 0
-1378 881 107 22 556079 0 0 0
833 1851 53 97 772569 0 0 0
3149 -3028 34 50 631106 0 0 0
1367 1890 104 232 971318 0 0 0
-749 504 262 236 819673 0 0 0
678 -2648 177 70 173469 0 0 0
1142 -1474 221 21 189879 0 0 0
2207 2511 85 156 302463 0 0 0
389 -721 38 258 236727 0 0 0
-3015 -2484 19 255 142516 0 0 0
2988 -1472 104 74 201371 0 0 0
783 2158 193 181 299949 0 0 0
3172 -2155 273 72 566327 0 0 0
2007 -400 203 61 793544 0 0 0
2413 -3194 92 130 321511 0 0 0
-33 2375 137 159 820287 0 0 0
-1503 2471 1 234 163814 0 0 0
1920 2595 270 99 623047 0 0 0
-121 -1703 163 72 955418 0 0 0
-2087 728 49 231 599382 0 0 0
1586 -1611 86 236 957628 0 0 0
-2777 -895 238 268 735287 0 0 0
-2265 2293 3 25 937748 0 0 0
-2668 -1682 131 113 856151 0 0 0
2142 1109 126 184 379366 0 0 0
-993 1320 179 58 628956 0 0 0
-164 3031 176 108 636748 0 0 0
2905 401 45 101 298026 0 0 0
2131 -649 54 165 417562 0 0 0
-623 2728 257 48 352956 0 0 0
-1160 -199 118 48 101017 0 0 0
2517 1934 106 212 126307 0 0 0
-1273 -3167 206 250 391973 0 0 0
2257 867 107 237 492423 0 0 0
2188 2393 89 118 341761 0 0 0
2871 -46 31 131 656083 0 0 0
-445 -817 131 124 706240 0 0 0
2886 2930 41 7 622657 0 0 0
-550 -2276 257 215 451896 0 0 0
-2648 1507 61 74 619810 0 0 0
-112 -1399 191 29 552700 0 0 0
-746 1381 216 154 825355 0 0 0
-3095 1266 112 41 743574 0 0 0
228 -704 115 85 247345 0 0 0
942 389 219 27 311952 0 0 0
1176 -1255 67 21 240252 0 0 0
1746 -2803 278 266 358379 0 0 0
1475 1444 242 39 975608 0 0 0
-3133 304 129 230 448949 0 0 0
1872 -2788 272 130 398242 0 0 0
754 -1859 222 73 987947 0 0 0
-112 -2465 5 240 113033 0 0 0
2081 2232 130 182 954121 0 0 0
921 139 34 44 209299 0 0 0
-641 -1226 273 228 268645 0 0 0
1805 1033 243 268 226964 0 0 0
1819 3138 19 41 233853 0 0 0
-487 -262 8 58 230393 0 0 0
-1262 2392 195 81 927947 0 0 0
-595 -1290 200 73 717227 0 0 0
1753 617 266 268 846147 0 0 0
-946 -2657 181 234 792329 0 0 0
1795 1745 31 165 541600 0 0 0
-3087 2271 230 222 771246 0 0 0
2638 1338 211 100 678353 0 0 0
1121 1364 183 23 384627 0 0 0
-2303 1993 259 20 917020 0 0 0
-1689 -2903 12 266 198858 0 0 0
1403 3175 71 143 228747 0 0 0
-1469 1367 33 165 704599 0 0 0
-948 -1021 47 121 800021 0 0 0
1985 2229 236 72 896307 0 0 0
-2746 -2442 175 122 242609 0 0 0
-565 725 204 95 624250 0 0 0
-1074 -2137 89 266 559531 0 0 0
1201 -2708 109 83 897668 0 0 0
-1507 -34 88 186 620423 0 0 0
-1230 -1700 157 139 495543 0 0 0
-2234 -1872 71 258 344488 0 0 0
-1375 2004 88 135 551917 0 0 0
-2436 -1334 104 145 343381 0 0 0
-571 395 250 11 737916 0 0 0
1024 883 188 245 834928 0 0 0
-787 2834 87 41 125110 0 0 0
1429 -1774 124 30 155658 0 0 0
-698 561 173 245 271322 0 0 0
2744 2945 247 152 782172 0 0 0
682 -2943 99 114 816202 0 0 0
2391 -1395 163 12 892764 0 0 0
1688 2828 6 251 958251 0 0 0
-274 -2083 7 194 741804 0 0 0
-2073 -1906 53 167 182821 0 0 0
2959 1276 16 98 416793 0 0 0
-656 -1664 187 252 562567 0 0 0
2399 2500 5 120 667107 0 0 0
-2233 2795 54 158 753578 0 0 0
1986 -1456 36 251 554896 0 0 0
-629 -1292 234 121 794117 0 0 0
-2968 -2080 94 118 802188 0 0 0
-2937 809 278 93 403284 0 0 0
-66 -867 186 265 967582 0 0 0
1723 -2536 155 12 488669 0 0 0
1275 -3196 190 22 986170 0 0 0
2648 -685 79 3 927021 0 0 0
1235 -384 17 46 117303 0 0 0
-202 1687 262 121 987973 0 0 0
2831 1349 118 140 895740 0 0 0
1343 -1092 119 190 893915 0 0 0
-680 -836 237 204 569020 0 0 0
-2902 -1732 209 233 475109 0 0 0
1507 159 46 49 251017 0 0 0
-343 2464 162 223 779016 0 0 0
772 798 260 38 429773 0 0 0
-2013 -942 137 30 728226 0 0 0
-141 193 66 13 909968 0 0 0
2176 2986 273 268 788760 0 0 0
2621 2890 94 223 573622 0 0 0
-1442 -274 167 144 151999 0 0 0
2044 -90 106 124 871830 0 0 0
-2252 746 134 110 438773 0 0 0
2270 -1717 66 187 891692 0 0 0
1975 2476 15 169 613530 0 0 0
-484 2851 117 226 391658 0 0 0
2046 2536 125 265 781861 0 0 0
2416 -2275 21 219 490508 0 0 0
816 -285 263 33 133789 0 0 0
-275 1449 113 263 678791 0 0 0
-2461 1488 23 97 487719 0 0 0
1609 3065 81 191 471119 0 0 0
1203 -344 179 27 872875 0 0 0
-2842 1891 42 239 485941 0 0 0
-2969 -1952 101 100 169858 0 0 0
-3007 -1717 248 157 495355 0 0 0
-180 1592 32 157 944716 0 0 0
-939 -367 176 233 917885 0 0 0
-964 -1047 145 205 778856 0 0 0
-2565 947 118 54 257806 0 0 0
1787 640 214 144 913321 0 0 0
-1485 -2135 46 141 183387 0 0 0
-1368 2196 221 53 134571 0 0 0
-506 -64 60 73 146362 0 0 0
2431 -2602 261 51 788929 0 0 0
1156 2699 81 198 980201 0 0 0
-2116 1821 67 227 238180 0 0 0
-2671 -2024 141 105 670267 0 0 0
1659 -625 238 99 729189 0 0 0
2468 -1424 158 45 399323 0 0 0
1345 1407 49 262 697207 0 0 0
-934 -1059 265 222 710781 0 0 0
2967 -2555 46 96 679336 0 0 0
1293 1783 242 154 560166 0 0 0
-2679 100 89 37 364608 0 0 0
15 -2037 106 33 550644 0 0 0
-871 -1228 13 123 164397 0 0 0
502 765 220 31 194779 0 0 0
-931 -114 71 84 377626 0 0 0
2722 81 206 228 370587 0 0 0
-2703 -2260 154 69 271213 0 0 0
1377 108 204 148 754267 0 0 0
118 141 105 232 521609 0 0 0
-291 -1950 6 165 547995 0 0 0
2641 -1122 280 201 722496 0 0 0
-2344 -665 19 140 881370 0 0 0
-1605 2669 222 96 520448 0 0 0
1954 -1320 170 146 424012 0 0 0
2862 -1833 122 201 138167 0 0 0
-2112 2414 185 173 477571 0 0 0
-301 -2494 135 153 690766 0 0 0
2825 3006 67 36 927560 0 0 0
-2540 -389 193 55 323494 0 0 0
1338 706 122 133 828292 0 0 0
-584 1215 70 52 352601 0 0 0
-3067 -193 126 66 164766 0 0 0
-291 -1428 104 46 709685 0 0 0
-629 -2049 58 123 371917 0 0 0
695 -2230 155 10 679152 0 0 0
-2022 2829 4 64 447835 0 0 0
645 -2523 120 104 160586 0 0 0
1551 2694 119 175 746365 0 0 0
881 1454 185 245 102528 0 0 0
-362 -1012 222 200 794172 0 0 0
2854 1925 67 58 350010 0 0 0
2048 -1965 203 102 631531 0 0 0
-40 -2401 129 230 804905 0 0 0
2271 2390 86 116 464175 0 0 0
-2703 1999 219 173 188520 0 0 0
-2410 -1804 177 160 122267 0 0 0
3126 1346 192 233 633569 0 0 0
-1188 722 242 121 497655 0 0 0
1160 3168 153 134 270299 0 0 0
2288 -705 240 268 469846 0 0 0
-1518 826 51 169 443345 0 0 0
598 -2043 245 247 911535 0 0 0
2742 2076 14 68 896565 0 0 0
725 -2508 123 84 761676 0 0 0
-2306 2395 262 28 605793 0 0 0
-907 922 15 100 504185 0 0 0
-1608 2104 11 213 827000 0 0 0
733 -2958 52 26 781032 0 0 0
-1625 -1111 73 22 933770 0 0 0
116 -1114 38 30 535413 0 0 0
2332 1161 37 264 327573 0 0 0
-1957 1597 26 208 741507 0 0 0
3192 2100 233 168 228020 0 0 0
-2248 1725 105 48 306697 0 0 0
3124 285 276 160 392746 0 0 0
1163 1372 176 113 571649 0 0 0
-3071 1026 224 102 425849 0 0 0
-200 -486 143 36 299087 0 0 0
-530 643 234 17 892589 0 0 0
2072 424 101 224 658796 0 0 0
-1909 -91 35 40 440871 0 0 0
-2799 262 126 78 750697 0 0 0
2679 596 179 79 344342 0 0 0
-1126 -3119 262 242 216056 0 0 0
2430 622 2 178 997818 0 0 0
218 -1466 37 37 496786 0 0 0
1398 -681 118 22 509098 0 0 0
2046 866 42 54 282449 0 0 0
-1910 -1430 194 95 823766 0 0 0
-2005 2873 218 162 385856 0 0 0
-2597 -1616 46 6 158038 0 0 0
1645 -2479 151 139 460678 0 0 0
-2071 -2084 58 216 360711 0 0 0
-1972 -216 126 40 535864 0 0 0
327 1756 27 122 185053 0 0 0
-3008 779 42 132 350453 0 0 0
2591 -1266 161 118 824915 0 0 0
1555 2407 239 134 127731 0 0 0
657 2070 243 46 268727 0 0 0
-2123 2342 220 222 661932 0 0 0
