1650
238 -2432 32 92 776381 0 0 0
-2789 -3287 250 28 262657 0 0 0
-3042 -1845 218 107 506688 0 0 0
-113 -1054 276 276 788465 0 0 0
-3081 -2109 104 28 712780 0 0 0
1875 1748 4 191 349874 0 0 0
1064 -2006 92 11 984877 0 0 0
-2263 512 255 55 576754 0 0 0
-1569 -3174 246 173 270411 0 0 0
1034 -9 145 33 586537 0 0 0
1219 -2594 82 105 710114 0 0 0
-1052 775 116 250 908804 0 0 0
409 -1745 120 12 496311 0 0 0
-403 -3139 132 167 342877 0 0 0
-2222 3101 109 49 721084 0 0 0
2149 -257 120 172 392935 0 0 0
432 2549 254 267 135848 0 0 0
-2254 2146 45 110 292543 0 0 0
1911 583 96 230 142603 0 0 0
1498 -3073 266 130 151760 0 0 0
-508 586 176 143 931844 0 0 0
2386 723 231 98 342250 0 0 0
-1417 -1885 104 125 844013 0 0 0
-3178 945 288 263 462147 0 0 0
446 -2755 4 205 600501 0 0 0
1044 -2442 139 257 318700 0 0 0
-680 -2857 153 131 208625 0 0 0
-1886 -2998 56 83 816000 0 0 0
-2200 1417 279 60 808756 0 0 0
1343 -1075 138 156 314599 0 0 0
-1965 485 157 205 621269 0 0 0
-2400 3062 180 141 511798 0 0 0
-3189 3211 12 99 577103 0 0 0
-1745 -2527 252 242 875142 0 0 0
1703 642 114 183 354975 0 0 0
2575 -484 55 207 394444 0 0 0
-1480 -3089 214 158 281310 0 0 0
2013 2518 133 160 651570 0 0 0
3079 -518 121 245 708515 0 0 0
2614 1768 66 146 557370 0 0 0
-879 -3199 59 213 175539 0 0 0
-935 1460 54 9 197238 0 0 0
-2816 3288 59 104 153946 0 0 0
1771 3245 265 260 646451 0 0 0
-1270 1066 174 251 627450 0 0 0
-3178 -886 233 64 140284 0 0 0
-2981 -509 132 243 931606 0 0 0
1647 1817 214 194 953359 0 0 0
2051 -2829 255 170 678552 0 0 0
2293 -2709 272 138 286418 0 0 0
-2542 799 7 11 725312 0 0 0
-2088 2662 124 25 211771 0 0 0
-1822 1940 246 254 765402 0 0 0
921 -672 128 188 306291 0 0 0
2933 546 182 186 759546 0 0 0
973 2557 162 251 643605 0 0 0
515 -674 131 252 611665 0 0 0
1242 1430 228 268 323650 0 0 0
94 410 15 181 629465 0 0 0
-1 -345 4 58 479565 0 0 0
2944 -2885 92 151 877427 0 0 0
2124 118 181 222 459192 0 0 0
374 1468 287 178 714685 0 0 0
906 3072 79 208 108693 0 0 0
-2399 1800 61 220 356332 0 0 0
-585 -2083 218 155 325926 0 0 0
-1210 -2802 262 32 266430 0 0 0
-1007 1630 159 30 202737 0 0 0
-1719 -3104 138 253 994740 0 0 0
2236 -2344 264 100 863741 0 0 0
-1256 -781 30 231 995094 0 0 0
-2511 -393 137 231 152357 0 0 0
-2839 1766 63 8 991364 0 0 0
931 70 59 107 478458 0 0 0
-1328 -1046 150 207 926199 0 0 0
-1786 1866 62 102 547151 0 0 0
158 199 234 91 393774 0 0 0
-1005 735 180 16 592105 0 0 0
-1207 -717 256 28 505512 0 0 0
1141 99 122 150 571897 0 0 0
-3050 -2466 235 33 666500 0 0 0
3274 2694 197 154 323362 0 0 0
-1440 2080 158 156 486978 0 0 0
-1496 2362 233 60 485195 0 0 0
264 3084 286 163 182859 0 0 0
2443 -885 82 254 352710 0 0 0
-2018 -2433 177 265 910914 0 0 0
-1191 1049 253 224 580239 0 0 0
2542 2446 251 90 427251 0 0 0
-636 -254 281 238 420852 0 0 0
-1607 2689 52 119 797152 0 0 0
-208 -1277 254 207 660597 0 0 0
-65 2904 80 121 267987 0 0 0
194 3298 234 224 426615 0 0 0
-2818 1062 72 103 568919 0 0 0
1226 -1118 58 31 196937 0 0 0
-1341 -780 126 51 814536 0 0 0
-67 -2227 170 14 958461 0 0 0
-3209 -1352 242 122 154903 0 0 0
-711 1136 197 71 616441 0 0 0
1197 -431 11 139 277926 0 0 0
-1103 -571 273 106 947384 0 0 0
-675 1801 73 265 729367 0 0 0
3158 68 272 119 346529 0 0 0
-766 -1719 174 27 566306 0 0 0
-1334 -1339 166 168 485728 0 0 0
-788 -1463 38 39 721142 0 0 0
-1234 -2106 139 215 294309 0 0 0
-2242 1794 51 30 983914 0 0 0
2884 253 180 148 612589 0 0 0
2287 2075 98 250 193711 0 0 0
2557 -1768 15 218 239693 0 0 0
-94 -2407 41 28 457221 0 0 0
-672 314 37 190 241393 0 0 0
-1519 -3182 20 59 430668 0 0 0
-1213 1579 19 113 227834 0 0 0
-921 -1149 116 231 158454 0 0 0
-2672 -1956 254 162 174738 0 0 0
-278 -631 224 18 841984 0 0 0
1330 -138 236 78 877981 0 0 0
2728 2739 222 67 514831 0 0 0
-48 2497 110 49 750470 0 0 0
-2207 3290 58 125 847430 0 0 0
-2593 1373 10 124 502238 0 0 0
1450 333 241 248 842406 0 0 0
1262 1465 204 188 186677 0 0 0
1432 -1817 287 250 894898 0 0 0
-3031 556 145 79 916761 0 0 0
-341 -3183 288 50 231433 0 0 0
-2804 1669 180 172 301262 0 0 0
-2303 -1623 217 101 916979 0 0 0
1487 -94 28 66 164388 0 0 0
-2161 481 201 185 846226 0 0 0
-1662 -772 171 215 717396 0 0 0
904 1803 9 32 526581 0 0 0
1300 -2908 274 263 350503 0 0 0
-369 -198 68 165 433638 0 0 0
2346 -1131 107 155 948153 0 0 0
-1938 -2425 83 106 142862 0 0 0
-507 -298 120 212 590284 0 0 0
-2024 -247 62 84 177322 0 0 0
1364 1705 56 275 132929 0 0 0
968 1795 249 97 229008 0 0 0
1669 -293 250 276 762323 0 0 0
2962 -2122 207 152 130028 0 0 0
1283 -1764 274 129 627164 0 0 0
1754 2238 220 57 269546 0 0 0
-926 -1255 116 117 491415 0 0 0
360 1798 244 23 339072 0 0 0
-360 -2700 163 189 646432 0 0 0
2827 2406 187 208 821407 0 0 0
-864 2031 217 81 959769 0 0 0
2912 -1446 20 136 655921 0 0 0
2146 -808 91 45 135823 0 0 0
308 2564 184 35 320187 0 0 0
878 -1789 108 184 313833 0 0 0
1183 1423 200 194 514289 0 0 0
72 -3050 42 245 856339 0 0 0
-1593 -215 88 142 163559 0 0 0
-109 892 250 39 190566 0 0 0
-943 -335 145 220 583572 0 0 0
10 -2266 30 257 403772 0 0 0
2801 437 240 270 465395 0 0 0
522 -1755 81 81 812255 0 0 0
-502 -3209 25 97 576409 0 0 0
2343 954 138 232 492610 0 0 0
-2032 2087 3 276 574696 0 0 0
-3234 -1179 261 170 270530 0 0 0
-969 551 253 140 276204 0 0 0
-1282 -34 250 13 730059 0 0 0
-1127 1744 219 1 574284 0 0 0
476 -1088 96 241 610085 0 0 0
-844 259 132 141 634474 0 0 0
1357 -1486 67 216 138656 0 0 0
-344 -2810 12 49 729257 0 0 0
2873 2372 122 43 476445 0 0 0
1757 978 218 99 121542 0 0 0
525 -1720 256 202 793598 0 0 0
2778 2628 73 174 816298 0 0 0
-2270 -294 211 211 557519 0 0 0
-323 -2782 238 26 911659 0 0 0
1174 379 44 199 373809 0 0 0
2661 2007 281 250 437084 0 0 0
-3293 -2680 121 164 857692 0 0 0
2514 2658 211 49 125764 0 0 0
-2357 2582 139 46 749162 0 0 0
-2943 1490 232 53 503878 0 0 0
2557 2840 163 268 681323 0 0 0
1713 -1343 180 226 592710 0 0 0
-2220 -436 100 99 863507 0 0 0
1831 2329 257 28 401407 0 0 0
1341 -18 167 31 706633 0 0 0
-1841 3250 242 187 970406 0 0 0
3296 1071 98 139 876152 0 0 0
-3280 -708 253 216 932151 0 0 0
1601 -3042 217 275 910132 0 0 0
2781 -1422 126 99 519274 0 0 0
-1901 -908 103 24 535195 0 0 0
-2046 662 249 77 614644 0 0 0
-666 -1815 230 219 396260 0 0 0
-2143 -426 72 224 456951 0 0 0
1420 -919 223 205 365815 0 0 0
-2412 -2381 18 14 583648 0 0 0
-1210 3219 158 231 871724 0 0 0
-2058 1807 99 271 635769 0 0 0
630 3145 256 114 998330 0 0 0
-1841 119 12 156 162291 0 0 0
-2714 -957 38 204 884340 0 0 0
-1975 -2730 267 192 318747 0 0 0
-1690 -343 116 49 534713 0 0 0
-999 1215 159 7 561809 0 0 0
2799 -1720 176 46 252551 0 0 0
-1452 124 7 195 348200 0 0 0
-1245 -332 196 216 564926 0 0 0
2116 -506 159 167 491510 0 0 0
-1733 -3007 148 263 597885 0 0 0
1631 -524 284 269 310959 0 0 0
-432 1465 5 77 474189 0 0 0
1527 1555 32 190 110782 0 0 0
-1426 -462 53 208 372867 0 0 0
-89 -2072 118 116 225733 0 0 0
2680 3151 191 92 943685 0 0 0
-669 1937 222 158 995993 0 0 0
-2170 1277 126 257 547873 0 0 0
2555 -443 140 18 576629 0 0 0
-3123 -1860 211 86 287819 0 0 0
-1305 2508 193 38 832884 0 0 0
436 3106 43 121 401450 0 0 0
3255 2436 278 276 662604 0 0 0
1675 2919 204 269 826681 0 0 0
3275 -2259 238 230 216070 0 0 0
1809 1849 214 39 287050 0 0 0
401 -3014 270 267 589470 0 0 0
-852 1491 121 228 717746 0 0 0
-1547 1752 78 225 929821 0 0 0
-2386 -1355 66 80 207627 0 0 0
2209 1851 26 125 173526 0 0 0
-2141 -214 206 49 892780 0 0 0
-66 2731 169 190 587588 0 0 0
-1458 -2389 120 13 850889 0 0 0
475 -3289 91 175 949112 0 0 0
-3053 -1864 13 104 385531 0 0 0
-2791 -662 5 234 803119 0 0 0
1465 -965 238 40 122947 0 0 0
-85 3231 189 232 638873 0 0 0
-1925 -1893 156 63 659268 0 0 0
1751 -1544 67 63 644799 0 0 0
-1559 -2175 203 253 171581 0 0 0
477 1040 168 179 305168 0 0 0
-846 1522 53 268 953306 0 0 0
2766 2845 67 91 385534 0 0 0
-2773 970 249 233 731890 0 0 0
3277 457 172 134 826067 0 0 0
1325 370 250 95 398368 0 0 0
851 -27 17 200 392409 0 0 0
-686 1288 224 211 559449 0 0 0
-2817 673 275 248 131499 0 0 0
-2020 -3209 116 59 597381 0 0 0
-1659 2422 24 87 272551 0 0 0
-1468 715 9 43 944433 0 0 0
46 -3113 105 226 517385 0 0 0
1662 2822 254 203 660944 0 0 0
1542 -498 95 14 976437 0 0 0
-2008 -1306 42 118 230714 0 0 0
-1371 436 157 194 875446 0 0 0
-1640 -1347 283 259 885226 0 0 0
575 16 180 2 386024 0 0 0
1817 2716 154 36 970133 0 0 0
2199 2500 284 104 718028 0 0 0
3181 935 151 263 877063 0 0 0
-932 -1880 236 165 509943 0 0 0
-1528 2408 46 63 479618 0 0 0
-2891 -735 95 170 673093 0 0 0
2120 -730 39 115 955985 0 0 0
537 1625 172 40 263626 0 0 0
-3122 900 284 220 154485 0 0 0
-251 174 278 64 259196 0 0 0
2681 239 271 189 205599 0 0 0
-1228 -2081 192 238 894937 0 0 0
-497 2262 223 181 338397 0 0 0
2858 201 221 251 783422 0 0 0
297 3192 4 246 670168 0 0 0
282 1959 93 22 652825 0 0 0
1937 1377 7 167 365460 0 0 0
1058 3253 276 40 107362 0 0 0
-714 1705 6 40 195621 0 0 0
740 -1718 160 124 898596 0 0 0
-1175 -2943 151 59 190163 0 0 0
-3136 -864 76 238 622979 0 0 0
-2653 3227 42 105 176644 0 0 0
85 -3142 13 85 603817 0 0 0
2043 -1551 228 39 543200 0 0 0
2303 228 250 269 309416 0 0 0
-1450 -2747 117 270 918454 0 0 0
-497 -1520 80 200 569149 0 0 0
2104 1995 38 98 682415 0 0 0
2060 -2209 58 188 804142 0 0 0
-2282 -1628 54 231 834058 0 0 0
-852 -2028 76 160 779303 0 0 0
-938 -3211 39 155 272015 0 0 0
3213 -685 14 213 756448 0 0 0
377 -1061 75 261 569897 0 0 0
-1575 -3282 51 113 833237 0 0 0
2137 -2260 241 148 130396 0 0 0
1173 -1408 1 131 113361 0 0 0
-1605 -3151 111 253 708927 0 0 0
2252 -1981 241 124 615281 0 0 0
1149 1099 261 194 846014 0 0 0
679 -1590 260 168 380930 0 0 0
1562 -1707 100 225 625760 0 0 0
996 -3229 73 199 679342 0 0 0
2492 15 284 122 357453 0 0 0
-1200 -3198 72 257 852685 0 0 0
2505 638 183 268 222804 0 0 0
1160 -1683 176 195 761516 0 0 0
-2632 1560 225 230 426965 0 0 0
-1225 -744 236 93 323399 0 0 0
-657 -496 269 41 369151 0 0 0
626 -3016 235 157 829453 0 0 0
-2862 -1602 242 208 501486 0 0 0
-2129 -2167 253 223 172244 0 0 0
-2695 2468 95 6 446464 0 0 0
-244 -2579 234 50 460098 0 0 0
-2752 -2318 126 88 611829 0 0 0
1656 -142 11 194 717718 0 0 0
2597 1402 90 220 365500 0 0 0
462 779 287 154 651865 0 0 0
2562 2273 203 25 761360 0 0 0
2442 1402 32 51 969821 0 0 0
1609 -1386 48 69 600702 0 0 0
408 2191 285 194 528266 0 0 0
-1377 -261 248 36 688543 0 0 0
501 -430 32 88 990612 0 0 0
2901 949 119 126 391934 0 0 0
16 -2265 135 100 935643 0 0 0
-1007 -2865 170 192 447812 0 0 0
-2592 -2547 1 254 864224 0 0 0
675 -1832 31 220 561507 0 0 0
301 -2346 134 110 555717 0 0 0
526 -3063 172 160 944895 0 0 0
-483 -775 41 267 818389 0 0 0
-3286 2348 14 146 517687 0 0 0
-1724 -655 143 62 719763 0 0 0
-102 1974 75 11 442337 0 0 0
-1338 -1606 247 91 689088 0 0 0
1690 2005 166 167 786335 0 0 0
-119 1816 167 42 790482 0 0 0
-1433 -3141 192 254 318620 0 0 0
-238 -1921 79 217 247678 0 0 0
1917 558 32 161 645508 0 0 0
-2516 -1140 174 231 124860 0 0 0
-271 2437 121 132 699806 0 0 0
21 160 3 244 483165 0 0 0
-2010 886 168 188 246952 0 0 0
276 -1892 200 27 596518 0 0 0
-3234 2906 287 6 568392 0 0 0
2212 -3049 8 227 999061 0 0 0
255 1769 106 104 607395 0 0 0
-1628 -3116 274 71 305606 0 0 0
-1561 -1169 76 195 408372 0 0 0
1553 1602 24 32 325123 0 0 0
-2115 -457 82 253 451901 0 0 0
-3014 -2812 67 243 350360 0 0 0
2377 2885 248 197 693670 0 0 0
-2572 -2552 239 259 557928 0 0 0
3046 -644 149 176 932761 0 0 0
-1432 2349 84 184 121603 0 0 0
-3257 909 286 216 607129 0 0 0
1269 -2682 122 224 680361 0 0 0
-2569 2417 20 77 957243 0 0 0
-382 1109 260 247 472684 0 0 0
-846 -815 284 7 156099 0 0 0
68 2375 74 34 478337 0 0 0
2767 1835 189 231 734165 0 0 0
-2938 -2694 236 265 428104 0 0 0
-437 2426 49 5 828410 0 0 0
2306 736 119 247 620428 0 0 0
371 2014 111 38 270946 0 0 0
-356 2237 43 273 961003 0 0 0
3140 2741 131 175 610205 0 0 0
2554 -1078 182 157 161346 0 0 0
-1446 -2013 172 21 456662 0 0 0
-192 1543 104 264 105850 0 0 0
1659 3006 152 187 928769 0 0 0
-458 2430 84 130 281017 0 0 0
-2492 -850 189 115 383816 0 0 0
-1961 406 22 246 837276 0 0 0
-2815 -1486 243 141 954555 0 0 0
-2709 2851 73 101 703810 0 0 0
2904 227 198 136 136681 0 0 0
-1093 112 122 10 976319 0 0 0
2498 -675 173 69 400231 0 0 0
-21 24 35 82 959102 0 0 0
-3002 2794 69 238 358945 0 0 0
-2608 2798 89 20 840372 0 0 0
-1464 -2 122 152 431723 0 0 0
-1029 -1773 90 256 216622 0 0 0
613 -2446 141 222 855574 0 0 0
-3123 -566 175 210 513815 0 0 0
3140 1610 229 80 374129 0 0 0
3243 1215 274 14 554987 0 0 0
-317 1635 256 227 594616 0 0 0
1801 -122 203 75 340959 0 0 0
-3093 1748 111 125 444945 0 0 0
2194 -28 50 23 349047 0 0 0
1417 -726 98 27 654671 0 0 0
1085 2233 90 57 158157 0 0 0
-1773 -2379 240 177 525358 0 0 0
-1331 -2090 19 55 927408 0 0 0
-2886 -1024 225 24 467280 0 0 0
2161 -367 129 221 776768 0 0 0
-2096 1072 144 273 405618 0 0 0
1760 2707 239 229 977484 0 0 0
1439 -2667 200 152 510131 0 0 0
1974 1829 47 83 525070 0 0 0
-1870 -182 127 153 990299 0 0 0
-2823 468 207 8 591695 0 0 0
2460 741 63 209 217886 0 0 0
261 407 1 165 238161 0 0 0
508 -129 147 35 562552 0 0 0
859 1559 163 253 718205 0 0 0
1570 -2966 247 166 665747 0 0 0
-379 -367 215 133 744386 0 0 0
1599 -242 3 150 163663 0 0 0
866 -1778 239 20 829752 0 0 0
-1633 -303 226 227 117297 0 0 0
-2001 1315 240 149 924530 0 0 0
-2576 -1447 139 182 706778 0 0 0
-1812 1753 47 146 492191 0 0 0
-1572 582 129 247 244519 0 0 0
415 2290 22 102 316536 0 0 0
-1203 -2254 49 258 560117 0 0 0
-3241 -2519 174 1 464632 0 0 0
1203 466 245 106 282042 0 0 0
-772 -453 161 163 245164 0 0 0
2619 -1565 180 146 491588 0 0 0
1632 -335 27 69 776530 0 0 0
1720 355 154 3 909035 0 0 0
529 1592 289 146 849449 0 0 0
2165 1404 30 64 969900 0 0 0
-2927 -1654 277 203 446264 0 0 0
259 -332 11 35 940598 0 0 0
2812 -3236 29 227 651665 0 0 0
2754 -2495 110 271 911843 0 0 0
1236 -1997 37 197 171877 0 0 0
-1127 2371 92 199 447537 0 0 0
1304 -1348 194 141 618153 0 0 0
195 -2537 261 207 300473 0 0 0
-876 -624 201 60 813415 0 0 0
-427 -1080 97 13 642442 0 0 0
2681 -42 91 11 498820 0 0 0
-1534 1370 160 140 644351 0 0 0
859 1235 88 168 930041 0 0 0
344 -2825 227 164 180223 0 0 0
-1959 1306 94 122 505350 0 0 0
-2638 220 283 193 141695 0 0 0
2637 1574 102 166 542210 0 0 0
-2816 1068 280 262 316835 0 0 0
508 -1384 31 192 517499 0 0 0
3242 -977 60 151 545272 0 0 0
2556 1309 162 128 585622 0 0 0
1860 -97 113 155 984986 0 0 0
779 191 253 106 768532 0 0 0
1245 -1159 7 54 494529 0 0 0
-5 -2758 283 25 561404 0 0 0
-234 2823 275 9 259905 0 0 0
-125 -2851 70 57 460612 0 0 0
1732 -2738 58 167 449656 0 0 0
62 975 214 19 915111 0 0 0
3162 1204 263 12 644012 0 0 0
2532 -2596 150 163 535949 0 0 0
2969 844 62 6 989430 0 0 0
1760 409 240 258 588955 0 0 0
-404 3033 162 30 425825 0 0 0
-537 2526 76 32 485719 0 0 0
-531 -1342 26 272 672945 0 0 0
691 -2419 268 104 785852 0 0 0
-2056 398 182 25 980536 0 0 0
2303 1961 263 79 435714 0 0 0
-1439 -2304 62 242 745027 0 0 0
-1866 2660 113 189 527100 0 0 0
-3037 -411 187 27 364634 0 0 0
873 1387 61 27 424233 0 0 0
-48 2617 63 113 150966 0 0 0
2710 1341 89 192 846804 0 0 0
-962 -41 201 89 562464 0 0 0
1837 176 63 172 424080 0 0 0
-12 -165 76 21 733686 0 0 0
-97 532 259 81 439419 0 0 0
-3153 -2438 22 9 504781 0 0 0
156 -1392 205 167 689006 0 0 0
3101 -3286 114 236 621909 0 0 0
-3098 -463 264 51 586826 0 0 0
-2101 -1126 236 57 595907 0 0 0
-2898 -1381 77 108 908759 0 0 0
1820 -1511 4 192 112359 0 0 0
2113 851 53 261 615736 0 0 0
2318 -1300 83 221 690095 0 0 0
3044 -2329 183 251 947595 0 0 0
1719 -2793 193 140 398786 0 0 0
-1109 2706 38 230 254301 0 0 0
-2168 -1845 100 183 495001 0 0 0
-575 -1478 124 132 409885 0 0 0
-2679 2893 217 170 783290 0 0 0
-85 -694 4 214 388204 0 0 0
-1092 3128 169 272 918637 0 0 0
-1717 1712 123 33 321675 0 0 0
-2063 -2884 24 198 831990 0 0 0
2268 -2468 264 156 700318 0 0 0
1118 -792 99 226 970651 0 0 0
-1321 1498 183 21 514814 0 0 0
664 -3085 132 261 316832 0 0 0
2405 1778 4 237 768552 0 0 0
479 -2202 130 134 262129 0 0 0
-539 -1436 49 123 262100 0 0 0
-314 2404 37 168 748928 0 0 0
116 -635 12 274 394676 0 0 0
-2830 2027 195 164 216918 0 0 0
-3107 526 76 51 519561 0 0 0
2519 1982 175 57 877764 0 0 0
-2295 -1403 167 155 529252 0 0 0
-2988 -434 249 111 172441 0 0 0
995 1501 40 276 301348 0 0 0
1801 -1983 105 251 814861 0 0 0
-2231 -2248 260 101 304687 0 0 0
-748 2556 29 103 852804 0 0 0
-3298 -1943 229 35 538427 0 0 0
1355 -1728 119 37 829163 0 0 0
2835 -2145 145 153 625881 0 0 0
18 -43 156 2 633703 0 0 0
-1216 186 25 245 325775 0 0 0
-2922 -2628 7 72 560506 0 0 0
-820 -2121 11 106 570049 0 0 0
1710 -2595 34 63 572875 0 0 0
3032 2651 226 63 748718 0 0 0
929 -755 154 241 191042 0 0 0
-1025 -2074 146 10 326291 0 0 0
-2669 -2538 39 232 690851 0 0 0
1611 -2850 61 109 984946 0 0 0
1111 1616 228 28 221875 0 0 0
2872 -1644 288 275 457785 0 0 0
-1008 -2491 148 114 357104 0 0 0
2990 -1620 83 130 320943 0 0 0
1514 -1987 11 66 263699 0 0 0
594 -2613 131 4 530524 0 0 0
1061 -2087 221 218 983987 0 0 0
-2039 814 200 63 456933 0 0 0
-2556 1004 11 206 555056 0 0 0
820 -2276 113 3 940904 0 0 0
-1807 -1558 131 237 673994 0 0 0
-2587 961 90 12 934711 0 0 0
3271 -2857 204 175 813032 0 0 0
185 -3074 136 63 860537 0 0 0
1291 -1454 100 224 247238 0 0 0
-1931 -659 24 15 164348 0 0 0
-1133 983 283 113 316819 0 0 0
2826 430 101 164 810428 0 0 0
-1251 -464 93 96 962417 0 0 0
2512 -2673 154 152 416710 0 0 0
-2187 2728 194 79 667565 0 0 0
-2383 2760 162 263 871302 0 0 0
3026 -2954 3 56 994344 0 0 0
-2025 2286 164 113 255912 0 0 0
-68 -2553 80 169 824492 0 0 0
3194 -2595 54 118 723443 0 0 0
-2018 425 177 198 883212 0 0 0
-3042 2540 9 52 114201 0 0 0
-548 -2246 157 125 552250 0 0 0
-862 2304 239 58 776893 0 0 0
-1549 -1833 44 224 242691 0 0 0
2726 1617 162 136 125198 0 0 0
1593 3115 240 85 330179 0 0 0
1272 3134 57 274 300979 0 0 0
942 -285 105 269 884726 0 0 0
-1307 76 80 142 581008 0 0 0
-2619 -639 149 66 459471 0 0 0
3221 2044 7 103 696074 0 0 0
2591 -3071 190 102 947896 0 0 0
813 -646 133 43 620713 0 0 0
-757 -2813 61 51 314800 0 0 0
-3177 -1099 250 158 875805 0 0 0
-1238 -2796 286 226 726527 0 0 0
2474 3200 27 221 917269 0 0 0
2481 -3018 9 105 893068 0 0 0
-565 -1717 248 184 934555 0 0 0
706 -525 154 92 921361 0 0 0
121 2307 280 258 553045 0 0 0
-373 -1976 251 178 206673 0 0 0
78 -2982 12 131 100380 0 0 0
2807 688 209 251 504548 0 0 0
1901 -1937 111 217 992680 0 0 0
-3281 -1698 228 186 655348 0 0 0
-3263 -33 208 232 379494 0 0 0
2984 1435 14 54 700296 0 0 0
-1952 716 202 5 432037 0 0 0
2162 1566 76 95 341063 0 0 0
1974 1073 152 218 749388 0 0 0
2273 -759 61 36 127805 0 0 0
2711 -1338 215 111 550832 0 0 0
108 1038 271 145 123430 0 0 0
2439 -1431 2 239 502676 0 0 0
1305 1388 65 22 605975 0 0 0
2782 -388 274 24 352257 0 0 0
634 2900 82 177 643251 0 0 0
-2630 -16 6 270 889744 0 0 0
1106 -3280 9 218 982482 0 0 0
2309 3195 51 79 392154 0 0 0
177 -1536 60 176 280380 0 0 0
645 -1377 276 127 732534 0 0 0
2764 -2411 66 22 355829 0 0 0
622 -1225 85 230 839245 0 0 0
687 649 55 180 814299 0 0 0
2374 -1497 137 160 164777 0 0 0
-224 -2014 12 208 613747 0 0 0
-1388 1397 62 231 228190 0 0 0
2360 -2147 281 42 831228 0 0 0
-3047 2086 262 185 370723 0 0 0
311 -199 96 181 504873 0 0 0
-645 -287 228 198 793123 0 0 0
361 -844 199 85 815864 0 0 0
-1203 -675 202 219 945389 0 0 0
-774 970 84 118 918488 0 0 0
2971 861 136 104 657261 0 0 0
1032 -1728 34 28 461854 0 0 0
246 -3043 63 243 813004 0 0 0
-1838 -1475 222 222 767215 0 0 0
-1694 -161 182 118 767789 0 0 0
1106 -2320 88 220 590897 0 0 0
-3190 -1832 41 108 905532 0 0 0
-1467 -420 121 130 197462 0 0 0
-1779 -183 208 196 709248 0 0 0
-1011 2858 172 135 761383 0 0 0
-304 2149 201 30 727745 0 0 0
76 1484 56 245 727504 0 0 0
2124 -2174 56 260 363003 0 0 0
1519 -513 229 221 235068 0 0 0
-1100 -585 224 130 789816 0 0 0
-1241 1911 73 219 571828 0 0 0
-42 -1547 70 262 865893 0 0 0
2185 -2127 230 34 708749 0 0 0
3148 1205 262 114 233295 0 0 0
1882 -1050 155 104 580700 0 0 0
1218 106 185 232 126941 0 0 0
-3124 -280 20 25 459500 0 0 0
-2741 -2126 119 113 366553 0 0 0
1359 -452 197 129 540278 0 0 0
709 -640 27 90 469121 0 0 0
607 2767 25 136 636012 0 0 0
-123 -2052 187 187 422495 0 0 0
316 -669 275 155 968238 0 0 0
2490 -1605 81 64 150690 0 0 0
1355 -1853 23 64 378303 0 0 0
-1958 -1432 187 28 824228 0 0 0
-1841 -1808 181 33 713172 0 0 0
1302 -884 244 72 892890 0 0 0
-968 3267 26 169 170413 0 0 0
-1236 -2217 206 258 937102 0 0 0
-1755 -1269 3 76 508672 0 0 0
2877 274 96 204 920255 0 0 0
-618 56 152 195 401173 0 0 0
3153 -446 110 162 969107 0 0 0
-737 2957 219 111 928470 0 0 0
647 158 221 184 212085 0 0 0
-452 342 199 189 644394 0 0 0
-1357 -1440 163 210 874985 0 0 0
-1790 3148 202 269 263703 0 0 0
2006 -1947 28 130 878382 0 0 0
2225 381 22 218 106543 0 0 0
-3222 -1310 102 250 431548 0 0 0
-157 -1321 218 272 148525 0 0 0
665 1393 36 184 122169 0 0 0
-2940 886 283 48 913364 0 0 0
3229 103 189 170 701118 0 0 0
1143 -168 273 87 765821 0 0 0
-2670 2206 247 196 823673 0 0 0
2879 3273 206 168 193668 0 0 0
-3252 535 80 55 348647 0 0 0
-275 653 76 262 717744 0 0 0
-1892 1766 240 175 545839 0 0 0
-1423 -587 259 193 656187 0 0 0
-546 1211 58 155 348261 0 0 0
-2806 -473 204 182 842027 0 0 0
1764 -2446 27 17 978865 0 0 0
1229 2452 223 202 771182 0 0 0
2178 3159 85 222 149017 0 0 0
-2129 -2514 187 19 584217 0 0 0
-1215 2228 141 264 851749 0 0 0
1078 -399 271 171 246872 0 0 0
3179 -1835 187 114 549524 0 0 0
-321 -3183 214 95 271185 0 0 0
-3208 3129 108 262 439263 0 0 0
436 2777 220 192 763750 0 0 0
707 319 29 165 524844 0 0 0
848 650 254 248 499700 0 0 0
-1417 251 107 148 175980 0 0 0
894 2547 213 103 771677 0 0 0
2358 -2417 34 134 349830 0 0 0
-2758 1729 233 174 583749 0 0 0
-1563 -3115 10 8 561373 0 0 0
-1053 1317 185 15 586736 0 0 0
2846 -3012 211 79 127503 0 0 0
1652 1081 140 195 728785 0 0 0
2784 -3176 221 141 709715 0 0 0
873 -3196 53 55 883927 0 0 0
-2561 -1428 96 8 969319 0 0 0
1760 2347 104 267 949344 0 0 0
1590 1564 200 17 189769 0 0 0
-1519 2069 289 61 643836 0 0 0
-1091 2866 37 61 314117 0 0 0
1355 -107 233 273 911140 0 0 0
-2651 386 20 269 383689 0 0 0
-1341 2051 65 53 898287 0 0 0
478 590 15 157 608973 0 0 0
-1944 1683 60 147 918805 0 0 0
-248 163 174 111 770202 0 0 0
-2545 -1446 120 262 176320 0 0 0
298 -299 24 268 251703 0 0 0
2541 1447 229 208 956908 0 0 0
239 3027 100 166 225870 0 0 0
-2797 -748 121 136 414861 0 0 0
756 2773 7 175 602879 0 0 0
1428 -335 230 43 206263 0 0 0
994 969 239 157 398283 0 0 0
-3154 2754 139 201 967385 0 0 0
2440 2675 52 184 355717 0 0 0
2144 -1472 5 163 880078 0 0 0
2151 -304 122 166 767125 0 0 0
-1379 -2447 7 226 625838 0 0 0
-1510 753 288 83 874629 0 0 0
-3135 452 113 225 241839 0 0 0
1888 1307 172 257 424266 0 0 0
282 2605 248 227 491055 0 0 0
-2931 -455 277 39 642145 0 0 0
-157 -2901 43 40 767985 0 0 0
2605 70 262 225 649550 0 0 0
323 -1336 134 132 134878 0 0 0
2394 -2144 273 237 863925 0 0 0
478 2494 73 145 866820 0 0 0
3006 -3258 10 110 655461 0 0 0
1146 3154 155 100 523634 0 0 0
3016 -377 212 189 595477 0 0 0
-1278 -1159 106 249 314374 0 0 0
-2306 1484 204 6 927363 0 0 0
1888 -2500 22 246 881469 0 0 0
-767 405 23 114 489060 0 0 0
660 -1219 36 266 770786 0 0 0
989 -3169 100 211 100266 0 0 0
2083 3171 108 173 675031 0 0 0
1708 -2084 139 73 809687 0 0 0
3005 822 146 50 301017 0 0 0
-2419 -1647 220 211 213387 0 0 0
1479 835 111 39 933834 0 0 0
-2158 1175 151 56 292665 0 0 0
-1430 -920 192 12 439916 0 0 0
-265 -494 254 116 753144 0 0 0
-2884 641 153 60 910141 0 0 0
-1782 -333 37 124 871186 0 0 0
-1198 1030 102 133 665774 0 0 0
-786 1079 285 158 600031 0 0 0
83 1127 252 188 724727 0 0 0
-1953 1327 119 222 296027 0 0 0
-602 431 25 65 431282 0 0 0
2030 2146 111 239 278683 0 0 0
-2696 -419 77 52 771978 0 0 0
274 -3103 117 95 836685 0 0 0
2230 1134 164 77 355678 0 0 0
1332 -2294 53 55 389265 0 0 0
-891 -756 125 78 418095 0 0 0
1337 -1202 209 148 225940 0 0 0
-1394 2451 226 148 593673 0 0 0
-2802 2273 190 251 333792 0 0 0
-3018 2355 175 274 536846 0 0 0
-3030 -856 255 222 322031 0 0 0
-1936 557 174 121 220222 0 0 0
850 496 112 255 101667 0 0 0
-1788 -2302 112 43 152070 0 0 0
2161 2967 6 152 935607 0 0 0
-2667 -3170 104 228 657009 0 0 0
3229 2326 289 235 380579 0 0 0
2499 -663 97 41 206285 0 0 0
7 1937 164 163 491704 0 0 0
-2980 499 210 221 505188 0 0 0
-1778 -70 168 60 567707 0 0 0
3267 -2599 229 246 267548 0 0 0
-115 -190 198 101 187461 0 0 0
-2512 -481 89 112 448615 0 0 0
1897 -1512 8 118 883916 0 0 0
-1708 1408 193 65 823128 0 0 0
-3205 587 174 267 207074 0 0 0
-637 -466 113 104 141075 0 0 0
-438 -1589 79 222 403896 0 0 0
-398 850 85 246 214754 0 0 0
2260 -2413 50 135 791954 0 0 0
-1433 138 128 29 129083 0 0 0
1171 -183 91 38 967745 0 0 0
-1091 1719 12 41 668286 0 0 0
-423 2379 173 26 579781 0 0 0
2488 -1086 140 100 121466 0 0 0
-1550 -2488 264 273 650630 0 0 0
-1926 -96 271 133 488561 0 0 0
324 590 125 3 889336 0 0 0
-2653 1262 189 177 678180 0 0 0
182 -376 159 148 715181 0 0 0
-1134 1208 135 89 720059 0 0 0
1176 -405 62 209 460341 0 0 0
2501 2437 136 166 801208 0 0 0
2715 -1012 226 180 260088 0 0 0
-1448 -157 137 40 825526 0 0 0
227 -2359 138 11 544794 0 0 0
-2015 1262 274 133 285768 0 0 0
-640 -1190 229 190 578870 0 0 0
-84 2610 128 158 757465 0 0 0
-2313 3276 149 258 176491 0 0 0
-2837 -3190 84 1 443828 0 0 0
-1735 -2695 239 165 920572 0 0 0
2059 1585 255 101 402312 0 0 0
1274 40 99 175 362384 0 0 0
-3009 -2195 98 169 364919 0 0 0
-1561 -2757 226 194 258630 0 0 0
-96 -1364 189 243 745429 0 0 0
1665 3077 125 163 582923 0 0 0
-2775 2700 134 8 410439 0 0 0
-485 -1124 104 80 212867 0 0 0
-607 403 118 212 363870 0 0 0
3206 2546 42 269 720070 0 0 0
1044 -2947 244 121 489080 0 0 0
1968 -1853 219 261 143482 0 0 0
-841 -1426 272 253 402704 0 0 0
-2809 79 116 27 747603 0 0 0
-1989 -2130 249 31 525025 0 0 0
1720 2564 78 166 545187 0 0 0
-1141 -1337 44 111 214117 0 0 0
-1110 -1533 289 169 740362 0 0 0
2917 -55 26 234 592240 0 0 0
-3290 689 157 71 420781 0 0 0
2370 -2347 86 148 488690 0 0 0
1203 3158 53 81 965869 0 0 0
2643 -697 58 109 404465 0 0 0
2066 -1180 130 94 630839 0 0 0
795 1719 76 87 231581 0 0 0
123 2523 97 265 391978 0 0 0
488 -2394 5 178 772019 0 0 0
401 1309 116 145 869115 0 0 0
-2885 -1686 126 166 892753 0 0 0
2223 -2269 263 92 226126 0 0 0
-325 -3084 192 260 392707 0 0 0
428 2175 58 74 353953 0 0 0
748 3265 240 27 732198 0 0 0
-496 1209 239 240 600444 0 0 0
-1947 -2471 203 186 181603 0 0 0
590 2590 92 14 950436 0 0 0
2255 993 63 119 276215 0 0 0
-2367 2593 202 195 812464 0 0 0
-1919 -2121 90 116 785315 0 0 0
-2504 581 160 172 214171 0 0 0
-1740 -635 212 227 578798 0 0 0
-2709 -72 161 70 403669 0 0 0
774 304 51 234 183813 0 0 0
-2451 -2137 52 55 335462 0 0 0
388 -1869 132 82 700928 0 0 0
-1538 -2165 227 182 506642 0 0 0
1509 -1894 103 140 334420 0 0 0
-386 -870 145 202 303799 0 0 0
1675 187 246 147 266920 0 0 0
-1325 -189 79 157 926509 0 0 0
624 -1292 197 256 945592 0 0 0
-2087 395 126 133 420887 0 0 0
3244 -2164 97 123 890536 0 0 0
-1841 2615 289 12 102260 0 0 0
-952 -2435 269 34 369204 0 0 0
-793 2504 32 65 793895 0 0 0
1966 -2712 173 104 155772 0 0 0
2549 1952 13 154 704916 0 0 0
1387 -1680 179 217 227204 0 0 0
504 -2241 36 113 390307 0 0 0
-1195 1373 10 113 804162 0 0 0
1233 -361 231 55 294457 0 0 0
-885 2652 10 233 299858 0 0 0
-1280 -2193 116 5 293927 0 0 0
-2819 1403 215 15 644549 0 0 0
-1297 -2109 266 209 794266 0 0 0
773 931 136 6 212244 0 0 0
-647 -2245 131 240 990402 0 0 0
2811 -3009 8 228 272100 0 0 0
2029 1360 274 144 815562 0 0 0
-32 -3089 121 247 633077 0 0 0
1995 2561 258 122 800538 0 0 0
2625 -1701 62 112 557608 0 0 0
2149 549 246 229 787446 0 0 0
-2669 -216 4 206 881026 0 0 0
3089 3290 167 155 189335 0 0 0
-472 1596 91 236 509741 0 0 0
-2639 1830 283 92 624167 0 0 0
-1886 -2137 3 178 123652 0 0 0
-285 3038 267 177 597481 0 0 0
-2893 3058 198 31 416713 0 0 0
664 1616 155 252 158944 0 0 0
-966 3222 285 194 591239 0 0 0
2120 1627 195 185 945481 0 0 0
2717 -1882 168 148 202347 0 0 0
-3116 -983 25 5 183035 0 0 0
97 1787 129 229 501423 0 0 0
1887 -2972 9 188 705178 0 0 0
3296 1847 83 249 563981 0 0 0
352 -2561 171 252 546924 0 0 0
3237 990 33 210 208592 0 0 0
995 2737 276 186 198404 0 0 0
428 1891 32 176 533753 0 0 0
297 3057 203 146 350119 0 0 0
661 -565 45 183 870882 0 0 0
2778 2764 233 89 450670 0 0 0
2410 355 137 89 739279 0 0 0
-420 808 265 248 470795 0 0 0
1911 1470 221 4 136873 0 0 0
-1512 2452 268 58 891751 0 0 0
1478 -2834 103 67 371330 0 0 0
-1815 1519 201 270 568857 0 0 0
-722 2227 217 206 325162 0 0 0
3185 2666 261 45 604920 0 0 0
-1033 1180 53 86 195758 0 0 0
1317 2115 189 25 124362 0 0 0
-2120 -1234 212 133 865417 0 0 0
3277 3213 61 12 641454 0 0 0
1053 -1141 237 123 436710 0 0 0
-2085 2619 165 207 629656 0 0 0
1649 2165 68 190 987144 0 0 0
1902 -286 79 143 223942 0 0 0
1005 -2721 177 263 349647 0 0 0
2657 2229 240 137 877178 0 0 0
133 -1595 254 112 399008 0 0 0
-1107 -2914 155 183 869134 0 0 0
310 1860 202 144 785899 0 0 0
-1265 -51 130 88 818142 0 0 0
1857 -958 109 8 290501 0 0 0
1573 2764 92 113 205206 0 0 0
341 2653 31 149 508496 0 0 0
-708 158 70 194 427817 0 0 0
-2573 783 272 198 921539 0 0 0
-693 -2971 223 33 831490 0 0 0
-2907 -1134 223 274 175963 0 0 0
371 -2959 4 93 184406 0 0 0
-2798 843 274 46 319826 0 0 0
613 343 213 14 491669 0 0 0
-1743 2445 87 151 951652 0 0 0
251 1114 204 59 104810 0 0 0
2269 1908 46 11 639172 0 0 0
3230 -1730 263 159 478244 0 0 0
1510 1552 194 121 677751 0 0 0
-2739 -514 214 211 786105 0 0 0
2447 2246 69 26 556640 0 0 0
-1917 2326 71 155 794880 0 0 0
218 2960 35 221 347228 0 0 0
515 941 52 173 720580 0 0 0
1756 -2331 274 162 563002 0 0 0
1500 182 206 19 910152 0 0 0
-1017 2072 173 93 900554 0 0 0
-2460 -3164 176 79 620707 0 0 0
-2766 -3222 266 195 848708 0 0 0
873 -1498 191 230 546197 0 0 0
2873 -2908 190 134 779019 0 0 0
1479 -2941 201 271 418450 0 0 0
-2185 2567 105 62 520448 0 0 0
2913 601 57 166 463856 0 0 0
-1055 2929 44 257 882377 0 0 0
1999 -1755 244 123 222298 0 0 0
-1339 -155 144 238 494663 0 0 0
1747 -180 105 79 402425 0 0 0
-3184 -2338 174 57 542880 0 0 0
2491 311 138 128 437508 0 0 0
1466 -1870 80 141 883869 0 0 0
-3103 923 228 81 804716 0 0 0
-1719 -1402 152 89 953339 0 0 0
98 2990 226 140 398419 0 0 0
392 517 147 42 286577 0 0 0
-2872 -1550 200 141 369293 0 0 0
-353 1082 265 144 415880 0 0 0
-2009 -1623 119 171 823494 0 0 0
1668 -1219 120 233 482880 0 0 0
-48 3237 178 63 374756 0 0 0
-1298 2039 184 179 628821 0 0 0
-1325 923 206 88 269134 0 0 0
3087 555 59 92 382831 0 0 0
-2830 476 21 96 430746 0 0 0
-468 -3240 224 134 335987 0 0 0
3192 1596 280 207 924575 0 0 0
-2197 -1337 108 94 231784 0 0 0
-1427 2040 253 206 322470 0 0 0
3199 -1343 24 194 541121 0 0 0
3070 739 76 105 879641 0 0 0
1216 -1396 271 177 391689 0 0 0
1903 2113 169 145 523282 0 0 0
3238 1914 205 11 168925 0 0 0
-1180 518 248 187 957132 0 0 0
-45 1513 130 69 808620 0 0 0
-1183 1211 152 152 972010 0 0 0
641 -121 8 20 418586 0 0 0
2527 2132 104 199 376337 0 0 0
-1514 -2329 40 38 569004 0 0 0
2403 2042 73 257 449365 0 0 0
1655 -3241 43 213 647619 0 0 0
2739 -517 180 108 353591 0 0 0
-1006 582 262 220 823522 0 0 0
-757 -2388 39 12 645447 0 0 0
95 2594 147 168 751852 0 0 0
-903 2805 46 81 158372 0 0 0
-706 -242 275 166 794602 0 0 0
1503 -1910 56 246 298897 0 0 0
2127 2508 33 1 651558 0 0 0
2784 122 185 181 497686 0 0 0
583 -3011 119 233 983192 0 0 0
-2390 701 89 55 239908 0 0 0
-2890 1239 274 260 762393 0 0 0
-1629 -1093 189 226 784220 0 0 0
-1533 413 199 138 339722 0 0 0
-2765 -972 280 135 907993 0 0 0
-1335 3115 220 166 105695 0 0 0
-404 -151 49 179 663918 0 0 0
-401 1313 142 276 121604 0 0 0
-800 -2253 3 93 383068 0 0 0
1349 -2912 222 234 282007 0 0 0
-2115 2036 121 268 796636 0 0 0
2851 -1688 31 161 333426 0 0 0
-3289 -2711 185 33 218175 0 0 0
-1956 2200 270 44 523391 0 0 0
-778 -277 110 105 372199 0 0 0
-301 -726 208 187 761907 0 0 0
1866 -2819 101 225 898106 0 0 0
-2348 -2293 91 28 958850 0 0 0
2540 2784 36 47 257824 0 0 0
2416 -1029 271 100 110570 0 0 0
-3190 -2027 235 204 606211 0 0 0
-85 2666 223 265 571477 0 0 0
-857 1501 7 74 108295 0 0 0
874 -2542 216 195 250899 0 0 0
-2999 52 125 125 854360 0 0 0
-3089 2929 57 217 963102 0 0 0
-1018 -2111 75 31 733195 0 0 0
-1055 -1512 262 70 374102 0 0 0
1726 2317 281 123 662555 0 0 0
-999 2261 170 93 301781 0 0 0
909 521 198 210 990369 0 0 0
2384 2434 45 229 429528 0 0 0
-1450 -808 81 110 249602 0 0 0
2802 3139 39 64 817182 0 0 0
2434 -1462 53 197 716448 0 0 0
61 -3024 108 41 875759 0 0 0
-799 1983 154 231 384238 0 0 0
-1300 -3007 143 50 506304 0 0 0
-1599 -857 208 45 244003 0 0 0
-2071 -2300 132 113 478711 0 0 0
2635 -3240 28 19 693408 0 0 0
2329 802 19 119 396333 0 0 0
3041 2867 85 158 543696 0 0 0
1203 -653 217 51 785283 0 0 0
1072 -1912 125 35 893064 0 0 0
-2883 288 157 128 118451 0 0 0
276 3223 239 203 407449 0 0 0
1555 3154 79 144 125422 0 0 0
1245 2330 12 120 124624 0 0 0
1647 250 204 109 370212 0 0 0
385 -2703 247 252 459348 0 0 0
-1430 2748 265 180 753416 0 0 0
334 -1899 261 93 843080 0 0 0
1261 1850 133 250 646821 0 0 0
79 2460 262 11 115423 0 0 0
2467 2322 228 74 831511 0 0 0
-1926 -2431 254 108 560505 0 0 0
1336 -459 209 213 857376 0 0 0
1377 3032 222 199 281259 0 0 0
132 -1719 43 24 507754 0 0 0
1239 -203 242 165 874031 0 0 0
-639 -1906 176 41 189115 0 0 0
-2926 -2141 119 132 817774 0 0 0
350 1027 130 45 267987 0 0 0
-155 -1687 116 222 232355 0 0 0
992 -714 93 215 103901 0 0 0
3044 1683 27 17 790257 0 0 0
1489 2966 116 132 608971 0 0 0
-2586 1042 48 50 722320 0 0 0
-2828 119 97 102 383945 0 0 0
2810 1988 153 151 702523 0 0 0
1679 3294 253 30 607537 0 0 0
3198 -876 114 78 801286 0 0 0
1266 -852 137 243 598364 0 0 0
1632 -3293 58 193 475327 0 0 0
240 1009 29 31 811637 0 0 0
592 1768 284 249 531823 0 0 0
-1129 -489 7 135 256840 0 0 0
3149 -850 153 84 361558 0 0 0
213 2613 126 86 168613 0 0 0
-1582 -1831 135 106 882320 0 0 0
1107 230 20 216 565176 0 0 0
-885 -2905 150 255 650858 0 0 0
-1699 -1291 195 218 668535 0 0 0
-2676 3045 266 145 685974 0 0 0
-2447 -3254 117 52 132356 0 0 0
50 454 16 182 365854 0 0 0
-473 -1248 43 139 997203 0 0 0
1840 -1834 82 158 314684 0 0 0
1247 1746 138 250 168160 0 0 0
-2707 1888 24 79 128993 0 0 0
-2353 2847 219 96 250854 0 0 0
535 -1237 6 44 958146 0 0 0
1657 2892 100 182 852633 0 0 0
2964 2401 172 255 349823 0 0 0
-1363 244 234 69 266534 0 0 0
1081 2002 255 199 458452 0 0 0
-2118 2772 84 79 380970 0 0 0
1740 1291 38 37 511111 0 0 0
-815 -1561 84 4 764239 0 0 0
2200 -2090 192 108 634617 0 0 0
-1665 2878 189 101 258756 0 0 0
176 -1397 86 246 481777 0 0 0
-1150 -3016 51 190 497272 0 0 0
89 1029 210 162 594665 0 0 0
2363 3226 34 276 717991 0 0 0
565 -2208 90 72 891855 0 0 0
-1605 3096 111 162 490352 0 0 0
160 444 71 19 688266 0 0 0
1976 1820 196 9 310107 0 0 0
189 969 110 256 982847 0 0 0
-2437 1159 28 78 933390 0 0 0
-2032 765 88 226 366149 0 0 0
-2583 -2288 83 175 410131 0 0 0
-11 520 78 275 458232 0 0 0
2835 1555 231 208 411615 0 0 0
-2496 -2634 270 133 422062 0 0 0
-146 -2511 79 157 152732 0 0 0
-2258 -169 32 28 485786 0 0 0
1553 -213 208 78 663716 0 0 0
2790 1507 218 1 573346 0 0 0
1201 -3059 185 145 646886 0 0 0
-2333 -1692 133 18 392671 0 0 0
530 2427 262 4 339316 0 0 0
1983 -3061 194 208 391652 0 0 0
143 -1944 258 59 626816 0 0 0
2463 1267 30 130 179274 0 0 0
2686 2710 256 132 217403 0 0 0
-1895 2007 40 190 599239 0 0 0
-702 2280 143 142 913970 0 0 0
1501 -866 113 204 903336 0 0 0
-1048 1891 216 243 685054 0 0 0
1269 -192 48 203 151663 0 0 0
137 -2766 18 63 465540 0 0 0
2105 1808 96 202 645279 0 0 0
1486 726 280 64 701175 0 0 0
-2295 -3183 38 1 344842 0 0 0
-1793 125 21 8 483015 0 0 0
-810 381 141 102 185133 0 0 0
-2497 -1497 171 132 780150 0 0 0
-431 371 89 71 469165 0 0 0
397 248 141 183 158558 0 0 0
-862 -723 222 257 985952 0 0 0
-2907 2826 222 204 778946 0 0 0
2519 1942 18 183 978332 0 0 0
1907 -3106 45 15 326713 0 0 0
2775 115 178 80 355893 0 0 0
-1961 2467 124 144 856852 0 0 0
675 -2085 21 90 119888 0 0 0
-273 214 112 239 221908 0 0 0
728 2284 201 64 485976 0 0 0
1584 -1029 230 176 104000 0 0 0
761 1928 191 187 764255 0 0 0
-3067 2265 281 178 381561 0 0 0
-3275 556 78 270 162050 0 0 0
470 -2112 123 242 548274 0 0 0
2901 2983 181 1 416955 0 0 0
-1401 -2831 140 102 659438 0 0 0
417 -3133 52 99 464860 0 0 0
-2548 315 234 66 839480 0 0 0
-126 -9 233 71 662629 0 0 0
-2952 753 234 220 317614 0 0 0
-1619 -1205 22 9 681653 0 0 0
-1959 1822 8 211 721255 0 0 0
602 929 149 108 572208 0 0 0
-274 2756 39 85 184813 0 0 0
2451 -2028 289 235 494850 0 0 0
-207 2814 161 157 989730 0 0 0
-2542 2692 101 142 801355 0 0 0
2012 -371 236 119 640496 0 0 0
606 101 94 275 595618 0 0 0
2626 -2398 188 20 735600 0 0 0
3099 2517 248 68 705881 0 0 0
-2386 -550 166 87 378290 0 0 0
959 -2671 285 134 273670 0 0 0
2184 989 44 200 515493 0 0 0
-2131 -2722 200 193 758232 0 0 0
-2410 881 130 228 582992 0 0 0
266 -1701 208 213 316487 0 0 0
2932 -548 70 105 513026 0 0 0
2000 2433 133 153 119769 0 0 0
2240 1517 24 149 339405 0 0 0
-734 2848 144 102 390817 0 0 0
479 742 273 149 365716 0 0 0
-1466 3150 106 25 442343 0 0 0
-1941 584 266 97 869535 0 0 0
1180 1124 91 231 267829 0 0 0
302 942 170 167 540348 0 0 0
1524 2160 283 142 346979 0 0 0
1060 -2516 169 73 737347 0 0 0
-1074 -604 241 229 404800 0 0 0
-2526 97 177 93 635138 0 0 0
419 -1384 155 13 457229 0 0 0
402 2393 102 152 956100 0 0 0
-2410 -914 231 107 872604 0 0 0
2648 -2157 194 99 429727 0 0 0
2043 -1242 274 57 921878 0 0 0
-2449 2180 242 53 896271 0 0 0
329 3084 135 55 191196 0 0 0
-3108 -2010 66 166 753865 0 0 0
-2269 2227 113 11 430255 0 0 0
-117 1807 161 69 309630 0 0 0
614 2815 12 88 582420 0 0 0
2702 -2550 230 236 603796 0 0 0
2919 1349 101 42 239101 0 0 0
-1740 1253 289 91 886246 0 0 0
-1658 2112 42 168 810619 0 0 0
-3266 1622 159 270 877953 0 0 0
1170 1001 98 219 810764 0 0 0
-1598 -1111 122 124 188223 0 0 0
-1857 -1069 199 251 183655 0 0 0
1737 116 33 80 432981 0 0 0
-1026 2924 155 233 463301 0 0 0
1731 -2968 149 150 101804 0 0 0
1048 -2493 76 147 403467 0 0 0
-759 2699 186 225 884880 0 0 0
-1482 -1193 106 165 389909 0 0 0
1314 -893 236 262 940609 0 0 0
1916 2818 286 86 930411 0 0 0
-2495 -1930 192 49 739991 0 0 0
-2969 -2473 181 52 436922 0 0 0
2440 -2276 266 51 303580 0 0 0
1838 979 138 125 264652 0 0 0
-1005 -317 204 154 453845 0 0 0
471 2527 90 158 624756 0 0 0
-689 -468 268 166 521479 0 0 0
2206 2888 16 62 702853 0 0 0
1149 -1986 236 18 596791 0 0 0
352 3256 75 228 918963 0 0 0
1116 -2285 183 224 229966 0 0 0
2535 -3046 54 210 424842 0 0 0
554 2240 129 155 640006 0 0 0
-1193 1077 288 50 452959 0 0 0
1934 -2510 207 255 545798 0 0 0
239 -1418 218 191 954997 0 0 0
-1460 -652 1 157 319025 0 0 0
-597 1329 37 245 203995 0 0 0
2728 -2419 223 5 135149 0 0 0
-1124 -953 54 60 174479 0 0 0
361 417 284 180 319043 0 0 0
-441 2076 265 245 953495 0 0 0
2657 -1139 88 124 301667 0 0 0
533 264 25 128 795561 0 0 0
1133 1344 192 40 306108 0 0 0
-2780 -787 208 156 321557 0 0 0
346 -914 164 111 796305 0 0 0
543 3225 64 125 713032 0 0 0
1833 -1218 281 276 466909 0 0 0
1293 1181 129 38 584563 0 0 0
-2430 1059 90 70 655666 0 0 0
-1848 -2798 73 218 137814 0 0 0
-2661 894 268 36 907115 0 0 0
-692 -1711 162 251 906153 0 0 0
510 3153 211 180 768981 0 0 0
-752 -924 244 212 793341 0 0 0
-2547 1754 178 53 779310 0 0 0
-103 -85 185 265 885569 0 0 0
1223 663 268 259 784475 0 0 0
2766 -3079 96 170 609234 0 0 0
1972 -2082 192 31 514991 0 0 0
-2143 -3254 276 246 367353 0 0 0
-1630 575 259 126 841771 0 0 0
-1063 2830 121 213 657552 0 0 0
-91 951 276 116 848458 0 0 0
-3114 3198 157 100 466759 0 0 0
-1092 1029 221 119 395908 0 0 0
-459 -112 158 51 607180 0 0 0
2588 1971 169 60 486418 0 0 0
2022 3074 46 94 716525 0 0 0
-1500 2261 33 240 450809 0 0 0
956 -882 17 156 251992 0 0 0
-725 824 128 60 649535 0 0 0
-272 -3067 257 241 743700 0 0 0
-1148 372 289 255 665645 0 0 0
3016 -1545 261 251 551467 0 0 0
-420 57 8 75 112203 0 0 0
-658 -2734 59 198 266585 0 0 0
1501 3068 27 219 869617 0 0 0
425 3154 45 217 523500 0 0 0
-2428 -1553 228 92 772262 0 0 0
-3037 209 212 60 331945 0 0 0
2266 2758 204 105 328548 0 0 0
-2622 -222 56 186 671795 0 0 0
-1991 -521 229 152 727848 0 0 0
2171 2569 87 46 600581 0 0 0
-3277 1098 183 43 907146 0 0 0
2250 65 105 26 509912 0 0 0
2006 -981 190 144 417839 0 0 0
2356 294 58 271 311756 0 0 0
-1029 2437 50 66 928860 0 0 0
-1574 3203 22 204 373686 0 0 0
330 706 60 36 649621 0 0 0
1738 -1228 22 39 981990 0 0 0
-21 2908 143 206 831814 0 0 0
164 -1082 83 198 960250 0 0 0
329 -1772 8 3 501298 0 0 0
-1308 -2577 173 172 109679 0 0 0
-358 2852 179 49 183635 0 0 0
2082 -2166 245 150 665855 0 0 0
-1921 2843 196 33 746006 0 0 0
1526 2507 19 122 935253 0 0 0
-2525 1949 173 150 906387 0 0 0
1073 -2431 287 258 533360 0 0 0
387 464 127 220 426901 0 0 0
-2517 1719 262 188 461153 0 0 0
726 3191 254 217 974427 0 0 0
-456 1334 2 18 984568 0 0 0
-2545 -802 93 15 183940 0 0 0
-1052 173 32 264 903805 0 0 0
2872 1258 155 209 296143 0 0 0
-2070 1402 280 66 594598 0 0 0
2156 -939 55 11 869931 0 0 0
-2938 1917 192 148 104277 0 0 0
1178 -961 127 152 994910 0 0 0
-2694 713 192 86 592085 0 0 0
-2051 2753 184 182 964911 0 0 0
-594 -1926 286 78 215528 0 0 0
-851 -1719 51 160 670083 0 0 0
-1348 -597 170 210 197568 0 0 0
-3214 -226 133 35 536593 0 0 0
1175 1353 19 237 428461 0 0 0
2625 -2942 98 113 481141 0 0 0
1233 -2642 11 132 985824 0 0 0
1857 2485 59 48 910056 0 0 0
-194 -1985 199 35 488993 0 0 0
1061 -837 266 257 399942 0 0 0
334 -1849 99 95 367295 0 0 0
1957 -2990 262 167 155935 0 0 0
-684 -621 167 74 559452 0 0 0
1249 -960 128 13 893755 0 0 0
552 618 234 89 927695 0 0 0
2304 -2896 120 158 893475 0 0 0
1215 1568 169 227 764768 0 0 0
507 -3111 140 104 190507 0 0 0
-1111 -607 263 7 577346 0 0 0
573 -57 183 131 681635 0 0 0
-2982 2446 32 193 629076 0 0 0
2518 -2748 232 123 852693 0 0 0
-1983 -2514 173 54 963451 0 0 0
-1336 -591 78 227 307902 0 0 0
336 1824 59 255 467018 0 0 0
-1227 1039 126 10 698321 0 0 0
434 1051 30 126 705197 0 0 0
258 2479 39 261 802059 0 0 0
-1853 -1092 10 162 326362 0 0 0
1725 2666 49 171 477650 0 0 0
-2274 1709 79 264 413891 0 0 0
-3128 1943 257 14 205345 0 0 0
1263 1502 241 269 748692 0 0 0
2715 -2679 98 117 935189 0 0 0
-2491 -1062 132 38 345057 0 0 0
2791 -1180 6 73 601503 0 0 0
-50 2347 183 153 674282 0 0 0
-1803 -1475 9 3 126538 0 0 0
2638 1304 62 67 750709 0 0 0
-3277 875 279 30 618226 0 0 0
-2003 1736 133 231 697904 0 0 0
-1428 1719 183 36 767674 0 0 0
876 -2531 71 187 309652 0 0 0
2836 -2218 12 217 606261 0 0 0
-3042 -1588 136 179 923995 0 0 0
-194 1181 210 169 142562 0 0 0
600 2644 150 230 602455 0 0 0
852 1117 14 192 681004 0 0 0
-2297 478 160 191 950299 0 0 0
2864 -473 252 62 110536 0 0 0
-2149 -511 127 123 335812 0 0 0
-495 3222 127 110 333131 0 0 0
-2100 -2601 271 189 450172 0 0 0
2334 -3134 223 99 151616 0 0 0
-2475 2155 99 117 909180 0 0 0
535 -591 23 184 176042 0 0 0
49 1472 215 65 842521 0 0 0
-3194 1800 56 67 223074 0 0 0
1237 -1626 25 141 845542 0 0 0
1428 905 23 3 773856 0 0 0
2543 744 250 140 958253 0 0 0
537 -2191 13 265 779877 0 0 0
-601 1417 209 99 150979 0 0 0
-2905 1485 83 253 573239 0 0 0
1072 -188 62 164 650507 0 0 0
-1467 1397 282 214 444289 0 0 0
-2742 670 131 155 585827 0 0 0
-1928 2063 144 138 772380 0 0 0
3194 -1431 185 168 624461 0 0 0
-949 -525 85 63 568562 0 0 0
-53 1938 173 35 610923 0 0 0
2724 -2413 138 134 603019 0 0 0
-3024 2069 152 203 781696 0 0 0
-3123 -299 227 211 668655 0 0 0
1619 2644 56 59 384868 0 0 0
-3127 1217 40 65 524866 0 0 0
1833 -2413 100 184 910837 0 0 0
1909 2885 96 251 701250 0 0 0
2250 1490 86 172 298806 0 0 0
1172 -2588 167 83 604127 0 0 0
108 2895 227 229 413054 0 0 0
1179 -1451 281 265 218147 0 0 0
-1936 227 58 270 132196 0 0 0
-2422 3077 33 68 553446 0 0 0
2171 -395 156 116 336767 0 0 0
-1329 -2872 31 118 173992 0 0 0
620 2153 250 116 632228 0 0 0
1790 -987 215 256 787292 0 0 0
-462 -2405 272 215 878616 0 0 0
-2185 -2530 50 176 306679 0 0 0
-2465 636 45 24 133664 0 0 0
431 3184 251 62 726856 0 0 0
-589 1484 155 20 337548 0 0 0
-565 2546 265 234 391759 0 0 0
1284 -3179 157 53 686976 0 0 0
3017 -1890 195 257 767536 0 0 0
2951 2243 4 87 708542 0 0 0
1914 1162 147 173 306023 0 0 0
836 949 118 59 924860 0 0 0
1920 2269 200 21 721270 0 0 0
1345 197 119 148 799275 0 0 0
-760 1213 24 168 583432 0 0 0
-598 2826 81 229 893762 0 0 0
1854 3248 275 191 199177 0 0 0
-694 -1600 223 4 104557 0 0 0
75 3117 193 109 409392 0 0 0
391 -1760 63 18 370342 0 0 0
1973 1730 77 60 751864 0 0 0
-1479 -3260 276 194 409553 0 0 0
1999 -846 98 155 968580 0 0 0
471 394 277 195 605270 0 0 0
342 853 270 254 619668 0 0 0
-349 1964 52 183 800259 0 0 0
1709 -1332 139 100 521967 0 0 0
-244 2082 222 268 795029 0 0 0
563 1237 245 1 606837 0 0 0
-911 -2532 174 255 639696 0 0 0
1443 442 182 134 964660 0 0 0
-220 -2263 268 99 605511 0 0 0
1841 2360 127 57 421056 0 0 0
1369 2558 189 35 617962 0 0 0
-128 -415 111 31 615134 0 0 0
-32 -752 80 44 997058 0 0 0
29 513 48 18 842651 0 0 0
1130 1896 183 234 767174 0 0 0
1589 -2405 22 121 222618 0 0 0
1766 2685 244 54 345036 0 0 0
1143 -1293 157 66 926563 0 0 0
-2206 -1423 121 242 516681 0 0 0
-2421 -1258 192 79 367213 0 0 0
-1032 2538 240 258 244549 0 0 0
1962 -593 62 76 491637 0 0 0
1293 17 236 89 959056 0 0 0
1032 -2652 203 72 877342 0 0 0
1468 -779 95 121 760470 0 0 0
-960 -2006 197 197 245889 0 0 0
-715 1863 241 186 208945 0 0 0
-1147 -569 113 103 463433 0 0 0
-3253 928 16 156 473350 0 0 0
318 -971 31 1 632136 0 0 0
1471 -1662 161 73 336187 0 0 0
-412 -1581 155 113 818258 0 0 0
1436 -2846 186 159 879472 0 0 0
2297 -1977 234 241 836249 0 0 0
1280 -1960 69 247 216028 0 0 0
-2242 -1559 222 261 966773 0 0 0
297 -1307 171 149 432528 0 0 0
610 3017 154 275 462757 0 0 0
-1498 1936 92 17 433814 0 0 0
33 190 178 160 436095 0 0 0
-2614 1201 41 124 295386 0 0 0
-3035 -536 208 113 231243 0 0 0
-3100 -296 45 185 557020 0 0 0
2871 -1381 141 276 117476 0 0 0
-868 958 207 24 129889 0 0 0
-2129 -2827 220 198 272384 0 0 0
-2663 -1324 229 186 101758 0 0 0
2606 3225 193 183 659630 0 0 0
-468 3065 233 203 278594 0 0 0
2702 89 192 10 239330 0 0 0
-1713 -1460 98 190 603643 0 0 0
-1960 719 17 1 414392 0 0 0
-930 1862 231 113 677670 0 0 0
1758 648 141 211 623582 0 0 0
-267 2079 284 242 558287 0 0 0
-539 1282 85 84 339634 0 0 0
-432 695 59 129 162554 0 0 0
31 1865 22 192 703302 0 0 0
-2739 1443 96 272 899506 0 0 0
2813 1724 267 72 447027 0 0 0
-528 2424 275 223 660516 0 0 0
-899 -3141 78 79 919776 0 0 0
835 -158 162 22 129169 0 0 0
-196 1634 187 227 844432 0 0 0
1819 2973 118 16 159436 0 0 0
978 -2817 204 255 518301 0 0 0
1676 -473 113 258 557954 0 0 0
496 2747 91 115 225826 0 0 0
3045 -2131 128 131 637156 0 0 0
2259 -2673 266 27 472807 0 0 0
588 -1216 8 231 225574 0 0 0
1224 960 282 91 126392 0 0 0
500 1143 23 267 952030 0 0 0
1321 -2675 220 172 624915 0 0 0
661 3106 192 248 918393 0 0 0
-2167 -1778 99 58 323700 0 0 0
2366 1807 120 151 458583 0 0 0
1778 -748 25 101 888467 0 0 0
-1177 -1394 56 214 322006 0 0 0
-383 2255 71 172 634251 0 0 0
-1509 2859 7 123 408938 0 0 0
829 -1514 147 35 777340 0 0 0
1644 -2292 227 194 512124 0 0 0
-1180 -2080 283 104 526909 0 0 0
-1264 223 75 174 512388 0 0 0
1893 -634 42 166 658070 0 0 0
2435 -2363 130 79 153433 0 0 0
1345 733 289 95 123511 0 0 0
1997 -176 226 152 324686 0 0 0
2856 1108 124 159 702348 0 0 0
1444 3054 236 22 194672 0 0 0
-2839 3209 74 163 430033 0 0 0
-640 -1630 202 147 486904 0 0 0
-2062 -2343 81 177 987076 0 0 0
57 -2086 3 55 722158 0 0 0
-516 1598 130 229 128155 0 0 0
-2029 -1946 225 238 282442 0 0 0
125 900 212 116 318300 0 0 0
-2495 1544 243 110 264929 0 0 0
-1642 2444 56 17 838164 0 0 0
-386 -217 87 118 361640 0 0 0
-559 -1467 234 258 952486 0 0 0
-2329 1530 170 38 864494 0 0 0
-1546 960 168 203 483992 0 0 0
1172 595 57 185 790802 0 0 0
1883 1812 277 11 957661 0 0 0
835 -2438 191 210 686043 0 0 0
-38 2896 72 274 383265 0 0 0
1907 3014 224 79 128784 0 0 0
-72 -462 244 272 591077 0 0 0
1240 1 64 106 631572 0 0 0
-1643 782 219 38 187481 0 0 0
974 -1959 90 214 372931 0 0 0
-3140 -1862 122 120 714260 0 0 0
2770 -2212 97 109 409228 0 0 0
-453 -1977 102 254 908328 0 0 0
-567 2160 7 114 897975 0 0 0
1287 2388 84 144 801226 0 0 0
-2943 2819 71 62 108339 0 0 0
-305 -1927 48 75 585841 0 0 0
-1258 -1178 120 239 977848 0 0 0
1487 2967 50 144 123796 0 0 0
2750 362 93 166 633545 0 0 0
-2276 862 42 175 530263 0 0 0
-2446 2648 156 44 983336 0 0 0
2927 -1486 253 157 425906 0 0 0
-2485 2781 137 151 600684 0 0 0
894 -641 288 111 141331 0 0 0
1119 1638 144 29 845821 0 0 0
-3281 1437 219 67 131968 0 0 0
-190 392 256 168 741552 0 0 0
-1693 -2972 51 175 350113 0 0 0
1281 -2079 214 122 598702 0 0 0
-2744 -2570 29 199 959917 0 0 0
730 -843 6 242 556193 0 0 0
1310 549 168 249 957675 0 0 0
-2895 1102 233 92 978420 0 0 0
-71 584 96 121 822117 0 0 0
1900 -2056 91 161 375164 0 0 0
2396 1237 92 68 792481 0 0 0
-2436 3022 135 145 422835 0 0 0
343 -1355 190 57 485857 0 0 0
3156 -2926 100 27 231311 0 0 0
-2667 431 232 233 728537 0 0 0
1842 -3127 272 43 178649 0 0 0
-810 2889 225 246 735436 0 0 0
2397 996 47 69 401900 0 0 0
-2879 -1405 61 72 101074 0 0 0
1833 1793 115 38 267445 0 0 0
-3146 -2489 112 174 462230 0 0 0
1665 -2336 35 64 147680 0 0 0
566 1922 101 142 261560 0 0 0
1946 -1507 13 263 627731 0 0 0
3058 1770 220 59 343862 0 0 0
-1791 2770 96 52 635501 0 0 0
1628 1004 184 229 706709 0 0 0
2923 -2944 212 49 751660 0 0 0
2513 -2129 240 221 660883 0 0 0
-2890 -1056 246 110 292226 0 0 0
690 784 119 170 864152 0 0 0
2260 -2234 4 169 664094 0 0 0
-1587 -1334 74 133 336246 0 0 0
-190 -2849 216 193 890776 0 0 0
2890 -1993 23 83 196163 0 0 0
-2715 2800 91 163 359288 0 0 0
-2223 -1489 162 91 475359 0 0 0
1425 -3275 134 146 677855 0 0 0
-1330 880 257 268 767904 0 0 0
-3001 -2305 82 205 594463 0 0 0
1564 889 277 182 156477 0 0 0
-1839 -1293 52 118 127032 0 0 0
407 2659 13 166 221985 0 0 0
-1272 -2488 91 253 251553 0 0 0
-2 2502 23 267 669283 0 0 0
-1891 -2275 282 166 600363 0 0 0
189 -147 207 66 733522 0 0 0
-1737 -2424 206 148 329739 0 0 0
-2286 863 189 274 855248 0 0 0
2691 2442 253 71 135060 0 0 0
-2770 469 15 14 445222 0 0 0
3270 -1702 142 199 216150 0 0 0
323 -1543 63 37 314190 0 0 0
-1662 -1535 219 223 165096 0 0 0
-507 -1539 25 71 120982 0 0 0
63 -1334 235 224 732231 0 0 0
1959 2796 263 91 770782 0 0 0
2472 1812 193 232 512863 0 0 0
983 -210 113 115 860643 0 0 0
2318 1840 209 97 239998 0 0 0
-518 -1381 201 231 935840 0 0 0
-6 2387 63 264 893538 0 0 0
1314 -2465 276 275 767425 0 0 0
3012 -158 144 48 902998 0 0 0
-3063 237 242 70 172940 0 0 0
883 -491 262 3 604544 0 0 0
-1881 -1860 232 273 876524 0 0 0
-3289 3247 267 161 881488 0 0 0
-1210 -2812 47 170 302285 0 0 0
2597 -1574 209 225 691769 0 0 0
-3090 1971 39 206 336131 0 0 0
2945 2616 221 205 185605 0 0 0
-1237 293 80 141 995155 0 0 0
2329 -2143 35 187 837361 0 0 0
-1280 -1095 238 208 203410 0 0 0
3148 2317 125 47 235267 0 0 0
-2321 2187 238 22 723765 0 0 0
-3101 796 127 261 217192 0 0 0
2002 -2598 105 233 533609 0 0 0
1352 2713 10 156 292376 0 0 0
2297 -1068 22 207 484977 0 0 0
442 -3288 71 119 286172 0 0 0
-161 2533 206 34 509703 0 0 0
-2904 -152 236 90 374839 0 0 0
1517 -1929 253 195 386960 0 0 0
