400
-170 -190 28 29 424781 0 0 0
309 134 1 22 136206 0 0 0
6 58 22 38 755155 0 0 0
238 49 36 21 520400 0 0 0
-321 -366 43 37 970417 0 0 0
-66 385 32 36 409880 0 0 0
-31 55 1 18 477456 0 0 0
169 254 4 41 841570 0 0 0
-4 -325 46 39 870150 0 0 0
-366 312 1 25 590958 0 0 0
-325 351 44 36 548171 0 0 0
243 -223 20 39 970892 0 0 0
276 226 28 30 803481 0 0 0
-330 -276 11 42 261015 0 0 0
-272 296 40 8 143771 0 0 0
248 63 50 12 185321 0 0 0
-262 -16 33 22 965996 0 0 0
-120 156 31 11 382536 0 0 0
136 -400 40 21 578469 0 0 0
-296 14 25 1 184985 0 0 0
-302 196 29 17 649272 0 0 0
-291 -142 2 23 454931 0 0 0
225 84 28 36 886127 0 0 0
171 -270 36 43 523365 0 0 0
-237 -209 54 10 922866 0 0 0
205 255 53 23 670046 0 0 0
31 317 34 42 924421 0 0 0
50 218 6 34 645531 0 0 0
152 -129 49 42 392052 0 0 0
228 327 12 1 381323 0 0 0
-107 -94 57 5 770605 0 0 0
-125 -201 28 25 155205 0 0 0
371 -161 49 29 119818 0 0 0
47 -21 19 31 326245 0 0 0
71 61 2 23 364725 0 0 0
81 -375 38 40 798135 0 0 0
-149 -344 31 43 274120 0 0 0
-225 -203 29 4 438925 0 0 0
-38 139 53 23 608135 0 0 0
206 -276 12 5 797828 0 0 0
-173 115 46 9 430626 0 0 0
-27 72 47 26 227632 0 0 0
242 396 49 36 114732 0 0 0
194 -60 1 11 131976 0 0 0
-394 -378 15 31 699182 0 0 0
136 -164 44 19 883705 0 0 0
-48 307 37 17 998801 0 0 0
-259 345 8 30 207874 0 0 0
-292 70 1 18 890294 0 0 0
126 151 18 18 915019 0 0 0
119 252 42 20 734249 0 0 0
1 250 34 6 773270 0 0 0
298 48 55 2 407041 0 0 0
43 -260 29 10 372799 0 0 0
-398 -253 4 1 924030 0 0 0
-74 9 17 30 905894 0 0 0
116 394 24 10 963271 0 0 0
-109 -330 31 22 313244 0 0 0
12 273 3 13 537858 0 0 0
-248 -152 49 42 352081 0 0 0
294 246 16 9 588814 0 0 0
183 19 50 14 904796 0 0 0
-355 57 5 27 129746 0 0 0
280 -155 4 28 651416 0 0 0
151 181 46 42 313730 0 0 0
-234 -342 52 12 417527 0 0 0
145 -169 3 5 848184 0 0 0
-25 165 54 33 467151 0 0 0
-148 218 21 7 916132 0 0 0
-254 -331 55 16 525920 0 0 0
-215 -244 3 25 328610 0 0 0
13 -365 31 17 436601 0 0 0
134 354 5 35 690419 0 0 0
-233 -202 44 31 805366 0 0 0
-242 352 15 23 954403 0 0 0
149 -147 26 14 741927 0 0 0
51 304 41 1 799604 0 0 0
26 365 42 11 628573 0 0 0
-340 -387 24 42 625999 0 0 0
49 328 35 23 295437 0 0 0
-332 -1 34 4 680490 0 0 0
-277 -215 44 43 910999 0 0 0
222 -94 14 27 447298 0 0 0
-386 -128 28 9 802684 0 0 0
172 79 2 11 242729 0 0 0
-336 348 26 30 550649 0 0 0
151 -234 6 24 943772 0 0 0
18 -27 52 11 973906 0 0 0
122 -183 5 37 440706 0 0 0
-205 81 52 3 994650 0 0 0
-37 -1 9 13 682943 0 0 0
329 48 55 2 954911 0 0 0
-308 227 13 44 297128 0 0 0
-213 -286 10 26 869386 0 0 0
-363 -137 36 9 702310 0 0 0
-299 -41 5 21 206298 0 0 0
-111 -67 47 24 890959 0 0 0
-96 67 7 9 895668 0 0 0
296 -324 40 12 250969 0 0 0
9 -58 47 22 335891 0 0 0
-47 158 35 24 233511 0 0 0
-146 339 8 24 380461 0 0 0
-137 -42 16 20 338617 0 0 0
-305 -5 26 39 219823 0 0 0
-159 -302 11 21 953311 0 0 0
305 258 11 32 932149 0 0 0
-193 297 23 4 155609 0 0 0
-270 -345 24 37 219908 0 0 0
157 275 43 9 339790 0 0 0
278 112 29 5 443923 0 0 0
331 -221 51 23 130698 0 0 0
-227 128 44 31 729127 0 0 0
48 60 48 40 990485 0 0 0
-187 378 4 9 205435 0 0 0
-219 272 57 27 402929 0 0 0
60 -77 4 33 128815 0 0 0
-31 -378 40 3 366141 0 0 0
186 159 39 1 668629 0 0 0
266 -314 52 43 240550 0 0 0
-335 59 57 36 983798 0 0 0
-181 -234 32 37 934385 0 0 0
-295 309 15 41 952596 0 0 0
62 -28 36 14 185323 0 0 0
195 -325 27 1 924151 0 0 0
-56 206 42 30 442176 0 0 0
-170 -63 35 13 481710 0 0 0
-277 -268 22 40 479874 0 0 0
-180 -376 44 10 627680 0 0 0
346 -279 22 43 663786 0 0 0
-213 303 52 1 332376 0 0 0
309 230 4 24 634343 0 0 0
-157 252 26 30 574676 0 0 0
33 -132 13 14 198317 0 0 0
-220 340 56 12 111742 0 0 0
337 -64 26 8 398105 0 0 0
91 39 19 34 919299 0 0 0
226 -194 3 5 968943 0 0 0
203 239 56 32 915395 0 0 0
51 19 48 2 282573 0 0 0
-25 234 30 44 234277 0 0 0
-207 21 46 17 254945 0 0 0
-135 219 12 27 809063 0 0 0
-230 -118 6 44 288354 0 0 0
-221 -233 22 4 943357 0 0 0
-277 381 6 1 246400 0 0 0
-44 -46 41 23 605029 0 0 0
-394 332 49 39 821236 0 0 0
-11 263 31 13 885788 0 0 0
-246 108 9 44 539013 0 0 0
-116 -290 57 38 716980 0 0 0
336 160 17 28 109799 0 0 0
280 -28 5 37 685243 0 0 0
44 129 32 42 206866 0 0 0
155 28 8 17 744378 0 0 0
336 43 34 44 523104 0 0 0
198 353 35 12 836759 0 0 0
-203 -208 2 42 782389 0 0 0
373 -386 35 24 182777 0 0 0
-317 119 48 28 616467 0 0 0
298 -365 26 29 541223 0 0 0
17 -94 4 39 301368 0 0 0
276 -192 8 25 348776 0 0 0
-300 -368 11 6 752203 0 0 0
-312 -107 57 30 156451 0 0 0
-137 193 21 18 936333 0 0 0
-198 -16 37 24 750586 0 0 0
369 133 24 27 335465 0 0 0
-369 -149 17 35 957998 0 0 0
307 72 54 7 211354 0 0 0
-114 101 24 23 676550 0 0 0
102 163 56 39 348713 0 0 0
-352 -202 36 44 732106 0 0 0
239 -394 22 11 317812 0 0 0
-299 158 50 1 700259 0 0 0
-218 374 8 20 667859 0 0 0
-58 -58 14 5 945593 0 0 0
294 27 22 19 610068 0 0 0
370 305 22 41 951247 0 0 0
242 -349 20 44 521041 0 0 0
87 -37 16 33 551780 0 0 0
-2 249 33 16 905614 0 0 0
-102 -175 51 33 557746 0 0 0
-364 379 53 33 631595 0 0 0
116 2 21 22 200970 0 0 0
-174 170 42 40 598651 0 0 0
73 274 26 34 918644 0 0 0
9 311 45 37 491716 0 0 0
-47 358 2 13 658192 0 0 0
30 288 12 7 928505 0 0 0
67 132 37 36 429470 0 0 0
-128 -263 54 43 716227 0 0 0
-355 -226 39 4 234981 0 0 0
-145 250 15 44 485072 0 0 0
-102 -340 50 40 659509 0 0 0
356 319 13 43 472316 0 0 0
232 -87 24 21 379807 0 0 0
387 326 46 22 245398 0 0 0
-262 37 27 44 581968 0 0 0
-97 -174 35 38 192487 0 0 0
-47 344 42 14 976413 0 0 0
-76 30 22 44 780824 0 0 0
-27 35 19 34 770299 0 0 0
-282 -39 22 11 541644 0 0 0
-285 -23 15 13 992214 0 0 0
-347 -327 35 15 600481 0 0 0
-350 363 34 18 674620 0 0 0
-255 -264 12 20 844608 0 0 0
-313 -355 37 42 310938 0 0 0
149 -6 3 25 138227 0 0 0
351 332 47 41 789316 0 0 0
-23 271 54 42 583046 0 0 0
83 -37 46 31 181680 0 0 0
-364 -319 42 37 613300 0 0 0
26 -301 31 44 755797 0 0 0
-83 112 21 27 278041 0 0 0
381 229 3 11 769610 0 0 0
218 60 12 12 891256 0 0 0
-94 260 24 30 889973 0 0 0
-224 163 23 14 791689 0 0 0
11 271 24 15 874515 0 0 0
-339 399 27 43 533991 0 0 0
375 -233 38 1 526562 0 0 0
-399 -163 37 21 305900 0 0 0
242 129 9 16 290976 0 0 0
83 -76 19 1 370199 0 0 0
-134 -166 37 33 853320 0 0 0
256 -55 51 40 434748 0 0 0
191 120 34 11 309544 0 0 0
-269 -369 28 1 264273 0 0 0
328 230 4 35 212618 0 0 0
-29 294 12 3 134937 0 0 0
-267 -314 55 27 637341 0 0 0
-285 -165 26 37 343529 0 0 0
-177 84 38 8 850102 0 0 0
-52 -72 36 8 344056 0 0 0
-89 18 15 43 313890 0 0 0
-396 208 24 13 785864 0 0 0
133 -388 12 10 820128 0 0 0
398 343 11 34 267001 0 0 0
217 243 40 25 786889 0 0 0
-209 -176 9 9 746962 0 0 0
217 256 36 13 633215 0 0 0
396 258 19 2 623331 0 0 0
295 11 42 34 958681 0 0 0
69 150 41 20 559515 0 0 0
-57 16 56 7 844477 0 0 0
-1 58 44 28 189863 0 0 0
358 -276 1 12 175725 0 0 0
-10 -284 52 19 366108 0 0 0
318 230 44 15 408104 0 0 0
254 -361 2 43 284626 0 0 0
364 165 22 26 282216 0 0 0
-306 255 18 39 218762 0 0 0
-379 -260 37 31 985985 0 0 0
-72 -356 55 15 863128 0 0 0
-156 -167 10 32 920249 0 0 0
-235 -68 30 25 625906 0 0 0
-172 -322 52 6 840460 0 0 0
-45 -280 37 41 893947 0 0 0
208 -163 40 22 697436 0 0 0
-100 54 15 37 594658 0 0 0
-265 -371 6 40 907509 0 0 0
231 303 41 17 828455 0 0 0
60 -214 38 17 882456 0 0 0
363 -375 39 31 702710 0 0 0
-46 0 34 1 311503 0 0 0
173 375 31 37 696159 0 0 0
-135 234 22 8 467336 0 0 0
-193 -110 28 14 598595 0 0 0
-386 -357 39 30 761881 0 0 0
-221 383 32 30 147754 0 0 0
365 307 16 30 998511 0 0 0
326 377 32 40 263374 0 0 0
162 -40 43 30 987606 0 0 0
-299 214 37 19 323038 0 0 0
6 222 50 15 809736 0 0 0
-388 326 7 40 953326 0 0 0
71 -354 57 44 633978 0 0 0
-295 50 3 16 842413 0 0 0
-238 215 39 42 129141 0 0 0
-184 -37 1 28 148596 0 0 0
212 343 17 9 857747 0 0 0
340 378 57 20 705119 0 0 0
-311 -386 20 2 496539 0 0 0
-51 393 20 11 436197 0 0 0
-112 249 17 8 215574 0 0 0
345 -90 17 2 404541 0 0 0
282 -127 17 35 740832 0 0 0
149 -223 44 39 508570 0 0 0
194 -291 49 17 137657 0 0 0
-47 158 11 13 787829 0 0 0
289 156 16 21 603491 0 0 0
-330 381 35 36 762627 0 0 0
75 123 1 4 253031 0 0 0
-144 -189 5 28 904281 0 0 0
349 66 33 6 197437 0 0 0
-289 -309 41 30 615675 0 0 0
36 280 8 23 984617 0 0 0
-60 -144 9 14 759923 0 0 0
-147 217 20 36 493773 0 0 0
119 -70 25 22 784805 0 0 0
337 -309 10 11 277919 0 0 0
-277 -108 34 17 865205 0 0 0
292 -346 38 29 669489 0 0 0
-324 -105 42 23 127711 0 0 0
63 -273 12 14 473363 0 0 0
345 246 19 10 785982 0 0 0
-183 -45 25 12 176389 0 0 0
-47 -351 49 7 331649 0 0 0
32 82 11 43 393683 0 0 0
-44 -47 50 14 241040 0 0 0
102 59 43 8 653566 0 0 0
-141 321 22 19 883763 0 0 0
-327 -318 56 2 805100 0 0 0
-185 326 24 22 987902 0 0 0
187 -18 33 28 895005 0 0 0
330 -31 28 12 209639 0 0 0
327 -241 10 3 432705 0 0 0
122 342 16 2 222770 0 0 0
246 339 56 43 535974 0 0 0
379 -101 19 20 751519 0 0 0
-236 155 45 14 962395 0 0 0
-323 154 41 32 126639 0 0 0
-367 366 21 44 713805 0 0 0
-191 278 26 19 910297 0 0 0
352 -315 29 12 522796 0 0 0
143 -337 10 42 297705 0 0 0
-170 89 1 44 306613 0 0 0
-54 -355 27 14 945274 0 0 0
-142 -399 39 2 177426 0 0 0
29 -382 23 18 550578 0 0 0
-14 231 18 31 737561 0 0 0
327 -339 42 19 965234 0 0 0
-264 -342 39 9 544579 0 0 0
-365 -62 54 21 448316 0 0 0
183 248 47 7 330620 0 0 0
165 100 39 1 417570 0 0 0
31 145 16 22 902544 0 0 0
240 -150 35 36 804072 0 0 0
277 -245 9 6 855734 0 0 0
146 -108 19 1 432678 0 0 0
-223 210 3 14 859564 0 0 0
323 -283 1 22 800630 0 0 0
-114 31 23 37 132656 0 0 0
-184 349 49 11 463586 0 0 0
-390 -102 50 25 797288 0 0 0
247 -183 49 38 479178 0 0 0
-332 -102 12 19 243718 0 0 0
-191 334 5 34 288326 0 0 0
-167 391 15 31 879894 0 0 0
-281 -68 48 13 829412 0 0 0
378 -230 41 25 551027 0 0 0
359 350 23 16 233658 0 0 0
-253 177 8 7 504208 0 0 0
27 13 26 7 599545 0 0 0
-149 32 36 3 634717 0 0 0
340 -279 20 16 354785 0 0 0
-67 -343 45 6 697390 0 0 0
-269 190 35 10 300777 0 0 0
31 279 29 10 657116 0 0 0
-112 -105 25 42 852350 0 0 0
-399 -248 35 41 915126 0 0 0
187 -102 1 8 371059 0 0 0
282 353 34 17 118392 0 0 0
27 -200 15 34 855909 0 0 0
330 155 45 18 816646 0 0 0
111 27 36 3 185110 0 0 0
363 186 12 30 367996 0 0 0
-253 -307 26 18 961497 0 0 0
-295 -305 8 16 439405 0 0 0
-303 -179 8 44 762306 0 0 0
-299 394 53 8 276741 0 0 0
-394 390 9 29 801963 0 0 0
-238 -346 23 1 683480 0 0 0
-78 316 30 43 788189 0 0 0
110 -206 32 27 997932 0 0 0
295 -224 46 37 673955 0 0 0
329 236 15 43 322388 0 0 0
148 160 30 13 860490 0 0 0
252 310 11 18 282765 0 0 0
313 207 22 2 244654 0 0 0
-44 -20 3 44 925942 0 0 0
273 363 39 43 667108 0 0 0
-158 216 13 1 167039 0 0 0
116 11 54 41 758542 0 0 0
212 23 31 38 846677 0 0 0
99 -144 19 32 837243 0 0 0
-15 -239 51 1 887128 0 0 0
-77 -357 6 7 322985 0 0 0
-359 -349 10 8 501558 0 0 0
-135 -184 50 43 111417 0 0 0
145 -233 30 32 333445 0 0 0
181 292 57 21 723103 0 0 0
337 -199 10 29 116345 0 0 0
214 155 2 11 524926 0 0 0
-166 -361 35 2 984949 0 0 0
310 -357 54 41 831024 0 0 0
15 47 6 3 422448 0 0 0
126 42 5 10 255569 0 0 0
-18 320 23 35 669211 0 0 0
