2400
-1541 -2419 287 209 605143 0 0 0
-655 3290 24 292 886489 0 0 0
2517 2925 120 92 787097 0 0 0
3793 4784 51 202 941716 0 0 0
4551 -2835 184 134 980904 0 0 0
2441 4220 295 180 280266 0 0 0
-2706 -3864 173 56 713684 0 0 0
1393 1061 9 35 430359 0 0 0
3400 -1234 242 101 754988 0 0 0
3126 -4200 372 175 745230 0 0 0
-2520 -1437 33 155 486438 0 0 0
1012 -1552 372 68 925965 0 0 0
2330 -1455 94 367 385531 0 0 0
1368 4520 325 80 469294 0 0 0
-2298 1143 82 315 246076 0 0 0
-3000 -703 65 308 495450 0 0 0
-711 -3442 287 394 121361 0 0 0
-497 51 52 100 752414 0 0 0
2315 -2691 211 7 929397 0 0 0
-4685 -2140 354 367 150774 0 0 0
-4585 -4719 222 111 400316 0 0 0
-2574 -383 176 229 500719 0 0 0
3969 1339 408 5 758895 0 0 0
-306 -2829 309 101 367700 0 0 0
4254 1456 31 204 945012 0 0 0
350 -2245 333 396 994760 0 0 0
-757 1453 177 279 406231 0 0 0
4290 -926 122 111 535913 0 0 0
3068 -4204 275 326 272090 0 0 0
-2752 -1864 162 219 949078 0 0 0
1979 2827 137 306 818027 0 0 0
-3390 -1564 227 334 121390 0 0 0
-2620 -4238 128 13 696315 0 0 0
4123 -3283 217 214 930902 0 0 0
3277 -2560 108 282 466153 0 0 0
2334 3644 369 119 442291 0 0 0
3829 2417 25 76 102047 0 0 0
-1621 -826 39 277 222455 0 0 0
-928 1470 97 256 526951 0 0 0
-2333 409 392 324 516222 0 0 0
-3646 23 59 274 237899 0 0 0
-3830 4430 292 12 101830 0 0 0
4679 -3863 134 148 236610 0 0 0
27 1057 282 368 597234 0 0 0
-3789 4360 200 334 810069 0 0 0
-1370 2577 56 345 327005 0 0 0
-2426 3758 167 328 110328 0 0 0
-2999 -1880 163 380 638534 0 0 0
-3129 -3948 166 309 855602 0 0 0
206 -3003 102 333 417768 0 0 0
-4788 -1372 164 352 320681 0 0 0
4382 -4604 326 87 553836 0 0 0
4475 1967 71 17 478805 0 0 0
4122 -2637 309 178 913782 0 0 0
2592 -3308 284 266 434624 0 0 0
1728 4744 187 236 578457 0 0 0
2433 138 47 341 372894 0 0 0
1628 -3002 374 199 130605 0 0 0
-2712 -2466 176 275 854117 0 0 0
3568 -3356 70 381 918941 0 0 0
-3783 1838 372 174 969312 0 0 0
-1361 3723 377 358 727231 0 0 0
2439 3084 236 394 457657 0 0 0
-2983 -3932 120 373 447437 0 0 0
-3243 2435 338 217 582636 0 0 0
3693 -2925 154 144 103560 0 0 0
167 2660 167 28 858058 0 0 0
-1220 -2924 378 275 614850 0 0 0
2003 -588 26 194 528278 0 0 0
-2337 -710 239 49 425429 0 0 0
-2154 3656 40 245 785882 0 0 0
-3356 491 215 69 107243 0 0 0
1719 -1500 193 164 244004 0 0 0
1814 3293 22 139 276904 0 0 0
-3763 1660 301 203 979198 0 0 0
4030 -3643 407 184 313460 0 0 0
-468 955 383 232 858753 0 0 0
-1136 -2264 125 332 874843 0 0 0
1390 -1029 56 220 919676 0 0 0
-4245 -2835 347 13 895009 0 0 0
3170 -1228 223 64 259976 0 0 0
-4527 3494 259 208 549417 0 0 0
-693 -3339 57 329 792373 0 0 0
-2163 813 282 27 547456 0 0 0
-4424 -850 188 360 856396 0 0 0
-3388 -2411 126 394 193024 0 0 0
-1127 -4082 141 356 907934 0 0 0
2917 2181 177 16 429143 0 0 0
-939 2829 81 349 365607 0 0 0
1813 3039 177 168 957534 0 0 0
4600 -2767 284 273 472735 0 0 0
4317 -87 201 383 984604 0 0 0
4057 -2931 77 258 428267 0 0 0
-4608 1596 163 345 654776 0 0 0
569 -2808 232 146 707812 0 0 0
-4202 3428 360 224 935855 0 0 0
-343 -1511 60 40 353570 0 0 0
4463 3271 355 285 450201 0 0 0
3379 2969 208 360 111817 0 0 0
91 -3744 91 94 235282 0 0 0
3051 -1759 314 284 339863 0 0 0
-2260 254 250 38 957709 0 0 0
1887 -2803 18 236 245378 0 0 0
4751 483 311 53 335903 0 0 0
-1810 3211 259 384 981912 0 0 0
1590 -2284 373 306 302568 0 0 0
-4207 2702 309 6 949410 0 0 0
-1977 2133 17 84 436574 0 0 0
1881 -2663 271 355 595422 0 0 0
-2630 -3880 227 259 901911 0 0 0
-2952 1845 218 22 562173 0 0 0
2950 -2933 131 336 474746 0 0 0
1919 -60 90 99 369455 0 0 0
589 1897 62 154 463898 0 0 0
-3068 610 300 27 414529 0 0 0
-3088 -4612 309 141 766400 0 0 0
-4617 -1379 388 179 961433 0 0 0
3680 1201 169 208 187399 0 0 0
2152 -4092 297 90 350977 0 0 0
2765 4539 213 2 446410 0 0 0
1183 1553 82 135 413075 0 0 0
1509 -1424 61 170 747405 0 0 0
160 4455 303 313 476123 0 0 0
2470 3594 295 278 299891 0 0 0
-597 -4787 167 225 970360 0 0 0
3500 3956 400 207 186260 0 0 0
-104 -2522 400 137 148731 0 0 0
-605 -3875 125 250 959767 0 0 0
4328 -3152 269 314 492486 0 0 0
3121 1136 60 318 977867 0 0 0
4671 2005 328 236 520012 0 0 0
-580 3591 108 119 515687 0 0 0
-4065 -4623 145 224 333430 0 0 0
1257 -628 100 47 120591 0 0 0
-225 2090 126 185 337253 0 0 0
-4184 -3091 167 54 536367 0 0 0
1611 -4491 347 356 760528 0 0 0
2492 4610 242 218 430565 0 0 0
-2133 4682 320 129 483956 0 0 0
432 -1943 387 235 197801 0 0 0
2403 2378 31 208 535273 0 0 0
3715 -969 86 193 579090 0 0 0
808 -1235 304 241 602715 0 0 0
-679 1181 230 15 549025 0 0 0
-3374 -2061 160 126 103842 0 0 0
-3083 -3574 183 357 791206 0 0 0
-4629 2994 280 327 201628 0 0 0
-1232 -4645 32 258 713165 0 0 0
-355 -895 402 340 585347 0 0 0
2496 -4299 300 332 133008 0 0 0
-4784 -224 58 63 722597 0 0 0
443 4184 281 297 484107 0 0 0
-682 839 274 313 942392 0 0 0
928 -1139 311 86 922491 0 0 0
376 868 225 151 288885 0 0 0
-1210 -3329 370 368 514753 0 0 0
-3224 -708 390 280 545531 0 0 0
-2709 642 381 198 709388 0 0 0
-306 -2371 264 67 602348 0 0 0
3214 -1639 263 65 335822 0 0 0
339 1298 244 24 307248 0 0 0
-352 105 181 149 544273 0 0 0
649 1101 148 315 631269 0 0 0
-1267 3559 15 263 840482 0 0 0
-4122 3395 102 251 586068 0 0 0
-327 1444 131 70 280448 0 0 0
-1806 -2014 175 255 393103 0 0 0
-126 -2861 339 161 707774 0 0 0
-3076 -4613 37 119 175303 0 0 0
-2563 2164 392 335 187628 0 0 0
-1889 4646 216 158 722899 0 0 0
-4238 -426 165 375 680373 0 0 0
-1996 -1841 247 51 975849 0 0 0
4095 4444 263 151 755389 0 0 0
-370 -2235 402 349 751517 0 0 0
-2321 -3992 145 172 803144 0 0 0
-2777 2785 229 370 677330 0 0 0
3683 956 365 26 716782 0 0 0
2106 -3757 324 298 816372 0 0 0
3429 -4323 123 318 280134 0 0 0
3746 3572 101 120 293863 0 0 0
1061 2096 201 15 160893 0 0 0
-4010 474 96 304 766799 0 0 0
-634 -3797 129 305 314132 0 0 0
121 2749 4 50 339943 0 0 0
3819 -2901 16 186 877165 0 0 0
660 -2568 112 313 768641 0 0 0
4011 -1213 225 21 832308 0 0 0
1576 -750 103 320 523998 0 0 0
-3561 -1579 274 56 244282 0 0 0
-3896 -4703 268 353 692591 0 0 0
1386 -3078 269 353 235767 0 0 0
2302 155 255 372 826068 0 0 0
4547 -4444 33 28 374527 0 0 0
-2616 2009 207 15 496638 0 0 0
1824 933 351 293 905600 0 0 0
-3698 1669 95 375 717214 0 0 0
4190 2007 334 198 477455 0 0 0
-1979 2221 225 340 645273 0 0 0
1317 4331 181 387 591846 0 0 0
-3796 -4655 85 128 729021 0 0 0
-3771 -3880 309 40 328955 0 0 0
-2215 -2263 18 46 156631 0 0 0
-4349 1906 162 99 925412 0 0 0
2438 -3523 133 106 338438 0 0 0
1264 4760 336 333 787245 0 0 0
1799 4731 49 105 139124 0 0 0
1001 -78 233 128 904351 0 0 0
-4689 -206 139 314 298600 0 0 0
686 862 66 300 285010 0 0 0
-2875 -3386 366 360 712380 0 0 0
4349 3466 133 283 476921 0 0 0
-2466 2469 363 233 110747 0 0 0
-1479 999 195 126 524037 0 0 0
-2696 2004 375 184 725843 0 0 0
-4768 -3722 390 372 466728 0 0 0
-2238 1515 344 251 875329 0 0 0
-4212 1537 148 245 244805 0 0 0
-4188 -4415 246 211 857841 0 0 0
1000 -2692 380 23 397293 0 0 0
-4595 -3115 114 230 783965 0 0 0
-78 3317 276 222 259649 0 0 0
-738 -1607 191 157 403409 0 0 0
-2230 -671 25 36 393505 0 0 0
-2881 1208 173 266 355768 0 0 0
-383 -237 184 211 183957 0 0 0
4023 -4640 88 279 129661 0 0 0
-4672 -1219 138 173 236774 0 0 0
-1227 601 102 224 169346 0 0 0
2258 4064 80 275 323911 0 0 0
1534 -1310 71 29 861703 0 0 0
-2505 1519 209 6 853820 0 0 0
2613 2925 98 282 143542 0 0 0
283 4185 225 385 969945 0 0 0
3380 -4155 100 272 225590 0 0 0
4 -2555 365 63 701547 0 0 0
-3515 -1839 299 316 900190 0 0 0
4403 -783 21 169 640966 0 0 0
4714 -4141 142 208 558313 0 0 0
-4113 -4011 266 254 832190 0 0 0
1620 3571 311 358 224970 0 0 0
-2283 -1452 356 386 908687 0 0 0
-4775 -519 162 170 366135 0 0 0
-1040 3808 169 286 541384 0 0 0
-696 -3257 286 316 618636 0 0 0
-176 -3916 289 298 524841 0 0 0
-1000 -3004 355 63 791109 0 0 0
1312 -2427 140 308 925370 0 0 0
2539 913 387 165 633547 0 0 0
-4231 -3532 114 132 259695 0 0 0
738 503 18 247 994157 0 0 0
-469 1179 81 110 722784 0 0 0
3085 1592 213 268 108391 0 0 0
2456 4697 24 145 122045 0 0 0
-2216 -3020 57 105 549948 0 0 0
-816 2617 111 256 367737 0 0 0
-4043 2794 18 360 456027 0 0 0
3150 -22 192 206 790722 0 0 0
2678 -3438 285 6 764104 0 0 0
-120 -3469 135 341 620898 0 0 0
-329 -4758 253 54 353451 0 0 0
-2041 -2318 64 114 858942 0 0 0
2088 -2042 99 208 406347 0 0 0
-662 -3115 25 122 407867 0 0 0
-2045 2944 349 145 873003 0 0 0
3415 -2916 20 329 272739 0 0 0
-3558 -2133 283 4 252512 0 0 0
1819 3322 58 55 254325 0 0 0
2922 1475 17 8 160273 0 0 0
-4160 2381 324 124 293783 0 0 0
4333 1390 138 84 705588 0 0 0
1614 4268 208 302 715388 0 0 0
-1869 808 327 171 730110 0 0 0
1306 2538 265 53 537967 0 0 0
-1855 -1065 241 332 559893 0 0 0
704 2665 378 248 347965 0 0 0
-3846 230 400 83 230431 0 0 0
-232 -3059 365 244 875921 0 0 0
1975 288 263 284 240811 0 0 0
-832 1079 9 332 193135 0 0 0
24 -399 116 203 775529 0 0 0
-2866 -2161 21 308 992267 0 0 0
-1318 1844 41 113 688123 0 0 0
-1935 221 161 15 351172 0 0 0
1446 4204 267 332 163344 0 0 0
-4026 4499 239 358 422233 0 0 0
2702 -779 269 312 427258 0 0 0
-3127 3706 28 395 829179 0 0 0
-2208 3081 287 228 883418 0 0 0
2685 2181 148 352 474464 0 0 0
3914 2229 189 305 457562 0 0 0
-3408 -2711 95 204 499115 0 0 0
-1790 -3563 154 365 753424 0 0 0
-2873 986 190 356 729741 0 0 0
-4476 -764 288 23 380702 0 0 0
2781 463 330 324 938105 0 0 0
1391 1144 289 20 435462 0 0 0
4311 -103 40 278 250595 0 0 0
79 531 94 112 881929 0 0 0
2574 1792 327 54 224701 0 0 0
3936 -4114 133 181 767950 0 0 0
126 -4695 196 17 478012 0 0 0
2654 479 182 337 886341 0 0 0
1124 2190 272 278 794718 0 0 0
2974 3240 377 175 848582 0 0 0
2226 2957 371 140 668211 0 0 0
2270 -3962 92 110 503370 0 0 0
-3089 -1001 160 205 341620 0 0 0
-4513 -2539 27 318 396752 0 0 0
1290 4309 304 373 515029 0 0 0
-1433 -3042 119 50 823298 0 0 0
3793 203 393 281 278876 0 0 0
55 2954 227 155 104760 0 0 0
2699 4690 383 103 389360 0 0 0
887 -3088 303 172 478759 0 0 0
3706 2758 95 372 336120 0 0 0
2592 1554 110 370 294767 0 0 0
-2297 4115 18 49 659922 0 0 0
-4 -296 124 92 863838 0 0 0
-1096 4150 271 91 565459 0 0 0
1528 -1238 322 93 671919 0 0 0
3960 -3774 146 264 767601 0 0 0
-4072 3193 44 209 307848 0 0 0
2726 2738 366 155 854768 0 0 0
2842 3947 107 7 429689 0 0 0
-4273 -553 202 142 687073 0 0 0
3986 -3568 166 286 705983 0 0 0
-567 2618 146 292 521064 0 0 0
-3181 279 160 363 751563 0 0 0
-3828 -3039 235 329 541027 0 0 0
-1297 4099 13 364 595081 0 0 0
432 672 15 252 357600 0 0 0
-1688 -652 108 163 264610 0 0 0
-928 4286 335 348 934766 0 0 0
3827 1340 288 102 852610 0 0 0
-466 -2982 48 219 625412 0 0 0
-2616 1120 20 308 783299 0 0 0
-106 -2123 144 171 860181 0 0 0
-1075 -1367 408 260 426866 0 0 0
-2757 -2929 302 156 529986 0 0 0
2928 1172 222 78 221271 0 0 0
-1267 2598 333 137 346156 0 0 0
2385 2319 363 217 441158 0 0 0
-3779 -1412 366 214 370431 0 0 0
2369 4216 365 106 290361 0 0 0
2548 -1840 404 212 801398 0 0 0
-155 3265 88 114 827153 0 0 0
-1775 1165 22 94 394518 0 0 0
-1809 3653 75 106 232501 0 0 0
1723 -2266 357 201 766497 0 0 0
1352 -2388 94 23 522948 0 0 0
-3588 1975 290 388 431269 0 0 0
-626 -2627 360 38 964373 0 0 0
-795 -864 190 274 511175 0 0 0
-1721 -1199 198 388 316151 0 0 0
137 -4528 277 317 121010 0 0 0
522 3966 146 362 265304 0 0 0
-2908 -4240 382 190 198995 0 0 0
-1039 1227 159 369 978282 0 0 0
3011 851 1 193 894497 0 0 0
-3368 2679 307 99 203539 0 0 0
3674 1950 365 221 414485 0 0 0
-1990 -3612 356 163 178440 0 0 0
3367 3257 96 29 355530 0 0 0
-1059 1472 371 125 841280 0 0 0
-303 -4701 64 81 108781 0 0 0
-4779 -2522 70 301 482152 0 0 0
-4087 -3672 12 176 789494 0 0 0
-3415 -1795 65 106 355240 0 0 0
-3852 2864 290 380 979655 0 0 0
-991 4085 315 118 745942 0 0 0
1989 2830 207 132 781944 0 0 0
4308 -34 15 77 248567 0 0 0
3717 4355 73 294 440568 0 0 0
-3870 -1034 408 234 577465 0 0 0
-4439 2104 224 198 772255 0 0 0
-2274 287 195 181 701040 0 0 0
2712 -1103 242 132 207954 0 0 0
4081 3738 53 380 305888 0 0 0
-995 4007 209 260 383335 0 0 0
-2649 -4222 95 261 321031 0 0 0
-4315 1605 338 93 850242 0 0 0
4684 -2618 98 251 863198 0 0 0
4223 -1374 112 259 412499 0 0 0
1303 -1362 375 145 274149 0 0 0
-3763 1083 8 124 471197 0 0 0
-3871 3805 327 365 752788 0 0 0
-2429 2075 32 37 362503 0 0 0
1608 -4177 315 238 797345 0 0 0
502 -3691 127 147 150613 0 0 0
-2831 -3721 362 125 220300 0 0 0
-2077 -3568 126 321 326202 0 0 0
490 -4744 239 239 930926 0 0 0
-2533 -3740 408 227 400645 0 0 0
-3734 980 315 273 786615 0 0 0
-4430 -3179 42 349 821500 0 0 0
638 4240 294 386 585907 0 0 0
-1062 1178 312 111 183007 0 0 0
2951 -1653 260 144 159961 0 0 0
3433 2007 256 331 494452 0 0 0
3446 3173 318 340 301655 0 0 0
1418 1399 135 262 274554 0 0 0
2432 1276 20 179 364435 0 0 0
-2231 -3919 35 264 967266 0 0 0
3019 -2685 300 319 322821 0 0 0
-3874 3824 113 22 180977 0 0 0
922 3504 182 289 667858 0 0 0
1747 -8 103 340 724731 0 0 0
-1030 -1136 123 164 602976 0 0 0
-4082 -2363 73 235 834400 0 0 0
954 3006 76 190 917855 0 0 0
4790 903 124 23 424130 0 0 0
-3606 -2741 217 326 881084 0 0 0
-482 414 194 316 781097 0 0 0
-4084 -3759 97 271 942788 0 0 0
-3713 116 39 182 369414 0 0 0
-4350 168 187 146 617352 0 0 0
574 4502 368 289 136820 0 0 0
-156 -664 155 262 739731 0 0 0
280 -1052 293 76 245491 0 0 0
2800 -1909 333 83 503607 0 0 0
-1795 2455 122 223 140655 0 0 0
3004 3883 206 316 875102 0 0 0
3008 -1873 222 73 455627 0 0 0
1556 2453 283 271 470190 0 0 0
-1032 807 217 298 876784 0 0 0
-462 -3665 51 266 612196 0 0 0
-555 -3567 251 321 762304 0 0 0
-3277 -2906 347 191 962942 0 0 0
-3346 1244 357 237 453662 0 0 0
-4540 1996 162 239 608987 0 0 0
948 4038 397 278 451309 0 0 0
3608 280 373 202 824468 0 0 0
2757 -423 372 376 273327 0 0 0
1955 129 276 395 312961 0 0 0
3985 3535 307 58 596617 0 0 0
3573 -3013 246 258 786464 0 0 0
545 990 303 123 608649 0 0 0
-2831 1839 63 132 394093 0 0 0
3131 3079 89 152 218548 0 0 0
4580 1518 399 139 418663 0 0 0
-3827 -3891 163 140 478614 0 0 0
4207 -771 205 164 704381 0 0 0
-4641 -1441 384 383 905455 0 0 0
-1567 197 114 387 502624 0 0 0
-3973 1448 371 208 282201 0 0 0
-4745 201 130 393 882682 0 0 0
1836 -4575 220 122 922812 0 0 0
1031 -2148 85 321 169796 0 0 0
3886 4660 206 316 497897 0 0 0
1180 937 48 172 321846 0 0 0
2192 602 390 239 397862 0 0 0
-2396 3205 376 70 631130 0 0 0
-4387 -3071 366 160 827478 0 0 0
911 -2295 149 3 411454 0 0 0
-1411 -38 95 183 972348 0 0 0
-2319 -3420 125 356 812104 0 0 0
3744 -135 250 106 910584 0 0 0
609 -1306 99 19 617615 0 0 0
1680 -3313 23 12 240229 0 0 0
2229 4289 330 131 513695 0 0 0
-1871 -4246 135 104 190027 0 0 0
-235 11 246 321 462534 0 0 0
-2706 1840 301 258 792734 0 0 0
-884 253 1 298 799833 0 0 0
758 2541 191 14 580574 0 0 0
-3625 3477 374 262 812926 0 0 0
-4359 -2904 350 340 589721 0 0 0
-4746 -2800 389 86 529700 0 0 0
2013 -3109 218 245 340682 0 0 0
304 1674 265 24 250179 0 0 0
-363 4588 318 10 594594 0 0 0
344 -1999 38 143 930625 0 0 0
641 -1894 382 255 812681 0 0 0
183 -1478 389 378 898815 0 0 0
2295 -4189 354 77 544198 0 0 0
-1452 3000 316 118 240918 0 0 0
736 -45 367 116 675399 0 0 0
1712 -4041 201 247 415006 0 0 0
680 -3839 373 157 261837 0 0 0
4662 2101 235 376 446006 0 0 0
4321 1313 173 248 470156 0 0 0
-3866 3610 364 180 701724 0 0 0
4285 4473 9 1 182608 0 0 0
-4709 -188 105 314 790572 0 0 0
-2448 -3717 186 5 802419 0 0 0
2734 -4041 258 274 974311 0 0 0
-2449 -1485 124 68 101792 0 0 0
2387 -2451 268 363 367304 0 0 0
-2164 -2446 190 396 496162 0 0 0
-3196 88 32 41 308216 0 0 0
1451 2655 145 195 978553 0 0 0
2091 4194 72 244 492672 0 0 0
697 2775 35 319 952738 0 0 0
-476 -3318 60 78 776829 0 0 0
-2863 1078 380 166 878321 0 0 0
17 -2407 31 82 992074 0 0 0
166 1259 361 184 268430 0 0 0
-3172 -1022 7 66 432941 0 0 0
-2877 1150 256 80 124747 0 0 0
1787 -2548 174 42 702067 0 0 0
2960 2874 190 40 135239 0 0 0
-3836 3644 200 367 412447 0 0 0
-1825 3854 275 276 625820 0 0 0
-3207 2115 402 95 713438 0 0 0
564 -4553 58 81 753385 0 0 0
-4216 -620 271 237 758010 0 0 0
-2154 3797 79 54 714674 0 0 0
-2766 2813 259 179 673239 0 0 0
-4680 3882 97 91 594763 0 0 0
-3462 3645 209 45 782357 0 0 0
-3431 3957 302 39 181791 0 0 0
3786 -1994 192 183 673423 0 0 0
1751 -3585 233 246 569669 0 0 0
-1344 88 252 272 546571 0 0 0
-4264 2541 138 111 960034 0 0 0
4080 2862 254 231 821000 0 0 0
855 -81 355 248 931920 0 0 0
-1281 -2293 383 312 856987 0 0 0
-2918 -4057 234 272 760128 0 0 0
2266 -2823 156 160 266151 0 0 0
-3100 671 350 119 530125 0 0 0
-4129 1618 152 152 723642 0 0 0
230 4419 246 114 502533 0 0 0
3395 -284 105 340 529682 0 0 0
-1105 3610 2 209 518316 0 0 0
-1228 2418 18 306 860923 0 0 0
-1591 -1432 297 103 373735 0 0 0
4631 3980 127 278 950562 0 0 0
4287 -2194 233 168 297384 0 0 0
-2931 -4726 291 149 976281 0 0 0
2503 -1858 224 286 850716 0 0 0
-937 -4465 118 362 577873 0 0 0
2687 -1680 335 30 707264 0 0 0
3291 663 343 34 606286 0 0 0
2821 2944 51 149 202904 0 0 0
-2856 1626 121 346 876937 0 0 0
4034 4511 1 128 959156 0 0 0
-784 -4358 387 158 953251 0 0 0
-514 -2826 2 112 614475 0 0 0
-515 -4077 248 46 215593 0 0 0
-2302 -2901 333 82 439973 0 0 0
-2969 -2994 65 2 931698 0 0 0
-4597 3459 374 372 436820 0 0 0
2430 717 109 291 229480 0 0 0
3739 1285 216 165 335793 0 0 0
2872 3855 257 357 673736 0 0 0
-2500 4662 42 156 321088 0 0 0
-651 -2003 150 243 967709 0 0 0
-2986 -3285 327 97 900357 0 0 0
-3631 2592 147 87 218896 0 0 0
-458 -2816 257 382 478201 0 0 0
2233 -3168 25 273 653420 0 0 0
1465 -1958 130 152 488914 0 0 0
-970 -1435 170 132 309940 0 0 0
-4785 -1262 354 279 846117 0 0 0
-2089 -4446 148 349 243118 0 0 0
-3908 -469 284 394 942602 0 0 0
-4308 -346 37 202 420741 0 0 0
-1724 -3826 73 311 837659 0 0 0
-3645 1189 407 154 722205 0 0 0
3207 3936 200 66 763637 0 0 0
812 -3117 315 22 434975 0 0 0
4678 -1290 65 80 307853 0 0 0
2341 -290 197 321 462554 0 0 0
1403 -609 229 373 196883 0 0 0
-3925 695 334 183 674180 0 0 0
-2965 -3149 311 45 629871 0 0 0
-559 865 241 120 587154 0 0 0
-746 -3526 208 194 538683 0 0 0
2953 -3402 6 352 381612 0 0 0
-293 1891 88 45 375664 0 0 0
632 -4332 149 372 715684 0 0 0
2667 4707 36 140 265158 0 0 0
-2399 -2508 27 14 113712 0 0 0
1066 -677 223 30 924184 0 0 0
2300 4368 94 91 381877 0 0 0
-2251 -2648 228 212 114744 0 0 0
-4489 -368 142 150 640666 0 0 0
2097 -1794 148 319 945361 0 0 0
390 -863 108 203 351116 0 0 0
-3424 -3763 270 25 517306 0 0 0
4499 -2762 289 256 649802 0 0 0
920 2369 13 367 477580 0 0 0
3993 2864 303 178 421563 0 0 0
-4230 -3378 342 364 200510 0 0 0
141 -3925 66 299 417730 0 0 0
-1166 -912 127 131 338019 0 0 0
-3861 -1621 372 240 814461 0 0 0
-2026 -2277 328 48 322042 0 0 0
-2915 2840 140 341 606941 0 0 0
1477 2807 99 376 383450 0 0 0
-3779 909 191 30 585449 0 0 0
-3237 1947 338 105 602616 0 0 0
330 1219 288 60 305985 0 0 0
-4547 -882 359 359 821786 0 0 0
1184 1161 347 225 763606 0 0 0
194 -4123 375 373 851446 0 0 0
427 1362 123 262 258104 0 0 0
3011 1561 197 273 893577 0 0 0
739 3640 253 301 614101 0 0 0
3804 3182 16 56 755246 0 0 0
-1784 -788 398 321 262432 0 0 0
1595 -3026 272 347 431545 0 0 0
-4076 960 161 97 450225 0 0 0
1995 904 200 191 969817 0 0 0
326 2225 280 166 660206 0 0 0
3175 -3184 52 339 567840 0 0 0
1846 1656 115 360 700063 0 0 0
1918 -2572 247 164 186920 0 0 0
3131 2278 191 143 283604 0 0 0
-778 -4194 289 194 392190 0 0 0
-3538 -4243 276 206 212631 0 0 0
-3618 -2478 186 23 302088 0 0 0
-902 -1715 372 1 268841 0 0 0
-899 -3203 262 133 797983 0 0 0
-3254 -1982 254 389 462301 0 0 0
-3574 3539 141 220 427532 0 0 0
4715 -798 169 19 374232 0 0 0
-1937 2471 387 395 730802 0 0 0
-3778 -3730 337 8 832559 0 0 0
363 -1986 388 115 949530 0 0 0
-2582 4660 374 58 778011 0 0 0
-1633 1684 190 276 171405 0 0 0
-1576 618 254 337 649424 0 0 0
-1610 4413 193 18 424451 0 0 0
3799 1915 155 369 231805 0 0 0
1029 -1280 301 47 457022 0 0 0
1853 1116 109 158 871793 0 0 0
1987 -3848 63 377 789501 0 0 0
995 -4378 406 307 695246 0 0 0
1099 2009 333 182 305571 0 0 0
-1143 1173 138 275 490111 0 0 0
-2655 2959 205 204 841562 0 0 0
-4311 3756 36 186 966247 0 0 0
-71 -1469 379 15 381474 0 0 0
3958 -4016 170 239 318208 0 0 0
-1748 2764 408 292 672847 0 0 0
3959 -3372 202 242 485596 0 0 0
4008 -1309 136 371 379363 0 0 0
-1752 -3497 14 97 992176 0 0 0
1954 2754 39 347 668363 0 0 0
-3311 2100 264 49 442264 0 0 0
4223 -3597 173 253 820815 0 0 0
97 4211 117 13 106437 0 0 0
3128 3365 20 75 204687 0 0 0
3288 -4506 311 229 565180 0 0 0
-4565 -1768 213 260 198662 0 0 0
3984 -1104 39 185 384638 0 0 0
2596 4140 53 39 969718 0 0 0
568 251 334 376 931676 0 0 0
-508 -2757 129 1 416151 0 0 0
2137 4543 196 307 481238 0 0 0
-3808 1993 99 210 779922 0 0 0
1804 -4204 17 162 267185 0 0 0
-2903 754 104 371 172914 0 0 0
3946 226 271 46 472744 0 0 0
2190 -4182 66 326 241681 0 0 0
-1466 796 287 370 977732 0 0 0
3785 1992 204 346 374374 0 0 0
-2867 73 98 215 748024 0 0 0
-904 -836 75 378 855218 0 0 0
-2635 -2375 362 135 355887 0 0 0
-4496 3166 130 388 935842 0 0 0
-2337 -4644 151 97 992606 0 0 0
-2029 -3561 393 144 219038 0 0 0
1076 -1379 120 36 848640 0 0 0
177 -1678 354 93 459931 0 0 0
3260 3483 294 11 589219 0 0 0
681 145 361 4 311409 0 0 0
1088 -4274 332 281 297051 0 0 0
1355 -4431 318 393 191979 0 0 0
-2582 -1878 176 369 941981 0 0 0
1199 2936 293 193 879401 0 0 0
4795 -875 370 131 501447 0 0 0
2276 1149 266 95 861730 0 0 0
1551 2981 80 214 897322 0 0 0
2351 -3218 190 74 530767 0 0 0
-4347 -3894 336 30 132098 0 0 0
1755 -1951 131 31 538939 0 0 0
2999 -3977 25 347 569692 0 0 0
-550 2340 114 374 741798 0 0 0
3654 922 177 131 578693 0 0 0
1402 -2203 199 396 369146 0 0 0
3796 681 30 315 955682 0 0 0
1053 2390 37 137 660120 0 0 0
-1153 -1430 263 314 775766 0 0 0
3937 1652 363 33 920366 0 0 0
-3285 1140 361 233 159749 0 0 0
2923 2682 19 214 829879 0 0 0
-4301 1472 316 130 823918 0 0 0
768 -148 124 160 924667 0 0 0
-4022 4535 220 248 782829 0 0 0
-4709 -4583 334 141 263775 0 0 0
-1876 447 131 149 668930 0 0 0
4610 -1560 381 281 753755 0 0 0
-2161 -2271 303 340 645017 0 0 0
3386 1350 161 141 715173 0 0 0
-1724 -2926 82 238 969997 0 0 0
3898 500 200 171 851472 0 0 0
719 4287 348 208 144042 0 0 0
3207 337 148 154 405151 0 0 0
-2315 1600 359 49 985660 0 0 0
1469 3951 99 111 187547 0 0 0
-2489 3652 21 308 196978 0 0 0
-4009 3156 304 206 534868 0 0 0
1891 -2573 221 297 675285 0 0 0
-1398 -1992 123 330 956086 0 0 0
-4091 -3150 381 285 258164 0 0 0
-2643 -166 310 92 647075 0 0 0
3522 -4572 81 361 725252 0 0 0
3028 -4061 388 335 491135 0 0 0
3223 4103 405 154 807922 0 0 0
1463 196 5 353 467065 0 0 0
-1238 109 101 92 372661 0 0 0
2191 2786 81 37 620908 0 0 0
543 -535 252 232 774813 0 0 0
-3960 -4724 59 192 406658 0 0 0
-3273 -3603 73 166 235455 0 0 0
-595 1825 283 93 586966 0 0 0
-2557 -3137 198 302 737202 0 0 0
-527 1925 180 292 657490 0 0 0
1008 2740 14 245 816868 0 0 0
1181 800 328 198 503360 0 0 0
699 1873 148 332 949637 0 0 0
1022 410 74 66 265492 0 0 0
2269 2276 285 354 535623 0 0 0
-3732 -4447 231 5 207110 0 0 0
-4136 -1895 317 254 142802 0 0 0
1143 4609 339 181 959481 0 0 0
-4534 -2181 90 27 289652 0 0 0
106 -227 319 8 974875 0 0 0
1220 695 181 10 727852 0 0 0
2175 4392 265 317 781045 0 0 0
3158 -2394 168 263 353582 0 0 0
-4650 -3670 87 160 688305 0 0 0
-1236 4113 157 296 347713 0 0 0
3176 -2112 385 347 776303 0 0 0
-4321 -2606 123 222 777907 0 0 0
1295 -2801 53 8 569606 0 0 0
-434 -1941 379 348 490538 0 0 0
-2439 1984 138 147 803632 0 0 0
-2741 -3438 123 103 481681 0 0 0
3750 -3366 178 352 373418 0 0 0
1622 1026 36 166 970779 0 0 0
-1184 -2658 175 342 120267 0 0 0
3050 2365 226 250 666282 0 0 0
-2997 -1416 304 284 320492 0 0 0
2330 -4027 397 35 889781 0 0 0
2294 -884 24 247 793696 0 0 0
2618 -2940 287 206 441168 0 0 0
3387 3283 360 321 570895 0 0 0
4725 -903 80 87 809077 0 0 0
-511 442 10 160 199876 0 0 0
1430 -2862 33 98 474850 0 0 0
-4042 -1958 232 228 249015 0 0 0
1501 -66 95 164 510454 0 0 0
-3354 -3508 115 4 641227 0 0 0
-1778 -1929 226 308 561331 0 0 0
-4646 4324 219 88 417581 0 0 0
-1892 112 217 196 583065 0 0 0
-3604 -1029 315 288 683439 0 0 0
-2511 -220 206 71 435061 0 0 0
638 1838 178 9 650415 0 0 0
-2109 3027 13 206 996788 0 0 0
-2087 -2769 119 143 951283 0 0 0
3224 3892 244 109 635658 0 0 0
-1703 2 84 189 472538 0 0 0
-3803 517 377 34 964400 0 0 0
-1027 -311 147 379 733017 0 0 0
-415 -3845 345 233 443367 0 0 0
4436 -2969 145 340 788250 0 0 0
-1315 -662 276 231 813611 0 0 0
4269 1123 148 191 294947 0 0 0
3037 2540 336 13 213817 0 0 0
4591 -574 376 148 245287 0 0 0
-2612 1390 240 134 403836 0 0 0
69 2953 408 393 200205 0 0 0
1910 373 52 129 843282 0 0 0
-4271 707 168 384 575274 0 0 0
3673 -1664 123 47 311126 0 0 0
-1007 -4477 354 308 736881 0 0 0
-190 3818 84 133 609348 0 0 0
-2660 -417 68 34 379586 0 0 0
-464 -437 261 183 225155 0 0 0
-265 -4561 172 120 573558 0 0 0
765 -3632 264 45 508899 0 0 0
-734 95 264 232 949189 0 0 0
-4283 -2428 16 126 337812 0 0 0
-851 -2852 294 98 805653 0 0 0
4335 4475 123 67 182164 0 0 0
2662 475 384 278 279454 0 0 0
3929 1087 390 387 290214 0 0 0
2577 -3728 91 369 732720 0 0 0
-3307 4153 201 314 990644 0 0 0
1470 -822 138 315 900743 0 0 0
460 2732 71 271 965714 0 0 0
-1212 -2167 209 54 112317 0 0 0
-3846 -1460 199 114 919618 0 0 0
-3256 -3145 230 38 541515 0 0 0
2521 2605 319 345 588549 0 0 0
-2949 -82 85 225 109796 0 0 0
-2100 -4238 300 202 424047 0 0 0
-2775 -2985 348 125 948892 0 0 0
-3832 560 331 335 797479 0 0 0
-1691 -1395 224 83 385797 0 0 0
3165 4408 191 102 123727 0 0 0
-1104 2225 309 375 708607 0 0 0
-4221 -1040 389 381 561918 0 0 0
2676 714 395 376 191442 0 0 0
3522 3226 344 366 254717 0 0 0
-3508 -2525 115 251 496330 0 0 0
1735 908 311 70 651728 0 0 0
2148 -179 269 20 172799 0 0 0
-2509 571 350 191 480262 0 0 0
2601 -1642 172 103 783385 0 0 0
-4737 132 132 135 109664 0 0 0
-3515 3907 326 133 701335 0 0 0
3521 -3464 229 196 866348 0 0 0
1045 4052 107 156 791688 0 0 0
1410 3103 150 206 587041 0 0 0
4490 3699 399 73 641373 0 0 0
3986 1208 298 103 589516 0 0 0
-2786 2895 23 260 646343 0 0 0
1903 189 357 92 179067 0 0 0
-4327 883 140 225 134357 0 0 0
1274 585 212 67 563997 0 0 0
3013 301 323 283 596390 0 0 0
-2092 3056 378 226 551244 0 0 0
-1546 -216 67 254 369263 0 0 0
1605 -900 22 59 869734 0 0 0
-585 4674 25 4 471388 0 0 0
3975 -3181 205 286 301472 0 0 0
1191 -3606 42 183 996377 0 0 0
3920 3249 116 282 605068 0 0 0
-2454 -2178 21 339 915193 0 0 0
-1264 1277 60 233 804886 0 0 0
-36 764 371 329 478434 0 0 0
940 -614 112 85 928444 0 0 0
2326 -434 197 252 536455 0 0 0
2693 -4393 295 312 103068 0 0 0
-2979 4572 223 229 622855 0 0 0
3460 693 93 55 320993 0 0 0
-4418 -1054 318 20 353229 0 0 0
3635 3711 296 305 795890 0 0 0
-495 -4704 38 210 113123 0 0 0
-255 1953 65 250 936223 0 0 0
3378 1104 159 129 892112 0 0 0
2693 4488 120 200 804851 0 0 0
-1952 -440 8 154 936203 0 0 0
-1904 4166 304 193 477781 0 0 0
4268 -1151 198 77 191932 0 0 0
-1977 3472 182 115 702975 0 0 0
-940 1796 37 134 848312 0 0 0
-2034 599 214 41 868839 0 0 0
4194 2892 3 319 336791 0 0 0
-304 3680 88 393 743801 0 0 0
-1794 2524 376 80 857395 0 0 0
-3431 -1823 63 23 377779 0 0 0
2836 -1956 211 222 399720 0 0 0
-548 -4089 281 190 294007 0 0 0
-2547 -4292 371 142 604941 0 0 0
-1620 3532 246 372 532711 0 0 0
4140 690 12 261 616291 0 0 0
-4285 -2551 35 309 690705 0 0 0
358 -781 213 202 766165 0 0 0
-1160 -2848 368 128 244891 0 0 0
-4039 -4015 336 97 375691 0 0 0
1404 -4160 198 169 533840 0 0 0
2809 -2769 2 318 813968 0 0 0
-1585 -3817 18 52 676458 0 0 0
255 -3994 181 348 370789 0 0 0
-524 -3151 79 73 855509 0 0 0
249 -61 196 5 601707 0 0 0
-3392 -4401 205 124 137235 0 0 0
4615 -1410 298 294 121293 0 0 0
-3504 -1561 318 22 172676 0 0 0
872 3945 346 230 886114 0 0 0
-3756 4770 201 97 881203 0 0 0
366 3706 186 15 551143 0 0 0
4498 -3267 127 298 372312 0 0 0
3279 -1056 171 92 414107 0 0 0
872 -2307 89 2 318950 0 0 0
3686 2745 202 145 115505 0 0 0
-2540 -2204 282 67 867420 0 0 0
-259 -3030 69 335 119973 0 0 0
3229 -1040 123 361 766968 0 0 0
-3036 -4315 18 137 211898 0 0 0
2092 -3722 400 307 270934 0 0 0
1124 -2775 365 121 853089 0 0 0
3222 -2342 398 62 761298 0 0 0
846 3345 273 202 853369 0 0 0
-2872 -2750 273 137 809086 0 0 0
-1776 3559 329 141 777787 0 0 0
4035 -3372 12 377 177273 0 0 0
1457 -2739 281 100 501382 0 0 0
390 -2861 330 322 348651 0 0 0
3118 2027 310 240 253396 0 0 0
-3264 1263 177 268 180450 0 0 0
1837 2123 153 351 743110 0 0 0
-4727 1212 409 303 234794 0 0 0
4644 3361 49 254 570130 0 0 0
-518 4148 205 208 776674 0 0 0
2113 -4352 308 122 174030 0 0 0
3773 2809 205 221 132699 0 0 0
174 -1118 68 258 211311 0 0 0
2688 4307 248 376 297033 0 0 0
-2479 -182 326 182 777493 0 0 0
4389 -3936 373 200 924214 0 0 0
-1519 3857 171 303 187648 0 0 0
-1110 3164 41 48 895120 0 0 0
-4498 -1566 138 366 266284 0 0 0
-473 -4548 33 92 278016 0 0 0
3794 -1875 404 161 547235 0 0 0
-4471 -2601 127 324 982473 0 0 0
-2694 -2990 52 124 184472 0 0 0
4395 -3135 1 389 520261 0 0 0
-2233 2393 147 332 421904 0 0 0
-168 -2854 190 263 123807 0 0 0
454 788 265 130 568379 0 0 0
-3592 4789 109 28 519895 0 0 0
3622 691 299 200 549321 0 0 0
2127 1174 10 77 898434 0 0 0
3738 4296 41 294 456156 0 0 0
-1428 -1574 159 49 791893 0 0 0
-4781 556 5 148 460992 0 0 0
1113 2504 71 106 433458 0 0 0
1642 -3771 75 220 155134 0 0 0
2931 -1916 289 74 869221 0 0 0
-839 4350 231 199 160388 0 0 0
-4199 -1642 248 396 969885 0 0 0
-1424 3299 365 98 586702 0 0 0
-3474 2283 163 280 259165 0 0 0
4246 3880 184 77 841061 0 0 0
-4155 888 63 87 916876 0 0 0
535 2145 62 228 196994 0 0 0
-2819 105 160 329 553710 0 0 0
-142 -3852 98 40 522637 0 0 0
3673 3707 228 165 387528 0 0 0
1175 -413 275 154 817643 0 0 0
-4216 1043 148 15 721370 0 0 0
-4400 -3933 57 292 633750 0 0 0
-1747 192 285 211 873224 0 0 0
4750 -2564 111 30 269802 0 0 0
-3318 -3936 281 228 871178 0 0 0
-1787 542 132 10 907829 0 0 0
-2598 2894 166 64 876411 0 0 0
-2006 1894 62 308 718602 0 0 0
-1499 -299 284 308 912565 0 0 0
-97 -2644 312 275 808463 0 0 0
-2286 -3784 261 289 259696 0 0 0
-1145 -2315 228 26 447273 0 0 0
1539 -474 144 367 123915 0 0 0
-2236 -3886 177 185 362864 0 0 0
259 -2258 298 100 581836 0 0 0
-352 2337 128 16 829759 0 0 0
2416 -3280 167 225 256807 0 0 0
2455 -2385 184 348 672895 0 0 0
-3757 32 246 53 878318 0 0 0
2229 4160 12 224 784796 0 0 0
-1808 3016 373 104 437137 0 0 0
2247 3124 164 281 163545 0 0 0
-2509 -1184 96 103 964432 0 0 0
-4128 -1644 389 357 624701 0 0 0
1106 -1466 372 148 112042 0 0 0
-2358 539 389 354 274398 0 0 0
2338 -4746 395 264 545875 0 0 0
-3032 1505 110 78 328816 0 0 0
-1570 -1320 175 303 562219 0 0 0
-1977 4672 199 155 226508 0 0 0
1676 3201 329 203 744227 0 0 0
-173 510 314 330 537980 0 0 0
2475 2964 313 214 298823 0 0 0
-3879 464 316 49 379301 0 0 0
262 -1156 300 184 387504 0 0 0
-3793 -2905 126 155 631173 0 0 0
-2701 -4728 122 8 897193 0 0 0
4404 -4623 104 264 575650 0 0 0
-397 1892 224 172 315030 0 0 0
-2249 -621 183 237 164332 0 0 0
-3475 -421 75 214 759892 0 0 0
-1088 1364 261 208 256407 0 0 0
-462 2884 65 370 564172 0 0 0
2696 1857 27 123 844347 0 0 0
-604 2713 166 386 179855 0 0 0
2524 -3281 102 42 377256 0 0 0
-2436 320 383 22 293500 0 0 0
-609 -1716 299 374 466498 0 0 0
-825 -4410 333 76 566015 0 0 0
216 -4226 170 20 152554 0 0 0
3139 2057 269 147 679588 0 0 0
-3125 -262 59 90 864984 0 0 0
569 -928 179 167 495828 0 0 0
1493 1141 187 51 639758 0 0 0
-2982 1463 230 54 812455 0 0 0
3720 4573 389 243 622512 0 0 0
-822 -4574 191 291 379720 0 0 0
-2064 -2143 362 392 718101 0 0 0
-2092 -183 320 31 340072 0 0 0
1776 110 70 352 310354 0 0 0
-1877 -2504 198 199 562013 0 0 0
79 -2637 111 120 612445 0 0 0
-3929 2441 107 212 121474 0 0 0
2461 406 38 115 878025 0 0 0
952 -746 76 91 921073 0 0 0
2806 -82 250 55 977000 0 0 0
-4656 2007 409 150 502745 0 0 0
2969 1625 370 277 462084 0 0 0
-4198 -2615 267 371 412258 0 0 0
1427 -1484 87 346 273818 0 0 0
-1673 3280 395 237 335733 0 0 0
-449 3118 177 364 255957 0 0 0
2030 -3808 285 8 492323 0 0 0
4613 4187 387 266 815348 0 0 0
-214 4149 337 146 935909 0 0 0
1609 -856 196 55 575720 0 0 0
-3566 -521 163 135 801988 0 0 0
2265 -4763 269 231 633868 0 0 0
-1968 2804 224 150 438157 0 0 0
667 2378 312 394 149743 0 0 0
-908 834 132 84 626627 0 0 0
-3749 3056 292 161 272497 0 0 0
-3028 -212 175 250 354372 0 0 0
-1049 2321 313 199 128326 0 0 0
2133 -4102 392 212 557009 0 0 0
-1235 -2348 139 144 743699 0 0 0
407 2835 73 51 300641 0 0 0
2999 -170 161 14 440173 0 0 0
1917 -3213 199 219 963342 0 0 0
-2404 1238 61 189 308724 0 0 0
48 603 337 371 600500 0 0 0
-229 -1944 29 64 462917 0 0 0
-2011 -2663 286 329 611245 0 0 0
-3906 910 289 106 211171 0 0 0
4607 -2330 348 384 779013 0 0 0
1872 2169 264 226 298658 0 0 0
373 -3298 242 305 511004 0 0 0
481 1165 288 331 999153 0 0 0
-2583 4000 289 284 674874 0 0 0
-4396 -3740 271 128 502678 0 0 0
-295 1331 232 239 668603 0 0 0
-1179 1424 43 113 952668 0 0 0
-2536 -3864 388 305 636491 0 0 0
-1765 230 272 298 330978 0 0 0
-4123 4563 139 383 114207 0 0 0
-2720 3224 302 346 267242 0 0 0
729 -3881 9 178 868368 0 0 0
-2721 2535 41 50 122822 0 0 0
670 785 66 291 854581 0 0 0
909 -873 112 43 645823 0 0 0
-824 3777 6 393 431408 0 0 0
-3296 3917 164 132 718496 0 0 0
-114 -3503 318 73 239339 0 0 0
-438 -1533 148 114 998810 0 0 0
2453 1656 72 117 587908 0 0 0
-1214 -4058 107 253 935974 0 0 0
-3123 -3049 390 111 241676 0 0 0
2092 -570 175 87 786064 0 0 0
2197 -2764 41 329 840036 0 0 0
1885 -1727 20 143 602267 0 0 0
-4290 772 252 260 929204 0 0 0
4518 2037 375 387 375394 0 0 0
-75 2072 273 293 355958 0 0 0
-2879 3226 256 328 624195 0 0 0
-368 -1694 138 94 783672 0 0 0
-500 2364 115 345 530208 0 0 0
1346 4168 371 319 512924 0 0 0
3227 3447 96 375 751766 0 0 0
4292 187 229 219 536870 0 0 0
-2042 922 85 332 569377 0 0 0
-1664 -3730 89 279 858677 0 0 0
560 2058 180 234 552549 0 0 0
-1693 3861 284 41 643739 0 0 0
-899 4471 113 304 707545 0 0 0
-642 -4454 231 225 664533 0 0 0
-3399 4059 220 335 797827 0 0 0
-1122 3549 402 173 136899 0 0 0
4368 2155 396 55 628233 0 0 0
-3047 -1530 241 122 620142 0 0 0
-2699 -1146 306 341 252115 0 0 0
3927 3713 17 284 534665 0 0 0
-3874 3739 330 4 311710 0 0 0
-4508 3917 281 133 425952 0 0 0
3847 1050 308 119 869180 0 0 0
1298 1098 52 251 246535 0 0 0
-3177 3755 234 40 981689 0 0 0
3380 -3299 301 47 210268 0 0 0
173 3933 220 41 416515 0 0 0
-305 4253 132 160 616226 0 0 0
1496 2591 281 30 961566 0 0 0
-453 2901 221 80 150497 0 0 0
-510 2034 305 232 115062 0 0 0
1305 1921 383 82 987487 0 0 0
2379 4694 105 163 420076 0 0 0
-653 -2508 9 103 256246 0 0 0
1952 -149 137 11 368976 0 0 0
-4027 -434 280 239 575377 0 0 0
-593 3482 347 291 326671 0 0 0
-1299 -2890 262 247 541133 0 0 0
2421 -2484 7 62 413379 0 0 0
-1705 1821 142 47 817840 0 0 0
-2224 -406 123 77 808785 0 0 0
106 3542 344 394 508023 0 0 0
-3709 2333 177 39 834332 0 0 0
-522 3801 291 17 710916 0 0 0
1441 3426 344 374 183165 0 0 0
-2046 -3317 318 93 380926 0 0 0
-3272 2711 22 142 431371 0 0 0
-1908 -2402 111 230 792489 0 0 0
-3055 -2876 97 66 951513 0 0 0
-4470 -3265 53 239 663418 0 0 0
4539 2773 233 220 986821 0 0 0
2570 390 134 144 677478 0 0 0
2193 -2145 292 144 124221 0 0 0
-1109 1899 244 74 819395 0 0 0
-1618 -3621 67 47 211712 0 0 0
18 -723 140 386 426975 0 0 0
-1853 3591 140 276 363782 0 0 0
-4156 -2608 164 78 409286 0 0 0
3624 455 77 303 976221 0 0 0
4372 340 245 156 556896 0 0 0
349 2048 84 197 230629 0 0 0
-3153 1307 362 139 723979 0 0 0
3193 -1238 291 294 253539 0 0 0
2940 -2917 34 322 647231 0 0 0
3237 -1775 312 395 889022 0 0 0
-598 -515 364 67 948474 0 0 0
1135 -2296 253 72 328487 0 0 0
-2774 2452 203 164 339895 0 0 0
-284 -4762 322 355 833709 0 0 0
4712 2263 358 289 917127 0 0 0
-4097 -3419 310 272 495346 0 0 0
-3189 -582 364 173 755458 0 0 0
4799 4738 93 308 211259 0 0 0
2144 1334 59 125 974943 0 0 0
4768 -3348 180 92 359597 0 0 0
-2225 4242 313 180 472623 0 0 0
-2397 292 351 385 371154 0 0 0
3987 -2560 11 128 977236 0 0 0
1211 -4650 48 61 682525 0 0 0
4358 -3582 68 168 580954 0 0 0
-36 -4621 397 63 895595 0 0 0
-2012 1245 185 176 302980 0 0 0
-1135 2886 168 36 983695 0 0 0
-2849 -4398 176 123 799282 0 0 0
-2267 -627 101 143 697754 0 0 0
-3086 -1923 213 146 662009 0 0 0
1303 2984 253 347 533061 0 0 0
-3373 -1188 75 217 641104 0 0 0
4510 2392 344 180 770282 0 0 0
-790 4413 43 378 614555 0 0 0
2951 3112 266 272 133779 0 0 0
-1192 -1395 93 312 541636 0 0 0
-3578 -3020 274 330 558342 0 0 0
-322 3590 224 306 616955 0 0 0
-4482 2009 32 241 695059 0 0 0
449 1829 262 177 288340 0 0 0
-142 -3133 206 131 990258 0 0 0
-1607 -117 251 1 707822 0 0 0
3452 -1999 208 176 300958 0 0 0
-3906 2631 219 205 288812 0 0 0
2632 896 348 325 896688 0 0 0
-4763 4079 94 379 540770 0 0 0
-2384 -2065 169 9 486741 0 0 0
2923 338 78 291 105780 0 0 0
2848 -4583 107 338 276895 0 0 0
362 2075 273 199 992705 0 0 0
226 4547 6 31 239872 0 0 0
-4253 4718 408 302 618115 0 0 0
4094 1837 5 134 530298 0 0 0
4225 -425 377 183 912613 0 0 0
-294 -1359 242 154 449809 0 0 0
-3622 1351 207 205 175574 0 0 0
4191 4742 185 305 171943 0 0 0
-3567 -1492 248 308 566140 0 0 0
3441 -3583 366 194 306159 0 0 0
-3411 2456 297 64 615269 0 0 0
-4456 -3938 204 47 910440 0 0 0
2410 4542 90 158 493654 0 0 0
2956 3358 232 159 528223 0 0 0
1420 870 221 180 641471 0 0 0
-1758 3207 271 101 259644 0 0 0
-2783 196 398 258 690783 0 0 0
-213 -789 355 222 244583 0 0 0
1059 -2613 176 46 253195 0 0 0
4692 -2695 226 98 888498 0 0 0
-4592 -4767 127 92 702913 0 0 0
-3296 -4388 364 182 830622 0 0 0
3179 -1352 405 366 128591 0 0 0
4320 -1647 307 122 696283 0 0 0
2546 714 15 322 199938 0 0 0
2683 -1915 377 301 925455 0 0 0
-4749 3937 196 259 336409 0 0 0
4203 1318 406 347 636867 0 0 0
4468 -4588 182 104 590192 0 0 0
2500 2915 146 198 171600 0 0 0
-1230 -1213 87 326 791944 0 0 0
-2354 1163 98 142 553362 0 0 0
548 3007 141 374 758390 0 0 0
-1761 -3219 135 114 196217 0 0 0
-4618 3788 193 203 999824 0 0 0
-4420 204 308 192 312702 0 0 0
-4144 76 250 244 841324 0 0 0
-489 -930 320 372 820641 0 0 0
1314 -390 111 377 736490 0 0 0
-557 -2490 133 88 640672 0 0 0
-4250 4733 403 101 492842 0 0 0
2168 4789 157 11 960394 0 0 0
2321 -3393 10 382 167020 0 0 0
3966 288 387 324 262028 0 0 0
2110 3601 190 89 723628 0 0 0
-2411 4718 311 99 187029 0 0 0
3179 4136 345 151 606434 0 0 0
-3335 3894 135 4 594358 0 0 0
2608 -3500 60 367 755601 0 0 0
-1407 -3694 54 347 183221 0 0 0
4558 -2645 282 289 305682 0 0 0
4436 -928 184 215 635406 0 0 0
-1069 -291 67 384 888774 0 0 0
2789 3066 349 314 320817 0 0 0
-1912 3642 299 153 353786 0 0 0
2247 2948 126 130 517844 0 0 0
-4352 -2741 302 236 155774 0 0 0
447 3327 226 164 352113 0 0 0
-5 -2969 139 164 576934 0 0 0
-1823 1926 348 89 435349 0 0 0
-864 -2290 400 252 221627 0 0 0
-4033 1787 74 214 997753 0 0 0
-3669 -2263 31 202 834033 0 0 0
-2976 -4127 45 72 182707 0 0 0
2149 -4422 4 327 191121 0 0 0
208 -1943 154 227 280212 0 0 0
4114 1290 124 188 356534 0 0 0
4582 -289 119 353 664813 0 0 0
3179 -1138 327 21 335580 0 0 0
3467 2085 317 105 227958 0 0 0
4239 3010 190 178 717480 0 0 0
-2313 -4118 53 323 850759 0 0 0
1124 1774 177 354 351473 0 0 0
-3659 -639 9 118 583596 0 0 0
216 3407 146 303 169357 0 0 0
-3453 325 120 74 986660 0 0 0
-1700 2039 262 94 995558 0 0 0
-171 3524 171 161 958296 0 0 0
-430 3497 27 138 368872 0 0 0
2119 3301 230 393 973899 0 0 0
-489 -3241 206 334 906723 0 0 0
-689 -558 65 199 271576 0 0 0
216 -728 127 31 153384 0 0 0
-2292 -1937 84 180 255290 0 0 0
-1748 -239 320 37 966597 0 0 0
-230 243 293 32 797910 0 0 0
-2877 -999 220 323 331178 0 0 0
-3579 1163 74 72 547408 0 0 0
-1421 -404 316 54 240129 0 0 0
-2554 3210 4 57 823717 0 0 0
-2288 -2477 231 120 153455 0 0 0
-3212 -1249 280 113 882806 0 0 0
-3987 448 114 77 240877 0 0 0
3256 3957 35 67 182581 0 0 0
2084 167 40 55 883576 0 0 0
-4018 1869 107 363 402180 0 0 0
3960 -4500 248 43 251867 0 0 0
-2324 912 4 207 708432 0 0 0
-2230 260 31 131 572390 0 0 0
2348 2339 261 395 385316 0 0 0
-1004 3706 246 82 335725 0 0 0
3455 -1497 166 342 828895 0 0 0
-3143 -1216 182 97 774651 0 0 0
458 87 64 111 325420 0 0 0
3192 3993 242 196 550258 0 0 0
-2319 4139 190 62 188507 0 0 0
1337 -264 252 375 350599 0 0 0
-1581 -3050 75 208 256636 0 0 0
-4357 2486 286 162 238450 0 0 0
-1383 -651 58 147 640744 0 0 0
3384 2801 106 341 471499 0 0 0
-674 3862 317 350 727642 0 0 0
3016 3805 50 270 147604 0 0 0
-3844 4511 214 333 412455 0 0 0
2398 -1054 157 335 467977 0 0 0
-2217 1121 258 98 823291 0 0 0
3749 -3779 388 32 719806 0 0 0
-1503 -2512 386 183 314730 0 0 0
-988 -2409 395 181 435136 0 0 0
-3903 -2947 20 330 528767 0 0 0
1042 -3073 142 354 751142 0 0 0
-872 -3964 23 119 174044 0 0 0
-2201 2741 346 124 871180 0 0 0
-837 -290 390 359 526258 0 0 0
1441 -504 72 293 755434 0 0 0
1261 1743 363 385 173344 0 0 0
-4063 -4591 21 387 716073 0 0 0
3035 752 26 135 943943 0 0 0
-603 -100 114 95 683221 0 0 0
-3808 -4118 349 320 912808 0 0 0
-649 438 362 316 186122 0 0 0
1720 -4570 230 101 374467 0 0 0
-331 -3060 274 58 686295 0 0 0
2878 -2997 349 149 563434 0 0 0
-3490 -1358 277 211 915507 0 0 0
-3526 1262 407 281 359379 0 0 0
-3851 3424 239 281 648890 0 0 0
197 -1144 310 288 428827 0 0 0
2238 952 59 199 167999 0 0 0
4684 -1685 135 225 993844 0 0 0
-1971 4627 200 339 537620 0 0 0
-2343 -3506 134 196 503147 0 0 0
680 993 383 302 682425 0 0 0
4645 4523 180 284 946766 0 0 0
2820 3352 48 49 317967 0 0 0
-2359 -253 286 93 727208 0 0 0
-1253 2022 380 269 121649 0 0 0
-1583 -660 89 348 593924 0 0 0
2892 -1610 103 316 393183 0 0 0
4702 -3423 354 224 378762 0 0 0
2958 2820 130 378 283646 0 0 0
3841 -2941 366 280 405681 0 0 0
-2812 -2694 3 189 587483 0 0 0
241 -2624 2 291 403994 0 0 0
3549 1033 376 98 437839 0 0 0
3133 667 79 241 422022 0 0 0
2550 -2656 166 377 908302 0 0 0
-3565 4724 285 261 806728 0 0 0
-2820 -4207 234 322 245778 0 0 0
-3094 1459 283 93 424064 0 0 0
-541 -4685 225 52 548801 0 0 0
-4428 4739 191 369 217331 0 0 0
4400 -355 175 294 582914 0 0 0
-4350 -4136 61 110 526686 0 0 0
4695 2281 109 393 655042 0 0 0
-4246 3877 167 291 656724 0 0 0
1699 -2566 226 361 984024 0 0 0
45 -3759 143 206 216947 0 0 0
3117 -816 399 14 803377 0 0 0
1945 -515 86 362 570820 0 0 0
-1069 896 140 293 859262 0 0 0
-3449 -327 254 98 758716 0 0 0
386 1597 158 151 656773 0 0 0
1582 1804 140 292 969125 0 0 0
-2443 -82 394 93 125057 0 0 0
424 125 197 245 745979 0 0 0
-3696 4400 81 160 436844 0 0 0
-339 -2218 51 168 335416 0 0 0
-945 2566 136 337 691043 0 0 0
3578 -468 150 23 519142 0 0 0
1796 4427 190 120 189546 0 0 0
-3662 2314 215 43 242252 0 0 0
-4566 -2123 152 79 745162 0 0 0
3988 -824 5 214 329470 0 0 0
-2205 4086 340 319 417629 0 0 0
-8 4599 186 142 943241 0 0 0
2677 -979 152 277 192626 0 0 0
-4520 929 214 91 756817 0 0 0
501 2919 299 266 389965 0 0 0
-4647 -2869 21 332 856169 0 0 0
4413 -3253 178 266 901975 0 0 0
-3089 -3142 306 163 106396 0 0 0
1667 -758 265 124 595770 0 0 0
2676 1445 225 293 755198 0 0 0
-1923 3231 392 336 974739 0 0 0
-399 4624 385 109 984925 0 0 0
-1275 3512 86 115 439863 0 0 0
-4268 -3353 194 313 722012 0 0 0
422 4439 155 219 317087 0 0 0
-1885 -2287 275 40 253370 0 0 0
-684 -741 167 27 892296 0 0 0
-2885 -397 278 90 273682 0 0 0
3126 -4338 261 379 605213 0 0 0
-3607 -1561 173 128 149544 0 0 0
380 2452 384 111 657061 0 0 0
2403 -4392 95 265 669044 0 0 0
1215 -2488 185 377 925170 0 0 0
697 -3964 255 315 593808 0 0 0
4322 853 226 41 728323 0 0 0
3998 354 264 307 703747 0 0 0
1251 -1464 214 300 670163 0 0 0
-2002 4306 82 202 336844 0 0 0
1263 4330 307 236 348079 0 0 0
-1589 -4619 50 323 786197 0 0 0
4743 3516 296 36 571338 0 0 0
-1260 -80 113 56 872822 0 0 0
-358 3817 299 261 868161 0 0 0
-339 -3488 126 101 619901 0 0 0
4232 -353 281 111 992937 0 0 0
-3643 2667 61 123 122698 0 0 0
-467 4421 7 21 377355 0 0 0
-3680 -3530 97 354 470757 0 0 0
2210 2861 13 115 206820 0 0 0
133 3642 88 48 822053 0 0 0
-3542 -2067 66 51 668999 0 0 0
-1361 -4032 317 278 693204 0 0 0
2124 4764 285 202 793231 0 0 0
4690 3456 333 114 119101 0 0 0
205 4224 146 287 647333 0 0 0
1149 -3981 23 186 516954 0 0 0
-1060 3908 300 139 769451 0 0 0
-2762 3052 398 201 494417 0 0 0
-2529 3678 156 274 599314 0 0 0
4501 1510 122 92 210361 0 0 0
1012 -4528 181 143 252330 0 0 0
2552 2656 205 363 148064 0 0 0
2044 894 98 5 924841 0 0 0
2319 1542 104 55 282500 0 0 0
2266 994 295 396 100172 0 0 0
492 -3820 339 67 886733 0 0 0
-3657 2591 178 359 452651 0 0 0
1562 1650 68 255 223493 0 0 0
-1319 1905 76 181 494044 0 0 0
3029 -1119 401 222 662468 0 0 0
3420 -1887 142 52 939130 0 0 0
3223 -237 64 77 385903 0 0 0
-689 -3498 385 197 447297 0 0 0
-2329 -587 237 330 635970 0 0 0
-2896 4106 222 395 766554 0 0 0
2862 421 17 325 806125 0 0 0
-497 -3005 77 390 365939 0 0 0
-258 -4611 23 158 357138 0 0 0
2264 2517 72 212 583984 0 0 0
2024 -3250 260 355 234512 0 0 0
-1318 -4611 371 96 231025 0 0 0
1482 4419 383 206 191619 0 0 0
-3736 -440 221 28 619280 0 0 0
-4469 -871 368 118 136058 0 0 0
4173 -2738 362 188 691446 0 0 0
4769 2665 53 316 504798 0 0 0
-4435 3344 142 228 227382 0 0 0
4726 -2632 341 42 102109 0 0 0
1552 4471 217 321 543650 0 0 0
3848 -1276 319 346 197372 0 0 0
-3712 739 45 222 403862 0 0 0
2331 3788 114 365 480642 0 0 0
-1449 1005 6 366 220958 0 0 0
1331 1965 212 217 717081 0 0 0
-2040 2318 261 385 212937 0 0 0
-3633 -761 307 339 706423 0 0 0
-3573 4784 340 94 621302 0 0 0
-351 -4340 71 169 462998 0 0 0
1819 -4449 186 369 103028 0 0 0
-4749 1486 257 319 156189 0 0 0
-898 -3000 120 361 540558 0 0 0
2583 -4775 207 70 510238 0 0 0
-1397 3807 298 344 175599 0 0 0
4580 -270 60 192 147613 0 0 0
4265 -4019 110 216 681328 0 0 0
-2212 773 326 342 136613 0 0 0
837 -3271 158 227 707299 0 0 0
-3102 -4202 202 199 936758 0 0 0
-768 -2912 22 336 812618 0 0 0
-1552 -1823 262 55 626912 0 0 0
1270 2559 327 385 822125 0 0 0
-1976 2439 241 39 620626 0 0 0
-4154 4624 385 78 355137 0 0 0
-4614 1991 235 135 939600 0 0 0
-1276 2469 358 314 993249 0 0 0
1898 -4273 76 393 666164 0 0 0
842 537 229 93 256932 0 0 0
2550 -259 55 330 148290 0 0 0
-961 1453 337 238 631192 0 0 0
-36 -1976 282 301 492012 0 0 0
-4166 -3487 334 131 386576 0 0 0
-504 -2897 203 128 359068 0 0 0
2786 3495 376 156 515506 0 0 0
2191 3571 37 389 120709 0 0 0
-3720 2805 112 309 326867 0 0 0
-2486 4608 374 389 433699 0 0 0
-2221 2372 99 12 653738 0 0 0
-3765 1022 97 94 987464 0 0 0
-661 -3933 155 41 560621 0 0 0
-487 -3177 372 220 990128 0 0 0
693 -3208 310 45 263412 0 0 0
-541 -1624 25 218 777480 0 0 0
-2434 -192 176 319 304273 0 0 0
662 2587 80 198 613406 0 0 0
3949 1054 391 187 964615 0 0 0
1567 -1102 143 208 186313 0 0 0
1017 2664 267 322 692751 0 0 0
-3301 53 123 52 993551 0 0 0
-1626 -673 9 53 154354 0 0 0
-3013 -750 217 313 695341 0 0 0
-4028 2627 122 43 356725 0 0 0
-3654 -1806 229 311 694256 0 0 0
-3414 3661 118 216 935712 0 0 0
816 4291 141 296 612953 0 0 0
-2684 -1571 103 215 453302 0 0 0
-298 516 292 12 897669 0 0 0
3590 -2296 362 97 304049 0 0 0
-2429 -1732 107 49 884437 0 0 0
-2201 -2109 355 145 282040 0 0 0
2622 -4503 305 287 402651 0 0 0
-4359 -549 381 193 227714 0 0 0
3349 -1126 263 202 682968 0 0 0
-3369 -2550 382 185 984663 0 0 0
2850 974 232 280 954010 0 0 0
2402 2127 49 191 404565 0 0 0
-1844 -4655 1 343 217454 0 0 0
2032 -3390 366 363 891656 0 0 0
1031 -974 373 239 384276 0 0 0
2697 -1250 173 219 247673 0 0 0
-4614 4520 21 85 600422 0 0 0
1865 1598 365 68 146555 0 0 0
3240 -1238 15 281 796329 0 0 0
-1320 -1075 313 254 610715 0 0 0
1137 4291 38 322 929917 0 0 0
-1862 773 234 77 705254 0 0 0
2947 -4738 33 57 636284 0 0 0
-3204 136 320 120 448758 0 0 0
-825 2594 165 187 350311 0 0 0
-3777 2523 401 116 424981 0 0 0
-1307 -2213 364 367 540313 0 0 0
-1620 1211 61 396 249453 0 0 0
-4474 -3019 47 336 845530 0 0 0
2584 -887 171 344 730428 0 0 0
-2086 -4313 278 393 947353 0 0 0
-3886 -380 57 233 345789 0 0 0
-3578 3150 326 59 744023 0 0 0
3463 -2107 73 24 437524 0 0 0
3769 4631 355 312 319699 0 0 0
74 390 187 222 941322 0 0 0
2024 -2090 359 38 839324 0 0 0
816 -3659 166 351 678068 0 0 0
-4510 3888 96 339 491525 0 0 0
-1514 -2366 179 271 539425 0 0 0
-3923 1967 215 153 882902 0 0 0
-243 2563 145 314 388944 0 0 0
-4515 526 232 305 298298 0 0 0
-1939 1830 140 138 138541 0 0 0
-53 799 39 267 483715 0 0 0
-2577 704 53 83 408196 0 0 0
611 -45 348 99 541427 0 0 0
235 36 352 82 643184 0 0 0
3694 1297 371 267 379506 0 0 0
211 2979 52 308 129718 0 0 0
-273 -4358 274 279 650850 0 0 0
-1178 -496 255 327 968183 0 0 0
-2611 2094 259 153 786401 0 0 0
576 2221 304 61 933594 0 0 0
2588 -4410 55 344 481058 0 0 0
-2328 -2739 19 216 441570 0 0 0
3441 965 58 12 665686 0 0 0
-4762 549 69 164 534905 0 0 0
-1861 3729 17 374 830253 0 0 0
-1132 -3235 404 132 913264 0 0 0
2923 -456 44 278 648394 0 0 0
2929 -632 122 17 145139 0 0 0
-3199 903 43 95 249946 0 0 0
-1950 -4678 139 201 312435 0 0 0
-3644 1800 163 271 563740 0 0 0
-315 -715 158 16 914611 0 0 0
-1814 -1524 208 365 588778 0 0 0
-396 2958 245 231 935183 0 0 0
-1394 -175 333 113 390444 0 0 0
-616 1715 325 298 726018 0 0 0
-2310 -3188 197 158 995308 0 0 0
-1980 -1636 264 313 357544 0 0 0
1550 -1132 65 389 649558 0 0 0
-2889 -3790 134 169 422351 0 0 0
278 4357 250 8 695469 0 0 0
-3597 -4705 55 58 663640 0 0 0
-98 -730 35 331 476109 0 0 0
-1039 -4680 227 201 405003 0 0 0
-329 2448 195 53 222340 0 0 0
-2732 74 39 246 686165 0 0 0
-1000 2362 129 140 304725 0 0 0
-3975 378 49 185 649046 0 0 0
3975 -1691 14 11 317347 0 0 0
2068 -3351 167 111 164951 0 0 0
1522 -3366 204 242 557117 0 0 0
3368 -2611 175 305 686495 0 0 0
-3470 1777 348 208 653956 0 0 0
-2205 -1404 42 43 503390 0 0 0
-4615 2982 376 81 547474 0 0 0
1727 1426 282 62 345414 0 0 0
1754 -2087 266 283 665323 0 0 0
74 -89 223 86 868991 0 0 0
-460 2349 189 94 328225 0 0 0
2802 3332 393 302 400538 0 0 0
-2619 4389 220 19 488119 0 0 0
-2279 -2676 310 354 998994 0 0 0
201 767 315 105 252161 0 0 0
-4667 523 143 83 818016 0 0 0
-2186 2354 375 358 899001 0 0 0
923 -1160 201 75 616841 0 0 0
240 -4512 84 11 340398 0 0 0
-525 2249 307 61 620325 0 0 0
2468 -4764 185 385 826660 0 0 0
2311 -53 23 93 801722 0 0 0
-100 -3274 230 48 928102 0 0 0
-3459 4746 322 345 610481 0 0 0
4493 4458 302 69 780843 0 0 0
-3958 3525 378 387 502344 0 0 0
3056 484 192 301 219789 0 0 0
3928 1424 110 322 456547 0 0 0
3450 -1145 240 91 215255 0 0 0
-3266 -3292 181 300 903359 0 0 0
-4185 -2943 289 302 735217 0 0 0
-407 -4296 335 21 852126 0 0 0
1581 2341 105 217 496015 0 0 0
-1643 -2692 385 15 929312 0 0 0
-601 347 120 186 350376 0 0 0
108 -3052 18 358 787868 0 0 0
4136 -255 173 263 341187 0 0 0
604 2481 219 38 663678 0 0 0
-521 4233 102 292 722377 0 0 0
-335 -1599 121 84 513428 0 0 0
4341 3085 59 124 999153 0 0 0
11 3414 385 51 687481 0 0 0
-3547 1073 90 216 913827 0 0 0
287 -1137 3 189 674575 0 0 0
-2645 -4482 42 50 108160 0 0 0
-599 1002 330 215 260809 0 0 0
-2551 -2121 370 4 644184 0 0 0
-2274 4783 329 355 555742 0 0 0
-4618 -2635 142 332 781829 0 0 0
-2607 1376 80 65 697317 0 0 0
514 188 21 164 314984 0 0 0
1611 4148 214 138 857818 0 0 0
-2700 3003 25 127 307902 0 0 0
-933 -1205 250 173 465611 0 0 0
-1314 -3361 252 102 923855 0 0 0
146 -4755 189 287 576202 0 0 0
2687 3246 100 91 337652 0 0 0
-1053 -2090 388 376 155163 0 0 0
-2859 -3966 397 323 474660 0 0 0
-3591 2350 7 249 412981 0 0 0
-2053 4718 243 276 512800 0 0 0
-2708 -2405 250 315 801912 0 0 0
128 4178 237 190 935117 0 0 0
-49 1542 84 346 601732 0 0 0
311 247 214 261 324043 0 0 0
3231 -2564 131 262 261361 0 0 0
1085 -2839 400 95 366304 0 0 0
-147 -792 205 305 894468 0 0 0
-3117 1932 394 99 259902 0 0 0
1156 1957 228 37 859660 0 0 0
-2224 4586 34 6 109842 0 0 0
-4176 4220 114 79 727359 0 0 0
-2791 -886 315 84 742720 0 0 0
-3151 -732 160 315 244693 0 0 0
-2041 2090 297 62 438041 0 0 0
-2565 1803 371 76 289090 0 0 0
1690 -1452 138 58 798035 0 0 0
-4702 457 397 392 893314 0 0 0
-4761 3560 29 238 427894 0 0 0
2320 2418 37 270 809836 0 0 0
3912 -1338 368 129 765323 0 0 0
325 -2091 73 318 330526 0 0 0
-1877 -1928 203 387 465115 0 0 0
743 -2892 116 134 810030 0 0 0
2533 -4021 378 134 331933 0 0 0
2830 -3754 342 187 435083 0 0 0
3925 -2782 92 55 152492 0 0 0
4424 -2787 47 42 462346 0 0 0
2904 -2069 131 116 882500 0 0 0
-3487 -3756 286 120 391068 0 0 0
1681 1397 97 6 802645 0 0 0
1207 -4163 228 274 645470 0 0 0
2864 4479 288 316 776152 0 0 0
-3814 -1930 37 279 887069 0 0 0
-2189 -4110 111 199 236840 0 0 0
321 439 120 19 997380 0 0 0
4034 -3214 257 187 446114 0 0 0
-896 -15 374 314 779224 0 0 0
2768 -3396 249 182 552818 0 0 0
-2767 -2845 240 163 256501 0 0 0
-4360 -3896 198 340 769711 0 0 0
2450 -4712 308 242 563155 0 0 0
-2571 -1247 315 315 694257 0 0 0
-3840 -4493 151 132 383987 0 0 0
-2769 -940 295 272 216128 0 0 0
-2943 -2709 145 66 268727 0 0 0
-553 20 114 150 285887 0 0 0
-947 2201 126 21 201485 0 0 0
-2714 1216 201 148 680813 0 0 0
-3350 -4225 369 138 608949 0 0 0
-2195 -2468 320 78 441678 0 0 0
4432 -1107 298 117 391820 0 0 0
-3245 3052 22 233 429064 0 0 0
-631 -3936 53 70 671432 0 0 0
4033 -1713 375 217 276387 0 0 0
-3478 -2163 46 245 722480 0 0 0
-92 -3257 113 316 784358 0 0 0
-496 -4169 103 375 956156 0 0 0
-3714 4402 383 329 542481 0 0 0
-2088 -2914 20 39 752243 0 0 0
2056 4234 94 211 274382 0 0 0
-1738 -2495 364 300 531129 0 0 0
-3739 -146 252 375 735237 0 0 0
1604 4610 36 209 668212 0 0 0
3142 -4769 284 101 740304 0 0 0
-4725 -406 403 344 777863 0 0 0
2214 -68 179 227 813438 0 0 0
3784 -4276 51 271 919070 0 0 0
-2807 54 189 115 534259 0 0 0
-782 2946 129 274 833762 0 0 0
4557 1983 73 379 651601 0 0 0
-4665 -1172 174 159 881312 0 0 0
1966 -4114 94 47 343499 0 0 0
-3566 3690 191 384 556062 0 0 0
-3338 -3338 387 304 170151 0 0 0
-1479 4524 163 288 250992 0 0 0
1044 -3168 112 251 447418 0 0 0
-1846 3159 250 6 260162 0 0 0
-4742 -2085 39 52 323742 0 0 0
1745 -3505 313 205 715278 0 0 0
3599 1169 172 286 716763 0 0 0
-3545 2921 83 237 219250 0 0 0
-4412 -4247 176 249 238851 0 0 0
-4567 1870 393 75 870677 0 0 0
-2869 3463 387 54 771783 0 0 0
309 2975 272 294 976645 0 0 0
4066 1781 214 66 618490 0 0 0
-2160 -948 123 232 536591 0 0 0
-4779 -333 193 349 196127 0 0 0
-2038 4542 174 63 802167 0 0 0
-1372 3466 344 26 598138 0 0 0
-1443 1972 339 396 948162 0 0 0
-1319 4693 154 22 768216 0 0 0
285 -4559 66 319 345101 0 0 0
-3568 -2179 56 84 931938 0 0 0
-2248 -930 159 280 752404 0 0 0
-269 -1898 172 9 486842 0 0 0
-4793 1814 52 342 835933 0 0 0
1470 -1545 121 245 731528 0 0 0
-1168 985 152 145 693620 0 0 0
1571 -260 121 321 797295 0 0 0
2430 3174 407 113 719602 0 0 0
-3224 -4133 161 160 248334 0 0 0
3701 -3405 3 16 781304 0 0 0
-1735 -967 215 233 554612 0 0 0
3786 2604 247 353 944761 0 0 0
2403 3447 384 231 102639 0 0 0
1100 4145 80 380 346784 0 0 0
-4641 4745 196 260 395967 0 0 0
-2083 3370 220 233 211845 0 0 0
-2736 -238 83 355 885974 0 0 0
-1831 -194 115 122 667635 0 0 0
-4675 2037 110 256 610791 0 0 0
2842 950 113 207 583473 0 0 0
1937 4074 151 135 691728 0 0 0
2530 576 301 92 600413 0 0 0
-326 -1320 189 381 162018 0 0 0
-3798 2155 119 183 758998 0 0 0
-3065 131 81 84 547999 0 0 0
3142 -2064 350 391 415426 0 0 0
668 82 222 34 872807 0 0 0
1528 3978 20 136 440052 0 0 0
4042 3498 287 171 763728 0 0 0
1624 -3555 229 331 484776 0 0 0
1447 4634 24 37 709917 0 0 0
1006 -3344 45 173 785228 0 0 0
-1054 -4565 148 160 399150 0 0 0
2297 3090 266 146 182768 0 0 0
-1675 1990 363 301 196304 0 0 0
-2986 -3276 42 3 566453 0 0 0
-1258 -2251 351 312 450840 0 0 0
1395 3642 54 70 235476 0 0 0
-622 502 407 347 503551 0 0 0
-3340 1562 404 220 622073 0 0 0
-3447 3578 404 318 907668 0 0 0
-3485 -1903 189 353 680147 0 0 0
-345 2340 207 281 933955 0 0 0
1416 -115 201 140 451239 0 0 0
293 4541 28 105 500192 0 0 0
-3747 -461 374 353 951917 0 0 0
2190 4701 379 373 323020 0 0 0
3909 590 275 33 939312 0 0 0
-2538 -4495 158 367 374548 0 0 0
2787 394 352 358 657267 0 0 0
3110 986 3 364 173539 0 0 0
3625 656 372 15 687693 0 0 0
-979 3934 269 23 869327 0 0 0
1158 4341 119 306 467957 0 0 0
-262 -2331 162 298 373777 0 0 0
4439 -2587 179 36 330466 0 0 0
3725 2734 258 266 402790 0 0 0
2049 -140 37 193 310131 0 0 0
65 -4671 306 113 915408 0 0 0
4060 2781 189 8 891098 0 0 0
3821 -625 58 70 686087 0 0 0
-3499 -967 232 82 505484 0 0 0
-1374 4283 310 52 380141 0 0 0
3562 -1074 227 266 799468 0 0 0
3979 -1336 192 299 952766 0 0 0
1202 -1660 253 191 649560 0 0 0
2549 -1041 43 18 714705 0 0 0
-1796 -2698 271 280 172832 0 0 0
3113 4750 82 379 342620 0 0 0
1490 -1432 12 202 213994 0 0 0
257 858 281 93 559844 0 0 0
3573 -3822 210 226 834222 0 0 0
2352 2009 202 233 403827 0 0 0
2688 -3964 313 9 362275 0 0 0
-4591 1275 186 321 953099 0 0 0
4392 81 108 172 724059 0 0 0
2061 953 190 166 422464 0 0 0
-1508 -3942 107 79 941036 0 0 0
225 3125 243 123 765282 0 0 0
-2104 -1910 23 46 235116 0 0 0
4481 -3677 386 127 996009 0 0 0
1453 3894 252 89 345442 0 0 0
-1398 -488 239 197 761126 0 0 0
4778 3436 29 105 908873 0 0 0
1998 163 89 222 346450 0 0 0
3904 1011 282 331 957000 0 0 0
-1919 -2188 216 223 110267 0 0 0
1382 -386 143 236 123953 0 0 0
4195 983 402 335 230878 0 0 0
4305 -953 154 86 650754 0 0 0
1299 -2207 133 204 443165 0 0 0
3175 -4308 179 121 787138 0 0 0
-822 877 164 178 544725 0 0 0
-3761 3785 408 225 214595 0 0 0
3747 1237 321 105 727227 0 0 0
3183 -1813 395 81 250010 0 0 0
267 -415 253 314 932430 0 0 0
4082 -1088 205 80 768272 0 0 0
-2508 2854 107 259 606972 0 0 0
-2667 -3370 34 328 943588 0 0 0
-409 1640 134 136 522900 0 0 0
2263 -1437 1 349 726370 0 0 0
-2595 -4604 235 137 404542 0 0 0
4381 2354 15 259 666721 0 0 0
3691 -2912 12 287 867103 0 0 0
-4562 -877 6 271 805422 0 0 0
2046 959 189 208 176135 0 0 0
1223 835 349 350 488252 0 0 0
-3285 686 23 18 883104 0 0 0
115 2889 145 97 292797 0 0 0
-623 197 395 338 598563 0 0 0
-4346 169 286 342 333050 0 0 0
-279 -3009 320 382 850896 0 0 0
3410 4369 117 367 120679 0 0 0
1715 975 141 308 471258 0 0 0
-937 895 395 351 656545 0 0 0
3000 3570 183 295 707148 0 0 0
-4188 3817 185 256 989344 0 0 0
2493 3572 69 363 564959 0 0 0
2210 -2471 322 368 266950 0 0 0
2787 -168 106 126 401564 0 0 0
-187 -3864 325 385 779082 0 0 0
-3864 -970 44 37 604745 0 0 0
-2330 211 400 9 834650 0 0 0
-991 -793 189 336 908948 0 0 0
4045 2870 46 37 401504 0 0 0
-1189 2927 35 344 550035 0 0 0
2447 -1911 277 349 865775 0 0 0
-1810 3674 218 301 917895 0 0 0
-127 2725 99 255 981238 0 0 0
-4122 2714 300 341 128392 0 0 0
4619 -3160 74 152 728494 0 0 0
-4694 3985 72 314 542498 0 0 0
2696 -3293 44 364 291792 0 0 0
-11 -745 55 91 399015 0 0 0
-4754 899 76 41 615571 0 0 0
4348 335 9 226 442841 0 0 0
-4462 3519 11 185 413693 0 0 0
-4531 3821 102 250 598034 0 0 0
-3993 -4573 248 221 555838 0 0 0
-1465 -1212 14 179 486592 0 0 0
-4599 -1720 275 213 319279 0 0 0
1217 -2607 231 301 507714 0 0 0
1683 2113 283 188 817584 0 0 0
4369 -3791 71 187 640541 0 0 0
4574 417 220 144 961806 0 0 0
-1011 -4012 322 323 239565 0 0 0
-4434 -2573 272 186 349746 0 0 0
1620 -3749 157 329 143858 0 0 0
-2146 4065 386 314 762960 0 0 0
-3119 3687 246 288 228721 0 0 0
-3063 -1308 365 161 769533 0 0 0
-893 -311 383 334 685742 0 0 0
758 -2395 344 222 310448 0 0 0
1709 2764 319 20 503276 0 0 0
136 -797 124 296 847064 0 0 0
-4470 -2110 334 210 682612 0 0 0
1570 -3865 247 324 957548 0 0 0
-2296 -68 108 269 661211 0 0 0
2916 2028 188 155 540684 0 0 0
1554 -1935 333 227 825823 0 0 0
969 -1305 76 92 460415 0 0 0
3170 4454 348 250 573421 0 0 0
-4780 2643 269 359 459332 0 0 0
-2144 -4446 218 30 963860 0 0 0
4201 1422 274 367 184446 0 0 0
3910 2231 198 174 564527 0 0 0
4267 3534 137 304 161358 0 0 0
-1283 1929 255 213 401722 0 0 0
937 -3730 380 96 997041 0 0 0
3766 -1212 253 380 523511 0 0 0
1656 -1192 376 32 657909 0 0 0
-4127 -2575 85 379 644688 0 0 0
457 -1020 231 2 925343 0 0 0
-2703 2011 16 371 151148 0 0 0
1609 2717 26 58 292137 0 0 0
3042 -1549 387 254 832764 0 0 0
-2394 -280 96 272 144656 0 0 0
-4053 -3795 53 160 343536 0 0 0
1882 -98 286 252 887501 0 0 0
-385 -2338 385 99 467978 0 0 0
2201 2949 341 192 350330 0 0 0
4042 4381 42 258 810442 0 0 0
-2657 -1484 406 25 930388 0 0 0
-950 1137 45 92 410157 0 0 0
-3871 -2673 288 267 605134 0 0 0
4358 -4726 381 57 669516 0 0 0
-1276 -1327 87 315 663021 0 0 0
-1207 -1587 402 231 654507 0 0 0
-882 2106 106 143 867788 0 0 0
989 4371 250 1 183779 0 0 0
-1875 1320 242 49 427486 0 0 0
-4716 481 20 10 730931 0 0 0
2545 1340 328 134 367967 0 0 0
-1409 1066 409 119 436706 0 0 0
-3997 1610 329 379 246036 0 0 0
3312 2918 212 137 512231 0 0 0
2848 4135 82 116 540042 0 0 0
943 3842 190 302 481056 0 0 0
4571 -2035 204 10 581435 0 0 0
-1318 188 319 73 595119 0 0 0
-2147 -2838 107 46 100166 0 0 0
-709 -1145 89 323 123634 0 0 0
-2676 3203 342 35 556578 0 0 0
-3460 1270 362 375 597466 0 0 0
-1598 4313 10 140 755289 0 0 0
-3793 2728 82 372 733856 0 0 0
-1298 240 289 205 758794 0 0 0
-2967 -899 148 375 647865 0 0 0
-4674 -2054 254 345 297474 0 0 0
-4764 -1853 403 193 366926 0 0 0
3077 -4611 134 250 251194 0 0 0
506 2617 402 351 588867 0 0 0
-27 -2762 219 312 647591 0 0 0
-823 -395 287 275 515641 0 0 0
968 1535 307 190 275037 0 0 0
-1497 -1667 303 240 943878 0 0 0
462 -2631 81 166 527881 0 0 0
-360 447 361 187 345435 0 0 0
1277 4124 63 273 554141 0 0 0
-2045 1932 119 279 498867 0 0 0
-2093 4421 197 53 160111 0 0 0
4464 -2201 97 276 850379 0 0 0
-2516 1449 121 10 677607 0 0 0
3631 -4424 332 383 581329 0 0 0
-3103 328 383 30 623413 0 0 0
-3134 -2667 75 366 280583 0 0 0
3867 -4036 371 271 942057 0 0 0
4404 -3581 402 57 373730 0 0 0
1020 941 193 72 449823 0 0 0
1045 3028 184 306 769018 0 0 0
-3196 -2522 46 175 405332 0 0 0
-768 4231 33 274 506308 0 0 0
-4572 4602 159 153 510608 0 0 0
-3930 -4647 7 134 750547 0 0 0
4551 4307 372 91 838197 0 0 0
-2152 -135 399 211 943922 0 0 0
-4218 -1410 141 253 806533 0 0 0
2566 -3202 335 132 350753 0 0 0
-2331 -4045 268 7 681248 0 0 0
3240 1186 222 40 415590 0 0 0
555 -712 240 72 719179 0 0 0
-4665 4606 126 316 200731 0 0 0
2962 -6 202 167 746645 0 0 0
-3063 2763 178 45 858351 0 0 0
1811 -721 164 255 257455 0 0 0
1415 -3907 238 372 894907 0 0 0
4728 -1111 113 180 493743 0 0 0
3351 -1548 98 92 507003 0 0 0
3262 -1877 45 103 429515 0 0 0
-2447 -3180 229 156 342182 0 0 0
3756 4145 206 154 267673 0 0 0
3734 -1997 97 48 631796 0 0 0
-3035 -4704 235 348 105835 0 0 0
3715 -4184 310 360 472269 0 0 0
3857 1760 237 174 262453 0 0 0
-1020 -2227 392 391 606849 0 0 0
4265 -582 26 217 457724 0 0 0
3340 -2359 270 190 623824 0 0 0
3996 1015 211 229 345819 0 0 0
2048 117 362 156 910658 0 0 0
2708 2419 405 59 781944 0 0 0
3429 4468 339 104 764467 0 0 0
2258 -487 169 254 539072 0 0 0
1200 2523 292 212 815868 0 0 0
3161 4726 379 97 743590 0 0 0
-2481 -44 261 288 488093 0 0 0
-1826 1917 398 168 519191 0 0 0
2624 32 296 115 620899 0 0 0
3796 -224 135 173 704941 0 0 0
648 -4002 406 146 696355 0 0 0
-2723 -4679 240 88 967785 0 0 0
-1822 -3411 221 74 975700 0 0 0
-3449 3922 164 283 750760 0 0 0
-669 -3213 134 27 693729 0 0 0
3460 4773 50 338 181658 0 0 0
923 -3929 48 366 795999 0 0 0
1508 838 349 95 812402 0 0 0
-3505 -3055 45 331 929091 0 0 0
1208 4756 118 232 138671 0 0 0
897 2670 247 41 121701 0 0 0
713 716 317 37 674879 0 0 0
2257 4492 117 331 753822 0 0 0
-2862 -2542 389 190 473220 0 0 0
233 3230 40 7 583569 0 0 0
2643 -288 249 61 163325 0 0 0
-2203 1880 312 142 491886 0 0 0
4134 1384 272 125 386787 0 0 0
2286 -1180 17 200 912087 0 0 0
-1657 2295 156 91 902156 0 0 0
-944 3964 352 311 569706 0 0 0
1657 273 399 83 875927 0 0 0
-3827 1705 297 116 658524 0 0 0
-886 4344 76 17 342558 0 0 0
1357 2981 105 210 733684 0 0 0
4156 -1579 184 259 668907 0 0 0
-1708 -2870 36 318 300622 0 0 0
4080 -3785 383 270 263844 0 0 0
-2133 946 121 19 364636 0 0 0
4237 -2321 407 166 745647 0 0 0
236 3595 126 141 866996 0 0 0
-3037 2322 53 118 737681 0 0 0
1394 -769 99 291 493912 0 0 0
3627 -2222 64 40 692008 0 0 0
3879 -1821 282 111 617601 0 0 0
1856 -1265 217 349 162957 0 0 0
-4132 -3003 392 183 630425 0 0 0
4733 2288 102 320 425907 0 0 0
-4178 3146 83 138 753884 0 0 0
4263 -2774 333 393 278335 0 0 0
-2080 -4747 37 201 257331 0 0 0
4237 944 388 179 113408 0 0 0
-3704 -4285 324 99 891432 0 0 0
637 906 185 340 805844 0 0 0
-2881 2158 392 131 253678 0 0 0
3465 -2554 287 53 377816 0 0 0
-3436 -2079 392 263 711567 0 0 0
-1465 -3298 313 275 140308 0 0 0
-807 4364 60 268 406917 0 0 0
1768 -2038 278 368 823583 0 0 0
-4390 4205 192 226 767816 0 0 0
-4740 -1597 92 69 179445 0 0 0
-3009 -2496 81 267 551219 0 0 0
-213 -2065 10 320 568360 0 0 0
-781 -3338 331 279 843760 0 0 0
3127 4441 102 285 959066 0 0 0
3267 189 275 92 533867 0 0 0
-1951 1504 404 360 670378 0 0 0
1162 86 12 19 928343 0 0 0
-4449 -3311 258 152 740584 0 0 0
-1600 3137 324 106 248205 0 0 0
3647 3044 187 295 314311 0 0 0
-984 665 216 196 596186 0 0 0
1631 3547 164 29 740335 0 0 0
1148 2765 322 275 940127 0 0 0
-2986 2597 14 122 498331 0 0 0
3990 369 235 174 437791 0 0 0
3523 -1034 209 80 155352 0 0 0
2097 -2668 13 195 765811 0 0 0
706 -623 151 217 818144 0 0 0
3386 -602 226 232 808142 0 0 0
-2608 4357 213 329 309739 0 0 0
557 -1518 195 357 199471 0 0 0
-1622 102 189 50 392364 0 0 0
-3798 2840 329 59 960897 0 0 0
1919 2997 174 278 196269 0 0 0
-2590 -4240 138 183 730054 0 0 0
192 2808 338 100 271931 0 0 0
-2181 -1897 142 237 697891 0 0 0
-3936 3114 306 255 520958 0 0 0
-2352 1312 334 18 648681 0 0 0
4272 -2376 44 38 466871 0 0 0
-2911 -1128 398 90 159425 0 0 0
1660 4323 142 43 557438 0 0 0
2031 378 72 157 123665 0 0 0
4399 -273 92 252 511991 0 0 0
-1022 2379 141 244 292751 0 0 0
-1559 1137 335 151 271489 0 0 0
-4075 -2905 97 72 964169 0 0 0
-1892 3287 258 134 677799 0 0 0
-3253 170 301 386 508025 0 0 0
-3798 4163 122 315 880179 0 0 0
-3295 -1809 218 125 386585 0 0 0
236 1243 48 384 713895 0 0 0
248 4055 338 294 453438 0 0 0
2672 388 14 233 122668 0 0 0
-2380 4048 343 19 557042 0 0 0
3980 1095 253 128 152370 0 0 0
2488 1055 180 132 877100 0 0 0
825 2904 208 151 851903 0 0 0
4590 -2811 275 131 715757 0 0 0
-2542 918 172 283 402532 0 0 0
900 3373 373 247 365619 0 0 0
2887 -2100 374 101 499691 0 0 0
-3206 -4382 18 304 925376 0 0 0
-3262 2359 22 190 318471 0 0 0
993 -154 296 95 395145 0 0 0
-1886 10 243 373 554504 0 0 0
1419 -874 177 63 226012 0 0 0
2587 1414 83 46 605511 0 0 0
-3430 1789 277 182 979250 0 0 0
-4376 -683 259 369 774150 0 0 0
-935 2449 359 116 864760 0 0 0
-3367 3778 173 289 989518 0 0 0
4726 2116 111 125 948845 0 0 0
-802 514 207 150 196237 0 0 0
2767 -1161 120 274 966354 0 0 0
-2927 2334 68 164 542535 0 0 0
2717 -1304 105 266 324354 0 0 0
297 710 23 236 555757 0 0 0
-365 -131 251 185 563693 0 0 0
3073 3484 278 279 761529 0 0 0
-6 3119 212 67 369910 0 0 0
-2773 827 27 190 251158 0 0 0
3700 522 362 35 376137 0 0 0
650 -4191 52 300 823966 0 0 0
-3394 -93 210 365 504014 0 0 0
-1638 -2794 228 207 692619 0 0 0
1149 -1046 38 280 225142 0 0 0
-3968 -2649 95 372 592728 0 0 0
4618 2913 167 144 329118 0 0 0
-1065 -691 366 167 553421 0 0 0
-3067 4061 142 246 467364 0 0 0
4103 -3518 203 287 129047 0 0 0
-1663 3495 210 71 633906 0 0 0
-4567 -1813 314 344 190271 0 0 0
-2041 4606 276 308 480364 0 0 0
2845 4584 357 48 335295 0 0 0
-861 817 114 292 354049 0 0 0
1984 2779 244 70 520438 0 0 0
-2706 4507 241 394 210865 0 0 0
-2073 1215 327 77 754602 0 0 0
-1895 4686 280 164 300271 0 0 0
-1967 3635 316 217 808567 0 0 0
-2192 4639 102 103 763047 0 0 0
-4019 3007 229 214 183722 0 0 0
1763 106 366 96 751757 0 0 0
-3845 2543 296 358 895217 0 0 0
86 2549 71 64 407849 0 0 0
-3200 -1604 223 267 157569 0 0 0
2389 648 224 214 534702 0 0 0
1383 -3412 230 184 658856 0 0 0
1545 -1877 31 333 954066 0 0 0
269 2859 319 6 741108 0 0 0
3072 -901 263 389 578589 0 0 0
-3368 3827 47 366 167114 0 0 0
-46 2408 324 330 950947 0 0 0
398 1816 250 54 190339 0 0 0
-3505 -3085 378 46 421854 0 0 0
-4682 -3505 260 114 447656 0 0 0
2025 4617 139 317 904774 0 0 0
-1946 2403 66 230 579475 0 0 0
-4569 -844 348 121 255376 0 0 0
-1429 -1935 168 96 742503 0 0 0
-4726 -4706 192 287 196451 0 0 0
392 -4303 156 162 650311 0 0 0
-4389 4691 129 324 173600 0 0 0
3787 2584 23 267 225973 0 0 0
-4335 4466 281 339 891292 0 0 0
478 3091 32 310 538147 0 0 0
1370 346 251 58 845521 0 0 0
-2222 -4489 106 276 221480 0 0 0
679 2158 193 118 532226 0 0 0
-2211 -2612 255 52 742457 0 0 0
4622 -1473 105 346 579970 0 0 0
1462 2413 249 337 228434 0 0 0
-4558 1866 59 136 521005 0 0 0
3327 3369 187 334 749731 0 0 0
-3418 2336 399 211 626757 0 0 0
3691 -4195 201 16 731006 0 0 0
-3263 4022 119 323 363249 0 0 0
2344 -4177 87 365 450454 0 0 0
-1437 -4685 402 333 629096 0 0 0
2408 2320 202 263 323278 0 0 0
1640 1901 295 257 720777 0 0 0
4224 -3294 246 176 861696 0 0 0
1684 -2495 370 135 838517 0 0 0
-2105 1821 323 23 365458 0 0 0
2263 -3736 147 212 830094 0 0 0
-4494 3885 90 278 796841 0 0 0
136 -1972 357 71 503081 0 0 0
-4028 -1281 147 126 436218 0 0 0
3045 -943 147 93 258750 0 0 0
4724 1129 124 199 859535 0 0 0
-2356 -3828 192 247 868085 0 0 0
3706 1844 373 266 288894 0 0 0
-4191 4748 39 160 905860 0 0 0
2332 -3938 274 278 764544 0 0 0
2151 4158 284 85 593381 0 0 0
-7 -1273 320 385 197442 0 0 0
-4714 -235 208 385 583494 0 0 0
2055 -3138 272 142 517731 0 0 0
-1931 -1177 204 385 443211 0 0 0
4434 1186 75 178 685524 0 0 0
-1196 3257 294 177 933422 0 0 0
-2039 -1673 156 292 691270 0 0 0
4308 1098 32 339 636113 0 0 0
-4515 3955 94 151 400267 0 0 0
124 -4179 175 123 444766 0 0 0
-2010 1079 260 354 656637 0 0 0
-1442 -2627 174 208 311533 0 0 0
2623 -4535 345 368 368794 0 0 0
207 3788 146 339 970557 0 0 0
1411 3791 244 56 316472 0 0 0
-809 1928 363 75 600621 0 0 0
-517 4422 345 395 104302 0 0 0
14 590 325 61 874830 0 0 0
3613 2335 259 219 901999 0 0 0
292 -4276 160 61 752747 0 0 0
538 -2487 109 60 634473 0 0 0
4669 -3288 299 332 707187 0 0 0
-570 -3316 372 343 818285 0 0 0
-1771 -1712 139 69 388553 0 0 0
-3251 -1130 260 384 544070 0 0 0
-4345 807 38 237 554280 0 0 0
-656 3597 377 349 159869 0 0 0
1868 -1177 38 48 742890 0 0 0
4312 1297 192 183 571072 0 0 0
1864 -3260 373 178 953779 0 0 0
-1980 1532 160 130 295828 0 0 0
4748 766 70 321 231882 0 0 0
-3324 -1106 212 213 135063 0 0 0
2543 -2831 245 386 301383 0 0 0
425 894 1 188 820090 0 0 0
-1424 -625 91 121 482043 0 0 0
-1721 3940 176 252 700286 0 0 0
-2008 -481 27 255 917637 0 0 0
4523 -3893 31 293 657289 0 0 0
-4512 -3394 288 322 191268 0 0 0
-4237 -1192 354 266 281538 0 0 0
3062 -1017 147 371 617671 0 0 0
3677 2861 119 168 614383 0 0 0
-1250 -1424 408 120 296969 0 0 0
-1627 -4150 156 365 537089 0 0 0
511 3357 316 115 836449 0 0 0
-3073 3848 227 214 951010 0 0 0
-1591 870 245 186 827580 0 0 0
4215 4259 317 313 977107 0 0 0
-3308 -2708 50 320 618911 0 0 0
-1084 1772 65 176 413194 0 0 0
3953 3352 355 255 914670 0 0 0
1061 189 393 211 529435 0 0 0
2217 3661 111 104 620655 0 0 0
-462 -1464 167 145 273973 0 0 0
2751 -1428 43 355 888396 0 0 0
831 -1534 74 282 445223 0 0 0
3437 -346 24 266 220849 0 0 0
4707 2211 9 232 579539 0 0 0
-2894 -2129 116 292 356343 0 0 0
-4601 -4577 67 72 977374 0 0 0
-2548 2654 170 41 408265 0 0 0
2139 2624 359 135 690057 0 0 0
-2137 3484 154 71 706350 0 0 0
-3538 4497 377 106 452940 0 0 0
-1299 -157 347 127 500321 0 0 0
-4143 -4184 193 98 495031 0 0 0
-3737 -43 262 34 203286 0 0 0
-4145 3319 283 42 964152 0 0 0
-806 3911 43 298 136276 0 0 0
1980 -4356 292 8 364069 0 0 0
667 1545 26 366 469731 0 0 0
-476 3025 197 294 969880 0 0 0
-1921 3786 162 13 233424 0 0 0
-1167 2391 195 2 304378 0 0 0
2307 -2057 113 216 884032 0 0 0
-817 2392 149 271 171438 0 0 0
580 4068 255 394 179607 0 0 0
-4209 -3927 315 114 804635 0 0 0
1724 -1016 87 380 163701 0 0 0
-2588 1771 111 21 189851 0 0 0
-4741 3268 284 255 828234 0 0 0
-3152 -4032 6 395 561173 0 0 0
-4312 857 271 237 759181 0 0 0
2126 -67 28 30 337774 0 0 0
-1866 -4591 227 73 309780 0 0 0
-614 -4385 243 339 708259 0 0 0
515 -1757 124 31 474344 0 0 0
2491 -575 351 29 352019 0 0 0
2279 4376 89 205 345585 0 0 0
4499 -2423 270 228 135080 0 0 0
3570 454 39 359 452706 0 0 0
-3562 -3555 392 324 389847 0 0 0
3230 1344 115 330 129642 0 0 0
3850 425 324 230 289338 0 0 0
-2072 307 229 251 714318 0 0 0
-861 -4357 237 236 397206 0 0 0
865 -1996 199 323 601866 0 0 0
2720 4723 373 322 101417 0 0 0
-803 186 290 339 884198 0 0 0
-2177 3391 98 51 202456 0 0 0
-3863 3803 195 94 347930 0 0 0
-553 -582 49 98 795371 0 0 0
-3340 4462 89 248 287727 0 0 0
1003 -4707 271 230 704502 0 0 0
2332 -186 120 206 817105 0 0 0
-1702 231 108 375 359953 0 0 0
-2805 3790 116 112 523787 0 0 0
-1627 -2115 87 387 327913 0 0 0
-2112 -1491 160 331 310140 0 0 0
2763 -863 249 269 386109 0 0 0
-3708 -4374 31 110 901227 0 0 0
3017 4493 62 229 867087 0 0 0
1395 -2761 265 45 221462 0 0 0
1171 -2492 40 293 951953 0 0 0
2800 -3942 308 143 637553 0 0 0
-3876 900 110 326 418038 0 0 0
2433 -3569 109 13 128661 0 0 0
2568 -2402 115 349 659679 0 0 0
1095 4750 23 37 585637 0 0 0
-4190 3947 268 348 229284 0 0 0
-727 2814 247 64 265497 0 0 0
3305 3229 76 373 215391 0 0 0
-1092 -701 156 217 544019 0 0 0
-1242 3399 361 208 568392 0 0 0
4016 -1094 244 216 524821 0 0 0
-3653 -4754 268 373 833552 0 0 0
401 2603 280 188 824910 0 0 0
-4714 552 199 152 389730 0 0 0
4232 3121 207 300 833168 0 0 0
1997 -4549 298 98 915034 0 0 0
-4336 2757 338 332 176540 0 0 0
-1214 -4359 198 217 395656 0 0 0
-4632 -2797 235 51 502991 0 0 0
-3976 1394 380 263 617852 0 0 0
3953 -1329 278 343 204307 0 0 0
-4377 -2388 297 122 612037 0 0 0
-3384 4591 256 329 661546 0 0 0
-1118 -2986 365 374 302295 0 0 0
4634 3575 353 348 830340 0 0 0
4331 4602 37 377 871561 0 0 0
-2668 508 248 344 988257 0 0 0
-2460 -2955 135 195 594930 0 0 0
-3841 155 214 258 723560 0 0 0
-3071 3254 62 17 670642 0 0 0
-3642 -4387 389 329 932197 0 0 0
1103 4446 45 50 123038 0 0 0
2396 3473 236 222 141924 0 0 0
3161 -3039 116 335 973924 0 0 0
-2924 684 259 272 400273 0 0 0
-1755 -2727 249 224 819145 0 0 0
-4139 1988 68 220 208726 0 0 0
-4022 -2018 58 342 359019 0 0 0
2219 3328 310 313 882581 0 0 0
-2750 -2250 208 209 920717 0 0 0
2048 2456 82 280 892652 0 0 0
1799 -3397 199 35 764139 0 0 0
-4251 -3682 276 130 254798 0 0 0
-4527 -3632 17 62 661439 0 0 0
928 2112 253 319 264438 0 0 0
-55 3273 353 208 907277 0 0 0
-4046 2975 341 52 430085 0 0 0
-149 2121 344 90 459186 0 0 0
-4518 -1912 4 376 638227 0 0 0
2151 2331 302 321 697797 0 0 0
1124 -2239 10 15 823153 0 0 0
-4605 -433 352 331 133038 0 0 0
4626 -1482 181 195 114859 0 0 0
-1094 4108 29 56 158067 0 0 0
-1232 -2802 294 164 620429 0 0 0
3122 4190 391 118 379570 0 0 0
194 169 296 128 197543 0 0 0
-2 -165 26 112 366958 0 0 0
-3253 3802 111 10 919864 0 0 0
-3467 2374 246 53 910504 0 0 0
-836 960 31 199 794013 0 0 0
-2964 1038 337 325 137263 0 0 0
4260 2783 120 35 369675 0 0 0
3971 4507 39 28 994936 0 0 0
4197 -393 254 339 303432 0 0 0
1101 -1858 82 357 481478 0 0 0
2879 4725 121 6 422660 0 0 0
4654 2658 35 50 548081 0 0 0
1527 -1782 95 3 277303 0 0 0
4475 2335 162 110 705644 0 0 0
-2779 4370 227 178 299540 0 0 0
1770 4277 6 300 164998 0 0 0
-178 2440 14 246 601925 0 0 0
3391 -90 216 295 328964 0 0 0
-2523 -2028 55 213 951563 0 0 0
955 -3054 63 349 636829 0 0 0
1429 -2826 274 62 195968 0 0 0
-2785 1561 347 34 969607 0 0 0
3887 -3126 275 271 472691 0 0 0
1707 783 282 363 362926 0 0 0
2836 4424 321 62 313205 0 0 0
-139 1037 170 328 774859 0 0 0
-3093 -1107 351 336 704138 0 0 0
162 -1679 187 168 756906 0 0 0
478 -2017 393 122 136588 0 0 0
-1317 -269 51 122 438613 0 0 0
4327 357 180 264 696593 0 0 0
-3455 -4310 31 168 938092 0 0 0
4773 -4789 148 34 693351 0 0 0
1458 3398 11 19 636188 0 0 0
1345 -1146 355 305 611596 0 0 0
2494 -1281 356 311 543991 0 0 0
-2023 3142 56 109 669538 0 0 0
2386 3371 281 284 234310 0 0 0
1156 3505 15 228 355302 0 0 0
-2458 -3276 291 176 829904 0 0 0
4214 3972 62 246 491896 0 0 0
