500
-324 -1 17 18 469236 0 0 0
52 250 8 35 857996 0 0 0
-234 -100 59 14 808967 0 0 0
-466 -178 48 4 868391 0 0 0
-99 -376 15 15 602174 0 0 0
455 -436 61 18 329093 0 0 0
-444 57 53 44 979924 0 0 0
272 163 21 11 650307 0 0 0
-167 -126 28 38 227783 0 0 0
139 158 56 33 477051 0 0 0
-101 287 65 41 799143 0 0 0
-145 286 15 24 616275 0 0 0
22 -52 5 47 843124 0 0 0
-137 383 1 43 452426 0 0 0
-214 437 24 50 469813 0 0 0
-61 -341 5 28 531932 0 0 0
47 462 22 26 902055 0 0 0
-295 309 42 21 554000 0 0 0
-456 434 41 23 879064 0 0 0
-199 161 29 21 471760 0 0 0
118 -18 38 44 348645 0 0 0
334 -312 41 11 694902 0 0 0
-497 -398 52 35 145817 0 0 0
-288 63 12 3 495962 0 0 0
251 -478 9 52 389456 0 0 0
147 -279 58 23 656935 0 0 0
478 -91 38 23 574314 0 0 0
458 -152 55 9 112354 0 0 0
5 39 61 42 429408 0 0 0
241 -395 55 41 955930 0 0 0
382 296 21 18 606554 0 0 0
189 440 9 5 800846 0 0 0
434 353 17 44 713928 0 0 0
279 -328 3 49 994748 0 0 0
-40 391 44 22 550351 0 0 0
89 469 55 52 650952 0 0 0
23 398 9 24 615122 0 0 0
292 231 26 35 954386 0 0 0
-262 413 38 30 591647 0 0 0
-112 53 30 13 338337 0 0 0
394 -404 24 32 455811 0 0 0
-332 -199 35 7 312891 0 0 0
-65 -138 31 15 628404 0 0 0
-417 209 20 40 795486 0 0 0
41 427 58 49 671615 0 0 0
164 -106 34 5 863791 0 0 0
-68 -421 33 44 923199 0 0 0
-222 -356 58 50 346160 0 0 0
481 479 50 39 307968 0 0 0
491 -23 50 18 982621 0 0 0
-392 451 30 12 942716 0 0 0
-403 -415 17 49 851387 0 0 0
-327 73 17 32 523058 0 0 0
266 -152 14 6 198136 0 0 0
219 447 38 23 285681 0 0 0
277 285 17 6 549051 0 0 0
-50 -95 30 1 938774 0 0 0
-491 97 10 30 883315 0 0 0
-231 -264 43 23 800632 0 0 0
-302 -348 6 48 861630 0 0 0
-491 -114 62 50 862740 0 0 0
15 -104 13 27 331589 0 0 0
453 -395 33 16 982268 0 0 0
394 447 41 32 748177 0 0 0
-423 -174 49 43 393665 0 0 0
312 -437 44 51 958503 0 0 0
190 -241 42 44 888028 0 0 0
304 117 35 44 783040 0 0 0
-105 59 56 7 621086 0 0 0
311 -29 25 11 983821 0 0 0
101 366 13 44 307317 0 0 0
127 91 52 29 811871 0 0 0
446 -262 31 15 233068 0 0 0
484 -290 51 45 316585 0 0 0
184 314 43 48 380712 0 0 0
174 153 17 8 111266 0 0 0
40 216 35 8 472031 0 0 0
423 -144 15 18 183721 0 0 0
-175 147 43 51 860935 0 0 0
-221 194 31 45 392790 0 0 0
-285 84 48 51 226823 0 0 0
149 -446 44 11 564649 0 0 0
-250 -22 29 50 928181 0 0 0
444 452 36 32 487709 0 0 0
-102 415 18 7 322325 0 0 0
475 -245 10 5 942968 0 0 0
226 332 10 43 875464 0 0 0
-400 249 14 7 418867 0 0 0
-16 -358 52 33 868525 0 0 0
273 0 19 18 354511 0 0 0
-207 -32 41 45 256723 0 0 0
-250 -327 32 29 312466 0 0 0
423 393 39 29 128960 0 0 0
259 268 5 35 677525 0 0 0
310 459 37 36 295249 0 0 0
342 -441 48 22 746238 0 0 0
-16 380 3 42 351132 0 0 0
-241 224 1 40 622681 0 0 0
121 -247 44 27 198113 0 0 0
420 -102 49 41 185406 0 0 0
259 245 57 41 380616 0 0 0
-317 363 61 7 214713 0 0 0
299 -358 31 41 820408 0 0 0
430 -14 34 10 457496 0 0 0
-110 -65 7 52 322540 0 0 0
305 303 26 6 527142 0 0 0
427 -102 35 40 549890 0 0 0
-446 -461 40 23 622204 0 0 0
-58 -397 49 52 325872 0 0 0
90 -182 5 17 729599 0 0 0
-482 467 8 4 463865 0 0 0
219 263 2 13 861923 0 0 0
256 16 13 52 874029 0 0 0
-252 -248 60 13 394248 0 0 0
377 385 46 43 126971 0 0 0
63 285 10 42 806943 0 0 0
-174 249 28 11 569817 0 0 0
-63 316 19 38 363528 0 0 0
-160 448 61 19 421229 0 0 0
-119 172 57 28 305183 0 0 0
-293 479 21 6 839633 0 0 0
-126 -74 42 22 658964 0 0 0
-12 59 53 3 360523 0 0 0
106 101 59 47 874417 0 0 0
391 158 29 52 391570 0 0 0
210 -346 63 5 223530 0 0 0
305 -457 2 44 427972 0 0 0
-454 -341 17 46 920931 0 0 0
-250 -325 44 18 294956 0 0 0
-141 -17 24 18 132638 0 0 0
-454 293 40 2 730553 0 0 0
325 -46 52 51 122795 0 0 0
273 -69 16 50 122840 0 0 0
-487 -279 57 16 542764 0 0 0
30 -344 43 21 752286 0 0 0
180 -178 50 52 543670 0 0 0
-460 -425 12 16 407699 0 0 0
-268 410 23 26 997600 0 0 0
-95 67 57 39 163629 0 0 0
57 -481 37 27 358795 0 0 0
455 110 32 33 773418 0 0 0
82 60 22 11 970462 0 0 0
-35 -458 42 7 194109 0 0 0
-315 322 56 32 215254 0 0 0
141 -309 48 22 446552 0 0 0
-308 -47 54 33 116042 0 0 0
437 11 43 9 219701 0 0 0
-50 -266 32 7 453104 0 0 0
-56 254 28 20 220041 0 0 0
193 225 65 24 561402 0 0 0
159 427 48 3 228390 0 0 0
-306 94 18 18 983445 0 0 0
9 260 20 7 854093 0 0 0
-253 470 28 28 496268 0 0 0
-169 269 24 51 892900 0 0 0
275 51 25 28 553360 0 0 0
-253 -1 62 51 430976 0 0 0
-463 448 65 21 902017 0 0 0
304 -481 41 43 181153 0 0 0
-138 435 48 3 909325 0 0 0
-440 -363 39 38 458768 0 0 0
-212 -83 43 24 492336 0 0 0
257 -478 55 51 153948 0 0 0
-58 -211 61 2 170442 0 0 0
-141 -65 29 14 859988 0 0 0
119 144 55 33 563724 0 0 0
-398 -266 27 31 740270 0 0 0
35 -28 59 46 955528 0 0 0
5 -451 10 44 616359 0 0 0
265 283 27 7 674048 0 0 0
419 -265 40 14 950946 0 0 0
-407 -433 59 11 219825 0 0 0
373 199 65 12 780392 0 0 0
412 -219 55 7 941467 0 0 0
-277 -93 54 50 475413 0 0 0
404 -382 24 9 644668 0 0 0
-54 -357 49 18 861541 0 0 0
297 -307 4 28 771151 0 0 0
-78 -90 48 48 510243 0 0 0
294 -25 47 23 619790 0 0 0
-174 -481 22 31 518719 0 0 0
-376 186 61 19 810743 0 0 0
-65 -214 12 47 608532 0 0 0
201 135 61 21 889011 0 0 0
293 436 45 28 668799 0 0 0
347 73 7 48 756258 0 0 0
-168 -18 5 48 857288 0 0 0
-385 -342 30 34 880521 0 0 0
268 -321 4 35 208876 0 0 0
487 415 12 28 869943 0 0 0
126 395 10 30 463061 0 0 0
-223 -446 65 40 727412 0 0 0
453 -331 34 42 915764 0 0 0
-419 296 30 15 998832 0 0 0
-193 298 39 46 390331 0 0 0
189 322 46 35 688875 0 0 0
288 -284 55 41 748608 0 0 0
-99 494 39 22 122941 0 0 0
219 -392 52 24 652042 0 0 0
383 -457 10 43 901656 0 0 0
-321 358 12 22 404442 0 0 0
454 90 61 37 807976 0 0 0
364 -193 28 9 235538 0 0 0
311 39 8 23 787239 0 0 0
-377 -402 30 10 571007 0 0 0
479 -397 8 6 561787 0 0 0
-381 -311 59 29 775413 0 0 0
-134 195 30 36 799086 0 0 0
-441 205 28 40 994900 0 0 0
-333 38 47 6 758156 0 0 0
-23 86 27 5 792297 0 0 0
14 4 30 40 911964 0 0 0
-400 -156 1 14 841756 0 0 0
-223 347 55 24 823751 0 0 0
307 193 32 8 511225 0 0 0
-42 -198 62 52 191302 0 0 0
266 -337 17 45 913590 0 0 0
271 463 50 27 409198 0 0 0
-222 -103 2 34 348749 0 0 0
-325 -173 63 31 790838 0 0 0
-245 -179 33 44 908806 0 0 0
19 180 29 43 534593 0 0 0
203 -30 34 45 265903 0 0 0
125 230 2 8 455842 0 0 0
98 -361 30 5 904934 0 0 0
-146 282 10 22 556795 0 0 0
228 350 31 9 938806 0 0 0
-384 380 16 43 444971 0 0 0
129 162 42 41 417670 0 0 0
-440 415 57 32 665343 0 0 0
-245 335 16 4 157641 0 0 0
75 233 24 17 722738 0 0 0
4 266 27 47 495302 0 0 0
298 360 37 34 294796 0 0 0
-475 -34 54 4 490365 0 0 0
-5 266 63 52 525366 0 0 0
292 145 59 38 172489 0 0 0
119 -473 32 19 397753 0 0 0
-252 92 58 38 284595 0 0 0
-285 44 9 49 771789 0 0 0
486 -254 9 19 901915 0 0 0
-86 -77 60 35 337089 0 0 0
463 179 64 34 441496 0 0 0
173 -306 63 43 997121 0 0 0
424 429 39 47 640857 0 0 0
-465 387 25 15 726413 0 0 0
-434 -179 56 4 281973 0 0 0
115 -192 64 12 436684 0 0 0
29 -4 23 27 754451 0 0 0
330 479 36 24 423980 0 0 0
194 -491 21 19 877146 0 0 0
161 -288 5 40 814601 0 0 0
87 342 46 25 575964 0 0 0
-191 248 47 51 602252 0 0 0
150 397 53 44 415832 0 0 0
327 180 33 12 764945 0 0 0
311 -157 64 45 727007 0 0 0
71 408 42 3 646032 0 0 0
-99 470 57 15 669125 0 0 0
-261 94 51 10 597992 0 0 0
-149 77 36 49 640898 0 0 0
-465 -214 26 2 876186 0 0 0
-347 -462 40 39 572275 0 0 0
31 92 17 11 949104 0 0 0
478 -330 63 35 223936 0 0 0
-159 216 5 2 607694 0 0 0
-258 -78 60 25 871453 0 0 0
-54 -220 48 22 812513 0 0 0
424 25 39 6 441250 0 0 0
-31 96 19 21 330758 0 0 0
402 -20 52 49 186435 0 0 0
492 457 39 3 562497 0 0 0
78 8 47 6 563773 0 0 0
-496 141 59 8 226571 0 0 0
-41 -494 15 42 124731 0 0 0
318 -340 33 12 389779 0 0 0
-296 170 2 11 571831 0 0 0
-251 135 31 44 419464 0 0 0
410 -42 20 3 745878 0 0 0
-111 -93 55 46 227580 0 0 0
-206 -295 16 32 960281 0 0 0
-22 -120 27 13 244399 0 0 0
-24 112 1 6 316772 0 0 0
373 325 38 16 699882 0 0 0
-80 155 37 43 573050 0 0 0
439 -68 23 49 267303 0 0 0
-172 -255 48 20 357647 0 0 0
289 304 43 52 544472 0 0 0
389 -322 11 5 623336 0 0 0
48 270 49 15 801732 0 0 0
167 347 42 29 652173 0 0 0
-108 -231 11 47 722030 0 0 0
-161 420 44 48 416635 0 0 0
25 497 30 15 897851 0 0 0
-389 -117 6 43 590988 0 0 0
10 -354 63 12 648592 0 0 0
203 -433 59 20 797226 0 0 0
59 276 10 16 418466 0 0 0
493 -181 9 48 521008 0 0 0
-80 261 15 51 488744 0 0 0
220 477 25 45 911763 0 0 0
50 359 27 2 109537 0 0 0
31 451 26 32 356077 0 0 0
74 342 19 40 255634 0 0 0
-9 363 5 29 695414 0 0 0
-182 -200 17 52 396272 0 0 0
139 390 50 14 342557 0 0 0
336 -461 33 10 684001 0 0 0
492 -33 39 25 866514 0 0 0
313 149 37 2 586983 0 0 0
-185 246 39 2 679513 0 0 0
-78 -445 58 7 271155 0 0 0
427 217 31 41 182778 0 0 0
-200 -203 1 12 655700 0 0 0
458 184 40 4 968356 0 0 0
68 -325 28 51 607104 0 0 0
-61 78 27 20 568582 0 0 0
-415 317 10 51 354808 0 0 0
118 -186 65 22 999254 0 0 0
77 -362 43 29 544505 0 0 0
420 84 39 7 330329 0 0 0
-271 384 9 4 473861 0 0 0
-433 301 30 11 753962 0 0 0
-261 -226 62 30 116176 0 0 0
-446 -17 50 3 892104 0 0 0
-286 298 9 19 946706 0 0 0
-171 341 35 8 292377 0 0 0
229 -31 33 34 729458 0 0 0
139 13 53 50 151013 0 0 0
-69 438 61 20 559605 0 0 0
-411 -37 5 12 437315 0 0 0
257 -59 50 3 745961 0 0 0
399 -450 5 1 892880 0 0 0
-135 -194 47 32 569356 0 0 0
168 27 28 36 137728 0 0 0
284 154 57 12 980245 0 0 0
210 -437 23 29 869468 0 0 0
-183 -115 33 48 904183 0 0 0
-325 435 60 3 791418 0 0 0
-314 317 46 43 232805 0 0 0
124 -376 11 47 916242 0 0 0
-102 165 19 17 383796 0 0 0
158 374 34 44 935732 0 0 0
-431 -34 29 22 903501 0 0 0
-158 336 18 17 969694 0 0 0
-474 451 3 30 873330 0 0 0
-75 -176 25 11 399966 0 0 0
-489 -9 64 32 662133 0 0 0
437 293 59 37 158425 0 0 0
-110 -253 46 3 591241 0 0 0
-198 -50 10 52 643543 0 0 0
291 182 8 20 371362 0 0 0
-402 -347 57 12 220992 0 0 0
444 -216 16 15 348822 0 0 0
-70 327 65 8 803797 0 0 0
-311 335 31 19 608315 0 0 0
-2 -500 50 16 337316 0 0 0
-167 325 28 41 945701 0 0 0
306 -50 23 25 880374 0 0 0
-244 97 38 37 236230 0 0 0
47 416 21 38 109677 0 0 0
-312 -500 24 43 788594 0 0 0
35 -236 44 15 387626 0 0 0
-141 304 22 28 897803 0 0 0
105 -261 57 45 342925 0 0 0
-304 264 7 41 403000 0 0 0
49 228 27 42 195491 0 0 0
-338 48 49 44 481723 0 0 0
-217 -360 64 27 158127 0 0 0
-345 315 53 1 628161 0 0 0
234 252 59 35 674068 0 0 0
213 352 29 35 508634 0 0 0
338 217 42 48 126488 0 0 0
425 310 45 51 272112 0 0 0
-363 35 10 22 139809 0 0 0
-326 -447 28 31 949162 0 0 0
-226 -439 24 18 149764 0 0 0
385 -145 27 37 156681 0 0 0
428 -12 33 48 750863 0 0 0
297 -208 47 32 155255 0 0 0
216 -368 14 9 204325 0 0 0
4 493 22 36 796390 0 0 0
-384 -115 17 21 345550 0 0 0
-166 273 22 39 521679 0 0 0
-90 -148 31 46 549991 0 0 0
-345 -92 4 47 326459 0 0 0
-17 354 6 35 785609 0 0 0
-202 206 49 30 577386 0 0 0
-500 -14 4 37 895691 0 0 0
-452 36 52 22 227724 0 0 0
-156 448 60 2 569671 0 0 0
-430 -80 49 37 501096 0 0 0
-128 -192 20 26 415394 0 0 0
232 -324 38 31 448196 0 0 0
-186 319 43 15 464585 0 0 0
-232 148 42 18 655829 0 0 0
12 305 59 35 504664 0 0 0
-358 245 12 18 346735 0 0 0
460 379 14 40 423122 0 0 0
-322 404 16 2 124336 0 0 0
-481 -301 30 1 794538 0 0 0
426 -268 45 10 334837 0 0 0
-354 -418 36 31 734608 0 0 0
-160 -56 1 35 368963 0 0 0
-37 374 21 17 472776 0 0 0
-458 287 42 20 997872 0 0 0
-19 -461 52 29 191132 0 0 0
-131 -347 8 28 110925 0 0 0
116 183 15 21 339308 0 0 0
88 -390 51 46 885915 0 0 0
-364 269 55 47 996056 0 0 0
-162 102 7 3 883229 0 0 0
-97 87 14 48 931864 0 0 0
-478 188 1 25 773696 0 0 0
380 213 45 46 629156 0 0 0
348 -484 47 28 567922 0 0 0
-62 268 31 28 170454 0 0 0
-27 95 56 45 223099 0 0 0
259 164 33 45 999854 0 0 0
-80 130 58 29 595776 0 0 0
471 -446 51 28 581622 0 0 0
-300 142 10 36 671042 0 0 0
360 428 35 42 599001 0 0 0
168 469 4 30 511268 0 0 0
382 -198 53 28 329450 0 0 0
444 -485 34 38 241264 0 0 0
451 75 2 47 887962 0 0 0
-359 -70 27 44 340067 0 0 0
7 -183 15 9 207647 0 0 0
-10 310 40 36 829646 0 0 0
389 -124 19 41 358810 0 0 0
-463 54 46 21 181986 0 0 0
456 362 60 5 493567 0 0 0
-56 256 53 19 284000 0 0 0
465 -136 43 12 945583 0 0 0
408 363 51 46 382000 0 0 0
-381 -21 20 44 155328 0 0 0
121 -254 27 34 791050 0 0 0
225 -72 26 49 569989 0 0 0
231 294 12 5 217065 0 0 0
-196 -441 24 36 691122 0 0 0
-230 -446 49 2 409600 0 0 0
-46 -164 4 36 837658 0 0 0
346 89 50 16 889953 0 0 0
-111 -249 64 36 121405 0 0 0
-282 -99 40 14 759542 0 0 0
468 249 38 18 495708 0 0 0
-356 -397 44 17 427341 0 0 0
373 338 63 27 173564 0 0 0
-461 -84 24 52 573598 0 0 0
118 -247 58 11 325478 0 0 0
-109 191 25 35 444502 0 0 0
-376 -303 59 43 749020 0 0 0
-364 -51 22 27 244366 0 0 0
165 -183 4 29 327676 0 0 0
168 -194 34 52 238812 0 0 0
-460 -365 26 48 883228 0 0 0
475 -83 45 8 548061 0 0 0
-187 -31 56 37 409701 0 0 0
-25 11 16 40 900198 0 0 0
288 -230 54 30 582594 0 0 0
55 -480 63 38 250723 0 0 0
478 -427 65 42 121570 0 0 0
-197 -88 59 8 867018 0 0 0
-373 370 30 19 957255 0 0 0
-57 -110 20 9 344368 0 0 0
268 -349 56 13 178889 0 0 0
449 226 33 49 872034 0 0 0
113 377 16 8 327223 0 0 0
-134 -303 37 49 383020 0 0 0
-76 -101 54 48 331285 0 0 0
225 81 35 51 774971 0 0 0
-291 376 13 8 686801 0 0 0
166 56 33 29 162594 0 0 0
-146 -114 32 20 655740 0 0 0
-476 450 37 21 771429 0 0 0
-409 -304 50 30 267127 0 0 0
-8 -267 65 29 102606 0 0 0
45 -286 20 50 494937 0 0 0
-32 125 34 52 101900 0 0 0
350 -445 60 47 432619 0 0 0
-446 111 22 14 571365 0 0 0
-57 12 29 47 105427 0 0 0
262 -250 52 42 337520 0 0 0
437 -106 55 13 360738 0 0 0
-425 422 19 25 831245 0 0 0
64 47 60 48 695108 0 0 0
106 239 26 32 895806 0 0 0
154 -28 24 34 757480 0 0 0
-200 -124 20 6 318151 0 0 0
35 -138 38 36 257555 0 0 0
-80 452 43 21 910600 0 0 0
329 -301 15 38 838255 0 0 0
453 -226 27 5 758415 0 0 0
-191 -332 51 52 149567 0 0 0
156 -440 15 6 201240 0 0 0
-197 -24 38 13 982605 0 0 0
4 -291 56 43 648884 0 0 0
-493 -405 47 31 816758 0 0 0
381 26 26 38 626740 0 0 0
