2900
-3152 4795 151 351 855699 0 0 0
63 -1866 205 284 249249 0 0 0
2488 -1404 210 211 105733 0 0 0
890 -1812 80 270 615193 0 0 0
-1939 -5762 23 153 926571 0 0 0
3152 3591 308 376 602704 0 0 0
-565 -3273 341 27 486300 0 0 0
1075 -3668 62 291 722429 0 0 0
-2650 1022 133 246 233686 0 0 0
-17 5553 372 305 331297 0 0 0
-3074 -3204 316 106 232897 0 0 0
-3588 -687 33 330 446657 0 0 0
5710 -2404 451 224 154246 0 0 0
-712 -119 49 240 131624 0 0 0
-3663 -4021 148 358 121533 0 0 0
-2026 -4019 327 303 589425 0 0 0
-1052 4954 425 217 716492 0 0 0
-1639 2999 177 474 605487 0 0 0
-1334 3650 115 237 355900 0 0 0
-5427 1611 58 70 995072 0 0 0
-5206 -3114 117 208 953676 0 0 0
-3330 4546 57 78 276804 0 0 0
-4912 -5746 434 446 213987 0 0 0
-1672 1423 290 202 189243 0 0 0
4686 -496 119 435 508171 0 0 0
-10 -4230 461 51 392730 0 0 0
2837 -771 164 350 448256 0 0 0
-5169 -3373 413 190 359006 0 0 0
4677 -134 196 26 833922 0 0 0
962 1814 75 302 905893 0 0 0
4638 -629 304 76 571110 0 0 0
-1791 4146 477 214 449698 0 0 0
2641 2380 64 224 710568 0 0 0
3271 3036 350 38 209932 0 0 0
2623 984 7 143 252429 0 0 0
-113 -4928 184 192 365361 0 0 0
-5550 3959 174 194 886488 0 0 0
-3121 4038 238 463 973710 0 0 0
-2406 -5516 143 142 465559 0 0 0
4000 3334 28 72 733324 0 0 0
-4693 4057 97 414 993617 0 0 0
-3591 -4783 418 190 385892 0 0 0
-2212 -1120 246 168 105210 0 0 0
1465 -4650 186 86 478679 0 0 0
-2412 -2230 215 180 326197 0 0 0
-2284 -3933 213 15 391934 0 0 0
-373 3458 442 14 193287 0 0 0
-3757 544 135 314 774263 0 0 0
701 -3969 83 42 565618 0 0 0
-3670 695 161 368 506434 0 0 0
-109 4078 93 131 153932 0 0 0
4568 5126 484 105 508629 0 0 0
-292 5334 467 361 363377 0 0 0
-94 -2182 372 469 420568 0 0 0
-1694 2052 143 233 536177 0 0 0
950 -5425 55 165 667491 0 0 0
-1343 -4655 124 97 825512 0 0 0
-4857 5360 235 84 577134 0 0 0
4834 1381 61 293 656064 0 0 0
-1981 3931 277 354 213901 0 0 0
2354 2697 119 53 212469 0 0 0
1000 -5252 479 176 326148 0 0 0
277 -1860 344 23 310959 0 0 0
-238 -3882 432 313 682050 0 0 0
4098 -3380 486 26 735557 0 0 0
-1704 -4215 234 54 683774 0 0 0
1986 -1046 412 182 139940 0 0 0
4836 -4260 185 151 473285 0 0 0
4971 1300 266 176 809411 0 0 0
-1224 -3459 430 229 642997 0 0 0
1602 1814 73 64 661647 0 0 0
-3823 2608 206 328 445532 0 0 0
-1606 497 297 234 554803 0 0 0
1510 -610 275 383 132411 0 0 0
5496 2340 59 201 244530 0 0 0
118 2497 227 335 729549 0 0 0
-5008 2897 452 164 286267 0 0 0
-5629 2509 321 177 859616 0 0 0
4080 -2789 46 189 609418 0 0 0
4105 -3398 294 212 470270 0 0 0
-2127 3614 370 187 551956 0 0 0
4286 -4881 48 459 388336 0 0 0
-4449 852 406 49 876443 0 0 0
-417 1158 157 1 756715 0 0 0
-5556 2597 30 426 974160 0 0 0
-2667 -2595 97 130 770358 0 0 0
2901 -4946 438 80 491648 0 0 0
2243 5563 248 7 627377 0 0 0
-3768 -425 210 158 824431 0 0 0
3073 -3243 341 179 375931 0 0 0
5059 -5794 434 238 474308 0 0 0
-994 -5593 400 315 631395 0 0 0
4171 -3377 415 53 581921 0 0 0
-284 -3003 331 433 267222 0 0 0
4956 3018 287 135 383647 0 0 0
882 -4780 397 406 835191 0 0 0
5425 4832 328 98 342599 0 0 0
4844 4467 369 179 254368 0 0 0
1704 2808 89 25 428499 0 0 0
663 438 328 225 806294 0 0 0
-2985 3974 368 18 313738 0 0 0
1518 2673 44 190 889565 0 0 0
-507 5288 468 455 957717 0 0 0
-645 -2808 413 99 390792 0 0 0
-3142 109 300 81 352729 0 0 0
-5288 -3358 486 67 762355 0 0 0
4175 2777 466 203 451435 0 0 0
155 4271 279 64 341099 0 0 0
-3169 -3860 23 193 410667 0 0 0
630 2194 259 35 992241 0 0 0
216 3877 419 387 558644 0 0 0
2244 -516 396 106 412876 0 0 0
2889 -3175 304 460 947583 0 0 0
3699 2073 98 201 330872 0 0 0
-2718 -3558 457 372 212095 0 0 0
-260 1730 354 404 660149 0 0 0
-3942 -1357 127 179 843695 0 0 0
5098 5346 231 193 560948 0 0 0
1590 -4101 209 330 336563 0 0 0
-3212 2281 212 360 438853 0 0 0
867 -4525 26 435 284458 0 0 0
80 4907 273 434 790070 0 0 0
330 1939 291 12 284788 0 0 0
-1735 -4305 446 45 190739 0 0 0
-144 -1410 316 66 657185 0 0 0
-5792 -3425 323 311 347184 0 0 0
-4023 -2887 80 130 731711 0 0 0
2906 5273 341 256 669321 0 0 0
4536 -1013 460 418 392353 0 0 0
2968 -4494 76 265 815048 0 0 0
-2067 126 136 194 421156 0 0 0
3431 -5011 474 419 866309 0 0 0
-5648 -1293 431 54 815480 0 0 0
-5602 -2557 74 350 443815 0 0 0
-5271 2412 206 444 608837 0 0 0
-3839 -2505 279 36 863441 0 0 0
5277 863 213 346 859650 0 0 0
-369 4758 312 1 742858 0 0 0
-5361 -2253 10 423 764407 0 0 0
-196 696 243 467 696204 0 0 0
581 -3593 365 354 217107 0 0 0
5459 -2029 107 153 920363 0 0 0
2689 3507 127 193 755290 0 0 0
3572 -998 288 99 424267 0 0 0
-267 2132 285 35 876439 0 0 0
-1682 -2206 106 196 631321 0 0 0
803 601 124 290 826296 0 0 0
2902 -98 125 43 120892 0 0 0
-3134 -2477 393 453 234347 0 0 0
-663 5585 102 10 716502 0 0 0
-5456 4563 350 382 918252 0 0 0
5774 -1152 84 334 838676 0 0 0
3392 -5521 305 129 819626 0 0 0
-3795 4624 112 335 133228 0 0 0
2757 -5272 363 323 104140 0 0 0
4670 497 409 332 146670 0 0 0
-5221 -5095 275 357 661603 0 0 0
571 -1169 37 261 726530 0 0 0
2314 -2432 257 315 902608 0 0 0
1793 -4220 419 387 840227 0 0 0
-3580 5481 243 207 543073 0 0 0
4995 3717 385 78 767216 0 0 0
2268 627 99 285 818459 0 0 0
3926 -2380 218 235 699157 0 0 0
754 4344 351 425 322357 0 0 0
-1957 5717 95 248 312894 0 0 0
5785 -5591 474 186 253305 0 0 0
-4884 -4635 486 402 741484 0 0 0
-5706 -2637 359 230 779137 0 0 0
5225 -2123 20 200 111466 0 0 0
2090 -2113 3 251 319036 0 0 0
-2551 -2099 327 378 202723 0 0 0
4927 1839 277 447 126579 0 0 0
-1969 2763 407 257 547584 0 0 0
1584 -3034 96 399 975151 0 0 0
-4459 -2284 465 420 777041 0 0 0
-5176 -394 220 410 662076 0 0 0
4853 2342 438 416 941524 0 0 0
-2466 -5359 116 164 369907 0 0 0
2482 4050 30 377 557176 0 0 0
-5294 1583 121 174 764791 0 0 0
1426 -1324 487 352 187404 0 0 0
-881 5131 232 265 166438 0 0 0
2169 1682 152 33 949484 0 0 0
-102 -211 169 405 162494 0 0 0
3546 988 273 14 832974 0 0 0
3763 -2463 207 418 197802 0 0 0
-4142 5630 227 378 942921 0 0 0
4358 3118 246 224 170007 0 0 0
426 -5470 424 437 530107 0 0 0
1073 5145 46 22 986371 0 0 0
3224 -3460 378 432 454398 0 0 0
4201 1366 332 3 450755 0 0 0
4903 -1052 439 281 487944 0 0 0
3799 -4625 129 223 547252 0 0 0
-736 5328 308 308 773008 0 0 0
-4638 -2204 85 379 832971 0 0 0
790 -2661 73 276 966205 0 0 0
-3342 -3039 407 391 272392 0 0 0
-3649 -2564 433 387 314733 0 0 0
3021 -2192 233 206 966424 0 0 0
4046 -4206 92 264 181196 0 0 0
1475 44 309 288 421362 0 0 0
-609 5389 47 427 191463 0 0 0
1026 1314 70 297 274962 0 0 0
1568 -592 139 175 945137 0 0 0
-4028 1419 184 419 752147 0 0 0
1471 3192 304 363 868873 0 0 0
5319 3776 23 68 314390 0 0 0
1509 -3850 226 330 831582 0 0 0
5616 -2789 353 65 145315 0 0 0
2606 -4441 89 260 723420 0 0 0
4691 2163 110 389 635611 0 0 0
1941 2080 348 434 930797 0 0 0
3942 2066 67 263 638565 0 0 0
3347 -3773 484 80 868470 0 0 0
5054 -1215 211 316 177417 0 0 0
-3032 4777 19 127 247765 0 0 0
-4349 -506 320 131 174386 0 0 0
-1846 -1918 181 335 245968 0 0 0
-632 -4131 39 346 994278 0 0 0
-4080 -353 240 446 607381 0 0 0
635 3376 222 355 822343 0 0 0
-5762 4098 105 332 625420 0 0 0
-609 4349 357 151 966705 0 0 0
3178 4918 424 49 314272 0 0 0
2641 5343 209 195 283032 0 0 0
4872 2480 297 384 429406 0 0 0
1644 2519 169 60 211201 0 0 0
-4954 -1222 393 160 991594 0 0 0
-5389 -198 15 390 510722 0 0 0
-5093 -4318 28 194 879549 0 0 0
4035 2185 11 443 423553 0 0 0
4986 -1658 70 233 545213 0 0 0
4873 1345 310 299 478798 0 0 0
-3881 -1193 89 167 225271 0 0 0
4509 -4926 69 161 689976 0 0 0
-2474 -1086 60 332 275189 0 0 0
5505 3055 196 233 386532 0 0 0
-3104 5646 387 216 101541 0 0 0
5352 -1126 298 364 155808 0 0 0
240 -5588 432 58 226594 0 0 0
4860 -3305 173 202 167556 0 0 0
-4877 -4896 67 392 528972 0 0 0
-191 -4048 426 118 421845 0 0 0
1167 -2416 128 265 175910 0 0 0
-636 2144 189 366 197927 0 0 0
1222 -670 241 10 524959 0 0 0
3305 -4113 325 192 205428 0 0 0
4001 -5681 426 467 807849 0 0 0
1817 3323 456 293 242945 0 0 0
-3355 -3176 10 410 831532 0 0 0
1571 -1428 386 463 465997 0 0 0
-1685 -4629 294 41 742988 0 0 0
4701 2535 103 370 171653 0 0 0
-5737 -1532 175 469 804298 0 0 0
-5686 -3613 83 315 989675 0 0 0
-2487 -5787 165 329 508116 0 0 0
5048 -4872 103 415 852458 0 0 0
4295 -4346 141 270 802942 0 0 0
5490 5075 231 457 388512 0 0 0
5742 -1185 104 186 224109 0 0 0
-3967 -4981 443 285 756392 0 0 0
-4949 5070 482 62 419465 0 0 0
3841 -333 282 236 534189 0 0 0
-44 4834 366 58 416071 0 0 0
3552 1066 75 200 424648 0 0 0
-4728 -174 143 471 821702 0 0 0
-3707 1906 368 91 808179 0 0 0
-1545 -3566 150 449 157878 0 0 0
5621 -5456 347 363 318728 0 0 0
3705 -3898 320 258 322969 0 0 0
5507 -5471 13 292 672365 0 0 0
2834 3241 43 452 805562 0 0 0
5567 -405 226 300 766292 0 0 0
-5781 -5002 267 285 261824 0 0 0
-1812 -5595 271 147 141841 0 0 0
332 -1347 38 1 862513 0 0 0
-148 4893 233 61 597681 0 0 0
-4023 2153 252 245 827139 0 0 0
-2853 -5056 458 93 436745 0 0 0
5048 -5161 59 36 749130 0 0 0
1356 -1664 41 297 751639 0 0 0
78 -1932 366 53 919005 0 0 0
-4288 600 238 93 375540 0 0 0
-428 553 357 359 313885 0 0 0
-2248 -5760 334 158 206303 0 0 0
-343 -5122 11 402 364752 0 0 0
-4633 346 323 39 162957 0 0 0
-2137 1440 421 269 146809 0 0 0
-4124 1199 365 74 445413 0 0 0
-1386 -5064 168 163 446966 0 0 0
-3593 -2514 49 418 872741 0 0 0
-4853 970 450 252 954639 0 0 0
-3071 -5742 400 196 433492 0 0 0
2975 2435 188 336 832858 0 0 0
-5149 2105 167 404 379484 0 0 0
-5428 -1757 165 457 356652 0 0 0
-3048 1988 311 134 166639 0 0 0
725 2335 410 292 239449 0 0 0
-4335 -5280 131 19 282549 0 0 0
-390 -2888 163 137 262187 0 0 0
-1529 -1638 417 228 321055 0 0 0
3813 2092 88 218 851862 0 0 0
5111 -113 453 278 592753 0 0 0
1800 3069 390 203 812500 0 0 0
2067 -3764 269 118 676662 0 0 0
72 -3482 118 163 466322 0 0 0
798 -414 485 180 467067 0 0 0
1952 5513 272 285 619942 0 0 0
-3606 1947 433 1 749770 0 0 0
2074 -3151 193 434 142233 0 0 0
1521 3814 142 470 958020 0 0 0
4040 -5612 35 123 894531 0 0 0
4584 5397 146 134 764879 0 0 0
-3861 -3315 73 242 829106 0 0 0
-803 -2942 174 303 488972 0 0 0
-3030 5305 83 380 908004 0 0 0
-3451 1838 91 220 315341 0 0 0
-1203 4227 2 271 432848 0 0 0
2135 -4157 280 147 714887 0 0 0
3283 2836 192 61 679081 0 0 0
-2863 -4100 186 165 944105 0 0 0
-2056 2074 278 138 975756 0 0 0
-1004 471 33 402 397136 0 0 0
-5681 5389 319 455 747684 0 0 0
-1721 -2952 91 163 894004 0 0 0
5039 -5502 1 80 803426 0 0 0
2861 4487 74 43 697449 0 0 0
4699 4376 42 115 110728 0 0 0
656 -469 230 178 643042 0 0 0
267 -3574 249 26 358787 0 0 0
5223 1714 15 80 767510 0 0 0
2684 -2574 232 317 239213 0 0 0
3804 5358 180 259 336430 0 0 0
-3076 -1162 67 471 965462 0 0 0
3020 -3136 478 336 377042 0 0 0
-4523 1114 224 216 177510 0 0 0
-101 -3034 168 96 498709 0 0 0
3440 2589 212 404 652337 0 0 0
-1269 3050 137 238 791710 0 0 0
-2297 -4527 85 74 519947 0 0 0
1052 -1909 35 27 155930 0 0 0
-1779 3811 68 253 377549 0 0 0
-3318 -4678 61 174 341253 0 0 0
-3915 4804 98 304 796909 0 0 0
-4026 -3778 475 457 124931 0 0 0
4463 -3881 141 65 670009 0 0 0
2107 -300 73 461 783067 0 0 0
1641 4027 132 128 405304 0 0 0
402 -927 266 6 436425 0 0 0
-2657 -5753 378 424 870870 0 0 0
2887 1245 112 169 353225 0 0 0
-5643 5523 1 136 720410 0 0 0
-860 -4487 102 201 701839 0 0 0
1919 -3486 143 7 109791 0 0 0
5371 4003 111 385 423824 0 0 0
-1798 4594 484 31 531189 0 0 0
1654 -2987 216 300 663023 0 0 0
2649 -3837 450 234 100385 0 0 0
-864 -489 169 66 908674 0 0 0
-5485 3855 96 457 309311 0 0 0
-983 -1255 424 72 486133 0 0 0
3831 1656 151 209 104305 0 0 0
2819 -4845 460 364 576103 0 0 0
250 4726 101 136 150701 0 0 0
2588 5081 83 303 364497 0 0 0
-4127 5152 167 242 777363 0 0 0
5532 586 461 115 879967 0 0 0
252 1235 44 340 121098 0 0 0
-1746 5255 338 436 733539 0 0 0
-5596 -916 94 208 629893 0 0 0
-2613 3640 227 159 296924 0 0 0
2972 5200 213 454 671898 0 0 0
1527 -360 347 411 765799 0 0 0
-508 -2186 261 256 169059 0 0 0
-2155 3367 354 456 870413 0 0 0
2595 -5088 479 199 524056 0 0 0
1919 2909 412 389 109105 0 0 0
672 1996 388 149 312212 0 0 0
-2186 3294 345 9 823212 0 0 0
166 1382 225 245 129395 0 0 0
-3665 -1640 386 158 930877 0 0 0
4764 -4079 209 181 564386 0 0 0
806 2626 238 62 828155 0 0 0
-1712 1394 357 2 170554 0 0 0
1230 720 343 62 677081 0 0 0
238 428 138 451 539157 0 0 0
-4678 -728 121 157 979412 0 0 0
-2270 1509 102 251 659566 0 0 0
-465 3496 58 196 991021 0 0 0
-5142 -1336 371 388 474433 0 0 0
4424 1952 209 213 306441 0 0 0
-3397 -4218 178 209 175337 0 0 0
-3531 3746 408 68 639308 0 0 0
270 -3055 29 205 297322 0 0 0
323 -102 377 120 366193 0 0 0
-4435 -1189 420 292 480902 0 0 0
-3204 -4524 177 193 633944 0 0 0
3826 5784 415 312 384533 0 0 0
-2050 966 59 20 352664 0 0 0
2564 -2016 435 221 230077 0 0 0
-4663 -3973 454 398 996472 0 0 0
-4791 -4327 438 340 882581 0 0 0
5458 -2175 234 330 341566 0 0 0
-3091 3392 210 344 948749 0 0 0
247 -4694 427 107 822649 0 0 0
-5210 -3777 337 345 677515 0 0 0
-5423 2243 424 274 805120 0 0 0
-831 -5269 54 15 212340 0 0 0
2533 4520 428 395 812437 0 0 0
2525 2447 231 67 194428 0 0 0
-3998 5559 294 285 139092 0 0 0
4884 -4995 319 201 656619 0 0 0
-5715 2456 278 169 821505 0 0 0
-5263 1616 470 456 572739 0 0 0
2136 4246 310 84 204328 0 0 0
2435 -4568 434 278 440489 0 0 0
2873 5735 187 276 519771 0 0 0
3095 -1844 369 32 312427 0 0 0
-5693 -135 234 414 336534 0 0 0
4540 -776 273 216 750521 0 0 0
400 4395 172 383 873849 0 0 0
4050 -5474 406 364 892415 0 0 0
2324 2613 314 113 196703 0 0 0
-3132 1174 87 242 564827 0 0 0
-3918 1911 47 454 880287 0 0 0
5465 -4132 420 116 287014 0 0 0
-1409 4296 256 433 785909 0 0 0
2337 199 127 438 191974 0 0 0
1819 5305 445 46 661586 0 0 0
-4336 3308 97 160 499694 0 0 0
-2465 -614 389 256 301029 0 0 0
859 611 257 272 952625 0 0 0
-5441 1586 177 473 611594 0 0 0
-1516 -634 294 342 982645 0 0 0
-3210 4515 416 349 198430 0 0 0
4082 -1422 28 420 756513 0 0 0
-5013 -2736 284 352 487278 0 0 0
-3157 4179 150 417 111696 0 0 0
-3917 -4832 202 458 873646 0 0 0
743 3815 473 372 652887 0 0 0
-5514 5596 124 464 635162 0 0 0
2120 1283 242 297 987601 0 0 0
-3494 968 312 338 130656 0 0 0
2085 -3598 219 266 828587 0 0 0
-4683 -5079 317 449 787863 0 0 0
2572 1308 127 3 418847 0 0 0
-3798 218 420 446 977778 0 0 0
-4177 1666 393 28 131687 0 0 0
3558 104 469 43 854653 0 0 0
-4570 -5303 396 2 734589 0 0 0
-2827 -3729 124 114 709077 0 0 0
3504 -1240 219 273 961866 0 0 0
2229 1084 245 193 585592 0 0 0
-2882 -1366 232 9 977795 0 0 0
3627 -4342 243 406 933180 0 0 0
-1022 -300 183 36 402268 0 0 0
-2517 300 257 405 815545 0 0 0
2338 -185 292 74 520165 0 0 0
4582 -1898 185 77 263314 0 0 0
3578 -789 123 209 219752 0 0 0
-1266 871 102 336 565420 0 0 0
4145 -2204 35 380 488572 0 0 0
496 -3478 466 455 416258 0 0 0
-4837 1983 465 148 197180 0 0 0
5577 -2180 404 36 957274 0 0 0
4780 4419 407 406 935630 0 0 0
-5076 -5267 185 259 678607 0 0 0
400 -3712 438 180 695505 0 0 0
1108 4519 165 305 326963 0 0 0
-4955 2475 105 234 231682 0 0 0
-1443 -4731 122 250 982404 0 0 0
-3378 -701 345 166 578559 0 0 0
-4740 -5222 57 239 484034 0 0 0
328 791 76 247 782767 0 0 0
-2821 5441 469 175 338140 0 0 0
4720 -736 339 238 954664 0 0 0
4871 436 161 136 784932 0 0 0
-5788 1686 96 134 719572 0 0 0
-94 -1731 260 290 463008 0 0 0
3282 722 239 55 217352 0 0 0
2733 -2530 181 425 177492 0 0 0
-1825 -525 355 426 985694 0 0 0
-2075 -4615 282 258 864703 0 0 0
-2447 -5627 120 406 972554 0 0 0
-3091 5085 81 441 593880 0 0 0
1076 5437 348 372 703110 0 0 0
-1564 3701 459 222 277625 0 0 0
-2607 2364 327 470 370528 0 0 0
5061 4195 158 215 615679 0 0 0
5658 -1589 228 381 601145 0 0 0
-4298 -3273 388 308 960987 0 0 0
-990 -1292 45 81 295355 0 0 0
548 126 466 264 880846 0 0 0
3801 5367 469 349 544411 0 0 0
3026 -1448 394 300 485869 0 0 0
-4755 -345 89 341 659445 0 0 0
-3216 5654 74 128 911224 0 0 0
-5546 -4088 447 360 908122 0 0 0
-516 1933 24 456 753798 0 0 0
5267 1152 66 346 681507 0 0 0
813 4907 443 349 557528 0 0 0
-187 4077 338 142 473165 0 0 0
3432 -572 137 15 260513 0 0 0
-1303 -4955 226 298 144493 0 0 0
-5244 395 334 210 324936 0 0 0
3447 3904 53 25 289817 0 0 0
-5251 -5033 158 359 196324 0 0 0
4429 3890 162 257 770743 0 0 0
-12 2421 473 357 563964 0 0 0
4229 -761 340 94 551989 0 0 0
-906 -4574 125 13 762462 0 0 0
-4557 -152 390 116 702551 0 0 0
2215 696 363 201 613037 0 0 0
-2332 -2635 222 141 386186 0 0 0
-3215 2412 186 138 612544 0 0 0
-4177 2859 169 21 365648 0 0 0
2539 1841 311 296 956851 0 0 0
747 2289 287 471 660873 0 0 0
895 -5041 102 213 823035 0 0 0
-264 985 235 79 956890 0 0 0
1841 2541 310 447 123527 0 0 0
1761 -5363 372 415 249658 0 0 0
4107 -3393 368 242 223486 0 0 0
-4833 -537 256 59 644576 0 0 0
-5715 -423 14 231 354111 0 0 0
5442 -1107 115 371 264484 0 0 0
1356 5217 49 348 399494 0 0 0
-2828 2899 289 373 238702 0 0 0
-4955 3544 9 471 417305 0 0 0
-329 -4873 43 380 499163 0 0 0
-270 1147 200 423 860752 0 0 0
-3440 -2987 9 448 985937 0 0 0
-2701 793 435 294 163342 0 0 0
-3683 -1260 134 425 716782 0 0 0
-1708 2603 82 468 869709 0 0 0
4838 1859 294 90 158300 0 0 0
5231 1308 106 123 386556 0 0 0
4537 859 403 149 743412 0 0 0
1698 -1758 448 16 267006 0 0 0
3749 -3564 3 182 707595 0 0 0
867 -5289 259 476 178223 0 0 0
3574 1267 253 410 423945 0 0 0
2739 4259 375 137 244862 0 0 0
-5338 -3522 145 3 364480 0 0 0
-4081 5611 137 408 651560 0 0 0
-4784 3977 278 97 587594 0 0 0
-4099 -2461 384 273 278587 0 0 0
-5736 2402 345 398 344577 0 0 0
5421 4694 297 159 571525 0 0 0
-1952 -5671 176 287 623681 0 0 0
-212 1698 477 20 515342 0 0 0
637 -1220 153 317 469912 0 0 0
-1792 3061 217 442 635881 0 0 0
744 -5262 86 397 114881 0 0 0
-4850 5422 239 118 864418 0 0 0
4269 4881 477 439 332270 0 0 0
3902 4347 292 277 354328 0 0 0
-1663 3382 170 438 268714 0 0 0
-837 411 149 258 377521 0 0 0
922 -171 471 32 534310 0 0 0
-3847 1538 285 129 370066 0 0 0
4716 -1652 62 217 354897 0 0 0
-3692 -1680 353 242 164202 0 0 0
-5575 4397 355 207 906933 0 0 0
-4157 249 168 421 955738 0 0 0
-1572 5643 119 5 600870 0 0 0
2134 4229 37 415 190904 0 0 0
1926 1427 377 266 807777 0 0 0
3192 5682 458 451 521544 0 0 0
4590 299 43 102 668511 0 0 0
-2416 -2227 274 17 391896 0 0 0
2133 -4098 349 215 221208 0 0 0
1108 1899 357 101 255520 0 0 0
2804 -1785 65 118 597986 0 0 0
335 -3181 81 244 105728 0 0 0
1007 2109 324 31 764838 0 0 0
-970 4138 466 330 855837 0 0 0
4089 -3222 150 352 534376 0 0 0
-4628 -725 58 85 384765 0 0 0
-1353 -4979 267 462 604534 0 0 0
2627 -1175 425 212 253077 0 0 0
-4902 -2335 245 80 355838 0 0 0
2991 5370 266 16 981604 0 0 0
-4041 1344 349 381 205935 0 0 0
-867 901 84 35 741960 0 0 0
5685 3543 121 377 222005 0 0 0
3818 5793 316 224 183893 0 0 0
-522 4837 442 82 433826 0 0 0
5052 79 473 83 414641 0 0 0
4259 -4637 67 241 899355 0 0 0
-640 4327 164 293 231259 0 0 0
2642 287 467 88 584973 0 0 0
4583 5134 52 288 748241 0 0 0
-2410 5502 182 394 805737 0 0 0
-5106 1978 185 244 316144 0 0 0
-3337 275 255 175 552725 0 0 0
-3517 3684 53 462 196917 0 0 0
-5570 -1455 116 88 663767 0 0 0
1235 -3857 487 73 590023 0 0 0
2791 -1659 226 407 670160 0 0 0
5775 5414 342 276 947549 0 0 0
4062 4537 310 22 236337 0 0 0
-143 1442 206 33 656643 0 0 0
-2147 -2063 49 65 911557 0 0 0
4446 -2598 110 34 465666 0 0 0
4409 920 276 101 960988 0 0 0
-1669 4169 397 242 298923 0 0 0
5452 4357 207 396 237325 0 0 0
740 4230 295 38 132752 0 0 0
-2795 -2384 37 229 182642 0 0 0
5110 -260 327 305 753156 0 0 0
4213 1596 298 421 298770 0 0 0
-2103 -5799 224 164 921827 0 0 0
374 3031 2 457 102355 0 0 0
-742 5672 370 201 568596 0 0 0
-1730 4624 98 271 912099 0 0 0
2949 -647 6 76 997344 0 0 0
855 5235 156 290 573855 0 0 0
4086 -1537 119 88 414254 0 0 0
3505 4348 220 257 911360 0 0 0
-1564 -552 489 58 977042 0 0 0
-5540 -929 127 173 675088 0 0 0
2428 -3753 161 72 182802 0 0 0
3288 2219 247 321 355485 0 0 0
-2276 -2800 151 304 772385 0 0 0
3121 3047 178 71 942235 0 0 0
2782 -1439 104 273 325171 0 0 0
-1635 -2244 39 198 619303 0 0 0
-84 1358 125 134 947958 0 0 0
-3100 -1083 344 132 106093 0 0 0
-4087 -3164 106 431 257070 0 0 0
-4323 -5627 108 278 909119 0 0 0
2881 380 442 162 612112 0 0 0
1346 -1033 252 411 230381 0 0 0
637 4623 313 419 706419 0 0 0
-113 -2784 314 68 347536 0 0 0
-1602 -275 339 132 146851 0 0 0
-1072 1581 312 285 871898 0 0 0
-692 -1288 382 208 584103 0 0 0
-3229 -2038 423 474 225526 0 0 0
-913 3662 26 144 816230 0 0 0
2812 3471 223 352 557260 0 0 0
5141 2631 255 398 546956 0 0 0
-2789 1589 153 268 391138 0 0 0
-3148 5449 1 179 193731 0 0 0
3102 -2342 59 194 646793 0 0 0
-3644 2561 131 149 753018 0 0 0
-2710 -3698 186 384 742900 0 0 0
4716 -1850 386 212 866776 0 0 0
4964 -3852 158 7 436318 0 0 0
57 3011 83 416 263970 0 0 0
5 475 82 244 179500 0 0 0
-1361 -4815 213 205 231471 0 0 0
-3335 790 108 112 876437 0 0 0
4888 2111 95 452 735713 0 0 0
-5452 -2894 46 96 542870 0 0 0
3622 -5239 244 229 985529 0 0 0
-2941 887 123 446 248841 0 0 0
173 4721 27 49 238350 0 0 0
226 2207 162 215 626702 0 0 0
5038 910 86 114 180644 0 0 0
-417 3832 172 299 345749 0 0 0
-5779 -2848 148 390 754874 0 0 0
-4096 -4903 350 24 671672 0 0 0
-4702 -4137 58 391 127016 0 0 0
-2004 5730 178 442 209066 0 0 0
1142 -1982 185 453 256819 0 0 0
-2856 3752 153 428 113216 0 0 0
-748 2621 246 277 571978 0 0 0
1663 5704 124 109 184602 0 0 0
-5049 4286 125 45 684057 0 0 0
452 1119 101 443 595658 0 0 0
1033 949 410 76 374720 0 0 0
1763 -3927 355 390 216188 0 0 0
-787 -5401 398 408 677791 0 0 0
-2904 5194 121 315 783778 0 0 0
1532 2754 148 372 957372 0 0 0
936 2290 446 1 696418 0 0 0
-2146 -2540 94 304 219219 0 0 0
221 3506 72 152 831091 0 0 0
-3567 -4157 4 230 876993 0 0 0
-539 -1579 170 297 624872 0 0 0
3349 -560 45 303 221167 0 0 0
420 3130 265 326 932126 0 0 0
2069 -2127 275 72 244757 0 0 0
4150 -629 24 75 377980 0 0 0
220 682 183 257 474311 0 0 0
-3601 -4345 333 188 283382 0 0 0
-608 -19 239 265 586668 0 0 0
-3520 102 309 146 237416 0 0 0
-493 -751 81 253 232788 0 0 0
2852 3064 107 291 248968 0 0 0
-2523 -2816 222 291 551498 0 0 0
-3021 3687 397 319 500279 0 0 0
-660 5555 308 21 526048 0 0 0
-3962 3803 467 216 696106 0 0 0
-293 2445 43 21 279547 0 0 0
-562 -1185 50 435 166755 0 0 0
706 -194 37 337 887864 0 0 0
1630 -5212 123 459 964619 0 0 0
-4369 -5330 355 332 452540 0 0 0
-2382 378 103 225 106480 0 0 0
-1034 -2382 417 266 273422 0 0 0
1721 1755 459 97 283500 0 0 0
-5450 542 459 239 214288 0 0 0
-4193 5501 248 468 215155 0 0 0
4263 -3461 377 134 991597 0 0 0
-1503 2997 143 125 407287 0 0 0
-4907 -3586 370 269 817002 0 0 0
-734 5464 249 178 247252 0 0 0
-1192 198 222 119 397149 0 0 0
4829 3620 489 156 980886 0 0 0
-1575 -2635 469 309 605539 0 0 0
1356 -520 84 423 502397 0 0 0
5344 -2217 290 361 408784 0 0 0
3178 -2491 273 110 256024 0 0 0
-2403 749 291 241 196602 0 0 0
-4134 -2317 330 1 747295 0 0 0
4636 -1137 137 38 882067 0 0 0
-5415 -716 398 130 358695 0 0 0
5546 -1786 135 312 727724 0 0 0
-4137 704 25 174 724285 0 0 0
19 2006 174 181 990344 0 0 0
3614 -793 129 278 304195 0 0 0
2402 -3236 396 201 194274 0 0 0
-3080 3416 45 210 273924 0 0 0
51 -2447 388 104 867509 0 0 0
-204 4183 208 321 646969 0 0 0
-3365 -288 39 403 307544 0 0 0
3510 4557 100 386 767135 0 0 0
5353 -4181 204 377 898743 0 0 0
4760 -2154 97 231 773841 0 0 0
3134 3339 465 24 333749 0 0 0
3808 -2776 26 295 671861 0 0 0
-4517 4807 271 439 513849 0 0 0
2822 -1400 269 233 615216 0 0 0
5594 -1616 301 255 830424 0 0 0
3308 115 195 311 175208 0 0 0
-1784 -244 100 388 506515 0 0 0
799 -1572 38 305 482195 0 0 0
4341 -5788 95 187 531539 0 0 0
-5486 -1118 138 118 251289 0 0 0
278 -5295 328 409 297296 0 0 0
-3311 -1464 437 207 290556 0 0 0
-4661 2624 484 362 586688 0 0 0
-4414 2592 291 96 620905 0 0 0
-877 4912 327 337 563080 0 0 0
400 -3963 65 193 927212 0 0 0
1303 -3957 252 185 479038 0 0 0
818 3123 192 417 111945 0 0 0
73 4995 208 332 613739 0 0 0
-1502 -2851 221 239 784738 0 0 0
-5512 -351 423 305 698569 0 0 0
-2707 -391 398 424 577860 0 0 0
-3494 5053 129 380 420183 0 0 0
1513 5315 234 77 153875 0 0 0
2070 -4312 444 43 604802 0 0 0
5060 -4733 10 211 602645 0 0 0
1593 5590 318 347 961408 0 0 0
4698 2287 141 414 862124 0 0 0
527 -3703 306 10 340841 0 0 0
-5536 -2949 312 223 880603 0 0 0
1044 44 484 36 284215 0 0 0
14 1556 115 340 570302 0 0 0
-3607 -1442 447 34 391151 0 0 0
-5617 -3395 252 316 591541 0 0 0
634 2963 29 302 539209 0 0 0
625 -642 400 444 958576 0 0 0
2616 4835 418 94 622420 0 0 0
-4674 -3898 273 159 808905 0 0 0
3928 2628 284 115 399880 0 0 0
-1968 -1078 275 9 230030 0 0 0
1451 -161 240 75 503384 0 0 0
2694 -1105 481 15 966763 0 0 0
-4379 1261 400 22 148820 0 0 0
-1532 -3451 338 357 973776 0 0 0
-1730 2316 335 243 598379 0 0 0
3613 3069 469 118 342498 0 0 0
3189 -5195 121 325 132603 0 0 0
5055 -4511 359 90 466386 0 0 0
4934 -4456 277 214 453886 0 0 0
-5453 2015 462 78 593307 0 0 0
3981 -2008 31 359 603706 0 0 0
5702 1590 265 219 794144 0 0 0
-5385 -1142 416 382 474268 0 0 0
-5023 537 28 120 269333 0 0 0
-1414 -3280 301 375 881825 0 0 0
-1645 1996 429 27 337259 0 0 0
-2005 -2888 469 114 221997 0 0 0
-5467 3024 438 452 239503 0 0 0
-2341 -4845 108 152 890663 0 0 0
2682 -419 21 413 575103 0 0 0
4981 437 386 34 179327 0 0 0
-2375 -1953 191 104 939017 0 0 0
-4771 1329 299 106 920402 0 0 0
-1615 -3408 137 461 516047 0 0 0
5084 3000 199 98 677498 0 0 0
97 5240 429 209 838019 0 0 0
2920 2725 419 7 672031 0 0 0
-5284 -1568 8 332 405852 0 0 0
-2148 5635 464 455 176424 0 0 0
-1885 5709 36 330 251696 0 0 0
285 2307 168 329 713902 0 0 0
-4142 4935 20 180 343232 0 0 0
19 -3904 389 357 416880 0 0 0
-5173 -3278 105 326 221425 0 0 0
393 1924 243 64 310717 0 0 0
2755 -2513 460 339 476562 0 0 0
2009 -3858 30 385 755167 0 0 0
2620 -2070 358 301 706949 0 0 0
5101 -3733 356 160 115069 0 0 0
3363 -2237 410 333 652912 0 0 0
-1299 -3759 61 381 983462 0 0 0
3056 -2503 420 348 224563 0 0 0
820 -3029 249 167 348373 0 0 0
-3495 4852 470 464 618535 0 0 0
-2462 4963 457 219 350024 0 0 0
4617 494 344 348 899040 0 0 0
-4831 -4453 288 172 628398 0 0 0
4786 1981 22 209 604003 0 0 0
660 -4797 55 230 980839 0 0 0
-1924 -5711 289 443 817197 0 0 0
2158 2340 463 308 888271 0 0 0
916 -3825 274 377 808860 0 0 0
-1800 -2563 409 308 246682 0 0 0
4812 -2551 208 369 532712 0 0 0
-5294 -3481 466 296 322251 0 0 0
-5762 1626 55 297 869843 0 0 0
-3916 -5112 230 259 842362 0 0 0
-525 231 358 357 411649 0 0 0
-3769 -656 438 275 219614 0 0 0
-650 507 380 40 496179 0 0 0
3814 1106 23 223 812697 0 0 0
802 -1252 372 371 688503 0 0 0
5181 2376 345 375 328863 0 0 0
-1716 4793 156 162 198985 0 0 0
-2526 -5109 466 67 332978 0 0 0
-2212 -3624 87 310 586116 0 0 0
-108 3737 11 458 466348 0 0 0
-3983 -1405 260 266 649689 0 0 0
-339 3108 376 287 906040 0 0 0
-4321 -2185 308 110 514479 0 0 0
581 5135 471 315 831548 0 0 0
-2660 156 376 378 528729 0 0 0
3745 1058 366 19 261542 0 0 0
-1425 3021 97 164 509946 0 0 0
-2223 2392 210 17 761301 0 0 0
-3883 -62 404 214 336912 0 0 0
-2802 406 78 38 999545 0 0 0
-2772 845 125 81 499149 0 0 0
2317 -4799 153 447 491761 0 0 0
-459 -1100 238 352 443034 0 0 0
-579 550 202 444 273063 0 0 0
5156 -597 483 386 230603 0 0 0
-2050 -5024 198 27 672036 0 0 0
489 909 66 198 682302 0 0 0
-5412 -2852 475 353 621364 0 0 0
-722 -2633 22 243 257479 0 0 0
-1870 2070 129 40 368274 0 0 0
-2125 -5026 371 90 322956 0 0 0
-4855 5007 38 167 267002 0 0 0
-3542 2488 275 103 313166 0 0 0
-1612 1844 454 402 480310 0 0 0
2571 3963 84 148 211818 0 0 0
5036 4463 451 249 833793 0 0 0
128 1621 364 300 659468 0 0 0
-5321 3704 236 335 133330 0 0 0
-2147 1220 123 128 568877 0 0 0
1208 -3786 106 346 952498 0 0 0
-5103 2225 486 216 167647 0 0 0
5582 4236 8 363 247295 0 0 0
-4144 -4919 8 344 171978 0 0 0
2605 -4832 161 160 320540 0 0 0
803 -5431 309 259 289707 0 0 0
2656 -4690 235 12 667511 0 0 0
90 4250 8 20 807775 0 0 0
-4387 -4661 229 284 869694 0 0 0
166 2672 278 98 140332 0 0 0
4268 -3603 251 280 497332 0 0 0
485 -2784 311 466 815713 0 0 0
-5737 -5220 280 5 501355 0 0 0
-3358 1411 54 380 666811 0 0 0
-1237 -3030 106 160 171876 0 0 0
1380 -936 452 150 390725 0 0 0
2810 1730 348 253 812262 0 0 0
4431 2804 338 446 349768 0 0 0
-1902 595 372 23 819634 0 0 0
-5402 -3368 116 218 823943 0 0 0
-4740 2883 374 464 281847 0 0 0
-3026 2398 15 17 827343 0 0 0
4204 -5422 338 422 291384 0 0 0
5476 -1787 62 109 924379 0 0 0
-773 -4809 386 188 665628 0 0 0
660 -2078 108 37 403921 0 0 0
-2623 4330 22 66 641018 0 0 0
2925 4723 196 264 123803 0 0 0
-3981 -5154 85 301 489888 0 0 0
1973 605 141 294 451710 0 0 0
2434 -4181 221 339 300329 0 0 0
-2217 2873 37 118 711919 0 0 0
-787 -2119 451 356 291442 0 0 0
4585 4378 314 239 461519 0 0 0
744 -4948 308 205 891113 0 0 0
4278 -2916 310 29 358614 0 0 0
4348 -386 410 23 894583 0 0 0
3510 992 48 399 992614 0 0 0
2616 -1788 62 239 898118 0 0 0
-2447 -2786 203 384 307302 0 0 0
-1232 744 23 257 666356 0 0 0
5287 5352 89 127 586949 0 0 0
2358 4553 46 125 287397 0 0 0
-2200 3827 353 25 497775 0 0 0
1283 -4358 254 150 756565 0 0 0
1001 5634 178 101 327110 0 0 0
2548 526 241 273 367096 0 0 0
1378 -3228 123 382 756122 0 0 0
-3060 -1578 377 393 396251 0 0 0
774 -2325 166 447 562250 0 0 0
1524 -5310 83 128 230442 0 0 0
-273 372 26 313 527095 0 0 0
4533 2331 87 439 455830 0 0 0
-4809 -3437 115 14 522771 0 0 0
1522 4401 12 233 229267 0 0 0
4368 -2535 266 354 245669 0 0 0
4140 -5425 323 17 678934 0 0 0
5129 -4365 386 16 547668 0 0 0
-5094 4487 430 362 660611 0 0 0
-1381 -4678 138 247 259473 0 0 0
2396 -242 135 442 781852 0 0 0
4238 1676 308 253 437840 0 0 0
5751 -5675 119 258 607813 0 0 0
-523 519 338 341 966034 0 0 0
-46 -3500 141 104 248666 0 0 0
2741 3344 381 87 671170 0 0 0
-4986 445 462 402 176451 0 0 0
-3777 2893 269 384 513709 0 0 0
-129 -1261 257 401 517455 0 0 0
-2884 2186 121 324 275046 0 0 0
-3102 833 190 302 480962 0 0 0
-5722 2443 398 247 992754 0 0 0
742 -3571 320 111 715085 0 0 0
2178 1577 136 130 899891 0 0 0
3456 -836 306 470 745249 0 0 0
-3224 -1066 281 404 333505 0 0 0
-561 -856 392 184 198588 0 0 0
3339 2680 357 450 974549 0 0 0
-5768 -3805 424 21 409911 0 0 0
2166 3536 356 42 450911 0 0 0
-552 -810 108 77 515427 0 0 0
4551 4773 395 342 322298 0 0 0
1005 4621 207 106 884305 0 0 0
-1617 4918 300 325 671164 0 0 0
-5415 538 75 230 183683 0 0 0
-3059 4958 390 380 870378 0 0 0
1093 -4135 434 393 265041 0 0 0
-856 -5370 422 325 801741 0 0 0
-2389 -2943 94 289 253367 0 0 0
-4707 -3241 275 8 705160 0 0 0
1020 1848 183 175 489408 0 0 0
1162 -5251 374 172 756885 0 0 0
5010 -1206 463 254 373359 0 0 0
-5727 -3537 166 168 636273 0 0 0
-5593 -5561 379 287 420825 0 0 0
-93 -3029 354 261 790680 0 0 0
3507 817 475 146 166168 0 0 0
4731 4159 339 444 523802 0 0 0
-3620 -803 359 157 783871 0 0 0
-1370 5645 13 4 597018 0 0 0
1689 5519 178 404 638199 0 0 0
175 -5418 213 74 233516 0 0 0
-3597 -3256 164 450 624747 0 0 0
691 -4356 214 473 369002 0 0 0
-2975 -5619 215 253 422747 0 0 0
-3933 3679 184 417 783267 0 0 0
-2101 -4519 388 206 446869 0 0 0
3875 -3610 319 253 385642 0 0 0
-4200 -1979 353 333 416584 0 0 0
-1146 -2144 29 19 536473 0 0 0
3269 -3431 223 56 887718 0 0 0
835 1995 9 250 163467 0 0 0
-4969 4108 324 322 547641 0 0 0
3183 2491 195 432 552782 0 0 0
4624 2854 429 101 405807 0 0 0
4147 2529 237 311 218470 0 0 0
1354 -4122 249 118 156055 0 0 0
-5160 -5444 442 264 871590 0 0 0
-2546 5542 48 157 204410 0 0 0
-3102 -1616 414 11 449267 0 0 0
3749 -1568 2 341 858688 0 0 0
1609 3350 146 117 713974 0 0 0
2746 2556 488 132 718363 0 0 0
4510 5454 241 117 331630 0 0 0
-5106 4723 411 46 482534 0 0 0
-3443 -2704 220 436 488944 0 0 0
4806 1270 313 398 373442 0 0 0
-5146 -2594 469 310 137429 0 0 0
-5693 -5211 440 82 971375 0 0 0
3106 -4971 360 476 913700 0 0 0
5705 1171 32 130 620524 0 0 0
-4724 3462 45 9 419664 0 0 0
1658 -4920 462 79 289464 0 0 0
3787 1299 238 318 663812 0 0 0
5040 -347 251 90 750893 0 0 0
1816 -2036 77 310 813310 0 0 0
1869 -3985 440 327 808015 0 0 0
-1026 1032 350 456 319908 0 0 0
-1241 -5406 226 408 174631 0 0 0
-693 -1445 249 67 651432 0 0 0
1956 3654 413 77 755069 0 0 0
783 822 285 378 500867 0 0 0
-250 -172 470 317 701793 0 0 0
2019 -86 307 316 293385 0 0 0
1608 -1332 131 461 459159 0 0 0
-972 1352 392 150 177506 0 0 0
-3692 4756 441 458 735710 0 0 0
-4177 4124 445 219 359314 0 0 0
4368 -5 320 331 179486 0 0 0
5256 -4830 409 142 190982 0 0 0
899 3994 373 372 432732 0 0 0
-4737 1739 19 236 463156 0 0 0
4821 585 168 366 125467 0 0 0
-4125 -4629 379 363 287311 0 0 0
978 333 239 7 611281 0 0 0
5322 4954 233 406 609444 0 0 0
1505 2523 80 471 130158 0 0 0
3636 -4033 454 472 551223 0 0 0
5106 3780 338 149 863329 0 0 0
2010 1158 174 267 775152 0 0 0
4873 858 333 309 756530 0 0 0
4077 -761 40 282 217552 0 0 0
1243 4315 295 446 480023 0 0 0
-4147 386 488 171 931770 0 0 0
-3689 -3033 172 25 170952 0 0 0
5283 -5707 434 391 839684 0 0 0
2844 2533 163 378 789731 0 0 0
-4678 651 68 331 237925 0 0 0
4890 -49 64 69 341169 0 0 0
-4148 -1045 211 222 663026 0 0 0
4544 -1184 415 324 766595 0 0 0
-2904 -1586 322 308 938811 0 0 0
-1698 1147 380 349 958871 0 0 0
-4598 5296 338 286 789654 0 0 0
454 -5125 376 475 284752 0 0 0
-3111 5063 82 134 928247 0 0 0
12 -3977 295 218 742336 0 0 0
220 4827 213 453 647653 0 0 0
-4832 -4359 415 282 259000 0 0 0
-3658 746 329 68 392623 0 0 0
-3540 2804 478 237 907446 0 0 0
1516 5154 398 106 732567 0 0 0
-4530 1622 423 445 668446 0 0 0
798 2222 280 273 897740 0 0 0
4475 -2170 258 210 415818 0 0 0
-5314 3424 310 225 614066 0 0 0
2910 -2107 341 26 647893 0 0 0
5689 -1978 81 247 432505 0 0 0
-4897 1148 481 110 889049 0 0 0
2993 3944 485 260 766158 0 0 0
-583 -795 151 375 473308 0 0 0
-5429 -4395 74 306 635482 0 0 0
-586 1873 360 129 660912 0 0 0
-2230 4749 361 150 249204 0 0 0
88 86 483 65 777646 0 0 0
391 536 290 286 438513 0 0 0
4590 -1708 146 222 211819 0 0 0
5273 -3933 377 78 944823 0 0 0
-3981 -5267 310 257 799152 0 0 0
-3471 1377 247 23 785019 0 0 0
599 -1981 345 253 960129 0 0 0
2175 1967 185 243 492208 0 0 0
35 -4096 325 182 571319 0 0 0
-1197 -5185 149 138 678897 0 0 0
-1278 263 241 83 923351 0 0 0
-794 5750 311 358 922626 0 0 0
5457 2213 269 77 904517 0 0 0
1040 5604 298 219 586150 0 0 0
4716 2548 317 82 630486 0 0 0
4096 -5393 489 41 947297 0 0 0
-5337 1135 94 435 330757 0 0 0
-5031 -4438 166 202 305665 0 0 0
2364 -3331 473 317 948197 0 0 0
-424 2027 33 163 184407 0 0 0
-4095 -4297 238 161 537250 0 0 0
900 -5258 249 364 642149 0 0 0
3354 586 244 190 913366 0 0 0
164 4569 369 117 111020 0 0 0
-3187 2086 114 103 624958 0 0 0
-3383 529 338 315 150558 0 0 0
-4788 -2536 246 438 920562 0 0 0
3409 -3612 37 424 752077 0 0 0
-2700 -744 232 364 102366 0 0 0
-1184 -905 302 150 164804 0 0 0
4526 -2753 167 196 753814 0 0 0
-3281 -1432 181 327 482729 0 0 0
-2249 -4705 107 49 424232 0 0 0
-1023 4826 166 10 268267 0 0 0
4688 -1611 113 419 348035 0 0 0
-4539 -1019 55 162 986852 0 0 0
-537 -1439 270 9 372885 0 0 0
-3492 3555 128 288 609612 0 0 0
-4074 620 275 119 214213 0 0 0
-1013 5588 365 95 889842 0 0 0
-3553 2417 453 433 118759 0 0 0
-1656 -187 199 466 120934 0 0 0
-1304 -4077 210 235 828098 0 0 0
714 -5059 138 377 974935 0 0 0
1009 958 220 342 159075 0 0 0
-5497 -589 291 407 984367 0 0 0
-3022 3153 31 387 836201 0 0 0
2026 2893 444 358 431943 0 0 0
-197 3808 27 282 736953 0 0 0
2701 500 90 297 121404 0 0 0
-4239 2158 403 31 821185 0 0 0
2531 576 70 51 465562 0 0 0
4192 569 26 219 523138 0 0 0
-1736 64 264 203 377531 0 0 0
163 -4628 19 183 374919 0 0 0
-1464 2533 116 190 626841 0 0 0
-5427 2505 367 322 148585 0 0 0
-3759 3190 39 429 282380 0 0 0
-146 -69 268 372 192258 0 0 0
-2982 4109 154 335 714422 0 0 0
3831 -3198 3 218 926515 0 0 0
-748 5405 400 124 670304 0 0 0
2106 4555 223 171 466681 0 0 0
4999 4014 438 432 745037 0 0 0
581 -218 121 364 370694 0 0 0
-3479 3614 56 144 314134 0 0 0
5768 1093 80 116 110799 0 0 0
2944 3020 5 182 171180 0 0 0
5675 -4870 157 121 525008 0 0 0
-1928 2010 22 195 669954 0 0 0
2862 524 366 49 790307 0 0 0
894 2250 39 435 442970 0 0 0
-4293 -1794 394 273 788950 0 0 0
-3087 -3126 128 143 711462 0 0 0
-2209 5404 193 132 787800 0 0 0
-2660 -2364 94 150 389752 0 0 0
-713 -2080 434 320 434906 0 0 0
547 1491 415 248 160865 0 0 0
2211 -3271 248 339 562780 0 0 0
-3640 4200 114 218 531860 0 0 0
3536 -2680 74 214 210301 0 0 0
-3124 -4182 274 153 649020 0 0 0
-2395 4484 328 111 112132 0 0 0
-2252 1415 472 459 575523 0 0 0
-18 2286 128 14 460882 0 0 0
5384 4524 391 83 603281 0 0 0
-4518 2512 67 51 576658 0 0 0
-2434 2860 105 26 346470 0 0 0
1497 -1520 186 52 692676 0 0 0
4575 -5478 54 271 942253 0 0 0
-1028 -5581 148 368 437441 0 0 0
5122 447 386 282 221121 0 0 0
-1435 542 262 346 695003 0 0 0
-4783 -1949 244 18 853242 0 0 0
2412 3453 339 476 772993 0 0 0
5443 2995 360 260 919436 0 0 0
-2893 5133 62 104 534590 0 0 0
-3073 -2443 273 43 589506 0 0 0
-1059 -1541 355 178 805186 0 0 0
4161 -5077 74 147 547864 0 0 0
-2531 3063 190 441 983940 0 0 0
2913 2293 233 330 615223 0 0 0
1595 3358 59 94 598432 0 0 0
-2005 5042 222 90 321174 0 0 0
-4934 -4841 436 374 109079 0 0 0
-3438 -3141 245 466 734815 0 0 0
1276 -4332 191 64 978082 0 0 0
-5690 5324 42 108 219976 0 0 0
-1412 4812 142 25 462680 0 0 0
-1937 -4870 423 55 113527 0 0 0
-2057 -805 77 338 939076 0 0 0
-3698 -2070 195 272 145394 0 0 0
2889 -2936 20 331 161025 0 0 0
-963 -3997 464 151 908577 0 0 0
-1534 2694 316 111 980004 0 0 0
-3619 2897 370 261 547718 0 0 0
-3261 -4892 292 30 310080 0 0 0
64 -4594 102 223 601359 0 0 0
-3464 -5045 454 73 366512 0 0 0
4867 -3153 118 32 200606 0 0 0
1660 1280 21 357 709426 0 0 0
5423 -407 479 305 548403 0 0 0
5281 3334 345 285 373787 0 0 0
-2871 -1169 249 353 389080 0 0 0
-2468 -3963 128 400 966224 0 0 0
-3309 380 218 58 822975 0 0 0
4364 3523 478 168 872116 0 0 0
-2864 1830 427 460 785590 0 0 0
-3093 -807 250 421 377478 0 0 0
-4136 -5 298 430 672393 0 0 0
2719 -3580 416 120 934592 0 0 0
-1568 -1999 398 155 385623 0 0 0
-787 -4128 353 132 740034 0 0 0
3023 -1139 123 238 457558 0 0 0
-4924 -2599 108 194 564964 0 0 0
1396 5495 231 132 233498 0 0 0
4237 -3888 22 383 870054 0 0 0
4343 2336 385 200 454050 0 0 0
1399 2880 71 199 849871 0 0 0
2556 -3133 161 282 226960 0 0 0
2995 -3524 252 353 889973 0 0 0
-3578 -3065 27 250 588025 0 0 0
1327 1302 478 81 479126 0 0 0
3094 5367 348 459 387072 0 0 0
-1767 -1408 271 26 813336 0 0 0
-2044 308 160 304 607227 0 0 0
5352 1385 297 107 488878 0 0 0
-1367 -172 43 325 206022 0 0 0
-3586 3211 459 318 147219 0 0 0
3021 834 327 191 317765 0 0 0
-3186 -1014 216 396 157143 0 0 0
-5682 -4995 14 427 350265 0 0 0
2421 -2159 69 149 915137 0 0 0
-3541 5369 34 344 672787 0 0 0
-2308 3475 200 355 612967 0 0 0
-497 5598 41 245 899812 0 0 0
-4403 1112 352 111 894224 0 0 0
1522 -4400 167 387 137644 0 0 0
3842 -1355 431 265 920599 0 0 0
4061 -1912 271 339 242852 0 0 0
-4509 -3229 235 187 197438 0 0 0
3916 4673 380 35 357326 0 0 0
-962 -3378 460 390 879483 0 0 0
-4063 -891 339 167 850743 0 0 0
-675 328 283 335 770674 0 0 0
4185 -3174 275 77 256879 0 0 0
5261 -4017 273 423 436473 0 0 0
2041 904 115 331 619246 0 0 0
-4401 299 201 232 832408 0 0 0
-558 3559 427 156 224540 0 0 0
-2318 953 475 121 327324 0 0 0
5561 5003 252 67 644749 0 0 0
5694 5341 407 459 771517 0 0 0
-4889 -2324 7 58 978826 0 0 0
4117 1122 185 68 564181 0 0 0
-5777 2741 437 172 564281 0 0 0
-4051 -5652 40 335 115042 0 0 0
-1478 1627 179 75 161314 0 0 0
-3445 -5453 485 60 821777 0 0 0
-4099 749 286 203 393353 0 0 0
-4706 5528 444 427 887966 0 0 0
5755 4225 352 437 131450 0 0 0
-2609 4910 281 67 668358 0 0 0
4629 2787 373 407 677579 0 0 0
2797 2015 412 10 124620 0 0 0
-3787 4527 292 331 284605 0 0 0
2036 2605 7 297 778190 0 0 0
-4454 -2053 318 410 182419 0 0 0
-3951 -1964 214 228 737970 0 0 0
-248 1074 4 236 619297 0 0 0
5020 -1418 154 418 942287 0 0 0
-1505 2388 305 107 448391 0 0 0
3692 -5525 56 414 462680 0 0 0
-1489 680 486 403 901772 0 0 0
-2631 -11 475 60 929939 0 0 0
-2037 395 81 465 180331 0 0 0
-4442 3313 226 447 700837 0 0 0
4383 -4357 454 382 970461 0 0 0
36 -2843 259 9 917386 0 0 0
4275 2625 340 195 730432 0 0 0
-105 495 199 65 656867 0 0 0
696 -1131 209 323 865966 0 0 0
-2444 -5135 426 338 186971 0 0 0
18 -1493 272 457 491656 0 0 0
1387 -3160 63 236 287610 0 0 0
610 5253 106 35 768393 0 0 0
5120 5300 325 133 839648 0 0 0
128 -2727 244 402 844067 0 0 0
-1639 -2758 31 174 858238 0 0 0
1505 1621 102 205 120077 0 0 0
-3113 1808 288 446 989461 0 0 0
772 -1816 190 24 776164 0 0 0
999 2116 298 204 831653 0 0 0
94 -4053 211 441 727245 0 0 0
3215 2020 84 170 861227 0 0 0
4861 3272 466 260 457733 0 0 0
-2750 763 101 115 540171 0 0 0
-5330 -3276 205 388 330183 0 0 0
4099 296 338 463 771089 0 0 0
704 3357 185 266 489979 0 0 0
-3198 2805 130 398 622374 0 0 0
-4342 -5601 28 213 739303 0 0 0
4704 -58 329 261 582324 0 0 0
3620 1299 190 26 408282 0 0 0
1665 -3889 306 257 594387 0 0 0
-3269 -4103 91 83 613937 0 0 0
-5117 78 252 213 189153 0 0 0
129 -4090 437 102 205638 0 0 0
-96 4158 177 273 591251 0 0 0
-1922 4763 83 450 850658 0 0 0
-153 -2937 469 177 468867 0 0 0
-1702 3867 167 25 835521 0 0 0
-2756 2526 242 348 814079 0 0 0
3391 -5222 390 450 584708 0 0 0
-3554 -1293 283 273 707242 0 0 0
1097 -2939 394 426 891745 0 0 0
-4702 868 294 460 487552 0 0 0
-2777 500 177 431 881611 0 0 0
-4696 -5337 307 170 214728 0 0 0
57 547 87 326 719977 0 0 0
-4758 5681 394 7 747673 0 0 0
-304 -1563 415 320 554802 0 0 0
2204 207 194 110 908794 0 0 0
20 -5426 283 361 944809 0 0 0
2919 3412 466 130 162905 0 0 0
1323 -5109 261 451 680163 0 0 0
3568 4703 51 80 650416 0 0 0
-2933 5348 415 423 698199 0 0 0
1074 3648 70 339 488397 0 0 0
1268 4369 374 172 133122 0 0 0
3225 3067 347 186 953227 0 0 0
-4711 1775 136 60 446171 0 0 0
3251 3330 453 309 134617 0 0 0
4735 4806 109 357 768001 0 0 0
1084 -3123 43 308 582573 0 0 0
448 758 312 189 565865 0 0 0
4266 4841 252 287 208219 0 0 0
-1148 1533 286 308 794392 0 0 0
2872 -2022 256 392 792926 0 0 0
4825 5295 61 207 552699 0 0 0
-2391 -207 256 367 868889 0 0 0
4884 -679 148 405 507170 0 0 0
-2128 5704 410 395 960226 0 0 0
2202 3165 171 464 865387 0 0 0
1736 -3464 53 383 121294 0 0 0
2391 2034 276 374 261868 0 0 0
1257 -5202 87 19 353813 0 0 0
563 -3632 309 322 450749 0 0 0
2578 -3711 6 367 921579 0 0 0
3826 3853 146 31 208428 0 0 0
-2237 4883 329 76 485090 0 0 0
-5601 2408 18 390 493368 0 0 0
2686 1794 99 210 691976 0 0 0
133 -3841 102 390 508169 0 0 0
4143 -5033 350 184 116979 0 0 0
-4583 245 422 467 479640 0 0 0
-5397 -26 36 86 573748 0 0 0
-1910 4205 24 381 593864 0 0 0
-990 -2905 473 412 458956 0 0 0
-3124 106 210 84 641703 0 0 0
-4920 626 36 123 106785 0 0 0
-5405 4025 313 248 760989 0 0 0
1266 4470 136 186 529987 0 0 0
-92 -2043 53 467 357048 0 0 0
-3994 1900 64 360 907230 0 0 0
1245 1388 55 417 985805 0 0 0
3150 5140 459 213 834490 0 0 0
3589 -2051 289 300 974427 0 0 0
-5187 4524 429 247 209128 0 0 0
3994 -2143 418 173 715903 0 0 0
-2097 4090 483 290 192611 0 0 0
-3354 2002 122 95 103903 0 0 0
713 -312 330 333 599930 0 0 0
4219 546 227 127 938971 0 0 0
979 -1676 337 336 988420 0 0 0
5030 4850 335 110 461890 0 0 0
3455 -4672 348 365 396931 0 0 0
3377 1316 435 211 641938 0 0 0
-4583 3239 333 243 741665 0 0 0
600 4907 141 472 592659 0 0 0
-4825 -30 50 124 499450 0 0 0
-1237 39 163 122 341660 0 0 0
529 -4678 414 43 430968 0 0 0
-3657 -1965 243 462 343234 0 0 0
-3515 -4577 5 348 149217 0 0 0
-5545 2456 396 207 999474 0 0 0
-2262 -998 314 474 631683 0 0 0
3189 1406 346 365 859609 0 0 0
4648 -2752 287 250 363857 0 0 0
1106 3079 242 242 992026 0 0 0
4844 168 477 255 893192 0 0 0
673 541 47 94 214354 0 0 0
-1495 -1824 483 474 407448 0 0 0
2663 3750 294 215 646752 0 0 0
2220 -1009 12 89 716686 0 0 0
5498 3820 203 136 989849 0 0 0
-1744 2728 486 333 568267 0 0 0
-133 -3420 375 3 533929 0 0 0
-1899 159 404 298 426439 0 0 0
5491 -4725 89 194 102475 0 0 0
3386 4485 9 256 491085 0 0 0
-4432 -1384 6 219 554899 0 0 0
-3355 310 394 203 243454 0 0 0
-512 -2057 333 164 862027 0 0 0
-1612 5397 386 371 172007 0 0 0
4513 5566 285 126 780199 0 0 0
-2790 3110 269 149 310633 0 0 0
857 159 216 188 364929 0 0 0
-5660 -538 163 420 520233 0 0 0
1209 2398 365 409 788492 0 0 0
-3330 -2081 435 7 490949 0 0 0
4662 -3488 124 323 143321 0 0 0
4699 -4612 317 176 914135 0 0 0
-3145 3186 39 398 811110 0 0 0
-851 2838 255 375 450153 0 0 0
1145 -3683 160 258 985435 0 0 0
3924 -553 130 316 632729 0 0 0
1861 -5413 339 318 346417 0 0 0
2299 -5567 249 267 453659 0 0 0
1202 -3716 187 240 127801 0 0 0
2414 -2491 88 74 206166 0 0 0
-3575 3468 178 94 154788 0 0 0
-3338 -2585 418 108 161436 0 0 0
-3746 -2766 130 63 390444 0 0 0
-3957 -1306 415 17 597358 0 0 0
4400 -2375 328 3 358724 0 0 0
1656 4270 437 185 704773 0 0 0
2993 1726 156 276 228797 0 0 0
3120 -5431 242 3 230440 0 0 0
-2030 -1408 320 211 548737 0 0 0
1818 -456 449 216 392208 0 0 0
2081 1455 194 462 177556 0 0 0
-4094 -5596 318 441 905401 0 0 0
-2196 2429 222 79 122810 0 0 0
4012 1963 75 427 981275 0 0 0
5253 -1799 10 353 149727 0 0 0
712 896 174 413 248581 0 0 0
14 -2648 149 378 498121 0 0 0
443 5692 105 258 354457 0 0 0
-588 -763 145 116 227445 0 0 0
4354 560 203 20 424456 0 0 0
5341 -2525 218 474 951196 0 0 0
-1548 -3843 152 431 125375 0 0 0
-1353 4477 294 151 914600 0 0 0
3537 4888 233 327 259107 0 0 0
-754 -1867 43 332 573448 0 0 0
-392 -2877 197 58 127849 0 0 0
1338 4478 450 86 226683 0 0 0
-1130 -3644 313 14 907966 0 0 0
-2345 -2795 147 89 748866 0 0 0
5236 2649 96 17 211206 0 0 0
-2658 1554 455 453 348917 0 0 0
2718 2189 300 471 971203 0 0 0
4636 940 224 165 207951 0 0 0
-4017 3163 229 443 383785 0 0 0
699 3888 304 270 153526 0 0 0
-1694 1598 377 157 593189 0 0 0
-1740 -1508 284 46 433602 0 0 0
5788 4921 442 159 302865 0 0 0
-2174 4538 146 298 394001 0 0 0
-3089 -1867 139 178 121892 0 0 0
1448 5441 138 433 233093 0 0 0
-1056 5521 220 445 460784 0 0 0
-4492 867 213 169 892217 0 0 0
1860 3694 26 221 948124 0 0 0
-1868 3127 141 473 216116 0 0 0
-1676 3424 411 382 513533 0 0 0
-3140 1193 205 8 386199 0 0 0
-282 -5597 56 440 259389 0 0 0
1301 -1407 327 79 845607 0 0 0
-2048 -1165 9 312 630899 0 0 0
2824 -524 124 242 539378 0 0 0
368 -1977 350 6 147452 0 0 0
-3912 2890 245 50 929332 0 0 0
-3105 -3637 47 332 487296 0 0 0
-1913 -4067 309 20 369930 0 0 0
3013 2299 206 280 825161 0 0 0
5161 -1496 449 285 452715 0 0 0
3754 -4634 467 190 573903 0 0 0
-1052 -2303 441 214 927299 0 0 0
4987 1809 470 471 734729 0 0 0
2579 -4115 478 348 962432 0 0 0
2594 -5158 231 65 469475 0 0 0
630 -1788 241 142 958502 0 0 0
-1692 4044 433 170 386507 0 0 0
175 -4268 122 432 846465 0 0 0
3878 5222 383 253 399634 0 0 0
1993 -3819 371 214 891718 0 0 0
1906 224 305 286 213450 0 0 0
-5528 3212 157 69 969354 0 0 0
-2934 -1986 281 121 915311 0 0 0
55 -3798 339 368 206597 0 0 0
-78 1567 198 69 369413 0 0 0
-1865 3879 43 253 903983 0 0 0
389 4011 239 192 405913 0 0 0
-4818 -427 450 109 175749 0 0 0
1547 918 231 349 267782 0 0 0
2783 2646 178 470 427123 0 0 0
-5560 2570 190 419 777593 0 0 0
-2019 -3368 75 358 181677 0 0 0
4577 -3968 462 459 133943 0 0 0
-2041 3851 450 91 202969 0 0 0
-2040 3432 180 169 305784 0 0 0
2676 4361 108 241 716156 0 0 0
-4150 2600 16 6 138622 0 0 0
3126 4224 413 65 735086 0 0 0
-1447 2015 219 258 911761 0 0 0
-1600 -816 164 31 967159 0 0 0
1990 -5147 239 84 110653 0 0 0
5583 -1504 282 315 820523 0 0 0
-4483 411 134 212 747071 0 0 0
-4002 1869 27 462 709359 0 0 0
-3717 -1930 453 208 790691 0 0 0
1102 -730 231 207 770437 0 0 0
815 88 452 255 552976 0 0 0
-5176 -3385 50 143 441269 0 0 0
-1016 -4706 268 252 929546 0 0 0
-4741 3172 444 316 803229 0 0 0
919 3978 236 410 288251 0 0 0
-2795 5190 180 465 131873 0 0 0
-3234 -3570 170 452 674337 0 0 0
-4830 1761 76 123 292339 0 0 0
2210 4205 378 106 398556 0 0 0
922 3147 94 242 952711 0 0 0
3774 -3627 81 17 829811 0 0 0
4004 5136 212 434 830485 0 0 0
-880 1241 142 425 320613 0 0 0
4158 -239 456 330 345168 0 0 0
-4617 -15 466 107 422814 0 0 0
-2950 1575 110 327 195941 0 0 0
1720 1779 421 350 401063 0 0 0
-4624 -5522 134 142 558573 0 0 0
4851 4494 240 167 832885 0 0 0
4947 2563 159 274 982494 0 0 0
3581 1271 19 402 983114 0 0 0
-5437 -562 20 298 255099 0 0 0
-1639 -2007 449 50 168801 0 0 0
183 -2506 198 197 951957 0 0 0
-2799 -4725 406 117 650016 0 0 0
2134 4507 73 349 575284 0 0 0
5056 4228 263 326 621858 0 0 0
4379 4653 42 190 187813 0 0 0
2409 82 403 161 238841 0 0 0
-5458 -2934 18 33 914007 0 0 0
5419 -1686 9 286 267497 0 0 0
-5581 -3435 385 57 799812 0 0 0
2665 -1817 285 211 605005 0 0 0
3780 2784 295 146 366079 0 0 0
4732 -5709 320 67 961857 0 0 0
-157 370 276 183 811885 0 0 0
3145 -3454 163 206 766797 0 0 0
-3053 -5646 240 272 728911 0 0 0
-1560 4964 427 436 131520 0 0 0
5139 4853 439 189 311120 0 0 0
4831 181 100 184 279768 0 0 0
-3798 1604 416 244 417421 0 0 0
1721 -5601 63 121 950150 0 0 0
4509 5463 115 187 911425 0 0 0
-4807 -3594 441 7 919019 0 0 0
-3629 2250 202 199 844141 0 0 0
-3161 -99 441 291 800200 0 0 0
-4773 -1860 114 151 139237 0 0 0
-2425 3790 244 400 259588 0 0 0
-4649 5017 171 219 902341 0 0 0
-4224 4337 45 458 876589 0 0 0
4524 647 354 248 714074 0 0 0
-2988 -5489 219 222 172247 0 0 0
-1859 4550 352 458 373300 0 0 0
4777 -149 209 152 645312 0 0 0
-4868 -1781 293 443 833324 0 0 0
-4853 -670 390 225 702440 0 0 0
-1913 -1688 158 103 235859 0 0 0
4071 -2498 406 308 403307 0 0 0
-312 3349 230 444 272591 0 0 0
4754 4693 225 133 571212 0 0 0
-1374 -3700 6 155 593054 0 0 0
-2253 -2714 48 423 563227 0 0 0
5418 -3599 423 200 114881 0 0 0
3548 586 236 459 849091 0 0 0
-2436 3060 339 414 751344 0 0 0
-2348 -3201 457 148 408898 0 0 0
-1836 5562 479 211 871603 0 0 0
-3830 5123 266 434 570446 0 0 0
2586 -4642 416 311 704700 0 0 0
-1849 -2549 424 150 859199 0 0 0
-247 4898 106 59 226178 0 0 0
-5260 2165 385 106 709285 0 0 0
-777 -3693 394 359 795585 0 0 0
5785 -3077 426 98 132588 0 0 0
-3774 3231 273 111 734348 0 0 0
-3678 -1043 480 44 734660 0 0 0
3378 -3932 242 6 191534 0 0 0
-4436 4063 433 459 631004 0 0 0
-2289 4773 299 399 243852 0 0 0
5437 5593 86 126 129799 0 0 0
3228 1568 66 300 607531 0 0 0
5748 -3049 423 375 739243 0 0 0
-1648 4423 181 65 107153 0 0 0
1283 2840 234 115 332827 0 0 0
4484 1903 442 161 332398 0 0 0
1667 -440 5 265 267418 0 0 0
5604 4799 57 346 743444 0 0 0
2635 1491 218 10 928198 0 0 0
-5126 3142 290 184 251239 0 0 0
-589 -589 188 58 532741 0 0 0
3082 -674 288 329 131459 0 0 0
4352 -3912 343 115 247477 0 0 0
-2311 3896 428 322 948624 0 0 0
547 4142 191 156 218159 0 0 0
-1593 -1450 256 376 180288 0 0 0
2511 4128 12 333 683100 0 0 0
-5155 2512 58 418 435794 0 0 0
1690 46 482 190 102507 0 0 0
4444 -213 324 96 254292 0 0 0
4905 -4894 298 284 714503 0 0 0
-2776 2617 452 164 704899 0 0 0
-3121 -1449 276 76 649538 0 0 0
-1431 2287 320 58 658146 0 0 0
-5753 -3861 150 405 666201 0 0 0
170 1821 446 67 678730 0 0 0
4146 -609 397 329 357044 0 0 0
2362 -209 359 153 783791 0 0 0
1792 2922 403 197 918872 0 0 0
4103 66 319 337 997768 0 0 0
1286 -3728 292 130 365413 0 0 0
639 -1292 390 252 705259 0 0 0
-3698 -5011 7 42 919384 0 0 0
-3636 5440 405 100 604316 0 0 0
-5546 3941 471 72 210199 0 0 0
1540 -1027 273 434 579860 0 0 0
1268 1470 226 454 259947 0 0 0
2047 -5438 149 452 983233 0 0 0
2124 3901 135 288 287646 0 0 0
-2042 -4754 125 351 622615 0 0 0
-3701 -4265 167 366 960493 0 0 0
-4275 -1224 361 114 204040 0 0 0
-3823 -5745 477 362 380840 0 0 0
2936 1867 131 226 406751 0 0 0
-3160 2374 280 461 577192 0 0 0
620 5020 206 91 737990 0 0 0
-3843 -1141 374 81 328461 0 0 0
-3577 4063 81 192 134999 0 0 0
-2313 -5367 107 287 446285 0 0 0
-391 -998 165 234 241179 0 0 0
1303 -3025 381 138 724599 0 0 0
5133 359 258 378 426712 0 0 0
2067 4334 166 174 761432 0 0 0
-2063 -2623 449 446 103414 0 0 0
-894 -4737 381 242 208752 0 0 0
-858 -1693 261 216 980870 0 0 0
1058 -5310 473 41 321521 0 0 0
-2217 4407 63 204 887135 0 0 0
2998 -2772 218 388 680297 0 0 0
-4049 3444 227 265 398213 0 0 0
-4441 -469 177 370 512347 0 0 0
4320 -3004 43 32 522449 0 0 0
-1468 25 214 215 439685 0 0 0
-2418 4746 249 43 718819 0 0 0
3022 -2456 347 431 784994 0 0 0
5765 -1681 79 383 781130 0 0 0
1563 -3733 475 109 556094 0 0 0
4726 688 245 434 565132 0 0 0
-2862 945 107 397 487405 0 0 0
4345 5717 340 165 983572 0 0 0
-188 -4223 289 10 400902 0 0 0
4217 -2364 129 422 940624 0 0 0
5133 3073 12 244 866251 0 0 0
1927 2763 330 156 383135 0 0 0
644 2169 220 109 314608 0 0 0
-4130 -3341 473 452 667790 0 0 0
4338 -4243 367 9 335772 0 0 0
-1313 1169 380 475 292090 0 0 0
3966 502 335 365 513328 0 0 0
57 631 154 266 845042 0 0 0
-1706 -1277 383 166 960396 0 0 0
203 5252 440 381 263766 0 0 0
3697 2620 313 251 497547 0 0 0
2432 2702 388 128 260339 0 0 0
2478 -3910 459 227 568622 0 0 0
4975 -5629 402 232 538233 0 0 0
-5449 -4094 41 43 850423 0 0 0
-1786 709 228 247 834119 0 0 0
-1069 1404 299 168 650847 0 0 0
289 4269 25 312 416920 0 0 0
-128 -4795 340 328 825513 0 0 0
-5096 -3610 446 324 293253 0 0 0
3843 907 268 381 429934 0 0 0
-3463 2228 310 1 670845 0 0 0
3427 4886 161 18 609121 0 0 0
-4724 481 188 107 374685 0 0 0
-272 -3422 242 196 873526 0 0 0
-5712 5283 19 328 551375 0 0 0
5712 -3703 136 214 248543 0 0 0
-3435 -1122 220 219 700977 0 0 0
-2011 4586 418 113 906994 0 0 0
3675 -4988 212 413 911460 0 0 0
-1729 -336 379 125 163186 0 0 0
-4004 545 298 185 832418 0 0 0
-3521 -2532 70 461 126769 0 0 0
2307 -168 236 30 427208 0 0 0
525 1138 374 371 326579 0 0 0
-858 -3054 279 125 571528 0 0 0
-3914 3098 140 462 301111 0 0 0
-4716 5104 394 379 751587 0 0 0
2087 4511 171 34 460948 0 0 0
1821 -2387 35 214 551308 0 0 0
-5557 3388 4 403 799087 0 0 0
4630 -4193 57 50 516780 0 0 0
-172 1379 422 262 140243 0 0 0
1036 490 186 297 895999 0 0 0
-1748 -153 378 64 758423 0 0 0
2026 1341 410 292 932495 0 0 0
5532 -630 272 295 859625 0 0 0
5766 3336 173 265 194301 0 0 0
-3209 2607 385 306 792151 0 0 0
1934 505 262 1 543320 0 0 0
-3134 -1499 259 251 505923 0 0 0
4322 741 218 1 943814 0 0 0
4545 -4654 419 131 643050 0 0 0
5154 -5597 326 359 449593 0 0 0
-2193 -3194 231 168 326375 0 0 0
777 -837 459 48 836967 0 0 0
1640 2053 54 434 650989 0 0 0
-2598 946 130 303 609994 0 0 0
-4741 -3822 224 91 129284 0 0 0
-3020 -1329 65 167 933037 0 0 0
370 118 322 459 746790 0 0 0
2278 4185 331 391 731036 0 0 0
-3300 1444 286 378 880908 0 0 0
-1501 4383 44 187 424319 0 0 0
2522 -397 121 146 473195 0 0 0
3633 388 95 408 807853 0 0 0
-1364 2418 254 445 807083 0 0 0
-3740 5624 31 20 567137 0 0 0
4291 4839 271 427 261967 0 0 0
-465 -3296 445 22 964442 0 0 0
-3612 -4691 437 21 108137 0 0 0
-5258 2884 27 153 347662 0 0 0
3163 -2155 301 336 191275 0 0 0
4826 -256 274 228 867291 0 0 0
-453 5297 449 248 979928 0 0 0
1661 -3513 217 401 295798 0 0 0
-198 2116 259 79 452573 0 0 0
-435 -2382 228 398 293271 0 0 0
3905 -242 191 60 336796 0 0 0
-1358 4899 169 371 402624 0 0 0
-5345 4037 219 282 894118 0 0 0
-4386 -1994 300 272 206682 0 0 0
-3735 1188 415 159 396169 0 0 0
-3740 -2067 222 300 868736 0 0 0
-2651 -3241 344 101 470322 0 0 0
800 -3469 456 210 101149 0 0 0
-5645 -5370 314 328 816468 0 0 0
-1757 1005 415 287 583102 0 0 0
-3576 3798 482 153 893241 0 0 0
444 2730 292 135 520413 0 0 0
-2276 -4401 6 432 710231 0 0 0
-1184 -3032 354 96 548104 0 0 0
-3380 4532 488 325 770727 0 0 0
-3014 916 389 247 719278 0 0 0
-5268 3117 149 339 440912 0 0 0
-1006 -4478 303 156 479373 0 0 0
-4240 5647 268 377 381659 0 0 0
1825 663 229 474 589399 0 0 0
-3063 4460 316 201 179720 0 0 0
3391 5696 475 146 692100 0 0 0
-2816 -3011 1 68 474362 0 0 0
-4434 -1047 292 250 687677 0 0 0
-1243 2784 325 401 382667 0 0 0
-4157 -2397 272 129 687723 0 0 0
-5734 -3557 108 423 267690 0 0 0
3188 -1498 462 61 536551 0 0 0
26 5785 445 110 523255 0 0 0
-1926 3705 211 221 437861 0 0 0
3792 3243 11 383 422872 0 0 0
-2182 -5394 211 82 258183 0 0 0
2553 73 12 94 779791 0 0 0
-4606 702 487 52 922683 0 0 0
5411 3558 392 237 861578 0 0 0
-5089 1745 228 239 234773 0 0 0
-2204 3236 188 200 387421 0 0 0
215 4786 488 415 540504 0 0 0
2856 -2986 270 40 164100 0 0 0
1751 -4148 235 232 213784 0 0 0
6 -5516 58 185 738350 0 0 0
3546 367 345 162 222999 0 0 0
-1449 -4454 133 174 344607 0 0 0
4965 3453 166 139 758522 0 0 0
-5728 -1556 87 107 984373 0 0 0
-1496 240 477 253 377773 0 0 0
-5419 5601 374 245 825320 0 0 0
-926 -2611 372 360 177470 0 0 0
836 1295 236 293 558113 0 0 0
330 502 373 310 471699 0 0 0
338 4548 322 290 639704 0 0 0
3208 5030 103 134 780407 0 0 0
-583 2989 471 300 747372 0 0 0
-928 4926 435 340 346835 0 0 0
-4859 4694 213 219 731444 0 0 0
2294 2516 165 260 372383 0 0 0
1202 -3163 102 230 565302 0 0 0
3268 -850 333 110 691116 0 0 0
-3163 -2587 263 73 303643 0 0 0
4686 -2964 324 70 563911 0 0 0
-2253 -2043 263 332 950888 0 0 0
-5608 1219 52 270 287008 0 0 0
2610 -5278 158 460 465760 0 0 0
2815 644 409 132 819361 0 0 0
4697 4248 203 433 320692 0 0 0
-4457 5006 141 318 279193 0 0 0
-4204 130 88 163 906938 0 0 0
2709 2498 8 191 405431 0 0 0
-5338 554 291 188 326534 0 0 0
5087 987 172 145 213766 0 0 0
2037 -1524 41 355 821168 0 0 0
-5567 5037 386 171 773857 0 0 0
3466 3811 271 402 873793 0 0 0
-1007 266 186 244 311622 0 0 0
-1868 21 89 457 358873 0 0 0
-3660 978 40 332 733859 0 0 0
3438 -4041 404 52 691147 0 0 0
3775 -2763 170 345 229513 0 0 0
4998 -3276 310 278 889985 0 0 0
-4888 -786 121 322 853781 0 0 0
-2876 2412 462 76 270533 0 0 0
-3548 -556 14 380 609878 0 0 0
-155 3318 192 435 213625 0 0 0
-5161 2301 289 172 243916 0 0 0
1446 983 480 422 280834 0 0 0
-2032 -622 295 159 460498 0 0 0
-4285 -2047 308 140 250821 0 0 0
-3314 3567 34 288 435055 0 0 0
-1439 3578 50 419 510153 0 0 0
-296 3526 188 470 775476 0 0 0
-5098 848 419 60 797920 0 0 0
2216 1991 311 102 958601 0 0 0
-179 3881 447 290 656118 0 0 0
1148 5468 335 251 244297 0 0 0
-2766 3832 157 153 541786 0 0 0
-938 4197 2 130 282431 0 0 0
254 -1469 489 343 292316 0 0 0
-5045 529 40 302 421766 0 0 0
5764 -2738 36 248 130166 0 0 0
1680 1945 353 16 974385 0 0 0
3792 -1029 77 175 947314 0 0 0
3342 2771 23 391 878899 0 0 0
-4380 -223 198 365 934974 0 0 0
3343 2754 403 70 294485 0 0 0
-4750 4819 468 330 706009 0 0 0
-2449 2052 409 234 172527 0 0 0
2900 -1973 439 269 347621 0 0 0
-2143 -3984 11 271 354121 0 0 0
1927 -55 489 215 719329 0 0 0
2732 5525 151 363 205563 0 0 0
-4219 377 184 7 501715 0 0 0
-2493 -3654 459 341 443601 0 0 0
-753 -3924 387 285 877355 0 0 0
5247 1473 354 35 586060 0 0 0
-4219 606 161 157 463297 0 0 0
-1638 3386 57 198 564374 0 0 0
316 169 226 95 138455 0 0 0
-4807 -5343 4 314 158140 0 0 0
3022 -2644 303 353 112451 0 0 0
2931 -2128 101 395 789967 0 0 0
4713 1978 450 4 707151 0 0 0
-2092 3565 115 118 124497 0 0 0
-3567 1936 470 139 457805 0 0 0
618 -385 144 96 507400 0 0 0
892 -278 112 389 713536 0 0 0
-4809 -4656 103 423 581673 0 0 0
-5713 -4104 30 93 757361 0 0 0
-2751 -943 40 279 755225 0 0 0
4064 4249 182 339 941389 0 0 0
-2962 123 202 26 216480 0 0 0
4782 -633 111 186 855112 0 0 0
3713 939 202 302 525277 0 0 0
5279 949 19 217 995671 0 0 0
4636 -2979 115 237 359284 0 0 0
-3201 -3555 170 30 251108 0 0 0
-454 -3169 352 9 273427 0 0 0
1024 237 160 389 708590 0 0 0
-1322 -5104 216 234 201952 0 0 0
3512 -4421 217 280 651476 0 0 0
-2359 -1124 81 34 367988 0 0 0
1767 983 257 37 326036 0 0 0
-705 -153 334 365 152128 0 0 0
-2632 -4456 395 125 160484 0 0 0
2006 3222 191 308 824569 0 0 0
3798 1146 333 199 471889 0 0 0
-4648 3148 353 238 870774 0 0 0
-743 4147 307 333 722031 0 0 0
-2499 2558 138 162 481471 0 0 0
3806 -3418 13 121 408785 0 0 0
3816 -238 270 291 820647 0 0 0
3170 -3361 216 198 906761 0 0 0
-3567 5605 246 165 583160 0 0 0
-4597 -1600 56 350 467402 0 0 0
3994 5623 426 273 326097 0 0 0
-4882 1673 57 424 879790 0 0 0
-809 -4003 85 151 532542 0 0 0
-1327 -1767 153 42 882193 0 0 0
4185 -2477 249 461 291055 0 0 0
2359 -5357 342 169 227053 0 0 0
-1548 -2000 276 135 332677 0 0 0
-2995 4988 23 334 406803 0 0 0
-2775 -2051 412 283 120618 0 0 0
1414 1424 3 9 643002 0 0 0
-4702 -1549 394 437 286791 0 0 0
5407 1259 120 468 698450 0 0 0
1546 2996 74 397 865208 0 0 0
699 -4889 470 248 204241 0 0 0
-2584 -3594 79 374 718226 0 0 0
-2389 -2011 38 38 623207 0 0 0
5116 1326 269 272 454756 0 0 0
1025 2283 357 7 267511 0 0 0
4401 -538 402 429 485935 0 0 0
-1824 -3570 120 125 467354 0 0 0
-2640 -1811 459 312 107465 0 0 0
-2452 4798 277 369 979605 0 0 0
-2627 4707 420 257 268582 0 0 0
790 -3867 82 227 439520 0 0 0
-886 -3814 70 116 197063 0 0 0
85 5217 305 368 392153 0 0 0
1148 5007 220 92 194379 0 0 0
-4384 -2219 257 212 136186 0 0 0
-2044 1028 105 86 583326 0 0 0
3707 4320 250 343 958255 0 0 0
-5071 -2367 61 45 436267 0 0 0
270 1226 360 96 647469 0 0 0
-4255 811 468 228 981655 0 0 0
4917 4381 209 462 293698 0 0 0
3838 5748 149 34 820695 0 0 0
1214 2010 201 418 817197 0 0 0
529 -5751 229 438 810873 0 0 0
381 -4545 277 198 859591 0 0 0
-3015 3264 306 100 750891 0 0 0
758 5201 270 106 903027 0 0 0
2846 3687 56 379 692164 0 0 0
3011 4469 449 164 393847 0 0 0
5005 3547 384 119 470915 0 0 0
293 -254 375 223 950370 0 0 0
3542 5552 188 29 691400 0 0 0
-1783 -2292 427 454 257166 0 0 0
4886 -2469 42 333 709362 0 0 0
5145 1672 2 406 900413 0 0 0
-1811 4520 418 466 723383 0 0 0
-4779 2518 10 32 985840 0 0 0
-465 -1586 312 78 351241 0 0 0
-408 -1971 110 262 370109 0 0 0
4402 896 400 237 574730 0 0 0
-3258 -5115 107 399 650361 0 0 0
-1744 -2228 197 127 614434 0 0 0
4399 559 57 299 169424 0 0 0
3165 -3838 1 386 902118 0 0 0
-3070 -1816 85 91 266868 0 0 0
-4654 -1075 241 242 777552 0 0 0
-1254 3178 269 337 232834 0 0 0
-95 3528 447 138 758351 0 0 0
-1878 -78 176 413 763113 0 0 0
-682 -3185 213 51 234454 0 0 0
-712 -3645 286 274 706308 0 0 0
-753 -1314 294 89 721448 0 0 0
-409 3089 249 402 215854 0 0 0
5059 -3018 132 96 798053 0 0 0
-5194 3283 464 2 190723 0 0 0
-1745 -414 116 76 986596 0 0 0
2255 -4903 138 310 756178 0 0 0
-4423 -4958 99 20 846335 0 0 0
5108 -2807 68 99 394211 0 0 0
3811 -5658 27 447 588014 0 0 0
-2821 -1209 200 463 978180 0 0 0
-2435 1776 99 362 630051 0 0 0
4741 -2524 46 13 719775 0 0 0
5013 1423 456 240 832888 0 0 0
-4319 -3393 396 302 226850 0 0 0
1672 917 70 396 889776 0 0 0
2208 -191 175 343 732515 0 0 0
-3240 4369 62 109 473748 0 0 0
2253 -2576 147 195 367814 0 0 0
-2045 503 213 379 403693 0 0 0
-3067 2513 236 99 586480 0 0 0
4829 -1459 105 269 795613 0 0 0
4628 317 378 287 169269 0 0 0
-5773 657 292 414 683654 0 0 0
3611 4860 16 460 681801 0 0 0
-3661 2124 67 391 675820 0 0 0
-3367 2988 489 381 870264 0 0 0
-5343 -4236 381 120 432231 0 0 0
-3111 -1735 44 407 895330 0 0 0
5395 4273 127 318 667275 0 0 0
-1687 -3971 165 450 733148 0 0 0
-2714 10 444 227 339904 0 0 0
-5255 2887 108 439 898284 0 0 0
2444 2715 367 181 951974 0 0 0
1706 4874 90 465 110017 0 0 0
4663 5474 89 61 712049 0 0 0
-2969 -50 180 102 384942 0 0 0
-433 2036 6 270 306787 0 0 0
-425 -1662 342 326 406321 0 0 0
5386 3634 124 372 788392 0 0 0
-4426 -3631 429 79 323997 0 0 0
-1686 -5172 88 336 672804 0 0 0
-4065 1895 413 436 888316 0 0 0
-2700 -2495 473 390 728165 0 0 0
2312 1211 90 66 708734 0 0 0
-5762 4383 165 405 169857 0 0 0
-1417 5464 482 256 187250 0 0 0
3747 1143 116 48 738515 0 0 0
-1667 -2820 297 6 928123 0 0 0
-1881 -2265 144 132 866188 0 0 0
3978 -1867 181 461 910130 0 0 0
3791 1132 76 458 358392 0 0 0
-5470 5158 51 398 768715 0 0 0
4040 -318 303 228 485187 0 0 0
-1841 -788 480 314 777028 0 0 0
2903 1562 112 372 191970 0 0 0
-4594 -5437 385 306 924016 0 0 0
-5273 -2895 357 132 157093 0 0 0
-3914 -398 232 471 723940 0 0 0
1308 3541 391 343 251603 0 0 0
768 -4885 29 256 146624 0 0 0
-866 -342 252 469 250782 0 0 0
1956 -4453 191 378 682022 0 0 0
4732 -2430 208 449 562221 0 0 0
-4793 3343 59 446 183523 0 0 0
821 -2965 474 237 201263 0 0 0
-1692 -4314 138 109 470165 0 0 0
2456 2451 74 413 754720 0 0 0
-3614 -3203 95 163 826615 0 0 0
-4533 747 257 48 963799 0 0 0
4249 -5161 385 374 783260 0 0 0
-2599 3280 359 262 731807 0 0 0
3942 -3198 388 452 268587 0 0 0
-5189 -2750 466 210 849981 0 0 0
-2183 -1638 45 428 486966 0 0 0
-5564 663 213 387 847345 0 0 0
-2715 -5500 213 163 843170 0 0 0
-915 5593 217 281 383958 0 0 0
4713 -1135 388 267 932331 0 0 0
3229 -4240 405 66 417656 0 0 0
-5645 -266 77 176 522181 0 0 0
1069 -4513 50 380 601648 0 0 0
2077 4729 16 192 670146 0 0 0
-4006 -2764 274 400 660891 0 0 0
2417 5013 454 120 286632 0 0 0
-4521 555 450 265 312645 0 0 0
-3274 1961 322 393 221946 0 0 0
-5173 -4360 252 152 223642 0 0 0
4823 -3656 187 145 244620 0 0 0
2057 5340 367 75 276884 0 0 0
366 -4309 322 324 347741 0 0 0
340 1293 25 52 925149 0 0 0
-5375 -2667 193 125 205305 0 0 0
1623 -3042 130 331 604363 0 0 0
-159 -5340 61 25 394263 0 0 0
-5520 -1223 280 437 530507 0 0 0
4984 -2370 81 398 859068 0 0 0
861 -5087 244 385 657540 0 0 0
-4635 -1685 322 402 523632 0 0 0
-3518 484 269 366 746782 0 0 0
-4748 -2260 24 1 713069 0 0 0
-4958 -3147 385 42 905567 0 0 0
-3242 -1933 142 374 437665 0 0 0
-4844 508 42 197 947728 0 0 0
-1795 2971 63 62 890044 0 0 0
1792 -4131 72 141 306812 0 0 0
1670 5230 323 474 211260 0 0 0
577 -5493 217 466 814210 0 0 0
-776 -2338 288 237 773662 0 0 0
2618 1498 48 106 505908 0 0 0
3068 3205 203 454 625388 0 0 0
-76 -272 100 15 894906 0 0 0
1896 5144 327 215 804073 0 0 0
1621 1064 348 203 255986 0 0 0
73 663 209 346 889192 0 0 0
1104 3057 317 96 219040 0 0 0
-2978 -4524 294 433 270738 0 0 0
-3277 -2141 34 108 744584 0 0 0
-3908 -3735 198 327 174889 0 0 0
-4474 3256 357 317 352729 0 0 0
3379 -5800 61 224 227399 0 0 0
-3443 -5134 30 373 535063 0 0 0
2432 -4398 178 184 943248 0 0 0
-307 421 422 411 477301 0 0 0
-5217 4894 9 411 435853 0 0 0
2260 -164 353 271 507440 0 0 0
3657 2104 413 29 452120 0 0 0
-4090 4210 235 227 123618 0 0 0
-604 5492 454 201 879597 0 0 0
-1806 -3987 487 162 255971 0 0 0
4068 -2848 462 390 904031 0 0 0
4679 -1526 146 371 557437 0 0 0
-1903 -118 412 384 272829 0 0 0
-773 3107 471 113 176237 0 0 0
-4353 2586 438 128 333407 0 0 0
-5624 -3335 142 313 299251 0 0 0
-4375 5605 213 343 197510 0 0 0
-2496 -4237 456 163 611771 0 0 0
1361 -36 362 316 508946 0 0 0
-5738 -3989 129 191 489844 0 0 0
-5656 -4716 115 312 131483 0 0 0
-755 -132 374 404 590624 0 0 0
-495 -4219 12 216 213481 0 0 0
5600 -3547 419 303 816825 0 0 0
5357 5088 93 430 679028 0 0 0
5322 5322 9 239 149477 0 0 0
556 -4160 159 112 886711 0 0 0
-2810 4452 422 429 901076 0 0 0
-1097 -1896 92 475 498354 0 0 0
3930 445 182 13 324254 0 0 0
-4726 1026 346 78 570865 0 0 0
5308 -659 258 144 694595 0 0 0
839 -3169 306 181 319395 0 0 0
1745 3618 156 350 130893 0 0 0
4967 1528 206 355 577451 0 0 0
1760 4375 274 356 336736 0 0 0
4045 2811 475 94 422972 0 0 0
3936 -4556 325 136 816412 0 0 0
-4865 -3504 5 196 916367 0 0 0
4043 -2737 27 321 354495 0 0 0
-1599 -718 2 400 711774 0 0 0
-3873 -148 300 24 253995 0 0 0
-5252 3549 30 439 939160 0 0 0
494 348 251 289 613692 0 0 0
1316 5298 469 112 525902 0 0 0
5605 1789 5 258 489344 0 0 0
2118 1023 301 134 275082 0 0 0
268 5385 323 247 249178 0 0 0
-1421 70 288 321 400417 0 0 0
-964 3792 126 147 254198 0 0 0
-134 -1914 49 40 171867 0 0 0
5279 664 241 258 673869 0 0 0
1219 3703 320 133 514609 0 0 0
-4635 -107 90 405 173335 0 0 0
3236 2809 242 206 109024 0 0 0
-5007 2013 223 39 289173 0 0 0
3246 -4415 93 218 240657 0 0 0
-5593 4918 163 371 903579 0 0 0
-2917 3791 133 389 542979 0 0 0
-1127 4043 474 92 381701 0 0 0
-1148 -498 256 307 712462 0 0 0
3896 2044 282 289 163076 0 0 0
-5728 -4006 210 305 343018 0 0 0
1543 264 380 116 230036 0 0 0
-5796 3042 239 419 740023 0 0 0
-3912 -581 362 165 942818 0 0 0
-4693 4353 207 94 460950 0 0 0
-5510 643 226 284 808143 0 0 0
2930 -5162 294 463 218250 0 0 0
-2118 529 28 115 624221 0 0 0
2932 96 114 366 748194 0 0 0
2036 3233 87 73 659484 0 0 0
3848 -2929 255 277 987569 0 0 0
-1128 -2921 459 333 809155 0 0 0
519 -1532 124 228 174209 0 0 0
4946 -4072 129 133 669641 0 0 0
-3783 5379 305 135 763921 0 0 0
-3474 3656 242 190 909469 0 0 0
-4097 3984 75 50 556802 0 0 0
-4130 100 301 454 653008 0 0 0
-2648 5558 85 190 956334 0 0 0
-4309 1872 355 3 320453 0 0 0
-4404 -1631 82 358 759872 0 0 0
2304 -4469 218 317 489352 0 0 0
-1890 -1112 273 89 272476 0 0 0
-234 -4214 396 192 386208 0 0 0
5062 -4086 31 215 339730 0 0 0
-3580 2945 192 393 507657 0 0 0
3054 5107 391 440 482441 0 0 0
-4325 -3072 375 144 957030 0 0 0
3614 -4587 239 271 967849 0 0 0
-3151 3923 143 91 541569 0 0 0
5668 -4476 230 9 379711 0 0 0
-5726 3071 83 56 648195 0 0 0
-2064 5303 318 383 204086 0 0 0
-1041 4836 275 81 623305 0 0 0
2046 3852 138 342 629938 0 0 0
-682 2942 213 203 467431 0 0 0
-5611 3410 267 210 624639 0 0 0
1305 -5198 56 140 284287 0 0 0
-732 4317 437 419 354949 0 0 0
3122 3416 439 285 784624 0 0 0
-4511 4556 101 270 856283 0 0 0
-2539 2636 24 100 546915 0 0 0
-4459 -383 87 127 840437 0 0 0
-5334 629 391 178 169687 0 0 0
-2435 -1851 159 422 746122 0 0 0
-5396 5588 452 181 246088 0 0 0
231 -525 49 248 784878 0 0 0
-427 -4380 415 429 723870 0 0 0
-4568 4199 99 330 789368 0 0 0
5243 5379 260 318 614954 0 0 0
2944 28 468 432 171203 0 0 0
-3485 -4256 29 141 458205 0 0 0
-1431 -2664 119 422 844043 0 0 0
-4189 -1955 49 302 817806 0 0 0
1533 3029 146 261 140294 0 0 0
-1028 4171 408 187 450101 0 0 0
-3687 -2961 14 400 253988 0 0 0
-1451 2155 295 65 920136 0 0 0
784 -338 467 126 758894 0 0 0
576 2233 89 457 493951 0 0 0
123 988 355 148 678371 0 0 0
2075 -5440 215 381 238244 0 0 0
-5439 2408 61 459 852813 0 0 0
-4496 1299 200 166 670588 0 0 0
4141 3328 408 196 163239 0 0 0
92 1942 270 52 811131 0 0 0
4063 -5139 144 63 485222 0 0 0
5616 -5513 94 381 978878 0 0 0
2250 1707 171 323 983544 0 0 0
-790 1172 454 332 673300 0 0 0
1219 3120 195 270 928436 0 0 0
3718 4828 153 427 962487 0 0 0
-3740 4780 357 261 951871 0 0 0
4838 973 359 6 519865 0 0 0
1587 -1417 190 393 226751 0 0 0
950 52 462 414 488091 0 0 0
-4719 -2328 229 444 331385 0 0 0
2263 -1532 337 204 934596 0 0 0
-4728 4864 145 39 846110 0 0 0
3055 2242 259 372 994927 0 0 0
-3044 -2451 104 323 808999 0 0 0
-2418 5121 479 365 857143 0 0 0
560 -303 202 132 765301 0 0 0
3104 3962 179 15 580724 0 0 0
-2781 1719 218 376 676144 0 0 0
4371 2272 377 360 584147 0 0 0
-1962 1102 148 137 860561 0 0 0
4044 -2157 471 146 286698 0 0 0
-1948 -4093 428 430 241506 0 0 0
-5510 -4770 159 15 211303 0 0 0
3624 2149 57 230 362116 0 0 0
3328 -4986 227 267 462120 0 0 0
-5554 -3261 461 124 442225 0 0 0
2408 -5614 364 442 783763 0 0 0
-14 2543 50 61 383855 0 0 0
4510 1847 391 30 110308 0 0 0
-3349 3913 75 35 206362 0 0 0
-1309 3587 39 226 888744 0 0 0
-1329 -4830 289 324 775611 0 0 0
3303 4666 200 437 610894 0 0 0
-4459 -3133 123 285 246514 0 0 0
2709 2392 222 149 803473 0 0 0
-4109 -3096 33 273 612320 0 0 0
-26 3576 222 314 720626 0 0 0
3297 -5494 415 88 742338 0 0 0
4331 -3284 150 250 146054 0 0 0
4067 -3284 352 432 931138 0 0 0
5331 2114 125 145 223184 0 0 0
1116 -1618 315 131 350301 0 0 0
3135 -2675 24 83 931187 0 0 0
4376 5611 310 389 449001 0 0 0
2662 -5248 203 373 222754 0 0 0
92 -2596 450 454 641212 0 0 0
3976 5556 87 35 537210 0 0 0
3123 4124 314 176 260334 0 0 0
1520 -2403 392 416 641099 0 0 0
4877 -3664 409 109 436063 0 0 0
2115 3830 307 397 286533 0 0 0
-5467 -5407 45 466 526931 0 0 0
-1940 4520 262 18 860560 0 0 0
3221 1450 10 413 852661 0 0 0
3679 5748 269 202 335875 0 0 0
-3157 -2009 346 109 683882 0 0 0
-5229 4349 233 260 110621 0 0 0
4250 -2056 325 20 326625 0 0 0
5237 -3193 442 286 882960 0 0 0
2230 4833 13 213 139914 0 0 0
-3549 -4315 28 304 667232 0 0 0
-5103 5156 322 421 879374 0 0 0
-4961 -4569 195 16 831196 0 0 0
-4174 -773 45 285 119640 0 0 0
-5602 4931 269 80 204847 0 0 0
3166 2756 53 164 367651 0 0 0
-394 3116 332 75 712021 0 0 0
5168 -5556 467 329 303672 0 0 0
-4007 -3587 365 294 123616 0 0 0
4841 -1274 71 429 342437 0 0 0
4648 3693 389 244 419571 0 0 0
-4122 1863 239 92 142919 0 0 0
2644 -3541 197 72 395415 0 0 0
-4515 -4838 303 126 543366 0 0 0
-307 -2481 15 141 655883 0 0 0
1507 -3087 19 448 617705 0 0 0
-2035 5581 38 64 297020 0 0 0
-1348 -1736 81 253 294525 0 0 0
2739 4618 210 149 377789 0 0 0
-3117 1987 452 300 316904 0 0 0
5362 3885 317 412 868623 0 0 0
-2853 -5125 91 107 106231 0 0 0
392 -4795 290 390 532129 0 0 0
5631 2287 108 331 430488 0 0 0
-5265 1858 38 15 964675 0 0 0
1553 -502 298 249 773361 0 0 0
-4788 4250 401 344 430158 0 0 0
5225 -210 315 42 190100 0 0 0
383 -971 86 433 749915 0 0 0
1716 -5300 403 378 734630 0 0 0
2012 -1533 200 20 471234 0 0 0
-5237 -147 348 229 698479 0 0 0
3462 -4961 453 474 966018 0 0 0
2239 -2803 357 36 577480 0 0 0
-637 861 206 117 846761 0 0 0
763 5242 2 131 892619 0 0 0
-1117 1749 300 375 351687 0 0 0
-2799 1257 78 361 673949 0 0 0
230 -4288 144 432 541293 0 0 0
-1647 535 370 148 990896 0 0 0
-873 738 20 255 240958 0 0 0
345 4583 184 167 695420 0 0 0
-4553 4201 403 429 608528 0 0 0
-5458 -1883 432 398 508509 0 0 0
-1716 1550 89 248 960556 0 0 0
-5296 2802 76 468 702933 0 0 0
-5739 -3137 229 305 306440 0 0 0
-4420 -5784 189 337 376144 0 0 0
-4606 -5627 148 289 139107 0 0 0
2462 1285 390 277 358758 0 0 0
-1075 -1170 241 30 888653 0 0 0
-4555 2416 58 274 377718 0 0 0
523 2081 137 90 742768 0 0 0
4993 78 444 145 586609 0 0 0
4230 -2686 293 432 761165 0 0 0
-1164 1788 108 157 375164 0 0 0
-4157 -2933 92 72 955033 0 0 0
2546 1682 184 36 614602 0 0 0
3884 1435 271 413 947648 0 0 0
1664 -2177 408 68 654905 0 0 0
-624 -2009 466 25 470327 0 0 0
3324 -5319 178 101 772201 0 0 0
-39 825 73 303 725557 0 0 0
-4414 -2961 217 13 500840 0 0 0
1779 -4856 359 428 727955 0 0 0
1874 4061 22 374 161918 0 0 0
4142 867 92 41 698299 0 0 0
-4309 -1832 191 201 429212 0 0 0
-1559 214 277 116 608687 0 0 0
-621 109 150 306 902995 0 0 0
2795 3150 54 322 577744 0 0 0
-3471 -1758 213 73 600837 0 0 0
-2817 -4815 332 47 166804 0 0 0
1925 -1318 15 250 698031 0 0 0
3654 3262 284 413 968876 0 0 0
-1672 -1400 475 227 814689 0 0 0
-412 -1196 441 66 685865 0 0 0
-1325 -1807 89 263 386187 0 0 0
1801 -228 78 452 459272 0 0 0
5541 -4333 364 376 518231 0 0 0
3808 635 407 339 433017 0 0 0
661 -4859 346 24 685217 0 0 0
247 3735 465 471 257735 0 0 0
840 -333 466 423 316053 0 0 0
-2859 5474 481 78 573069 0 0 0
1322 740 396 167 122900 0 0 0
-706 4828 333 266 700041 0 0 0
-2515 -1063 114 276 739931 0 0 0
5751 3483 36 21 869565 0 0 0
-3179 5397 333 457 474005 0 0 0
4190 1932 407 10 263018 0 0 0
-2682 -1357 378 124 745554 0 0 0
-3781 3544 114 389 950310 0 0 0
-2172 3788 181 264 601530 0 0 0
-1308 3308 307 282 736195 0 0 0
1834 -5204 312 367 102247 0 0 0
4416 2178 250 206 859970 0 0 0
-705 698 111 394 174295 0 0 0
5264 -3799 335 460 933160 0 0 0
2089 -1598 345 432 896198 0 0 0
4247 3902 96 86 729560 0 0 0
-4733 -3385 259 448 525657 0 0 0
4940 -5739 98 53 564742 0 0 0
-3832 2339 431 26 224949 0 0 0
-728 1617 276 222 279185 0 0 0
-2210 -91 56 471 668877 0 0 0
5068 -3388 21 38 419946 0 0 0
4762 5261 98 348 718538 0 0 0
-4553 1377 61 220 676303 0 0 0
-3185 2023 366 93 624028 0 0 0
-2467 4733 276 460 900139 0 0 0
1399 -1909 190 396 331251 0 0 0
1098 -5490 49 302 316237 0 0 0
5360 1124 126 406 148097 0 0 0
-5496 4740 94 283 867786 0 0 0
2995 4986 398 63 498284 0 0 0
-487 -2814 73 45 504918 0 0 0
5304 4141 59 102 576973 0 0 0
-3908 -2526 484 170 461251 0 0 0
4666 4253 235 13 186966 0 0 0
-2225 2312 231 449 767340 0 0 0
4048 4586 213 232 160038 0 0 0
1536 3329 305 163 303281 0 0 0
3945 2533 145 11 833355 0 0 0
230 5606 64 19 946969 0 0 0
-314 -3368 198 458 864721 0 0 0
2195 -2133 333 85 153081 0 0 0
-3831 -1147 155 273 794737 0 0 0
759 4102 27 395 910436 0 0 0
-1946 4107 210 352 557196 0 0 0
2537 4377 204 409 557515 0 0 0
3930 2965 359 291 722891 0 0 0
-1142 -3547 307 21 659108 0 0 0
4776 -1784 314 223 457513 0 0 0
-2291 3777 81 212 432385 0 0 0
2372 -4249 129 308 115219 0 0 0
-5200 2994 282 296 746960 0 0 0
650 1470 427 421 857465 0 0 0
-3415 -5662 386 418 321403 0 0 0
3914 75 484 371 531455 0 0 0
274 1942 46 322 423008 0 0 0
4994 -5358 406 168 960522 0 0 0
-4202 -4915 19 453 491598 0 0 0
-5179 3508 81 23 988006 0 0 0
981 4989 488 432 144872 0 0 0
4561 -5766 293 193 454607 0 0 0
4388 -867 58 137 121026 0 0 0
2383 139 12 247 958814 0 0 0
-5161 -2304 193 78 930472 0 0 0
-3190 -2986 46 102 950175 0 0 0
1613 5686 411 191 730613 0 0 0
2299 -3694 58 140 780199 0 0 0
-1835 -4832 374 242 472821 0 0 0
4412 -5305 266 257 558379 0 0 0
-4228 5693 440 85 541413 0 0 0
-1870 3235 237 209 749641 0 0 0
-4938 5254 43 335 621403 0 0 0
5659 -2794 326 114 627636 0 0 0
-63 1265 86 320 842643 0 0 0
5329 752 174 467 696732 0 0 0
-2479 -2411 342 175 519880 0 0 0
-4674 4845 224 315 466851 0 0 0
1965 -1001 317 149 198908 0 0 0
2972 -4046 13 212 964395 0 0 0
944 -4294 158 424 877330 0 0 0
-3795 -536 164 288 835871 0 0 0
-2345 1520 386 389 477574 0 0 0
1227 -1602 447 167 614109 0 0 0
3961 2797 160 396 266165 0 0 0
-3623 5768 274 377 375046 0 0 0
-2045 -2281 252 89 291858 0 0 0
198 1223 422 261 518665 0 0 0
3212 3577 279 429 125569 0 0 0
1908 -5352 123 190 455593 0 0 0
1269 -2945 217 171 788474 0 0 0
-4301 -2340 192 155 390512 0 0 0
4462 3836 338 147 211874 0 0 0
5120 -3813 384 215 952073 0 0 0
3392 -5236 81 300 245138 0 0 0
-5210 1375 119 135 149336 0 0 0
1514 -3225 314 84 428106 0 0 0
-2831 -2563 52 84 327173 0 0 0
1397 -458 161 170 425743 0 0 0
488 136 270 45 818773 0 0 0
-852 4223 437 200 789790 0 0 0
-4672 -5237 179 379 429089 0 0 0
-1244 -864 132 259 270163 0 0 0
-3121 3678 450 351 651089 0 0 0
-454 -585 5 85 734013 0 0 0
1633 -1902 123 82 244471 0 0 0
-5654 1758 421 442 528239 0 0 0
822 -343 457 104 684857 0 0 0
-2742 66 168 137 429228 0 0 0
3577 -3837 329 415 716627 0 0 0
-3273 -5446 313 300 904519 0 0 0
-5491 -1272 135 297 826352 0 0 0
-5124 4837 297 374 235941 0 0 0
3774 -899 483 292 972575 0 0 0
5299 2218 427 27 118488 0 0 0
5439 55 191 258 255272 0 0 0
-3220 -3778 164 279 166324 0 0 0
5719 -659 67 276 470114 0 0 0
5196 243 278 266 789353 0 0 0
2988 -2911 216 449 384455 0 0 0
-1878 -1514 351 193 133125 0 0 0
-4850 -657 223 289 929468 0 0 0
1058 -4129 444 376 842140 0 0 0
1849 1815 163 384 391425 0 0 0
-370 2826 158 337 775369 0 0 0
-426 5218 120 63 515984 0 0 0
3091 1415 440 386 306399 0 0 0
1440 -2521 348 19 636111 0 0 0
5379 1638 114 272 587544 0 0 0
-530 1412 481 446 975311 0 0 0
-173 4551 193 172 527206 0 0 0
-3320 -1818 226 111 896292 0 0 0
-2107 -1238 112 123 599981 0 0 0
3581 697 244 161 918084 0 0 0
2902 -1480 202 293 895136 0 0 0
3513 5007 365 159 469009 0 0 0
-4837 620 271 39 393155 0 0 0
5672 4914 218 157 365381 0 0 0
-5150 1140 152 227 951374 0 0 0
-3656 4946 415 309 521354 0 0 0
3223 -1081 288 357 277946 0 0 0
-1327 -5342 148 448 696182 0 0 0
-4523 -2230 249 28 356544 0 0 0
-2254 2538 73 456 795755 0 0 0
-2335 1407 343 431 667771 0 0 0
5086 5772 170 426 668137 0 0 0
5628 3120 403 33 468687 0 0 0
-5675 -2580 4 431 417754 0 0 0
1994 -298 365 105 529206 0 0 0
1389 -2349 274 473 524424 0 0 0
-1592 461 255 33 988812 0 0 0
2518 326 355 201 651404 0 0 0
5391 -4706 237 127 564838 0 0 0
-1472 -2481 312 259 514354 0 0 0
5558 4899 125 291 829723 0 0 0
-3754 4889 306 273 192139 0 0 0
2681 -2073 104 311 774410 0 0 0
-494 5148 221 227 225941 0 0 0
-4010 -3861 127 203 744796 0 0 0
1631 -1698 468 187 729517 0 0 0
4681 3390 458 17 767778 0 0 0
1572 3997 46 165 665048 0 0 0
5657 5229 450 417 658472 0 0 0
4593 -935 346 208 491580 0 0 0
843 -5612 309 302 395670 0 0 0
3093 -4752 359 60 849912 0 0 0
-4729 -1906 429 367 207989 0 0 0
-477 3036 432 468 264260 0 0 0
-4906 4324 63 149 227040 0 0 0
2008 -585 67 404 708099 0 0 0
-2520 4476 477 156 653752 0 0 0
-4132 -2980 266 237 155755 0 0 0
-5610 1937 23 294 581656 0 0 0
4849 -5136 331 226 207057 0 0 0
-5375 -5197 437 359 277357 0 0 0
227 -946 168 221 814495 0 0 0
5098 2498 42 432 422499 0 0 0
1271 5782 373 457 147768 0 0 0
-3751 -1432 242 192 866289 0 0 0
-5115 43 205 264 429409 0 0 0
2127 2525 215 86 809859 0 0 0
3920 2387 278 200 736828 0 0 0
4846 -793 422 390 603218 0 0 0
1158 3466 334 66 312335 0 0 0
-2808 4258 88 463 782370 0 0 0
-693 1439 275 59 658777 0 0 0
1256 -619 209 443 473294 0 0 0
-1858 3931 150 100 203569 0 0 0
-3368 -1912 266 345 628054 0 0 0
2825 4040 379 251 150191 0 0 0
-3058 -3882 410 378 952258 0 0 0
4250 933 384 408 659812 0 0 0
911 3620 23 193 444281 0 0 0
-1530 5219 486 54 636568 0 0 0
-3074 -285 387 189 808100 0 0 0
-5591 1091 94 149 543704 0 0 0
2292 -1433 156 188 808751 0 0 0
1915 -5361 362 5 665549 0 0 0
-1132 1998 111 27 113463 0 0 0
-810 1907 166 1 312808 0 0 0
-4949 -2444 381 452 240390 0 0 0
-2161 5481 428 360 475922 0 0 0
2997 5659 341 161 827374 0 0 0
-2777 5170 298 324 311502 0 0 0
-1481 -1021 436 163 480116 0 0 0
-3988 1865 91 198 177322 0 0 0
4739 -393 365 90 739993 0 0 0
-3470 -103 85 387 898463 0 0 0
-1820 1476 217 138 834368 0 0 0
1918 -2755 116 44 301303 0 0 0
-306 2690 121 53 429162 0 0 0
-5080 -1466 343 251 630900 0 0 0
-3488 -2739 184 242 299300 0 0 0
2605 -3429 62 224 490780 0 0 0
-5205 -5281 269 392 311475 0 0 0
-4835 -5770 329 319 604192 0 0 0
-1926 1219 90 411 833877 0 0 0
228 1707 161 166 900450 0 0 0
4789 -960 124 371 487302 0 0 0
3962 -3581 35 407 683881 0 0 0
-982 1515 304 408 573241 0 0 0
-2444 -3164 357 33 407822 0 0 0
-4433 -954 314 208 992556 0 0 0
4210 -5162 171 231 751481 0 0 0
240 -2014 418 452 409342 0 0 0
4685 -872 405 155 978116 0 0 0
-3467 -3444 79 116 702687 0 0 0
1058 -3921 183 410 167828 0 0 0
-3003 3610 238 222 376853 0 0 0
-5509 -1980 393 58 637205 0 0 0
-4426 58 476 226 223618 0 0 0
3918 3021 243 259 771263 0 0 0
-1047 -2489 75 164 993945 0 0 0
5699 -1027 57 91 435159 0 0 0
1351 4448 11 150 295932 0 0 0
-3648 -5262 392 61 715105 0 0 0
-2797 3493 5 306 674098 0 0 0
4347 -1082 96 228 279756 0 0 0
3001 -504 175 371 760810 0 0 0
3432 -1075 424 21 607418 0 0 0
3330 -2259 8 154 941318 0 0 0
714 2017 455 319 404525 0 0 0
5488 -1101 386 295 308837 0 0 0
-3958 -3831 256 413 123742 0 0 0
1328 -402 79 89 401865 0 0 0
-669 -2880 461 387 314352 0 0 0
-3326 1265 340 161 424405 0 0 0
-1279 -5220 326 241 179738 0 0 0
5297 1137 177 395 537784 0 0 0
-4680 -2652 398 72 152681 0 0 0
-4743 -2017 318 248 471275 0 0 0
-3360 1336 39 350 672832 0 0 0
-5171 -1243 246 396 656155 0 0 0
-3873 696 465 375 201711 0 0 0
3920 2379 359 446 623088 0 0 0
5426 -2807 333 307 727930 0 0 0
-5707 -1925 175 306 427703 0 0 0
-2972 -5335 77 327 349540 0 0 0
-3084 -3994 263 195 546245 0 0 0
-826 -3725 95 354 324349 0 0 0
3093 4237 443 380 837379 0 0 0
-2336 1450 197 52 862334 0 0 0
-3291 4730 379 475 326723 0 0 0
3590 -1586 15 281 506579 0 0 0
-125 -3344 399 353 162978 0 0 0
-1740 -4420 116 152 798111 0 0 0
4960 3853 246 245 663895 0 0 0
-5109 4554 441 261 184930 0 0 0
-102 -5475 321 357 373247 0 0 0
2275 -3081 337 257 616585 0 0 0
4475 -4414 458 241 875164 0 0 0
1532 5423 138 95 404967 0 0 0
-4342 3581 218 374 668366 0 0 0
2571 3688 280 415 475089 0 0 0
-518 1079 343 47 411288 0 0 0
5074 -4089 135 262 268643 0 0 0
3377 -4031 101 391 231487 0 0 0
-5587 -2171 419 341 750042 0 0 0
-2864 -4341 178 48 745798 0 0 0
193 1149 354 322 641324 0 0 0
-1418 -1286 398 372 632853 0 0 0
4958 988 250 109 380054 0 0 0
2291 -897 256 327 555496 0 0 0
-3861 965 424 81 411375 0 0 0
-2006 342 188 45 494482 0 0 0
2494 5227 347 440 725597 0 0 0
-4946 -5747 7 157 650556 0 0 0
-4262 4290 304 176 840482 0 0 0
-3199 -4603 363 58 151731 0 0 0
5304 -4949 1 310 634487 0 0 0
929 5634 381 113 790690 0 0 0
4228 -455 284 419 736807 0 0 0
-1342 -2507 144 368 261971 0 0 0
2994 -2650 73 239 119617 0 0 0
4825 -325 467 45 471889 0 0 0
-3586 -1805 195 72 750554 0 0 0
-3621 -736 156 49 575972 0 0 0
2739 5413 106 142 745947 0 0 0
-1436 -1311 327 13 792352 0 0 0
-2060 -4256 241 147 399637 0 0 0
-370 -5387 93 85 739673 0 0 0
566 4354 156 402 882368 0 0 0
-4241 -3925 97 10 415742 0 0 0
-4448 5270 43 187 234698 0 0 0
3179 226 311 238 521436 0 0 0
3501 4020 48 366 839491 0 0 0
4900 -3877 488 53 446714 0 0 0
-132 -4508 218 24 497557 0 0 0
-2031 -5025 488 403 976842 0 0 0
-166 -395 322 232 809081 0 0 0
950 5617 454 213 519084 0 0 0
1652 5727 397 175 145078 0 0 0
4109 240 184 331 272960 0 0 0
1157 2583 176 165 852093 0 0 0
-3652 3585 219 134 617235 0 0 0
-56 5462 281 319 805826 0 0 0
-3651 4428 90 310 280103 0 0 0
222 -4224 185 68 444028 0 0 0
-4070 282 102 358 711271 0 0 0
-4526 1904 40 456 679087 0 0 0
-5538 -5286 132 332 602080 0 0 0
-3435 188 88 179 992069 0 0 0
1092 -5685 363 85 503949 0 0 0
-2707 -2950 91 312 153413 0 0 0
-1817 1610 190 290 135126 0 0 0
-4530 -5552 245 440 461862 0 0 0
2357 -1329 130 412 618805 0 0 0
10 -5086 249 176 300029 0 0 0
5069 -1630 263 270 792326 0 0 0
1561 2450 275 185 640732 0 0 0
3733 2582 334 89 903004 0 0 0
455 -408 149 76 293226 0 0 0
2632 2797 476 457 101893 0 0 0
-853 167 70 410 669985 0 0 0
-4974 -1217 172 102 889673 0 0 0
-5616 -195 270 277 640051 0 0 0
-1622 -3290 217 443 230911 0 0 0
2307 -786 310 71 203932 0 0 0
-870 -4498 351 101 881417 0 0 0
5463 -3915 108 89 559748 0 0 0
-2439 3176 278 400 664098 0 0 0
-639 -2358 276 394 182414 0 0 0
2802 1158 160 45 652845 0 0 0
-1756 3834 33 384 812611 0 0 0
398 5129 401 301 108066 0 0 0
-3343 -1732 257 47 160249 0 0 0
2665 -4623 299 22 113299 0 0 0
-1004 4989 35 464 566531 0 0 0
-4260 -3291 398 259 902686 0 0 0
-1517 2004 80 22 795259 0 0 0
-5113 -952 481 157 685821 0 0 0
4348 -5483 273 158 408162 0 0 0
3566 2536 19 34 604148 0 0 0
1097 2380 274 114 823971 0 0 0
2306 3053 29 442 251213 0 0 0
2553 -4842 467 342 881984 0 0 0
-2218 -1802 80 243 238256 0 0 0
-2916 1037 383 170 339436 0 0 0
-4832 -3535 51 365 921248 0 0 0
-1001 -3818 350 353 774810 0 0 0
-2353 -2511 78 195 508822 0 0 0
-1896 -2668 340 434 112489 0 0 0
4288 3597 118 182 789250 0 0 0
-5601 2316 30 33 764821 0 0 0
3175 -632 253 64 139253 0 0 0
-3953 3418 27 72 156158 0 0 0
-2049 4332 386 159 400862 0 0 0
826 -5602 12 164 853548 0 0 0
-5451 -1797 139 472 795593 0 0 0
-50 2735 88 215 476104 0 0 0
702 -3229 95 298 152797 0 0 0
5034 -5531 233 60 704799 0 0 0
-65 -3709 398 265 119835 0 0 0
5253 -1509 163 220 626564 0 0 0
-3381 -388 483 229 266373 0 0 0
4272 5342 283 179 735549 0 0 0
4117 -5085 318 188 114051 0 0 0
-4145 -5527 45 172 991899 0 0 0
2218 3207 387 216 221450 0 0 0
2269 278 281 30 741265 0 0 0
708 -4379 68 187 332103 0 0 0
630 445 474 411 443897 0 0 0
4530 -4906 341 172 287745 0 0 0
-2295 2923 98 14 245083 0 0 0
4278 -5421 287 340 449555 0 0 0
-1141 -5651 455 341 779940 0 0 0
1298 3892 470 330 535724 0 0 0
2854 -5498 244 184 184557 0 0 0
302 3528 322 92 347649 0 0 0
-3643 -540 166 165 601969 0 0 0
-5471 -3535 351 370 425635 0 0 0
1405 -3350 336 87 367187 0 0 0
-488 4013 191 171 198189 0 0 0
4867 5627 229 342 267043 0 0 0
697 4699 171 252 977624 0 0 0
-3972 3294 230 442 652132 0 0 0
3327 1362 84 112 210070 0 0 0
-3089 5027 2 339 227308 0 0 0
-4168 -944 350 64 218725 0 0 0
-929 -2534 358 449 681515 0 0 0
5238 -1122 450 242 658072 0 0 0
1957 492 456 175 179089 0 0 0
4109 -153 430 301 654751 0 0 0
-4485 -3981 401 266 837213 0 0 0
2644 3377 160 269 753979 0 0 0
3899 -3285 454 214 164215 0 0 0
-3803 -2077 327 303 553800 0 0 0
445 2879 64 146 498578 0 0 0
4816 -1898 113 320 755061 0 0 0
-1200 -2936 341 206 761079 0 0 0
-2887 -4799 26 426 528347 0 0 0
4103 -5263 185 268 984216 0 0 0
-1626 -2595 151 304 203315 0 0 0
-1870 -560 209 349 151946 0 0 0
1753 169 265 434 355936 0 0 0
-4168 -4008 160 315 720927 0 0 0
4367 -4918 162 456 840839 0 0 0
-4862 -4899 165 365 701293 0 0 0
-1062 -4488 248 432 573427 0 0 0
3921 1981 436 307 327205 0 0 0
472 -5524 299 309 312064 0 0 0
3128 1590 133 133 183295 0 0 0
-1411 4525 428 279 981735 0 0 0
5000 -1543 52 13 201573 0 0 0
-5761 -3093 170 312 407667 0 0 0
1467 1027 378 314 188441 0 0 0
2774 -240 239 396 154548 0 0 0
-4686 -1770 170 356 624963 0 0 0
-2731 4582 348 395 447579 0 0 0
-3938 -4716 350 267 119394 0 0 0
4375 2733 283 379 689512 0 0 0
3544 -2364 438 424 288142 0 0 0
-553 3573 9 414 914707 0 0 0
-1130 -5336 66 10 855705 0 0 0
1607 4434 88 310 792156 0 0 0
-690 -754 339 215 632380 0 0 0
-5646 624 183 444 159783 0 0 0
-3049 -4740 250 422 825635 0 0 0
992 -4293 362 442 230847 0 0 0
4684 3398 224 372 422696 0 0 0
-3554 -5736 410 74 747974 0 0 0
-1364 -370 163 261 407336 0 0 0
944 -1730 50 441 799968 0 0 0
4227 -515 61 388 418732 0 0 0
572 -1256 448 384 628379 0 0 0
-1717 2645 21 468 865603 0 0 0
75 -2539 34 152 789901 0 0 0
2978 -1229 259 23 404949 0 0 0
-5475 -1983 91 461 654274 0 0 0
-3133 4807 340 348 499101 0 0 0
-1305 -2748 463 198 388858 0 0 0
-1903 -363 288 359 341787 0 0 0
1454 -5469 47 74 323992 0 0 0
772 1793 355 204 161592 0 0 0
-1543 -2620 377 230 413374 0 0 0
3421 5692 333 240 204971 0 0 0
4522 -5585 241 360 133785 0 0 0
-854 3258 359 134 818612 0 0 0
4399 -4007 151 234 303972 0 0 0
3958 -99 471 263 575436 0 0 0
109 5005 255 300 128403 0 0 0
3063 -1109 175 167 540712 0 0 0
-2034 -3012 48 155 116607 0 0 0
4619 2975 208 23 811453 0 0 0
4690 -5705 417 343 473168 0 0 0
-5483 419 335 13 987491 0 0 0
467 5114 418 213 377217 0 0 0
-4669 3941 391 411 537164 0 0 0
-1002 -4494 472 134 692548 0 0 0
-4827 -4838 362 283 580279 0 0 0
-5218 5588 66 410 560365 0 0 0
-4066 -793 233 397 617259 0 0 0
-3374 3332 63 131 312573 0 0 0
-2662 3257 79 342 788037 0 0 0
4927 5325 13 11 656911 0 0 0
-1729 1540 153 436 692780 0 0 0
4050 -3561 165 434 569288 0 0 0
-3340 -1327 114 8 299995 0 0 0
-4458 519 71 153 364894 0 0 0
2347 1198 397 158 635422 0 0 0
-867 -3360 409 74 205318 0 0 0
5511 -1284 212 111 405613 0 0 0
5030 638 173 247 564635 0 0 0
-3423 -1100 264 142 468360 0 0 0
-3146 -1340 377 175 266408 0 0 0
2733 -282 311 329 912384 0 0 0
1311 4560 65 270 416388 0 0 0
1674 -21 32 154 908292 0 0 0
-5259 138 269 247 890770 0 0 0
431 -4237 379 288 670991 0 0 0
-1135 -2446 455 361 194435 0 0 0
609 -4059 75 6 429418 0 0 0
465 97 68 22 209633 0 0 0
1015 1019 24 97 272873 0 0 0
-4957 -1587 118 386 201357 0 0 0
5178 3275 462 129 990741 0 0 0
-2976 5600 312 25 621681 0 0 0
-4928 -2286 320 451 679853 0 0 0
5736 2133 295 471 696721 0 0 0
4804 -920 147 201 173910 0 0 0
-2539 -323 226 328 451102 0 0 0
-5434 -4074 402 416 834702 0 0 0
-640 3909 475 74 680571 0 0 0
1776 3805 466 144 839320 0 0 0
2100 -5084 370 256 326008 0 0 0
2453 -901 440 199 830063 0 0 0
-4344 2539 26 170 526138 0 0 0
-3490 -3299 452 107 105297 0 0 0
-5797 -3550 258 219 561700 0 0 0
4548 -1176 101 103 257739 0 0 0
2198 2252 226 17 601523 0 0 0
20 -384 93 293 130055 0 0 0
2874 1331 466 80 925833 0 0 0
5248 987 43 372 117943 0 0 0
1267 -1769 396 347 455527 0 0 0
-3785 2501 440 410 872978 0 0 0
-1511 -797 324 183 953191 0 0 0
-1286 4245 412 245 151463 0 0 0
-2380 5725 406 259 861183 0 0 0
2190 -1479 319 401 670593 0 0 0
1442 2210 17 406 703072 0 0 0
780 -598 312 307 336998 0 0 0
-5199 -4897 236 209 150092 0 0 0
859 970 20 257 575110 0 0 0
2229 -226 92 258 950200 0 0 0
-246 2367 157 242 708028 0 0 0
1911 1037 133 61 753655 0 0 0
-2302 1871 69 42 387482 0 0 0
327 -4816 188 431 526050 0 0 0
4037 -5610 92 123 364230 0 0 0
-4472 887 330 285 314363 0 0 0
-702 5301 87 4 832101 0 0 0
1394 -784 327 267 675372 0 0 0
834 1879 57 243 816346 0 0 0
-3423 2940 82 293 681289 0 0 0
-90 -3970 173 360 157286 0 0 0
5144 -1251 168 245 683741 0 0 0
-276 -2018 379 197 717954 0 0 0
4517 -3618 296 163 242104 0 0 0
-3205 1795 1 272 922873 0 0 0
-2324 -2887 296 215 954981 0 0 0
-1403 3183 469 3 758424 0 0 0
4651 4456 268 363 358586 0 0 0
243 2510 22 124 477932 0 0 0
-2787 856 115 215 149778 0 0 0
19 4078 99 66 362633 0 0 0
-2244 -2697 413 244 104835 0 0 0
4582 3772 36 439 666409 0 0 0
1844 -4613 45 323 598388 0 0 0
3742 1213 92 243 790598 0 0 0
-2431 1783 229 346 468151 0 0 0
-246 4791 275 339 800391 0 0 0
-5077 4045 357 443 638709 0 0 0
1221 -5548 439 350 653894 0 0 0
-4451 2354 343 329 169780 0 0 0
-1434 1900 254 347 467284 0 0 0
-286 96 187 411 682714 0 0 0
696 -3036 307 43 529597 0 0 0
1633 4202 264 476 657247 0 0 0
-1543 19 248 105 870283 0 0 0
1410 -3365 428 127 454757 0 0 0
-2959 -4819 60 402 403499 0 0 0
-3861 1287 357 324 537581 0 0 0
