600
-255 363 7 31 584523 0 0 0
-584 273 52 1 708582 0 0 0
-526 -71 51 55 670383 0 0 0
-432 265 46 45 351362 0 0 0
92 -176 11 32 777994 0 0 0
33 -465 49 19 125817 0 0 0
-49 101 19 36 389764 0 0 0
-173 -347 48 23 904964 0 0 0
-473 -549 45 15 972034 0 0 0
26 62 49 17 192316 0 0 0
-253 -103 73 4 975679 0 0 0
298 -283 5 3 393946 0 0 0
-333 402 6 55 321644 0 0 0
477 236 8 4 688955 0 0 0
444 168 48 17 827388 0 0 0
-509 59 16 12 524422 0 0 0
64 302 40 56 113768 0 0 0
447 -470 67 52 990031 0 0 0
-11 -189 24 22 682412 0 0 0
19 -267 60 12 702194 0 0 0
-18 339 44 5 636228 0 0 0
-166 -288 48 46 535394 0 0 0
449 -119 67 23 459061 0 0 0
-183 542 6 25 279840 0 0 0
-268 595 62 14 560444 0 0 0
-39 -161 1 48 874962 0 0 0
355 168 45 60 308085 0 0 0
303 108 23 59 594715 0 0 0
437 308 68 50 937735 0 0 0
142 539 71 37 442753 0 0 0
389 557 42 60 329652 0 0 0
453 -329 39 22 562920 0 0 0
510 302 53 25 931596 0 0 0
474 -101 69 56 554662 0 0 0
-392 110 20 49 346352 0 0 0
451 -567 45 59 755995 0 0 0
-545 172 4 18 361287 0 0 0
441 124 1 42 536104 0 0 0
124 128 11 9 356876 0 0 0
-64 -280 49 58 752624 0 0 0
15 -408 3 37 878942 0 0 0
-89 424 33 24 942395 0 0 0
-155 3 72 56 627960 0 0 0
242 -463 8 56 314982 0 0 0
-301 39 66 4 993764 0 0 0
76 553 46 17 132107 0 0 0
-434 -147 69 58 516574 0 0 0
304 -314 59 10 821243 0 0 0
-395 245 23 32 781483 0 0 0
216 -476 60 27 631862 0 0 0
528 -67 47 37 703499 0 0 0
124 -469 69 44 258731 0 0 0
-519 -88 25 36 879438 0 0 0
-376 -511 73 27 479180 0 0 0
587 200 8 31 160293 0 0 0
-600 -441 67 37 420972 0 0 0
-520 139 21 53 860287 0 0 0
-448 -443 18 37 119737 0 0 0
-257 -85 23 26 275152 0 0 0
386 -104 44 28 479930 0 0 0
-173 -572 46 24 627629 0 0 0
-397 49 35 43 606101 0 0 0
-237 -147 54 57 692469 0 0 0
-529 -13 53 28 966196 0 0 0
110 369 45 51 511364 0 0 0
-524 -51 41 59 963028 0 0 0
112 47 24 50 586937 0 0 0
351 -336 24 45 942066 0 0 0
340 208 18 17 676288 0 0 0
-383 527 43 12 820754 0 0 0
76 -183 69 12 272527 0 0 0
-35 -536 42 30 693918 0 0 0
116 -136 46 41 971480 0 0 0
599 127 32 11 545769 0 0 0
566 495 48 35 517999 0 0 0
-71 -46 11 53 333339 0 0 0
195 -525 19 51 132358 0 0 0
3 255 23 37 931537 0 0 0
10 -293 62 55 738929 0 0 0
-162 499 5 23 479654 0 0 0
-82 -455 10 11 569065 0 0 0
204 -298 25 46 172356 0 0 0
395 -126 6 34 777995 0 0 0
524 -294 18 36 732772 0 0 0
136 -85 41 22 806571 0 0 0
-453 -502 67 2 935733 0 0 0
-350 39 47 32 396410 0 0 0
-315 -514 28 10 579222 0 0 0
-508 -366 52 7 451700 0 0 0
-182 -590 28 47 312655 0 0 0
-533 -242 24 47 818356 0 0 0
-439 -130 66 6 982082 0 0 0
397 -416 52 42 259401 0 0 0
-358 -564 32 12 123140 0 0 0
550 -363 32 31 513273 0 0 0
-548 457 18 8 570320 0 0 0
-441 1 60 57 256569 0 0 0
537 -541 58 43 699732 0 0 0
592 311 58 10 227480 0 0 0
403 586 23 18 332390 0 0 0
201 -405 69 53 752703 0 0 0
182 -276 62 46 502129 0 0 0
8 545 17 13 177952 0 0 0
65 -79 52 32 224441 0 0 0
-178 -17 34 42 652754 0 0 0
580 345 52 13 159738 0 0 0
315 -122 2 49 657877 0 0 0
548 -153 34 42 784253 0 0 0
-215 -436 40 15 160816 0 0 0
314 189 22 38 584054 0 0 0
-458 -559 37 43 776160 0 0 0
-36 -310 11 18 131096 0 0 0
-248 422 9 11 631360 0 0 0
156 395 23 37 876174 0 0 0
127 -295 55 53 625460 0 0 0
-348 582 64 58 706815 0 0 0
557 548 13 10 745479 0 0 0
39 139 50 29 959417 0 0 0
-511 417 42 9 940802 0 0 0
-191 306 2 22 330865 0 0 0
-122 -127 14 59 713306 0 0 0
482 422 66 13 492101 0 0 0
280 207 72 48 827472 0 0 0
156 -136 51 11 253755 0 0 0
310 352 45 20 179105 0 0 0
-417 433 61 19 181168 0 0 0
-3 -131 38 19 173640 0 0 0
-22 447 1 25 242106 0 0 0
-581 260 47 57 329459 0 0 0
387 302 30 8 210406 0 0 0
-220 -597 11 20 949284 0 0 0
-183 -536 66 3 775987 0 0 0
-572 -254 55 22 174689 0 0 0
-326 -449 41 40 156190 0 0 0
-137 -326 56 28 306178 0 0 0
154 73 22 25 842224 0 0 0
-47 20 69 50 696905 0 0 0
-285 -171 6 21 920920 0 0 0
-341 366 8 16 397303 0 0 0
-522 -76 21 58 917923 0 0 0
-451 -200 52 53 411177 0 0 0
257 -157 39 54 748767 0 0 0
-89 -347 5 35 552666 0 0 0
359 547 65 54 561197 0 0 0
-259 -370 35 20 981176 0 0 0
75 -327 17 41 489499 0 0 0
-327 191 56 55 443055 0 0 0
146 137 11 46 226423 0 0 0
366 498 26 35 842018 0 0 0
426 565 22 43 451650 0 0 0
252 -124 68 9 884456 0 0 0
486 -218 70 14 684455 0 0 0
148 -405 31 33 494865 0 0 0
-500 -561 47 25 509314 0 0 0
308 -369 40 43 513472 0 0 0
38 541 3 8 958646 0 0 0
-61 330 68 10 725985 0 0 0
234 374 24 60 307095 0 0 0
-80 90 56 4 475771 0 0 0
-18 -369 63 45 955266 0 0 0
-415 66 20 22 530004 0 0 0
141 295 20 42 891529 0 0 0
489 -132 40 12 882134 0 0 0
-527 -542 2 40 118314 0 0 0
-332 -217 10 2 837557 0 0 0
87 -424 31 45 534149 0 0 0
259 596 58 44 606438 0 0 0
-55 -227 16 56 745779 0 0 0
148 -230 46 39 624728 0 0 0
-551 46 28 51 788802 0 0 0
19 -88 68 10 204184 0 0 0
-166 290 48 60 432199 0 0 0
9 -155 48 55 201156 0 0 0
302 -207 73 22 221962 0 0 0
-432 -474 62 28 904891 0 0 0
420 359 57 8 290936 0 0 0
-74 330 44 40 388098 0 0 0
-459 -157 28 46 826341 0 0 0
28 -341 72 23 197153 0 0 0
375 540 37 53 120450 0 0 0
-416 -46 63 49 292930 0 0 0
270 144 36 51 650422 0 0 0
-411 -470 72 58 879741 0 0 0
599 579 1 22 484884 0 0 0
519 -538 4 2 711303 0 0 0
-465 362 54 45 824423 0 0 0
-555 331 23 34 656989 0 0 0
-563 170 4 48 847220 0 0 0
223 286 58 50 616139 0 0 0
394 307 37 23 574530 0 0 0
-322 -329 20 37 671451 0 0 0
-324 236 31 32 831837 0 0 0
-50 242 7 31 921292 0 0 0
-35 414 20 21 318192 0 0 0
492 508 12 13 875694 0 0 0
425 120 13 41 137018 0 0 0
440 -342 66 53 503070 0 0 0
-310 166 15 39 579460 0 0 0
-451 55 56 30 679256 0 0 0
516 393 57 24 216499 0 0 0
-565 145 47 15 152095 0 0 0
-502 -127 9 21 815735 0 0 0
578 -304 13 46 954374 0 0 0
72 334 73 51 710555 0 0 0
305 170 17 27 456410 0 0 0
122 -66 27 17 480713 0 0 0
88 522 46 59 764274 0 0 0
-285 147 9 1 940245 0 0 0
-333 301 12 23 180802 0 0 0
378 169 8 4 106383 0 0 0
-408 599 6 13 338464 0 0 0
-581 35 59 25 501182 0 0 0
550 -346 58 31 995508 0 0 0
140 -42 55 51 194910 0 0 0
120 181 32 17 348726 0 0 0
307 487 21 21 303971 0 0 0
504 263 39 39 495829 0 0 0
-584 -362 6 46 559517 0 0 0
-474 -169 36 56 484430 0 0 0
-23 -330 54 58 881300 0 0 0
93 -65 50 25 538136 0 0 0
-49 311 60 32 925704 0 0 0
-276 348 30 5 924643 0 0 0
433 -15 16 23 196661 0 0 0
543 261 42 59 570874 0 0 0
332 -227 3 45 971146 0 0 0
452 -139 5 4 462127 0 0 0
-542 -286 63 4 819331 0 0 0
-271 -36 46 53 878780 0 0 0
435 430 49 54 253108 0 0 0
-247 -337 36 60 792428 0 0 0
340 -46 18 39 430827 0 0 0
519 -297 29 11 403103 0 0 0
50 -102 60 30 114856 0 0 0
220 -399 64 48 383573 0 0 0
-397 -372 24 26 599736 0 0 0
-417 -88 40 57 400123 0 0 0
133 6 65 13 227371 0 0 0
11 301 48 40 668548 0 0 0
314 290 50 28 139114 0 0 0
-219 -344 35 54 307880 0 0 0
-549 450 12 35 862656 0 0 0
-359 235 33 60 313231 0 0 0
490 368 38 52 987499 0 0 0
-438 -585 3 30 615281 0 0 0
-560 67 26 48 677408 0 0 0
209 274 69 37 904668 0 0 0
-316 149 66 11 643464 0 0 0
-227 554 37 3 650993 0 0 0
264 -52 45 47 510706 0 0 0
-61 -468 44 55 523981 0 0 0
36 -493 24 32 271765 0 0 0
479 -531 27 39 357463 0 0 0
-438 -274 32 53 243120 0 0 0
-475 211 65 17 746674 0 0 0
-536 395 61 44 792048 0 0 0
-85 -90 70 48 141409 0 0 0
-425 268 37 4 193614 0 0 0
114 335 53 52 189152 0 0 0
-146 120 54 52 539773 0 0 0
0 -187 67 33 350572 0 0 0
-183 -581 7 27 205555 0 0 0
171 -204 29 5 987456 0 0 0
448 545 42 3 770893 0 0 0
360 -269 68 12 672345 0 0 0
-312 353 43 56 485924 0 0 0
-444 -86 33 57 707817 0 0 0
-194 -193 13 23 907464 0 0 0
-380 -109 37 34 361784 0 0 0
-278 -412 40 48 247023 0 0 0
-4 -297 72 47 953131 0 0 0
173 -188 19 52 846710 0 0 0
522 257 35 57 581727 0 0 0
-87 -71 59 37 758379 0 0 0
171 80 30 18 998319 0 0 0
124 -300 73 31 282213 0 0 0
-170 285 24 28 741828 0 0 0
514 533 70 18 516679 0 0 0
-68 -106 10 40 559131 0 0 0
-67 587 31 19 646673 0 0 0
523 -136 33 48 896053 0 0 0
-373 74 9 29 799791 0 0 0
-474 428 57 20 874120 0 0 0
578 -141 11 19 283592 0 0 0
-33 -551 54 50 516343 0 0 0
380 17 57 47 937436 0 0 0
377 189 42 34 452283 0 0 0
-391 58 22 54 187691 0 0 0
2 -80 68 9 404744 0 0 0
-577 -133 29 57 347685 0 0 0
249 -161 23 31 776995 0 0 0
-585 -146 62 33 286937 0 0 0
-57 366 48 19 385428 0 0 0
591 142 36 9 590956 0 0 0
-335 326 32 17 889232 0 0 0
-156 -559 50 15 134070 0 0 0
423 297 30 21 702035 0 0 0
38 537 62 40 962457 0 0 0
-250 200 27 41 600254 0 0 0
-549 363 7 39 745323 0 0 0
428 -103 22 18 505409 0 0 0
-288 -317 17 6 838416 0 0 0
148 -138 53 60 135406 0 0 0
134 -6 13 28 835468 0 0 0
-268 207 67 45 864774 0 0 0
-105 -530 21 53 788607 0 0 0
521 -274 4 16 194349 0 0 0
-218 -342 39 35 147963 0 0 0
-322 73 60 55 325908 0 0 0
276 256 23 37 958986 0 0 0
420 43 24 35 407746 0 0 0
248 585 64 11 244331 0 0 0
-383 -508 30 53 116430 0 0 0
216 525 29 41 203252 0 0 0
84 466 17 29 984147 0 0 0
-586 -578 6 42 114994 0 0 0
-466 530 25 15 661241 0 0 0
524 -233 31 22 616056 0 0 0
314 -172 6 43 547953 0 0 0
-518 -249 69 45 694671 0 0 0
468 274 12 48 777905 0 0 0
228 402 15 43 532553 0 0 0
83 377 38 25 358791 0 0 0
383 532 2 50 746580 0 0 0
-340 -158 5 56 644305 0 0 0
-233 -409 67 2 981332 0 0 0
458 431 54 45 301358 0 0 0
565 -537 12 19 767938 0 0 0
-500 -225 67 14 753304 0 0 0
589 -123 29 9 325976 0 0 0
157 21 56 41 124369 0 0 0
408 297 65 35 687857 0 0 0
214 -31 68 23 316477 0 0 0
-579 276 51 32 878728 0 0 0
373 -289 17 47 838657 0 0 0
-558 -33 12 4 890555 0 0 0
-543 -236 64 18 960813 0 0 0
-509 -384 8 49 735874 0 0 0
240 -104 20 51 811801 0 0 0
-374 568 1 43 461360 0 0 0
494 -348 73 50 144770 0 0 0
-137 -23 55 19 864529 0 0 0
-268 -513 18 49 923475 0 0 0
289 137 62 4 981379 0 0 0
215 398 40 49 594633 0 0 0
-217 -532 18 35 586179 0 0 0
163 -279 57 9 293944 0 0 0
193 -380 12 60 798324 0 0 0
393 365 12 5 251710 0 0 0
40 -398 11 47 743250 0 0 0
-359 -347 44 37 115824 0 0 0
-449 -261 57 17 613190 0 0 0
466 -190 53 56 125085 0 0 0
-310 -62 32 23 944913 0 0 0
-212 470 28 31 253694 0 0 0
423 218 25 44 402160 0 0 0
413 113 36 53 215494 0 0 0
-401 144 69 33 777435 0 0 0
-225 -20 42 8 107392 0 0 0
-529 54 3 31 203432 0 0 0
-397 -288 38 50 514493 0 0 0
-145 -423 27 26 830409 0 0 0
-480 231 2 44 596082 0 0 0
90 -189 26 55 767812 0 0 0
478 -283 65 13 486470 0 0 0
-106 265 47 53 808269 0 0 0
-414 80 73 42 993190 0 0 0
-42 -273 10 28 198442 0 0 0
-174 -300 11 58 986984 0 0 0
-577 -233 31 30 385786 0 0 0
389 502 51 42 156620 0 0 0
116 -430 72 27 987296 0 0 0
-549 -295 49 47 871935 0 0 0
419 -158 49 30 583896 0 0 0
-10 361 6 44 840073 0 0 0
32 221 18 8 101160 0 0 0
-201 -122 15 29 568824 0 0 0
-48 100 33 14 804025 0 0 0
-170 -572 30 2 619521 0 0 0
185 555 25 56 517303 0 0 0
-594 544 26 39 247944 0 0 0
428 -460 69 8 595237 0 0 0
-94 -519 32 36 684010 0 0 0
-581 297 32 16 362412 0 0 0
322 -233 68 57 950388 0 0 0
-69 318 8 9 658233 0 0 0
488 -600 58 43 188258 0 0 0
-181 -380 12 7 377896 0 0 0
-177 330 40 4 757335 0 0 0
209 -530 59 8 870408 0 0 0
498 -552 65 44 799435 0 0 0
486 -104 52 20 145047 0 0 0
-435 17 27 8 214729 0 0 0
-245 -238 70 13 670438 0 0 0
-97 -271 19 53 539779 0 0 0
253 215 66 6 756729 0 0 0
415 -279 8 26 428140 0 0 0
447 -278 17 23 925856 0 0 0
240 418 14 28 194023 0 0 0
-434 -388 25 60 936315 0 0 0
405 -461 63 33 261357 0 0 0
-156 98 8 19 276567 0 0 0
97 467 7 8 173355 0 0 0
312 -69 55 11 949070 0 0 0
567 85 30 40 555547 0 0 0
114 530 61 57 958573 0 0 0
-177 -244 23 49 546068 0 0 0
323 254 13 52 280391 0 0 0
-270 127 55 21 661019 0 0 0
-564 539 28 18 516366 0 0 0
588 205 67 50 475764 0 0 0
137 -431 60 12 272402 0 0 0
-192 171 11 2 911905 0 0 0
-459 486 35 54 216726 0 0 0
417 -11 54 27 215085 0 0 0
-403 209 24 22 872559 0 0 0
309 342 1 7 585285 0 0 0
384 357 28 26 341201 0 0 0
-363 -426 58 14 817806 0 0 0
558 179 62 39 480258 0 0 0
-130 321 40 17 532037 0 0 0
562 -33 18 24 665274 0 0 0
173 158 15 48 358406 0 0 0
-453 179 5 18 352550 0 0 0
367 -173 34 31 508334 0 0 0
-444 213 69 47 568746 0 0 0
-143 86 50 30 756068 0 0 0
-483 517 71 53 275881 0 0 0
-473 -496 72 15 548778 0 0 0
451 447 41 52 740366 0 0 0
388 -134 10 14 415731 0 0 0
-503 -151 34 16 789127 0 0 0
-273 140 24 2 806240 0 0 0
-596 282 57 18 876672 0 0 0
354 -355 40 50 356534 0 0 0
-282 -223 17 44 162298 0 0 0
-213 136 9 46 159230 0 0 0
406 -203 13 27 946977 0 0 0
525 4 42 11 652257 0 0 0
-165 494 33 5 804745 0 0 0
512 -497 25 6 867605 0 0 0
-140 61 71 49 495778 0 0 0
-531 107 38 15 435346 0 0 0
-313 -446 61 47 557334 0 0 0
420 425 58 39 206438 0 0 0
6 -228 31 50 815077 0 0 0
169 187 69 37 939162 0 0 0
-91 -431 43 60 537513 0 0 0
-184 -70 12 38 234859 0 0 0
18 -311 59 16 730799 0 0 0
-47 178 13 38 524609 0 0 0
197 -509 26 42 994206 0 0 0
-136 187 58 22 907177 0 0 0
-565 -446 38 55 154055 0 0 0
25 487 36 58 455708 0 0 0
-167 -4 71 33 679411 0 0 0
-381 -480 71 37 456627 0 0 0
-399 503 48 42 851864 0 0 0
479 -25 73 56 387139 0 0 0
497 -197 25 51 474239 0 0 0
-198 -18 61 32 505475 0 0 0
-26 -58 6 11 600681 0 0 0
-193 480 17 36 600572 0 0 0
373 345 59 26 554562 0 0 0
-343 -291 50 52 672462 0 0 0
573 -509 43 40 952742 0 0 0
446 37 28 37 441093 0 0 0
579 -161 67 24 953529 0 0 0
-42 -481 7 47 503773 0 0 0
98 -538 39 4 973601 0 0 0
-191 -127 44 8 105021 0 0 0
58 -596 49 48 690873 0 0 0
-572 -151 62 34 900710 0 0 0
-9 578 64 30 351417 0 0 0
211 -497 72 32 334274 0 0 0
543 -212 32 9 433114 0 0 0
-585 -335 52 55 154545 0 0 0
584 191 68 33 380867 0 0 0
-386 -496 28 24 897168 0 0 0
491 454 42 22 473026 0 0 0
-330 70 47 9 792469 0 0 0
511 412 31 49 958274 0 0 0
-516 152 30 59 988063 0 0 0
199 -16 38 47 500249 0 0 0
-29 25 36 11 305441 0 0 0
-42 178 51 26 428532 0 0 0
-427 -156 59 50 824682 0 0 0
580 -274 7 59 831185 0 0 0
119 -595 4 17 534141 0 0 0
272 -450 8 51 518205 0 0 0
-516 108 1 45 107203 0 0 0
-188 574 57 29 406511 0 0 0
-535 -197 2 17 602390 0 0 0
21 338 26 45 637734 0 0 0
359 -293 35 57 567617 0 0 0
-548 -318 70 20 339123 0 0 0
193 -103 7 33 870807 0 0 0
-416 -575 10 32 723094 0 0 0
523 69 20 9 880518 0 0 0
538 504 65 22 880528 0 0 0
-553 18 1 50 202962 0 0 0
-200 518 20 23 506309 0 0 0
-193 500 53 26 898095 0 0 0
536 388 57 8 249712 0 0 0
261 -526 17 53 524768 0 0 0
-553 378 63 44 574767 0 0 0
-122 -499 35 19 146842 0 0 0
533 277 41 52 367134 0 0 0
-517 -292 59 4 545426 0 0 0
-391 -476 53 37 256499 0 0 0
553 465 69 5 684298 0 0 0
229 -183 28 9 888999 0 0 0
-555 -120 17 49 959865 0 0 0
-95 -574 61 59 997368 0 0 0
-106 215 63 9 971637 0 0 0
253 -153 45 57 291734 0 0 0
-63 320 66 43 664826 0 0 0
262 -379 61 35 672054 0 0 0
284 -175 4 3 176500 0 0 0
-339 423 61 17 123602 0 0 0
-95 -78 32 19 798505 0 0 0
62 258 47 34 591686 0 0 0
-189 -311 34 7 132919 0 0 0
199 240 15 19 560430 0 0 0
-102 -78 63 32 529305 0 0 0
-174 398 61 41 781279 0 0 0
-249 -520 4 24 410555 0 0 0
35 -511 28 41 445233 0 0 0
275 -74 54 16 134984 0 0 0
-57 -597 56 12 546564 0 0 0
-315 -302 50 47 123567 0 0 0
239 12 7 18 230061 0 0 0
-164 -164 18 55 964783 0 0 0
49 -212 32 24 756970 0 0 0
-276 -406 35 1 775548 0 0 0
-571 174 31 32 329902 0 0 0
-185 -530 20 51 867178 0 0 0
355 -47 57 10 501488 0 0 0
168 333 33 53 814025 0 0 0
263 168 47 28 926699 0 0 0
482 564 1 25 115457 0 0 0
-561 -325 62 37 156706 0 0 0
347 -519 7 50 423251 0 0 0
-439 275 55 6 772549 0 0 0
96 -1 61 15 405354 0 0 0
-198 66 44 50 162740 0 0 0
99 -93 66 24 268277 0 0 0
-301 -503 19 42 974118 0 0 0
497 -485 14 33 785302 0 0 0
308 65 58 20 186996 0 0 0
-3 -389 19 25 653505 0 0 0
-152 229 8 39 701399 0 0 0
433 -277 46 29 483975 0 0 0
-423 227 11 28 542766 0 0 0
-121 -118 31 24 488642 0 0 0
-308 469 50 2 320399 0 0 0
381 -550 50 1 734204 0 0 0
149 -393 6 37 680058 0 0 0
19 -211 73 2 847644 0 0 0
497 -140 51 28 156617 0 0 0
-311 62 32 16 375789 0 0 0
-539 -213 6 35 154499 0 0 0
-155 -523 27 42 237733 0 0 0
481 413 67 59 630691 0 0 0
-410 90 53 54 557500 0 0 0
-486 -319 60 60 258771 0 0 0
206 -434 20 23 219453 0 0 0
539 53 7 20 113893 0 0 0
-226 -401 58 54 439158 0 0 0
456 -381 44 48 646647 0 0 0
-591 146 45 20 736696 0 0 0
-243 556 33 42 595829 0 0 0
-573 -313 14 34 812015 0 0 0
385 303 47 31 397750 0 0 0
-296 -479 57 50 103841 0 0 0
-394 143 71 7 462582 0 0 0
-317 -559 10 47 904067 0 0 0
-58 459 16 60 669943 0 0 0
419 102 46 47 234198 0 0 0
-88 -492 33 39 537162 0 0 0
327 267 9 13 508066 0 0 0
137 -492 39 46 946729 0 0 0
-500 502 65 60 756803 0 0 0
-443 559 55 40 444814 0 0 0
440 -147 17 9 933511 0 0 0
102 -554 8 11 937989 0 0 0
174 -526 35 16 351148 0 0 0
-79 -553 70 51 606429 0 0 0
325 343 45 35 576696 0 0 0
-15 -499 6 26 967924 0 0 0
126 284 35 8 759933 0 0 0
498 48 57 29 562124 0 0 0
462 -159 43 31 442373 0 0 0
-557 -145 50 48 341173 0 0 0
505 161 46 21 791330 0 0 0
-75 -591 12 51 351212 0 0 0
-532 363 20 16 221069 0 0 0
81 365 9 9 452316 0 0 0
174 -310 39 33 353190 0 0 0
324 91 68 33 103118 0 0 0
