700
-485 -294 4 49 786408 0 0 0
506 382 12 20 534659 0 0 0
60 -596 17 16 451070 0 0 0
180 -32 13 8 318862 0 0 0
604 37 21 59 228083 0 0 0
-189 -206 28 39 452680 0 0 0
-663 491 69 39 788236 0 0 0
48 566 27 49 691669 0 0 0
648 -148 70 27 974158 0 0 0
641 -218 72 55 505734 0 0 0
-6 46 50 16 995816 0 0 0
-431 -334 53 54 424880 0 0 0
9 -679 71 57 119307 0 0 0
178 596 4 29 461731 0 0 0
-568 -89 17 57 657371 0 0 0
-586 -246 16 65 234782 0 0 0
295 -108 21 15 952367 0 0 0
-9 73 47 32 201952 0 0 0
-6 -248 71 46 810446 0 0 0
388 -139 36 67 465961 0 0 0
162 -320 79 42 706210 0 0 0
-259 324 63 51 856545 0 0 0
185 -531 76 27 216102 0 0 0
-209 356 20 5 520669 0 0 0
576 319 24 51 458602 0 0 0
-691 202 22 50 611664 0 0 0
695 635 70 21 944331 0 0 0
-544 397 44 16 540214 0 0 0
-216 -216 58 51 731269 0 0 0
-497 -601 77 11 305827 0 0 0
-162 -207 46 18 516478 0 0 0
331 661 75 23 730541 0 0 0
272 -546 21 39 883211 0 0 0
-279 -563 26 54 637628 0 0 0
-345 -405 2 38 701402 0 0 0
-624 428 70 60 484346 0 0 0
-67 -120 5 38 631556 0 0 0
-361 -109 75 51 416036 0 0 0
487 -577 7 8 355167 0 0 0
154 556 7 30 723723 0 0 0
129 85 20 33 998305 0 0 0
587 133 53 25 913368 0 0 0
254 197 44 11 809538 0 0 0
-250 107 73 29 610399 0 0 0
-619 465 21 38 203764 0 0 0
-384 -25 16 38 926976 0 0 0
-621 202 74 46 428864 0 0 0
-526 606 66 13 735149 0 0 0
-490 328 8 61 394164 0 0 0
445 93 70 27 880439 0 0 0
-83 -13 36 50 629263 0 0 0
650 -644 37 51 920083 0 0 0
-76 -578 51 20 905609 0 0 0
-294 -648 30 51 128078 0 0 0
-106 -165 37 63 692416 0 0 0
-364 597 70 59 282085 0 0 0
-283 605 1 64 938549 0 0 0
94 -332 51 10 520932 0 0 0
-550 574 45 28 261042 0 0 0
-59 168 17 67 211202 0 0 0
412 -134 26 61 359207 0 0 0
57 485 78 27 672394 0 0 0
639 -239 70 41 767393 0 0 0
-122 -78 10 6 705438 0 0 0
-517 134 59 19 107512 0 0 0
561 -538 3 6 367336 0 0 0
-292 -383 58 50 844787 0 0 0
-340 527 29 54 407684 0 0 0
583 -469 55 9 206789 0 0 0
-230 541 15 3 486573 0 0 0
-361 -497 2 48 894781 0 0 0
-395 111 65 2 839113 0 0 0
260 -48 10 63 281928 0 0 0
189 -426 30 59 422045 0 0 0
-274 -593 47 22 495891 0 0 0
-486 208 71 57 383961 0 0 0
642 -119 79 7 921565 0 0 0
146 133 37 67 829062 0 0 0
579 -279 59 38 182573 0 0 0
-585 -57 27 40 963627 0 0 0
-579 -680 24 27 889947 0 0 0
100 -176 40 28 908634 0 0 0
293 1 7 38 880262 0 0 0
0 160 18 5 985123 0 0 0
-628 -63 74 62 259093 0 0 0
-682 -608 43 58 417936 0 0 0
-320 -165 62 29 968534 0 0 0
81 147 15 43 953880 0 0 0
256 -263 43 3 572878 0 0 0
656 -619 44 7 614918 0 0 0
-316 -143 15 53 776274 0 0 0
-573 -496 27 33 863893 0 0 0
-583 -306 60 63 676704 0 0 0
-263 -40 2 1 280316 0 0 0
697 -635 62 6 415635 0 0 0
671 347 3 9 961899 0 0 0
-230 482 13 67 221916 0 0 0
-215 -177 53 57 997524 0 0 0
-577 254 67 31 875152 0 0 0
-396 -442 7 46 406614 0 0 0
624 -465 1 52 161548 0 0 0
-442 -221 36 18 939162 0 0 0
-677 50 42 59 267682 0 0 0
-5 -481 23 24 576540 0 0 0
242 -374 2 65 494985 0 0 0
-364 -236 29 61 190155 0 0 0
414 -132 66 52 193775 0 0 0
-294 -268 10 36 500602 0 0 0
346 -222 46 17 141929 0 0 0
98 -338 58 33 781943 0 0 0
244 -45 46 66 763798 0 0 0
-336 -484 48 62 355042 0 0 0
626 -514 46 17 928571 0 0 0
5 90 77 48 556218 0 0 0
-207 -293 13 64 286840 0 0 0
-2 568 65 67 497213 0 0 0
433 -418 27 34 687558 0 0 0
413 177 76 19 630520 0 0 0
43 -408 23 28 368620 0 0 0
411 -578 9 19 914569 0 0 0
488 -379 14 23 420092 0 0 0
607 -176 76 53 719262 0 0 0
350 419 41 68 650166 0 0 0
481 -422 11 39 497348 0 0 0
96 610 36 44 777939 0 0 0
-19 -382 18 16 366558 0 0 0
-635 107 71 44 634442 0 0 0
-467 461 17 11 251454 0 0 0
-286 -666 53 30 925583 0 0 0
594 511 24 21 853688 0 0 0
-331 469 64 39 501315 0 0 0
-132 -226 36 22 536576 0 0 0
24 -545 49 8 701121 0 0 0
-228 344 77 46 530456 0 0 0
-65 -666 71 50 398402 0 0 0
-105 -2 72 17 163934 0 0 0
239 233 70 4 679779 0 0 0
221 433 29 63 734984 0 0 0
255 46 21 28 580036 0 0 0
318 113 66 42 465625 0 0 0
443 152 63 51 605601 0 0 0
-379 -193 57 62 798064 0 0 0
-168 399 36 3 999405 0 0 0
144 -30 11 48 503131 0 0 0
-612 172 64 47 868119 0 0 0
-135 129 80 57 957391 0 0 0
-444 548 22 62 345713 0 0 0
-72 -577 31 20 546233 0 0 0
-28 -105 7 12 101755 0 0 0
-298 15 19 20 131731 0 0 0
-83 -659 66 2 719836 0 0 0
335 123 58 54 351767 0 0 0
-131 -666 71 61 479633 0 0 0
352 -218 63 50 710738 0 0 0
404 549 74 18 582057 0 0 0
7 -464 54 48 905199 0 0 0
595 228 29 3 773720 0 0 0
-22 -298 37 46 811290 0 0 0
59 -576 81 61 267646 0 0 0
208 -37 16 8 527453 0 0 0
-194 350 12 13 474934 0 0 0
206 -558 21 4 842960 0 0 0
251 -312 60 12 170932 0 0 0
-3 -183 14 14 429508 0 0 0
-288 438 62 42 659942 0 0 0
-353 -113 26 45 180255 0 0 0
-121 433 14 55 409870 0 0 0
-307 -142 3 50 310726 0 0 0
-479 301 62 5 618262 0 0 0
218 -110 26 39 793148 0 0 0
383 351 4 65 493614 0 0 0
548 157 66 53 156425 0 0 0
186 -150 56 20 793302 0 0 0
591 -519 79 2 826577 0 0 0
-92 632 79 8 922607 0 0 0
236 -537 14 19 584603 0 0 0
-492 -574 28 45 371070 0 0 0
476 438 3 67 737348 0 0 0
-258 -632 47 53 489563 0 0 0
-225 540 44 60 209018 0 0 0
54 95 23 30 254549 0 0 0
22 205 73 25 144049 0 0 0
-694 -496 51 31 491936 0 0 0
-232 81 24 3 874907 0 0 0
-306 -477 61 30 541966 0 0 0
-306 -157 7 41 364517 0 0 0
-8 -600 77 18 856550 0 0 0
-594 -661 79 13 365982 0 0 0
-609 619 53 54 776815 0 0 0
-550 225 4 58 757893 0 0 0
-114 -208 10 37 692182 0 0 0
291 -123 17 37 135650 0 0 0
602 -597 80 41 183121 0 0 0
192 -597 14 27 589002 0 0 0
216 498 2 50 393346 0 0 0
277 666 66 28 347016 0 0 0
271 -21 32 58 820485 0 0 0
689 192 27 23 931818 0 0 0
339 -614 65 63 917967 0 0 0
-643 415 26 68 396726 0 0 0
375 497 75 63 485177 0 0 0
488 281 3 60 960349 0 0 0
-337 -25 8 39 857289 0 0 0
522 388 37 31 254799 0 0 0
-256 -510 68 36 682052 0 0 0
-3 -349 27 55 679432 0 0 0
646 654 52 9 248666 0 0 0
-575 -119 78 9 415918 0 0 0
-368 -127 77 9 833413 0 0 0
270 663 22 48 961521 0 0 0
621 672 11 4 719486 0 0 0
483 384 27 68 324025 0 0 0
240 317 16 40 772615 0 0 0
-428 475 75 56 380754 0 0 0
144 180 55 51 921079 0 0 0
-151 -628 25 10 794765 0 0 0
13 -682 46 59 407631 0 0 0
-386 -355 23 62 765773 0 0 0
223 -463 20 63 367237 0 0 0
123 255 61 65 697780 0 0 0
47 -633 35 9 679475 0 0 0
560 -534 26 22 848765 0 0 0
687 -355 61 52 828457 0 0 0
-391 659 11 33 243384 0 0 0
-72 179 25 23 720646 0 0 0
526 -634 29 21 714719 0 0 0
151 -141 80 63 574186 0 0 0
468 -457 78 61 785720 0 0 0
344 317 72 36 141828 0 0 0
143 442 53 42 333698 0 0 0
207 679 26 3 198151 0 0 0
427 12 75 48 462794 0 0 0
-640 -15 59 36 152485 0 0 0
321 -162 10 32 500281 0 0 0
-507 -319 48 15 757254 0 0 0
633 -399 47 4 145167 0 0 0
459 644 46 34 325831 0 0 0
680 663 69 42 740120 0 0 0
494 658 59 54 483762 0 0 0
221 -188 38 20 395596 0 0 0
234 74 57 23 661381 0 0 0
348 58 2 56 247721 0 0 0
171 696 39 67 443799 0 0 0
-278 271 2 22 694541 0 0 0
386 218 17 22 734008 0 0 0
-46 -20 67 17 125332 0 0 0
-177 -446 70 11 596528 0 0 0
10 -403 2 68 979764 0 0 0
-105 -662 28 64 598713 0 0 0
-194 -412 37 14 367876 0 0 0
654 299 79 16 259811 0 0 0
379 127 72 23 662471 0 0 0
-86 -320 1 16 457338 0 0 0
-364 174 68 58 897628 0 0 0
-433 -71 18 28 897639 0 0 0
326 465 66 32 640485 0 0 0
168 117 10 60 623328 0 0 0
240 -166 80 8 257866 0 0 0
-549 590 70 9 700085 0 0 0
-109 130 27 61 947012 0 0 0
-60 -250 75 4 544485 0 0 0
186 142 76 49 909398 0 0 0
-12 -328 41 32 946520 0 0 0
513 258 44 35 575653 0 0 0
-628 365 45 37 599093 0 0 0
452 434 62 26 335463 0 0 0
456 271 17 39 947977 0 0 0
-63 -553 66 54 873971 0 0 0
-86 86 56 43 574468 0 0 0
167 -175 74 18 833924 0 0 0
373 -120 45 54 467211 0 0 0
204 36 3 8 916312 0 0 0
-106 -530 69 63 659583 0 0 0
-7 209 25 19 394081 0 0 0
165 547 28 10 440274 0 0 0
151 -550 72 32 619128 0 0 0
-529 152 12 27 273417 0 0 0
381 -178 78 61 659121 0 0 0
-93 -536 12 55 458831 0 0 0
102 -540 8 4 760457 0 0 0
-418 -379 8 48 440700 0 0 0
-277 392 49 14 810837 0 0 0
656 501 75 17 795732 0 0 0
605 114 59 31 819237 0 0 0
-330 159 13 59 410806 0 0 0
-130 -567 29 3 870544 0 0 0
-590 536 49 33 540352 0 0 0
441 -688 74 31 172158 0 0 0
-170 -15 56 39 414529 0 0 0
316 210 37 23 832103 0 0 0
-682 529 46 2 625103 0 0 0
110 64 34 62 913710 0 0 0
549 174 56 34 531677 0 0 0
-172 -246 38 32 368305 0 0 0
491 -306 18 31 396824 0 0 0
659 65 80 19 968244 0 0 0
-214 -570 39 49 923773 0 0 0
302 -30 3 11 390734 0 0 0
-104 267 3 8 646355 0 0 0
691 -453 76 54 386040 0 0 0
54 374 54 29 265151 0 0 0
-614 676 56 25 295575 0 0 0
299 -76 60 68 809734 0 0 0
-323 -646 46 4 750667 0 0 0
135 -529 46 22 485230 0 0 0
438 81 69 16 918972 0 0 0
318 -279 59 35 242637 0 0 0
253 270 58 38 705317 0 0 0
424 -332 79 18 443761 0 0 0
-36 -58 44 9 839002 0 0 0
539 -258 34 66 191651 0 0 0
308 535 74 52 498065 0 0 0
196 468 42 38 816371 0 0 0
-43 558 10 62 769155 0 0 0
-433 53 1 17 186334 0 0 0
565 -522 15 66 413905 0 0 0
136 506 13 19 696591 0 0 0
-619 288 17 5 816044 0 0 0
392 651 50 5 341268 0 0 0
342 342 21 30 968483 0 0 0
46 230 61 63 541023 0 0 0
-558 229 33 34 267181 0 0 0
280 -314 30 67 453097 0 0 0
-694 -505 43 40 656933 0 0 0
-47 -339 68 28 478472 0 0 0
-596 -500 77 19 388782 0 0 0
574 -612 24 34 443057 0 0 0
443 460 77 9 610866 0 0 0
-425 -24 79 66 436016 0 0 0
647 -162 53 58 512981 0 0 0
246 -649 3 61 695343 0 0 0
177 371 62 11 323466 0 0 0
272 -316 29 57 386535 0 0 0
-54 -309 81 47 743872 0 0 0
-348 29 40 39 427197 0 0 0
-524 -662 26 31 252295 0 0 0
-601 656 49 37 577921 0 0 0
-366 -233 75 39 963456 0 0 0
-302 64 38 55 357303 0 0 0
126 144 76 5 928713 0 0 0
-614 -474 39 50 764209 0 0 0
194 -281 18 24 254931 0 0 0
276 -425 58 3 703339 0 0 0
378 401 49 50 131331 0 0 0
334 225 3 36 843401 0 0 0
609 44 17 5 130290 0 0 0
-50 -591 27 34 253537 0 0 0
-154 142 60 17 239379 0 0 0
430 665 78 20 155348 0 0 0
20 199 18 5 215550 0 0 0
138 225 28 47 775193 0 0 0
420 -51 78 26 143196 0 0 0
-261 -688 19 34 424833 0 0 0
349 195 56 26 807901 0 0 0
-689 -7 80 54 236118 0 0 0
310 -539 9 60 923300 0 0 0
210 -453 73 27 277783 0 0 0
-646 -419 43 41 770567 0 0 0
278 -542 61 20 322051 0 0 0
414 -365 71 26 777593 0 0 0
-325 271 34 62 591723 0 0 0
-418 105 72 59 192778 0 0 0
509 230 9 13 228355 0 0 0
-122 -676 13 44 919942 0 0 0
629 -243 28 51 188567 0 0 0
461 56 75 35 216969 0 0 0
499 -378 19 3 285076 0 0 0
-460 642 74 68 119356 0 0 0
-64 659 45 58 178774 0 0 0
-477 -503 46 36 156257 0 0 0
163 53 42 39 665029 0 0 0
641 378 4 7 382699 0 0 0
-130 -259 68 32 563794 0 0 0
-545 46 54 62 329126 0 0 0
-617 330 55 3 351635 0 0 0
174 -532 54 2 527177 0 0 0
-663 -549 51 2 175466 0 0 0
-228 629 68 40 808162 0 0 0
-336 -156 50 11 440587 0 0 0
302 -519 3 9 348931 0 0 0
512 -671 53 48 391995 0 0 0
228 -240 71 62 143872 0 0 0
134 -656 12 39 769224 0 0 0
505 -686 36 19 228418 0 0 0
-680 -682 80 10 527605 0 0 0
-141 -208 73 6 227997 0 0 0
682 1 34 46 557398 0 0 0
-119 350 70 9 819437 0 0 0
-551 162 73 63 258123 0 0 0
-644 119 13 4 981230 0 0 0
57 -497 58 20 825312 0 0 0
117 -203 71 53 764371 0 0 0
244 -579 21 3 422103 0 0 0
624 376 74 41 966664 0 0 0
-275 -695 78 35 890099 0 0 0
176 533 78 56 235169 0 0 0
371 -12 25 56 397614 0 0 0
448 238 34 52 367576 0 0 0
-655 697 55 49 577652 0 0 0
273 96 71 68 408494 0 0 0
-352 40 74 48 978356 0 0 0
-546 -594 62 55 971747 0 0 0
-454 -462 4 35 268008 0 0 0
-399 -21 19 1 263821 0 0 0
37 31 41 30 150181 0 0 0
-420 366 56 47 881930 0 0 0
123 -339 36 23 348460 0 0 0
-335 -381 72 31 200592 0 0 0
-430 594 42 40 188126 0 0 0
-685 -101 68 54 311707 0 0 0
581 -468 79 10 979771 0 0 0
-429 240 53 41 493864 0 0 0
107 666 31 18 448708 0 0 0
452 -306 38 17 149538 0 0 0
-137 505 5 49 673977 0 0 0
-295 140 60 25 833724 0 0 0
-554 637 21 21 965619 0 0 0
402 294 46 57 688217 0 0 0
343 -319 60 60 614817 0 0 0
145 -191 43 23 219892 0 0 0
-92 468 61 41 886337 0 0 0
679 -464 76 23 666056 0 0 0
-183 365 67 52 276877 0 0 0
13 -378 29 53 323333 0 0 0
132 476 11 24 183182 0 0 0
287 -333 52 14 495045 0 0 0
532 592 9 56 432684 0 0 0
-98 -232 12 62 655426 0 0 0
-561 -607 11 59 493070 0 0 0
322 680 45 38 304701 0 0 0
-481 -107 3 55 334782 0 0 0
-505 -588 4 26 820862 0 0 0
621 686 59 9 539546 0 0 0
487 671 5 36 100418 0 0 0
-403 604 68 13 940409 0 0 0
470 -426 56 51 456590 0 0 0
242 611 13 42 997837 0 0 0
472 -581 17 14 346066 0 0 0
269 216 65 27 834714 0 0 0
700 241 62 29 835402 0 0 0
489 49 79 6 633007 0 0 0
63 -595 32 25 786071 0 0 0
136 -78 9 31 993343 0 0 0
-489 -450 68 29 325484 0 0 0
292 -417 4 5 900346 0 0 0
343 -576 18 4 422383 0 0 0
254 -653 34 40 660833 0 0 0
-249 184 47 27 486165 0 0 0
-550 -113 1 9 713866 0 0 0
-345 288 40 26 142540 0 0 0
-359 359 23 65 495467 0 0 0
-444 110 59 17 150153 0 0 0
100 -404 37 25 652017 0 0 0
225 207 77 33 464551 0 0 0
-165 434 13 42 169369 0 0 0
341 196 63 53 982632 0 0 0
-185 356 52 55 345723 0 0 0
525 73 13 50 269153 0 0 0
-203 535 80 33 160243 0 0 0
269 -178 59 44 812099 0 0 0
30 273 36 38 971863 0 0 0
607 -337 1 40 570567 0 0 0
468 563 61 52 649115 0 0 0
248 -167 17 59 689702 0 0 0
-520 489 10 39 536741 0 0 0
-199 676 31 38 186093 0 0 0
154 -176 30 50 697171 0 0 0
579 532 26 58 488833 0 0 0
-611 473 33 33 650660 0 0 0
-579 -260 6 11 870584 0 0 0
670 558 5 48 363548 0 0 0
71 188 9 37 771465 0 0 0
535 594 76 21 211306 0 0 0
-467 -388 32 34 565051 0 0 0
-624 -461 1 19 511700 0 0 0
-266 -22 39 43 868930 0 0 0
-632 -276 26 11 282873 0 0 0
671 -362 54 16 493927 0 0 0
-645 -292 62 51 524454 0 0 0
296 381 74 36 743464 0 0 0
-322 -383 59 31 161615 0 0 0
-625 205 21 9 990594 0 0 0
478 -549 74 66 271875 0 0 0
656 -621 74 11 192235 0 0 0
-213 -199 35 28 758352 0 0 0
-451 -501 39 15 115852 0 0 0
33 -613 27 19 850429 0 0 0
135 -439 6 47 318793 0 0 0
-461 -487 12 31 263870 0 0 0
-457 -188 19 40 287783 0 0 0
72 -556 80 67 590416 0 0 0
548 -46 39 63 627516 0 0 0
-84 -512 71 40 943253 0 0 0
24 524 48 43 719266 0 0 0
300 686 6 12 170827 0 0 0
-197 211 1 66 386518 0 0 0
-372 501 35 65 244655 0 0 0
-679 574 43 17 655756 0 0 0
191 676 7 14 341748 0 0 0
-100 137 40 23 875642 0 0 0
-489 -472 65 17 458725 0 0 0
59 -465 63 33 318885 0 0 0
386 330 12 27 134347 0 0 0
317 606 61 31 642590 0 0 0
-509 429 34 25 527473 0 0 0
-503 -110 4 16 821596 0 0 0
401 -128 8 45 981242 0 0 0
648 619 77 30 131781 0 0 0
-451 44 17 38 593034 0 0 0
-392 -47 46 63 415480 0 0 0
592 -583 53 11 403726 0 0 0
178 -30 51 1 910297 0 0 0
-337 -677 12 27 973848 0 0 0
201 382 78 56 547003 0 0 0
-636 -14 12 29 272511 0 0 0
-691 -189 65 17 803254 0 0 0
2 -571 25 27 668563 0 0 0
106 370 54 15 504490 0 0 0
-22 88 61 32 217378 0 0 0
576 -221 1 1 502025 0 0 0
-527 536 64 56 375719 0 0 0
-432 -203 42 13 267220 0 0 0
272 -387 72 50 950433 0 0 0
-71 329 32 50 538258 0 0 0
-371 -219 25 28 998203 0 0 0
6 586 19 28 609012 0 0 0
-224 171 54 52 844161 0 0 0
-156 -374 9 41 362852 0 0 0
-385 61 21 66 482385 0 0 0
-124 501 4 15 385105 0 0 0
443 -460 49 35 217075 0 0 0
400 319 43 11 647042 0 0 0
25 -162 24 10 704970 0 0 0
294 208 42 67 924060 0 0 0
574 -401 56 30 909937 0 0 0
-501 -451 39 32 788957 0 0 0
-402 -580 67 60 117904 0 0 0
207 -499 41 30 351555 0 0 0
288 -299 1 25 862203 0 0 0
-203 -568 75 6 625326 0 0 0
116 -48 11 56 532157 0 0 0
575 -64 42 24 667119 0 0 0
-674 71 24 11 873561 0 0 0
466 142 59 55 538856 0 0 0
-543 -378 68 63 999683 0 0 0
459 -485 41 64 868527 0 0 0
-395 -390 45 22 184532 0 0 0
-304 -223 44 16 667423 0 0 0
534 -250 60 51 354887 0 0 0
-414 -414 38 40 952715 0 0 0
699 78 38 48 446222 0 0 0
33 -131 57 57 862934 0 0 0
-522 441 32 3 537463 0 0 0
-604 411 11 12 680162 0 0 0
-180 153 5 56 322076 0 0 0
-602 -661 54 64 260693 0 0 0
-402 435 26 3 181721 0 0 0
-451 -399 80 10 931343 0 0 0
-561 40 42 36 254521 0 0 0
635 543 11 35 324163 0 0 0
-285 -35 63 33 344955 0 0 0
-316 -493 22 26 117808 0 0 0
-582 675 20 10 514246 0 0 0
-136 630 25 61 245594 0 0 0
-681 686 81 49 231717 0 0 0
511 -186 38 27 922840 0 0 0
330 -467 23 51 298769 0 0 0
452 -542 21 49 256102 0 0 0
-12 422 63 41 184189 0 0 0
678 -281 39 56 492256 0 0 0
-25 419 77 59 724041 0 0 0
168 471 76 9 761529 0 0 0
-208 45 54 24 606293 0 0 0
15 -360 46 45 699635 0 0 0
245 64 49 54 715207 0 0 0
473 118 9 27 295669 0 0 0
611 638 9 4 387887 0 0 0
-179 472 62 35 429064 0 0 0
507 -430 77 26 499758 0 0 0
275 -134 65 14 989533 0 0 0
435 -236 40 38 366737 0 0 0
280 452 30 68 684374 0 0 0
155 177 17 11 531947 0 0 0
-676 53 41 50 899531 0 0 0
-284 -102 54 49 869221 0 0 0
165 271 71 24 839536 0 0 0
-179 -289 73 28 924294 0 0 0
553 528 72 8 528592 0 0 0
700 -602 50 32 600345 0 0 0
56 -626 27 4 626267 0 0 0
196 691 24 41 647685 0 0 0
72 591 54 58 716458 0 0 0
604 -298 36 58 631064 0 0 0
622 527 27 1 488603 0 0 0
494 -137 74 19 455723 0 0 0
-629 -431 1 11 821953 0 0 0
-556 -698 76 54 267003 0 0 0
566 363 1 26 480192 0 0 0
-204 -540 24 37 382275 0 0 0
-211 322 1 63 771187 0 0 0
482 -485 57 44 148826 0 0 0
-660 306 62 8 782520 0 0 0
-131 -670 6 66 475629 0 0 0
-576 432 43 19 857405 0 0 0
230 -496 54 65 890591 0 0 0
-156 679 62 9 414137 0 0 0
618 -14 24 30 425588 0 0 0
-268 679 17 55 255058 0 0 0
135 -234 48 3 528625 0 0 0
237 -445 9 43 938700 0 0 0
480 -184 77 15 411879 0 0 0
-660 259 41 51 299942 0 0 0
586 -176 75 67 969657 0 0 0
561 -43 12 30 965082 0 0 0
160 -444 4 29 277235 0 0 0
552 -521 14 8 413709 0 0 0
-485 310 48 29 264167 0 0 0
538 -180 52 21 539293 0 0 0
501 -571 41 26 979276 0 0 0
-46 408 41 46 181727 0 0 0
-491 -43 56 15 912770 0 0 0
-257 0 26 35 208509 0 0 0
-491 317 12 58 395800 0 0 0
38 -194 65 38 340968 0 0 0
314 -228 16 29 432167 0 0 0
176 -131 5 25 643081 0 0 0
-662 -338 2 11 918184 0 0 0
-480 -575 58 34 649459 0 0 0
-39 27 78 56 996730 0 0 0
-415 237 23 47 388120 0 0 0
-76 -285 55 14 644556 0 0 0
314 -8 77 45 728781 0 0 0
-416 -471 53 15 597717 0 0 0
-247 -266 32 5 884543 0 0 0
-185 499 62 66 647795 0 0 0
-334 548 80 31 556572 0 0 0
-93 -384 23 13 913445 0 0 0
288 -93 29 28 252533 0 0 0
418 -275 17 26 201438 0 0 0
370 -121 77 28 152627 0 0 0
-564 257 34 56 585995 0 0 0
-666 473 72 28 261583 0 0 0
176 611 79 31 174112 0 0 0
-432 -487 47 10 785145 0 0 0
486 -118 30 21 730475 0 0 0
-647 335 3 34 691772 0 0 0
246 241 57 42 141238 0 0 0
-614 182 45 61 950255 0 0 0
-57 300 61 59 843596 0 0 0
639 -561 72 52 134245 0 0 0
391 205 75 31 703007 0 0 0
-268 255 71 67 877203 0 0 0
684 409 60 64 456743 0 0 0
168 85 20 48 273738 0 0 0
518 -236 40 50 742186 0 0 0
11 562 76 1 916579 0 0 0
-538 554 31 68 659509 0 0 0
-549 294 13 26 195527 0 0 0
55 -688 70 24 154822 0 0 0
-4 264 17 16 802352 0 0 0
350 -549 5 41 781451 0 0 0
-69 -275 12 55 544011 0 0 0
238 -201 25 20 180525 0 0 0
-470 613 73 9 634528 0 0 0
261 -29 15 23 399760 0 0 0
-354 146 44 58 808503 0 0 0
100 677 56 68 879949 0 0 0
-619 455 52 66 572072 0 0 0
219 -663 73 14 681305 0 0 0
459 171 35 37 324940 0 0 0
-556 223 20 59 131516 0 0 0
-152 385 62 59 273546 0 0 0
141 641 50 58 166209 0 0 0
-129 -317 80 14 442736 0 0 0
-47 296 56 7 201497 0 0 0
-326 -388 70 32 191664 0 0 0
-64 -528 70 40 319454 0 0 0
307 582 39 5 426548 0 0 0
6 -240 33 60 861961 0 0 0
-513 556 36 48 318516 0 0 0
-89 569 57 19 984988 0 0 0
-228 -279 60 67 801393 0 0 0
536 300 3 66 982035 0 0 0
74 595 77 42 895686 0 0 0
-144 66 42 58 984739 0 0 0
-193 -505 59 30 841049 0 0 0
446 601 62 56 541640 0 0 0
228 346 58 68 301955 0 0 0
60 678 57 10 830885 0 0 0
673 -275 30 48 745717 0 0 0
-336 54 48 18 906882 0 0 0
-283 317 37 44 665888 0 0 0
-650 612 55 32 234456 0 0 0
446 568 42 65 738550 0 0 0
-362 -50 61 28 614615 0 0 0
-697 275 10 25 779879 0 0 0
-233 585 2 65 723949 0 0 0
666 135 52 68 320626 0 0 0
487 602 44 49 112320 0 0 0
518 -227 58 58 948118 0 0 0
