800
-261 -581 49 34 498394 0 0 0
386 615 38 75 194294 0 0 0
-136 -483 10 67 251615 0 0 0
768 -562 66 64 563664 0 0 0
692 -462 62 32 545233 0 0 0
702 472 38 74 953664 0 0 0
593 -325 52 49 819809 0 0 0
660 -438 52 32 104080 0 0 0
-741 207 81 26 551724 0 0 0
-285 -461 46 65 700404 0 0 0
227 -342 85 56 961275 0 0 0
-356 169 12 65 162752 0 0 0
-501 -605 43 9 920669 0 0 0
-266 184 60 19 272304 0 0 0
-793 612 62 31 816093 0 0 0
521 276 71 27 257807 0 0 0
261 531 2 67 397961 0 0 0
-71 -434 84 38 183053 0 0 0
343 -575 66 72 385033 0 0 0
-45 -527 62 58 587512 0 0 0
-370 -175 53 62 830025 0 0 0
-577 -275 22 16 602341 0 0 0
144 481 58 18 685181 0 0 0
647 -681 89 22 255700 0 0 0
134 -133 52 61 757840 0 0 0
-623 579 35 43 931333 0 0 0
-81 -97 58 27 661997 0 0 0
654 -255 6 8 763937 0 0 0
-702 623 32 20 500231 0 0 0
334 -363 27 46 650820 0 0 0
111 -745 49 60 923276 0 0 0
-621 257 25 36 167932 0 0 0
795 527 3 40 890334 0 0 0
-368 -268 5 65 603533 0 0 0
768 474 32 13 869896 0 0 0
-56 408 44 65 580885 0 0 0
-606 -139 41 32 415423 0 0 0
103 167 59 58 429046 0 0 0
313 -253 86 21 717097 0 0 0
-291 -643 66 59 821503 0 0 0
-335 602 77 61 868925 0 0 0
-648 501 26 73 207744 0 0 0
132 -148 13 15 999105 0 0 0
32 168 39 17 286459 0 0 0
-248 198 41 46 780733 0 0 0
-729 50 63 51 684605 0 0 0
42 -628 33 25 926226 0 0 0
370 -699 85 66 235744 0 0 0
-331 -689 16 35 434108 0 0 0
28 -772 16 72 480839 0 0 0
-414 -110 67 65 782779 0 0 0
556 517 22 71 165870 0 0 0
631 -218 39 14 946079 0 0 0
-131 -658 11 68 301528 0 0 0
590 -326 87 43 639060 0 0 0
630 -16 3 76 928921 0 0 0
654 504 3 49 812884 0 0 0
543 -172 52 63 618601 0 0 0
-56 -727 38 16 186142 0 0 0
284 -710 23 5 476774 0 0 0
116 -653 64 62 405051 0 0 0
232 331 86 25 301317 0 0 0
-560 -616 83 33 378998 0 0 0
-613 314 41 41 102221 0 0 0
52 -752 56 21 562971 0 0 0
428 749 48 21 781901 0 0 0
-255 -37 76 72 705285 0 0 0
-53 -131 69 25 676274 0 0 0
785 51 53 38 990174 0 0 0
684 -316 76 42 196815 0 0 0
33 -135 27 1 133769 0 0 0
113 -412 14 8 420405 0 0 0
-198 -796 76 23 659197 0 0 0
556 728 47 35 505496 0 0 0
-423 565 27 11 376867 0 0 0
218 185 72 49 169789 0 0 0
-523 -322 56 35 863807 0 0 0
439 151 7 24 606718 0 0 0
199 -332 56 40 418505 0 0 0
-134 197 52 1 148609 0 0 0
519 -534 43 48 447911 0 0 0
305 -481 44 26 129608 0 0 0
593 111 39 65 474244 0 0 0
281 -108 43 6 649719 0 0 0
-366 -756 23 61 998427 0 0 0
-613 534 60 76 837936 0 0 0
-545 -527 64 15 998181 0 0 0
320 592 46 25 119774 0 0 0
-580 -180 67 40 248369 0 0 0
-793 791 46 58 611759 0 0 0
566 -158 25 49 802599 0 0 0
363 -64 80 47 100404 0 0 0
-800 -394 48 72 741748 0 0 0
-588 -158 62 15 382916 0 0 0
-408 794 72 33 142485 0 0 0
-40 -12 57 72 403643 0 0 0
-387 478 83 73 640059 0 0 0
-336 -142 79 20 107574 0 0 0
366 -253 37 38 161528 0 0 0
-712 -160 88 3 467096 0 0 0
-767 -672 57 36 841910 0 0 0
463 -307 22 10 720764 0 0 0
267 -443 87 2 613459 0 0 0
623 -180 70 26 508984 0 0 0
453 -35 35 65 682283 0 0 0
-237 -729 75 75 508974 0 0 0
-367 109 46 76 595390 0 0 0
59 -61 19 63 862284 0 0 0
-674 -104 71 18 260235 0 0 0
799 737 68 61 712091 0 0 0
-651 252 87 28 988425 0 0 0
-505 573 43 41 525691 0 0 0
551 571 31 18 182424 0 0 0
732 -239 8 60 221171 0 0 0
-778 58 87 40 893635 0 0 0
525 258 49 2 982329 0 0 0
-451 673 83 42 881879 0 0 0
250 -386 21 65 110939 0 0 0
691 732 81 68 640726 0 0 0
746 -563 16 4 443721 0 0 0
651 531 50 1 685992 0 0 0
452 525 10 13 374333 0 0 0
787 92 22 34 964459 0 0 0
-267 -32 61 68 828203 0 0 0
434 -291 62 33 641373 0 0 0
110 379 65 20 175293 0 0 0
188 614 50 6 433898 0 0 0
76 -445 18 55 325971 0 0 0
-119 -334 79 48 987000 0 0 0
22 560 20 60 276551 0 0 0
-621 -363 60 22 815597 0 0 0
755 191 72 19 876969 0 0 0
203 -170 62 52 511401 0 0 0
-196 -587 53 32 487488 0 0 0
275 -357 65 56 972119 0 0 0
375 -17 14 51 500058 0 0 0
-566 -201 31 43 299385 0 0 0
-699 -655 26 22 187847 0 0 0
460 714 69 17 885456 0 0 0
144 -233 33 58 688406 0 0 0
583 749 76 10 254060 0 0 0
-34 -446 69 55 495865 0 0 0
-228 -236 20 53 278120 0 0 0
448 483 20 36 232527 0 0 0
-645 -83 38 56 765147 0 0 0
-515 -164 30 5 570550 0 0 0
276 644 15 62 536184 0 0 0
-478 792 83 8 997527 0 0 0
712 452 30 39 594474 0 0 0
-258 -757 1 21 328458 0 0 0
-206 -251 72 75 654993 0 0 0
-406 54 59 22 973386 0 0 0
-643 -116 31 4 173127 0 0 0
-566 -760 32 40 591363 0 0 0
-264 -391 20 13 810974 0 0 0
-265 522 29 48 170699 0 0 0
-544 148 43 48 252394 0 0 0
711 423 23 22 780159 0 0 0
-350 645 79 29 298692 0 0 0
450 -305 50 26 303814 0 0 0
-770 144 46 35 749057 0 0 0
634 688 78 70 358097 0 0 0
-738 303 49 29 966124 0 0 0
-150 748 23 18 745439 0 0 0
637 106 15 49 995396 0 0 0
-753 -565 77 6 919627 0 0 0
17 -586 43 67 394986 0 0 0
243 315 48 76 646098 0 0 0
341 507 1 6 685662 0 0 0
-178 558 10 30 311402 0 0 0
-332 -397 58 55 603194 0 0 0
-20 -584 87 67 215049 0 0 0
267 -223 66 5 926483 0 0 0
-664 -736 48 70 487321 0 0 0
-146 -721 77 50 918226 0 0 0
218 -585 47 52 712746 0 0 0
-740 -119 38 44 390429 0 0 0
-137 -463 58 49 135485 0 0 0
508 -69 72 20 636905 0 0 0
-626 82 59 75 718287 0 0 0
-417 608 56 66 351449 0 0 0
58 207 45 74 159661 0 0 0
-141 -459 30 31 722472 0 0 0
240 -364 9 31 491899 0 0 0
644 693 86 20 979239 0 0 0
-162 -130 86 32 666126 0 0 0
-19 -176 35 71 979775 0 0 0
140 536 72 13 613046 0 0 0
245 -142 10 33 578135 0 0 0
-715 -601 40 41 753734 0 0 0
192 729 68 1 708914 0 0 0
83 -668 86 25 383046 0 0 0
496 -763 44 32 511460 0 0 0
-491 -50 18 28 298937 0 0 0
-713 -466 52 69 457946 0 0 0
558 557 39 43 328463 0 0 0
-770 133 15 14 176326 0 0 0
555 790 49 41 137528 0 0 0
-270 515 2 69 663095 0 0 0
-202 -651 25 10 752196 0 0 0
157 767 82 43 983193 0 0 0
-733 3 38 65 314468 0 0 0
509 -477 85 33 691912 0 0 0
-312 -237 8 37 182358 0 0 0
-291 86 62 12 951516 0 0 0
-769 -165 81 73 987069 0 0 0
-53 453 32 13 266662 0 0 0
278 679 54 67 329398 0 0 0
21 441 33 31 761210 0 0 0
177 245 4 25 182191 0 0 0
559 -797 22 51 698050 0 0 0
-102 359 41 26 366766 0 0 0
248 -573 26 10 990413 0 0 0
347 -247 55 35 656862 0 0 0
-430 238 42 39 327931 0 0 0
-204 -368 14 7 946013 0 0 0
-772 722 50 29 741512 0 0 0
464 77 44 57 685111 0 0 0
-682 497 26 31 508670 0 0 0
365 -529 75 10 675409 0 0 0
-608 -412 11 34 986132 0 0 0
-522 705 50 31 814061 0 0 0
-616 -70 71 59 979922 0 0 0
499 42 15 34 330341 0 0 0
-361 -549 43 43 353498 0 0 0
-4 177 27 43 821905 0 0 0
420 -255 61 32 642502 0 0 0
-393 -682 12 73 471541 0 0 0
435 759 17 25 669657 0 0 0
698 -683 3 17 528016 0 0 0
-433 322 72 48 851960 0 0 0
97 273 73 19 748279 0 0 0
-735 662 7 46 149188 0 0 0
90 -670 48 40 871043 0 0 0
-557 771 3 41 902279 0 0 0
-452 -544 79 56 854399 0 0 0
379 767 63 14 851832 0 0 0
264 -116 46 73 521130 0 0 0
-126 108 60 73 731386 0 0 0
463 -116 13 33 563735 0 0 0
-652 266 80 37 587802 0 0 0
-182 487 13 37 984586 0 0 0
-8 682 86 69 336044 0 0 0
-40 -545 68 60 494348 0 0 0
-677 -721 71 76 378908 0 0 0
-795 446 24 60 769580 0 0 0
739 -257 2 70 200820 0 0 0
638 -6 6 40 118738 0 0 0
-135 474 26 30 908203 0 0 0
-336 -473 28 66 736171 0 0 0
402 -301 59 25 850778 0 0 0
380 -665 31 34 337270 0 0 0
574 -703 6 63 761815 0 0 0
274 787 53 45 353888 0 0 0
-737 -246 70 57 376138 0 0 0
-652 727 13 48 512612 0 0 0
18 -176 34 4 410604 0 0 0
329 255 17 10 225151 0 0 0
560 313 89 34 374797 0 0 0
-489 -643 13 74 645535 0 0 0
-772 196 54 66 904451 0 0 0
98 -409 7 28 447390 0 0 0
-423 -791 85 68 288856 0 0 0
-448 145 75 19 655150 0 0 0
558 -197 55 20 441785 0 0 0
667 588 16 64 977746 0 0 0
-737 480 73 41 212134 0 0 0
-87 -589 58 43 290031 0 0 0
-416 164 59 39 117916 0 0 0
458 -131 89 3 664347 0 0 0
336 -208 50 27 760041 0 0 0
-7 254 40 57 222698 0 0 0
-233 146 82 36 959220 0 0 0
620 715 61 2 945438 0 0 0
668 -603 62 5 786125 0 0 0
671 -587 74 63 355572 0 0 0
98 -97 65 46 365585 0 0 0
277 -727 33 29 977674 0 0 0
26 700 17 48 454515 0 0 0
763 134 12 75 619358 0 0 0
353 -337 50 35 184390 0 0 0
709 271 80 71 399741 0 0 0
-743 244 25 67 157102 0 0 0
506 -281 21 73 369231 0 0 0
536 429 62 28 558745 0 0 0
-422 313 23 5 647353 0 0 0
527 518 35 53 156721 0 0 0
756 -12 85 32 901869 0 0 0
-363 -624 77 5 457384 0 0 0
-452 -382 16 68 209696 0 0 0
-30 -149 38 45 285180 0 0 0
-213 286 19 39 404428 0 0 0
-582 -217 66 25 125301 0 0 0
-782 -799 66 55 233815 0 0 0
82 -686 21 7 866874 0 0 0
-135 555 33 4 291615 0 0 0
-376 -613 11 61 264546 0 0 0
-201 784 25 11 597887 0 0 0
354 -161 75 55 948964 0 0 0
696 -522 33 32 659157 0 0 0
-25 278 85 21 324570 0 0 0
79 -575 51 56 951837 0 0 0
235 427 88 36 446201 0 0 0
50 585 32 6 873297 0 0 0
-548 152 52 10 918611 0 0 0
-592 486 54 2 232315 0 0 0
726 617 23 57 496779 0 0 0
-15 449 20 12 400178 0 0 0
-627 -748 67 2 174391 0 0 0
410 226 57 1 202471 0 0 0
442 626 20 28 738358 0 0 0
67 -132 21 14 829143 0 0 0
-664 276 78 64 571890 0 0 0
249 270 77 24 600304 0 0 0
-357 -560 70 24 136804 0 0 0
-638 647 80 2 976347 0 0 0
259 -712 14 44 992606 0 0 0
-110 -697 21 12 544145 0 0 0
538 -129 6 49 907793 0 0 0
438 -625 54 60 677157 0 0 0
-340 35 49 56 753288 0 0 0
251 -789 10 18 386270 0 0 0
-760 -740 31 14 383605 0 0 0
6 110 79 47 234653 0 0 0
108 346 83 60 969859 0 0 0
600 -587 22 1 318793 0 0 0
-157 -263 20 48 176353 0 0 0
-272 339 8 37 516194 0 0 0
275 70 84 12 139651 0 0 0
284 -728 56 73 731395 0 0 0
696 406 79 70 798551 0 0 0
690 399 32 4 841510 0 0 0
-653 192 29 46 119314 0 0 0
-705 544 85 67 194089 0 0 0
-462 -173 52 15 961183 0 0 0
49 299 22 24 566034 0 0 0
-557 -611 89 70 705887 0 0 0
727 557 5 52 696159 0 0 0
560 447 52 64 609202 0 0 0
338 -13 44 68 405173 0 0 0
-31 141 20 14 780277 0 0 0
-420 424 75 9 945923 0 0 0
514 -774 79 16 455270 0 0 0
-477 -535 71 65 334466 0 0 0
-280 -551 23 18 212314 0 0 0
-346 332 69 46 323166 0 0 0
461 -58 16 75 715715 0 0 0
-600 -727 25 28 544024 0 0 0
-405 -740 61 70 704955 0 0 0
-798 -606 47 40 884911 0 0 0
7 -84 8 17 363895 0 0 0
-769 -106 21 33 937914 0 0 0
487 80 14 49 558124 0 0 0
-504 724 54 32 335895 0 0 0
672 158 4 31 308615 0 0 0
-209 522 36 29 360268 0 0 0
-465 179 72 54 144030 0 0 0
719 -390 41 48 653597 0 0 0
-513 765 9 10 620307 0 0 0
471 -694 57 22 612478 0 0 0
545 390 18 69 647179 0 0 0
679 -185 54 42 603497 0 0 0
371 -251 12 52 249436 0 0 0
-205 -695 24 36 539063 0 0 0
788 -467 87 30 282215 0 0 0
-607 28 20 9 771234 0 0 0
632 154 14 10 147948 0 0 0
61 685 29 61 102303 0 0 0
744 -674 52 53 988748 0 0 0
-252 703 63 36 398991 0 0 0
-691 -495 42 65 361824 0 0 0
-227 71 87 74 324714 0 0 0
-533 -704 31 20 182332 0 0 0
-792 4 8 44 169474 0 0 0
397 692 36 74 975439 0 0 0
376 748 36 31 954020 0 0 0
140 -688 2 45 451735 0 0 0
-414 -325 8 17 220538 0 0 0
310 -557 71 13 463172 0 0 0
234 -692 24 7 557557 0 0 0
91 -411 82 21 305447 0 0 0
49 71 54 65 823430 0 0 0
263 31 74 23 808654 0 0 0
557 747 14 9 829753 0 0 0
367 -680 44 21 565958 0 0 0
418 -676 72 61 471218 0 0 0
-748 404 8 28 704723 0 0 0
401 646 67 8 558008 0 0 0
-351 -530 55 10 883393 0 0 0
-86 58 54 70 144497 0 0 0
-27 -716 88 50 141630 0 0 0
-156 -730 24 44 188103 0 0 0
733 184 31 69 670624 0 0 0
48 744 39 11 668805 0 0 0
-450 -213 15 25 710907 0 0 0
-92 523 12 3 577128 0 0 0
346 -362 72 5 564838 0 0 0
47 69 28 65 615313 0 0 0
-190 232 24 18 860288 0 0 0
99 -119 87 13 223029 0 0 0
579 546 85 18 389290 0 0 0
-678 -719 80 72 530868 0 0 0
710 -97 5 4 674903 0 0 0
-331 -148 1 68 223949 0 0 0
-361 -441 55 34 423302 0 0 0
-796 -234 21 19 910110 0 0 0
434 325 62 39 377336 0 0 0
-613 -636 43 53 595474 0 0 0
-533 -529 9 32 994530 0 0 0
758 -482 38 42 545835 0 0 0
564 595 17 36 248727 0 0 0
-681 -265 88 62 351096 0 0 0
-615 -632 3 7 246525 0 0 0
11 100 24 70 567978 0 0 0
778 -566 37 1 504695 0 0 0
-582 196 16 65 158655 0 0 0
584 -419 75 37 773189 0 0 0
25 602 13 66 909121 0 0 0
-656 -179 23 63 609495 0 0 0
423 -463 15 17 843537 0 0 0
556 -47 64 74 462282 0 0 0
-292 462 48 13 274233 0 0 0
198 -319 11 74 748773 0 0 0
-163 -698 3 4 864137 0 0 0
-479 -792 64 30 540428 0 0 0
-251 727 43 46 768379 0 0 0
-792 -751 40 50 538694 0 0 0
180 599 29 20 334965 0 0 0
-212 -178 39 11 722673 0 0 0
343 524 35 71 705055 0 0 0
296 58 75 35 752623 0 0 0
-230 760 66 53 751991 0 0 0
501 241 40 27 945137 0 0 0
2 726 15 8 682352 0 0 0
-719 -181 67 71 292597 0 0 0
-621 -582 89 47 698637 0 0 0
348 196 70 62 405429 0 0 0
-39 777 84 31 909710 0 0 0
-221 -389 63 64 135670 0 0 0
67 -420 29 53 283379 0 0 0
-695 161 75 68 253239 0 0 0
-298 -392 70 74 864652 0 0 0
514 -690 17 55 616315 0 0 0
-396 -245 12 39 702924 0 0 0
640 -222 89 18 401695 0 0 0
-252 542 74 45 178548 0 0 0
-765 -631 5 53 601262 0 0 0
-19 564 46 43 834164 0 0 0
671 384 81 59 189423 0 0 0
548 628 19 67 399797 0 0 0
626 -148 23 15 397031 0 0 0
539 522 82 17 566153 0 0 0
531 -342 66 58 787109 0 0 0
54 337 40 63 167234 0 0 0
-499 747 69 33 506209 0 0 0
382 474 36 55 766884 0 0 0
76 682 14 49 734641 0 0 0
784 498 74 68 264678 0 0 0
55 57 34 8 708707 0 0 0
714 63 30 17 289337 0 0 0
714 -304 85 64 946542 0 0 0
-382 426 68 60 441476 0 0 0
-122 251 84 24 696093 0 0 0
578 -224 84 22 132869 0 0 0
137 114 66 14 714928 0 0 0
194 48 57 9 952313 0 0 0
-472 61 57 15 494824 0 0 0
-740 -344 57 33 970457 0 0 0
427 -432 34 41 757695 0 0 0
-683 -129 9 40 630880 0 0 0
-649 -107 46 51 281081 0 0 0
206 780 83 18 843223 0 0 0
-255 -41 55 21 296867 0 0 0
-743 260 70 3 182633 0 0 0
-499 401 38 28 767428 0 0 0
412 -702 27 11 411953 0 0 0
352 30 35 29 390873 0 0 0
-416 24 1 46 172318 0 0 0
-734 -608 29 36 673116 0 0 0
161 -145 2 34 723383 0 0 0
530 -115 38 60 429274 0 0 0
-398 422 55 74 209606 0 0 0
784 563 16 49 744823 0 0 0
328 190 15 66 488679 0 0 0
-355 -182 36 73 898605 0 0 0
-724 176 82 44 357878 0 0 0
-289 -508 44 42 433658 0 0 0
-555 219 38 15 676624 0 0 0
-177 132 27 49 244294 0 0 0
-660 -665 22 21 162297 0 0 0
122 800 73 32 545785 0 0 0
31 790 27 10 136707 0 0 0
-681 227 25 13 112003 0 0 0
277 -309 16 43 512100 0 0 0
81 102 88 72 769221 0 0 0
-191 591 10 56 821880 0 0 0
-430 475 72 57 571803 0 0 0
-562 -304 21 33 585413 0 0 0
-795 -542 15 10 907596 0 0 0
-559 244 26 66 634930 0 0 0
-586 491 16 5 208843 0 0 0
-662 -326 47 18 180957 0 0 0
489 -160 82 65 409071 0 0 0
-410 349 43 37 952214 0 0 0
596 123 77 29 433510 0 0 0
444 -175 47 71 515547 0 0 0
337 677 64 50 183828 0 0 0
-243 209 17 42 151519 0 0 0
-278 89 10 20 732095 0 0 0
776 -81 87 25 865379 0 0 0
562 50 71 51 588041 0 0 0
-791 541 24 29 600789 0 0 0
798 438 45 63 369400 0 0 0
393 717 69 8 509063 0 0 0
-534 142 60 4 268454 0 0 0
-667 257 24 9 860245 0 0 0
-596 -364 38 16 278531 0 0 0
-620 -361 50 56 193642 0 0 0
597 278 86 38 461234 0 0 0
-643 475 28 66 194541 0 0 0
490 121 52 22 456795 0 0 0
-528 -191 50 31 572943 0 0 0
434 56 58 56 262538 0 0 0
-792 144 9 12 581958 0 0 0
-780 13 44 49 579728 0 0 0
110 388 83 5 462936 0 0 0
88 -736 3 70 569564 0 0 0
-251 198 31 11 285685 0 0 0
-615 349 84 21 484791 0 0 0
23 -19 10 41 137288 0 0 0
348 -574 58 24 730685 0 0 0
-196 -780 61 18 128376 0 0 0
556 -426 47 10 593916 0 0 0
-385 655 76 52 646538 0 0 0
-409 -206 43 57 962943 0 0 0
564 -251 29 23 133901 0 0 0
402 -72 40 39 480943 0 0 0
35 -525 60 45 444637 0 0 0
-495 91 89 34 341984 0 0 0
-81 66 61 18 996977 0 0 0
-515 -475 75 26 870873 0 0 0
-423 -330 81 12 974038 0 0 0
-597 383 26 1 964890 0 0 0
-540 405 7 14 641822 0 0 0
631 684 70 12 192571 0 0 0
293 -736 56 47 225181 0 0 0
-208 620 59 17 601534 0 0 0
-646 -387 58 42 756939 0 0 0
567 775 6 43 978097 0 0 0
-762 -262 86 36 684937 0 0 0
-407 246 17 54 254715 0 0 0
-447 -39 29 75 587651 0 0 0
300 -292 26 70 761640 0 0 0
700 -751 74 53 950774 0 0 0
-48 324 48 17 270312 0 0 0
-557 -776 72 55 336966 0 0 0
366 546 4 30 121731 0 0 0
-181 -668 31 20 921264 0 0 0
432 -432 67 55 399113 0 0 0
-477 358 69 35 539433 0 0 0
-752 318 55 66 795567 0 0 0
-524 -314 45 47 776033 0 0 0
-265 148 56 32 698500 0 0 0
-282 401 13 12 534607 0 0 0
596 369 88 53 369188 0 0 0
-127 -491 46 29 977059 0 0 0
-355 563 78 19 657141 0 0 0
402 -406 12 23 458178 0 0 0
-440 344 6 47 873141 0 0 0
-738 -254 2 11 616945 0 0 0
-186 224 81 36 809559 0 0 0
-164 494 17 18 671122 0 0 0
-460 320 89 2 928953 0 0 0
-718 683 80 41 652347 0 0 0
-646 -627 75 67 156348 0 0 0
-329 -299 33 75 124000 0 0 0
-348 344 3 36 967268 0 0 0
-35 550 81 20 298726 0 0 0
-233 215 20 26 745447 0 0 0
-6 -755 51 3 231396 0 0 0
388 -273 27 68 559821 0 0 0
271 756 65 15 963221 0 0 0
-116 581 80 5 551615 0 0 0
-219 -294 17 53 941703 0 0 0
655 597 60 5 397035 0 0 0
726 178 23 31 484659 0 0 0
-214 108 76 68 569738 0 0 0
488 134 81 63 337091 0 0 0
-394 311 86 17 943497 0 0 0
219 -125 62 18 922998 0 0 0
92 795 78 21 383678 0 0 0
-378 37 65 4 919252 0 0 0
-735 798 17 69 399557 0 0 0
-581 397 34 60 616384 0 0 0
129 635 89 42 233828 0 0 0
765 -61 24 60 576677 0 0 0
391 325 52 67 374363 0 0 0
786 797 43 17 738158 0 0 0
-262 171 46 65 919304 0 0 0
-295 717 1 47 930677 0 0 0
-519 722 62 29 741692 0 0 0
-450 437 21 1 706254 0 0 0
670 173 60 22 737843 0 0 0
-365 624 9 45 424605 0 0 0
637 -242 13 51 525245 0 0 0
210 -417 33 49 492344 0 0 0
-541 55 81 35 982607 0 0 0
734 239 6 71 959827 0 0 0
-123 485 33 29 558142 0 0 0
-116 -566 14 64 984693 0 0 0
-618 340 45 1 593126 0 0 0
390 271 48 13 887585 0 0 0
-349 3 67 26 891341 0 0 0
654 -768 23 20 909512 0 0 0
-521 698 48 3 410163 0 0 0
-369 -308 75 41 257392 0 0 0
774 -737 79 59 534551 0 0 0
-61 -516 30 38 508456 0 0 0
273 -81 30 8 529028 0 0 0
-238 -348 23 48 649547 0 0 0
340 217 43 67 124424 0 0 0
527 40 38 61 493747 0 0 0
499 -472 77 14 311734 0 0 0
630 254 18 22 480784 0 0 0
517 121 36 54 346156 0 0 0
532 -590 72 8 137434 0 0 0
222 694 61 50 660988 0 0 0
628 310 56 8 193275 0 0 0
-618 68 65 12 911289 0 0 0
-9 554 89 74 839530 0 0 0
644 -385 14 59 140364 0 0 0
-269 170 58 62 822728 0 0 0
517 89 64 13 278076 0 0 0
-457 590 73 27 330880 0 0 0
-661 319 16 15 660516 0 0 0
-593 -659 62 5 214228 0 0 0
-526 -616 89 74 486737 0 0 0
8 -424 84 23 614725 0 0 0
153 -721 66 5 244277 0 0 0
-339 -420 51 61 148726 0 0 0
-391 -72 34 59 823280 0 0 0
748 -637 6 61 160160 0 0 0
-52 753 71 30 262482 0 0 0
-683 779 25 25 570937 0 0 0
563 761 28 67 454138 0 0 0
487 -577 72 13 738816 0 0 0
-785 -762 54 47 521531 0 0 0
-566 -465 49 59 279685 0 0 0
321 -81 64 74 353078 0 0 0
88 396 50 19 893431 0 0 0
-267 437 24 37 334270 0 0 0
332 -326 6 22 283641 0 0 0
403 -115 3 13 209093 0 0 0
383 -454 36 15 804488 0 0 0
-601 162 50 32 340800 0 0 0
-286 -346 87 41 398447 0 0 0
172 476 15 45 871139 0 0 0
-608 -781 88 17 955984 0 0 0
-640 418 83 46 230586 0 0 0
-794 461 83 67 616500 0 0 0
-765 -779 12 69 228442 0 0 0
-117 -130 32 42 429198 0 0 0
-178 593 48 9 101672 0 0 0
-628 -758 5 56 697536 0 0 0
218 48 53 48 517434 0 0 0
341 537 35 64 997468 0 0 0
-163 -626 31 46 320456 0 0 0
18 659 55 34 382350 0 0 0
317 482 11 47 326454 0 0 0
218 191 75 57 984946 0 0 0
501 -485 71 67 680809 0 0 0
-14 -639 16 41 112847 0 0 0
687 627 4 2 535566 0 0 0
-171 -73 59 31 708146 0 0 0
-15 686 45 52 371281 0 0 0
-391 438 15 66 381228 0 0 0
-543 -487 74 1 616679 0 0 0
343 -383 56 23 536902 0 0 0
-651 92 79 71 453425 0 0 0
655 -5 50 57 889941 0 0 0
-45 -106 88 32 647064 0 0 0
281 -516 65 65 603354 0 0 0
-408 89 42 62 542394 0 0 0
329 703 12 5 839372 0 0 0
157 771 71 13 628614 0 0 0
686 443 10 47 350096 0 0 0
72 -363 36 64 773383 0 0 0
-520 -388 46 74 473770 0 0 0
-259 -84 32 29 311940 0 0 0
-513 -610 21 39 696549 0 0 0
583 -779 11 73 894052 0 0 0
733 -502 19 38 666484 0 0 0
-513 4 68 15 134271 0 0 0
-545 -102 19 63 185843 0 0 0
95 789 70 21 708055 0 0 0
278 -162 14 44 725178 0 0 0
-262 -593 44 50 902866 0 0 0
-549 -540 73 40 381572 0 0 0
466 -226 29 64 296432 0 0 0
-513 -103 26 72 416679 0 0 0
-49 629 80 16 500908 0 0 0
-461 -185 61 2 165749 0 0 0
466 476 75 72 721430 0 0 0
321 -790 84 4 106732 0 0 0
-154 511 39 59 934673 0 0 0
343 -454 65 12 461707 0 0 0
-329 383 71 38 465984 0 0 0
327 -458 73 35 377424 0 0 0
-75 -429 34 11 607714 0 0 0
12 -204 18 1 715165 0 0 0
730 -53 25 19 487573 0 0 0
591 169 61 64 213799 0 0 0
-400 -624 8 55 487868 0 0 0
86 -41 77 71 428467 0 0 0
90 -746 61 36 692733 0 0 0
-98 -200 18 13 157265 0 0 0
480 -126 59 48 350955 0 0 0
239 -43 12 40 682231 0 0 0
-505 737 8 32 797331 0 0 0
84 528 59 31 152520 0 0 0
403 10 67 38 974915 0 0 0
124 -783 62 42 492591 0 0 0
371 -350 69 60 958974 0 0 0
-733 525 11 6 196205 0 0 0
90 -399 34 49 537434 0 0 0
-483 439 46 36 951644 0 0 0
640 116 52 37 969534 0 0 0
-452 -693 30 54 310397 0 0 0
-359 -558 31 57 541098 0 0 0
-51 -21 23 64 392815 0 0 0
-357 726 19 3 113922 0 0 0
-736 -141 1 42 513852 0 0 0
-519 -374 17 19 934919 0 0 0
359 -800 68 65 776848 0 0 0
-328 517 47 4 716902 0 0 0
359 444 87 57 434878 0 0 0
-198 -737 22 27 990766 0 0 0
-573 -687 15 31 888160 0 0 0
489 39 77 10 976054 0 0 0
566 -484 21 44 878666 0 0 0
-538 96 80 32 514306 0 0 0
-624 -768 87 65 754088 0 0 0
-49 -170 44 27 344219 0 0 0
-372 604 22 14 273788 0 0 0
305 13 81 26 391063 0 0 0
310 800 61 51 642680 0 0 0
-464 196 56 43 319569 0 0 0
-515 584 54 72 855538 0 0 0
589 337 11 45 380896 0 0 0
-726 37 3 26 556293 0 0 0
-512 -229 27 24 994487 0 0 0
368 58 62 23 587604 0 0 0
781 -365 60 2 124661 0 0 0
-276 -313 68 62 274937 0 0 0
-264 -704 63 5 461870 0 0 0
277 641 31 4 497232 0 0 0
-760 186 51 47 771124 0 0 0
585 -434 65 27 853704 0 0 0
554 184 72 2 453770 0 0 0
-621 -413 17 22 579950 0 0 0
-244 318 18 4 970363 0 0 0
58 -45 54 5 253066 0 0 0
86 592 46 25 912396 0 0 0
-457 284 31 60 405268 0 0 0
-363 55 65 11 701959 0 0 0
-445 447 15 7 660965 0 0 0
627 230 66 13 251394 0 0 0
454 -213 29 53 481551 0 0 0
-74 699 50 44 913002 0 0 0
-545 -703 68 41 183529 0 0 0
-508 156 9 19 151308 0 0 0
-798 747 60 4 435397 0 0 0
-776 744 12 48 787337 0 0 0
149 -726 66 73 582690 0 0 0
-530 783 68 15 892973 0 0 0
294 269 73 47 780637 0 0 0
74 -198 67 26 769012 0 0 0
-441 581 26 75 442769 0 0 0
-527 -544 44 8 195393 0 0 0
-549 294 45 30 931377 0 0 0
248 183 1 39 406225 0 0 0
134 798 37 23 208158 0 0 0
-358 -582 55 28 111122 0 0 0
37 -302 18 24 184595 0 0 0
-712 -31 37 4 359319 0 0 0
697 779 13 44 111758 0 0 0
-14 198 73 35 505374 0 0 0
-295 -620 58 11 473225 0 0 0
-332 401 83 72 488110 0 0 0
737 -505 60 25 662852 0 0 0
-9 -705 56 7 779612 0 0 0
736 -207 79 35 278159 0 0 0
-111 663 2 70 661614 0 0 0
672 -205 66 75 989265 0 0 0
-310 553 8 65 558838 0 0 0
-279 -249 13 3 723125 0 0 0
598 -390 40 33 830381 0 0 0
587 383 26 44 405121 0 0 0
140 371 58 48 103614 0 0 0
-630 -298 74 48 600243 0 0 0
