500
-112 -266 40 27 399512 0 0 0
-828 651 82 82 324939 0 0 0
-564 -943 2 19 398368 0 0 0
-802 813 34 6 117199 0 0 0
649 763 46 57 156312 0 0 0
479 -195 19 78 869176 0 0 0
770 -654 23 16 843620 0 0 0
459 -907 9 2 799889 0 0 0
-387 -203 100 91 637722 0 0 0
533 -733 22 12 367143 0 0 0
198 -825 50 80 199441 0 0 0
548 794 29 6 603374 0 0 0
-956 829 22 39 105028 0 0 0
-76 554 104 89 326026 0 0 0
307 179 102 34 789365 0 0 0
232 -639 96 78 704187 0 0 0
552 420 63 87 450112 0 0 0
-909 -415 92 10 646406 0 0 0
142 773 17 25 495654 0 0 0
67 838 41 21 297028 0 0 0
-633 -697 9 33 751020 0 0 0
-983 893 102 54 386632 0 0 0
376 -201 24 69 291974 0 0 0
557 -938 45 64 453115 0 0 0
-30 768 92 77 125473 0 0 0
-256 629 95 21 652604 0 0 0
-61 -955 69 3 517288 0 0 0
-780 869 2 92 894462 0 0 0
729 -769 104 69 153318 0 0 0
710 815 105 82 364883 0 0 0
536 -502 84 59 807624 0 0 0
-662 -492 39 56 668473 0 0 0
-139 -225 51 86 125317 0 0 0
250 240 71 19 484120 0 0 0
-275 -788 37 17 756816 0 0 0
980 738 95 20 551333 0 0 0
-761 756 25 63 892238 0 0 0
651 713 51 68 171658 0 0 0
-659 -228 55 76 644387 0 0 0
-856 308 41 91 424660 0 0 0
737 -295 11 92 603763 0 0 0
58 807 24 66 953698 0 0 0
929 537 59 3 236327 0 0 0
-976 -21 53 63 382806 0 0 0
922 -399 46 7 382533 0 0 0
-756 20 105 77 616936 0 0 0
778 -772 84 61 825949 0 0 0
-763 699 10 72 677587 0 0 0
144 860 8 28 296528 0 0 0
-964 167 82 12 139161 0 0 0
-332 491 8 46 366892 0 0 0
50 352 101 12 870327 0 0 0
-363 -746 81 48 183670 0 0 0
-615 -723 2 26 964901 0 0 0
911 -670 66 75 922850 0 0 0
-104 -745 59 78 102463 0 0 0
-26 -181 83 18 973945 0 0 0
42 -163 33 54 363874 0 0 0
-78 478 29 21 764327 0 0 0
-795 175 68 56 849206 0 0 0
672 -216 81 32 313674 0 0 0
-608 -940 86 5 919426 0 0 0
484 -486 37 34 880209 0 0 0
-929 -322 15 69 646323 0 0 0
244 -919 23 38 340731 0 0 0
-472 15 8 72 150493 0 0 0
392 108 32 6 951116 0 0 0
34 -237 50 28 771767 0 0 0
285 -382 85 79 305691 0 0 0
599 870 6 14 468437 0 0 0
370 804 105 72 988861 0 0 0
-877 573 102 77 683728 0 0 0
-757 985 55 42 361006 0 0 0
390 -588 9 38 864371 0 0 0
-628 20 37 29 671512 0 0 0
225 882 39 54 619289 0 0 0
446 385 8 81 142919 0 0 0
841 593 64 36 241287 0 0 0
981 -695 63 57 426101 0 0 0
86 -394 41 24 630247 0 0 0
-283 -570 15 81 520184 0 0 0
445 213 4 37 502465 0 0 0
-177 951 76 89 591202 0 0 0
747 324 46 1 831155 0 0 0
-177 -487 64 9 420164 0 0 0
-652 -679 67 45 761449 0 0 0
-881 163 65 88 155554 0 0 0
-877 -564 37 76 121664 0 0 0
102 -631 78 72 819419 0 0 0
993 -294 22 16 665749 0 0 0
-949 -647 66 91 927147 0 0 0
-378 361 71 84 781527 0 0 0
-66 461 26 9 305167 0 0 0
399 -296 59 19 704060 0 0 0
-99 976 63 90 182251 0 0 0
-234 -348 66 9 430412 0 0 0
550 -573 64 23 565310 0 0 0
-695 415 87 5 123783 0 0 0
-637 933 89 77 870320 0 0 0
395 472 72 53 761535 0 0 0
-969 825 74 66 358825 0 0 0
408 349 81 38 173835 0 0 0
-959 -789 20 28 606368 0 0 0
-187 -177 63 92 162407 0 0 0
49 883 36 1 388155 0 0 0
861 87 55 19 856565 0 0 0
977 591 94 46 881900 0 0 0
-279 686 14 35 915205 0 0 0
-431 640 29 37 878210 0 0 0
-210 -919 26 66 181721 0 0 0
718 101 25 50 426224 0 0 0
162 953 44 81 518836 0 0 0
-445 196 18 88 557925 0 0 0
161 321 11 77 379391 0 0 0
976 652 42 25 223092 0 0 0
331 82 9 77 244001 0 0 0
230 -327 37 7 300629 0 0 0
122 636 17 4 803677 0 0 0
518 -550 27 89 197916 0 0 0
285 -915 6 46 284765 0 0 0
-736 -933 58 23 745355 0 0 0
-128 -359 78 12 286556 0 0 0
653 45 99 33 497791 0 0 0
642 994 84 67 905790 0 0 0
-591 -911 95 83 349746 0 0 0
-302 -158 68 12 161600 0 0 0
-740 855 19 5 780871 0 0 0
359 -185 35 17 610796 0 0 0
999 719 60 16 289242 0 0 0
-673 -191 100 55 711122 0 0 0
949 -875 82 9 623454 0 0 0
518 -587 32 28 462807 0 0 0
16 992 55 52 330064 0 0 0
-483 677 63 28 945662 0 0 0
-204 -300 77 61 441650 0 0 0
-972 342 80 26 169491 0 0 0
331 746 66 46 943106 0 0 0
265 200 48 88 341994 0 0 0
-371 -539 88 81 755605 0 0 0
420 998 78 15 616478 0 0 0
577 506 38 29 730372 0 0 0
326 -517 92 4 109803 0 0 0
-690 -824 56 38 169079 0 0 0
-560 -660 59 78 227100 0 0 0
-916 -904 13 50 240114 0 0 0
76 377 30 59 423635 0 0 0
-599 215 45 1 759616 0 0 0
-25 693 60 86 463565 0 0 0
374 778 63 69 331405 0 0 0
-996 959 75 33 509138 0 0 0
488 791 69 50 625842 0 0 0
-332 795 42 69 288537 0 0 0
-684 959 71 77 766255 0 0 0
-250 870 23 81 568694 0 0 0
-984 351 83 43 211936 0 0 0
448 -573 71 2 502997 0 0 0
-960 -891 74 30 750307 0 0 0
961 -3 9 5 713524 0 0 0
239 -319 87 41 109481 0 0 0
492 19 47 47 865307 0 0 0
-981 -368 11 67 337892 0 0 0
-530 175 87 44 449391 0 0 0
-699 355 51 76 180136 0 0 0
-155 -198 17 76 407962 0 0 0
133 852 46 53 123477 0 0 0
-752 -223 96 90 846237 0 0 0
95 36 74 81 257483 0 0 0
-707 -23 72 66 326200 0 0 0
-739 -330 79 34 175917 0 0 0
-505 288 28 88 484767 0 0 0
964 11 66 18 186936 0 0 0
-308 -87 46 60 532055 0 0 0
590 -892 20 30 975224 0 0 0
-829 -894 11 1 701142 0 0 0
-725 -996 54 3 602130 0 0 0
919 -334 80 72 798754 0 0 0
730 653 67 68 290484 0 0 0
361 -950 99 38 348557 0 0 0
173 -927 86 26 267683 0 0 0
-685 722 45 74 869588 0 0 0
-327 -894 84 79 945823 0 0 0
-222 -432 59 40 825368 0 0 0
936 -547 10 55 263578 0 0 0
-778 -129 21 33 438277 0 0 0
701 -606 52 85 315141 0 0 0
-495 864 83 64 269552 0 0 0
226 -301 69 56 636667 0 0 0
319 493 2 84 498365 0 0 0
634 -606 18 34 581599 0 0 0
198 711 89 16 590414 0 0 0
-310 156 43 7 585586 0 0 0
-733 -774 8 2 741572 0 0 0
-849 -789 80 76 170194 0 0 0
93 55 53 61 543954 0 0 0
-59 159 58 71 864155 0 0 0
-194 100 82 16 858069 0 0 0
-326 -630 86 30 882159 0 0 0
210 242 9 79 539112 0 0 0
-731 499 42 1 460626 0 0 0
325 412 48 69 293794 0 0 0
949 318 80 27 286572 0 0 0
998 835 54 38 334696 0 0 0
714 -973 42 67 803790 0 0 0
570 162 45 44 103691 0 0 0
948 -161 43 83 528687 0 0 0
-921 175 48 24 994381 0 0 0
-64 -768 25 77 897767 0 0 0
989 -386 59 34 843602 0 0 0
129 -31 64 81 192108 0 0 0
-818 -997 44 82 530369 0 0 0
36 -966 46 45 812723 0 0 0
179 -645 81 12 162435 0 0 0
775 -490 2 81 666543 0 0 0
-472 -340 21 52 997863 0 0 0
-88 375 21 68 822335 0 0 0
-408 954 70 87 405184 0 0 0
-745 -238 33 3 444935 0 0 0
824 11 85 62 574267 0 0 0
426 11 50 36 161361 0 0 0
781 -430 32 54 542175 0 0 0
-756 831 104 8 728500 0 0 0
-342 976 11 78 843168 0 0 0
-172 232 102 70 952410 0 0 0
97 62 34 92 830948 0 0 0
-492 777 38 67 537066 0 0 0
354 572 104 35 722667 0 0 0
-496 481 20 14 360955 0 0 0
126 -517 77 90 353690 0 0 0
-340 336 42 91 483831 0 0 0
-317 570 45 66 518560 0 0 0
-18 868 17 70 628585 0 0 0
-320 448 13 63 491545 0 0 0
807 -336 102 29 692650 0 0 0
845 -325 58 36 309121 0 0 0
-686 920 19 41 414091 0 0 0
-296 -218 49 80 253458 0 0 0
-527 451 94 24 810797 0 0 0
-543 771 86 38 387857 0 0 0
394 85 102 71 727840 0 0 0
568 -574 73 41 237325 0 0 0
-473 -56 76 49 162017 0 0 0
-648 -662 37 63 897879 0 0 0
-444 202 89 57 245485 0 0 0
-234 968 61 74 886340 0 0 0
4 -485 2 50 734434 0 0 0
693 189 26 51 881160 0 0 0
-877 -172 13 37 393207 0 0 0
-636 751 43 83 217818 0 0 0
1000 -35 7 21 389993 0 0 0
261 -515 81 87 116260 0 0 0
-280 344 96 87 266160 0 0 0
102 -273 7 48 269596 0 0 0
600 -539 94 68 890830 0 0 0
-928 -559 9 67 326262 0 0 0
-805 -976 69 80 189734 0 0 0
985 -441 62 79 298613 0 0 0
-521 -209 40 76 618005 0 0 0
-173 -466 74 50 220623 0 0 0
-419 -54 56 85 535963 0 0 0
-960 365 55 67 236095 0 0 0
946 -356 6 56 146158 0 0 0
175 -684 40 55 172051 0 0 0
-363 -765 55 27 387019 0 0 0
472 641 29 59 155878 0 0 0
-166 -11 85 90 896402 0 0 0
-594 777 81 20 102061 0 0 0
-20 115 45 88 239675 0 0 0
146 151 44 44 309380 0 0 0
415 -256 93 83 507067 0 0 0
-615 -843 4 73 369247 0 0 0
777 131 54 69 699687 0 0 0
-635 -305 70 83 975336 0 0 0
702 221 37 10 565447 0 0 0
-940 -362 56 30 289442 0 0 0
-123 -979 13 6 655630 0 0 0
-107 -34 87 37 393686 0 0 0
114 24 79 6 846343 0 0 0
-304 -140 66 63 114831 0 0 0
330 896 90 14 930752 0 0 0
-130 -63 31 23 262628 0 0 0
107 -219 20 6 613133 0 0 0
214 -515 74 40 277964 0 0 0
-721 -563 75 31 131625 0 0 0
-85 -52 95 11 591190 0 0 0
923 -296 1 12 333555 0 0 0
173 447 78 32 937923 0 0 0
-608 -689 97 48 690214 0 0 0
588 116 103 78 462596 0 0 0
-345 738 8 12 221690 0 0 0
-125 964 92 83 264478 0 0 0
-250 427 47 39 288752 0 0 0
685 -119 62 12 257231 0 0 0
874 -180 36 24 100921 0 0 0
-975 -672 91 77 443981 0 0 0
-310 -558 41 76 843433 0 0 0
-543 705 59 27 165321 0 0 0
-922 -921 5 60 918256 0 0 0
786 -907 14 22 190355 0 0 0
123 938 25 26 135841 0 0 0
456 -341 31 32 771053 0 0 0
131 -679 10 1 550098 0 0 0
478 289 90 78 512305 0 0 0
-886 387 9 50 185122 0 0 0
-373 -474 92 70 174397 0 0 0
126 -789 25 78 524065 0 0 0
-124 747 41 41 604016 0 0 0
340 294 47 28 698043 0 0 0
-719 32 71 42 103202 0 0 0
-972 -276 86 78 327428 0 0 0
169 376 84 37 529151 0 0 0
857 -481 41 44 238165 0 0 0
-811 981 93 18 712942 0 0 0
-17 -653 64 65 155102 0 0 0
-954 -994 98 8 945961 0 0 0
-390 -554 98 78 794344 0 0 0
-62 327 47 61 619411 0 0 0
714 250 105 43 968405 0 0 0
78 -264 43 14 590066 0 0 0
682 -596 77 39 492320 0 0 0
-516 -967 15 29 490851 0 0 0
378 -511 29 10 791694 0 0 0
927 -797 37 60 535715 0 0 0
55 -401 99 43 790984 0 0 0
-244 -622 47 1 386616 0 0 0
90 -104 74 56 829482 0 0 0
469 -287 45 53 379166 0 0 0
763 932 88 24 741393 0 0 0
-372 854 15 8 186848 0 0 0
-390 90 99 20 134486 0 0 0
823 476 83 69 173129 0 0 0
-823 368 41 76 433182 0 0 0
621 995 4 6 904872 0 0 0
-916 -652 68 4 553063 0 0 0
930 662 72 55 184146 0 0 0
423 53 35 49 499606 0 0 0
390 -999 23 92 366036 0 0 0
656 114 29 78 757153 0 0 0
644 -557 77 91 767838 0 0 0
368 -848 23 39 290915 0 0 0
921 -994 46 35 675652 0 0 0
-958 -20 62 32 294295 0 0 0
41 -574 68 48 557681 0 0 0
829 -576 35 36 844374 0 0 0
-94 432 61 44 833572 0 0 0
847 -123 25 63 600979 0 0 0
925 -480 86 76 507601 0 0 0
435 -14 64 26 670725 0 0 0
29 -903 64 76 108385 0 0 0
39 -951 37 47 247666 0 0 0
-115 -697 44 46 111148 0 0 0
-719 -537 89 13 733842 0 0 0
312 -694 87 75 271652 0 0 0
907 971 88 74 617500 0 0 0
-937 161 98 67 722050 0 0 0
475 295 37 59 886259 0 0 0
-786 -625 23 49 776893 0 0 0
724 -191 86 68 770924 0 0 0
321 249 1 22 658436 0 0 0
597 420 68 56 456211 0 0 0
-844 -825 96 86 254231 0 0 0
647 422 20 72 288760 0 0 0
-472 -576 76 37 505683 0 0 0
305 -245 7 68 525026 0 0 0
993 873 62 91 204848 0 0 0
66 -351 79 41 374556 0 0 0
-595 -65 53 34 812310 0 0 0
-4 188 38 30 454423 0 0 0
-227 -521 67 61 617453 0 0 0
-273 857 59 41 959911 0 0 0
-196 -93 11 4 768208 0 0 0
-348 715 95 29 959335 0 0 0
395 -198 72 64 715346 0 0 0
-301 -661 4 49 775525 0 0 0
-89 -826 34 53 206745 0 0 0
165 282 52 43 262571 0 0 0
-157 96 17 59 613098 0 0 0
-265 111 97 76 100762 0 0 0
-289 -696 84 35 449945 0 0 0
910 246 58 70 704898 0 0 0
-153 -13 99 7 868449 0 0 0
-650 880 40 2 975388 0 0 0
-575 328 47 10 807635 0 0 0
-525 -66 78 80 392542 0 0 0
-780 -193 88 67 199151 0 0 0
-917 457 15 42 684102 0 0 0
167 -902 63 1 561783 0 0 0
514 -311 16 83 621769 0 0 0
-830 -209 93 91 295372 0 0 0
-825 682 26 31 636732 0 0 0
473 -847 17 87 827330 0 0 0
133 -661 26 68 760837 0 0 0
494 -223 87 88 101399 0 0 0
370 114 74 37 595987 0 0 0
-729 -496 22 57 829392 0 0 0
-524 81 93 64 213805 0 0 0
996 909 84 19 265901 0 0 0
451 -997 54 9 200289 0 0 0
274 -704 70 29 932655 0 0 0
-309 -418 54 36 398940 0 0 0
-65 781 22 18 457589 0 0 0
-85 -504 35 38 494560 0 0 0
333 959 60 83 247713 0 0 0
-724 561 79 71 185974 0 0 0
-90 942 40 30 956847 0 0 0
-880 -227 85 21 308619 0 0 0
899 186 93 18 312107 0 0 0
-790 -950 8 12 908112 0 0 0
88 -463 1 28 601976 0 0 0
595 -658 69 4 127081 0 0 0
999 928 10 91 840120 0 0 0
-114 -649 43 44 547742 0 0 0
-761 -201 63 31 939505 0 0 0
918 -176 58 78 149309 0 0 0
174 -547 93 78 805813 0 0 0
-202 -372 11 22 891828 0 0 0
-307 898 100 36 437920 0 0 0
-745 -872 69 4 771622 0 0 0
-937 287 20 1 817311 0 0 0
-683 395 77 41 269639 0 0 0
-174 -477 10 44 792530 0 0 0
435 579 1 19 945964 0 0 0
765 98 97 56 265129 0 0 0
886 -57 7 70 222397 0 0 0
-249 -475 83 6 874000 0 0 0
509 -275 3 72 889711 0 0 0
13 -690 26 7 167019 0 0 0
907 -971 63 44 487945 0 0 0
886 190 63 10 348033 0 0 0
-9 -157 52 9 359082 0 0 0
329 -214 92 35 300672 0 0 0
148 132 100 33 200693 0 0 0
-38 -932 60 92 164336 0 0 0
-23 849 22 89 428139 0 0 0
-167 351 21 44 353852 0 0 0
-149 106 52 40 557143 0 0 0
-3 -637 32 16 655238 0 0 0
396 -933 104 41 623116 0 0 0
-990 348 91 61 599646 0 0 0
-803 696 60 74 559323 0 0 0
-221 571 90 9 250351 0 0 0
-65 507 67 9 495285 0 0 0
833 821 2 66 338941 0 0 0
177 -119 3 66 491764 0 0 0
-151 781 76 46 690481 0 0 0
738 -64 30 76 930859 0 0 0
826 568 32 69 854754 0 0 0
547 818 78 44 965962 0 0 0
195 -299 19 36 661044 0 0 0
291 -686 85 69 720909 0 0 0
-701 295 93 62 975088 0 0 0
-450 174 90 69 614436 0 0 0
-853 571 6 3 708073 0 0 0
-528 -1 88 6 167222 0 0 0
-353 228 54 81 186761 0 0 0
-474 534 52 47 935791 0 0 0
807 495 97 7 225421 0 0 0
-906 358 56 2 523009 0 0 0
-825 154 94 51 921346 0 0 0
-36 -396 76 81 471182 0 0 0
800 -571 19 36 513532 0 0 0
577 -520 84 79 570438 0 0 0
59 -185 93 49 527528 0 0 0
585 486 19 18 769541 0 0 0
-883 -170 5 55 119648 0 0 0
-916 -703 41 71 164423 0 0 0
-469 337 89 52 694844 0 0 0
-645 -541 94 3 469587 0 0 0
-739 811 68 72 554221 0 0 0
434 -602 28 92 737824 0 0 0
136 861 56 70 902478 0 0 0
-184 913 85 77 420811 0 0 0
271 600 73 78 561686 0 0 0
-790 645 63 27 504389 0 0 0
-442 -782 46 89 351389 0 0 0
-231 663 80 53 675213 0 0 0
539 -496 65 61 777878 0 0 0
-214 952 95 52 987833 0 0 0
-566 325 13 19 911150 0 0 0
787 200 29 70 156024 0 0 0
769 530 22 51 592669 0 0 0
550 -441 42 80 360728 0 0 0
196 988 46 66 128212 0 0 0
-840 -507 87 32 359981 0 0 0
786 -168 81 6 769224 0 0 0
-787 542 11 32 703208 0 0 0
927 284 58 1 635459 0 0 0
128 -39 98 72 643408 0 0 0
-304 512 61 41 855139 0 0 0
-832 656 50 1 668874 0 0 0
699 -966 91 72 921917 0 0 0
604 735 46 85 565321 0 0 0
383 151 100 46 574696 0 0 0
-248 691 9 25 958524 0 0 0
564 948 13 85 951162 0 0 0
222 757 99 36 590432 0 0 0
-840 4 40 31 841589 0 0 0
654 -197 46 84 120714 0 0 0
-494 -838 23 6 194374 0 0 0
576 -530 95 87 734234 0 0 0
-938 220 54 34 609378 0 0 0
