1000
-1897 -1262 93 125 477330 0 0 0
108 -268 91 5 204487 0 0 0
-1368 1896 100 159 230732 0 0 0
225 -923 41 107 636093 0 0 0
-215 390 12 65 250763 0 0 0
1685 -103 16 154 798854 0 0 0
-866 -1966 6 23 710758 0 0 0
382 1660 110 152 637465 0 0 0
215 1031 9 108 454173 0 0 0
1145 -1951 49 75 891781 0 0 0
919 1894 12 119 618154 0 0 0
-371 1518 114 103 844734 0 0 0
38 -1829 44 7 651470 0 0 0
-1573 739 38 106 145501 0 0 0
-1208 1926 183 140 875000 0 0 0
430 1457 96 155 771037 0 0 0
104 -1902 156 47 294411 0 0 0
-630 -854 8 74 113620 0 0 0
219 -1094 102 114 807743 0 0 0
1559 65 43 42 589762 0 0 0
-1676 1468 10 86 135037 0 0 0
-960 -895 77 55 507859 0 0 0
-1622 887 87 105 877720 0 0 0
-1072 756 155 168 762269 0 0 0
-1607 -230 79 129 533753 0 0 0
1185 1061 169 101 559926 0 0 0
1774 -1438 108 49 763770 0 0 0
-1343 282 84 109 566177 0 0 0
-1946 576 105 20 823788 0 0 0
-316 298 150 2 493165 0 0 0
1906 -1291 50 47 721034 0 0 0
-791 -459 1 121 250347 0 0 0
-252 -44 19 93 601858 0 0 0
-877 1333 18 112 590701 0 0 0
1067 1782 61 4 710140 0 0 0
1491 359 22 108 678873 0 0 0
486 -972 155 6 568806 0 0 0
96 -714 163 159 190849 0 0 0
-518 -756 65 19 782533 0 0 0
-1236 1040 46 19 324681 0 0 0
1136 1693 6 64 357393 0 0 0
757 -1965 101 44 315042 0 0 0
-22 -98 45 55 733878 0 0 0
-1140 467 129 124 245580 0 0 0
1551 111 91 26 257015 0 0 0
-1223 1078 36 122 775607 0 0 0
131 1448 78 148 289957 0 0 0
-429 -631 156 10 146599 0 0 0
-243 -661 155 134 757920 0 0 0
-1615 -24 32 130 280632 0 0 0
1225 -1302 86 150 735398 0 0 0
1162 854 69 153 893974 0 0 0
-1218 1373 85 153 302530 0 0 0
-226 -298 43 58 594614 0 0 0
1118 823 179 128 709583 0 0 0
-1206 -536 119 74 263932 0 0 0
-1112 -1057 139 29 566157 0 0 0
-1547 -1573 113 8 670764 0 0 0
-1414 -613 177 127 787797 0 0 0
526 -1615 115 77 654700 0 0 0
1478 492 176 128 402390 0 0 0
713 390 84 38 926206 0 0 0
264 192 6 138 799346 0 0 0
-1538 -1533 136 37 889601 0 0 0
1884 1365 137 45 721524 0 0 0
1903 -1763 95 143 856660 0 0 0
1937 -650 131 61 419669 0 0 0
-681 -1617 85 146 152454 0 0 0
838 274 103 171 348806 0 0 0
71 1358 49 18 123525 0 0 0
-1170 -1582 29 170 799531 0 0 0
-867 543 56 79 425007 0 0 0
-175 1382 175 169 133565 0 0 0
-1463 -1851 6 164 722180 0 0 0
-941 -1846 84 146 901734 0 0 0
1428 861 5 105 709559 0 0 0
1826 -145 46 35 621213 0 0 0
-1606 -342 63 109 715814 0 0 0
755 1032 67 31 659662 0 0 0
1829 -1797 86 15 100360 0 0 0
1841 -725 29 20 187272 0 0 0
1038 1541 153 63 820961 0 0 0
-1387 -255 172 63 265265 0 0 0
-123 404 143 102 623884 0 0 0
-716 -1173 46 71 734298 0 0 0
550 1922 88 70 111662 0 0 0
1835 -264 149 93 229784 0 0 0
157 1343 71 6 806524 0 0 0
-1794 1732 71 56 867754 0 0 0
168 828 154 30 301173 0 0 0
459 1235 160 155 477821 0 0 0
-1150 -101 21 141 792388 0 0 0
-1219 -1264 66 52 943358 0 0 0
-1537 -1540 178 137 859258 0 0 0
-1617 884 119 92 798040 0 0 0
-425 -392 77 104 952608 0 0 0
1043 1817 55 130 752294 0 0 0
145 -515 160 62 799428 0 0 0
-1012 -268 83 144 196564 0 0 0
-1918 -1696 106 94 186211 0 0 0
-467 1663 75 57 386971 0 0 0
-1661 1954 143 91 456267 0 0 0
-1618 1193 184 39 280410 0 0 0
799 1723 60 81 438502 0 0 0
1256 106 146 56 929292 0 0 0
989 -480 180 72 421879 0 0 0
1597 864 65 43 206695 0 0 0
-1684 -988 38 153 844292 0 0 0
659 1621 123 64 667303 0 0 0
860 -924 124 84 614188 0 0 0
-1814 743 1 88 688689 0 0 0
-1268 182 93 48 730298 0 0 0
-1801 1068 150 41 551521 0 0 0
-1931 -1420 57 53 854299 0 0 0
-1628 634 168 160 977002 0 0 0
823 -614 41 144 323422 0 0 0
-163 1497 66 29 788596 0 0 0
1396 -695 113 113 561239 0 0 0
-1339 1983 150 97 754818 0 0 0
-1134 1749 116 149 996048 0 0 0
1289 -1937 152 55 305559 0 0 0
-1418 -451 7 98 314214 0 0 0
1574 -601 77 22 553169 0 0 0
-910 119 135 53 564853 0 0 0
-137 -1631 8 33 508583 0 0 0
1465 -205 9 152 652440 0 0 0
-953 685 177 105 581350 0 0 0
1185 -104 133 6 386053 0 0 0
1659 -616 141 28 362352 0 0 0
540 1996 106 150 334853 0 0 0
1549 915 65 53 853253 0 0 0
-709 1741 73 140 764402 0 0 0
-1008 -1517 23 132 271295 0 0 0
-791 1656 116 131 112611 0 0 0
-1440 -1677 22 158 699218 0 0 0
-1460 1966 67 63 724214 0 0 0
-1167 939 39 165 159049 0 0 0
-526 -1329 93 9 677118 0 0 0
1812 4 77 42 108345 0 0 0
-1901 -1801 158 51 401059 0 0 0
1424 925 168 65 982034 0 0 0
-1131 -1881 109 51 158854 0 0 0
-1409 1827 9 116 875560 0 0 0
51 -1297 101 136 205074 0 0 0
1081 1216 13 105 173460 0 0 0
-1740 1687 117 111 933105 0 0 0
884 1149 32 112 881982 0 0 0
-43 -249 156 26 865549 0 0 0
-1776 332 103 55 178662 0 0 0
1871 -1568 55 110 434102 0 0 0
-1841 1974 161 45 779329 0 0 0
1503 -145 174 23 308481 0 0 0
-1476 331 131 157 120681 0 0 0
476 1713 57 117 285851 0 0 0
283 1890 125 127 439078 0 0 0
1109 -581 178 60 325455 0 0 0
-504 670 134 162 335063 0 0 0
256 1313 88 74 467701 0 0 0
-746 -358 11 1 989924 0 0 0
1242 1972 104 97 283525 0 0 0
1506 -99 22 24 766072 0 0 0
375 -1934 161 45 927794 0 0 0
685 -1298 131 25 234951 0 0 0
-253 452 69 35 734630 0 0 0
-293 -215 125 69 136459 0 0 0
1834 -1458 38 125 188231 0 0 0
1971 213 135 29 191836 0 0 0
-92 1432 18 43 244091 0 0 0
-1703 -7 32 38 830916 0 0 0
665 -900 108 127 415334 0 0 0
-1171 -1277 167 18 609310 0 0 0
-261 287 57 165 174593 0 0 0
157 -1866 123 91 376316 0 0 0
1047 1979 51 76 770411 0 0 0
-1475 -358 117 156 936109 0 0 0
110 -576 122 24 293923 0 0 0
-1821 -1214 8 149 227724 0 0 0
-1427 1561 43 170 438162 0 0 0
-769 1485 67 170 285960 0 0 0
926 -584 137 151 529521 0 0 0
1458 330 177 90 415636 0 0 0
1975 -1951 99 151 541883 0 0 0
-616 -1931 167 78 670210 0 0 0
-1226 -1308 100 84 872376 0 0 0
1309 1214 134 131 271390 0 0 0
-1077 1208 126 33 474360 0 0 0
457 -1245 115 93 267681 0 0 0
-182 504 51 86 992145 0 0 0
904 -124 52 139 264650 0 0 0
374 -1683 158 85 366077 0 0 0
-911 -597 146 116 971140 0 0 0
435 346 63 138 782488 0 0 0
-60 1827 13 72 281352 0 0 0
-1382 -395 11 25 683451 0 0 0
-1346 23 116 83 597603 0 0 0
-1050 1047 130 65 932934 0 0 0
-1471 -575 53 68 308043 0 0 0
-1721 -1278 133 11 823227 0 0 0
1432 -1069 6 137 510336 0 0 0
-468 -674 98 89 891661 0 0 0
-1270 1787 144 121 139405 0 0 0
-1394 1993 174 101 667460 0 0 0
1779 -1134 58 20 980109 0 0 0
119 -317 20 93 688051 0 0 0
1882 1107 94 142 650327 0 0 0
1795 1571 64 98 270997 0 0 0
621 281 124 9 502801 0 0 0
879 9 125 102 437266 0 0 0
-86 -1193 69 17 700099 0 0 0
32 1868 50 12 817743 0 0 0
1242 -1297 108 83 678306 0 0 0
1307 684 62 144 543940 0 0 0
1926 209 163 25 895219 0 0 0
768 1047 35 21 303705 0 0 0
1770 1160 82 73 838482 0 0 0
-1680 1976 165 88 991639 0 0 0
-1603 -1654 95 93 329874 0 0 0
1815 81 17 162 449671 0 0 0
1697 -253 48 11 240991 0 0 0
338 -747 119 106 392329 0 0 0
1166 -1855 20 142 437072 0 0 0
-1714 -1904 98 68 819309 0 0 0
-620 436 144 155 176716 0 0 0
83 1396 177 73 180380 0 0 0
-1466 -1585 54 154 781459 0 0 0
-567 -546 30 159 245199 0 0 0
1459 684 52 14 614043 0 0 0
1888 -220 169 26 152297 0 0 0
-1993 1341 185 79 821953 0 0 0
675 1046 51 139 209670 0 0 0
25 -916 30 27 434817 0 0 0
4 -736 27 166 636198 0 0 0
-1670 -1532 35 69 375053 0 0 0
-128 -572 177 100 951298 0 0 0
-765 -871 47 86 466661 0 0 0
1741 709 168 133 583012 0 0 0
1989 1586 18 169 540380 0 0 0
230 -1052 103 61 718496 0 0 0
-1315 588 25 129 783433 0 0 0
-1241 522 24 8 451442 0 0 0
471 189 160 90 683436 0 0 0
-1698 -1550 136 108 782248 0 0 0
-750 -1337 5 15 752415 0 0 0
-610 -1229 118 22 197372 0 0 0
-526 1881 115 141 177082 0 0 0
202 -1556 3 61 410431 0 0 0
-1359 -460 181 131 784227 0 0 0
94 -546 14 94 767928 0 0 0
-1931 -222 92 80 784008 0 0 0
-676 896 52 159 724365 0 0 0
-867 -138 59 64 337656 0 0 0
1519 -1491 176 79 221419 0 0 0
-100 -697 13 22 652357 0 0 0
526 -292 80 38 800669 0 0 0
1691 1607 29 147 509472 0 0 0
-96 683 68 132 842319 0 0 0
-756 -1224 89 159 508939 0 0 0
1550 1673 58 160 325589 0 0 0
110 1300 161 88 306647 0 0 0
-1469 1069 145 13 826737 0 0 0
1673 1613 55 69 957700 0 0 0
1953 -1073 79 141 421456 0 0 0
816 346 47 131 985102 0 0 0
-1912 134 130 152 264007 0 0 0
1263 731 90 96 179710 0 0 0
-1171 1345 70 127 439714 0 0 0
-1765 608 180 112 385035 0 0 0
-62 264 123 28 708627 0 0 0
703 -514 89 49 772533 0 0 0
739 226 34 129 696834 0 0 0
1150 1944 5 123 587119 0 0 0
-1399 -186 2 140 243679 0 0 0
1147 -415 76 45 189851 0 0 0
-970 -420 150 33 633314 0 0 0
1834 -976 41 170 559480 0 0 0
-543 -1889 87 160 914546 0 0 0
1589 1057 131 2 441599 0 0 0
-1420 1376 93 76 528731 0 0 0
-1800 -1551 123 138 874192 0 0 0
-1276 -1799 55 158 588082 0 0 0
1302 -747 88 104 773544 0 0 0
-1309 1806 137 51 158529 0 0 0
-1004 -1291 94 160 698009 0 0 0
1821 -935 85 60 385052 0 0 0
-243 831 114 53 400951 0 0 0
734 881 4 153 108966 0 0 0
-293 -466 171 157 500436 0 0 0
-1593 1554 95 54 981860 0 0 0
29 1840 40 96 969334 0 0 0
15 1113 165 3 201383 0 0 0
1081 1067 88 47 353479 0 0 0
1368 1910 127 145 795235 0 0 0
517 -98 166 165 445883 0 0 0
-715 -1009 172 103 194754 0 0 0
646 -566 39 70 858429 0 0 0
759 1054 99 163 253191 0 0 0
728 -463 19 122 183283 0 0 0
1975 -889 142 56 839872 0 0 0
-1416 240 46 166 762469 0 0 0
-688 -64 4 114 507037 0 0 0
-715 112 143 45 564862 0 0 0
241 -1103 45 36 132989 0 0 0
1716 -1290 156 19 962416 0 0 0
-600 -1184 157 66 479326 0 0 0
735 -251 112 129 400747 0 0 0
1626 -557 177 17 256154 0 0 0
56 -853 108 44 749210 0 0 0
-1272 -1999 160 139 762823 0 0 0
-813 -80 108 163 440306 0 0 0
-764 -1152 6 139 361996 0 0 0
-1517 -552 65 171 443485 0 0 0
-539 694 181 88 889594 0 0 0
4 33 61 52 633684 0 0 0
-130 -1539 45 55 477964 0 0 0
694 -779 117 162 582907 0 0 0
218 -1753 105 70 658996 0 0 0
-1373 -1197 62 31 444005 0 0 0
412 1926 27 86 100594 0 0 0
1437 -411 46 59 719646 0 0 0
1209 1814 120 32 531653 0 0 0
-1597 -974 54 145 954940 0 0 0
610 450 67 14 394333 0 0 0
154 1162 182 46 570730 0 0 0
589 1780 76 150 529489 0 0 0
-402 -585 60 139 110772 0 0 0
660 -522 119 41 149310 0 0 0
510 -1705 137 88 352521 0 0 0
1472 -421 128 29 600894 0 0 0
-1461 817 62 68 312232 0 0 0
1112 -1385 176 121 296273 0 0 0
-1852 -1546 103 127 508897 0 0 0
1258 793 153 105 644162 0 0 0
-1380 -233 17 48 708479 0 0 0
1439 991 105 63 562109 0 0 0
-844 -1397 31 151 787145 0 0 0
-1160 1611 152 82 521003 0 0 0
81 -346 13 79 422296 0 0 0
351 1640 105 113 103088 0 0 0
-1977 -1619 163 119 552050 0 0 0
1317 -681 111 38 943241 0 0 0
-647 -1052 77 85 304406 0 0 0
1670 1604 180 82 894945 0 0 0
1914 -1132 28 154 565723 0 0 0
-211 863 179 101 116303 0 0 0
-1009 264 77 161 459205 0 0 0
775 -1738 27 62 568451 0 0 0
-1448 -956 166 23 541975 0 0 0
-159 -475 94 4 511203 0 0 0
461 -1871 122 119 658481 0 0 0
-1698 1786 32 119 545901 0 0 0
1800 -1933 35 96 715006 0 0 0
-812 920 164 148 281357 0 0 0
-1653 -1681 101 113 536276 0 0 0
-1713 1465 174 83 476481 0 0 0
341 -1056 176 36 944976 0 0 0
-1927 -1523 23 69 284734 0 0 0
-1264 -827 7 141 436953 0 0 0
-276 1557 27 114 722288 0 0 0
328 -598 48 60 534327 0 0 0
377 -1314 157 23 381687 0 0 0
1749 -967 175 41 107473 0 0 0
554 1364 104 128 879075 0 0 0
880 -108 87 69 563455 0 0 0
-1005 -1571 112 4 360447 0 0 0
-951 -227 120 155 903329 0 0 0
1255 -27 143 112 749086 0 0 0
-931 -518 88 110 888686 0 0 0
-315 -1399 90 170 725148 0 0 0
672 -1224 179 116 453297 0 0 0
520 -495 161 170 475111 0 0 0
996 813 66 41 678635 0 0 0
-796 1780 40 10 582245 0 0 0
-1576 -1569 124 79 448394 0 0 0
-1039 41 167 157 286272 0 0 0
-1429 294 138 172 116234 0 0 0
-497 1723 76 27 573786 0 0 0
220 153 71 20 378661 0 0 0
1257 -674 57 127 635046 0 0 0
-1066 -83 104 25 376702 0 0 0
243 243 19 119 501630 0 0 0
-647 -438 43 107 313373 0 0 0
365 1679 79 20 349652 0 0 0
-829 -1013 71 155 154438 0 0 0
1215 1016 60 107 427150 0 0 0
395 387 47 168 974304 0 0 0
1014 22 107 34 778468 0 0 0
-1527 1261 27 128 268275 0 0 0
930 1611 159 138 227924 0 0 0
582 -270 178 82 481754 0 0 0
-496 -8 6 38 652947 0 0 0
-1703 462 61 41 252564 0 0 0
-1870 340 66 170 285868 0 0 0
-1558 873 140 56 848109 0 0 0
-458 -1102 150 76 579392 0 0 0
-1030 158 14 148 329168 0 0 0
51 1859 119 76 606217 0 0 0
1752 1607 55 90 449107 0 0 0
-562 678 119 159 180438 0 0 0
-1379 -970 101 22 982170 0 0 0
939 896 16 54 511095 0 0 0
10 -1290 80 22 796297 0 0 0
-207 -191 4 45 718889 0 0 0
-160 1959 86 42 313253 0 0 0
-114 -356 89 160 655616 0 0 0
573 400 93 24 620206 0 0 0
-1241 531 141 166 470571 0 0 0
467 1438 178 11 488048 0 0 0
932 -411 151 169 685094 0 0 0
151 936 144 28 859126 0 0 0
-1108 17 43 143 214625 0 0 0
-1964 -165 108 79 470260 0 0 0
1592 873 162 138 411757 0 0 0
494 -1391 130 36 781556 0 0 0
1064 -203 67 109 504134 0 0 0
1310 -1791 112 39 465043 0 0 0
1808 914 93 72 994879 0 0 0
-1435 -868 62 162 853149 0 0 0
847 -1418 126 49 589659 0 0 0
-1191 -930 88 14 540847 0 0 0
247 595 12 73 665806 0 0 0
-1397 -747 131 37 208354 0 0 0
860 1711 141 25 285063 0 0 0
-1053 1063 89 155 420124 0 0 0
-323 -1763 38 25 799063 0 0 0
-540 -315 175 2 874885 0 0 0
-1638 1911 5 129 518536 0 0 0
-801 -1045 62 72 171360 0 0 0
622 -140 93 24 189524 0 0 0
-1393 1667 149 87 743130 0 0 0
1278 310 82 10 556389 0 0 0
1356 -3 32 71 357025 0 0 0
217 -978 105 131 288481 0 0 0
1143 -1961 68 50 788014 0 0 0
899 -1848 166 21 482577 0 0 0
-736 519 96 84 634547 0 0 0
1899 -857 58 82 989309 0 0 0
-934 1116 144 38 980481 0 0 0
-1824 504 112 15 580033 0 0 0
1416 -1882 59 153 456884 0 0 0
-241 -1566 176 113 921154 0 0 0
-1324 -1758 49 86 866733 0 0 0
1696 1271 77 124 567927 0 0 0
75 -1936 171 24 170469 0 0 0
-1089 408 59 26 869714 0 0 0
52 -1021 179 72 762078 0 0 0
-1494 1311 102 59 593860 0 0 0
-263 1240 135 156 376230 0 0 0
-118 1604 85 133 836720 0 0 0
-667 1918 25 55 210374 0 0 0
1999 449 101 142 940585 0 0 0
1472 1890 104 23 251680 0 0 0
60 1245 184 47 316312 0 0 0
-408 258 24 108 470966 0 0 0
-177 -1137 83 70 659801 0 0 0
786 1176 130 9 754219 0 0 0
1670 1804 171 153 924017 0 0 0
-819 -198 45 144 617028 0 0 0
353 -1527 11 3 671032 0 0 0
1028 -1815 38 91 257588 0 0 0
-630 1785 34 76 610623 0 0 0
-465 -1367 85 93 888470 0 0 0
972 -1942 34 68 516869 0 0 0
-1863 -1901 33 80 631112 0 0 0
-1233 1873 56 55 220479 0 0 0
1731 -1859 75 145 173140 0 0 0
-417 1733 179 54 369489 0 0 0
158 52 87 3 553797 0 0 0
-862 -1603 114 109 147319 0 0 0
-192 -582 45 74 601292 0 0 0
-1570 1008 33 157 498399 0 0 0
-580 -325 15 128 142500 0 0 0
1704 254 147 63 307282 0 0 0
1758 -380 129 105 989714 0 0 0
1875 -777 185 120 144100 0 0 0
1994 1533 95 120 882948 0 0 0
-153 -183 110 87 716415 0 0 0
1297 1259 181 49 502863 0 0 0
265 1646 62 143 596189 0 0 0
-1431 -1634 147 114 980435 0 0 0
-385 1318 36 55 976402 0 0 0
1134 1279 158 89 362536 0 0 0
-1229 422 126 129 876314 0 0 0
-1592 -1935 8 126 465943 0 0 0
-1517 1147 127 47 499281 0 0 0
627 -1965 31 50 916032 0 0 0
1379 -1578 172 130 629185 0 0 0
1800 -1255 96 171 684465 0 0 0
-465 595 39 70 471172 0 0 0
257 -1642 64 158 772866 0 0 0
1051 1483 156 91 872464 0 0 0
-1981 -1320 106 54 984951 0 0 0
-994 -181 24 89 208426 0 0 0
-223 1025 65 82 587085 0 0 0
1573 1245 62 69 644309 0 0 0
414 1559 105 25 314854 0 0 0
-534 -1695 15 119 312323 0 0 0
611 1267 25 144 271091 0 0 0
-1748 -1424 86 32 824112 0 0 0
347 586 173 37 348919 0 0 0
1135 408 150 164 809935 0 0 0
-446 -1062 104 152 125087 0 0 0
477 -671 125 64 293288 0 0 0
-381 -268 147 90 364239 0 0 0
-1756 919 152 68 577535 0 0 0
-1767 789 16 16 275121 0 0 0
-1200 -126 90 103 203164 0 0 0
1313 1051 180 148 370362 0 0 0
-895 494 164 10 877461 0 0 0
469 1808 38 55 667227 0 0 0
-1314 1026 113 56 663788 0 0 0
612 -360 72 60 223675 0 0 0
1342 354 123 92 940534 0 0 0
879 1229 160 16 214400 0 0 0
1143 -639 123 160 112764 0 0 0
418 604 155 112 646761 0 0 0
-1951 -1349 143 9 459332 0 0 0
100 -588 66 159 389409 0 0 0
57 1971 25 63 965834 0 0 0
-812 -960 38 67 405613 0 0 0
356 -26 174 112 813864 0 0 0
1463 -1423 14 161 555927 0 0 0
-1130 1914 49 47 514716 0 0 0
49 1048 104 42 889541 0 0 0
662 969 148 23 470284 0 0 0
-1389 243 165 141 293196 0 0 0
-490 1253 88 54 382905 0 0 0
174 -1971 64 54 319680 0 0 0
-1553 1934 62 136 634576 0 0 0
336 -63 113 25 719483 0 0 0
-1153 703 85 72 396073 0 0 0
1537 1600 158 64 845654 0 0 0
-266 1846 19 101 603374 0 0 0
883 -650 36 40 396753 0 0 0
-1448 -1868 93 168 683168 0 0 0
-714 -1760 182 24 603220 0 0 0
1846 1569 22 30 191538 0 0 0
1003 1692 10 125 321503 0 0 0
1454 -1555 175 105 283765 0 0 0
839 678 115 36 575332 0 0 0
-325 1730 164 1 478913 0 0 0
1116 -1664 74 146 454378 0 0 0
1176 -586 140 20 842009 0 0 0
-18 1130 95 138 333208 0 0 0
-1304 1208 6 149 191504 0 0 0
1303 -887 3 156 530314 0 0 0
1879 -1559 11 168 908109 0 0 0
-280 178 91 70 364341 0 0 0
-1908 1142 104 130 403601 0 0 0
1659 -977 3 104 681291 0 0 0
-1373 1596 43 7 862375 0 0 0
-623 271 85 17 832202 0 0 0
833 1796 7 153 758238 0 0 0
-1035 -936 114 15 884353 0 0 0
47 -1732 16 111 425920 0 0 0
335 -1273 154 60 846670 0 0 0
-844 1558 35 76 841007 0 0 0
-1990 -796 110 112 981794 0 0 0
1691 -163 181 109 880687 0 0 0
-1430 -244 166 135 951130 0 0 0
-658 680 153 74 110614 0 0 0
552 -321 112 47 207967 0 0 0
-176 1349 34 21 767715 0 0 0
-1928 -1122 27 4 321240 0 0 0
1574 1843 137 160 495207 0 0 0
-1840 -371 156 28 288409 0 0 0
-999 1723 85 149 638623 0 0 0
-237 -1980 2 139 799188 0 0 0
-19 1722 36 17 210565 0 0 0
1051 -1339 109 110 596702 0 0 0
-1463 -1300 6 43 658874 0 0 0
-106 996 182 86 684893 0 0 0
-76 -410 36 20 402760 0 0 0
1261 168 19 113 937584 0 0 0
-666 -829 99 3 915253 0 0 0
-190 -290 47 23 687218 0 0 0
1271 961 106 20 207387 0 0 0
-1296 269 145 129 471639 0 0 0
851 1595 4 86 770421 0 0 0
638 1186 158 24 728785 0 0 0
1862 -1714 51 155 995680 0 0 0
-839 1473 53 145 556875 0 0 0
1725 1487 175 16 830193 0 0 0
127 -1215 42 137 309280 0 0 0
1839 -1019 135 36 223037 0 0 0
382 -1760 158 22 665985 0 0 0
1471 766 78 156 309846 0 0 0
546 1426 152 134 496107 0 0 0
1839 1688 8 5 243877 0 0 0
1160 -1034 14 107 554553 0 0 0
356 -1829 154 110 176194 0 0 0
324 207 122 67 334387 0 0 0
-526 1619 115 166 679771 0 0 0
1627 -1232 132 85 206099 0 0 0
1372 -554 132 19 306852 0 0 0
-680 561 102 64 516735 0 0 0
546 1921 22 53 641724 0 0 0
651 1141 113 63 537703 0 0 0
959 251 37 44 424210 0 0 0
564 380 45 169 815310 0 0 0
378 -820 179 72 768868 0 0 0
-1477 1718 128 9 779573 0 0 0
-1667 1848 19 97 620515 0 0 0
-1814 -1863 17 129 979180 0 0 0
63 -410 114 50 396688 0 0 0
-2 1688 51 42 235678 0 0 0
-1840 96 107 102 733098 0 0 0
-1384 -417 16 109 165153 0 0 0
-701 -121 75 114 156706 0 0 0
423 1017 107 166 792214 0 0 0
-640 -1682 113 6 979010 0 0 0
-1601 31 56 88 657300 0 0 0
1807 -447 164 73 197637 0 0 0
-1963 -1457 24 75 408573 0 0 0
1611 -967 160 20 781481 0 0 0
-1397 -958 74 19 290134 0 0 0
1073 148 60 112 307197 0 0 0
-1171 1725 136 71 212842 0 0 0
-1096 -1587 49 10 546407 0 0 0
-1196 1704 27 12 246194 0 0 0
-192 -1042 33 92 975659 0 0 0
1801 -1758 97 7 714028 0 0 0
-1525 -202 135 8 188204 0 0 0
722 881 4 122 877023 0 0 0
987 1067 145 118 283336 0 0 0
1918 712 19 144 893045 0 0 0
-573 -1673 98 136 894014 0 0 0
429 1757 98 121 103463 0 0 0
-311 -665 70 65 597757 0 0 0
903 544 14 56 119895 0 0 0
979 -1808 26 56 991500 0 0 0
-1190 1938 159 93 114088 0 0 0
-416 1432 75 3 145133 0 0 0
176 836 10 147 859144 0 0 0
-444 -1523 165 134 590518 0 0 0
-1775 -117 32 146 962613 0 0 0
-1623 -1653 140 27 536924 0 0 0
480 -1998 112 151 159944 0 0 0
1946 737 120 48 368552 0 0 0
-1510 -1699 167 85 243191 0 0 0
1578 1435 76 171 677952 0 0 0
-1129 -420 45 84 683733 0 0 0
-81 788 35 160 393436 0 0 0
1380 492 94 81 216912 0 0 0
992 -880 74 103 382079 0 0 0
-835 1021 115 132 869004 0 0 0
1177 -696 164 57 976125 0 0 0
-210 -1384 3 111 601385 0 0 0
-1250 1555 96 158 626806 0 0 0
638 -992 114 169 755492 0 0 0
-1527 -1766 89 82 195133 0 0 0
1164 -97 156 17 753112 0 0 0
-749 1546 14 90 248832 0 0 0
-953 -1321 42 100 649493 0 0 0
-1457 763 41 3 364498 0 0 0
1787 -1893 122 115 883844 0 0 0
135 1928 171 54 253061 0 0 0
1187 912 87 76 781685 0 0 0
-1466 -1486 181 156 205739 0 0 0
-1698 959 88 67 928366 0 0 0
700 1469 51 49 682581 0 0 0
-306 1803 181 25 216939 0 0 0
54 -1615 145 23 147682 0 0 0
-1877 -1124 142 35 290318 0 0 0
-1895 1897 81 132 229612 0 0 0
-221 766 89 11 353914 0 0 0
1779 -1719 75 94 903859 0 0 0
-1114 956 120 45 855374 0 0 0
-1768 77 132 134 226564 0 0 0
616 1406 6 67 306762 0 0 0
1470 1395 11 96 117549 0 0 0
358 350 21 135 827466 0 0 0
-1763 -1623 102 101 286139 0 0 0
1760 153 12 100 427800 0 0 0
-373 -1589 114 64 718378 0 0 0
-263 -1488 153 123 527004 0 0 0
929 1257 94 55 907481 0 0 0
-493 62 23 42 916774 0 0 0
1883 -158 177 99 288713 0 0 0
1786 -60 171 10 130226 0 0 0
1175 1151 127 34 163217 0 0 0
-1509 -541 78 71 994460 0 0 0
1006 -1644 22 139 475305 0 0 0
1602 -1386 110 60 414088 0 0 0
85 -467 111 141 824448 0 0 0
-552 760 36 36 539812 0 0 0
448 -602 103 42 262392 0 0 0
691 -1834 107 125 143144 0 0 0
-449 -1729 50 165 667792 0 0 0
-1845 -675 128 119 924523 0 0 0
-519 978 2 11 247770 0 0 0
-1350 -42 138 97 999453 0 0 0
-1754 402 116 96 535335 0 0 0
1881 1238 27 11 482574 0 0 0
-295 -980 10 16 520560 0 0 0
-833 -1962 72 81 581074 0 0 0
784 -531 81 137 680581 0 0 0
1553 -748 79 112 294165 0 0 0
-597 720 157 66 445928 0 0 0
-1774 -313 103 87 334919 0 0 0
1397 -140 98 109 170400 0 0 0
1435 -536 127 109 453521 0 0 0
1510 1770 52 163 571408 0 0 0
1817 -550 77 164 227340 0 0 0
1501 1807 70 122 676855 0 0 0
-1866 1316 10 168 873181 0 0 0
-1114 -1310 185 105 241848 0 0 0
890 105 157 63 183497 0 0 0
322 1527 168 159 254044 0 0 0
1818 1499 127 80 892849 0 0 0
-1232 229 82 57 299679 0 0 0
-1569 -429 12 2 850700 0 0 0
1063 1145 145 19 735939 0 0 0
1320 534 135 31 302403 0 0 0
1147 509 46 18 372207 0 0 0
-1596 1519 15 17 699275 0 0 0
-867 503 74 112 803943 0 0 0
-1321 909 158 99 988335 0 0 0
1476 -1376 165 154 845254 0 0 0
-1899 72 174 77 157349 0 0 0
-493 -1379 143 121 224916 0 0 0
-124 1116 147 124 933453 0 0 0
315 1325 167 43 985757 0 0 0
1663 -1302 103 51 856044 0 0 0
-1405 572 137 155 406848 0 0 0
-255 -296 104 89 986723 0 0 0
903 -1705 180 5 344248 0 0 0
1116 -1844 169 20 866188 0 0 0
1895 -788 16 43 104670 0 0 0
-305 1093 128 71 794714 0 0 0
-1582 -412 56 10 575439 0 0 0
-986 -1521 143 152 978985 0 0 0
-1202 476 6 22 246004 0 0 0
-1583 -247 131 149 801989 0 0 0
597 -502 103 4 897647 0 0 0
-411 -314 175 133 278174 0 0 0
31 1683 65 7 286137 0 0 0
-1565 -913 142 131 422308 0 0 0
1117 1514 107 32 847788 0 0 0
-535 -316 54 145 985185 0 0 0
-807 1468 120 75 539167 0 0 0
959 1363 97 81 569084 0 0 0
242 -1881 48 172 911398 0 0 0
399 297 182 57 915976 0 0 0
1478 -1229 115 53 276143 0 0 0
-1362 -769 2 139 589533 0 0 0
495 964 101 49 336191 0 0 0
-1059 1639 95 63 130870 0 0 0
1362 -387 104 117 515571 0 0 0
1624 642 101 139 115940 0 0 0
-1006 -165 39 152 907938 0 0 0
1250 578 115 43 618107 0 0 0
1575 1084 126 121 199276 0 0 0
-899 1290 128 79 982928 0 0 0
-740 -1840 144 19 505369 0 0 0
1106 386 130 75 652478 0 0 0
-840 1849 89 6 477957 0 0 0
1363 -1211 62 36 258056 0 0 0
-1884 1073 65 95 225662 0 0 0
-467 392 153 94 577721 0 0 0
1936 281 121 129 504215 0 0 0
-1025 -903 98 94 871207 0 0 0
589 1386 114 95 867575 0 0 0
-691 -842 105 147 855646 0 0 0
1241 -162 2 155 924814 0 0 0
-121 -995 100 159 667625 0 0 0
-1646 1223 157 97 342909 0 0 0
-1428 -1086 110 100 626788 0 0 0
1360 -1840 127 42 288243 0 0 0
-1734 -1265 155 164 619258 0 0 0
-1983 1925 128 35 977666 0 0 0
-867 -540 170 149 779063 0 0 0
763 1017 168 63 422851 0 0 0
-1160 -125 154 96 306871 0 0 0
217 -1377 114 127 287893 0 0 0
-1570 1965 131 144 979036 0 0 0
-1793 -1385 136 133 193477 0 0 0
-1937 1825 124 21 640437 0 0 0
381 325 144 94 832530 0 0 0
-1683 647 172 145 676092 0 0 0
990 -1095 130 99 452230 0 0 0
1950 895 115 170 431528 0 0 0
425 -1243 161 85 452473 0 0 0
-1396 909 46 101 366805 0 0 0
-579 1902 68 130 713454 0 0 0
-1305 535 5 147 394737 0 0 0
131 -1743 87 152 129208 0 0 0
-411 1581 116 129 259338 0 0 0
-847 -700 35 11 878022 0 0 0
-290 1179 141 77 174248 0 0 0
824 -1399 174 57 533967 0 0 0
1287 1725 34 122 930720 0 0 0
1220 419 140 155 489214 0 0 0
-473 970 37 34 105222 0 0 0
996 127 41 106 804213 0 0 0
-1460 872 36 81 253004 0 0 0
1850 -1552 155 38 338489 0 0 0
-538 -1390 24 16 160705 0 0 0
413 282 133 5 513035 0 0 0
-1010 401 13 53 623893 0 0 0
1783 -1541 178 3 651001 0 0 0
903 -724 130 40 374722 0 0 0
1348 1924 75 132 293439 0 0 0
-1955 -1418 76 146 769545 0 0 0
-1715 -1530 49 92 142201 0 0 0
-512 1833 34 120 874417 0 0 0
-1109 1668 178 119 505404 0 0 0
-1184 1639 39 161 740238 0 0 0
-1941 1334 98 138 895934 0 0 0
1031 -1838 127 73 463084 0 0 0
1291 -3 171 25 550744 0 0 0
1510 1996 119 96 132514 0 0 0
-366 -164 11 120 477881 0 0 0
91 -1021 1 161 768262 0 0 0
123 -1361 91 157 296161 0 0 0
705 -1779 97 36 328488 0 0 0
-1340 1440 4 113 284845 0 0 0
-518 1194 131 149 174490 0 0 0
-598 -929 173 6 435882 0 0 0
-811 -1522 30 99 899220 0 0 0
-469 -1133 22 97 544645 0 0 0
1712 75 17 20 402914 0 0 0
-1213 1960 43 45 593781 0 0 0
56 116 160 16 834241 0 0 0
951 1584 169 122 231872 0 0 0
214 -1947 40 87 712644 0 0 0
1119 1357 76 87 669271 0 0 0
-967 -1336 59 53 505542 0 0 0
437 -1754 136 23 448544 0 0 0
-1215 -1465 150 107 125512 0 0 0
730 -1155 123 106 977001 0 0 0
-1212 1967 146 34 459313 0 0 0
-1702 -958 158 79 931522 0 0 0
479 641 122 54 336370 0 0 0
295 1190 19 146 842945 0 0 0
80 1019 86 35 224609 0 0 0
984 452 43 155 477986 0 0 0
1005 1997 168 10 236920 0 0 0
-1228 700 102 98 536619 0 0 0
1436 1903 28 66 853204 0 0 0
84 1149 46 164 928510 0 0 0
1522 1034 182 13 318565 0 0 0
1982 1284 174 66 511212 0 0 0
-1533 1901 36 127 226897 0 0 0
-128 -1266 130 113 832235 0 0 0
969 -763 72 133 726798 0 0 0
-1814 -583 95 32 332285 0 0 0
-25 1583 10 139 644204 0 0 0
-13 1267 89 20 833817 0 0 0
850 -1478 17 119 834450 0 0 0
312 -959 167 33 527851 0 0 0
950 -777 183 147 464342 0 0 0
-28 -1234 128 120 976734 0 0 0
-1160 1082 64 169 273724 0 0 0
1203 318 23 109 344104 0 0 0
1968 -1104 176 152 784989 0 0 0
719 -1609 149 28 150372 0 0 0
129 -401 165 25 484714 0 0 0
678 -908 138 17 379218 0 0 0
-735 1951 124 101 232354 0 0 0
-942 -417 33 72 362463 0 0 0
645 12 38 163 996419 0 0 0
-552 202 125 23 579965 0 0 0
859 948 49 27 758992 0 0 0
-1396 831 21 99 748302 0 0 0
-937 -303 123 5 127949 0 0 0
829 833 56 35 209813 0 0 0
907 1939 136 21 243313 0 0 0
787 750 131 50 742795 0 0 0
-816 1837 22 53 175264 0 0 0
-571 -573 142 147 202763 0 0 0
-1323 1154 12 156 903321 0 0 0
921 309 152 126 914602 0 0 0
1828 1562 98 23 927717 0 0 0
961 -1067 101 115 129042 0 0 0
-1072 433 13 14 278882 0 0 0
1381 -622 44 21 752608 0 0 0
1685 293 49 151 373620 0 0 0
-997 -312 105 107 634522 0 0 0
132 -216 13 98 837709 0 0 0
-283 -1281 109 115 514755 0 0 0
289 -584 176 62 986443 0 0 0
1620 -163 53 164 445412 0 0 0
-763 332 39 13 523343 0 0 0
1114 1474 185 161 693522 0 0 0
-1267 1699 100 25 660648 0 0 0
991 1041 16 42 742123 0 0 0
-577 -1630 110 155 588311 0 0 0
-803 744 70 15 938387 0 0 0
-1360 1032 159 111 437252 0 0 0
-923 88 166 131 101461 0 0 0
1590 -973 74 160 540326 0 0 0
-578 -342 126 6 874356 0 0 0
-1066 904 177 18 168651 0 0 0
180 -268 99 64 189883 0 0 0
-970 1393 112 87 864878 0 0 0
-1983 -898 147 125 515758 0 0 0
46 -1309 130 138 433998 0 0 0
-621 957 33 165 293474 0 0 0
67 -728 180 16 594356 0 0 0
1382 1093 35 27 614104 0 0 0
-1027 1528 70 28 884219 0 0 0
1939 622 169 152 785589 0 0 0
-1142 1516 39 21 495523 0 0 0
-1677 -1405 154 91 172041 0 0 0
1884 -953 21 3 349729 0 0 0
-356 1704 59 151 410563 0 0 0
698 -404 109 28 766343 0 0 0
-1981 1334 96 60 682113 0 0 0
1477 1708 175 89 199738 0 0 0
1074 -1616 104 116 749966 0 0 0
-241 -533 72 97 741323 0 0 0
920 1308 106 154 212958 0 0 0
-658 1105 159 150 211250 0 0 0
690 1468 48 32 325542 0 0 0
706 -1992 8 14 523366 0 0 0
-710 -688 6 85 832519 0 0 0
1359 278 67 47 410623 0 0 0
-732 1435 10 145 150163 0 0 0
-1045 1729 134 47 987613 0 0 0
-234 -1064 138 124 548614 0 0 0
1465 -1640 184 67 234939 0 0 0
-1282 481 44 162 130942 0 0 0
-1513 -918 88 52 621930 0 0 0
-1996 -876 55 100 239510 0 0 0
-536 -1545 34 19 887507 0 0 0
1603 1036 70 73 842999 0 0 0
-787 -1816 155 159 605336 0 0 0
-493 1364 147 163 859135 0 0 0
-1871 754 126 150 753414 0 0 0
-511 1609 17 7 173360 0 0 0
-774 1975 128 139 276550 0 0 0
993 -1075 1 61 638643 0 0 0
860 1423 152 66 682181 0 0 0
1917 1699 98 23 285990 0 0 0
-381 338 120 37 711398 0 0 0
1881 50 52 23 632205 0 0 0
-1063 -109 79 145 380481 0 0 0
1210 -712 76 72 575307 0 0 0
1114 -31 121 108 304611 0 0 0
-1101 -698 55 3 119286 0 0 0
-1039 -1818 126 129 881075 0 0 0
122 1929 13 25 721834 0 0 0
1758 -1677 70 117 299792 0 0 0
934 -1344 8 72 374806 0 0 0
-1262 1453 113 6 658665 0 0 0
-1795 -494 129 72 252181 0 0 0
-1943 1606 24 62 943577 0 0 0
-1504 1351 116 52 675108 0 0 0
1902 -1025 139 165 373297 0 0 0
1459 1696 101 147 183237 0 0 0
-1643 847 160 45 318362 0 0 0
-1282 475 67 87 642956 0 0 0
-1173 -1537 57 150 142410 0 0 0
1598 -357 70 27 999828 0 0 0
1567 -1771 111 56 676039 0 0 0
1057 986 130 101 892232 0 0 0
918 -781 75 72 828123 0 0 0
-156 1586 120 81 675023 0 0 0
806 -1301 128 139 625905 0 0 0
-312 1512 185 157 453104 0 0 0
476 -1779 21 45 851667 0 0 0
-372 1660 126 104 368506 0 0 0
338 697 70 14 296812 0 0 0
-1231 -1328 119 82 621738 0 0 0
-1724 75 30 95 117780 0 0 0
315 464 50 2 226226 0 0 0
954 -1549 26 41 549837 0 0 0
-1473 1932 21 23 918069 0 0 0
182 1805 24 108 664055 0 0 0
-1180 -1432 154 121 945755 0 0 0
342 1084 157 13 711970 0 0 0
-1762 -884 85 16 212104 0 0 0
1984 -1168 50 103 506813 0 0 0
-365 -1826 183 101 942000 0 0 0
1279 1178 39 77 505915 0 0 0
-1335 1903 164 105 645569 0 0 0
-863 1583 145 35 172937 0 0 0
-1423 -916 77 81 403419 0 0 0
965 313 139 8 374601 0 0 0
1748 -1471 182 99 997604 0 0 0
-347 511 54 141 764467 0 0 0
1392 46 87 23 867932 0 0 0
-1179 1597 89 92 953688 0 0 0
-125 1929 159 160 187828 0 0 0
1403 634 71 157 937776 0 0 0
-1266 -1453 130 145 578217 0 0 0
-1154 -1834 99 80 570494 0 0 0
-1694 -1783 171 164 124865 0 0 0
721 56 132 149 819135 0 0 0
1013 412 108 88 789254 0 0 0
-511 -839 15 115 162446 0 0 0
-712 -627 141 85 938217 0 0 0
1218 -691 119 27 450037 0 0 0
-1766 770 88 68 124298 0 0 0
1821 604 101 145 828848 0 0 0
351 1340 136 113 393143 0 0 0
-663 1660 155 108 642648 0 0 0
1793 30 4 132 264778 0 0 0
-737 -1776 139 103 480225 0 0 0
1063 1826 37 156 190793 0 0 0
