2650
-632 1149 363 389 585923 0 0 0
2805 117 161 46 279359 0 0 0
-5180 814 226 431 627729 0 0 0
-925 3848 384 90 376392 0 0 0
-4032 2312 333 302 524325 0 0 0
-763 2598 158 138 811336 0 0 0
-2971 3744 38 200 156956 0 0 0
-1596 3016 32 187 529482 0 0 0
1778 -3691 10 347 233409 0 0 0
1372 -771 228 373 406433 0 0 0
4021 397 194 152 522527 0 0 0
-4524 -3127 54 100 261860 0 0 0
1670 1800 444 119 195343 0 0 0
-2206 -301 122 193 175066 0 0 0
-1118 -1632 245 120 377254 0 0 0
-976 -4100 294 60 463221 0 0 0
-113 -24 20 26 200553 0 0 0
-2309 -1362 89 159 124472 0 0 0
-2987 4887 289 304 500779 0 0 0
3087 4283 78 226 306656 0 0 0
885 -2823 331 105 728314 0 0 0
2374 4564 329 244 465739 0 0 0
4088 -3678 390 400 654197 0 0 0
4326 949 31 81 196418 0 0 0
-3846 -2539 385 38 507217 0 0 0
2111 5193 30 31 825409 0 0 0
-5074 -4451 354 299 910869 0 0 0
-4261 1563 290 92 235215 0 0 0
-1551 -5238 36 84 866769 0 0 0
-5269 -3910 153 98 333381 0 0 0
826 -3185 78 389 121078 0 0 0
-459 4492 130 401 179098 0 0 0
248 4050 292 140 449459 0 0 0
-226 -758 232 270 502485 0 0 0
-339 -5127 433 174 177092 0 0 0
3584 3506 45 79 915010 0 0 0
-3309 -1912 203 31 725271 0 0 0
-4762 4521 29 398 797279 0 0 0
-5076 -1082 76 41 857678 0 0 0
-2513 5151 361 311 782829 0 0 0
2642 4851 317 325 474316 0 0 0
636 -2714 95 108 692099 0 0 0
2678 4113 43 410 967490 0 0 0
-2926 3660 447 213 886676 0 0 0
2458 2764 79 362 227067 0 0 0
-4836 4639 324 69 810678 0 0 0
-939 5243 72 96 208323 0 0 0
-3092 -80 94 43 823911 0 0 0
-3592 -4535 88 291 617194 0 0 0
-996 -145 73 252 516390 0 0 0
800 -3031 80 158 308661 0 0 0
880 -4444 367 72 638796 0 0 0
3281 2784 171 322 695830 0 0 0
-4321 -3936 258 235 551539 0 0 0
359 -4551 8 412 587101 0 0 0
2558 4438 54 304 716514 0 0 0
-1360 1044 167 403 181652 0 0 0
3254 -2973 132 259 451640 0 0 0
682 -3483 133 43 184069 0 0 0
3659 3260 279 88 156272 0 0 0
-1418 -4478 200 111 662139 0 0 0
-2946 -4251 175 304 499738 0 0 0
5145 -2951 437 269 767961 0 0 0
-2820 -4609 67 206 101496 0 0 0
102 -894 331 150 129651 0 0 0
4430 -2327 373 276 239476 0 0 0
1477 -4490 397 111 518043 0 0 0
1895 4864 444 259 830753 0 0 0
4932 1106 260 420 676974 0 0 0
661 2395 267 35 698340 0 0 0
4038 3194 146 83 275969 0 0 0
1343 -4025 208 322 415017 0 0 0
-4365 2900 279 86 270250 0 0 0
-1387 -3307 23 300 630922 0 0 0
2418 1254 292 352 972921 0 0 0
5050 3738 187 374 244424 0 0 0
-4499 731 328 172 727395 0 0 0
-3383 2941 124 315 355840 0 0 0
2136 -4024 276 414 930411 0 0 0
-228 772 380 84 171104 0 0 0
1415 3194 252 78 832337 0 0 0
3939 -3914 82 93 932753 0 0 0
-5054 -3528 169 339 795168 0 0 0
-4371 4630 380 276 849815 0 0 0
-4849 -206 167 336 372768 0 0 0
-4491 -4932 381 132 739617 0 0 0
3276 431 257 102 852856 0 0 0
2828 4370 158 86 598399 0 0 0
-1687 284 257 111 775629 0 0 0
3027 -4014 150 71 643058 0 0 0
3069 -4492 171 428 104119 0 0 0
-2692 4872 381 68 275491 0 0 0
1254 -2604 447 103 826298 0 0 0
1806 3952 13 390 529190 0 0 0
-4477 161 56 153 920590 0 0 0
1820 3005 183 271 723422 0 0 0
-2342 2700 445 159 822993 0 0 0
3157 1057 260 10 303007 0 0 0
4653 3460 239 152 565837 0 0 0
-1070 -4256 448 15 673328 0 0 0
-1183 4481 248 96 143808 0 0 0
322 -63 153 98 928605 0 0 0
1934 -1527 127 368 651406 0 0 0
-3435 5276 313 146 266035 0 0 0
3793 -482 361 151 537644 0 0 0
-1450 -3299 120 175 185382 0 0 0
-3058 5273 93 221 954898 0 0 0
4658 -1926 299 62 429577 0 0 0
1603 69 157 122 376115 0 0 0
808 1337 35 353 315730 0 0 0
-1064 5127 402 309 362311 0 0 0
-3211 4636 222 91 365753 0 0 0
3490 -4473 344 88 785836 0 0 0
-5045 4985 179 368 537422 0 0 0
2063 1349 7 426 721054 0 0 0
3223 -3850 116 199 805544 0 0 0
-3766 1122 19 252 474110 0 0 0
84 4356 283 70 301567 0 0 0
4492 -3391 379 237 664532 0 0 0
-2176 -3153 330 31 230785 0 0 0
-2298 -1298 299 26 649104 0 0 0
2256 -1903 243 118 264865 0 0 0
3349 4577 357 180 750741 0 0 0
3740 3699 27 209 675685 0 0 0
2669 3887 248 231 936986 0 0 0
2862 2502 382 132 643896 0 0 0
-2792 3884 36 155 517246 0 0 0
-615 -64 239 269 827741 0 0 0
-1792 3499 15 218 393940 0 0 0
-2923 -4349 425 346 266831 0 0 0
4805 -2703 222 211 433618 0 0 0
-4399 -3375 286 334 166019 0 0 0
2414 1347 104 172 512629 0 0 0
3584 -3217 400 236 539772 0 0 0
-4807 630 406 428 130478 0 0 0
3788 -3129 192 377 305795 0 0 0
-1774 -4406 199 16 998079 0 0 0
-2137 1642 17 428 562955 0 0 0
-2177 -2710 123 250 544349 0 0 0
2135 3671 374 242 836087 0 0 0
2362 -5028 315 71 298453 0 0 0
3989 -4086 66 24 493049 0 0 0
-3015 -2739 431 178 286524 0 0 0
-1455 3307 381 107 395892 0 0 0
1121 -3922 2 218 976515 0 0 0
4215 108 291 41 863305 0 0 0
-3691 -3831 95 413 805195 0 0 0
-4409 -1435 66 73 360366 0 0 0
-827 -1212 382 106 622282 0 0 0
-3265 3200 51 420 861567 0 0 0
-611 3715 129 136 371656 0 0 0
-5192 1249 163 241 508878 0 0 0
-4086 4253 1 224 951251 0 0 0
4181 5167 361 153 715914 0 0 0
4372 345 252 354 591879 0 0 0
2855 3493 234 129 728958 0 0 0
-1691 1208 114 188 223012 0 0 0
-5180 -2811 405 112 467149 0 0 0
3858 2258 413 19 932620 0 0 0
-5218 -4260 113 349 420411 0 0 0
-1975 -2566 184 2 532978 0 0 0
1182 4645 333 134 173895 0 0 0
-2460 1276 61 355 175621 0 0 0
5121 -1803 194 394 198365 0 0 0
-3177 5232 61 60 949863 0 0 0
-3622 2510 324 294 382373 0 0 0
2912 3427 444 82 745440 0 0 0
-2507 -4938 56 18 537944 0 0 0
3554 3708 162 227 314461 0 0 0
1503 5271 330 359 679837 0 0 0
-2969 -1905 229 65 761221 0 0 0
-2540 4456 88 173 671802 0 0 0
-3631 1501 367 190 948273 0 0 0
5006 -4504 391 354 724855 0 0 0
-4337 -5002 444 205 437066 0 0 0
3963 3900 256 397 414647 0 0 0
-4101 -437 441 181 317188 0 0 0
5253 -4045 399 105 708118 0 0 0
-1526 1021 27 416 490536 0 0 0
4609 -1077 116 365 343020 0 0 0
3642 5192 184 237 373512 0 0 0
2198 -414 124 278 552526 0 0 0
3005 4069 138 198 474288 0 0 0
1 4911 190 370 255686 0 0 0
566 -1077 199 154 940746 0 0 0
-4389 -1840 332 235 745267 0 0 0
3042 1151 190 357 646751 0 0 0
-3121 -2134 23 366 852460 0 0 0
3148 -4085 376 172 768090 0 0 0
-4140 -3717 230 269 410902 0 0 0
-4801 -2060 374 251 840516 0 0 0
781 4705 203 65 271628 0 0 0
3607 1661 172 313 298017 0 0 0
-2160 -2058 90 361 792946 0 0 0
3793 198 26 48 982673 0 0 0
-476 -5274 108 399 767755 0 0 0
4575 -4470 119 227 207836 0 0 0
-1744 -3354 266 29 122821 0 0 0
-4516 602 44 200 748904 0 0 0
-3690 -4918 322 105 250761 0 0 0
-1592 1590 191 354 807002 0 0 0
2131 -1475 14 261 947490 0 0 0
3829 -1924 303 302 388827 0 0 0
-795 4418 70 7 793120 0 0 0
-2825 1486 324 394 903874 0 0 0
-4761 -819 369 13 770249 0 0 0
-4023 4458 94 7 957753 0 0 0
-538 -4301 294 240 177954 0 0 0
5184 -464 20 268 532028 0 0 0
-3773 -533 151 181 735550 0 0 0
-1403 5294 120 27 243725 0 0 0
5173 4992 144 295 130856 0 0 0
-2898 2186 8 284 751516 0 0 0
-4190 -4551 240 9 326865 0 0 0
-3065 -1583 311 361 777463 0 0 0
4052 -4352 69 243 669658 0 0 0
-2351 -3293 442 62 443508 0 0 0
1257 535 32 68 459583 0 0 0
70 3526 415 36 298804 0 0 0
2548 2626 127 169 554379 0 0 0
-4142 293 70 251 178849 0 0 0
-787 4977 370 428 430371 0 0 0
-145 -4140 416 195 443881 0 0 0
4385 719 116 213 629800 0 0 0
-3356 -1356 81 156 654608 0 0 0
3497 3901 184 409 503529 0 0 0
3307 2445 12 187 735141 0 0 0
-366 -2260 79 379 398869 0 0 0
4290 -1997 234 397 315845 0 0 0
1994 -3579 276 426 445367 0 0 0
2759 -2793 1 339 195667 0 0 0
5269 -5059 250 301 546167 0 0 0
2773 -3556 280 165 943278 0 0 0
4259 -2379 411 363 156730 0 0 0
-2317 -4860 187 64 246621 0 0 0
3003 4751 254 395 832484 0 0 0
-1235 -3539 276 404 185678 0 0 0
-2163 -4243 257 42 126251 0 0 0
-5091 -3916 95 70 823389 0 0 0
1468 2763 185 77 914198 0 0 0
3590 -5061 266 68 340080 0 0 0
-989 352 368 62 454372 0 0 0
-1390 3451 62 215 316732 0 0 0
286 -2194 125 256 710023 0 0 0
-4956 4191 239 235 357798 0 0 0
904 5084 264 272 735248 0 0 0
-1420 -2682 438 96 115479 0 0 0
2118 -3510 259 182 346043 0 0 0
3283 -3802 390 372 596787 0 0 0
-299 2510 401 432 219768 0 0 0
-3226 -1174 420 144 400803 0 0 0
2893 459 39 342 354835 0 0 0
-3741 -1216 65 300 544096 0 0 0
-4485 -2057 168 142 833176 0 0 0
-1325 3409 367 266 648710 0 0 0
-4320 -5140 93 253 831742 0 0 0
-2656 3950 259 20 530026 0 0 0
-3046 1913 314 44 676366 0 0 0
2430 -2592 385 224 939034 0 0 0
4359 4221 424 311 910501 0 0 0
5160 -1161 320 36 394066 0 0 0
3624 -339 150 149 146945 0 0 0
-4460 -1422 242 426 339761 0 0 0
816 962 164 169 671750 0 0 0
-4943 -1834 434 230 427849 0 0 0
-726 284 37 330 628281 0 0 0
-1551 2252 216 157 144792 0 0 0
-236 4377 151 404 434964 0 0 0
2307 4171 68 179 773921 0 0 0
3142 -3427 183 113 365782 0 0 0
-1211 1024 121 304 483873 0 0 0
543 -468 417 354 456037 0 0 0
-4055 -165 86 221 298175 0 0 0
981 -4696 141 178 774835 0 0 0
-891 2927 353 327 780976 0 0 0
-2605 -1592 432 283 102063 0 0 0
11 76 347 347 117886 0 0 0
-679 100 227 239 173235 0 0 0
-3325 515 103 412 573928 0 0 0
3998 1329 108 405 561899 0 0 0
-2758 4713 124 75 988855 0 0 0
-5233 3288 132 202 894380 0 0 0
875 -2928 441 227 283672 0 0 0
-4161 3910 95 195 489060 0 0 0
-4416 4174 296 295 723507 0 0 0
-5063 -459 138 405 904929 0 0 0
2553 4652 142 436 992193 0 0 0
4629 3753 61 192 992363 0 0 0
-348 1491 185 14 535030 0 0 0
5292 -213 119 145 698135 0 0 0
4798 -610 49 80 523783 0 0 0
-3643 3538 201 233 317476 0 0 0
946 4781 281 380 501028 0 0 0
5207 1165 275 41 971351 0 0 0
2322 -1264 271 298 874776 0 0 0
1152 3983 257 332 696276 0 0 0
4377 -1219 154 271 511058 0 0 0
-3698 -1681 1 109 579354 0 0 0
-3081 1846 107 62 344155 0 0 0
-267 3467 69 121 581611 0 0 0
-4900 4641 182 231 932899 0 0 0
192 2938 208 333 879018 0 0 0
2462 -3367 129 410 921438 0 0 0
1245 -1681 327 338 310920 0 0 0
2091 3277 200 285 203184 0 0 0
3067 -1317 173 402 446036 0 0 0
1856 -18 158 79 851827 0 0 0
-3695 -189 103 229 939204 0 0 0
-2491 -1933 352 125 203937 0 0 0
261 3265 84 52 932566 0 0 0
-724 -583 79 8 978270 0 0 0
-610 3310 402 186 408447 0 0 0
-1501 -2180 196 69 487820 0 0 0
-1073 -655 318 248 542714 0 0 0
3985 -3022 345 431 372646 0 0 0
3053 -2069 266 419 937354 0 0 0
1202 3792 407 43 485824 0 0 0
-4968 -2169 146 117 369553 0 0 0
-4814 -654 224 404 438255 0 0 0
4666 -4127 248 160 782849 0 0 0
-3462 4416 242 14 253562 0 0 0
-557 -363 131 121 486451 0 0 0
187 1129 445 277 371880 0 0 0
544 -2482 103 173 542750 0 0 0
4196 2854 181 238 320318 0 0 0
-908 4250 57 5 487591 0 0 0
-2283 931 354 390 486069 0 0 0
-4442 -1891 369 76 323663 0 0 0
-3391 3724 248 65 869159 0 0 0
-2292 5189 442 428 313016 0 0 0
1188 -1723 378 422 689489 0 0 0
-2892 2046 411 183 756449 0 0 0
1635 -4580 390 259 205868 0 0 0
3427 1012 110 210 246569 0 0 0
1118 -846 323 333 330729 0 0 0
-651 36 338 235 487165 0 0 0
-2122 4970 238 352 983109 0 0 0
923 1835 432 364 660759 0 0 0
3726 179 411 123 474263 0 0 0
-3210 -3282 4 337 596441 0 0 0
3136 -1698 255 233 882187 0 0 0
227 866 141 403 371948 0 0 0
1898 789 43 99 444888 0 0 0
116 -4148 435 238 592586 0 0 0
4187 1942 413 263 231986 0 0 0
2503 -1872 138 424 959613 0 0 0
-1702 1755 212 139 975857 0 0 0
-3710 -4748 317 276 488730 0 0 0
136 25 194 268 148989 0 0 0
3815 -2270 115 364 217800 0 0 0
2452 -4662 251 116 552921 0 0 0
3213 2412 340 202 971580 0 0 0
-2408 2761 281 16 267340 0 0 0
2436 554 447 4 515995 0 0 0
-116 4285 190 355 188185 0 0 0
-3836 -2282 11 268 477406 0 0 0
532 -2680 422 42 571631 0 0 0
-661 -3270 96 230 187169 0 0 0
2780 -1120 154 185 100708 0 0 0
-3177 -1040 141 287 402679 0 0 0
3473 702 111 307 706075 0 0 0
-1785 -760 385 232 798565 0 0 0
-508 4370 366 195 936122 0 0 0
5159 -3983 334 270 718367 0 0 0
4125 -515 244 54 998410 0 0 0
-3826 -1456 157 35 176256 0 0 0
-4137 -4580 366 183 324747 0 0 0
-5247 4296 33 150 689867 0 0 0
-1797 -718 383 300 410134 0 0 0
4302 4292 315 279 474229 0 0 0
5182 -4722 291 161 313317 0 0 0
680 -696 254 77 671807 0 0 0
4173 -677 332 51 598046 0 0 0
-100 -168 152 344 270046 0 0 0
1685 -1946 54 414 997452 0 0 0
-1256 -4818 103 150 599856 0 0 0
5042 4194 298 17 709197 0 0 0
-1206 -3280 136 202 189036 0 0 0
-4870 -722 401 259 886302 0 0 0
-2782 -2263 305 149 168184 0 0 0
-4919 -4774 162 145 516118 0 0 0
2119 -3241 406 89 395325 0 0 0
-86 3500 41 390 674184 0 0 0
-4553 -1685 306 393 643302 0 0 0
-45 -2158 121 131 504335 0 0 0
63 246 264 126 384277 0 0 0
207 -1387 335 18 675204 0 0 0
2781 -4779 319 297 539184 0 0 0
-2044 2236 278 244 135807 0 0 0
4337 2950 142 94 511447 0 0 0
-3814 -3861 48 269 981598 0 0 0
3023 937 340 9 718014 0 0 0
4665 209 341 46 858442 0 0 0
-2838 4336 150 70 660509 0 0 0
-2903 2189 192 74 556481 0 0 0
-5028 -446 241 370 532504 0 0 0
-2636 -4652 136 248 164877 0 0 0
-933 2590 102 201 197305 0 0 0
5035 -3906 12 407 516368 0 0 0
4423 -121 45 300 961965 0 0 0
1134 -4394 388 57 903325 0 0 0
-1598 -4128 295 285 269694 0 0 0
-1661 -102 60 202 123106 0 0 0
-2630 -3914 65 233 850529 0 0 0
1066 -72 389 150 502036 0 0 0
-4719 4759 110 156 216243 0 0 0
4420 655 143 433 932441 0 0 0
-2474 -1069 300 134 603765 0 0 0
-4048 -322 35 194 833623 0 0 0
-483 2682 440 229 932347 0 0 0
1433 2299 171 240 309199 0 0 0
-3827 -1939 80 36 299316 0 0 0
-582 -180 108 89 416964 0 0 0
-1817 3860 213 117 915358 0 0 0
240 -3476 112 367 439863 0 0 0
-5076 3458 88 78 449220 0 0 0
1945 2283 54 45 348921 0 0 0
-4728 2005 436 55 207722 0 0 0
-3423 -1340 414 430 166379 0 0 0
-2385 3008 268 389 771813 0 0 0
-3431 -4715 22 86 960225 0 0 0
-1669 -4214 403 142 123829 0 0 0
-2763 4490 438 294 642923 0 0 0
-1822 4106 233 68 333895 0 0 0
-1651 -3211 266 141 219111 0 0 0
-943 1585 275 311 270501 0 0 0
3945 -3094 62 322 775060 0 0 0
3315 3080 346 76 628135 0 0 0
3509 -1696 395 428 523928 0 0 0
2549 4436 387 253 456837 0 0 0
2064 2643 292 158 467170 0 0 0
-388 2610 351 230 825372 0 0 0
4 -1787 98 125 497923 0 0 0
436 -2641 214 27 821941 0 0 0
-3425 -4846 232 41 695174 0 0 0
2399 -309 144 264 375361 0 0 0
-4835 39 97 37 966653 0 0 0
-3466 1243 128 46 426590 0 0 0
-4833 1376 372 25 311264 0 0 0
1931 555 41 427 667273 0 0 0
-4792 3764 36 327 937369 0 0 0
-651 -407 333 63 476667 0 0 0
574 1872 233 89 280171 0 0 0
2076 4752 105 118 591166 0 0 0
3793 4231 81 191 340809 0 0 0
-1643 -3525 447 234 549747 0 0 0
5218 765 71 195 943969 0 0 0
5215 3782 315 192 810281 0 0 0
2984 -4356 66 420 357294 0 0 0
3809 -565 143 383 897336 0 0 0
1553 159 87 408 377978 0 0 0
-3254 4622 85 219 477578 0 0 0
-3602 4319 394 304 806764 0 0 0
-1838 3984 165 401 254778 0 0 0
-3936 -1154 307 392 664704 0 0 0
3529 1046 245 312 561724 0 0 0
2173 -2159 404 352 446743 0 0 0
-3653 4031 297 431 723295 0 0 0
-4878 3258 256 436 625330 0 0 0
-448 339 103 120 830243 0 0 0
118 -2786 52 21 479064 0 0 0
-4784 4380 129 242 685729 0 0 0
-4975 -3020 304 371 981921 0 0 0
-3414 -302 246 199 695837 0 0 0
207 -2369 266 410 446497 0 0 0
-1171 2310 438 345 965634 0 0 0
-620 621 264 232 451721 0 0 0
-1233 298 2 26 194092 0 0 0
4279 4440 342 147 504008 0 0 0
4719 1915 413 90 747488 0 0 0
-2868 4761 196 276 335434 0 0 0
2530 -2523 444 351 752240 0 0 0
-414 -3547 225 315 753011 0 0 0
1687 -3198 204 272 273721 0 0 0
1196 4397 138 372 691946 0 0 0
-2734 3098 127 361 726027 0 0 0
4290 2958 27 79 194164 0 0 0
-1191 10 159 111 127208 0 0 0
3227 2870 56 393 299041 0 0 0
2397 1091 244 327 472594 0 0 0
919 -2092 306 92 448388 0 0 0
-162 -4620 63 196 845139 0 0 0
4027 3885 59 150 798016 0 0 0
1435 2487 248 183 918736 0 0 0
-3263 1308 298 361 441084 0 0 0
4833 -55 260 231 640430 0 0 0
-117 2034 440 332 118736 0 0 0
-2121 -4264 425 230 136679 0 0 0
-4171 2963 306 226 607437 0 0 0
1964 5210 312 191 892021 0 0 0
804 -3549 213 317 639768 0 0 0
-263 -533 180 158 259012 0 0 0
-724 1328 309 374 407694 0 0 0
1241 521 400 25 687485 0 0 0
-1422 1131 180 394 725532 0 0 0
5148 343 23 230 984925 0 0 0
-1426 3311 50 389 667329 0 0 0
5187 4831 33 239 108183 0 0 0
-822 -4232 305 277 566972 0 0 0
3122 1619 18 179 702170 0 0 0
-1019 1154 71 79 511574 0 0 0
-3819 -3332 222 68 810143 0 0 0
-3717 1576 341 256 349086 0 0 0
4380 -4999 13 227 669900 0 0 0
-3640 -4383 417 142 530613 0 0 0
1231 4286 295 162 745780 0 0 0
2084 1288 8 319 944812 0 0 0
1578 3208 386 119 897351 0 0 0
3905 4676 381 189 300412 0 0 0
1143 -647 255 429 606088 0 0 0
2794 -749 380 279 735852 0 0 0
-258 -1435 211 15 469133 0 0 0
-558 -4213 23 138 990335 0 0 0
-1760 4728 198 18 572335 0 0 0
507 1183 65 382 360309 0 0 0
-1634 3337 347 243 288737 0 0 0
2186 -1305 182 407 895123 0 0 0
2195 1729 84 261 263166 0 0 0
-5089 306 216 162 851452 0 0 0
-3730 -5181 229 265 139490 0 0 0
-5010 3197 307 303 701741 0 0 0
-1038 1682 136 286 651438 0 0 0
1086 3297 242 173 738643 0 0 0
-5259 2002 34 265 850279 0 0 0
-4218 -5271 41 54 374504 0 0 0
4316 -3969 448 271 680564 0 0 0
-2382 -3439 18 19 513705 0 0 0
-3164 2946 219 74 831877 0 0 0
1478 4036 121 241 247030 0 0 0
-4463 -1002 415 135 874346 0 0 0
2306 -805 423 155 382649 0 0 0
-4960 4866 117 394 206263 0 0 0
298 -4464 212 398 521953 0 0 0
-1109 -1405 367 70 499349 0 0 0
883 -463 167 402 512026 0 0 0
-3189 -1065 37 158 190604 0 0 0
2464 -3109 333 105 335218 0 0 0
-4403 2931 395 336 552124 0 0 0
-4807 2662 181 391 758066 0 0 0
-2548 -289 57 348 172943 0 0 0
1138 2674 306 193 610333 0 0 0
-1631 984 80 56 145639 0 0 0
5111 690 170 43 137417 0 0 0
2524 -4952 271 202 864959 0 0 0
3129 -809 298 215 571987 0 0 0
-5213 -4455 399 299 773804 0 0 0
4303 2739 320 51 863717 0 0 0
-3695 2483 291 188 930303 0 0 0
-1305 -2745 249 296 166455 0 0 0
1447 -2957 49 129 923949 0 0 0
-1375 -1756 431 258 136921 0 0 0
3891 702 124 42 338055 0 0 0
1214 -4947 11 2 649831 0 0 0
45 273 127 107 789284 0 0 0
2648 -2215 409 428 523918 0 0 0
-5296 -1267 53 279 889333 0 0 0
-3260 2230 197 140 357363 0 0 0
-3543 -1475 284 362 652037 0 0 0
358 -4102 184 61 963385 0 0 0
-5291 613 84 228 161474 0 0 0
-1295 -3204 76 212 553063 0 0 0
3477 -3982 202 60 342116 0 0 0
-2 -1953 383 201 325006 0 0 0
-1213 524 130 132 957660 0 0 0
-3814 2934 290 393 540705 0 0 0
142 -3142 320 217 121308 0 0 0
-72 756 281 379 847888 0 0 0
1830 -3200 48 238 189958 0 0 0
1080 3409 237 357 912887 0 0 0
3376 2756 421 204 510228 0 0 0
2987 4413 438 412 374239 0 0 0
3164 -2340 232 227 120568 0 0 0
-145 -2391 449 281 619657 0 0 0
-1432 3575 186 138 132898 0 0 0
3652 -800 153 279 285379 0 0 0
1897 -2154 137 203 176593 0 0 0
1061 -3992 68 202 151410 0 0 0
4805 2217 318 302 766559 0 0 0
-5037 3635 126 164 468698 0 0 0
-1589 -1694 302 256 100480 0 0 0
-625 -1643 108 93 784513 0 0 0
3245 899 37 372 238822 0 0 0
-3711 3081 111 68 650545 0 0 0
-2529 -966 16 238 169925 0 0 0
2056 -4405 258 244 632170 0 0 0
-142 4950 140 73 815716 0 0 0
4914 2416 285 309 317526 0 0 0
4356 460 48 361 249497 0 0 0
3920 4815 4 221 827340 0 0 0
2850 -23 171 322 707453 0 0 0
889 -792 142 180 377848 0 0 0
2355 -1619 283 327 423569 0 0 0
-377 4942 307 290 234307 0 0 0
-2961 1103 380 415 494557 0 0 0
-1376 -107 76 321 923283 0 0 0
890 -3647 387 384 322281 0 0 0
2447 3385 435 303 456549 0 0 0
415 2784 166 357 593245 0 0 0
798 214 299 111 192397 0 0 0
-369 -4109 319 419 510929 0 0 0
4930 -766 111 90 661126 0 0 0
-1496 -584 80 358 144883 0 0 0
-4229 -4676 145 129 776531 0 0 0
4107 -385 196 17 978602 0 0 0
2905 -1279 314 371 711699 0 0 0
-1825 3795 33 372 700955 0 0 0
-62 1660 127 135 512859 0 0 0
-4817 -4759 302 367 683416 0 0 0
-2579 -899 68 253 974021 0 0 0
391 3407 11 311 926272 0 0 0
1568 1789 444 83 518413 0 0 0
-218 2501 448 160 569991 0 0 0
1184 5300 272 156 727583 0 0 0
5079 534 338 93 255354 0 0 0
-68 -1872 365 357 429305 0 0 0
-3065 -2906 355 196 587460 0 0 0
3817 3222 323 419 885441 0 0 0
-4597 -4927 194 397 629250 0 0 0
-5056 -2189 313 145 594635 0 0 0
-1965 -1055 384 284 820441 0 0 0
3338 3394 409 361 211788 0 0 0
1730 -985 89 278 455252 0 0 0
1252 -1197 188 420 352139 0 0 0
-4560 -749 329 400 760370 0 0 0
992 -2660 68 181 896223 0 0 0
3504 1638 141 291 462980 0 0 0
1657 3314 140 116 967129 0 0 0
1642 440 415 195 773088 0 0 0
-38 4820 449 275 144990 0 0 0
841 -1941 286 94 222071 0 0 0
2874 -3870 431 199 962200 0 0 0
-2686 1464 220 2 747951 0 0 0
1290 1132 9 426 434731 0 0 0
4810 4294 14 284 536192 0 0 0
-1929 1684 180 256 798547 0 0 0
-4930 1904 347 85 483325 0 0 0
-4442 2765 68 114 605490 0 0 0
20 3813 182 286 898710 0 0 0
-2328 -3218 113 309 516262 0 0 0
-1078 1091 197 246 982583 0 0 0
1473 2898 255 402 437226 0 0 0
1496 -4401 11 90 133362 0 0 0
623 4419 39 278 261374 0 0 0
-2127 -975 286 42 234992 0 0 0
-2003 -3116 276 125 282852 0 0 0
-2723 -3204 145 102 106449 0 0 0
870 716 435 374 282199 0 0 0
-1244 156 414 340 307468 0 0 0
2036 3121 63 25 997334 0 0 0
-4840 -4579 264 144 161635 0 0 0
-1560 431 254 69 888617 0 0 0
-2929 -3619 177 214 204459 0 0 0
887 -3653 147 351 659239 0 0 0
4161 5018 183 181 791263 0 0 0
1337 1887 312 228 947314 0 0 0
4671 1594 120 339 845159 0 0 0
4063 -427 23 11 500176 0 0 0
5058 608 170 192 957220 0 0 0
-2136 -4765 64 38 902647 0 0 0
-4502 -3077 26 435 178740 0 0 0
389 -2635 442 18 417436 0 0 0
-1144 -3466 377 383 322645 0 0 0
-1373 -4282 72 236 882489 0 0 0
4324 -3191 34 434 291150 0 0 0
3986 803 368 287 695410 0 0 0
768 -542 271 104 500639 0 0 0
-4007 2219 334 335 191707 0 0 0
-3828 4372 405 217 610890 0 0 0
-882 -2790 423 113 626251 0 0 0
2733 2066 362 201 125993 0 0 0
-3532 -4173 92 400 120331 0 0 0
-39 4863 247 300 965749 0 0 0
-3461 1713 243 278 290142 0 0 0
1725 2360 339 49 964439 0 0 0
-1253 4706 83 306 845202 0 0 0
-1600 3174 84 222 199394 0 0 0
-4035 1836 184 8 121021 0 0 0
-366 -1470 28 436 656400 0 0 0
2696 -397 4 212 170227 0 0 0
3040 2461 292 358 247703 0 0 0
176 2842 118 289 935056 0 0 0
5172 410 253 14 975290 0 0 0
4949 -3932 320 33 891961 0 0 0
4566 -1422 78 326 491462 0 0 0
-116 3564 80 293 529828 0 0 0
-4485 81 34 67 417915 0 0 0
-4178 5094 95 57 171377 0 0 0
4083 -4321 300 97 728422 0 0 0
-265 4536 263 295 925077 0 0 0
-4068 -2176 120 76 364044 0 0 0
146 993 49 155 450178 0 0 0
4931 5170 10 347 865138 0 0 0
-2142 2596 169 195 959598 0 0 0
3208 1261 247 254 613684 0 0 0
-4082 -1693 122 362 769125 0 0 0
-2316 3585 192 216 494530 0 0 0
1976 -1637 449 103 448612 0 0 0
1670 32 66 351 691330 0 0 0
-944 2581 83 384 906191 0 0 0
-312 1510 88 134 687429 0 0 0
3058 617 382 309 697786 0 0 0
3045 -4794 400 48 913241 0 0 0
-2840 -4791 278 53 622918 0 0 0
550 3227 78 88 564606 0 0 0
1107 134 23 412 252570 0 0 0
-153 1943 80 334 942031 0 0 0
1186 -2645 213 100 337464 0 0 0
3670 -2026 256 205 703302 0 0 0
3298 -5170 346 177 275467 0 0 0
3775 -2549 56 421 193450 0 0 0
2027 3011 313 255 719979 0 0 0
-3981 -2574 265 386 744162 0 0 0
-4931 -2860 139 108 480725 0 0 0
1028 -1131 91 189 778362 0 0 0
-2262 2814 377 325 595455 0 0 0
3511 4982 326 385 562579 0 0 0
-3098 1195 384 351 382106 0 0 0
4497 -1588 261 309 994667 0 0 0
-2712 224 205 301 627688 0 0 0
-3503 -2849 345 181 213624 0 0 0
-2393 4353 417 362 545928 0 0 0
-3940 -2487 422 236 920297 0 0 0
-1913 -2847 379 141 650839 0 0 0
2394 -3275 134 33 512247 0 0 0
1821 4956 361 126 659255 0 0 0
-2077 2951 354 407 619731 0 0 0
1205 1728 164 79 373365 0 0 0
-2174 -5262 177 273 222371 0 0 0
-119 -633 346 10 877020 0 0 0
-2034 -1285 149 400 402857 0 0 0
4005 4058 402 141 589568 0 0 0
-390 4801 310 406 260744 0 0 0
-3317 4174 382 245 824991 0 0 0
-4483 -1967 153 5 373820 0 0 0
-2767 3782 5 310 437753 0 0 0
-1929 1012 361 38 120246 0 0 0
4124 4734 110 274 844198 0 0 0
3052 2326 275 284 384122 0 0 0
650 3365 38 380 702185 0 0 0
927 -2219 319 124 366376 0 0 0
-1215 -4880 300 195 119880 0 0 0
-4272 2154 45 222 894445 0 0 0
-2771 3718 437 428 858713 0 0 0
2912 3936 112 369 306011 0 0 0
-1843 -1483 326 382 639981 0 0 0
109 -3846 74 191 706655 0 0 0
-3010 2747 404 390 888712 0 0 0
2531 4047 398 349 854180 0 0 0
340 4601 298 337 761752 0 0 0
4860 5156 194 418 268329 0 0 0
290 -2257 338 320 711670 0 0 0
-3358 -3951 64 151 224202 0 0 0
1072 -3978 367 369 829420 0 0 0
-2553 -2383 111 111 796996 0 0 0
1425 -1015 68 31 404226 0 0 0
-4344 588 69 90 237030 0 0 0
-3550 1214 207 260 642137 0 0 0
1939 5085 247 232 811519 0 0 0
1406 -4877 361 181 608840 0 0 0
1625 3020 157 244 317460 0 0 0
2532 -596 197 233 733836 0 0 0
3070 3053 322 297 790364 0 0 0
-841 -1377 288 153 197130 0 0 0
-2990 -401 263 340 815762 0 0 0
2138 4806 124 115 211918 0 0 0
148 -3810 298 219 533518 0 0 0
-387 4721 175 269 885759 0 0 0
-5049 4141 290 156 817882 0 0 0
-2023 -3866 404 175 436641 0 0 0
2034 2614 210 143 769209 0 0 0
-4795 -1916 378 433 990300 0 0 0
3708 5009 273 113 217350 0 0 0
1221 2141 14 380 484449 0 0 0
-969 -2115 161 337 374345 0 0 0
4618 1764 145 407 248022 0 0 0
-2261 -4510 70 168 683860 0 0 0
-2443 3187 283 285 950700 0 0 0
-4068 -53 192 68 649437 0 0 0
1942 -3735 117 50 938387 0 0 0
-862 1754 50 161 226394 0 0 0
4994 -4851 112 293 363833 0 0 0
-2382 -2156 146 294 892912 0 0 0
-2110 -2869 81 102 492415 0 0 0
960 -2234 270 348 695226 0 0 0
-4874 2412 153 217 409543 0 0 0
3128 -1521 35 415 823096 0 0 0
827 3030 106 391 562380 0 0 0
219 -42 224 136 620129 0 0 0
-2023 -1604 443 263 155741 0 0 0
-5186 2381 439 411 534351 0 0 0
-206 637 114 77 522390 0 0 0
-2251 4409 437 99 648497 0 0 0
-901 -3464 361 340 376379 0 0 0
4077 3204 353 107 249848 0 0 0
3003 -3517 282 206 189679 0 0 0
4060 -4519 151 274 598296 0 0 0
60 3497 50 332 376834 0 0 0
-4165 1414 351 224 156524 0 0 0
2345 2132 307 301 275302 0 0 0
2330 1080 268 308 345487 0 0 0
-3387 -1373 290 413 530785 0 0 0
4311 4711 118 430 766083 0 0 0
3581 2220 233 390 880935 0 0 0
-66 -556 405 69 250785 0 0 0
3778 -4205 144 217 176752 0 0 0
-1085 3051 135 408 413260 0 0 0
4756 -4035 184 401 530405 0 0 0
-704 3683 145 340 112244 0 0 0
-1908 3314 433 144 420399 0 0 0
-3532 -936 230 49 557254 0 0 0
-846 2860 52 234 514942 0 0 0
-3968 3600 357 131 792777 0 0 0
-1621 -960 164 435 714637 0 0 0
-4653 4388 351 15 916944 0 0 0
-4350 -2652 223 72 883748 0 0 0
3044 -2197 409 143 984595 0 0 0
-3285 -1957 24 374 483206 0 0 0
-3028 -2874 191 100 898112 0 0 0
4768 -1283 213 397 273293 0 0 0
3443 -3251 358 145 794484 0 0 0
-2913 -2646 319 158 451085 0 0 0
2970 -4557 407 62 148644 0 0 0
1641 -2324 302 305 361579 0 0 0
1842 4680 247 435 966334 0 0 0
-3811 -4728 257 49 711696 0 0 0
-1050 3472 237 205 598798 0 0 0
-5230 1785 321 426 694915 0 0 0
2667 4210 201 289 503875 0 0 0
3635 -4817 211 9 300685 0 0 0
-1548 3699 362 393 656363 0 0 0
-4762 -1815 261 12 548617 0 0 0
3382 5033 203 374 743197 0 0 0
22 3810 57 2 457051 0 0 0
-4641 3980 271 72 902260 0 0 0
-5215 -3576 284 214 229130 0 0 0
-2534 2679 27 139 449177 0 0 0
-3504 -3252 163 263 444235 0 0 0
3228 4937 408 413 770867 0 0 0
-1634 -1375 216 122 308414 0 0 0
2559 -2458 31 220 173452 0 0 0
192 -5133 328 200 821017 0 0 0
3576 4330 100 308 597420 0 0 0
1836 -1876 117 171 924367 0 0 0
-78 -4116 385 332 671482 0 0 0
-2535 341 282 9 397024 0 0 0
-4352 -1992 207 160 836621 0 0 0
3650 -3686 116 110 475464 0 0 0
4205 1382 382 257 742642 0 0 0
1335 659 276 412 739000 0 0 0
1005 4687 176 319 796634 0 0 0
3585 -2914 22 406 711508 0 0 0
3348 -1707 237 372 249173 0 0 0
1925 2720 276 138 231725 0 0 0
-4525 2267 274 373 979293 0 0 0
4495 248 292 349 158076 0 0 0
3004 1474 284 258 141754 0 0 0
-2426 -950 290 339 452964 0 0 0
-4831 -3039 285 126 775430 0 0 0
4093 -1790 217 84 559270 0 0 0
3595 -3968 401 2 545751 0 0 0
2973 -5189 62 151 432031 0 0 0
-1736 148 235 216 743187 0 0 0
1828 3266 236 349 178182 0 0 0
1056 1867 94 42 149205 0 0 0
-4222 -3728 444 304 366623 0 0 0
-2874 3355 227 209 397680 0 0 0
4957 2847 165 188 973368 0 0 0
1136 1165 154 148 777546 0 0 0
-1548 534 62 30 341765 0 0 0
-876 4875 155 186 876193 0 0 0
1987 2408 259 351 994860 0 0 0
-2054 -2062 81 171 710699 0 0 0
2499 -1245 328 235 568935 0 0 0
-4248 -1617 306 157 287889 0 0 0
-2190 2091 344 338 219609 0 0 0
-928 87 384 105 217745 0 0 0
3105 1904 121 281 176470 0 0 0
2108 4995 260 401 627586 0 0 0
4691 -589 101 343 265935 0 0 0
-1424 -5097 50 262 292712 0 0 0
-4408 813 260 423 197148 0 0 0
4445 133 65 345 298058 0 0 0
4200 -1364 128 24 526010 0 0 0
1905 -3646 45 61 122771 0 0 0
-5052 462 83 202 497801 0 0 0
103 4967 369 374 365425 0 0 0
4962 1231 335 91 356543 0 0 0
-4346 4376 22 238 933128 0 0 0
2236 -2020 9 301 132433 0 0 0
157 -1186 211 127 814832 0 0 0
1430 -2529 309 314 496385 0 0 0
3145 -3506 300 122 438175 0 0 0
414 608 19 210 623237 0 0 0
3476 4533 414 350 105676 0 0 0
-3063 -857 198 48 159629 0 0 0
4913 -3244 117 163 777880 0 0 0
-307 -4113 184 366 805466 0 0 0
-2566 4945 395 328 641786 0 0 0
3955 5250 75 153 234220 0 0 0
4579 2761 382 253 241984 0 0 0
4707 2553 100 416 985565 0 0 0
-1526 3271 324 64 775977 0 0 0
-2108 1186 268 265 620692 0 0 0
5056 -1074 218 198 492197 0 0 0
179 -2450 331 205 200666 0 0 0
2672 -600 337 368 152131 0 0 0
-3691 -3123 274 212 769511 0 0 0
2868 -2279 165 234 188638 0 0 0
-843 1729 225 84 872227 0 0 0
-3469 -2163 29 168 532708 0 0 0
-938 2803 258 254 755085 0 0 0
4423 -4493 181 75 584424 0 0 0
2327 4495 280 204 894995 0 0 0
-4458 1906 233 131 865700 0 0 0
-1213 -2712 302 132 757329 0 0 0
611 1632 254 35 818807 0 0 0
-1493 -1941 334 149 126493 0 0 0
-2396 2579 357 428 669266 0 0 0
4950 3543 219 200 522906 0 0 0
-4609 1301 268 331 266120 0 0 0
3351 1365 280 335 130990 0 0 0
-237 323 438 175 852355 0 0 0
-3427 -3807 122 262 415978 0 0 0
-3812 3462 447 50 479243 0 0 0
3180 -3278 188 279 253459 0 0 0
-4020 5154 408 276 138649 0 0 0
-1937 4289 102 391 812019 0 0 0
-3298 -3329 240 30 782017 0 0 0
-3400 -4405 307 115 401028 0 0 0
-1398 -3127 249 5 495728 0 0 0
4134 -3991 81 29 952518 0 0 0
-231 -3021 339 149 988724 0 0 0
2506 942 6 358 551662 0 0 0
323 -386 311 424 110108 0 0 0
-3717 -3122 199 191 558735 0 0 0
2365 5097 439 167 720350 0 0 0
4255 1264 314 286 306485 0 0 0
-3249 -1808 224 424 658635 0 0 0
-3522 2531 171 416 704523 0 0 0
1421 -4335 93 103 125428 0 0 0
-3103 4623 351 279 162190 0 0 0
4827 -3941 167 154 138966 0 0 0
1562 -4265 351 34 836122 0 0 0
-1894 -682 372 36 574992 0 0 0
521 482 337 300 544137 0 0 0
635 2127 274 362 969304 0 0 0
-2128 -824 322 367 974453 0 0 0
-1612 -4597 247 245 222855 0 0 0
3689 -717 79 184 496791 0 0 0
-3794 979 382 395 516270 0 0 0
2418 -1545 264 423 677674 0 0 0
-4992 -2123 117 432 285722 0 0 0
-5059 -161 230 1 496559 0 0 0
-604 -3378 297 366 891416 0 0 0
-4052 -4911 423 45 424908 0 0 0
1739 -1662 209 57 124608 0 0 0
3053 -3956 445 106 786640 0 0 0
2172 -1812 334 72 334166 0 0 0
338 -3526 408 348 403597 0 0 0
103 2348 298 248 476009 0 0 0
-177 -3078 78 337 491200 0 0 0
-115 -3273 177 224 756917 0 0 0
2601 2903 371 388 778021 0 0 0
3858 -3569 267 63 733451 0 0 0
2217 361 44 232 936895 0 0 0
-3909 -3446 393 82 105759 0 0 0
-926 1070 214 404 578017 0 0 0
2335 -6 401 50 173330 0 0 0
32 -3537 5 227 432348 0 0 0
3040 4485 309 142 465887 0 0 0
-3842 -2999 215 11 402573 0 0 0
-2710 1718 337 410 118605 0 0 0
4234 1491 306 235 563710 0 0 0
-1712 -4050 120 373 270895 0 0 0
-1644 -2285 110 2 423665 0 0 0
-2902 -2378 131 49 120815 0 0 0
-2716 2928 80 390 268079 0 0 0
288 3802 90 88 223981 0 0 0
-154 93 169 162 326955 0 0 0
-2567 2835 205 248 810022 0 0 0
-2749 4479 330 61 458541 0 0 0
-267 -2837 182 126 317476 0 0 0
-4779 3581 7 205 286285 0 0 0
-2950 -1655 239 265 473170 0 0 0
4124 -5171 170 184 738766 0 0 0
5032 1193 432 161 808608 0 0 0
-2066 -2610 197 85 232564 0 0 0
2965 -5216 439 169 593804 0 0 0
-3243 3982 130 377 544310 0 0 0
2337 4328 166 386 991782 0 0 0
3701 1364 49 137 526141 0 0 0
725 3407 272 70 400619 0 0 0
-4752 -2226 11 368 730320 0 0 0
3690 -1285 216 196 265714 0 0 0
-5101 3343 35 189 572966 0 0 0
-5014 3948 186 165 222856 0 0 0
-61 -165 278 379 459436 0 0 0
-4729 3230 112 115 747606 0 0 0
1113 4246 253 67 891516 0 0 0
351 -4519 411 23 955078 0 0 0
-83 -2973 141 433 815694 0 0 0
-3561 -791 216 343 125699 0 0 0
4361 -5279 305 269 727881 0 0 0
-2976 -2276 129 57 397904 0 0 0
4505 -1042 386 42 228859 0 0 0
-1560 -4451 15 366 208246 0 0 0
-1994 -4740 187 158 329296 0 0 0
-1724 -2719 356 359 933718 0 0 0
3222 4546 209 238 642109 0 0 0
-1537 -3271 300 92 143143 0 0 0
-2986 -3119 317 425 169231 0 0 0
379 -3007 381 261 322543 0 0 0
-352 -3498 56 35 427812 0 0 0
-4856 -3133 298 99 232851 0 0 0
-945 4466 28 18 873636 0 0 0
-3953 -5157 125 16 853934 0 0 0
178 4915 43 151 765884 0 0 0
1305 2340 431 134 576042 0 0 0
2081 -3446 362 390 666788 0 0 0
687 -1147 7 433 503336 0 0 0
2667 -3476 290 24 562708 0 0 0
-2504 3767 235 430 583038 0 0 0
3884 -2676 186 71 609176 0 0 0
1551 5062 267 140 120991 0 0 0
4839 2027 52 11 108028 0 0 0
3969 -4710 372 46 995745 0 0 0
-3682 -4513 108 183 375938 0 0 0
-1213 -1636 173 406 161974 0 0 0
-1548 4530 186 379 755105 0 0 0
-485 -4861 92 203 861049 0 0 0
-398 -3090 236 82 226469 0 0 0
2972 1604 22 222 265206 0 0 0
-4230 -886 327 90 485484 0 0 0
1465 83 68 334 250299 0 0 0
-122 -4017 414 230 589205 0 0 0
87 3937 398 42 719064 0 0 0
3278 -1299 269 203 656771 0 0 0
5138 4337 351 236 601243 0 0 0
4755 1391 231 250 401896 0 0 0
-4648 -2032 83 195 500386 0 0 0
-2779 4681 335 88 516703 0 0 0
-1262 3913 215 90 546955 0 0 0
2050 -3725 387 274 391501 0 0 0
-1475 3663 323 432 957284 0 0 0
-1700 5177 216 163 992466 0 0 0
-2130 -5235 300 198 535410 0 0 0
-900 4313 329 321 107681 0 0 0
-4992 -4779 208 360 565611 0 0 0
3254 -493 285 313 433549 0 0 0
5231 5127 370 343 977157 0 0 0
3691 -1939 288 271 260040 0 0 0
1144 -2166 199 132 678711 0 0 0
-4823 927 72 176 424582 0 0 0
-2968 781 212 181 905560 0 0 0
1645 3453 411 130 417304 0 0 0
-5272 -3060 343 195 654560 0 0 0
1904 -127 425 343 377486 0 0 0
3840 -3399 285 264 928883 0 0 0
-1456 202 249 379 811056 0 0 0
-4878 -4572 347 413 957799 0 0 0
-3705 -4529 379 258 390274 0 0 0
2778 1249 406 374 960235 0 0 0
-1244 1540 264 38 912977 0 0 0
-37 1430 62 160 357575 0 0 0
214 -1076 435 152 706108 0 0 0
-205 -2921 313 301 912816 0 0 0
-1333 3100 102 154 666561 0 0 0
-1934 2075 283 76 315706 0 0 0
1836 -2985 244 154 227788 0 0 0
2711 -5206 134 351 408207 0 0 0
-4966 35 295 134 581488 0 0 0
2307 -1932 33 330 304691 0 0 0
1409 771 147 179 496259 0 0 0
1048 4733 101 385 992182 0 0 0
-562 -475 64 23 124702 0 0 0
2961 -4194 75 328 715965 0 0 0
-5157 -3318 315 232 247349 0 0 0
3239 -2029 60 290 675648 0 0 0
2589 -1069 258 421 644877 0 0 0
-1002 -716 154 396 280864 0 0 0
408 -1136 407 214 612168 0 0 0
-2283 -1200 72 88 319151 0 0 0
-1953 -4123 382 226 273513 0 0 0
2891 -4974 401 123 189706 0 0 0
-4998 -4 238 309 684350 0 0 0
-3135 113 37 74 329979 0 0 0
251 -4580 84 274 676759 0 0 0
-3903 -5278 272 88 823007 0 0 0
-3462 -2679 135 54 385196 0 0 0
-3793 -789 370 241 346816 0 0 0
3026 -4262 18 143 208758 0 0 0
-1810 -277 114 8 786224 0 0 0
-5217 2981 10 302 928504 0 0 0
-4355 3151 219 283 599331 0 0 0
-1536 2382 407 256 743737 0 0 0
1015 -114 308 101 187686 0 0 0
2727 1202 118 8 248946 0 0 0
-4336 -2733 266 285 470297 0 0 0
314 -4508 205 226 441045 0 0 0
473 -802 132 399 511974 0 0 0
738 -2408 206 319 946055 0 0 0
277 -2406 304 112 748357 0 0 0
1618 -3017 23 168 891108 0 0 0
4960 -3064 246 222 463595 0 0 0
-478 3244 173 340 614561 0 0 0
3496 1482 267 370 963232 0 0 0
-2766 -3908 425 305 229330 0 0 0
1546 1313 147 393 935232 0 0 0
-263 -168 43 85 520192 0 0 0
1779 -4634 74 371 412043 0 0 0
4988 -2908 190 24 268458 0 0 0
1586 -4801 259 250 990720 0 0 0
-357 3231 76 62 867029 0 0 0
-2972 -4628 294 49 275101 0 0 0
5102 3781 88 426 392889 0 0 0
-2459 -1013 251 260 183428 0 0 0
-2175 2097 348 274 482867 0 0 0
-4069 -4957 420 407 956506 0 0 0
-3944 1062 359 30 470971 0 0 0
3210 3862 258 347 153477 0 0 0
-883 2915 446 143 722634 0 0 0
-504 421 412 415 202289 0 0 0
3623 1996 185 6 890372 0 0 0
-2203 -40 319 266 602557 0 0 0
-647 2048 230 226 819712 0 0 0
4047 -5131 322 267 186485 0 0 0
4857 2389 386 429 596437 0 0 0
1749 -3708 345 219 540219 0 0 0
2523 -2010 412 317 327063 0 0 0
3445 -2040 379 53 805648 0 0 0
-5017 -3549 86 262 988778 0 0 0
4510 1134 332 297 953520 0 0 0
-1173 3028 330 99 336404 0 0 0
-3036 -3052 258 249 858132 0 0 0
-1678 3174 31 242 662865 0 0 0
-3315 2166 4 28 281971 0 0 0
4437 -24 63 118 930166 0 0 0
4815 -4011 142 75 848965 0 0 0
4569 -5219 204 365 243959 0 0 0
2595 -2207 204 140 489990 0 0 0
-1081 592 91 300 882896 0 0 0
-1201 1185 375 22 223593 0 0 0
-2640 -220 175 32 977345 0 0 0
2699 46 360 241 204437 0 0 0
1708 631 255 434 555197 0 0 0
819 -246 126 298 379772 0 0 0
-2117 -116 7 392 782197 0 0 0
-3536 -663 103 1 592478 0 0 0
-974 -645 42 284 384785 0 0 0
-2535 3060 270 415 777595 0 0 0
5267 2534 107 146 572869 0 0 0
2761 4871 44 312 463785 0 0 0
-3622 5004 64 185 527033 0 0 0
1318 815 43 77 601171 0 0 0
1209 4608 198 347 601763 0 0 0
-4753 2478 13 25 371909 0 0 0
4720 5048 62 283 320469 0 0 0
4946 4595 237 404 403464 0 0 0
5266 4386 77 330 948490 0 0 0
-4786 -2941 21 168 516586 0 0 0
-1406 -2940 85 277 575408 0 0 0
-4079 -2910 120 339 631372 0 0 0
-3726 4042 127 86 908630 0 0 0
5042 -5027 186 177 282506 0 0 0
-5282 -1335 204 66 648844 0 0 0
-913 4010 235 321 323931 0 0 0
3331 1617 374 361 581571 0 0 0
3514 4534 252 179 652942 0 0 0
2668 1945 85 257 804055 0 0 0
-2771 -3504 43 204 855206 0 0 0
-5062 3407 196 97 249084 0 0 0
-4615 -4218 69 427 511869 0 0 0
-116 -2164 381 352 942648 0 0 0
898 1649 251 171 119302 0 0 0
909 1487 440 204 638406 0 0 0
-4901 1128 284 20 220303 0 0 0
2636 2833 43 305 225994 0 0 0
-1367 -2273 288 421 158605 0 0 0
2663 3184 207 393 638848 0 0 0
4326 -2080 432 311 483091 0 0 0
-1761 464 204 322 230987 0 0 0
-149 -4077 344 365 175791 0 0 0
3519 4031 96 96 780160 0 0 0
3222 2153 298 266 549830 0 0 0
-177 4746 324 308 636105 0 0 0
1261 -1656 12 181 445077 0 0 0
-218 1456 112 130 780509 0 0 0
4308 -1557 252 288 849627 0 0 0
3319 -2456 133 180 368433 0 0 0
3094 -5014 16 349 372890 0 0 0
1881 -4795 105 357 912505 0 0 0
332 -3327 312 8 578233 0 0 0
-2228 -2153 147 102 422238 0 0 0
-2076 -2253 176 210 484656 0 0 0
-697 -5141 137 256 466650 0 0 0
1391 4431 445 20 540339 0 0 0
-1459 4185 254 435 919449 0 0 0
1313 2635 212 57 149969 0 0 0
2075 1476 227 156 932686 0 0 0
1253 -1930 323 140 353005 0 0 0
804 -4403 219 106 267907 0 0 0
3912 -282 358 128 176979 0 0 0
-4758 304 441 197 176659 0 0 0
-444 2078 63 263 706881 0 0 0
205 2270 440 284 923326 0 0 0
-2590 -2282 59 172 452108 0 0 0
1076 -2135 4 196 559092 0 0 0
-3422 652 325 35 241308 0 0 0
3499 -89 191 352 530035 0 0 0
1941 1748 8 286 482499 0 0 0
413 -326 323 105 392533 0 0 0
1572 -1189 252 152 752083 0 0 0
519 3083 142 261 904267 0 0 0
4644 4864 370 148 129503 0 0 0
3085 -2571 335 184 769979 0 0 0
4760 4232 343 108 251565 0 0 0
2351 1943 98 181 884797 0 0 0
-1450 -716 55 180 483165 0 0 0
-489 -3120 400 377 534704 0 0 0
-5007 2165 42 176 197070 0 0 0
1889 4364 332 270 619605 0 0 0
2810 2412 251 98 882742 0 0 0
1595 3972 353 102 250171 0 0 0
-1010 683 131 26 933585 0 0 0
2212 -4236 57 163 660329 0 0 0
4535 2084 115 289 658399 0 0 0
1941 3138 258 403 684067 0 0 0
-4136 430 268 422 549941 0 0 0
5229 728 438 303 359653 0 0 0
560 -4146 102 140 590286 0 0 0
-5156 3366 200 119 591569 0 0 0
730 237 424 360 174481 0 0 0
-4275 1943 95 124 305331 0 0 0
3765 -378 290 83 248994 0 0 0
5103 2789 301 205 874493 0 0 0
-3809 -1298 126 167 634452 0 0 0
5258 908 58 200 626104 0 0 0
3007 4606 326 188 797941 0 0 0
-2430 892 293 160 894992 0 0 0
1052 2016 402 427 571621 0 0 0
233 -857 438 36 645834 0 0 0
-5085 -452 185 265 298488 0 0 0
1712 -1961 151 235 554070 0 0 0
-1155 44 381 233 167591 0 0 0
4660 -2601 198 112 142332 0 0 0
-3784 4443 131 334 820291 0 0 0
-1654 -5194 337 66 677690 0 0 0
1362 -3231 237 19 981776 0 0 0
2228 -2624 206 37 867343 0 0 0
4800 3364 263 378 346722 0 0 0
100 263 446 264 443072 0 0 0
-2537 422 242 113 329237 0 0 0
-994 713 279 156 354938 0 0 0
1484 -3031 278 294 335026 0 0 0
-4993 -313 160 344 111738 0 0 0
3440 2571 137 174 242382 0 0 0
1504 1222 360 277 958886 0 0 0
-4551 -2156 387 99 576363 0 0 0
-1419 2972 293 330 448497 0 0 0
2782 5244 270 250 576782 0 0 0
4996 1119 446 122 441674 0 0 0
-2956 -5057 83 380 810659 0 0 0
-3851 1972 119 179 215515 0 0 0
1275 -1487 26 185 227625 0 0 0
2840 469 271 308 624593 0 0 0
5262 3756 423 2 463314 0 0 0
3930 -3938 400 424 672430 0 0 0
-3876 4732 276 201 566210 0 0 0
3991 -2536 168 436 802122 0 0 0
2047 3015 311 243 513148 0 0 0
3071 -934 237 17 611744 0 0 0
1168 -5145 289 160 541072 0 0 0
353 -4551 426 279 932997 0 0 0
3127 4929 241 375 287091 0 0 0
-4406 2584 115 341 514966 0 0 0
2723 -3516 293 41 727534 0 0 0
-3087 4284 274 309 478097 0 0 0
-7 2639 36 274 536073 0 0 0
2462 -8 7 26 641440 0 0 0
1901 3695 69 359 727038 0 0 0
-719 -4186 393 360 889665 0 0 0
-447 2632 401 48 305152 0 0 0
-3793 -4544 449 390 804859 0 0 0
-4708 1964 233 436 204528 0 0 0
-1251 2716 320 390 707816 0 0 0
4205 -4431 98 137 932668 0 0 0
-5085 838 78 344 448870 0 0 0
-4132 628 239 315 230087 0 0 0
-5023 -3795 365 218 456050 0 0 0
-494 4068 348 361 309057 0 0 0
-1869 4983 251 118 584492 0 0 0
1484 -4026 217 229 178090 0 0 0
3441 4430 109 108 677462 0 0 0
-4830 -830 100 381 512698 0 0 0
967 4558 413 139 672286 0 0 0
-516 1599 355 428 970595 0 0 0
4848 -3183 449 391 698966 0 0 0
3715 -491 182 409 793709 0 0 0
-376 2132 38 147 976456 0 0 0
-4603 -4701 83 141 385783 0 0 0
-2563 72 383 61 753852 0 0 0
-3254 4896 29 398 162560 0 0 0
1811 2268 389 73 236411 0 0 0
4807 1815 56 11 701982 0 0 0
-2261 -3520 207 280 444094 0 0 0
-689 -2249 260 142 253843 0 0 0
-5137 2998 309 213 507374 0 0 0
303 1836 249 293 200099 0 0 0
3758 1965 374 318 999401 0 0 0
-4725 -139 115 45 182077 0 0 0
1487 -4948 125 21 526531 0 0 0
2097 -3735 31 101 282656 0 0 0
-2346 -5148 340 271 535340 0 0 0
4915 3059 213 251 309701 0 0 0
-1617 2709 445 123 364674 0 0 0
697 4238 19 146 915438 0 0 0
-1837 -3898 349 138 651063 0 0 0
297 2839 226 128 448061 0 0 0
2037 1986 447 61 889173 0 0 0
210 -286 108 36 375680 0 0 0
2389 -1072 313 289 923342 0 0 0
-1724 -5090 261 58 195874 0 0 0
4579 -3059 236 173 971223 0 0 0
3145 -4702 207 181 213682 0 0 0
2286 -2484 112 64 121983 0 0 0
3037 1090 415 189 874638 0 0 0
2810 2244 97 394 569340 0 0 0
-98 -5037 353 218 446612 0 0 0
-789 1689 90 64 104534 0 0 0
2810 -1984 401 420 201862 0 0 0
-4717 1341 404 397 534224 0 0 0
-1895 -3065 2 162 440466 0 0 0
-3251 3481 224 312 594267 0 0 0
-4331 3551 337 125 243561 0 0 0
846 2863 241 173 752704 0 0 0
-810 -3366 439 252 997557 0 0 0
-2129 -2144 179 168 924799 0 0 0
-4432 -4455 170 414 713039 0 0 0
2198 -3189 276 313 253567 0 0 0
2452 -3500 70 13 991970 0 0 0
2960 2090 182 163 543355 0 0 0
4027 -2576 264 79 790615 0 0 0
3846 252 261 356 826786 0 0 0
2198 2708 148 392 626857 0 0 0
5182 1139 360 55 322512 0 0 0
-425 1621 368 338 416588 0 0 0
2086 4948 118 234 843633 0 0 0
4414 -2437 220 89 762758 0 0 0
-2125 2078 232 355 855378 0 0 0
2347 -1197 357 270 895348 0 0 0
2218 3588 363 28 856137 0 0 0
412 -37 7 435 661894 0 0 0
1719 -2077 60 15 501081 0 0 0
-537 -146 254 425 700914 0 0 0
4768 3839 194 15 171914 0 0 0
4844 523 364 18 784251 0 0 0
2122 -2396 55 254 861877 0 0 0
4577 -911 344 119 931209 0 0 0
-582 -1934 419 406 977346 0 0 0
1806 -665 75 292 140280 0 0 0
-3684 -587 62 403 390470 0 0 0
-3805 -1016 82 434 675963 0 0 0
-94 -150 292 367 360652 0 0 0
1717 2302 332 122 852944 0 0 0
-4007 -4235 179 210 349025 0 0 0
2820 4230 375 156 597991 0 0 0
4489 -695 366 185 432579 0 0 0
-125 1776 199 282 198386 0 0 0
4319 5165 190 169 214847 0 0 0
-3059 -784 227 77 723489 0 0 0
-4314 -1113 307 309 930053 0 0 0
-836 -4499 148 36 360742 0 0 0
-1863 -2626 110 330 910483 0 0 0
365 3555 135 407 928487 0 0 0
2178 1154 291 183 312063 0 0 0
2918 2808 420 14 564056 0 0 0
-2864 -5061 127 308 181086 0 0 0
2597 -4210 345 353 968369 0 0 0
-4325 -1360 228 285 197325 0 0 0
739 -4371 290 174 367730 0 0 0
1003 -2802 448 202 193439 0 0 0
1568 2826 209 73 738301 0 0 0
5220 1219 309 245 240094 0 0 0
3648 4275 110 270 424587 0 0 0
4238 -540 354 2 661782 0 0 0
-995 5285 143 101 480956 0 0 0
-4973 -4766 36 199 362739 0 0 0
-2323 -2922 201 236 405181 0 0 0
1756 5114 72 79 850356 0 0 0
3533 -1681 149 130 158543 0 0 0
1325 -1860 7 399 451458 0 0 0
-1595 -1950 32 187 211545 0 0 0
-2404 2016 414 282 480067 0 0 0
356 4316 80 346 686795 0 0 0
-3090 460 146 154 822324 0 0 0
-2480 -4391 165 295 973774 0 0 0
2198 -3392 3 366 102944 0 0 0
1427 -4381 421 309 579532 0 0 0
136 -5065 182 125 539166 0 0 0
2509 -1490 321 3 980364 0 0 0
-1813 -2970 208 25 592777 0 0 0
-2211 -1032 97 56 260410 0 0 0
917 2719 261 126 667497 0 0 0
1640 -4726 383 262 238423 0 0 0
4691 919 325 365 841879 0 0 0
3977 2744 251 222 597385 0 0 0
-2190 -4963 204 223 122324 0 0 0
2002 -1940 8 160 550553 0 0 0
1583 -115 30 104 188382 0 0 0
2311 639 166 262 661569 0 0 0
-2661 -1051 33 239 839179 0 0 0
854 932 129 203 967231 0 0 0
5076 1329 274 345 338927 0 0 0
-3396 615 237 350 760582 0 0 0
663 -2099 251 159 735685 0 0 0
-4328 -3083 414 428 959761 0 0 0
-425 -3036 171 291 250115 0 0 0
2005 -2520 447 139 941359 0 0 0
-649 -3587 63 174 988690 0 0 0
-3681 4306 23 153 734797 0 0 0
214 -2877 252 195 271696 0 0 0
3561 -3187 192 354 162207 0 0 0
-1707 -1588 170 290 539631 0 0 0
-3808 -60 295 384 950286 0 0 0
-5119 421 136 423 594235 0 0 0
106 405 68 401 806310 0 0 0
-781 -881 440 367 587874 0 0 0
2242 -1435 178 226 683373 0 0 0
-3489 -1714 315 56 627027 0 0 0
-2390 633 3 112 339787 0 0 0
-2434 1962 40 87 821812 0 0 0
-1500 438 250 92 954103 0 0 0
2212 3166 302 278 970944 0 0 0
2426 -273 406 316 258023 0 0 0
-2032 549 264 264 654452 0 0 0
63 4575 431 240 904595 0 0 0
-1508 5022 297 169 148141 0 0 0
3784 -5013 218 379 268041 0 0 0
-3140 5211 8 329 365158 0 0 0
-373 -1766 138 5 253579 0 0 0
-1785 1722 16 173 490222 0 0 0
-3468 4940 123 249 858918 0 0 0
-2259 4426 398 299 810025 0 0 0
1991 -3477 442 8 903493 0 0 0
-3817 -2228 438 278 797931 0 0 0
-1892 -1594 156 223 785337 0 0 0
-2457 3017 226 230 726779 0 0 0
3235 1749 102 284 390372 0 0 0
-2594 4344 310 284 549356 0 0 0
5232 -802 346 57 239729 0 0 0
-1549 -1694 241 191 869340 0 0 0
1896 4164 396 2 167270 0 0 0
-196 1724 404 347 931276 0 0 0
-4814 -1740 430 372 714880 0 0 0
2339 2759 108 330 578178 0 0 0
3576 5184 275 428 348309 0 0 0
-3526 -4580 324 180 134381 0 0 0
-1803 1891 449 364 213971 0 0 0
-2128 629 48 21 171297 0 0 0
-2686 -5264 169 86 710316 0 0 0
1367 1726 28 13 825214 0 0 0
4604 2582 132 335 736275 0 0 0
-4692 -1612 122 435 796290 0 0 0
1067 4084 39 320 695206 0 0 0
-4666 1313 258 134 228055 0 0 0
-3530 -3895 316 260 775622 0 0 0
-568 2518 194 256 513482 0 0 0
-848 1423 347 313 169165 0 0 0
-4020 -756 86 107 944873 0 0 0
160 -4340 7 31 721351 0 0 0
-2251 -4449 152 336 692156 0 0 0
-4260 -3234 421 200 737418 0 0 0
-4809 4996 227 57 552977 0 0 0
4508 -534 334 156 627966 0 0 0
-2011 3351 219 183 359156 0 0 0
-4845 -5251 250 66 726723 0 0 0
-2765 -3885 276 262 394323 0 0 0
-4075 -3039 93 363 563620 0 0 0
3933 248 128 106 277874 0 0 0
4633 -768 74 261 189638 0 0 0
4994 -3083 155 129 800594 0 0 0
-3091 2037 433 52 458386 0 0 0
3410 2023 289 414 404984 0 0 0
3896 -4703 141 179 716792 0 0 0
183 -3763 94 409 605577 0 0 0
4522 -4708 153 383 111119 0 0 0
4510 -1988 186 115 178274 0 0 0
-1112 2010 329 36 280144 0 0 0
-5294 3640 442 399 208564 0 0 0
-3241 -4023 5 413 111928 0 0 0
1664 2460 142 381 204283 0 0 0
1113 608 9 246 190411 0 0 0
2080 -3921 91 162 328718 0 0 0
1304 -5276 247 365 932026 0 0 0
35 -841 189 208 716416 0 0 0
-4558 -2633 416 142 447028 0 0 0
-4171 -2342 349 358 230140 0 0 0
-4590 -2483 40 296 172494 0 0 0
2359 3332 158 94 482887 0 0 0
745 -1376 98 379 281045 0 0 0
1889 -2616 340 272 329494 0 0 0
3150 1566 7 361 760540 0 0 0
-517 -2285 123 364 240612 0 0 0
-3253 4361 406 12 865364 0 0 0
-3212 1511 257 224 567425 0 0 0
4313 -366 294 160 150795 0 0 0
-3055 -3556 354 404 324481 0 0 0
1337 2934 238 339 116004 0 0 0
4172 4672 434 228 631611 0 0 0
4046 3975 320 253 562185 0 0 0
-3335 404 228 115 386729 0 0 0
-2245 530 138 41 662741 0 0 0
-252 -5122 364 111 179356 0 0 0
952 -3563 272 428 634444 0 0 0
2058 -4629 349 2 681630 0 0 0
-3751 4142 190 77 951415 0 0 0
264 -3949 75 47 938504 0 0 0
204 -2600 219 349 411595 0 0 0
3928 3586 23 291 860257 0 0 0
74 1557 282 367 442396 0 0 0
76 -2147 105 72 746683 0 0 0
-4137 -1213 341 361 592093 0 0 0
-3267 -4381 179 231 589553 0 0 0
-3683 2294 33 151 424731 0 0 0
58 -4971 275 333 725885 0 0 0
-4363 2255 100 418 725262 0 0 0
1463 3506 208 121 276921 0 0 0
2031 -1090 274 404 807189 0 0 0
-4892 2064 309 9 800173 0 0 0
1757 3470 97 329 137462 0 0 0
3977 -4322 440 308 951767 0 0 0
3676 752 270 434 979948 0 0 0
3960 2643 243 41 510788 0 0 0
1401 -1715 158 225 623509 0 0 0
-280 4632 404 92 478460 0 0 0
-5106 531 256 435 838129 0 0 0
2177 263 371 160 168810 0 0 0
3323 1344 163 433 159316 0 0 0
-269 4454 27 388 908577 0 0 0
-318 -1731 361 97 871981 0 0 0
2214 4840 23 45 742551 0 0 0
-2131 -1449 273 238 937011 0 0 0
4693 280 140 39 760540 0 0 0
-2175 -5268 120 315 211914 0 0 0
4998 -4011 420 426 751322 0 0 0
5027 888 186 194 713893 0 0 0
5197 2418 214 123 137872 0 0 0
-4665 -2454 245 39 732740 0 0 0
4960 -2547 170 268 281115 0 0 0
3442 -3359 358 59 255391 0 0 0
716 -4228 159 42 479821 0 0 0
2544 -3407 366 35 408493 0 0 0
1572 -3173 91 47 462140 0 0 0
4125 1213 57 31 654877 0 0 0
-4147 -2978 230 267 500021 0 0 0
-1824 4166 239 209 265159 0 0 0
3610 3044 438 128 150585 0 0 0
4139 -1209 355 410 767805 0 0 0
3641 1233 397 160 322131 0 0 0
1315 1539 15 290 135359 0 0 0
-1571 -3305 193 383 519699 0 0 0
-2345 -3727 62 346 462604 0 0 0
4791 5196 434 223 241457 0 0 0
-1575 4492 165 418 211541 0 0 0
-2764 -3592 130 264 484562 0 0 0
4286 -2293 196 97 435494 0 0 0
4156 1372 220 33 522305 0 0 0
-1615 3876 92 256 423935 0 0 0
6 4700 314 145 502211 0 0 0
587 -2785 224 323 332335 0 0 0
-5085 1465 245 249 786856 0 0 0
2066 -895 31 179 469135 0 0 0
-3504 2198 264 101 530673 0 0 0
4002 -3859 337 202 358617 0 0 0
2116 690 304 218 182963 0 0 0
-4250 -77 433 286 843125 0 0 0
5065 -2209 100 35 716104 0 0 0
-3800 5075 82 181 678144 0 0 0
5283 4733 90 114 647341 0 0 0
1085 4640 7 284 214905 0 0 0
2754 3294 220 370 647702 0 0 0
1095 -1213 346 385 721362 0 0 0
4247 2204 353 113 402336 0 0 0
-5078 -1403 188 173 456736 0 0 0
-2833 -2644 366 202 353182 0 0 0
-821 -1950 212 391 979273 0 0 0
-4062 873 25 216 966767 0 0 0
4836 2927 189 128 319296 0 0 0
1067 -2003 396 347 643447 0 0 0
-2607 -940 194 91 913601 0 0 0
-5010 3288 149 4 284042 0 0 0
5161 3996 156 61 460794 0 0 0
-1489 -4685 320 217 648120 0 0 0
4669 2680 185 43 583517 0 0 0
-3847 1064 291 358 759625 0 0 0
2881 -691 263 135 633424 0 0 0
1806 2937 59 17 223250 0 0 0
5114 -212 125 206 420217 0 0 0
-1022 3139 399 340 265020 0 0 0
3259 -3810 3 48 160076 0 0 0
-5145 1720 73 373 931490 0 0 0
3436 1610 32 271 399546 0 0 0
-2735 -5079 108 394 788821 0 0 0
4998 4524 351 177 794950 0 0 0
-4778 3548 36 276 866481 0 0 0
-3984 -1394 384 429 840119 0 0 0
-4040 -4754 412 98 702788 0 0 0
-1885 3035 141 222 852185 0 0 0
3973 3116 97 223 257424 0 0 0
3561 -449 208 124 748763 0 0 0
2706 4828 48 419 867244 0 0 0
4959 -2897 262 364 253282 0 0 0
-3425 3966 289 400 986913 0 0 0
1499 4913 120 251 183135 0 0 0
4950 -1033 117 104 183675 0 0 0
-967 -4067 227 315 160516 0 0 0
-780 -3915 134 153 420627 0 0 0
2865 2744 181 336 629040 0 0 0
4269 -1603 54 204 979101 0 0 0
-1827 4128 441 359 377533 0 0 0
1341 -4836 352 98 495206 0 0 0
5086 550 253 184 826509 0 0 0
2616 -2524 257 71 420384 0 0 0
3169 3590 266 230 744841 0 0 0
-292 66 211 307 431276 0 0 0
-1236 3037 254 107 343661 0 0 0
-1750 3133 83 85 262174 0 0 0
-1976 -4803 79 92 107171 0 0 0
-1649 2611 420 339 753785 0 0 0
-4254 4547 251 71 516020 0 0 0
2532 2844 72 418 716547 0 0 0
2243 2099 196 133 164870 0 0 0
-3264 149 274 298 504611 0 0 0
626 -4581 291 145 331289 0 0 0
674 -2216 127 86 927966 0 0 0
5118 4932 64 338 526269 0 0 0
337 2160 354 96 985144 0 0 0
-3727 -4647 125 202 648162 0 0 0
-2507 -391 277 11 763576 0 0 0
-2277 -383 390 363 601173 0 0 0
1172 4210 189 64 819869 0 0 0
2059 -3012 407 98 981817 0 0 0
-1234 -1988 305 63 653773 0 0 0
-5202 1796 138 361 181720 0 0 0
-4667 -1247 397 204 365937 0 0 0
-1932 -2478 279 210 417340 0 0 0
-1156 -4413 393 315 280138 0 0 0
4842 -1064 34 390 301841 0 0 0
-3410 -1386 263 173 623984 0 0 0
3423 -900 389 99 804280 0 0 0
511 2727 213 26 218536 0 0 0
957 -3222 170 166 114435 0 0 0
-4324 -111 242 63 408405 0 0 0
-1422 -3708 62 301 514478 0 0 0
3377 2888 326 387 808500 0 0 0
3983 -3798 270 75 387368 0 0 0
-308 522 45 144 983776 0 0 0
-2071 3531 249 278 344033 0 0 0
2410 -1164 267 18 248856 0 0 0
-3855 1630 276 350 587063 0 0 0
-2036 -716 194 427 943713 0 0 0
3915 -3307 38 27 156372 0 0 0
-4001 4730 384 163 341914 0 0 0
-4038 1287 148 18 214348 0 0 0
-4003 -1026 93 50 182307 0 0 0
-1615 2484 102 305 538161 0 0 0
3709 -2448 312 403 454903 0 0 0
-1701 -3902 419 242 398179 0 0 0
-3382 4790 326 165 116850 0 0 0
3739 -1184 375 286 888773 0 0 0
-5291 3277 426 259 377377 0 0 0
2089 4849 270 90 204162 0 0 0
1460 -904 27 353 837886 0 0 0
3938 -4349 66 308 167524 0 0 0
2842 261 254 427 875261 0 0 0
4357 -3143 144 108 556840 0 0 0
1621 -2524 325 379 870926 0 0 0
-3763 1753 417 220 962607 0 0 0
1219 1562 434 92 917130 0 0 0
2806 -2883 25 427 123201 0 0 0
4788 4943 17 391 483750 0 0 0
3176 -3247 428 96 167854 0 0 0
-3322 -2070 235 415 797146 0 0 0
3304 -2927 230 353 302409 0 0 0
2878 -4356 157 81 408853 0 0 0
2615 1775 320 317 470870 0 0 0
-181 -3078 353 304 872474 0 0 0
3554 5033 416 414 554462 0 0 0
-2275 1913 19 406 711484 0 0 0
2349 2498 91 400 739746 0 0 0
-1316 2175 161 140 200906 0 0 0
1624 3227 406 165 591575 0 0 0
161 2656 337 376 192081 0 0 0
-2057 3718 307 393 226917 0 0 0
-2838 4474 42 339 488017 0 0 0
496 -1684 279 420 996648 0 0 0
-4083 3259 421 212 499338 0 0 0
2681 -2693 11 48 143831 0 0 0
1357 -700 393 177 121346 0 0 0
3041 3969 272 47 144786 0 0 0
-1127 2630 362 412 933384 0 0 0
2081 3881 252 276 554097 0 0 0
-3521 1679 152 114 352199 0 0 0
2223 -1856 253 51 899620 0 0 0
-307 -2582 195 30 860057 0 0 0
1559 -374 145 289 465356 0 0 0
-4260 -3229 230 149 979083 0 0 0
-4518 -4699 445 84 777738 0 0 0
1519 2521 420 230 930896 0 0 0
2592 4200 418 259 204514 0 0 0
-3475 -4723 239 20 709323 0 0 0
4400 -1123 13 339 934229 0 0 0
1860 2150 433 345 150399 0 0 0
-828 -1093 367 421 910192 0 0 0
3568 4179 131 124 431183 0 0 0
-35 -3802 203 242 854617 0 0 0
5053 342 13 240 512667 0 0 0
920 -3565 220 256 736212 0 0 0
-4316 -3882 9 8 387260 0 0 0
-5189 1196 182 235 779207 0 0 0
784 2509 420 35 185227 0 0 0
221 -1350 415 134 140618 0 0 0
-1592 -3061 226 312 109253 0 0 0
1396 4486 270 255 931930 0 0 0
-1121 240 56 55 692606 0 0 0
-3309 -1886 239 269 616503 0 0 0
-1504 -2277 394 59 376949 0 0 0
22 3476 383 308 355170 0 0 0
-4574 339 106 419 175022 0 0 0
2303 4871 66 286 922716 0 0 0
4916 -2709 181 151 121825 0 0 0
-2454 -1163 381 296 547793 0 0 0
1646 -4417 298 249 560754 0 0 0
-4822 -2848 237 202 486373 0 0 0
3355 -2376 93 184 950113 0 0 0
3329 -2921 20 74 220274 0 0 0
-2071 -4709 36 266 174570 0 0 0
-4514 -1709 269 359 373969 0 0 0
716 4535 38 258 736053 0 0 0
4308 -3850 308 143 536784 0 0 0
497 575 244 66 802336 0 0 0
-314 2274 405 285 175837 0 0 0
3379 -3498 427 308 311598 0 0 0
2126 5068 210 125 382733 0 0 0
-4352 5265 115 65 844106 0 0 0
2567 4732 374 128 282710 0 0 0
-2913 -1534 46 213 274418 0 0 0
-4584 -2491 383 301 614953 0 0 0
864 -988 26 347 985370 0 0 0
332 -1443 272 137 952165 0 0 0
3867 3184 76 84 674072 0 0 0
-3827 4263 394 356 407086 0 0 0
2271 -4022 67 128 564480 0 0 0
-4735 -1953 84 12 826826 0 0 0
8 -135 68 44 131516 0 0 0
3581 1435 338 7 170359 0 0 0
5271 -2045 129 327 672725 0 0 0
891 3160 257 335 658920 0 0 0
1419 -1226 406 261 159397 0 0 0
1977 -4541 202 395 985180 0 0 0
-1323 1156 303 92 198037 0 0 0
-4681 -1873 14 118 248314 0 0 0
-1097 -2704 205 291 537371 0 0 0
-2168 238 101 283 647477 0 0 0
-2374 727 303 410 776414 0 0 0
-3285 1931 445 351 243933 0 0 0
-3902 2147 94 143 801964 0 0 0
5005 -1285 40 182 845250 0 0 0
2366 578 109 261 244917 0 0 0
4984 -3335 211 301 772843 0 0 0
-3881 -603 233 206 435068 0 0 0
3769 739 271 265 492728 0 0 0
-3926 -4676 60 213 250910 0 0 0
1932 -4625 411 1 890449 0 0 0
-4827 -1848 137 226 889034 0 0 0
-1562 -2743 179 343 876125 0 0 0
2605 -3484 212 154 477010 0 0 0
4272 -1083 372 290 574558 0 0 0
-2495 2717 86 18 807796 0 0 0
3243 2840 332 114 783767 0 0 0
13 567 185 106 906205 0 0 0
3509 -865 321 352 350052 0 0 0
2824 1258 425 416 174781 0 0 0
5211 2074 262 314 307185 0 0 0
716 2694 448 306 748778 0 0 0
-3971 1000 278 421 632307 0 0 0
-3134 -3014 23 408 978393 0 0 0
382 2221 38 98 165191 0 0 0
3851 4727 153 339 296715 0 0 0
974 807 179 245 145233 0 0 0
4819 4315 224 344 636997 0 0 0
2874 -435 304 17 593730 0 0 0
1021 3192 35 346 971804 0 0 0
1000 576 15 219 436769 0 0 0
-3755 990 179 187 642959 0 0 0
926 71 210 26 280636 0 0 0
733 4685 261 33 485146 0 0 0
972 -1159 27 373 156908 0 0 0
-3731 -2833 437 435 338944 0 0 0
-2509 -1999 314 133 167319 0 0 0
-3768 -1150 263 145 453455 0 0 0
-2643 1478 378 8 317207 0 0 0
-1706 1518 248 294 219823 0 0 0
3604 -5046 394 107 905895 0 0 0
-3511 -3616 68 406 547046 0 0 0
-966 1219 175 129 608755 0 0 0
-4351 -1557 7 61 585606 0 0 0
952 -1925 110 185 960798 0 0 0
3746 -5206 193 154 203768 0 0 0
5107 -4970 182 315 441403 0 0 0
1161 -3673 93 169 366266 0 0 0
-3821 -2649 339 14 285849 0 0 0
2474 -516 314 382 543327 0 0 0
2435 -4154 264 78 445786 0 0 0
-592 4758 134 379 380472 0 0 0
-3932 2463 396 357 991379 0 0 0
1783 4041 368 123 225156 0 0 0
-3754 4086 275 133 133311 0 0 0
-4379 -2136 405 220 668630 0 0 0
1093 2064 199 284 762758 0 0 0
4923 4932 128 273 487172 0 0 0
1206 -2417 62 387 153993 0 0 0
1198 928 148 10 376506 0 0 0
3878 1328 143 298 842289 0 0 0
-991 770 18 52 541880 0 0 0
-3741 -1871 53 283 882548 0 0 0
4874 -1571 31 365 631262 0 0 0
3011 -1237 429 118 409315 0 0 0
-4683 3910 372 150 976935 0 0 0
2771 3988 313 353 217334 0 0 0
2544 -427 402 194 792816 0 0 0
270 -3686 94 94 406185 0 0 0
-2678 -4891 62 74 508711 0 0 0
-808 -1099 79 67 689447 0 0 0
-399 218 36 163 426267 0 0 0
2940 112 317 212 733155 0 0 0
2773 2204 32 298 120586 0 0 0
-3456 -3228 120 127 301093 0 0 0
3091 -904 273 136 228836 0 0 0
-4737 1153 211 275 349450 0 0 0
1168 -814 179 329 274227 0 0 0
2968 2236 239 15 607651 0 0 0
-719 177 28 195 315794 0 0 0
-2024 -4972 359 97 463257 0 0 0
3846 1865 328 411 722052 0 0 0
5083 -3199 366 127 467853 0 0 0
1900 1162 404 226 437676 0 0 0
-4503 -888 124 4 225813 0 0 0
2683 1750 146 42 941899 0 0 0
-2344 -2742 89 106 371098 0 0 0
4044 3570 201 58 467298 0 0 0
3916 704 352 244 542320 0 0 0
-3090 -417 58 113 446877 0 0 0
-4470 -1078 373 234 524031 0 0 0
1631 -3928 313 105 886297 0 0 0
36 344 340 29 366500 0 0 0
-3832 -5280 417 295 382235 0 0 0
-678 1981 358 2 908266 0 0 0
-3495 -2867 350 65 793534 0 0 0
4771 156 52 374 210428 0 0 0
-4162 1014 196 263 519313 0 0 0
1320 1647 69 26 503554 0 0 0
-3058 2151 176 381 452400 0 0 0
5127 4717 439 45 204523 0 0 0
-4911 4896 405 368 117494 0 0 0
-2574 -2209 138 347 942582 0 0 0
-3405 -1232 152 111 124092 0 0 0
917 -374 353 130 698577 0 0 0
302 2007 272 169 292896 0 0 0
-1355 1801 395 117 907698 0 0 0
-5154 -1844 204 187 763877 0 0 0
-5286 3398 442 346 995895 0 0 0
-2078 -3307 350 280 965343 0 0 0
1460 -2988 235 164 495402 0 0 0
4036 3977 366 31 486334 0 0 0
79 -3979 20 346 759642 0 0 0
4310 2353 324 238 729433 0 0 0
748 4347 153 119 683314 0 0 0
-1792 -4739 54 41 882130 0 0 0
4828 -1549 1 390 468856 0 0 0
256 2862 447 341 565644 0 0 0
4799 4645 367 204 467137 0 0 0
-3474 -3496 293 303 617597 0 0 0
3402 -4890 120 295 184626 0 0 0
1429 2066 213 346 422716 0 0 0
148 3432 208 421 381429 0 0 0
-2573 3808 162 182 148292 0 0 0
-1143 -3272 385 339 824706 0 0 0
-2110 3589 140 43 781313 0 0 0
-1341 -432 74 363 337161 0 0 0
-4071 -2748 46 124 144720 0 0 0
-2682 2711 187 221 697844 0 0 0
1918 -2590 121 372 300817 0 0 0
-4040 -4907 144 180 667215 0 0 0
-1347 4763 276 165 412642 0 0 0
-3133 -3822 309 76 697601 0 0 0
2181 4003 61 117 834640 0 0 0
401 4061 108 392 397592 0 0 0
4961 4157 206 209 511303 0 0 0
250 4530 8 111 212583 0 0 0
-4806 -4172 259 103 645168 0 0 0
-1487 -2862 376 10 363229 0 0 0
5268 2939 345 268 482108 0 0 0
-1938 -1239 416 177 142948 0 0 0
586 4461 405 338 720286 0 0 0
-5195 1381 334 425 491383 0 0 0
-1233 2501 305 37 877096 0 0 0
1397 -5185 275 430 513405 0 0 0
-232 3225 248 365 666990 0 0 0
-1568 3002 53 216 156161 0 0 0
635 3692 383 49 461314 0 0 0
3602 2475 169 351 774604 0 0 0
-3136 4222 259 23 647589 0 0 0
3185 -2215 251 416 738977 0 0 0
1382 3245 266 221 181176 0 0 0
-3465 -3628 84 122 243468 0 0 0
-4220 2722 425 332 576302 0 0 0
3309 -80 126 160 103788 0 0 0
1082 1310 9 321 627850 0 0 0
-5107 3309 193 142 476134 0 0 0
4650 1569 271 292 652858 0 0 0
2036 -2769 79 30 469871 0 0 0
2080 -3076 175 402 579941 0 0 0
1843 3433 306 195 276085 0 0 0
1390 -1409 270 337 603461 0 0 0
-449 -1552 149 106 310485 0 0 0
2120 934 190 133 493423 0 0 0
345 -3696 191 19 491484 0 0 0
3979 -4896 262 414 665223 0 0 0
-3065 -1043 97 3 409993 0 0 0
-1339 -4668 65 274 576238 0 0 0
3418 1487 402 212 301464 0 0 0
-4729 4269 92 235 235590 0 0 0
3616 -4388 48 188 335504 0 0 0
-5127 4388 33 2 297886 0 0 0
-3427 265 7 317 482526 0 0 0
-3705 -3205 150 355 301993 0 0 0
-912 796 141 280 826027 0 0 0
-3203 393 317 272 195396 0 0 0
1569 -4229 231 8 702876 0 0 0
-2898 -1120 205 345 788165 0 0 0
5126 3059 381 26 122712 0 0 0
991 -1418 74 345 610477 0 0 0
65 -1361 40 132 909644 0 0 0
3255 -2666 237 15 761846 0 0 0
5027 699 244 366 118306 0 0 0
4947 762 125 76 709203 0 0 0
-2314 -750 90 302 396257 0 0 0
-2088 -4898 380 319 645222 0 0 0
3075 3656 218 166 531919 0 0 0
-571 -4961 253 40 670845 0 0 0
2334 1752 105 130 997660 0 0 0
3141 -2812 322 304 320450 0 0 0
3558 3901 268 273 606173 0 0 0
-3516 -2979 123 231 247010 0 0 0
4537 -1826 191 360 551576 0 0 0
-5238 -3392 341 246 251097 0 0 0
458 396 297 99 782642 0 0 0
2333 3232 30 136 766520 0 0 0
1411 -406 442 319 676454 0 0 0
578 -2619 150 186 154802 0 0 0
407 368 386 253 825137 0 0 0
1383 -625 356 380 839029 0 0 0
4379 -4106 75 119 496406 0 0 0
2757 -4032 411 302 795169 0 0 0
5264 2067 378 98 968025 0 0 0
2931 -2778 53 301 697110 0 0 0
1025 -896 154 410 446202 0 0 0
-4748 3204 115 197 930298 0 0 0
-1251 1796 7 403 565260 0 0 0
-4126 -3506 364 55 950154 0 0 0
4762 -3187 121 126 301825 0 0 0
-2133 -2496 183 136 276832 0 0 0
5282 260 119 302 237242 0 0 0
5295 -190 406 298 866274 0 0 0
-4528 -1385 383 1 590858 0 0 0
2213 -1752 431 433 798176 0 0 0
-1708 2941 4 313 531182 0 0 0
3518 4439 316 390 367193 0 0 0
343 -1372 29 313 621828 0 0 0
-1212 3065 428 323 388583 0 0 0
1112 -1734 150 287 427755 0 0 0
1458 746 77 284 945688 0 0 0
-378 -1900 429 324 219342 0 0 0
3003 -4177 77 203 922025 0 0 0
4458 4030 323 138 401859 0 0 0
-4212 2855 106 280 328288 0 0 0
-3011 1481 251 51 697579 0 0 0
-2834 -3601 360 276 256416 0 0 0
2306 3839 61 53 690772 0 0 0
2063 3859 259 168 752765 0 0 0
3310 1300 235 305 233910 0 0 0
-1137 -3673 449 67 122952 0 0 0
-5259 4260 60 279 124820 0 0 0
3252 -4934 151 175 920140 0 0 0
-1996 -495 419 290 436242 0 0 0
3674 -100 22 47 200923 0 0 0
-4431 2458 275 40 295100 0 0 0
-1984 4518 137 154 709653 0 0 0
4550 534 20 132 709027 0 0 0
-4943 4651 56 219 576484 0 0 0
766 -1037 205 30 199502 0 0 0
-369 2677 369 23 645659 0 0 0
2099 -3797 361 11 509852 0 0 0
-3869 -2895 141 149 522885 0 0 0
-2401 3800 258 104 195913 0 0 0
4960 5273 36 367 331628 0 0 0
-5291 4714 2 18 421362 0 0 0
2124 2688 69 114 540816 0 0 0
4122 -2713 314 172 452300 0 0 0
5038 -3055 378 130 885236 0 0 0
2808 4995 13 256 721768 0 0 0
175 -1751 248 422 902601 0 0 0
-1870 3684 89 385 518387 0 0 0
-3506 -4791 329 394 883333 0 0 0
919 3744 25 284 172513 0 0 0
-4207 3297 358 268 996948 0 0 0
-2644 3386 189 122 768847 0 0 0
-4620 2452 254 434 248029 0 0 0
1148 434 375 417 196594 0 0 0
-4646 3284 76 178 989267 0 0 0
-3324 2489 2 104 106849 0 0 0
-2542 1100 290 72 283662 0 0 0
1913 -1840 362 379 659948 0 0 0
627 5123 138 261 655500 0 0 0
3886 2740 103 17 493320 0 0 0
-2579 2217 255 69 336391 0 0 0
4777 542 120 108 305082 0 0 0
831 1684 88 423 699306 0 0 0
3266 -1993 197 142 565665 0 0 0
3226 -3273 11 234 587521 0 0 0
-4614 1321 147 200 191306 0 0 0
1521 1990 130 146 404017 0 0 0
-4584 2628 305 225 193024 0 0 0
-5104 -868 285 414 192753 0 0 0
833 -424 255 22 799671 0 0 0
-243 -2529 89 283 558938 0 0 0
-2567 2749 368 86 672144 0 0 0
5257 -2157 325 263 429995 0 0 0
4336 -2390 191 265 124160 0 0 0
-4380 -3431 285 357 194655 0 0 0
-433 -491 12 202 779476 0 0 0
-3634 -2348 136 312 754623 0 0 0
-3683 -2303 158 358 986115 0 0 0
4320 -38 213 400 211994 0 0 0
4428 -732 399 349 234203 0 0 0
2275 3981 61 253 817533 0 0 0
-803 2347 42 40 606606 0 0 0
4428 622 82 291 138982 0 0 0
3966 3789 103 86 507676 0 0 0
710 -2125 81 152 398050 0 0 0
-5223 -4411 309 328 503709 0 0 0
3259 710 156 191 722646 0 0 0
-1699 -1686 194 23 551436 0 0 0
4175 2178 255 245 862187 0 0 0
-4097 -5253 64 323 108304 0 0 0
-963 1263 239 381 976890 0 0 0
-5278 -4072 105 88 697415 0 0 0
2103 -2074 233 216 629559 0 0 0
2423 3566 238 377 847897 0 0 0
-443 -3881 221 304 331294 0 0 0
-4243 5172 240 256 318577 0 0 0
-2255 1258 112 375 153324 0 0 0
-1638 -1400 286 277 765113 0 0 0
2021 -5023 169 316 730248 0 0 0
4919 1154 10 201 493125 0 0 0
2709 1290 78 196 534194 0 0 0
1871 2686 234 80 161246 0 0 0
2883 -3557 8 394 771817 0 0 0
4536 3369 135 396 573190 0 0 0
2862 -294 408 378 546367 0 0 0
2099 -4319 179 321 453852 0 0 0
3720 4442 237 122 955401 0 0 0
3418 -1902 318 260 227183 0 0 0
3386 3279 441 52 437030 0 0 0
-660 4430 335 91 911138 0 0 0
721 3288 312 187 955491 0 0 0
1406 5152 37 416 609948 0 0 0
4708 1638 400 340 610310 0 0 0
-2176 4612 210 60 793049 0 0 0
2562 4762 351 387 143436 0 0 0
-3453 5 380 31 520196 0 0 0
-2369 -2259 397 168 365933 0 0 0
-3421 4774 238 137 917152 0 0 0
1308 226 268 20 805597 0 0 0
-4437 -1245 153 25 571191 0 0 0
166 3997 50 426 797070 0 0 0
955 -509 101 199 622022 0 0 0
796 1738 306 96 331708 0 0 0
-4573 -2871 293 219 323932 0 0 0
26 -4733 84 93 369492 0 0 0
682 -2650 392 387 395350 0 0 0
-4320 -3326 14 410 869362 0 0 0
-2630 1070 401 153 897337 0 0 0
3594 4278 44 186 737040 0 0 0
1967 203 214 181 960614 0 0 0
1519 4593 362 389 501396 0 0 0
1479 4899 279 50 387226 0 0 0
1236 4023 119 116 644117 0 0 0
4311 -4295 428 163 178528 0 0 0
2902 3338 180 104 908035 0 0 0
-3679 3071 177 129 234701 0 0 0
4332 -4419 126 345 886809 0 0 0
2129 1433 367 182 917751 0 0 0
-3688 2802 183 283 648342 0 0 0
-956 4830 38 212 373255 0 0 0
1510 -3799 183 146 388578 0 0 0
-4206 3923 271 305 632582 0 0 0
-2770 2589 193 244 182349 0 0 0
2504 4967 193 383 384480 0 0 0
4259 5172 82 348 164433 0 0 0
2448 201 122 107 336476 0 0 0
1891 2023 181 279 578032 0 0 0
3144 3981 380 134 934362 0 0 0
-685 -1707 379 41 423601 0 0 0
4684 -4679 349 336 301501 0 0 0
2874 -4947 279 132 509092 0 0 0
-2438 -5089 324 147 439923 0 0 0
2899 -2751 209 66 691681 0 0 0
-3814 3839 365 95 165303 0 0 0
-560 -4349 96 352 320299 0 0 0
4639 904 164 4 232496 0 0 0
-727 -3865 160 368 887778 0 0 0
127 3764 260 418 207944 0 0 0
5220 4590 252 125 197876 0 0 0
-2651 19 150 133 594032 0 0 0
-4694 273 95 354 222924 0 0 0
-2660 3776 184 420 943294 0 0 0
1107 3722 229 70 719497 0 0 0
3233 -2607 351 419 550932 0 0 0
1769 1378 153 218 435126 0 0 0
4085 2494 89 288 444966 0 0 0
2334 -420 424 290 360161 0 0 0
-3735 2140 374 16 570013 0 0 0
-544 3007 208 353 787622 0 0 0
-3746 -823 325 275 900923 0 0 0
4944 1236 256 232 256602 0 0 0
-1278 1209 337 226 895891 0 0 0
848 -4906 355 245 792970 0 0 0
-3934 5046 270 435 287989 0 0 0
4424 -2231 81 211 910076 0 0 0
-2296 2267 134 90 913847 0 0 0
4889 1082 357 215 932934 0 0 0
2429 3626 88 268 480396 0 0 0
-2180 -1184 366 239 909971 0 0 0
-3393 4684 101 137 591865 0 0 0
-2086 -5289 55 110 171067 0 0 0
-3373 -4502 11 372 843825 0 0 0
-4303 -4300 74 316 378112 0 0 0
871 -2663 252 378 783574 0 0 0
966 -3140 82 421 794563 0 0 0
-4361 -3542 379 271 719148 0 0 0
-1461 867 167 42 491885 0 0 0
-1818 4679 422 361 864568 0 0 0
541 1475 211 346 715899 0 0 0
-4018 -4381 26 68 124730 0 0 0
2515 1703 332 212 798581 0 0 0
851 3302 154 142 544405 0 0 0
-1071 -2489 276 404 636398 0 0 0
-4158 392 278 396 744564 0 0 0
3077 1834 111 75 321550 0 0 0
-1435 -3614 222 226 307031 0 0 0
4731 2769 263 54 528059 0 0 0
-4287 3984 404 318 622551 0 0 0
2378 1303 275 186 619112 0 0 0
-1609 -2219 417 144 165471 0 0 0
-2844 -4073 428 29 590244 0 0 0
-1563 1341 168 9 475227 0 0 0
-857 3885 155 81 113599 0 0 0
-1448 -482 145 426 454567 0 0 0
-2300 -4412 393 72 777828 0 0 0
-625 -4156 246 328 164966 0 0 0
88 -371 419 264 968745 0 0 0
4557 374 246 351 203736 0 0 0
-4795 -876 94 111 652099 0 0 0
495 -5103 331 122 201296 0 0 0
-2711 5125 265 422 439451 0 0 0
-670 -1636 137 243 484079 0 0 0
-2369 2834 57 115 522850 0 0 0
4573 -5048 356 415 884646 0 0 0
-4129 -892 79 92 932393 0 0 0
2696 -579 145 118 314547 0 0 0
-3504 1957 315 117 400578 0 0 0
-282 1640 64 67 553084 0 0 0
666 -4178 361 372 976016 0 0 0
4900 -254 167 386 618402 0 0 0
-4786 4413 81 6 566184 0 0 0
-3607 3739 126 434 150578 0 0 0
-5005 -9 245 436 251122 0 0 0
2079 -2390 202 146 759011 0 0 0
-4202 2590 163 308 104270 0 0 0
-3565 -4698 108 215 695907 0 0 0
4275 -1875 288 360 780054 0 0 0
-1227 -3945 144 333 411985 0 0 0
2010 -1745 38 315 476446 0 0 0
2734 2131 192 86 953201 0 0 0
1052 -3271 66 404 972761 0 0 0
3992 -3960 448 408 837179 0 0 0
-3819 -2158 367 197 874860 0 0 0
-4671 4166 423 323 107592 0 0 0
-3557 3084 439 277 882000 0 0 0
-825 5142 253 144 498103 0 0 0
-772 4690 340 97 264239 0 0 0
-1540 -2802 328 347 929052 0 0 0
-2976 -824 181 435 912716 0 0 0
3105 3805 93 9 671696 0 0 0
2134 1442 89 117 666427 0 0 0
2023 5186 380 349 793030 0 0 0
3824 5141 146 14 243952 0 0 0
-2419 -2295 217 322 353286 0 0 0
-2759 -413 256 15 190257 0 0 0
2897 -1264 175 214 355181 0 0 0
-3035 608 215 115 438909 0 0 0
1249 4273 107 155 171707 0 0 0
-3956 1161 188 214 356891 0 0 0
1655 1271 401 38 847475 0 0 0
4337 -2407 185 208 286861 0 0 0
-5039 3527 149 331 110136 0 0 0
-4989 -5040 170 36 837410 0 0 0
284 2594 95 394 521532 0 0 0
-2469 -94 152 196 485639 0 0 0
-3771 2765 22 346 274665 0 0 0
-4683 672 184 268 879216 0 0 0
3042 721 98 6 568017 0 0 0
4801 -2060 232 143 940764 0 0 0
5124 -3150 313 103 872250 0 0 0
4809 1385 114 436 796794 0 0 0
-1592 -5280 435 119 794749 0 0 0
-4826 -2482 81 72 183521 0 0 0
5188 4237 406 232 151281 0 0 0
-696 4404 53 363 711474 0 0 0
-1429 2559 404 66 224819 0 0 0
-4753 32 371 422 882734 0 0 0
338 434 278 140 418150 0 0 0
3870 2572 430 48 814956 0 0 0
-2390 -4416 16 422 470524 0 0 0
-2691 -1401 190 382 978860 0 0 0
1479 1589 61 377 663452 0 0 0
4656 1535 169 66 135467 0 0 0
-3699 -2680 44 132 938231 0 0 0
-602 -575 368 401 819783 0 0 0
-3091 725 397 13 104820 0 0 0
-2545 1496 324 397 641124 0 0 0
-686 2849 221 385 473805 0 0 0
-4481 -1532 443 416 449511 0 0 0
3784 3666 272 22 538895 0 0 0
-4957 2510 165 44 878717 0 0 0
2110 -4048 217 272 660130 0 0 0
-169 -5156 305 138 979679 0 0 0
-601 5045 374 186 758318 0 0 0
3323 1357 52 384 137590 0 0 0
-435 -3458 24 106 227517 0 0 0
218 -4791 270 238 962129 0 0 0
694 3083 279 19 538478 0 0 0
-1508 4502 119 61 989283 0 0 0
1336 2634 342 150 371354 0 0 0
2753 2852 424 39 436194 0 0 0
-1980 -935 193 103 434099 0 0 0
-1299 -3242 380 340 697065 0 0 0
1771 -821 48 333 994977 0 0 0
4609 -877 66 289 857371 0 0 0
-213 -2947 108 241 167549 0 0 0
-2770 5255 107 291 328820 0 0 0
3384 304 293 8 705987 0 0 0
-2224 -4682 86 166 574022 0 0 0
-2702 -4622 448 230 192613 0 0 0
-915 -2697 236 320 292426 0 0 0
381 4764 175 296 633573 0 0 0
4473 3055 91 346 259680 0 0 0
3351 -88 283 328 404446 0 0 0
-1954 509 204 255 533696 0 0 0
-1326 -3164 63 424 923920 0 0 0
-4895 3558 429 244 610110 0 0 0
-1921 -2032 409 96 952994 0 0 0
1260 726 423 162 591475 0 0 0
-4164 2929 447 262 890326 0 0 0
2652 1239 226 33 799733 0 0 0
-677 4909 382 354 194895 0 0 0
-4420 -3607 129 52 291300 0 0 0
1798 5155 214 265 912932 0 0 0
3908 -3106 190 232 472999 0 0 0
-4196 -3298 225 368 379614 0 0 0
-4880 -704 234 433 392124 0 0 0
2291 -1509 262 434 144285 0 0 0
-220 -1200 20 26 718943 0 0 0
-5085 2707 341 142 752691 0 0 0
-2224 1128 236 408 660710 0 0 0
1479 4245 432 413 264162 0 0 0
-3093 1188 160 47 584262 0 0 0
4849 249 195 353 227577 0 0 0
-2096 -3049 240 358 141420 0 0 0
1989 -968 173 170 301416 0 0 0
-1976 -441 406 226 865348 0 0 0
-3138 -3837 444 23 904273 0 0 0
5254 3901 384 393 782382 0 0 0
4279 872 432 182 929718 0 0 0
2626 -919 323 3 675369 0 0 0
5250 -4816 65 426 435745 0 0 0
-3960 903 270 81 368960 0 0 0
-2140 3752 313 70 948860 0 0 0
218 -2721 391 52 392356 0 0 0
-1141 3492 104 147 748881 0 0 0
1638 4778 334 283 499466 0 0 0
5135 3887 269 355 354927 0 0 0
3759 285 388 423 995860 0 0 0
-607 2527 259 320 983955 0 0 0
2961 3488 185 264 701745 0 0 0
1136 -372 327 163 451481 0 0 0
-1138 -4947 64 410 568660 0 0 0
-5191 4429 69 152 941516 0 0 0
-3802 137 384 168 814753 0 0 0
-2697 -2333 358 89 420419 0 0 0
-3814 -191 378 224 882136 0 0 0
1835 -3456 444 367 894433 0 0 0
-3945 3243 261 148 567263 0 0 0
-465 -2143 42 398 921891 0 0 0
-1808 -3945 125 190 787619 0 0 0
-4646 -3531 328 303 405438 0 0 0
4718 4547 213 245 443940 0 0 0
-134 -2817 121 342 177265 0 0 0
4726 -2573 153 362 671728 0 0 0
-5039 -2941 110 10 966246 0 0 0
-4408 -3239 183 57 275791 0 0 0
1203 -4842 38 113 496385 0 0 0
2952 1529 408 281 392686 0 0 0
4244 -4168 306 252 578001 0 0 0
500 -5263 305 330 207228 0 0 0
2177 3376 368 149 345900 0 0 0
-1572 -4390 378 427 493858 0 0 0
1885 -431 299 178 904066 0 0 0
1335 -2263 202 56 335825 0 0 0
-1594 -3677 45 264 320030 0 0 0
397 -2665 221 105 320003 0 0 0
1096 5171 248 84 552875 0 0 0
-2046 1358 38 203 800574 0 0 0
2775 -1354 47 51 285249 0 0 0
3230 -2731 292 146 765726 0 0 0
1889 -1743 148 140 942780 0 0 0
2541 -2397 296 263 964721 0 0 0
-4293 3324 65 165 428103 0 0 0
4070 -1875 416 229 376136 0 0 0
4310 447 107 274 114157 0 0 0
2248 4655 351 29 752520 0 0 0
5015 3070 387 258 703515 0 0 0
4817 -1995 429 364 231638 0 0 0
3718 -2706 223 161 768173 0 0 0
3308 -4510 203 415 264140 0 0 0
3979 1669 4 195 343883 0 0 0
3862 3949 382 168 462398 0 0 0
-2793 4241 149 38 748038 0 0 0
-3417 2994 270 409 897986 0 0 0
995 1591 388 170 444590 0 0 0
4574 210 87 282 915798 0 0 0
3156 4718 432 302 542090 0 0 0
3972 -2782 32 2 888475 0 0 0
3422 2723 87 296 933036 0 0 0
-4059 -667 419 383 659372 0 0 0
-4155 -4503 356 32 672689 0 0 0
2217 -3000 59 113 677577 0 0 0
-585 -3960 218 291 442975 0 0 0
-2824 2013 435 20 981648 0 0 0
-2298 771 312 260 975897 0 0 0
3903 3385 291 285 294502 0 0 0
-3508 2748 115 72 513838 0 0 0
4091 -5098 82 287 680538 0 0 0
4598 -4988 27 265 283491 0 0 0
-106 1654 331 1 684147 0 0 0
3192 1328 213 184 777315 0 0 0
-4495 1302 422 384 379702 0 0 0
3739 516 235 281 373457 0 0 0
-4926 2127 221 401 984491 0 0 0
-2180 -1802 49 376 642512 0 0 0
1324 4946 444 284 269741 0 0 0
-2800 -2295 35 102 473259 0 0 0
4166 4099 226 128 925975 0 0 0
-3875 1815 275 10 598958 0 0 0
-5106 2741 431 318 805717 0 0 0
-3122 -1333 214 355 187687 0 0 0
800 5230 165 98 613251 0 0 0
-1760 -3844 157 15 421147 0 0 0
-5041 4882 40 82 857426 0 0 0
1440 443 83 431 120173 0 0 0
1339 -1215 193 326 604407 0 0 0
-1010 128 441 21 364596 0 0 0
2117 4321 101 305 476695 0 0 0
-514 -5126 426 372 280422 0 0 0
-2191 4037 419 284 803761 0 0 0
-731 -886 118 165 529444 0 0 0
577 382 295 301 731022 0 0 0
3797 4522 16 125 909764 0 0 0
-3431 1656 200 417 940397 0 0 0
-5124 3307 421 176 784822 0 0 0
-4702 -3491 139 200 366735 0 0 0
-1560 2584 65 321 188868 0 0 0
-488 -5183 171 194 204370 0 0 0
-3541 84 253 233 786878 0 0 0
653 -3857 126 214 335405 0 0 0
-2798 3093 437 24 898743 0 0 0
4753 4837 322 244 421239 0 0 0
1511 -373 160 236 691533 0 0 0
224 -5018 293 260 465424 0 0 0
-677 892 193 305 870406 0 0 0
-4328 2921 86 66 849831 0 0 0
2772 67 369 331 737861 0 0 0
-4898 -5276 194 417 193490 0 0 0
-1050 -1029 136 74 135240 0 0 0
-1253 -1632 157 431 279649 0 0 0
-5184 -2881 163 101 266812 0 0 0
-3515 -4962 119 260 655200 0 0 0
4280 -3731 279 157 257625 0 0 0
-1364 -1151 399 183 348462 0 0 0
-835 -981 250 382 618409 0 0 0
3269 -1915 110 379 358569 0 0 0
-3428 4282 83 370 193446 0 0 0
-1606 1352 111 153 121613 0 0 0
-4363 3563 388 264 851927 0 0 0
-1862 4900 106 200 916432 0 0 0
2928 2748 161 188 229822 0 0 0
-5066 -4101 426 403 436052 0 0 0
4522 727 175 319 555788 0 0 0
-2053 -214 21 339 429363 0 0 0
1492 -2223 415 227 998885 0 0 0
-129 3985 431 321 253811 0 0 0
-4165 -1747 101 360 669323 0 0 0
3551 1439 405 194 438604 0 0 0
-3448 2698 101 82 843483 0 0 0
-4317 2291 9 315 833715 0 0 0
-47 -3266 260 427 194713 0 0 0
-703 2510 110 29 203754 0 0 0
1459 3074 273 377 743376 0 0 0
-3304 3734 29 224 637449 0 0 0
5247 473 84 361 919938 0 0 0
-4094 -2087 22 112 575729 0 0 0
2123 4510 174 51 466841 0 0 0
-2359 4436 248 225 490647 0 0 0
2081 894 89 23 818674 0 0 0
159 -5192 158 63 502694 0 0 0
-1011 -982 93 291 987593 0 0 0
-3384 5130 93 345 454913 0 0 0
-56 -3528 269 334 794432 0 0 0
1013 824 114 26 342373 0 0 0
-2417 2884 237 284 800511 0 0 0
2576 2921 162 378 538818 0 0 0
-2526 -4591 223 56 528682 0 0 0
-1207 3648 349 362 801050 0 0 0
-3597 -3081 247 246 850503 0 0 0
-5016 -2044 390 305 269157 0 0 0
-4917 5238 278 127 119953 0 0 0
-2759 3441 34 20 490900 0 0 0
3199 -1534 317 80 670090 0 0 0
-2096 3841 290 270 978636 0 0 0
-3501 -2547 169 218 817501 0 0 0
2092 -4925 190 8 315380 0 0 0
-1110 -3345 6 26 787474 0 0 0
3574 1417 148 77 518453 0 0 0
1715 3766 251 34 170219 0 0 0
1608 2826 422 226 938317 0 0 0
3284 1983 415 352 609868 0 0 0
-4415 2035 17 211 131182 0 0 0
-825 4563 448 310 798988 0 0 0
-3536 -4989 366 376 924230 0 0 0
3540 -1321 389 45 709383 0 0 0
3992 1365 143 28 691950 0 0 0
-2004 1204 318 35 941504 0 0 0
553 -4395 429 98 885070 0 0 0
2686 5139 326 33 311422 0 0 0
-1573 -4147 388 121 886734 0 0 0
-1833 1818 353 188 774619 0 0 0
1581 -2525 272 226 596447 0 0 0
376 -3507 389 289 246267 0 0 0
3789 -1578 389 318 720711 0 0 0
3821 4976 264 370 555354 0 0 0
1309 -1155 170 130 710527 0 0 0
4050 5178 170 53 303974 0 0 0
2937 -5233 428 178 471776 0 0 0
-4034 -2049 64 364 684595 0 0 0
-364 -1455 195 109 568106 0 0 0
-2845 -1599 2 215 531629 0 0 0
4100 4779 27 409 873418 0 0 0
768 -1908 291 145 508190 0 0 0
-2574 4794 403 418 129872 0 0 0
-3809 5217 179 126 815046 0 0 0
4726 -4862 258 351 571682 0 0 0
4579 4348 410 18 396241 0 0 0
-4072 4225 108 66 464083 0 0 0
-1995 1061 301 338 520630 0 0 0
-4020 3952 52 128 659033 0 0 0
-4791 550 413 414 101439 0 0 0
2754 -2935 389 359 369333 0 0 0
-5081 -3311 125 97 113777 0 0 0
3944 -5107 368 398 442408 0 0 0
-3940 4531 163 70 612971 0 0 0
-3365 -1417 344 97 877421 0 0 0
2568 3840 126 174 960572 0 0 0
418 3649 121 417 307421 0 0 0
-1643 4495 179 362 636893 0 0 0
4343 -4942 416 36 293710 0 0 0
1242 3790 109 261 752593 0 0 0
1538 -1830 162 335 243734 0 0 0
690 2886 166 149 185676 0 0 0
-1871 2398 164 145 235998 0 0 0
-3469 146 155 410 971473 0 0 0
4696 1604 59 245 126272 0 0 0
-2767 1659 179 270 190693 0 0 0
-269 -2257 407 328 612020 0 0 0
-1076 -3763 196 36 105800 0 0 0
-3485 -1849 160 169 573740 0 0 0
2924 1856 119 316 717168 0 0 0
3762 -3854 375 181 512227 0 0 0
3447 138 392 145 817811 0 0 0
1409 313 95 343 596672 0 0 0
-598 153 125 343 771232 0 0 0
2639 -5195 139 134 953116 0 0 0
1872 -380 431 150 891526 0 0 0
4085 -5189 346 249 327541 0 0 0
2457 1060 148 399 444834 0 0 0
1484 -5074 132 153 698292 0 0 0
-1973 -3913 426 195 918291 0 0 0
4511 92 276 3 551236 0 0 0
-1676 2085 165 171 560984 0 0 0
-4364 1389 227 51 414464 0 0 0
-4183 4707 49 418 526094 0 0 0
-1663 -1912 363 293 620972 0 0 0
1001 2105 393 317 905699 0 0 0
-2521 -2466 391 27 913521 0 0 0
445 -886 379 100 460126 0 0 0
3206 -1156 337 360 441891 0 0 0
-2729 147 274 58 701778 0 0 0
-4852 -2198 365 305 974218 0 0 0
5259 -1065 242 223 324579 0 0 0
2190 -3004 15 226 731639 0 0 0
4387 1667 403 434 819180 0 0 0
-1308 -2203 15 275 328893 0 0 0
-1934 -3171 411 317 698807 0 0 0
23 4740 384 88 997038 0 0 0
-1177 4625 110 282 709522 0 0 0
-1752 -1414 223 219 996040 0 0 0
932 2457 144 44 741176 0 0 0
5097 -2459 60 277 897640 0 0 0
4632 -231 285 391 862260 0 0 0
189 -178 139 76 880847 0 0 0
-1613 1025 209 110 402440 0 0 0
1695 -806 200 164 812372 0 0 0
5048 -215 435 304 942214 0 0 0
-1257 3276 149 327 716705 0 0 0
-270 -2978 138 369 665456 0 0 0
4494 -2418 442 300 550632 0 0 0
4500 3273 14 434 282139 0 0 0
2819 -4341 169 64 837761 0 0 0
3718 -1884 217 189 166462 0 0 0
-1745 912 16 180 907355 0 0 0
2321 -1881 279 202 606321 0 0 0
3203 2161 408 210 550170 0 0 0
3184 1391 118 15 322048 0 0 0
2783 -1967 301 93 420427 0 0 0
-1028 -4015 141 342 820331 0 0 0
-3242 -4425 437 219 832016 0 0 0
36 5180 306 433 745284 0 0 0
3279 -3319 250 254 915305 0 0 0
4938 -2140 281 302 801209 0 0 0
868 2006 140 15 203268 0 0 0
4076 -3409 323 124 195566 0 0 0
1504 393 93 365 355713 0 0 0
-480 -2779 221 160 517974 0 0 0
-3873 -2571 180 371 832476 0 0 0
-3739 -979 298 286 485061 0 0 0
254 -2464 31 356 372355 0 0 0
652 -3700 193 195 334467 0 0 0
4748 -239 8 134 195639 0 0 0
-3573 4707 4 231 169060 0 0 0
4757 2841 145 163 328474 0 0 0
-1527 3816 174 257 473174 0 0 0
-3556 2923 426 284 524084 0 0 0
3108 2061 5 89 291508 0 0 0
-1907 -503 16 123 254716 0 0 0
-2629 1663 223 110 466030 0 0 0
-1373 -718 63 95 790760 0 0 0
-2745 -137 413 335 374729 0 0 0
1226 1562 372 50 623210 0 0 0
-4800 1128 220 225 231777 0 0 0
2299 -840 112 28 652631 0 0 0
420 3277 79 215 130543 0 0 0
1319 4952 163 321 640573 0 0 0
-19 -2716 329 111 103641 0 0 0
4251 2617 404 155 751520 0 0 0
649 4775 260 435 664013 0 0 0
-599 5027 291 297 789979 0 0 0
-3583 2343 341 191 621415 0 0 0
-1019 -3154 353 366 144840 0 0 0
3881 -2599 106 55 894170 0 0 0
4777 -4589 272 249 443057 0 0 0
4237 -1180 329 116 341018 0 0 0
-5178 -4021 100 257 738130 0 0 0
4475 1472 298 33 817778 0 0 0
-4628 -2384 50 358 997171 0 0 0
4855 5256 261 350 752342 0 0 0
-4818 -1495 260 209 124885 0 0 0
4593 2419 355 35 839354 0 0 0
-3385 571 140 46 853408 0 0 0
-956 2411 88 286 484802 0 0 0
-4413 1696 268 260 120206 0 0 0
-3898 3567 191 117 149845 0 0 0
-4190 1806 307 196 122234 0 0 0
-2178 -5190 109 71 885682 0 0 0
-3757 173 222 172 907228 0 0 0
922 3236 190 422 425284 0 0 0
3684 -942 196 88 370918 0 0 0
3797 -4122 275 145 974188 0 0 0
-933 1621 191 383 741780 0 0 0
4816 2593 273 195 793605 0 0 0
-1076 -911 216 23 815941 0 0 0
71 4467 326 292 494117 0 0 0
-1927 4787 346 115 658832 0 0 0
3714 -499 131 136 183251 0 0 0
-1003 4097 236 17 779743 0 0 0
-1044 3020 421 298 789103 0 0 0
-443 2277 155 279 203980 0 0 0
-237 -5070 376 164 418755 0 0 0
1230 2374 46 256 322946 0 0 0
-134 -4708 152 89 555723 0 0 0
-2808 -5214 134 51 682342 0 0 0
3288 -3429 63 216 452008 0 0 0
2656 -3524 84 80 786743 0 0 0
-381 -5090 345 156 147022 0 0 0
4485 3134 191 403 582676 0 0 0
-3478 -1669 328 409 491996 0 0 0
-4906 4220 333 110 900102 0 0 0
-2687 1779 240 321 573257 0 0 0
3814 4801 7 369 295324 0 0 0
-935 -725 126 121 355775 0 0 0
5223 1032 272 354 122668 0 0 0
830 2141 7 271 442819 0 0 0
-1350 4639 184 370 714043 0 0 0
838 468 348 349 174778 0 0 0
932 -4463 172 335 194775 0 0 0
2831 -553 183 418 612363 0 0 0
-3835 646 331 135 760951 0 0 0
2094 326 408 125 688173 0 0 0
-5148 -535 135 247 490697 0 0 0
-3020 -447 50 44 575187 0 0 0
5288 -2623 35 20 566908 0 0 0
-4081 -5070 276 112 657517 0 0 0
2908 -1943 393 227 216441 0 0 0
-4636 2942 337 70 881224 0 0 0
3262 -319 121 151 695103 0 0 0
1377 -1302 31 58 736716 0 0 0
-2949 -2095 139 371 747484 0 0 0
-4063 -4600 70 76 951605 0 0 0
-2551 1764 360 152 474944 0 0 0
2518 -721 316 294 345491 0 0 0
