2900
-2184 1259 97 105 816781 0 0 0
-2718 1206 95 83 636766 0 0 0
-2097 1506 72 68 999197 0 0 0
-2745 1470 124 103 456190 0 0 0
-2129 939 70 73 421616 0 0 0
-2387 1229 89 75 863345 0 0 0
-1970 924 105 92 277869 0 0 0
-1524 562 117 113 404097 0 0 0
-1653 1210 113 87 454278 0 0 0
-2080 1459 79 75 906816 0 0 0
-2678 1997 78 102 805937 0 0 0
-3091 1416 110 91 505835 0 0 0
-2992 2080 87 87 480674 0 0 0
-3322 1367 106 104 401789 0 0 0
-3444 956 82 109 559681 0 0 0
-4107 995 70 62 261159 0 0 0
-4277 374 121 60 230609 0 0 0
-4944 371 123 83 345134 0 0 0
-5077 1008 125 103 156252 0 0 0
-4555 479 78 84 358647 0 0 0
-5212 -105 105 111 348484 0 0 0
-5317 486 91 111 798834 0 0 0
-5687 844 77 104 630228 0 0 0
-5420 1313 81 92 102625 0 0 0
-5052 2019 100 101 558351 0 0 0
-5762 1410 65 107 565339 0 0 0
-6447 1398 123 99 271889 0 0 0
-7163 1079 101 98 785534 0 0 0
-6652 414 101 108 985621 0 0 0
-7353 334 103 102 490412 0 0 0
-7810 -66 66 73 432402 0 0 0
-8330 -465 123 90 607576 0 0 0
-7637 8 101 65 555518 0 0 0
-7203 403 106 65 238753 0 0 0
1319 -1974 92 82 663262 0 0 0
1091 -1704 63 101 876805 0 0 0
1092 -1052 94 100 814736 0 0 0
1754 -1482 120 80 377779 0 0 0
2405 -1048 123 79 275633 0 0 0
3064 -1013 97 57 524911 0 0 0
3610 -1256 104 83 518133 0 0 0
4309 -1569 96 64 235983 0 0 0
3696 -1808 125 63 178881 0 0 0
3856 -1482 95 57 754196 0 0 0
4381 -2062 106 80 804475 0 0 0
4798 -1944 83 108 749563 0 0 0
4724 -1576 96 98 630005 0 0 0
4568 -889 105 62 356948 0 0 0
5217 -953 118 102 983683 0 0 0
4927 -1539 70 113 141402 0 0 0
4808 -2052 102 56 547462 0 0 0
4288 -2703 64 64 116555 0 0 0
4796 -2167 118 107 752443 0 0 0
4589 -1760 88 83 454097 0 0 0
4014 -2443 75 66 958873 0 0 0
4509 -2584 71 101 677265 0 0 0
4470 -2943 103 65 267124 0 0 0
4940 -3330 64 102 637172 0 0 0
4411 -2734 71 67 815921 0 0 0
3686 -3430 92 82 145294 0 0 0
3332 -3308 81 100 694643 0 0 0
3702 -3732 85 71 577403 0 0 0
4125 -4383 106 111 862146 0 0 0
4735 -3708 103 98 971975 0 0 0
5386 -3399 106 99 930605 0 0 0
5179 -2746 71 84 160839 0 0 0
4479 -2753 95 57 907145 0 0 0
4623 -3233 92 108 153771 0 0 0
4429 -3083 120 72 337869 0 0 0
4305 -3147 85 73 928428 0 0 0
4682 -2520 63 107 408388 0 0 0
4495 -2166 113 98 522543 0 0 0
4069 -1848 123 83 832587 0 0 0
3599 -1347 109 98 324883 0 0 0
4241 -1968 79 70 632798 0 0 0
4456 -2092 110 80 497567 0 0 0
5059 -2341 85 89 624312 0 0 0
5537 -1712 115 79 687521 0 0 0
6056 -1179 116 57 250153 0 0 0
5580 -777 86 104 548465 0 0 0
4970 -931 82 61 152152 0 0 0
5200 -1551 80 57 706804 0 0 0
4741 -1225 110 101 315717 0 0 0
4189 -645 99 61 675771 0 0 0
4414 -1166 70 84 518790 0 0 0
4935 -640 93 61 784189 0 0 0
5582 -288 105 59 199726 0 0 0
5436 -195 78 100 316886 0 0 0
5380 0 69 56 544201 0 0 0
5354 355 71 103 790357 0 0 0
5679 -239 72 72 504924 0 0 0
6309 -550 107 93 754855 0 0 0
1618 160 98 112 553319 0 0 0
1208 -64 75 110 840979 0 0 0
1189 -355 104 91 534669 0 0 0
1162 -520 64 73 380259 0 0 0
1684 -775 73 106 623129 0 0 0
2192 -131 124 60 105064 0 0 0
2727 323 125 84 289778 0 0 0
2758 -394 118 56 934001 0 0 0
2377 -1010 102 110 377348 0 0 0
2628 -913 105 65 973707 0 0 0
3127 -783 74 89 866067 0 0 0
2577 -331 64 58 624610 0 0 0
2163 -764 98 58 380056 0 0 0
2094 -1425 83 62 691607 0 0 0
2306 -1200 116 101 484445 0 0 0
2214 -1222 77 96 963885 0 0 0
1670 -504 64 106 988093 0 0 0
2259 -845 100 71 580291 0 0 0
2385 -1411 80 85 542856 0 0 0
2603 -1777 110 64 189715 0 0 0
2047 -1866 86 73 915990 0 0 0
1646 -1809 102 76 155753 0 0 0
1437 -1232 77 60 601055 0 0 0
1173 -1151 83 67 269389 0 0 0
1875 -1585 122 61 910789 0 0 0
2156 -1863 77 91 422312 0 0 0
2025 -1169 81 82 221012 0 0 0
2163 -498 76 96 866040 0 0 0
1821 198 100 62 590797 0 0 0
1453 67 106 63 673004 0 0 0
1635 636 68 82 639912 0 0 0
2221 578 113 91 897749 0 0 0
2824 46 68 79 603235 0 0 0
2939 -96 78 106 379286 0 0 0
3071 158 109 74 247120 0 0 0
3093 -528 81 61 247897 0 0 0
3764 -454 123 72 366412 0 0 0
4170 -572 91 102 419585 0 0 0
3670 -16 113 92 845633 0 0 0
4240 503 96 61 828157 0 0 0
4808 640 105 62 504913 0 0 0
5326 435 116 74 301592 0 0 0
5540 -27 108 77 512792 0 0 0
6136 391 86 75 900559 0 0 0
6550 -168 120 95 956336 0 0 0
6197 393 72 110 784688 0 0 0
6112 -185 69 74 613202 0 0 0
5991 -375 104 71 475980 0 0 0
5463 -326 86 82 231107 0 0 0
5778 -1016 91 111 620913 0 0 0
5314 -590 89 85 283305 0 0 0
5024 -720 101 76 615741 0 0 0
4398 -850 120 57 917847 0 0 0
4236 -713 101 106 771894 0 0 0
3831 -769 91 70 388055 0 0 0
3423 -183 104 113 386552 0 0 0
3196 -597 116 78 166159 0 0 0
3704 -1098 74 71 800337 0 0 0
4331 -1079 125 66 608490 0 0 0
3916 -670 100 101 911387 0 0 0
4139 -1175 114 98 123962 0 0 0
3781 -1391 86 107 232283 0 0 0
1686 -654 100 67 416098 0 0 0
1747 -405 124 66 794920 0 0 0
1072 -916 96 57 355535 0 0 0
782 -1484 96 80 109090 0 0 0
812 -1065 64 112 516009 0 0 0
173 -674 105 66 373953 0 0 0
49 -506 86 57 485796 0 0 0
-92 -345 72 92 888205 0 0 0
-324 -586 123 112 937031 0 0 0
-490 -317 85 106 772233 0 0 0
-1082 -339 96 68 117231 0 0 0
-1451 113 104 109 836906 0 0 0
-763 556 119 103 160444 0 0 0
-769 750 123 87 953105 0 0 0
-706 937 101 64 588463 0 0 0
-1049 910 113 94 236110 0 0 0
-1023 408 80 104 941935 0 0 0
-1535 162 86 95 422913 0 0 0
-1695 -254 74 101 909664 0 0 0
-1642 -672 72 110 104246 0 0 0
910 -107 124 81 132103 0 0 0
1535 82 103 95 119162 0 0 0
1178 -497 75 63 804156 0 0 0
1255 36 116 60 528566 0 0 0
931 472 125 110 624220 0 0 0
1607 1148 77 107 379663 0 0 0
2134 1540 120 64 170870 0 0 0
2813 2139 112 73 985256 0 0 0
2448 2179 102 69 714596 0 0 0
2861 2899 95 109 719934 0 0 0
3022 2786 64 84 134200 0 0 0
3130 2409 107 90 197769 0 0 0
3432 1950 122 57 769453 0 0 0
3169 1697 118 88 294474 0 0 0
3678 1737 63 93 961635 0 0 0
3278 1291 75 77 653838 0 0 0
2600 1462 85 80 650204 0 0 0
2129 873 67 102 739231 0 0 0
2826 778 98 59 217488 0 0 0
3120 651 87 59 313615 0 0 0
3375 257 65 64 703385 0 0 0
3848 198 80 84 857730 0 0 0
4442 -190 102 65 689503 0 0 0
4809 -620 97 106 738500 0 0 0
5404 -287 107 85 891315 0 0 0
6016 -502 77 80 690775 0 0 0
5489 -1124 103 78 417641 0 0 0
5305 -1381 102 66 417078 0 0 0
5982 -1461 87 57 290897 0 0 0
6475 -1781 105 58 361484 0 0 0
7062 -1280 102 69 853369 0 0 0
6593 -1679 65 113 385349 0 0 0
6315 -1431 111 107 221927 0 0 0
6884 -1292 78 65 876261 0 0 0
7015 -1505 96 97 642487 0 0 0
6790 -2183 126 92 510892 0 0 0
6873 -2690 82 57 636321 0 0 0
6617 -2222 94 73 569019 0 0 0
6727 -1678 64 75 116478 0 0 0
7097 -2202 70 84 393025 0 0 0
6377 -1858 125 100 188655 0 0 0
6775 -2073 85 71 168451 0 0 0
6443 -1613 72 82 252803 0 0 0
5923 -1152 116 92 570067 0 0 0
6237 -1427 75 76 138838 0 0 0
6723 -1783 97 61 893499 0 0 0
6986 -1625 105 65 785373 0 0 0
6830 -1254 111 88 303092 0 0 0
6878 -618 99 89 368990 0 0 0
6428 -119 100 73 423435 0 0 0
6454 -264 96 65 609648 0 0 0
6004 -125 80 98 693074 0 0 0
6299 464 107 60 198805 0 0 0
6287 1073 99 76 693827 0 0 0
6740 682 65 85 470371 0 0 0
6843 720 113 106 540714 0 0 0
6410 1176 122 100 147119 0 0 0
6363 1011 118 113 571347 0 0 0
6946 1735 91 104 161202 0 0 0
6446 1309 87 86 408416 0 0 0
6614 948 118 80 790040 0 0 0
5910 1532 118 84 229923 0 0 0
5302 1053 108 110 505082 0 0 0
4861 1020 126 89 452124 0 0 0
2335 2687 97 105 243856 0 0 0
2783 3128 70 82 758267 0 0 0
3358 3433 108 78 442247 0 0 0
3132 3279 65 72 885580 0 0 0
3088 3675 82 86 550440 0 0 0
3347 3880 103 75 930280 0 0 0
3360 4561 70 106 434505 0 0 0
3383 4934 88 83 829116 0 0 0
3982 5344 84 80 811882 0 0 0
4161 4878 71 95 330105 0 0 0
4828 5257 77 56 728000 0 0 0
5254 5770 115 104 959471 0 0 0
5482 5389 87 80 686096 0 0 0
4815 5143 98 58 793068 0 0 0
4607 4749 95 73 357988 0 0 0
4935 5059 103 84 131769 0 0 0
4647 5417 122 68 421993 0 0 0
4205 4697 79 85 915630 0 0 0
3989 4300 123 104 680822 0 0 0
4119 4172 92 68 908312 0 0 0
4769 3812 121 64 322787 0 0 0
5114 4277 102 85 907507 0 0 0
5637 4983 111 83 917641 0 0 0
4978 4793 124 87 300542 0 0 0
4503 4151 93 56 144017 0 0 0
5201 4018 118 98 790644 0 0 0
4744 3839 79 112 873413 0 0 0
5081 3898 114 92 738252 0 0 0
5300 3263 70 99 466645 0 0 0
5685 3431 69 84 663829 0 0 0
5020 3644 112 92 835498 0 0 0
4634 3050 89 59 867446 0 0 0
4741 3609 118 57 228217 0 0 0
4124 4007 99 56 516358 0 0 0
4399 3483 105 103 204745 0 0 0
4277 3080 112 90 391531 0 0 0
3588 2506 103 92 693031 0 0 0
3186 2146 87 76 297032 0 0 0
3329 1721 96 95 847928 0 0 0
3691 1909 77 61 410878 0 0 0
3373 1390 69 60 471670 0 0 0
3518 860 119 101 762080 0 0 0
3462 1484 66 113 493773 0 0 0
2981 1567 122 112 581343 0 0 0
2608 1373 121 56 199400 0 0 0
2890 1965 95 69 825225 0 0 0
2277 2411 102 63 736842 0 0 0
2776 2473 105 78 683147 0 0 0
3406 2525 74 61 825757 0 0 0
2925 3197 125 93 621571 0 0 0
3151 3499 101 91 279557 0 0 0
2519 3286 88 111 907291 0 0 0
1979 3311 80 103 298204 0 0 0
2606 3228 66 57 721165 0 0 0
2903 2845 90 63 772773 0 0 0
3064 3258 111 61 465188 0 0 0
3173 2687 81 106 785502 0 0 0
2876 3236 68 63 476228 0 0 0
2672 3398 73 63 958310 0 0 0
2385 3234 99 88 926917 0 0 0
1687 3137 119 109 469002 0 0 0
1655 3434 115 92 962487 0 0 0
1545 3783 102 77 987585 0 0 0
990 3850 67 63 509429 0 0 0
1316 4085 113 65 364255 0 0 0
1159 4768 79 95 229966 0 0 0
1142 4514 89 84 612038 0 0 0
1106 4420 96 112 488554 0 0 0
1480 4648 89 99 745535 0 0 0
924 3999 119 95 394115 0 0 0
1068 3821 66 84 570563 0 0 0
567 3109 71 73 395623 0 0 0
837 3237 99 88 487341 0 0 0
716 3710 96 110 183862 0 0 0
1267 3954 69 87 543326 0 0 0
-619 1118 79 72 524572 0 0 0
-760 1467 79 94 718004 0 0 0
-652 1342 120 82 281154 0 0 0
-601 1687 112 111 887108 0 0 0
-273 1803 71 81 895099 0 0 0
-154 1626 93 98 752409 0 0 0
18 1154 67 94 528225 0 0 0
-103 939 93 109 621984 0 0 0
539 1059 69 58 754827 0 0 0
1141 1364 87 106 137853 0 0 0
1479 902 88 57 308542 0 0 0
1246 1366 119 75 498810 0 0 0
1598 1688 69 111 744641 0 0 0
2127 2366 81 111 242605 0 0 0
2555 1655 125 73 647611 0 0 0
1942 1993 80 103 591127 0 0 0
1517 1590 125 73 514428 0 0 0
1810 1191 66 84 187185 0 0 0
1898 1847 77 61 804013 0 0 0
2295 2089 86 62 288716 0 0 0
2333 2438 83 66 465893 0 0 0
2689 1991 105 106 733468 0 0 0
2036 1731 102 105 354378 0 0 0
1425 1151 111 86 657804 0 0 0
1976 733 115 69 550470 0 0 0
2482 666 72 61 610065 0 0 0
3079 -19 81 90 200849 0 0 0
3130 60 118 65 711509 0 0 0
2676 374 96 73 948061 0 0 0
2646 -74 82 71 969002 0 0 0
2167 260 107 76 274056 0 0 0
2882 -223 118 62 924113 0 0 0
2671 411 112 93 873485 0 0 0
2166 659 77 96 541905 0 0 0
1961 915 88 70 922973 0 0 0
1258 543 107 80 827582 0 0 0
1180 1134 66 68 899645 0 0 0
951 1290 96 74 740280 0 0 0
863 685 110 109 468272 0 0 0
1345 66 82 89 871599 0 0 0
711 -285 124 106 571063 0 0 0
1325 -638 112 63 469304 0 0 0
1718 -541 114 69 223573 0 0 0
996 -720 70 75 792281 0 0 0
994 -1055 93 78 741601 0 0 0
299 -678 119 100 602295 0 0 0
-418 -1178 85 69 141266 0 0 0
-574 -1021 98 102 803574 0 0 0
-77 -1375 75 100 101634 0 0 0
-178 -1510 125 60 766166 0 0 0
-708 -1562 123 68 363136 0 0 0
-394 -1308 83 58 328410 0 0 0
-1073 -794 121 112 592869 0 0 0
-1627 -602 75 90 422734 0 0 0
-1408 -227 103 70 229730 0 0 0
-1759 -939 109 60 432840 0 0 0
-2313 -1016 124 67 762648 0 0 0
-1895 -361 68 108 326095 0 0 0
-2602 -913 88 86 955988 0 0 0
-2559 -584 76 58 560203 0 0 0
-1847 83 125 97 196370 0 0 0
-2201 65 124 95 264204 0 0 0
-1546 593 68 64 820296 0 0 0
-840 404 125 79 705103 0 0 0
-647 -268 102 98 390780 0 0 0
-1281 -544 88 81 150930 0 0 0
-1440 -1095 84 57 387071 0 0 0
-1705 -1232 120 62 696056 0 0 0
-2032 -945 116 81 350163 0 0 0
-2587 -1313 115 74 829152 0 0 0
-3073 -864 89 57 938781 0 0 0
-3450 -507 78 92 202873 0 0 0
-3229 -648 94 110 839533 0 0 0
-3655 -1020 126 74 360801 0 0 0
-3949 -1730 112 73 151029 0 0 0
-3439 -2440 103 107 788609 0 0 0
-3065 -1958 102 83 834860 0 0 0
737 1958 82 92 414584 0 0 0
393 2195 102 77 464829 0 0 0
156 1996 108 98 252916 0 0 0
68 1324 114 78 100215 0 0 0
-561 704 74 96 895498 0 0 0
-743 1185 80 85 308573 0 0 0
-1446 1491 74 66 642664 0 0 0
-1408 1967 99 86 696550 0 0 0
-685 2483 80 71 523910 0 0 0
-325 2989 114 108 806302 0 0 0
-483 2796 69 94 666645 0 0 0
-756 2081 116 94 382918 0 0 0
-686 2151 86 99 901689 0 0 0
-595 1836 64 94 375116 0 0 0
-196 1311 69 56 392363 0 0 0
331 1407 100 72 237414 0 0 0
928 1059 75 57 458159 0 0 0
1630 920 95 85 651182 0 0 0
2295 735 82 106 813966 0 0 0
2290 637 96 100 626604 0 0 0
2953 343 80 68 843243 0 0 0
2844 190 74 98 742224 0 0 0
3440 -296 111 85 962063 0 0 0
3156 -277 113 81 944712 0 0 0
3495 288 67 107 755115 0 0 0
4042 512 66 68 381957 0 0 0
4443 1091 83 93 853301 0 0 0
4257 1689 106 93 672925 0 0 0
4406 1710 125 93 690669 0 0 0
3976 1221 123 93 547765 0 0 0
2640 838 77 57 699866 0 0 0
1986 173 67 61 462653 0 0 0
1480 275 108 67 900977 0 0 0
1178 745 103 66 164713 0 0 0
1814 879 114 69 808184 0 0 0
2227 810 63 82 493941 0 0 0
1567 619 116 91 787132 0 0 0
2059 936 95 76 390081 0 0 0
1944 1465 92 80 296048 0 0 0
1268 1717 65 84 169076 0 0 0
1942 2186 98 91 777937 0 0 0
2296 2077 125 74 755142 0 0 0
1587 2619 102 96 213224 0 0 0
2158 2606 83 107 200029 0 0 0
1503 2295 73 97 476678 0 0 0
1270 2627 103 59 796946 0 0 0
1241 2470 122 112 375424 0 0 0
1458 3171 84 104 581426 0 0 0
1400 2580 96 66 530853 0 0 0
1204 2596 88 82 440097 0 0 0
1539 3019 114 112 795400 0 0 0
2063 3025 100 100 644300 0 0 0
2538 2871 70 77 168487 0 0 0
2581 3390 68 57 287619 0 0 0
3097 3112 112 96 309247 0 0 0
3065 3580 98 68 198144 0 0 0
2398 3080 97 65 400339 0 0 0
2146 2883 125 77 717158 0 0 0
1576 3468 63 81 571532 0 0 0
1016 3980 85 83 382108 0 0 0
671 3916 72 96 431427 0 0 0
634 3555 123 65 679663 0 0 0
1263 4198 83 66 298452 0 0 0
1921 3722 100 83 101652 0 0 0
2510 3339 66 79 213303 0 0 0
2885 3817 116 79 128741 0 0 0
3282 4023 67 103 643385 0 0 0
2931 3712 102 62 492090 0 0 0
2354 3281 91 112 791969 0 0 0
2713 3962 78 113 338891 0 0 0
3089 3989 84 76 144985 0 0 0
2653 3951 123 68 274348 0 0 0
3005 3543 79 98 979610 0 0 0
2855 4211 107 101 878973 0 0 0
3275 3594 80 90 667323 0 0 0
2664 4235 71 69 633624 0 0 0
3313 4293 68 90 248950 0 0 0
3334 4079 117 56 323492 0 0 0
3329 3983 75 112 633391 0 0 0
3954 4064 124 102 402446 0 0 0
4458 3984 92 105 801902 0 0 0
4552 4674 117 78 328393 0 0 0
4262 5318 69 104 233049 0 0 0
4354 5616 80 77 657349 0 0 0
3874 5603 74 66 478223 0 0 0
3438 5765 106 85 315841 0 0 0
2951 5609 125 92 468260 0 0 0
2312 4907 115 112 838550 0 0 0
2983 5313 84 56 395080 0 0 0
3411 5600 109 61 524430 0 0 0
2890 5374 78 83 496666 0 0 0
2432 -2633 63 64 486353 0 0 0
2337 -3112 93 90 745994 0 0 0
2686 -3268 107 76 859593 0 0 0
3015 -3374 78 105 706034 0 0 0
3182 -3615 99 87 270110 0 0 0
3516 -4063 116 77 658324 0 0 0
3178 -4446 97 110 856754 0 0 0
2618 -3941 116 69 678197 0 0 0
3334 -3828 73 58 109211 0 0 0
3960 -4062 97 112 987648 0 0 0
3526 -4488 125 83 375376 0 0 0
3054 -4572 110 79 450191 0 0 0
3511 -5227 118 102 935140 0 0 0
3673 -5144 90 71 740016 0 0 0
3485 -5361 79 74 629840 0 0 0
3411 -5686 79 86 308753 0 0 0
4119 -5202 102 107 769548 0 0 0
4148 -5762 118 101 222149 0 0 0
3812 -6463 118 111 258437 0 0 0
3650 -5808 114 59 364742 0 0 0
3659 -6222 75 113 882089 0 0 0
3130 -5679 80 63 121842 0 0 0
2866 -5209 74 87 117362 0 0 0
3242 -4607 122 93 241784 0 0 0
2646 -4404 86 107 802693 0 0 0
3037 -4910 82 100 286925 0 0 0
2995 -4361 75 98 486103 0 0 0
2500 -5086 75 93 684446 0 0 0
1955 -4782 70 65 988375 0 0 0
2252 -5023 115 83 363480 0 0 0
2537 -4781 119 76 709413 0 0 0
2650 -4622 92 103 806723 0 0 0
2482 -4468 116 103 808053 0 0 0
2313 -5111 72 107 670584 0 0 0
3029 -4997 97 98 185959 0 0 0
2558 -4939 89 97 619941 0 0 0
1868 -5612 92 72 457415 0 0 0
1181 -6244 115 72 947186 0 0 0
877 -6351 99 96 750457 0 0 0
1484 -6669 106 96 838665 0 0 0
1500 -7315 121 64 582908 0 0 0
1034 -7026 82 72 928446 0 0 0
1026 -6864 126 65 726755 0 0 0
1714 -6253 88 98 389339 0 0 0
1527 -5998 92 107 160957 0 0 0
2127 -5526 107 90 422547 0 0 0
2662 -4894 98 85 633121 0 0 0
3137 -4389 100 60 367171 0 0 0
3495 -3889 108 77 649929 0 0 0
3071 -3920 115 93 827747 0 0 0
2873 -4395 103 84 425335 0 0 0
3544 -3817 77 76 594066 0 0 0
3610 -4130 67 106 902163 0 0 0
3628 -3662 103 68 102165 0 0 0
4016 -3902 124 99 873275 0 0 0
4302 -3728 79 104 751696 0 0 0
4975 -3989 110 77 842973 0 0 0
5117 -4686 75 91 857431 0 0 0
5713 -4279 83 57 547906 0 0 0
5696 -4269 100 76 981153 0 0 0
5715 -4746 110 77 759027 0 0 0
6327 -4536 63 87 859162 0 0 0
6847 -4451 74 57 322658 0 0 0
7374 -4657 124 63 937616 0 0 0
7218 -4359 70 103 302329 0 0 0
7020 -4556 85 110 190629 0 0 0
7506 -4816 92 71 391890 0 0 0
7287 -4310 92 69 465264 0 0 0
6842 -3798 122 71 911765 0 0 0
6435 -4449 82 65 673486 0 0 0
6215 -5033 73 69 251366 0 0 0
5504 -5349 114 85 111156 0 0 0
5745 -4999 77 94 907225 0 0 0
5476 -4682 117 59 963370 0 0 0
5864 -4169 122 58 460975 0 0 0
5152 -4375 109 108 773245 0 0 0
5555 -4885 109 97 371874 0 0 0
5971 -4336 125 113 384955 0 0 0
6452 -4545 87 98 548435 0 0 0
6649 -5124 101 67 358819 0 0 0
7118 -5483 96 100 545160 0 0 0
7522 -4856 64 99 271055 0 0 0
1945 -467 85 72 204111 0 0 0
2453 -504 120 95 346650 0 0 0
2554 -1143 71 90 484821 0 0 0
2008 -1613 116 99 205533 0 0 0
2432 -1125 75 101 119451 0 0 0
3052 -1014 78 106 824801 0 0 0
2336 -723 113 113 629450 0 0 0
1950 -104 116 108 170783 0 0 0
2373 -614 95 79 402075 0 0 0
1808 -491 74 87 531856 0 0 0
1624 -566 103 112 866217 0 0 0
1637 -1246 116 75 407721 0 0 0
1043 -560 102 94 979527 0 0 0
609 -265 125 111 958118 0 0 0
702 208 115 104 853388 0 0 0
1263 48 116 86 843453 0 0 0
748 364 82 61 663699 0 0 0
254 467 90 91 251319 0 0 0
888 246 103 88 663182 0 0 0
823 -145 63 90 939557 0 0 0
1074 -75 95 68 604853 0 0 0
1628 -154 81 56 810829 0 0 0
1485 470 88 58 506608 0 0 0
1702 25 105 75 199001 0 0 0
2166 735 86 73 166454 0 0 0
2507 477 122 71 298995 0 0 0
3067 845 87 92 719006 0 0 0
3709 644 73 100 128701 0 0 0
3168 499 69 73 432981 0 0 0
3735 700 65 84 250164 0 0 0
3621 33 76 79 224681 0 0 0
3419 -434 92 108 753889 0 0 0
2978 -771 125 104 437370 0 0 0
2602 -1053 84 97 387957 0 0 0
2834 -1082 123 58 865514 0 0 0
3167 -1111 123 60 305893 0 0 0
3574 -581 77 83 205600 0 0 0
4037 -249 84 58 108533 0 0 0
4471 412 112 57 937991 0 0 0
3900 266 83 92 664530 0 0 0
3264 296 84 90 671455 0 0 0
3299 207 114 58 510157 0 0 0
3467 254 90 88 337045 0 0 0
2938 80 84 108 730684 0 0 0
3165 -192 79 83 558320 0 0 0
2562 -212 113 63 556234 0 0 0
2486 156 71 89 826173 0 0 0
2929 -11 99 71 839814 0 0 0
2954 -658 103 104 279351 0 0 0
2938 -275 96 66 309053 0 0 0
3364 -255 77 101 496465 0 0 0
3565 -927 104 80 542777 0 0 0
4280 -1176 111 72 449763 0 0 0
4407 -1502 72 100 157953 0 0 0
4570 -796 104 102 959155 0 0 0
4939 -1265 70 103 907608 0 0 0
-304 -584 110 102 311245 0 0 0
375 -234 89 96 750069 0 0 0
910 34 88 83 708066 0 0 0
1314 -123 91 86 688947 0 0 0
1494 505 84 79 123644 0 0 0
878 312 91 103 183019 0 0 0
1328 867 72 74 438625 0 0 0
1255 1290 77 108 404386 0 0 0
1518 1907 124 88 765060 0 0 0
1377 1340 91 75 418330 0 0 0
665 1303 114 88 828837 0 0 0
1079 774 113 72 280213 0 0 0
474 1305 70 68 984392 0 0 0
286 1892 79 111 926805 0 0 0
723 1278 83 108 652102 0 0 0
685 1426 93 98 193748 0 0 0
573 1761 91 69 348341 0 0 0
660 1610 79 103 955474 0 0 0
1333 1739 90 112 521829 0 0 0
1448 1669 105 92 119351 0 0 0
980 1104 102 84 623999 0 0 0
663 1596 66 85 387934 0 0 0
573 1448 63 73 424156 0 0 0
1002 1193 122 58 513730 0 0 0
1171 1421 108 90 695327 0 0 0
510 2126 89 112 589056 0 0 0
351 2200 117 101 452041 0 0 0
720 1949 69 103 819921 0 0 0
576 2287 71 69 138504 0 0 0
-117 2429 125 97 138303 0 0 0
-294 3092 123 107 101399 0 0 0
-338 2578 65 59 312688 0 0 0
-844 2790 70 76 399594 0 0 0
-670 2585 94 78 165188 0 0 0
-93 3245 102 90 679231 0 0 0
-684 2915 100 113 535952 0 0 0
-994 2592 108 113 716010 0 0 0
-1465 2987 121 95 211244 0 0 0
-2007 3438 102 112 822529 0 0 0
-1899 3829 70 66 262792 0 0 0
-1712 3156 78 100 135970 0 0 0
-1278 2724 112 70 324789 0 0 0
-1304 3250 83 73 866046 0 0 0
-1183 3789 75 113 743156 0 0 0
-1865 4024 125 64 515361 0 0 0
-2187 4635 74 57 425559 0 0 0
-1484 4849 87 90 858864 0 0 0
-1460 4532 105 81 277150 0 0 0
-807 3999 124 63 855740 0 0 0
-622 4031 78 101 845522 0 0 0
-325 3806 81 66 611151 0 0 0
84 3991 92 65 515731 0 0 0
347 3580 91 108 226113 0 0 0
677 4187 122 70 705631 0 0 0
292 4721 116 99 304547 0 0 0
572 4924 108 74 850383 0 0 0
-9 4884 110 85 245775 0 0 0
-723 4710 126 107 399163 0 0 0
-791 4534 73 78 756394 0 0 0
-1447 4095 104 112 613613 0 0 0
-1806 3554 77 76 871632 0 0 0
-1337 4276 77 104 206156 0 0 0
-1765 4607 86 61 155229 0 0 0
-2231 4821 103 74 781186 0 0 0
-1989 5113 98 71 902051 0 0 0
-1955 5811 86 89 771214 0 0 0
-1455 5814 112 75 846985 0 0 0
-2114 6245 120 60 496124 0 0 0
-2156 6005 121 59 240564 0 0 0
-2741 6607 83 110 234763 0 0 0
-3271 6322 88 110 680889 0 0 0
-3804 5685 91 81 590211 0 0 0
-3884 5109 90 56 789351 0 0 0
-3947 4640 125 112 428856 0 0 0
-3753 4219 102 101 692919 0 0 0
-4073 4928 105 90 828330 0 0 0
-4676 5227 81 109 870618 0 0 0
-5251 5861 115 59 118701 0 0 0
-5721 6211 69 64 586904 0 0 0
-5803 5587 98 81 600591 0 0 0
-5950 5291 72 85 310136 0 0 0
-5593 5900 120 74 450257 0 0 0
-5566 6138 119 67 110100 0 0 0
-6225 5935 109 74 150050 0 0 0
-5736 5842 79 90 431632 0 0 0
-6211 6448 119 79 676029 0 0 0
-6220 6963 70 103 624326 0 0 0
-6345 7323 86 96 695243 0 0 0
-6642 6825 96 56 445295 0 0 0
-7163 6437 64 58 341138 0 0 0
-1579 111 80 89 149785 0 0 0
-1458 404 110 69 128250 0 0 0
-2169 729 72 62 785099 0 0 0
-2562 991 102 80 178835 0 0 0
-2386 1458 87 104 702136 0 0 0
-1735 1296 67 65 384083 0 0 0
-1347 1900 89 104 907495 0 0 0
-865 2596 74 78 858387 0 0 0
-949 3210 89 90 249364 0 0 0
-696 3712 84 95 702958 0 0 0
-1001 3172 103 73 593829 0 0 0
-519 3355 117 74 305099 0 0 0
-783 3860 82 82 820385 0 0 0
-602 3254 96 63 411530 0 0 0
-425 2983 81 79 572265 0 0 0
-111 2511 76 71 585934 0 0 0
-659 2379 84 96 727157 0 0 0
-1037 1759 80 57 528014 0 0 0
-1559 1248 102 109 835122 0 0 0
-1420 941 87 95 281017 0 0 0
-1136 320 65 75 373804 0 0 0
-1821 3 81 77 326845 0 0 0
-2012 16 96 78 297659 0 0 0
-2160 -177 123 103 982750 0 0 0
-1459 28 115 108 565869 0 0 0
-1208 -118 89 103 120525 0 0 0
-1190 -168 93 108 730295 0 0 0
-1564 -879 64 106 705785 0 0 0
-1153 -255 69 75 215673 0 0 0
-1595 -716 81 73 535680 0 0 0
2753 -2613 125 106 227153 0 0 0
3443 -3251 100 78 679872 0 0 0
4149 -2987 86 86 582387 0 0 0
4240 -3228 115 80 386264 0 0 0
4927 -2654 66 85 678736 0 0 0
4741 -3333 109 94 214544 0 0 0
5322 -3167 83 109 830864 0 0 0
5490 -2684 82 73 570364 0 0 0
4928 -2429 100 64 509420 0 0 0
5035 -2414 89 89 745418 0 0 0
5065 -2247 107 109 606100 0 0 0
4961 -2461 64 63 405461 0 0 0
5449 -2296 99 60 393804 0 0 0
4961 -1724 124 79 901292 0 0 0
4991 -1551 70 58 279156 0 0 0
4928 -2060 82 92 919444 0 0 0
4730 -2669 107 91 441018 0 0 0
4606 -3205 105 58 794851 0 0 0
4436 -2915 109 94 578774 0 0 0
4766 -2777 75 79 982249 0 0 0
4855 -2512 109 58 299514 0 0 0
5471 -2226 112 109 295567 0 0 0
5013 -2025 102 98 290054 0 0 0
4841 -1649 63 110 443663 0 0 0
4446 -1812 120 102 687481 0 0 0
4518 -2456 110 65 470990 0 0 0
4204 -1743 82 101 987232 0 0 0
4330 -2032 114 80 909625 0 0 0
4106 -2217 96 99 425207 0 0 0
4779 -1887 96 85 741199 0 0 0
4221 -2237 118 113 831593 0 0 0
4897 -2038 93 61 744801 0 0 0
4202 -1507 85 70 741013 0 0 0
3905 -1677 86 67 262292 0 0 0
4497 -2338 79 60 840993 0 0 0
4659 -1721 86 104 278160 0 0 0
5133 -1121 120 100 133266 0 0 0
5771 -457 124 57 933944 0 0 0
5149 -618 69 67 514619 0 0 0
4926 -477 92 81 921013 0 0 0
5511 -874 119 65 231460 0 0 0
6016 -1007 110 103 193920 0 0 0
6319 -1313 119 89 225396 0 0 0
6631 -1374 108 57 854910 0 0 0
6845 -1366 122 75 962753 0 0 0
7087 -2021 114 113 196225 0 0 0
7367 -1431 63 58 921957 0 0 0
6941 -1445 99 64 362354 0 0 0
7070 -1096 100 77 894466 0 0 0
7588 -1591 63 98 830593 0 0 0
6875 -1778 102 96 760237 0 0 0
6242 -1930 84 77 728057 0 0 0
6164 -2559 91 113 739987 0 0 0
6334 -2164 100 78 772405 0 0 0
5783 -2457 79 82 728668 0 0 0
5592 -3052 88 58 775021 0 0 0
6301 -2566 81 62 649365 0 0 0
5837 -2356 115 103 556177 0 0 0
5256 -2225 90 61 203099 0 0 0
5794 -2748 104 81 734930 0 0 0
6381 -3133 73 105 572509 0 0 0
6456 -2989 104 73 598941 0 0 0
7036 -2630 113 89 270497 0 0 0
6778 -1956 64 112 217065 0 0 0
6854 -1554 122 65 874475 0 0 0
7451 -988 72 81 740227 0 0 0
7162 -1258 126 110 678156 0 0 0
6955 -1457 124 99 249336 0 0 0
7005 -1881 122 103 534734 0 0 0
7629 -2520 124 59 652761 0 0 0
7936 -2634 65 56 407398 0 0 0
7910 -1919 112 56 603976 0 0 0
7396 -1262 71 67 568817 0 0 0
-2186 -540 116 98 179623 0 0 0
-2710 -706 75 73 551521 0 0 0
-2502 -403 124 107 146444 0 0 0
-2350 102 91 81 490316 0 0 0
-1749 136 119 66 102082 0 0 0
-2108 -255 89 71 108621 0 0 0
-2387 -848 115 108 395147 0 0 0
-2870 -328 81 101 931472 0 0 0
-2267 -640 73 80 442511 0 0 0
-1986 -538 94 86 225971 0 0 0
-1735 -69 123 76 707274 0 0 0
-1654 -634 111 59 307569 0 0 0
-1685 -1147 91 72 973464 0 0 0
-1208 -1714 125 77 707276 0 0 0
-1100 -1410 117 75 125621 0 0 0
-1027 -1474 117 92 233276 0 0 0
-799 -912 87 109 334250 0 0 0
-1441 -1209 64 91 633487 0 0 0
-1929 -632 126 70 984953 0 0 0
-2322 -857 71 88 639670 0 0 0
-2715 -1423 121 78 507121 0 0 0
-3345 -817 120 104 842776 0 0 0
-3884 -1347 102 76 887796 0 0 0
-3240 -1964 122 76 775623 0 0 0
-3230 -1992 64 106 229000 0 0 0
-3629 -2581 109 65 734345 0 0 0
-4290 -1976 96 108 197241 0 0 0
-4454 -1463 121 77 873704 0 0 0
-5038 -1045 92 64 967531 0 0 0
-5301 -1613 109 109 420624 0 0 0
-5083 -1914 119 87 952101 0 0 0
-4684 -1668 71 64 921390 0 0 0
-4564 -2053 92 77 910977 0 0 0
2690 2833 98 90 667865 0 0 0
2610 3291 90 78 322008 0 0 0
2089 2940 67 111 195032 0 0 0
2073 3244 64 111 618138 0 0 0
1475 2836 81 56 340433 0 0 0
947 3495 78 101 540322 0 0 0
1359 4190 126 106 757696 0 0 0
1185 3910 118 92 666024 0 0 0
1514 3646 63 56 439041 0 0 0
1583 3734 109 84 316018 0 0 0
1976 3422 75 57 262219 0 0 0
1795 3545 64 56 663077 0 0 0
2204 4220 80 73 729430 0 0 0
1674 3499 86 110 822958 0 0 0
1709 3060 91 58 168773 0 0 0
2190 3722 122 63 650249 0 0 0
1642 3666 79 59 527267 0 0 0
937 3668 84 86 324005 0 0 0
1280 4074 84 77 974215 0 0 0
631 3623 111 99 252422 0 0 0
38 4182 111 64 984423 0 0 0
-1 4132 91 101 638009 0 0 0
719 4056 66 103 554161 0 0 0
239 4274 120 87 173393 0 0 0
631 4241 67 97 705853 0 0 0
1246 4813 69 111 542367 0 0 0
968 5271 111 83 230603 0 0 0
659 5816 112 99 437932 0 0 0
1260 6174 75 63 238045 0 0 0
772 6860 93 105 796406 0 0 0
257 7100 77 112 656796 0 0 0
-110 7169 108 103 148428 0 0 0
330 6686 63 103 583677 0 0 0
787 6775 122 110 685441 0 0 0
1285 6224 121 95 416478 0 0 0
975 5534 79 108 672962 0 0 0
700 5959 79 65 923013 0 0 0
16 5327 76 56 279599 0 0 0
-561 4701 95 60 188928 0 0 0
-754 4145 87 100 374462 0 0 0
-671 4832 72 73 774706 0 0 0
-1004 4769 67 84 911751 0 0 0
-413 4265 109 97 928429 0 0 0
-1007 4180 85 57 668231 0 0 0
-1205 4854 123 71 658852 0 0 0
-1369 4692 69 87 611554 0 0 0
-1512 4733 100 81 737538 0 0 0
-1271 5097 90 72 841636 0 0 0
-1962 5648 87 92 160876 0 0 0
-2667 5521 107 75 505347 0 0 0
-2547 5936 77 112 737828 0 0 0
-2195 6159 81 79 897820 0 0 0
-2467 6402 98 56 703760 0 0 0
-1835 5902 88 82 133084 0 0 0
-2412 6012 110 69 625245 0 0 0
-1746 6422 63 70 177808 0 0 0
-1942 6197 107 84 383798 0 0 0
-2332 5655 124 103 292110 0 0 0
-2163 5138 102 76 181773 0 0 0
-2430 4427 122 99 123270 0 0 0
-3135 4054 74 101 130249 0 0 0
-2940 4746 106 81 289008 0 0 0
-3304 4344 98 89 758084 0 0 0
-2993 3712 105 57 988966 0 0 0
-3344 3143 80 69 429310 0 0 0
-4068 3831 94 95 204293 0 0 0
-3732 4100 94 111 908432 0 0 0
-943 252 115 73 786190 0 0 0
-1033 627 113 108 138991 0 0 0
-1172 664 89 103 267167 0 0 0
-709 278 103 86 879744 0 0 0
-841 592 72 106 665140 0 0 0
-1362 776 84 80 571501 0 0 0
-1761 1031 95 97 741395 0 0 0
-1577 311 91 103 685493 0 0 0
-1494 -4 77 109 279906 0 0 0
-2026 -655 111 74 274833 0 0 0
-2160 -818 97 60 678286 0 0 0
-2531 -1335 126 57 887281 0 0 0
-2025 -893 74 112 230860 0 0 0
-1888 -1163 84 96 352269 0 0 0
-2353 -1285 120 86 515945 0 0 0
-2538 -1062 114 71 121709 0 0 0
-1927 -1520 98 98 663902 0 0 0
-1653 -1516 97 106 684800 0 0 0
888 2878 81 81 822410 0 0 0
788 2774 109 100 848873 0 0 0
770 2061 94 91 628643 0 0 0
673 1831 118 94 427415 0 0 0
479 2400 70 106 829577 0 0 0
302 2365 96 85 322007 0 0 0
-335 2483 71 93 362648 0 0 0
-593 2451 70 77 454182 0 0 0
-731 3167 66 68 369144 0 0 0
-122 3589 91 101 836040 0 0 0
-545 3887 105 108 518458 0 0 0
-1041 4299 84 62 666718 0 0 0
-1383 4034 112 111 313517 0 0 0
-888 4480 101 95 808870 0 0 0
-1282 4546 63 109 898325 0 0 0
-1364 4049 98 99 681652 0 0 0
-1288 3507 90 90 371919 0 0 0
-762 2887 83 100 618829 0 0 0
-70 3502 68 104 138051 0 0 0
-154 3852 126 79 923272 0 0 0
-762 4310 115 92 386250 0 0 0
-479 4119 77 86 158229 0 0 0
-1096 3911 68 60 365358 0 0 0
-1084 4021 79 96 555805 0 0 0
-888 4005 119 65 156984 0 0 0
-1170 3332 99 56 907369 0 0 0
-846 2663 110 98 836190 0 0 0
-478 2219 102 85 519726 0 0 0
217 2687 84 76 216955 0 0 0
550 2582 115 84 381669 0 0 0
1155 2000 85 113 902483 0 0 0
1684 1462 82 98 684077 0 0 0
1363 1504 77 90 677754 0 0 0
1805 806 112 87 397761 0 0 0
1518 961 93 100 205036 0 0 0
2102 1452 109 78 934537 0 0 0
1961 1962 86 64 326622 0 0 0
1694 2312 114 89 947758 0 0 0
1603 2868 100 82 865178 0 0 0
997 2568 126 98 244662 0 0 0
703 3099 106 80 756502 0 0 0
1097 3072 64 86 445278 0 0 0
1219 3033 108 61 163020 0 0 0
1909 3493 79 72 232232 0 0 0
1465 4087 102 92 106673 0 0 0
1504 4624 80 78 317464 0 0 0
917 4456 91 78 205979 0 0 0
567 3784 101 112 423274 0 0 0
1260 3355 119 76 586321 0 0 0
801 3348 111 108 836147 0 0 0
185 3622 74 107 961048 0 0 0
864 3417 92 89 298894 0 0 0
883 3878 107 89 879618 0 0 0
169 3972 87 76 897047 0 0 0
-448 4433 88 67 249099 0 0 0
-456 3993 86 58 476242 0 0 0
-470 4211 125 93 840219 0 0 0
-664 3702 82 88 197698 0 0 0
-137 3098 88 89 225317 0 0 0
-265 3710 90 88 776579 0 0 0
-51 4295 78 73 231623 0 0 0
-686 4020 119 94 771522 0 0 0
-98 4302 67 106 175000 0 0 0
-124 4113 80 80 971159 0 0 0
217 4308 74 68 703894 0 0 0
35 4339 114 109 791302 0 0 0
-2201 1159 101 74 179974 0 0 0
-1667 963 75 93 426540 0 0 0
-1758 353 103 88 215684 0 0 0
-2328 946 118 58 850783 0 0 0
-2326 968 85 69 111471 0 0 0
-2423 1533 67 97 197767 0 0 0
-3002 902 126 108 615977 0 0 0
-3524 1257 109 91 733325 0 0 0
-3518 1055 65 86 524001 0 0 0
-3062 1405 108 74 518341 0 0 0
-3644 1242 110 61 601312 0 0 0
-3042 1699 89 107 518961 0 0 0
-2361 1164 77 90 916079 0 0 0
-2339 993 85 103 635772 0 0 0
-2281 939 103 83 856193 0 0 0
-2351 1035 93 67 102676 0 0 0
-2654 901 97 67 865836 0 0 0
-2779 343 121 77 111384 0 0 0
-2525 851 113 89 647813 0 0 0
-3024 363 75 85 610284 0 0 0
-2328 1061 95 59 269591 0 0 0
-2922 1196 100 94 525847 0 0 0
-3590 1500 122 78 212888 0 0 0
-4080 895 73 94 173842 0 0 0
-3476 627 119 70 764401 0 0 0
-2755 486 65 106 773565 0 0 0
-3000 164 107 85 352301 0 0 0
-3382 865 68 102 502549 0 0 0
-2805 665 70 107 698233 0 0 0
-2377 -31 81 62 175597 0 0 0
-2530 288 98 60 429825 0 0 0
-1855 967 95 67 894984 0 0 0
-2376 1279 101 92 767891 0 0 0
-2059 1062 101 88 170458 0 0 0
-2094 1047 116 92 577780 0 0 0
-1943 1614 80 90 141276 0 0 0
-1987 969 124 74 609375 0 0 0
-2631 741 82 71 301708 0 0 0
-2592 496 97 89 392022 0 0 0
-2552 1194 91 69 414484 0 0 0
-2535 1510 114 91 347365 0 0 0
-2750 1759 67 104 518194 0 0 0
-3234 2250 83 103 872083 0 0 0
-3241 2014 117 78 204540 0 0 0
-3445 2495 84 66 798081 0 0 0
-2859 2604 87 104 221180 0 0 0
-2633 2174 79 61 912484 0 0 0
-2801 2086 111 94 324835 0 0 0
-3517 2127 93 58 592152 0 0 0
-3492 2832 114 65 990718 0 0 0
-3317 3080 106 71 689524 0 0 0
-3863 3321 64 70 862008 0 0 0
-3701 3888 91 74 410905 0 0 0
-3623 3426 111 67 215063 0 0 0
-4059 3322 92 101 924752 0 0 0
-4334 3915 72 107 351087 0 0 0
-4031 3606 107 112 198248 0 0 0
-3626 3043 72 67 798324 0 0 0
-4278 2356 78 108 962987 0 0 0
-3571 1733 114 99 782535 0 0 0
-4032 1135 77 94 433942 0 0 0
-3659 867 121 81 632610 0 0 0
-4128 1222 97 102 345339 0 0 0
-4318 972 105 61 780248 0 0 0
-4639 1277 64 98 308310 0 0 0
-4958 1125 113 65 911226 0 0 0
-5335 560 114 110 641762 0 0 0
-5323 290 81 92 723813 0 0 0
-5671 -275 83 74 263260 0 0 0
-6198 -386 96 65 965351 0 0 0
-6663 -11 90 68 924899 0 0 0
-7063 -41 112 88 940830 0 0 0
-7638 545 99 98 791910 0 0 0
-7501 666 63 99 906830 0 0 0
-7065 389 103 89 611375 0 0 0
-7388 -152 126 93 458384 0 0 0
-6684 266 93 67 946214 0 0 0
-6542 812 84 72 790329 0 0 0
-6507 891 123 89 683904 0 0 0
-6263 764 85 64 764205 0 0 0
-6071 424 80 57 720339 0 0 0
-6092 601 83 76 129922 0 0 0
-5377 96 70 84 493782 0 0 0
-4675 459 125 62 887783 0 0 0
-4368 265 101 73 637204 0 0 0
-4467 83 88 79 860881 0 0 0
-4861 596 79 112 936751 0 0 0
-5580 158 97 99 157026 0 0 0
-363 798 79 58 785046 0 0 0
-847 1012 113 74 478077 0 0 0
-1525 1047 121 61 398983 0 0 0
-1705 1284 79 63 995519 0 0 0
-1239 1022 107 57 977740 0 0 0
-868 506 69 71 287209 0 0 0
-820 824 85 76 267435 0 0 0
-848 1052 118 99 201830 0 0 0
-1227 1363 113 70 452216 0 0 0
-1001 1170 105 70 473860 0 0 0
-529 1486 83 63 209811 0 0 0
-971 1951 90 72 704354 0 0 0
-1379 1843 103 93 952351 0 0 0
-1287 1261 68 89 887598 0 0 0
-1859 1306 110 69 308151 0 0 0
-2257 1650 115 93 292732 0 0 0
-1989 2185 120 76 249905 0 0 0
-2421 2671 75 108 827776 0 0 0
-2329 2169 98 76 282759 0 0 0
-2641 2191 104 79 840058 0 0 0
-2125 1594 69 112 672856 0 0 0
-2843 1489 71 99 401420 0 0 0
-2922 1260 117 75 658204 0 0 0
-2676 1691 93 97 692704 0 0 0
-2824 2166 118 85 262790 0 0 0
-3240 2878 90 105 806218 0 0 0
-3817 2774 118 98 896929 0 0 0
-4446 3133 121 100 780902 0 0 0
-4287 3476 63 66 378842 0 0 0
-4901 3570 109 79 581442 0 0 0
-4990 2884 125 110 209780 0 0 0
-4468 2655 106 102 521781 0 0 0
-4437 2313 84 108 637157 0 0 0
-4966 2881 100 67 607882 0 0 0
-4709 2852 70 102 755671 0 0 0
-3998 2909 67 96 283935 0 0 0
-3483 2530 120 74 319457 0 0 0
-2917 2299 102 57 879937 0 0 0
-2392 2311 126 106 789506 0 0 0
-1792 2013 95 81 576462 0 0 0
-1833 1849 113 60 157613 0 0 0
-1403 2407 83 79 502128 0 0 0
-1428 2460 99 71 807741 0 0 0
-1117 2921 85 108 177710 0 0 0
-1421 2650 119 102 893239 0 0 0
-1884 2898 91 64 831599 0 0 0
-1604 3046 101 84 520013 0 0 0
-1802 3206 106 60 261937 0 0 0
-1423 2988 121 91 872404 0 0 0
-1961 2446 79 90 883056 0 0 0
-2179 2426 117 60 339641 0 0 0
-2854 2937 96 84 960810 0 0 0
-2414 3659 79 88 630873 0 0 0
-2029 3063 118 78 731341 0 0 0
-1800 2480 91 73 685680 0 0 0
-1869 2633 103 84 897966 0 0 0
-2287 3334 121 70 182634 0 0 0
-2148 3375 117 70 165305 0 0 0
-2462 2929 116 85 860935 0 0 0
-2886 2205 70 109 670566 0 0 0
-85 -2014 92 91 878246 0 0 0
-650 -1482 101 111 230253 0 0 0
-548 -1447 126 72 815046 0 0 0
-1092 -1865 109 109 902215 0 0 0
-1314 -1598 84 97 795798 0 0 0
-1012 -2132 65 92 394633 0 0 0
-1103 -2632 109 94 994705 0 0 0
-1797 -2983 64 58 842912 0 0 0
-1732 -3012 106 85 837447 0 0 0
-1436 -3189 120 77 198736 0 0 0
-1286 -3214 115 69 523856 0 0 0
-1118 -3287 105 60 307083 0 0 0
-1380 -4005 108 64 336736 0 0 0
-927 -3581 96 58 605751 0 0 0
-1012 -3920 112 106 614741 0 0 0
-803 -3533 71 88 396885 0 0 0
-299 -3560 112 92 627083 0 0 0
-215 -3905 112 106 766185 0 0 0
-107 -3648 94 75 866238 0 0 0
-468 -4090 83 97 799034 0 0 0
-665 -4678 63 66 403971 0 0 0
-333 -4961 105 83 597380 0 0 0
-401 -5465 107 85 573627 0 0 0
-363 -4936 77 87 681734 0 0 0
-650 -4614 88 59 112281 0 0 0
-220 -5298 88 95 268674 0 0 0
-183 -5798 108 73 326592 0 0 0
-383 -6404 93 64 903643 0 0 0
-687 -6923 119 67 580614 0 0 0
-549 -6679 70 96 199339 0 0 0
-891 -7205 70 109 962059 0 0 0
-1024 -6807 106 72 605584 0 0 0
-658 -6115 69 87 889464 0 0 0
-326 -6008 87 87 840904 0 0 0
327 -5813 115 112 837904 0 0 0
320 -5944 75 71 732280 0 0 0
137 -5802 116 61 506903 0 0 0
-197 -5359 120 100 372983 0 0 0
-42 -5405 123 65 128027 0 0 0
-490 -5173 87 74 170602 0 0 0
153 -5867 80 71 578925 0 0 0
-420 -5449 88 108 210796 0 0 0
-639 -6071 101 92 262377 0 0 0
7 -5764 107 67 463826 0 0 0
227 -5111 91 98 698834 0 0 0
223 -5708 100 61 590109 0 0 0
-195 -5907 87 98 439329 0 0 0
270 -5586 124 58 990425 0 0 0
-96 -5543 100 59 341827 0 0 0
-194 -5778 63 68 484296 0 0 0
-495 -6159 72 109 826775 0 0 0
-396 -6807 118 112 817360 0 0 0
-27 -7196 126 109 669066 0 0 0
-406 -7437 68 112 346119 0 0 0
-38 -6817 65 93 377244 0 0 0
226 -6281 117 79 502977 0 0 0
-277 -6602 111 81 775312 0 0 0
259 -6274 101 82 173549 0 0 0
-382 -6209 82 105 931649 0 0 0
-883 -6097 117 78 455799 0 0 0
-1118 -5478 88 105 179707 0 0 0
-845 -5130 106 59 867326 0 0 0
-783 -4635 86 71 358826 0 0 0
-1242 -5085 105 101 992526 0 0 0
-1354 -4394 72 113 340107 0 0 0
-1440 -4550 75 82 417003 0 0 0
-1144 -4738 110 101 835031 0 0 0
-778 -4329 115 93 976251 0 0 0
-1194 -4379 103 65 633813 0 0 0
-1737 -3871 116 96 536905 0 0 0
-1322 -3970 126 113 641936 0 0 0
2345 2171 75 60 454958 0 0 0
2741 2868 110 103 332770 0 0 0
2464 2512 72 71 153962 0 0 0
2490 2286 86 108 830512 0 0 0
1849 1889 83 83 130632 0 0 0
1616 1982 100 106 819750 0 0 0
1574 1621 119 88 251206 0 0 0
1214 2064 115 78 627256 0 0 0
837 1794 111 79 968362 0 0 0
1113 2397 73 58 685539 0 0 0
1563 2553 69 104 924878 0 0 0
1287 2365 86 74 518453 0 0 0
1804 2958 98 84 651728 0 0 0
1896 3132 114 103 295945 0 0 0
1548 2915 126 113 879233 0 0 0
1374 3462 107 98 782024 0 0 0
674 3337 78 98 807249 0 0 0
1100 3136 71 65 567945 0 0 0
1635 2658 91 60 618750 0 0 0
1674 2357 76 106 616509 0 0 0
1593 1680 104 60 743586 0 0 0
2059 993 119 70 571759 0 0 0
2496 1347 101 59 511072 0 0 0
3220 1399 114 109 773924 0 0 0
3617 1197 122 109 830618 0 0 0
3231 699 75 65 464792 0 0 0
3655 498 76 56 947519 0 0 0
3343 187 88 69 672310 0 0 0
3495 474 73 106 304273 0 0 0
3466 785 122 75 683263 0 0 0
3039 179 113 89 179720 0 0 0
3746 316 76 56 605371 0 0 0
3048 814 73 88 906057 0 0 0
2587 611 67 73 342975 0 0 0
2646 51 123 76 305555 0 0 0
2075 -540 86 96 616205 0 0 0
1968 -106 76 104 419649 0 0 0
1470 308 89 87 258012 0 0 0
1015 860 96 84 546533 0 0 0
1576 660 89 79 312025 0 0 0
2232 820 101 102 348869 0 0 0
1851 648 93 72 730427 0 0 0
1865 1030 107 101 723894 0 0 0
-707 1269 90 62 957714 0 0 0
-1068 1030 76 107 930727 0 0 0
-1580 306 110 100 464850 0 0 0
-1092 765 114 95 939450 0 0 0
-1020 707 116 65 133503 0 0 0
-381 1219 75 58 702788 0 0 0
-362 1473 95 71 626765 0 0 0
-683 1849 89 77 901515 0 0 0
-652 2505 71 76 570093 0 0 0
-275 1894 106 86 660339 0 0 0
-841 1360 107 82 825710 0 0 0
-160 2036 112 78 981927 0 0 0
117 1478 91 102 749308 0 0 0
505 1646 100 110 777271 0 0 0
966 1635 125 96 386130 0 0 0
1535 1574 114 70 334139 0 0 0
1117 1137 69 99 315947 0 0 0
1227 762 125 95 911668 0 0 0
1353 374 105 87 224683 0 0 0
1752 881 101 112 279473 0 0 0
2085 1025 122 59 934994 0 0 0
1723 654 86 89 693068 0 0 0
1294 29 108 108 403714 0 0 0
843 186 66 66 694243 0 0 0
903 -448 70 58 831556 0 0 0
1423 -895 73 79 167180 0 0 0
989 -429 118 73 909442 0 0 0
300 -881 79 77 397218 0 0 0
-132 -343 81 84 498866 0 0 0
-823 55 63 64 841240 0 0 0
-526 238 77 91 164902 0 0 0
-872 -270 94 88 558990 0 0 0
-457 -781 87 108 554071 0 0 0
99 -956 97 100 251350 0 0 0
-544 -1471 78 98 940355 0 0 0
-491 -979 77 104 645238 0 0 0
-1038 -873 121 70 730029 0 0 0
-1019 -313 94 95 429536 0 0 0
-547 -1009 117 82 452453 0 0 0
47 -581 121 99 347413 0 0 0
-319 -789 80 82 140257 0 0 0
-76 -966 80 109 723030 0 0 0
-77 -547 82 72 938507 0 0 0
-758 -268 67 105 822591 0 0 0
-1072 145 119 78 239202 0 0 0
-1707 -418 126 69 439454 0 0 0
-1295 -65 111 107 806850 0 0 0
-1475 -238 67 76 499448 0 0 0
-1333 -383 76 96 311499 0 0 0
-885 -295 113 107 392133 0 0 0
-1469 -157 113 89 113169 0 0 0
-890 352 77 86 546364 0 0 0
-311 904 113 69 679483 0 0 0
128 1018 85 79 170548 0 0 0
-520 1521 89 92 425343 0 0 0
-1045 1095 90 79 489558 0 0 0
-1645 1023 99 73 652245 0 0 0
-2206 700 88 84 232805 0 0 0
-2046 1048 79 70 574732 0 0 0
-2677 878 76 89 413596 0 0 0
-2591 1272 77 85 455410 0 0 0
-2269 792 123 88 832777 0 0 0
-2795 821 83 107 238951 0 0 0
-2198 651 82 101 980594 0 0 0
-2494 51 121 80 102208 0 0 0
-2307 -618 109 108 868006 0 0 0
-2451 -78 93 100 732999 0 0 0
-2237 537 89 62 583821 0 0 0
-1777 725 110 73 105617 0 0 0
-2122 696 119 60 805818 0 0 0
-2541 215 83 96 863608 0 0 0
-2289 189 70 106 497505 0 0 0
-1730 -48 72 98 460415 0 0 0
-1381 216 96 111 408224 0 0 0
-997 850 67 79 750061 0 0 0
-362 -1739 117 72 845134 0 0 0
-58 -2233 90 75 146519 0 0 0
-233 -2516 114 63 370553 0 0 0
401 -2144 64 103 247797 0 0 0
198 -2065 108 85 154079 0 0 0
263 -2620 103 110 757104 0 0 0
-276 -2357 97 69 792789 0 0 0
-316 -2728 126 113 150348 0 0 0
-634 -3256 67 104 660258 0 0 0
70 -3790 119 87 521264 0 0 0
-458 -3885 117 86 333372 0 0 0
26 -3856 109 77 761263 0 0 0
-341 -3205 100 79 682486 0 0 0
-689 -2909 109 62 346380 0 0 0
-2797 1777 107 68 580772 0 0 0
-2145 1688 116 59 321466 0 0 0
-1943 1706 106 58 542541 0 0 0
-1426 1784 118 85 115176 0 0 0
-1870 1252 105 83 421421 0 0 0
-1882 551 125 109 350602 0 0 0
-2354 151 123 65 358484 0 0 0
-2393 496 70 74 359633 0 0 0
-2777 869 68 103 646154 0 0 0
-2928 991 105 77 715507 0 0 0
-2221 1501 67 57 299549 0 0 0
-1967 1342 75 71 321190 0 0 0
-2395 1056 85 110 857939 0 0 0
-2746 1134 107 113 803275 0 0 0
-2527 483 72 104 472322 0 0 0
-2370 45 76 112 108085 0 0 0
-2173 -678 65 61 682793 0 0 0
-1546 -1221 64 92 783928 0 0 0
-2037 -1847 89 64 490565 0 0 0
-2230 -2247 84 73 773308 0 0 0
-2261 -2627 126 100 563540 0 0 0
-1843 -3181 101 108 726345 0 0 0
-1990 -3744 87 79 207220 0 0 0
-2130 -3285 121 93 440282 0 0 0
-1505 -2607 78 72 893939 0 0 0
-1719 -3065 121 96 395290 0 0 0
-1651 -3374 91 57 372495 0 0 0
-1767 -4045 65 107 959622 0 0 0
-2469 -4630 120 61 606504 0 0 0
-2383 -4071 122 102 485025 0 0 0
-2302 -4724 83 97 903383 0 0 0
-2828 -4898 71 101 213560 0 0 0
-2173 -5442 74 85 400911 0 0 0
-2576 -5366 85 97 917872 0 0 0
-1874 -5312 115 76 873715 0 0 0
-1329 -5785 118 69 759853 0 0 0
-1723 -5528 106 100 704297 0 0 0
-1286 -5598 106 59 554827 0 0 0
-1124 -5306 107 84 581839 0 0 0
-1832 -5760 78 73 114742 0 0 0
-2318 -5062 126 106 260514 0 0 0
-2015 -5373 113 100 715877 0 0 0
-2732 -5250 123 69 797268 0 0 0
-2382 -5066 112 109 764631 0 0 0
2033 -2271 83 65 194619 0 0 0
1540 -2644 91 81 844630 0 0 0
1505 -2956 66 81 459222 0 0 0
1278 -2633 118 102 193172 0 0 0
1922 -2591 122 72 178205 0 0 0
2578 -2695 67 80 164744 0 0 0
2084 -2866 98 68 383829 0 0 0
2220 -3465 104 90 871343 0 0 0
2025 -3183 79 67 584176 0 0 0
1667 -2649 115 109 432156 0 0 0
1228 -2679 73 74 298546 0 0 0
830 -2732 126 100 842890 0 0 0
896 -3362 63 112 106713 0 0 0
1104 -3130 110 69 668552 0 0 0
1286 -3662 121 56 204317 0 0 0
1879 -4252 84 67 197488 0 0 0
1271 -4387 120 108 881029 0 0 0
1843 -3714 116 64 809937 0 0 0
2258 -3160 72 91 757797 0 0 0
2037 -3206 89 59 341406 0 0 0
1614 -2648 98 83 234440 0 0 0
1133 -3105 95 57 860440 0 0 0
1181 -3467 117 69 836874 0 0 0
1220 -3570 96 71 492552 0 0 0
507 -3779 110 108 266301 0 0 0
1171 -3652 87 80 597194 0 0 0
1821 -3679 88 84 563267 0 0 0
1603 -4321 109 67 823924 0 0 0
1760 -4975 99 97 708629 0 0 0
1242 -5194 103 99 860539 0 0 0
1303 -4955 102 91 884487 0 0 0
700 -4953 78 94 747966 0 0 0
21 -4843 119 74 977423 0 0 0
-289 -4675 106 79 787768 0 0 0
175 -4313 100 88 540039 0 0 0
-218 -4023 88 66 154657 0 0 0
-27 -4215 98 109 446199 0 0 0
655 -4536 110 56 106835 0 0 0
200 -4129 112 69 915265 0 0 0
-486 -3803 90 90 507093 0 0 0
-1158 -3660 118 104 592194 0 0 0
-1165 -4207 99 83 448713 0 0 0
-764 -4549 66 75 509854 0 0 0
-727 -4276 79 67 416435 0 0 0
-196 -4871 81 59 971448 0 0 0
110 -4725 115 109 586969 0 0 0
450 -4050 65 68 136409 0 0 0
-2783 2816 74 108 286967 0 0 0
-2361 2092 65 82 313277 0 0 0
-2202 2084 84 95 635069 0 0 0
-1716 2121 88 61 815271 0 0 0
-2366 1687 90 57 111337 0 0 0
-2477 1942 72 96 525320 0 0 0
-2134 1336 84 63 347372 0 0 0
-2144 1732 113 93 531208 0 0 0
-2384 2387 110 61 200457 0 0 0
-2696 2994 99 61 271906 0 0 0
-2344 3494 124 76 407815 0 0 0
-2368 3945 65 106 631097 0 0 0
-2439 3278 86 74 473834 0 0 0
-2539 2734 107 81 172607 0 0 0
-2518 2315 76 82 414900 0 0 0
-2458 2981 122 97 900129 0 0 0
-2196 3163 73 64 881398 0 0 0
-1955 3035 89 57 491550 0 0 0
-1961 2755 78 59 522522 0 0 0
-2232 3274 123 78 855409 0 0 0
-2420 2767 77 86 328352 0 0 0
-2249 2980 125 80 989192 0 0 0
-1713 2574 89 82 307371 0 0 0
-1272 2189 89 110 768551 0 0 0
-1035 1586 119 97 282326 0 0 0
-893 1757 112 88 322009 0 0 0
-1060 1399 73 64 397104 0 0 0
-641 1681 106 79 871305 0 0 0
-209 2179 73 102 174664 0 0 0
-826 2836 124 92 508077 0 0 0
-809 2407 91 77 741564 0 0 0
-1457 2877 102 91 905399 0 0 0
-2071 2212 72 85 116584 0 0 0
-1937 2260 99 104 402313 0 0 0
-2113 2222 114 83 136669 0 0 0
-1433 2248 111 100 984852 0 0 0
-2090 2591 123 73 367120 0 0 0
-2633 2968 123 103 333306 0 0 0
-2993 3288 101 68 728314 0 0 0
-2926 3326 104 111 793389 0 0 0
-2543 3610 66 111 114955 0 0 0
-2535 3044 120 107 941983 0 0 0
-1994 3537 64 75 333272 0 0 0
-1751 2967 112 113 248230 0 0 0
-1480 3629 109 78 642130 0 0 0
-1981 3343 123 103 194755 0 0 0
-1752 3995 85 61 424772 0 0 0
-1521 3892 122 69 131899 0 0 0
-1745 4587 116 80 122125 0 0 0
-1465 4104 113 87 442013 0 0 0
-1344 4185 92 106 457713 0 0 0
-2067 3602 116 110 394852 0 0 0
-1812 3801 112 90 804576 0 0 0
928 1535 106 97 916396 0 0 0
840 1974 123 82 160686 0 0 0
1200 1295 79 81 236397 0 0 0
754 1623 96 100 900213 0 0 0
329 937 108 99 849118 0 0 0
915 1133 109 68 296639 0 0 0
1447 495 85 76 739402 0 0 0
747 393 71 66 153351 0 0 0
1227 865 73 81 497552 0 0 0
1077 836 95 80 783616 0 0 0
604 339 80 103 635655 0 0 0
1323 720 90 102 338706 0 0 0
1920 1302 63 86 504955 0 0 0
2417 902 78 103 328731 0 0 0
1936 1538 107 104 805482 0 0 0
2375 1757 99 97 991334 0 0 0
2877 1641 72 106 603340 0 0 0
2621 940 66 87 119628 0 0 0
2634 543 74 99 625928 0 0 0
3358 290 120 65 226105 0 0 0
3276 47 125 82 830970 0 0 0
3768 -575 106 62 975540 0 0 0
4323 -312 89 96 237395 0 0 0
4706 71 78 90 243653 0 0 0
4795 -386 81 112 988344 0 0 0
5332 -931 83 66 667091 0 0 0
5713 -1450 112 59 159365 0 0 0
5451 -1253 106 101 483816 0 0 0
5902 -599 106 68 780608 0 0 0
5589 -554 114 96 706977 0 0 0
4945 -324 68 71 929495 0 0 0
5116 -955 99 80 547149 0 0 0
5580 -1232 107 58 988109 0 0 0
4916 -1248 65 78 473360 0 0 0
4676 -1965 111 61 119091 0 0 0
3979 -1817 63 89 248116 0 0 0
3596 -1234 91 106 171563 0 0 0
3615 -526 108 81 638656 0 0 0
3404 -156 70 85 264679 0 0 0
3275 -111 126 103 967974 0 0 0
3540 -805 111 85 841680 0 0 0
3106 -1424 95 96 361177 0 0 0
3045 -1030 74 109 403314 0 0 0
2949 -1203 117 82 701037 0 0 0
2537 -754 114 76 211691 0 0 0
3063 -822 77 112 397293 0 0 0
2612 -1047 89 98 803379 0 0 0
2873 -655 73 86 537313 0 0 0
2408 -1265 93 93 723764 0 0 0
1710 -1774 81 106 594405 0 0 0
1989 -1696 72 61 933269 0 0 0
1741 -1929 102 73 747509 0 0 0
1305 -2283 78 77 533433 0 0 0
1677 -2233 107 61 904377 0 0 0
2151 -1605 124 93 448007 0 0 0
2445 -947 101 58 419689 0 0 0
2165 -1153 101 98 128711 0 0 0
2246 -1545 77 66 140343 0 0 0
2124 -1793 97 90 233446 0 0 0
2413 -1437 87 86 181567 0 0 0
2781 -1504 78 68 834251 0 0 0
2870 -1987 97 86 573831 0 0 0
2495 -1716 87 91 398164 0 0 0
2161 -2410 120 106 299564 0 0 0
2260 -1840 97 61 781455 0 0 0
2406 -2049 103 112 937281 0 0 0
2040 -2072 126 111 836073 0 0 0
2382 -2135 76 87 189353 0 0 0
1803 -1932 109 110 478612 0 0 0
1482 -2034 66 81 953930 0 0 0
2036 -2315 81 90 926922 0 0 0
2536 -2729 119 85 197866 0 0 0
2808 -2965 110 57 860495 0 0 0
3289 -3273 110 87 290071 0 0 0
3906 -3117 65 76 684157 0 0 0
3249 -2958 81 61 183204 0 0 0
3129 -2650 77 109 573590 0 0 0
2877 -2202 76 112 416734 0 0 0
2890 -2613 102 71 333125 0 0 0
2685 -2232 118 72 161480 0 0 0
2681 -2148 72 90 592613 0 0 0
-2331 -2299 75 70 915732 0 0 0
-2189 -3007 105 63 888591 0 0 0
-1466 -2898 109 58 125726 0 0 0
-1652 -3368 118 83 132291 0 0 0
-2308 -3119 66 112 524508 0 0 0
-2186 -2732 109 92 373960 0 0 0
-2470 -3027 92 107 979808 0 0 0
-2864 -2659 82 81 959357 0 0 0
-3554 -1974 118 57 487880 0 0 0
-3921 -2543 94 92 273175 0 0 0
-4569 -2552 98 110 521086 0 0 0
-4618 -2789 68 63 895602 0 0 0
-4258 -2688 101 106 651039 0 0 0
-4626 -3127 113 89 116047 0 0 0
-5070 -3618 92 86 990493 0 0 0
-5704 -4261 95 90 697238 0 0 0
-5583 -3877 117 57 816703 0 0 0
-5382 -3158 119 73 931178 0 0 0
-4972 -2896 79 113 702399 0 0 0
-5116 -3116 112 97 501213 0 0 0
-5014 -3291 69 68 693666 0 0 0
-5706 -3485 96 104 340235 0 0 0
-6347 -2912 118 79 484361 0 0 0
-6379 -3125 120 97 739358 0 0 0
-6609 -3484 72 90 614916 0 0 0
-7139 -3371 116 102 132778 0 0 0
-7848 -3453 75 108 372710 0 0 0
-8068 -2754 90 82 624916 0 0 0
-8594 -3392 66 111 405433 0 0 0
-8438 -3777 84 64 817394 0 0 0
-8306 -4021 105 68 230186 0 0 0
-7937 -3964 77 104 263497 0 0 0
-7654 -3819 98 56 784548 0 0 0
-8255 -3979 65 91 910942 0 0 0
-7929 -4179 72 63 203262 0 0 0
-7841 -4804 102 65 103438 0 0 0
-7288 -5038 108 67 917636 0 0 0
-7851 -4596 66 76 472475 0 0 0
-8502 -3888 72 67 221875 0 0 0
-8542 -4230 86 107 703086 0 0 0
-8278 -4537 86 105 639904 0 0 0
-8090 -4914 90 102 308225 0 0 0
-8526 -4614 69 102 456528 0 0 0
-8274 -4700 98 78 391342 0 0 0
-7789 -4250 64 106 443774 0 0 0
-8243 -3586 88 108 912137 0 0 0
-8271 -3444 109 87 195190 0 0 0
-7830 -3028 91 106 448892 0 0 0
-7179 -2444 108 66 971058 0 0 0
-6914 -2064 92 61 332663 0 0 0
-7209 -2713 111 104 774149 0 0 0
-7071 -2597 125 67 168854 0 0 0
-6627 -2378 118 93 168442 0 0 0
-6209 -1845 119 95 797040 0 0 0
-5589 -1812 88 72 528313 0 0 0
-5532 -2012 84 76 507265 0 0 0
-5272 -1614 122 83 433355 0 0 0
-5860 -2325 66 89 436667 0 0 0
-6464 -1916 70 106 107377 0 0 0
-6127 -1624 76 70 417306 0 0 0
-6057 -1278 89 113 944658 0 0 0
-6146 -1621 104 113 636875 0 0 0
-5450 -1705 89 67 181458 0 0 0
-5589 -2296 108 112 995561 0 0 0
-5944 -1586 74 72 860260 0 0 0
-5741 -912 77 65 532991 0 0 0
-5905 -1168 73 68 155048 0 0 0
-6035 -614 80 110 251359 0 0 0
-6162 -1248 79 89 863643 0 0 0
-6621 -1508 76 104 485431 0 0 0
-6401 -1885 111 71 348870 0 0 0
-6977 -1220 116 78 369961 0 0 0
-6853 -958 92 91 741656 0 0 0
-6403 -477 110 85 891510 0 0 0
-6001 -753 116 78 701543 0 0 0
-5965 -855 93 113 225098 0 0 0
-6474 -1002 85 88 906196 0 0 0
-6942 -1297 102 72 183637 0 0 0
-7637 -1740 108 95 314474 0 0 0
-7203 -2050 75 100 785403 0 0 0
-7635 -2029 123 77 253840 0 0 0
-7469 -1571 98 101 411330 0 0 0
-8188 -1732 123 111 818395 0 0 0
-8839 -1049 94 91 387528 0 0 0
-8908 -978 106 94 816109 0 0 0
-9519 -291 71 99 618269 0 0 0
-9425 -607 106 105 779563 0 0 0
-9469 41 104 56 593797 0 0 0
-9740 166 122 77 841413 0 0 0
1719 420 68 103 823731 0 0 0
2295 991 94 73 428438 0 0 0
1671 664 113 103 809355 0 0 0
1369 1345 103 102 795055 0 0 0
1274 1634 109 69 115339 0 0 0
1221 1117 66 57 391797 0 0 0
804 1416 71 99 888410 0 0 0
1147 938 106 72 852950 0 0 0
1073 232 103 93 246797 0 0 0
1765 387 97 70 713650 0 0 0
1107 846 121 86 726842 0 0 0
1222 489 119 89 354231 0 0 0
575 -138 98 82 346391 0 0 0
103 508 115 89 631932 0 0 0
396 1111 84 69 610473 0 0 0
916 1483 108 69 268537 0 0 0
1565 1982 73 60 664744 0 0 0
1307 1713 102 97 961924 0 0 0
825 2066 106 76 769618 0 0 0
737 2641 95 65 587269 0 0 0
691 2460 83 59 734175 0 0 0
238 2983 111 95 352597 0 0 0
723 2894 102 84 450621 0 0 0
1132 2695 123 110 331208 0 0 0
1825 3177 97 90 768045 0 0 0
2533 2934 91 75 156665 0 0 0
1981 2928 82 74 185794 0 0 0
1481 2236 84 82 860112 0 0 0
2053 2041 63 90 166550 0 0 0
2778 1462 121 109 929040 0 0 0
2473 1600 69 93 281835 0 0 0
2826 1168 101 106 188644 0 0 0
2852 1443 126 74 783639 0 0 0
2422 1988 74 101 994281 0 0 0
2415 2000 102 61 426846 0 0 0
2566 2329 115 58 433976 0 0 0
2759 2854 116 97 628509 0 0 0
3173 2306 64 95 270384 0 0 0
3677 1901 65 96 210737 0 0 0
4073 2467 64 105 851033 0 0 0
4088 2413 125 76 490410 0 0 0
3588 2353 94 99 627775 0 0 0
3054 2660 122 99 431948 0 0 0
3726 2122 125 71 236736 0 0 0
3208 1901 92 77 849752 0 0 0
2538 2543 111 68 693107 0 0 0
-184 -1050 124 75 384586 0 0 0
407 -1763 64 85 714668 0 0 0
229 -1171 103 78 760010 0 0 0
368 -875 77 81 645252 0 0 0
1068 -1017 114 70 505748 0 0 0
666 -1650 125 63 210416 0 0 0
1214 -2109 73 84 574898 0 0 0
1592 -1632 121 113 441995 0 0 0
1360 -1802 102 100 868621 0 0 0
1331 -1261 126 79 873096 0 0 0
1761 -1588 119 109 497896 0 0 0
1734 -2091 97 79 641882 0 0 0
1648 -1953 82 89 644608 0 0 0
1620 -2004 124 83 773223 0 0 0
1614 -2320 99 69 839002 0 0 0
1688 -2074 90 80 161833 0 0 0
1444 -1486 86 77 538006 0 0 0
1144 -1016 108 82 240384 0 0 0
944 -1023 89 65 292221 0 0 0
845 -545 105 81 150743 0 0 0
924 127 103 113 240934 0 0 0
1493 67 87 103 467985 0 0 0
1359 -188 100 84 595013 0 0 0
1374 -495 82 96 717527 0 0 0
763 -706 119 92 709079 0 0 0
979 -96 82 86 734072 0 0 0
1105 -241 113 83 182859 0 0 0
710 -477 87 59 269256 0 0 0
110 -587 83 81 274278 0 0 0
522 -373 122 113 431683 0 0 0
49 -839 119 99 154323 0 0 0
-81 -960 84 63 948419 0 0 0
417 -1091 99 63 981653 0 0 0
852 -566 117 86 752859 0 0 0
1410 -802 114 84 347832 0 0 0
1801 -217 121 63 923636 0 0 0
2317 329 99 98 731000 0 0 0
2748 775 92 56 855282 0 0 0
3233 327 105 71 308667 0 0 0
2957 -80 93 68 775836 0 0 0
3593 -183 70 86 795363 0 0 0
3897 -425 75 57 146009 0 0 0
3733 -1050 115 82 156074 0 0 0
3020 -1331 95 97 414031 0 0 0
2600 -1510 100 74 457336 0 0 0
1919 -857 123 69 383122 0 0 0
-1675 -1906 123 63 437696 0 0 0
-2120 -1315 96 103 211454 0 0 0
-1939 -748 74 59 931024 0 0 0
-1739 -262 110 71 826198 0 0 0
-1859 -457 97 102 871908 0 0 0
-1586 -464 69 81 628253 0 0 0
-1075 -728 93 86 622056 0 0 0
-831 -50 88 60 427345 0 0 0
-268 -344 67 81 777788 0 0 0
-468 -526 82 89 671389 0 0 0
-543 99 87 94 867732 0 0 0
-701 -570 97 56 147101 0 0 0
-396 -737 66 65 304435 0 0 0
-84 -493 90 78 607056 0 0 0
-705 111 114 57 166594 0 0 0
-485 -582 79 59 443133 0 0 0
-625 -907 101 84 506873 0 0 0
-1321 -909 81 96 314301 0 0 0
-1215 -1221 88 83 737675 0 0 0
-845 -1343 104 110 788672 0 0 0
-1053 -1452 110 84 744787 0 0 0
-1141 -1621 110 97 195607 0 0 0
-1174 -1591 78 71 107466 0 0 0
-1509 -1404 89 110 294432 0 0 0
-2135 -1708 88 103 273478 0 0 0
-2389 -1020 75 112 545825 0 0 0
-2515 -580 114 90 832904 0 0 0
-2561 -1009 64 112 179245 0 0 0
-2960 -1580 64 56 929021 0 0 0
-2859 -1497 63 90 287211 0 0 0
1083 1018 121 88 797171 0 0 0
772 1622 70 67 607814 0 0 0
934 1525 121 109 464053 0 0 0
1527 988 89 78 587440 0 0 0
2141 1625 86 73 784254 0 0 0
2185 1780 97 73 118139 0 0 0
2622 2438 81 72 677538 0 0 0
3251 1749 81 94 918628 0 0 0
3228 1140 65 59 792288 0 0 0
3395 638 126 102 987327 0 0 0
2998 522 86 109 625428 0 0 0
3502 1195 83 89 456868 0 0 0
2842 1851 71 84 242471 0 0 0
3189 2062 120 105 914570 0 0 0
2682 2453 92 63 836797 0 0 0
3084 2836 125 67 395388 0 0 0
3342 2493 108 95 242105 0 0 0
3352 2337 112 77 320797 0 0 0
2959 1779 81 108 623539 0 0 0
2545 2292 116 74 515083 0 0 0
2444 1749 88 61 580634 0 0 0
2842 2339 97 83 545353 0 0 0
2987 2096 74 85 724102 0 0 0
2839 1827 124 106 994700 0 0 0
3475 1342 78 91 642662 0 0 0
3268 1463 97 67 131925 0 0 0
3101 2164 67 72 609071 0 0 0
2973 1636 115 85 148054 0 0 0
2705 1487 102 76 261658 0 0 0
3349 1076 92 67 375324 0 0 0
2887 584 126 80 874415 0 0 0
2362 490 111 60 577649 0 0 0
1876 982 114 98 966684 0 0 0
1393 1336 102 90 256677 0 0 0
2066 1872 69 62 347499 0 0 0
2134 1427 72 105 408748 0 0 0
2573 1950 67 60 365138 0 0 0
3200 1596 82 68 115890 0 0 0
3570 1180 86 60 510246 0 0 0
3070 657 95 113 439204 0 0 0
3009 612 96 95 138807 0 0 0
2821 1330 87 76 129986 0 0 0
3153 1127 101 104 338180 0 0 0
3517 996 69 109 557395 0 0 0
3820 694 117 62 913526 0 0 0
4365 275 100 72 131257 0 0 0
4398 -30 98 106 490285 0 0 0
4566 64 70 113 167663 0 0 0
5204 -306 105 78 918955 0 0 0
4628 -194 79 112 666832 0 0 0
4466 -671 113 109 246684 0 0 0
3774 -283 92 83 272535 0 0 0
3833 -160 89 69 232288 0 0 0
4157 -623 86 64 283185 0 0 0
4754 -1316 93 100 847727 0 0 0
5340 -1572 92 60 383743 0 0 0
4940 -2081 73 84 556885 0 0 0
4733 -2308 84 83 262520 0 0 0
5086 -2591 100 105 124332 0 0 0
5645 -3051 103 102 446127 0 0 0
5840 -2975 98 66 447999 0 0 0
5477 -2438 76 64 452419 0 0 0
5971 -2828 118 67 715086 0 0 0
5939 -2862 102 82 955824 0 0 0
6452 -3412 64 99 993941 0 0 0
6222 -4080 102 59 376523 0 0 0
6688 -4127 83 83 459213 0 0 0
6966 -4355 111 59 835491 0 0 0
6656 -4960 76 68 577888 0 0 0
-2538 1019 95 90 768880 0 0 0
-2919 838 80 80 111587 0 0 0
-2595 269 88 90 564814 0 0 0
-2954 137 71 92 939248 0 0 0
-3153 382 109 68 660017 0 0 0
-2975 909 102 108 658973 0 0 0
-3279 1085 82 75 185417 0 0 0
-3862 1442 103 60 228086 0 0 0
-3424 901 71 57 618918 0 0 0
-2896 1340 101 97 567158 0 0 0
-2455 1207 108 65 365872 0 0 0
-2064 1640 94 63 751360 0 0 0
-2345 1239 69 62 260684 0 0 0
-2550 1888 77 81 495130 0 0 0
-2216 1936 101 95 581501 0 0 0
-2500 2181 63 82 408201 0 0 0
-2012 2686 124 68 928330 0 0 0
-1880 3268 103 88 550302 0 0 0
-2347 3549 94 85 867477 0 0 0
-1639 3454 110 71 121624 0 0 0
-928 2729 64 64 960564 0 0 0
-401 3214 81 95 870995 0 0 0
-762 2992 107 105 679084 0 0 0
-126 3038 79 96 916941 0 0 0
-48 2716 107 102 100375 0 0 0
622 2284 99 67 430478 0 0 0
434 1991 114 108 578302 0 0 0
291 2367 118 61 373487 0 0 0
578 2220 78 93 555409 0 0 0
997 1935 122 113 524426 0 0 0
1422 2223 80 91 594988 0 0 0
1979 1723 69 86 700497 0 0 0
2186 1496 118 92 550790 0 0 0
1545 2119 125 72 998588 0 0 0
834 2211 108 98 604862 0 0 0
693 2037 110 63 285492 0 0 0
1402 1765 78 72 928466 0 0 0
1904 1569 87 91 399250 0 0 0
1844 1312 76 113 573127 0 0 0
1701 797 79 59 557496 0 0 0
1061 1133 77 77 896820 0 0 0
874 619 98 81 569386 0 0 0
1160 866 68 71 365077 0 0 0
919 319 80 112 211103 0 0 0
515 838 89 83 180008 0 0 0
604 1018 102 75 712970 0 0 0
916 451 74 105 300363 0 0 0
942 1140 89 56 759618 0 0 0
663 942 104 107 374754 0 0 0
1044 659 89 70 985352 0 0 0
1115 474 73 106 622518 0 0 0
768 577 63 85 162738 0 0 0
335 730 121 102 404511 0 0 0
577 62 102 80 761067 0 0 0
490 -566 78 84 122270 0 0 0
357 -161 122 76 912411 0 0 0
461 -154 108 88 820667 0 0 0
-52 535 87 93 384918 0 0 0
-580 740 85 102 102512 0 0 0
-886 654 118 96 105087 0 0 0
-1334 402 103 97 548244 0 0 0
-1997 -292 96 90 544224 0 0 0
-1397 -333 87 85 301392 0 0 0
-1454 -849 71 91 680880 0 0 0
-1627 -182 119 89 367398 0 0 0
-1755 -253 81 99 232367 0 0 0
-1249 -393 75 71 571825 0 0 0
-531 79 116 69 997875 0 0 0
-856 -56 95 84 692756 0 0 0
-553 392 111 103 175673 0 0 0
-77 370 97 106 293914 0 0 0
-785 163 107 66 831546 0 0 0
-765 578 102 68 638190 0 0 0
-674 1108 94 56 223545 0 0 0
-1337 1727 81 59 364547 0 0 0
-640 1003 123 90 648900 0 0 0
-1243 883 126 58 842395 0 0 0
-614 565 97 92 543870 0 0 0
-52 -2564 71 96 551870 0 0 0
126 -2289 108 99 332723 0 0 0
469 -2111 99 87 897071 0 0 0
-206 -2390 89 73 401598 0 0 0
-208 -2480 108 92 808301 0 0 0
-859 -2345 126 80 240959 0 0 0
-381 -2316 117 76 294502 0 0 0
-737 -1814 116 103 207827 0 0 0
-1244 -1265 100 102 663771 0 0 0
-1477 -1085 75 79 363949 0 0 0
-1734 -1093 82 88 842208 0 0 0
-2316 -1305 100 97 489284 0 0 0
-2253 -1701 114 67 136474 0 0 0
-2085 -1685 101 78 133412 0 0 0
-2573 -2112 88 98 786107 0 0 0
-1953 -1658 109 89 150139 0 0 0
-1354 -1512 121 85 208766 0 0 0
-664 -1094 81 112 233115 0 0 0
47 -1740 76 103 519790 0 0 0
241 -2288 68 61 987695 0 0 0
409 -2217 81 58 617113 0 0 0
-298 -2435 105 95 666373 0 0 0
156 -1773 121 96 866051 0 0 0
811 -1839 105 103 769477 0 0 0
623 -1951 99 69 118900 0 0 0
-12 -2091 111 97 597165 0 0 0
-598 -1894 65 108 554200 0 0 0
18 -1372 67 84 428779 0 0 0
579 -1507 124 94 474178 0 0 0
804 -916 73 76 472582 0 0 0
238 -1142 84 96 443169 0 0 0
334 -1582 95 72 465986 0 0 0
902 -2053 66 103 406594 0 0 0
752 -1957 72 109 956661 0 0 0
792 -1386 74 88 422136 0 0 0
678 -1257 72 70 875442 0 0 0
1028 -1820 68 58 171686 0 0 0
1107 -1648 74 92 309847 0 0 0
1327 -999 107 100 764625 0 0 0
948 -916 91 103 540593 0 0 0
1395 -810 107 94 207568 0 0 0
840 -946 84 110 161623 0 0 0
1024 -335 101 78 333402 0 0 0
1409 -845 92 92 564598 0 0 0
104 101 102 63 464912 0 0 0
-304 820 80 72 868396 0 0 0
220 1334 76 96 684002 0 0 0
-393 2055 121 57 811391 0 0 0
-837 1907 67 100 591472 0 0 0
-415 1616 93 94 981230 0 0 0
-466 1284 119 80 313962 0 0 0
-145 739 80 74 174792 0 0 0
-238 1391 84 70 712436 0 0 0
-357 707 118 76 169668 0 0 0
-751 1292 110 91 153367 0 0 0
-642 1193 102 113 989996 0 0 0
-876 1087 75 67 542821 0 0 0
-1397 652 93 96 474434 0 0 0
-771 936 97 110 342994 0 0 0
-1452 1237 104 64 802223 0 0 0
-2087 848 72 100 239762 0 0 0
-1488 761 93 75 771649 0 0 0
-2145 489 65 88 650765 0 0 0
-2260 820 65 91 476427 0 0 0
-2029 878 84 91 521927 0 0 0
-2052 583 101 108 233809 0 0 0
-1657 -67 126 60 846128 0 0 0
-2279 -281 84 94 122623 0 0 0
-2634 -770 69 69 362382 0 0 0
-2284 -205 117 98 696289 0 0 0
-2902 -148 73 71 100578 0 0 0
-2577 170 102 63 960350 0 0 0
-2805 307 107 87 746003 0 0 0
-2299 422 77 82 159959 0 0 0
-1718 747 97 78 884643 0 0 0
-1129 1268 126 99 756178 0 0 0
-1629 908 71 86 261813 0 0 0
-2152 959 120 82 713683 0 0 0
-2544 343 126 78 302729 0 0 0
-3002 319 125 101 297118 0 0 0
286 2183 100 102 978209 0 0 0
683 2478 100 111 233942 0 0 0
992 3009 111 62 620579 0 0 0
905 2371 123 101 774079 0 0 0
1461 1667 88 104 516254 0 0 0
1643 1239 98 64 657679 0 0 0
1704 653 99 104 221435 0 0 0
1442 372 69 83 149638 0 0 0
1405 -275 108 95 985832 0 0 0
1017 300 81 78 739060 0 0 0
1725 -38 78 93 468711 0 0 0
2217 -486 73 65 604132 0 0 0
2198 -840 68 109 437730 0 0 0
2603 -1392 108 94 203987 0 0 0
3236 -2011 104 110 793007 0 0 0
3309 -1939 81 107 297596 0 0 0
3606 -2630 72 101 480016 0 0 0
3922 -3354 85 64 609190 0 0 0
3510 -3749 114 104 168005 0 0 0
3299 -4236 108 98 955460 0 0 0
3486 -3637 81 104 967610 0 0 0
4067 -3557 118 89 172839 0 0 0
3667 -3381 107 93 150011 0 0 0
3924 -3712 83 105 196316 0 0 0
4628 -3993 103 110 302400 0 0 0
4444 -3832 98 84 825772 0 0 0
3986 -3134 110 88 156720 0 0 0
631 699 74 58 610085 0 0 0
22 859 111 65 233037 0 0 0
243 466 92 108 659929 0 0 0
460 100 109 91 692169 0 0 0
736 -582 105 60 611237 0 0 0
583 -405 114 69 659984 0 0 0
1209 182 72 74 859690 0 0 0
1354 -257 96 74 432901 0 0 0
1778 205 69 61 721534 0 0 0
1598 -84 95 108 399877 0 0 0
1102 609 111 57 258058 0 0 0
1121 706 108 87 541724 0 0 0
1530 378 102 96 519328 0 0 0
988 -109 75 81 483312 0 0 0
841 -709 74 82 412393 0 0 0
771 -441 102 80 363061 0 0 0
1045 -599 119 62 362108 0 0 0
623 -1283 112 69 711879 0 0 0
1007 -561 80 68 668123 0 0 0
703 99 108 102 238421 0 0 0
1148 -129 77 74 103046 0 0 0
1293 -808 121 73 495857 0 0 0
1229 -1486 77 97 219793 0 0 0
1025 -867 74 78 690491 0 0 0
1596 -1556 108 58 161817 0 0 0
1037 -1818 92 85 930166 0 0 0
1275 -1561 65 88 282185 0 0 0
1658 -2220 76 73 165366 0 0 0
1789 -2759 78 56 462216 0 0 0
2039 -3017 66 113 624269 0 0 0
2578 -3236 111 106 619831 0 0 0
1879 -3918 122 78 235776 0 0 0
2256 -3630 73 79 487049 0 0 0
1939 -4231 83 81 379353 0 0 0
1775 -4783 91 107 702338 0 0 0
1860 -5354 97 89 324521 0 0 0
1184 -4718 101 98 886441 0 0 0
2465 1328 78 109 965690 0 0 0
2250 1066 122 57 261775 0 0 0
1531 1724 91 90 903740 0 0 0
2015 2389 95 59 302649 0 0 0
2480 2509 64 99 171938 0 0 0
3155 2319 122 97 618065 0 0 0
2931 3006 94 110 842822 0 0 0
3199 2483 110 85 798167 0 0 0
3329 2992 75 79 201882 0 0 0
3898 3239 76 111 332566 0 0 0
4111 2973 71 111 658893 0 0 0
3402 2341 94 56 293485 0 0 0
3285 1999 75 68 849778 0 0 0
3701 1519 77 72 939799 0 0 0
3987 1858 109 71 950481 0 0 0
3579 1822 106 84 456337 0 0 0
3499 2091 111 97 596061 0 0 0
3253 2654 67 103 204772 0 0 0
2605 2194 74 112 923205 0 0 0
2861 2436 85 110 784534 0 0 0
3407 3149 68 106 401169 0 0 0
3050 3241 111 81 145982 0 0 0
2948 2684 112 101 318522 0 0 0
3165 2344 82 76 946898 0 0 0
3831 2866 80 65 519643 0 0 0
3541 3189 98 93 138099 0 0 0
3612 3178 124 102 641827 0 0 0
3449 3250 111 106 319723 0 0 0
3414 3120 64 91 266339 0 0 0
4019 3818 106 92 972804 0 0 0
4031 3793 69 67 677488 0 0 0
3347 4013 80 85 868393 0 0 0
3796 3831 103 111 584689 0 0 0
3448 4150 79 69 599022 0 0 0
3708 4675 77 66 979799 0 0 0
3262 4404 73 105 588381 0 0 0
3200 3913 121 100 180401 0 0 0
3164 4078 80 81 740954 0 0 0
3464 4062 114 84 204938 0 0 0
3789 4003 86 91 335281 0 0 0
4356 3670 104 98 590725 0 0 0
4428 3512 97 83 962453 0 0 0
5041 3747 73 79 375995 0 0 0
5166 3245 80 69 984674 0 0 0
4932 3298 111 85 293443 0 0 0
5563 3834 87 89 588158 0 0 0
4965 3209 107 100 788548 0 0 0
5415 2907 102 107 811162 0 0 0
5465 3334 98 59 480793 0 0 0
5863 3541 82 69 837173 0 0 0
5602 3324 64 103 598056 0 0 0
4904 3543 125 105 165318 0 0 0
5447 3028 74 93 744327 0 0 0
5475 2865 90 71 385887 0 0 0
6189 3361 68 84 393485 0 0 0
6816 3036 97 60 851288 0 0 0
6765 3467 114 108 156475 0 0 0
7336 3997 71 109 750532 0 0 0
7342 3846 87 65 948255 0 0 0
7439 3155 112 81 528117 0 0 0
7237 2617 120 113 896452 0 0 0
6742 2622 119 57 576490 0 0 0
6383 2351 81 102 917861 0 0 0
5983 1727 103 67 689804 0 0 0
5301 1442 85 86 910035 0 0 0
4875 1731 67 99 155942 0 0 0
4202 2301 102 102 299031 0 0 0
4687 2331 123 96 431667 0 0 0
4605 2338 78 69 441752 0 0 0
5011 2135 112 109 890160 0 0 0
5607 2352 101 59 495801 0 0 0
5769 1850 85 110 179107 0 0 0
5446 1554 93 82 224388 0 0 0
5579 1939 64 105 262344 0 0 0
5763 1509 123 112 289816 0 0 0
5715 1018 106 111 234151 0 0 0
5721 469 123 65 639383 0 0 0
5290 -123 100 77 216926 0 0 0
5478 269 100 63 193630 0 0 0
5288 61 97 89 358111 0 0 0
5989 -465 82 98 470996 0 0 0
6619 -13 117 67 970642 0 0 0
6854 -19 67 92 334344 0 0 0
6284 -686 106 95 626278 0 0 0
6332 -823 120 92 309663 0 0 0
6344 -337 65 78 469574 0 0 0
6091 -953 68 63 645317 0 0 0
2709 456 88 102 510973 0 0 0
3430 -213 117 107 127510 0 0 0
4061 218 117 76 100327 0 0 0
4045 15 111 94 101048 0 0 0
3545 -236 104 102 514172 0 0 0
2995 -349 107 92 591381 0 0 0
3062 -736 98 59 961820 0 0 0
2935 -456 101 107 999275 0 0 0
2983 -343 95 85 500070 0 0 0
3693 -962 116 76 929617 0 0 0
4101 -817 84 80 890549 0 0 0
3698 -406 81 112 486297 0 0 0
3204 -656 72 94 257678 0 0 0
3416 -351 97 72 301195 0 0 0
2917 119 89 96 235464 0 0 0
3397 -163 101 84 736946 0 0 0
2949 -882 66 59 353004 0 0 0
2231 -663 66 107 245084 0 0 0
2343 -1224 119 59 922047 0 0 0
2928 -1454 87 85 568425 0 0 0
2501 -1201 67 77 138425 0 0 0
2358 -909 93 83 452539 0 0 0
2444 -1228 112 101 353137 0 0 0
2956 -1788 103 91 166776 0 0 0
3604 -1638 118 84 682276 0 0 0
3213 -2261 122 60 725084 0 0 0
3329 -2826 101 61 494978 0 0 0
3255 -2661 98 68 618470 0 0 0
2660 -3364 102 105 439202 0 0 0
3135 -3935 92 69 328633 0 0 0
2997 -4370 92 89 500863 0 0 0
3052 -3911 86 70 496377 0 0 0
2570 -3814 100 60 595952 0 0 0
1853 -3679 126 97 422118 0 0 0
1456 -4065 94 107 646943 0 0 0
1417 -4144 102 98 755888 0 0 0
1443 -4242 91 95 612992 0 0 0
1850 -4374 82 109 670157 0 0 0
1270 -4014 89 76 171942 0 0 0
710 -3391 74 102 640333 0 0 0
927 -4063 118 71 912620 0 0 0
1226 -3791 104 95 709307 0 0 0
1158 -3764 102 69 330010 0 0 0
965 -3664 63 113 348208 0 0 0
1553 -3008 103 96 724243 0 0 0
999 -2648 71 74 664860 0 0 0
-1459 1908 109 103 106780 0 0 0
-1698 2506 77 84 579212 0 0 0
-1432 2735 97 74 733070 0 0 0
-1555 2199 106 95 494489 0 0 0
-976 2759 112 72 705024 0 0 0
-489 2775 118 95 861823 0 0 0
-281 2560 78 112 237649 0 0 0
151 2470 68 78 418356 0 0 0
-375 2804 63 88 822515 0 0 0
-1059 2314 73 74 690502 0 0 0
-1059 1664 78 71 683768 0 0 0
-923 1352 120 85 282754 0 0 0
-565 698 66 92 471700 0 0 0
-407 627 90 89 253491 0 0 0
-671 -19 74 89 969320 0 0 0
-552 -421 94 105 397475 0 0 0
-920 -1082 108 86 776313 0 0 0
-379 -1528 97 74 681301 0 0 0
263 -1815 118 75 473340 0 0 0
-259 -1469 108 83 277947 0 0 0
83 -2067 101 78 542561 0 0 0
702 -2788 81 94 183702 0 0 0
338 -3422 79 56 576960 0 0 0
280 -3889 80 95 691355 0 0 0
-301 -4057 124 93 172655 0 0 0
-583 -4356 97 65 890213 0 0 0
-1191 -4916 74 103 858987 0 0 0
-1057 -4270 114 107 285270 0 0 0
-351 -3674 109 73 702286 0 0 0
-611 -3886 76 63 953855 0 0 0
-1147 -4310 108 91 919783 0 0 0
-930 -4440 126 60 189483 0 0 0
-1196 -4983 74 72 453552 0 0 0
-1431 -4923 116 65 415471 0 0 0
-1151 -4219 110 98 229316 0 0 0
-1099 -4802 115 70 647250 0 0 0
-899 -4619 126 76 889104 0 0 0
-1274 -4844 123 80 348653 0 0 0
-1017 -5021 117 105 706290 0 0 0
-1190 -4425 107 107 337035 0 0 0
-933 -4801 119 89 375792 0 0 0
-588 -4905 97 95 966225 0 0 0
-1017 -5212 66 79 184502 0 0 0
-1702 -4795 94 82 339450 0 0 0
-2196 -5219 66 98 334226 0 0 0
-2785 -5487 93 59 565198 0 0 0
-2976 -5026 63 69 123803 0 0 0
-3230 -4844 125 107 148520 0 0 0
-3107 -5102 83 110 396054 0 0 0
-2740 -5484 118 105 497047 0 0 0
-2219 -5290 119 109 724147 0 0 0
-1732 -4599 71 82 279275 0 0 0
-2370 -4886 117 110 101788 0 0 0
-2570 -5246 95 71 132033 0 0 0
-2681 -4766 117 77 229764 0 0 0
-3391 -4877 93 104 217155 0 0 0
-2735 -4757 103 61 403677 0 0 0
-3235 -4673 76 69 985100 0 0 0
-2549 -5135 77 61 542487 0 0 0
-2673 -5337 119 99 896077 0 0 0
-2273 -5902 74 100 374885 0 0 0
-1783 -6540 100 107 842718 0 0 0
-1568 -7151 116 111 446995 0 0 0
-1355 -7675 114 96 600745 0 0 0
-723 -6972 110 60 104896 0 0 0
-398 -7289 114 92 990623 0 0 0
143 -7600 109 84 468892 0 0 0
-412 -7399 71 74 255395 0 0 0
-987 -7248 116 110 640570 0 0 0
2383 -1736 73 82 511399 0 0 0
1840 -2378 77 61 319393 0 0 0
2312 -2921 76 72 737293 0 0 0
2777 -3188 116 65 973731 0 0 0
3223 -2735 65 108 559640 0 0 0
2889 -2926 80 82 276332 0 0 0
3410 -2403 90 85 607608 0 0 0
3316 -2461 90 91 189898 0 0 0
2628 -2558 76 76 572560 0 0 0
2690 -2583 93 86 875765 0 0 0
2925 -2103 99 92 311275 0 0 0
3144 -2094 84 93 544275 0 0 0
3748 -1868 84 63 379347 0 0 0
3409 -2024 80 62 250643 0 0 0
3200 -2689 118 98 624159 0 0 0
3579 -2255 96 111 706985 0 0 0
2891 -1963 82 83 177972 0 0 0
2334 -1536 105 104 776076 0 0 0
2699 -1839 70 72 963178 0 0 0
2725 -1274 94 86 447595 0 0 0
2904 -1190 110 82 675640 0 0 0
2397 -1262 93 111 443227 0 0 0
3117 -934 107 65 826261 0 0 0
2898 -1473 108 60 123493 0 0 0
2492 -1735 94 100 465913 0 0 0
1930 -1211 98 63 196530 0 0 0
2323 -1486 111 82 399390 0 0 0
2103 -1119 120 95 704846 0 0 0
1739 -1594 109 77 965676 0 0 0
1743 -1247 92 91 191263 0 0 0
1432 -1193 72 92 471948 0 0 0
1434 -608 72 105 970057 0 0 0
1879 -586 75 106 683868 0 0 0
1985 -1267 99 102 990269 0 0 0
2293 -1615 109 92 481236 0 0 0
2209 -1533 122 85 138034 0 0 0
1786 -1740 98 83 445963 0 0 0
1294 -1270 124 76 163365 0 0 0
711 -884 109 100 215593 0 0 0
990 -606 93 61 416490 0 0 0
349 -321 104 91 618654 0 0 0
33 159 68 65 452345 0 0 0
167 -404 121 61 125705 0 0 0
152 -577 63 60 952696 0 0 0
157 -352 64 56 675273 0 0 0
-74 -421 84 106 450027 0 0 0
557 23 96 95 578274 0 0 0
220 -674 115 73 673870 0 0 0
-243 -97 107 101 476869 0 0 0
-798 -390 100 106 666835 0 0 0
-806 313 80 73 627511 0 0 0
-1241 522 93 73 239862 0 0 0
-1283 151 75 75 686611 0 0 0
-932 121 114 102 128370 0 0 0
-1048 104 71 81 632073 0 0 0
-722 -525 83 68 428744 0 0 0
-1120 -534 108 80 490586 0 0 0
-1086 -375 90 77 572491 0 0 0
-843 -66 63 68 406381 0 0 0
-845 72 91 88 754977 0 0 0
1558 1675 119 99 538532 0 0 0
1982 1049 78 108 263758 0 0 0
1719 694 71 56 627709 0 0 0
2082 874 104 99 650409 0 0 0
1970 1111 114 98 850942 0 0 0
2441 1704 73 56 128135 0 0 0
2785 2063 124 57 676076 0 0 0
3432 1932 83 59 687895 0 0 0
3618 1888 117 106 735006 0 0 0
3775 1397 118 94 401268 0 0 0
3771 1539 95 113 283194 0 0 0
3383 967 91 69 291205 0 0 0
2963 1337 87 77 818517 0 0 0
3062 1838 113 66 191704 0 0 0
3339 2469 97 92 924907 0 0 0
2712 2294 93 78 177298 0 0 0
2504 1707 107 108 676928 0 0 0
2000 1308 71 113 872001 0 0 0
1322 614 81 82 384283 0 0 0
1741 316 108 73 851228 0 0 0
1971 163 119 105 616636 0 0 0
1325 315 101 96 435412 0 0 0
872 -263 76 66 435218 0 0 0
907 373 126 58 867043 0 0 0
940 -55 90 76 683531 0 0 0
622 185 79 71 583032 0 0 0
178 393 113 89 846192 0 0 0
473 281 77 71 520375 0 0 0
-45 10 112 70 106732 0 0 0
-130 -666 115 63 868345 0 0 0
-365 -508 85 108 448902 0 0 0
194 -162 108 65 113569 0 0 0
396 87 104 74 555052 0 0 0
420 -297 112 66 932150 0 0 0
939 -555 87 76 118423 0 0 0
900 -766 108 81 402169 0 0 0
345 -251 113 87 900176 0 0 0
457 421 108 99 930919 0 0 0
1081 957 93 81 538687 0 0 0
1106 330 81 86 172425 0 0 0
728 -287 126 89 996558 0 0 0
1281 -390 102 101 586066 0 0 0
806 -416 98 111 226838 0 0 0
1162 -57 85 111 693141 0 0 0
1788 166 66 64 771508 0 0 0
2505 126 94 94 639138 0 0 0
1934 339 113 67 514410 0 0 0
2525 453 99 60 549478 0 0 0
2429 1079 86 84 170176 0 0 0
2099 1347 90 99 235301 0 0 0
1460 1482 122 111 887101 0 0 0
1385 1486 124 60 260036 0 0 0
1589 1708 108 90 176072 0 0 0
1888 1563 93 79 247817 0 0 0
1261 1409 119 62 440542 0 0 0
1141 925 82 105 237879 0 0 0
1611 1000 69 111 965380 0 0 0
1127 649 110 102 783467 0 0 0
886 98 69 91 617836 0 0 0
1188 704 63 109 684350 0 0 0
1259 1438 119 56 235273 0 0 0
892 1239 82 86 812682 0 0 0
1258 1464 124 68 612014 0 0 0
929 1486 117 98 877358 0 0 0
859 827 113 91 467696 0 0 0
137 925 71 99 852925 0 0 0
502 914 93 84 127937 0 0 0
88 698 110 76 696391 0 0 0
651 36 100 72 693796 0 0 0
339 -182 99 67 414806 0 0 0
350 -505 94 63 724635 0 0 0
208 -1160 81 89 415148 0 0 0
103 -698 120 103 707907 0 0 0
392 -1045 105 93 435359 0 0 0
90 -829 103 67 539718 0 0 0
647 -1424 101 80 787093 0 0 0
1257 -883 82 59 688205 0 0 0
833 -439 110 85 288780 0 0 0
874 122 125 82 988502 0 0 0
643 321 114 113 972636 0 0 0
1364 260 86 98 843914 0 0 0
1308 -413 100 58 913739 0 0 0
637 260 90 96 726897 0 0 0
626 308 113 72 893798 0 0 0
1282 761 120 64 851245 0 0 0
1362 1023 106 112 277104 0 0 0
1605 1261 95 86 650658 0 0 0
1889 818 98 63 641442 0 0 0
2473 714 87 72 287391 0 0 0
2064 1413 111 100 612202 0 0 0
2624 1655 118 65 665917 0 0 0
1933 1507 70 89 569759 0 0 0
1853 2160 94 112 750161 0 0 0
2062 1603 99 93 459529 0 0 0
2251 1226 113 78 358308 0 0 0
2058 1417 68 109 371573 0 0 0
1871 1692 85 77 527907 0 0 0
2550 1483 111 56 945913 0 0 0
2857 1995 84 83 868355 0 0 0
3036 1733 126 65 795567 0 0 0
3017 2046 113 68 559827 0 0 0
3742 2417 64 69 354030 0 0 0
4220 2842 102 111 709462 0 0 0
4389 3292 111 59 265815 0 0 0
-163 2629 86 64 526736 0 0 0
-670 2837 90 70 986876 0 0 0
-684 2571 100 97 203385 0 0 0
-891 2207 104 88 518574 0 0 0
-872 2225 68 58 964247 0 0 0
-868 2337 84 101 418446 0 0 0
-1530 2987 95 98 126224 0 0 0
-1183 2889 79 65 486284 0 0 0
-840 2363 71 109 564318 0 0 0
-426 2739 106 110 294462 0 0 0
-43 -2399 107 57 609236 0 0 0
-64 -2379 84 82 767396 0 0 0
-653 -2444 84 58 444631 0 0 0
-984 -2177 84 80 607425 0 0 0
-284 -2274 74 92 824573 0 0 0
-569 -2963 98 97 286729 0 0 0
-565 -2778 99 74 949848 0 0 0
5 -3279 72 82 465726 0 0 0
77 -3721 77 73 408118 0 0 0
479 -4180 96 102 530183 0 0 0
892 -4395 81 100 219005 0 0 0
408 -4656 100 110 608648 0 0 0
1122 -4542 115 57 717159 0 0 0
1435 -5132 105 96 984278 0 0 0
1970 -4773 85 75 289170 0 0 0
2468 -5191 89 99 992720 0 0 0
2493 -5006 69 105 118821 0 0 0
3038 -5038 63 77 604542 0 0 0
2568 -5374 122 104 666402 0 0 0
2683 -4793 120 86 337974 0 0 0
2557 -4599 98 90 833617 0 0 0
2630 -4636 125 61 903297 0 0 0
1938 -5152 85 83 462067 0 0 0
2568 -5779 112 80 997660 0 0 0
2735 -6148 85 77 789329 0 0 0
3034 -5743 97 107 743077 0 0 0
2848 -6253 124 87 621294 0 0 0
2263 -6291 83 57 714502 0 0 0
2095 -5949 82 90 698350 0 0 0
2709 -5658 125 72 714748 0 0 0
3238 -6146 100 75 306272 0 0 0
3079 -6088 126 62 562264 0 0 0
3075 -6604 76 100 149777 0 0 0
3315 -7237 76 71 900641 0 0 0
3686 -6733 109 99 938747 0 0 0
3716 -6969 123 110 409409 0 0 0
3340 -6978 110 60 870011 0 0 0
3988 -7360 69 68 422602 0 0 0
3780 -7289 91 102 681098 0 0 0
3940 -6950 90 94 407185 0 0 0
4406 -6839 87 95 235890 0 0 0
372 2009 74 93 762916 0 0 0
1028 2291 97 85 303089 0 0 0
1026 2980 79 73 507121 0 0 0
321 2903 66 88 278434 0 0 0
342 2602 99 99 936832 0 0 0
154 2455 109 91 275040 0 0 0
-163 1784 98 58 790170 0 0 0
-557 1961 105 86 569697 0 0 0
-1198 2646 103 103 541046 0 0 0
-818 2529 105 72 688830 0 0 0
-217 2488 75 90 318974 0 0 0
-652 2744 102 102 526111 0 0 0
-343 2897 122 64 937685 0 0 0
21 3201 63 104 650760 0 0 0
71 2477 115 89 197094 0 0 0
749 2060 116 61 602488 0 0 0
1417 1424 118 74 934801 0 0 0
1222 1871 98 93 918457 0 0 0
611 1985 111 69 465356 0 0 0
940 2704 84 103 358675 0 0 0
1145 2592 95 58 289333 0 0 0
1637 2488 67 90 783867 0 0 0
1685 1978 98 80 301517 0 0 0
1603 1662 78 82 397787 0 0 0
1683 1558 117 61 720006 0 0 0
1225 1331 123 77 854425 0 0 0
1927 1376 122 105 923351 0 0 0
1647 850 66 88 107145 0 0 0
1120 211 89 90 477920 0 0 0
435 837 107 82 335071 0 0 0
760 1130 67 110 972317 0 0 0
839 1676 64 91 534363 0 0 0
822 2239 106 62 413302 0 0 0
437 1840 78 92 854047 0 0 0
957 1748 110 73 204965 0 0 0
1461 2057 63 74 947997 0 0 0
1171 1966 115 81 833033 0 0 0
688 2226 113 100 737508 0 0 0
1210 1503 102 80 905762 0 0 0
976 828 100 70 145742 0 0 0
1613 1310 66 61 912957 0 0 0
2020 1635 105 106 897776 0 0 0
-1727 -895 92 78 391841 0 0 0
-1637 -840 94 81 653926 0 0 0
-1785 -861 105 93 693641 0 0 0
-1107 -1353 76 104 200276 0 0 0
-829 -1061 107 82 476771 0 0 0
-1102 -1105 119 66 884250 0 0 0
-717 -1223 76 69 640854 0 0 0
-556 -1542 90 71 315193 0 0 0
-1145 -1432 70 108 405652 0 0 0
-1631 -1527 98 90 969546 0 0 0
-1380 -2143 76 83 513181 0 0 0
-1610 -2190 79 96 187034 0 0 0
-2251 -2008 87 87 560101 0 0 0
-2320 -2011 118 101 259312 0 0 0
-2190 -1656 106 61 537394 0 0 0
-2244 -2209 81 56 559628 0 0 0
-2339 -2201 87 65 193573 0 0 0
-2689 -2399 122 79 124167 0 0 0
-2159 -2472 81 100 556890 0 0 0
-2630 -2526 110 72 517702 0 0 0
-2690 -2069 120 57 362524 0 0 0
-2671 -2182 67 93 228721 0 0 0
-2268 -2427 102 93 323364 0 0 0
-1734 -2720 118 84 649930 0 0 0
-2025 -2023 112 106 535049 0 0 0
-580 2495 74 96 525498 0 0 0
-831 1908 88 111 778669 0 0 0
-572 1842 69 81 370249 0 0 0
-1161 1386 112 89 502616 0 0 0
-776 1672 109 97 877604 0 0 0
-114 1202 85 78 307807 0 0 0
256 1274 64 81 732099 0 0 0
870 567 66 74 905901 0 0 0
348 -106 120 68 914367 0 0 0
589 -587 72 108 745309 0 0 0
344 -675 70 93 227602 0 0 0
250 -138 117 72 489930 0 0 0
687 396 101 71 485960 0 0 0
243 1028 82 101 781374 0 0 0
733 812 109 107 707995 0 0 0
1405 436 105 68 786969 0 0 0
1826 -224 117 60 943767 0 0 0
1332 -126 105 72 620799 0 0 0
1114 -773 64 98 797469 0 0 0
1561 -562 100 58 143346 0 0 0
1103 105 92 111 697972 0 0 0
395 -62 71 57 117569 0 0 0
763 659 65 63 561478 0 0 0
596 582 118 113 666192 0 0 0
15 1129 121 99 227783 0 0 0
-342 1286 79 88 670004 0 0 0
-107 2000 91 88 639808 0 0 0
-548 1377 126 81 424209 0 0 0
-662 710 125 112 592931 0 0 0
-1348 1416 87 71 665066 0 0 0
-1469 923 104 77 476495 0 0 0
-1514 841 88 104 706313 0 0 0
-2203 1009 117 86 553468 0 0 0
-2890 1545 91 64 530309 0 0 0
-2825 1935 89 99 867833 0 0 0
-3144 2377 117 57 256273 0 0 0
-3516 2307 121 104 208594 0 0 0
-3391 2789 120 56 688649 0 0 0
-3385 2230 93 109 581701 0 0 0
-2898 2920 80 81 290011 0 0 0
-3355 3359 71 75 469878 0 0 0
-3135 3195 70 108 943949 0 0 0
-3251 3698 111 80 551862 0 0 0
-2694 4031 67 70 758947 0 0 0
-2024 3998 87 62 293754 0 0 0
-1383 4479 69 67 890540 0 0 0
-912 4366 97 101 415471 0 0 0
-745 4598 107 83 185323 0 0 0
-925 4992 76 94 365478 0 0 0
-506 4287 80 62 246044 0 0 0
-631 4502 66 94 776335 0 0 0
-864 4860 75 85 646099 0 0 0
-1544 4630 104 77 547200 0 0 0
-2727 1370 82 76 273585 0 0 0
-3025 726 80 86 126789 0 0 0
-2500 1263 75 81 890467 0 0 0
-3221 1818 113 96 611616 0 0 0
-3603 2527 91 86 415137 0 0 0
-4242 2805 110 105 748418 0 0 0
-3910 2817 81 99 806768 0 0 0
-3440 3138 68 73 947739 0 0 0
-2739 3179 70 113 980524 0 0 0
-2167 3845 109 76 326303 0 0 0
-1705 3288 82 111 503909 0 0 0
-1273 3168 96 85 418818 0 0 0
-1182 3683 69 58 477618 0 0 0
-634 3020 117 101 425133 0 0 0
-240 3666 98 78 561681 0 0 0
401 3073 85 88 603377 0 0 0
837 2863 125 113 389322 0 0 0
750 2764 122 65 252460 0 0 0
400 2833 69 110 930310 0 0 0
-66 3552 90 99 869742 0 0 0
-760 2874 126 69 438908 0 0 0
-721 2372 69 97 727313 0 0 0
-1014 2463 103 104 302263 0 0 0
-1160 2621 70 106 613929 0 0 0
-1569 2298 63 80 886287 0 0 0
-1427 1879 123 80 595223 0 0 0
-1520 2399 106 90 388418 0 0 0
-2055 1728 68 82 675846 0 0 0
-1842 2226 74 58 345924 0 0 0
-1249 1859 118 66 550716 0 0 0
-849 2179 118 83 286436 0 0 0
-906 2275 80 78 572083 0 0 0
-480 1705 121 71 174682 0 0 0
-1155 1406 90 112 872273 0 0 0
-1880 760 67 94 490004 0 0 0
-2289 844 121 59 775842 0 0 0
-2106 1430 118 113 243139 0 0 0
-1490 788 102 61 113865 0 0 0
-1391 1501 105 89 796591 0 0 0
-738 1024 111 90 187036 0 0 0
-1417 1510 120 63 105894 0 0 0
-1214 2132 92 62 707989 0 0 0
-1054 2604 85 68 882737 0 0 0
-922 3129 122 88 401980 0 0 0
-1294 3665 103 84 296977 0 0 0
-1833 3830 70 112 822553 0 0 0
-2360 4022 67 66 538418 0 0 0
-2123 4735 79 76 530021 0 0 0
-2411 4965 73 96 932632 0 0 0
-2722 5099 121 86 865341 0 0 0
-2782 4807 97 86 455862 0 0 0
-2085 5336 101 62 197942 0 0 0
-1530 5531 122 78 147965 0 0 0
-1011 5700 122 70 459584 0 0 0
-827 5820 109 85 623842 0 0 0
-865 5115 114 86 665937 0 0 0
-684 4882 71 56 492453 0 0 0
-294 5545 89 112 721198 0 0 0
-299 4878 96 87 233348 0 0 0
-480 4236 108 58 128190 0 0 0
-1056 3884 94 84 514689 0 0 0
1872 -51 79 68 684087 0 0 0
2579 -539 110 88 650839 0 0 0
2859 -1210 69 83 164808 0 0 0
3359 -1144 115 61 796872 0 0 0
2962 -561 86 69 152247 0 0 0
2380 -284 118 62 580503 0 0 0
2823 3 107 71 375875 0 0 0
2123 633 75 113 391451 0 0 0
2167 735 71 101 671159 0 0 0
2534 575 89 80 154875 0 0 0
2422 1184 110 94 507970 0 0 0
2705 614 85 71 928953 0 0 0
3288 603 125 76 263802 0 0 0
3113 995 115 63 390971 0 0 0
3548 1523 108 69 352209 0 0 0
3795 1369 123 83 841032 0 0 0
4481 1399 104 74 144646 0 0 0
4355 1032 71 85 746127 0 0 0
3836 1094 86 66 751516 0 0 0
4237 1640 67 89 560939 0 0 0
3888 1498 73 94 888069 0 0 0
3188 1581 119 76 926845 0 0 0
2907 2082 66 76 397597 0 0 0
2779 1703 125 105 570574 0 0 0
3164 2274 67 65 992077 0 0 0
2615 2022 77 73 835021 0 0 0
2725 2265 86 87 517849 0 0 0
2521 2413 87 104 729178 0 0 0
1848 2459 77 62 666739 0 0 0
2402 2313 101 71 974699 0 0 0
1844 2918 85 85 707655 0 0 0
1589 3339 91 72 904560 0 0 0
1738 2818 117 111 894355 0 0 0
2419 3030 74 94 248546 0 0 0
1799 2433 121 106 639219 0 0 0
1868 2988 65 80 486552 0 0 0
1222 2400 114 85 342671 0 0 0
1321 2374 75 85 678616 0 0 0
1828 1986 108 96 270084 0 0 0
1669 1868 123 81 247777 0 0 0
1825 1165 91 88 628480 0 0 0
2257 506 75 67 547188 0 0 0
2918 1150 90 111 532612 0 0 0
3058 805 68 86 565634 0 0 0
2890 477 92 87 454948 0 0 0
3415 1014 105 72 702247 0 0 0
4015 1675 119 73 512847 0 0 0
4590 1018 104 82 321266 0 0 0
5212 513 81 90 241258 0 0 0
5438 259 74 94 800860 0 0 0
4967 19 73 107 506154 0 0 0
5244 564 78 58 931774 0 0 0
5928 229 119 62 523216 0 0 0
5930 -495 117 92 762912 0 0 0
6255 -18 96 96 636660 0 0 0
6608 -581 70 65 541136 0 0 0
6445 -340 73 59 308070 0 0 0
6006 -193 122 68 988226 0 0 0
5531 -821 111 75 830257 0 0 0
5617 -1290 122 104 955873 0 0 0
5067 -1939 97 68 624550 0 0 0
5667 -1502 109 104 544718 0 0 0
6113 -2081 118 112 902305 0 0 0
5422 -1921 122 96 908098 0 0 0
6098 -1767 103 80 619215 0 0 0
6121 -2407 102 67 644434 0 0 0
6267 -2910 111 60 854434 0 0 0
6759 -2716 96 77 624422 0 0 0
6058 -2158 105 92 351683 0 0 0
6404 -2110 101 100 494091 0 0 0
5716 -2494 68 90 373645 0 0 0
5763 -3210 110 73 249020 0 0 0
6349 -2722 117 90 452007 0 0 0
5960 -2760 106 111 800539 0 0 0
6363 -3304 69 110 962450 0 0 0
5777 -3823 66 61 531490 0 0 0
6161 -3522 99 70 539899 0 0 0
-1029 -1373 119 69 632435 0 0 0
-1318 -1004 87 89 176736 0 0 0
-1620 -907 111 58 279185 0 0 0
-1066 -456 99 70 460550 0 0 0
-1323 9 124 71 162664 0 0 0
-1491 -441 105 94 106139 0 0 0
-960 -276 76 107 818907 0 0 0
-952 -768 96 107 703130 0 0 0
-355 -1488 80 72 720336 0 0 0
-988 -2209 87 56 470301 0 0 0
-999 -2650 88 62 158427 0 0 0
-987 -2288 104 73 859903 0 0 0
-824 -2172 74 59 623406 0 0 0
-1326 -2601 71 111 607436 0 0 0
-1099 -2112 63 105 257210 0 0 0
-1507 -1610 68 95 340828 0 0 0
-1804 -1734 67 72 118160 0 0 0
-1112 -1275 91 79 405302 0 0 0
-1353 -1766 110 59 115753 0 0 0
-821 -1797 104 65 531057 0 0 0
-309 -1575 74 93 899741 0 0 0
371 -1312 103 80 145637 0 0 0
-173 -845 99 70 672424 0 0 0
509 -1007 108 97 889654 0 0 0
882 -1067 93 74 311061 0 0 0
1215 -409 72 109 498455 0 0 0
511 311 69 81 217986 0 0 0
1037 2 93 62 851521 0 0 0
1583 -696 125 112 601894 0 0 0
1085 -177 113 65 453673 0 0 0
448 360 104 77 849091 0 0 0
-73 -327 116 91 656666 0 0 0
238 0 82 110 106376 0 0 0
838 232 103 78 277874 0 0 0
1552 -140 71 95 486152 0 0 0
1204 130 80 94 768428 0 0 0
1658 72 114 98 819896 0 0 0
1716 -94 103 100 442839 0 0 0
1469 -522 124 101 326849 0 0 0
1464 98 96 66 963334 0 0 0
1498 31 64 76 823197 0 0 0
898 -4 95 106 472444 0 0 0
420 -390 73 93 297887 0 0 0
401 -89 124 103 752984 0 0 0
683 401 87 83 185066 0 0 0
360 -275 121 69 612484 0 0 0
-160 -478 106 109 697891 0 0 0
-289 -614 78 113 635024 0 0 0
-250 -384 64 78 234099 0 0 0
-690 -243 102 107 404349 0 0 0
-93 396 86 86 172271 0 0 0
533 401 90 73 495519 0 0 0
686 285 73 67 525950 0 0 0
1025 135 80 89 832540 0 0 0
1260 553 113 110 169226 0 0 0
1119 1257 120 103 571020 0 0 0
1707 1859 126 56 326613 0 0 0
1137 2450 99 65 355032 0 0 0
1077 3103 83 75 897520 0 0 0
1556 3009 86 68 297275 0 0 0
1442 2889 69 84 774427 0 0 0
768 2648 124 104 702863 0 0 0
235 2025 64 107 443264 0 0 0
-137 1561 105 60 534963 0 0 0
-624 1906 66 86 379269 0 0 0
10 1671 69 79 257669 0 0 0
-223 2330 86 97 902843 0 0 0
198 1806 66 109 143514 0 0 0
-495 1170 100 59 985616 0 0 0
-1103 557 112 113 965480 0 0 0
-1156 1241 96 70 897225 0 0 0
-1108 1220 87 59 734461 0 0 0
-1702 1640 112 87 560449 0 0 0
-1366 1342 84 75 710372 0 0 0
-1990 1449 89 77 464205 0 0 0
-1631 1875 78 65 394092 0 0 0
-2335 1459 76 78 590094 0 0 0
-2117 1982 123 76 195102 0 0 0
-1943 1698 83 68 560015 0 0 0
-1874 1828 116 76 351689 0 0 0
-2256 1909 73 90 783001 0 0 0
-2051 1921 100 74 684597 0 0 0
-2665 1560 80 113 713970 0 0 0
-3337 1156 87 96 815327 0 0 0
-3776 970 112 102 738797 0 0 0
-3922 984 110 81 129951 0 0 0
-4302 1193 75 61 695113 0 0 0
-4326 748 76 85 280436 0 0 0
-4186 863 96 59 540586 0 0 0
-3853 1333 119 109 613649 0 0 0
-3861 689 125 102 330920 0 0 0
-4015 487 109 113 658479 0 0 0
-3823 674 101 102 825143 0 0 0
-3934 1102 80 78 767356 0 0 0
-4116 1654 101 91 830234 0 0 0
-3855 1451 108 100 949248 0 0 0
-4555 1496 75 73 333566 0 0 0
-5086 2182 88 63 241065 0 0 0
-4674 2278 69 91 236129 0 0 0
-4209 2927 124 60 624028 0 0 0
-3929 3261 96 89 985511 0 0 0
-3378 2920 66 66 533045 0 0 0
-3422 2205 63 113 833750 0 0 0
-3456 2883 89 57 705021 0 0 0
134 1019 100 61 715585 0 0 0
343 610 107 85 634748 0 0 0
429 9 89 69 936286 0 0 0
1071 255 120 57 269159 0 0 0
964 172 74 56 500601 0 0 0
969 472 68 109 554980 0 0 0
1327 812 120 78 983129 0 0 0
1035 416 114 73 904661 0 0 0
910 388 75 82 215794 0 0 0
1108 37 90 97 354272 0 0 0
419 -297 93 84 748390 0 0 0
-193 -118 100 105 248576 0 0 0
-144 -78 108 67 757898 0 0 0
-769 -25 125 106 196888 0 0 0
-593 -156 69 93 402545 0 0 0
-1088 -559 78 86 923531 0 0 0
-1323 -797 80 70 940257 0 0 0
-2886 -910 82 102 241608 0 0 0
-2416 -630 104 90 263668 0 0 0
-2814 -1073 95 88 323972 0 0 0
-3058 -365 65 85 698947 0 0 0
-2927 -291 110 98 862118 0 0 0
-2742 -433 105 95 333210 0 0 0
-2876 261 123 94 152216 0 0 0
-3290 509 96 59 189253 0 0 0
-3593 1148 93 98 361275 0 0 0
-2874 1019 86 56 761510 0 0 0
-3264 929 122 59 638518 0 0 0
-2549 1634 87 99 366039 0 0 0
-3183 1609 115 74 437002 0 0 0
-3294 1534 88 89 472811 0 0 0
-3235 1313 123 91 537744 0 0 0
-3100 1681 93 66 220662 0 0 0
-3346 1998 67 71 209891 0 0 0
-3416 2343 100 76 157798 0 0 0
-2890 2639 99 111 687891 0 0 0
-3283 2926 108 98 958821 0 0 0
-2837 2205 108 88 852168 0 0 0
-2667 2855 70 86 592928 0 0 0
-2547 2889 90 102 266796 0 0 0
-1756 -867 119 90 479464 0 0 0
-1076 -439 105 85 406038 0 0 0
-1652 -1014 82 71 849822 0 0 0
-2068 -1523 124 84 679429 0 0 0
-1517 -1735 63 100 176264 0 0 0
-2106 -1310 90 87 555751 0 0 0
-2381 -697 106 89 948711 0 0 0
