1000
-385 -209 54 40 908883 0 0 0
-201 -117 56 40 287528 0 0 0
-122 -165 56 44 266915 0 0 0
-57 -319 41 30 542905 0 0 0
121 -460 41 38 401128 0 0 0
327 -684 42 28 474970 0 0 0
308 -864 40 33 761207 0 0 0
346 -845 39 37 832965 0 0 0
362 -633 50 43 798350 0 0 0
594 -784 42 30 963253 0 0 0
707 -930 55 36 847791 0 0 0
758 -812 48 23 840833 0 0 0
845 -614 60 44 525018 0 0 0
934 -828 48 40 260647 0 0 0
730 -614 30 33 343633 0 0 0
594 -578 49 37 646294 0 0 0
436 -336 41 33 677352 0 0 0
218 -290 60 32 758912 0 0 0
240 -395 36 36 522041 0 0 0
271 -464 51 29 596136 0 0 0
281 -622 53 45 929552 0 0 0
237 -796 44 39 289078 0 0 0
187 -788 31 46 976097 0 0 0
105 -929 36 25 582437 0 0 0
-41 -787 50 23 875315 0 0 0
-207 -967 37 32 288988 0 0 0
-390 -1211 32 35 368645 0 0 0
-230 -1240 48 43 373188 0 0 0
-368 -1057 60 37 812437 0 0 0
-268 -1127 58 29 926362 0 0 0
-41 -1036 56 41 998681 0 0 0
-220 -826 51 39 383418 0 0 0
-221 -873 39 33 526892 0 0 0
-26 -730 51 36 923597 0 0 0
-188 -727 47 31 707111 0 0 0
-223 -866 58 27 301347 0 0 0
-138 -1077 36 36 782382 0 0 0
-48 -862 56 39 971355 0 0 0
-133 -765 53 27 191821 0 0 0
-62 -649 37 39 292815 0 0 0
-129 -656 59 23 956857 0 0 0
-195 -469 34 31 201193 0 0 0
-459 785 56 32 849907 0 0 0
-643 838 46 33 671462 0 0 0
-641 723 58 43 749403 0 0 0
-437 745 60 35 251522 0 0 0
-644 919 60 30 345071 0 0 0
-461 775 47 46 286848 0 0 0
-282 911 53 23 936816 0 0 0
-227 1069 37 30 280701 0 0 0
1 1086 44 39 494560 0 0 0
114 1030 50 30 689892 0 0 0
175 1050 32 43 818915 0 0 0
293 978 43 23 965835 0 0 0
315 987 36 29 325694 0 0 0
163 1027 52 26 709117 0 0 0
183 943 39 42 281747 0 0 0
-67 997 54 26 366561 0 0 0
44 1025 35 43 557858 0 0 0
120 1151 50 39 664803 0 0 0
30 948 55 38 988665 0 0 0
265 1003 41 37 216102 0 0 0
144 1171 53 26 845055 0 0 0
-81 1112 37 38 477957 0 0 0
155 1341 45 42 545255 0 0 0
161 1323 56 26 639614 0 0 0
175 1202 42 42 278884 0 0 0
13 1096 35 32 575799 0 0 0
-172 1319 35 27 151773 0 0 0
-376 1236 58 30 873012 0 0 0
-522 1194 57 34 402328 0 0 0
-678 1173 34 30 679395 0 0 0
-790 1075 57 41 672898 0 0 0
-543 1181 53 27 404026 0 0 0
-447 1302 46 26 285044 0 0 0
161 -223 50 23 125584 0 0 0
-68 -307 47 28 591951 0 0 0
-31 -365 53 32 327867 0 0 0
-170 -117 32 36 451362 0 0 0
-190 -137 35 38 652100 0 0 0
-19 -114 44 29 254768 0 0 0
-5 -131 45 31 858129 0 0 0
-141 -250 40 23 364395 0 0 0
32 -169 51 46 555077 0 0 0
193 60 49 28 913159 0 0 0
164 294 47 23 128868 0 0 0
366 109 31 45 419637 0 0 0
472 348 34 33 430789 0 0 0
435 357 49 28 870463 0 0 0
317 398 34 39 235310 0 0 0
371 645 52 39 375470 0 0 0
248 802 33 26 372510 0 0 0
249 992 35 31 950464 0 0 0
205 1035 39 44 992167 0 0 0
21 1090 49 38 639179 0 0 0
-159 1290 46 40 242510 0 0 0
-359 1408 60 41 655673 0 0 0
-511 1413 48 44 177993 0 0 0
-448 1222 59 23 450071 0 0 0
-426 1140 32 43 848673 0 0 0
-541 891 34 37 886856 0 0 0
-426 840 46 38 173133 0 0 0
-602 886 54 43 723140 0 0 0
-544 772 47 32 644723 0 0 0
-790 561 60 28 247141 0 0 0
-929 399 36 45 555191 0 0 0
-893 515 46 32 912608 0 0 0
-1036 558 53 23 999541 0 0 0
-1080 526 50 46 921838 0 0 0
-1088 732 56 26 752603 0 0 0
-1330 561 42 47 872819 0 0 0
-1159 456 50 46 228122 0 0 0
-911 216 36 45 640436 0 0 0
-490 -392 54 40 345183 0 0 0
-650 -257 37 41 734043 0 0 0
-602 -355 45 44 685314 0 0 0
-735 -153 42 41 367085 0 0 0
-490 -214 55 33 360517 0 0 0
-301 -277 46 23 870260 0 0 0
-266 -196 41 40 209592 0 0 0
-182 -59 43 33 450373 0 0 0
-233 48 38 47 813110 0 0 0
-68 -105 45 47 605582 0 0 0
151 -34 57 27 840443 0 0 0
-22 -207 56 40 940037 0 0 0
-122 -446 53 32 511563 0 0 0
55 -678 60 25 233046 0 0 0
38 -765 32 33 717586 0 0 0
133 -871 38 30 594134 0 0 0
-74 -1087 40 33 707262 0 0 0
32 -969 31 31 760813 0 0 0
-33 -991 33 38 954344 0 0 0
209 -1051 41 38 784312 0 0 0
209 -865 42 41 658463 0 0 0
245 -733 56 34 924755 0 0 0
302 -679 30 29 960009 0 0 0
343 -469 53 41 630280 0 0 0
475 -387 52 47 438107 0 0 0
572 -400 47 24 766103 0 0 0
646 -396 42 26 134524 0 0 0
572 -640 33 37 177179 0 0 0
509 -500 42 44 405200 0 0 0
629 -417 56 45 690719 0 0 0
797 -417 38 40 478763 0 0 0
791 -532 57 45 294100 0 0 0
718 -598 38 42 529119 0 0 0
634 -822 32 31 300490 0 0 0
639 -825 32 30 724377 0 0 0
877 -712 33 37 104212 0 0 0
1007 -843 60 43 518460 0 0 0
851 -724 36 37 210365 0 0 0
739 -643 41 30 457878 0 0 0
741 -793 36 24 745672 0 0 0
959 -653 58 47 973601 0 0 0
850 -525 40 31 616394 0 0 0
784 -491 33 40 607564 0 0 0
647 -561 44 25 537885 0 0 0
439 -791 48 23 472434 0 0 0
489 -602 48 23 380325 0 0 0
269 -491 34 24 312835 0 0 0
345 -669 44 44 777256 0 0 0
364 -601 46 28 676473 0 0 0
447 -628 47 33 344185 0 0 0
529 -812 32 43 257535 0 0 0
-913 421 45 28 344669 0 0 0
-681 363 47 36 902837 0 0 0
-699 543 36 33 780818 0 0 0
-532 377 54 29 710329 0 0 0
-454 440 48 40 309935 0 0 0
-466 291 59 30 179691 0 0 0
-683 294 50 43 564174 0 0 0
-663 302 49 29 575983 0 0 0
-467 342 53 43 406056 0 0 0
-424 148 45 37 821428 0 0 0
-540 34 51 36 659478 0 0 0
-428 27 36 27 253096 0 0 0
-348 275 51 34 887601 0 0 0
-499 329 52 41 953260 0 0 0
-718 564 33 36 955855 0 0 0
-682 652 36 45 150162 0 0 0
-901 854 33 38 125201 0 0 0
-1091 778 60 33 643065 0 0 0
-1293 617 34 45 971758 0 0 0
-1231 817 51 35 100596 0 0 0
-1208 742 56 47 820672 0 0 0
-1153 572 58 28 548835 0 0 0
-991 780 54 31 423185 0 0 0
-1145 655 35 23 397288 0 0 0
-1074 470 57 24 438256 0 0 0
-1142 461 51 31 814128 0 0 0
-1145 655 48 38 503186 0 0 0
-1051 670 47 29 339055 0 0 0
-856 525 40 40 981925 0 0 0
-645 723 41 32 209949 0 0 0
-524 959 46 24 419242 0 0 0
-480 1046 40 30 604050 0 0 0
-309 846 48 25 341586 0 0 0
-542 801 37 39 269253 0 0 0
-407 625 36 43 197336 0 0 0
-510 742 50 27 147997 0 0 0
-524 624 40 39 725782 0 0 0
-300 488 41 42 561654 0 0 0
-336 363 50 43 740172 0 0 0
-359 566 45 25 660827 0 0 0
-510 356 30 25 200613 0 0 0
-723 473 33 35 992224 0 0 0
-683 226 37 44 418318 0 0 0
-729 154 41 36 372101 0 0 0
-795 -29 47 45 107035 0 0 0
-783 -148 41 32 558863 0 0 0
-986 87 44 41 751838 0 0 0
-1181 337 45 47 306552 0 0 0
-1130 178 40 38 335018 0 0 0
-1305 276 32 32 584723 0 0 0
-262 955 51 41 666909 0 0 0
-14 753 32 37 297933 0 0 0
80 512 59 40 431071 0 0 0
329 289 57 43 823336 0 0 0
436 77 41 43 207995 0 0 0
382 234 43 40 641982 0 0 0
364 81 42 40 578932 0 0 0
593 129 45 34 301543 0 0 0
429 362 31 42 794929 0 0 0
484 266 39 42 399020 0 0 0
284 223 53 46 955830 0 0 0
35 21 60 28 329806 0 0 0
183 114 44 35 588901 0 0 0
281 -27 35 33 186051 0 0 0
47 -108 38 23 369259 0 0 0
-198 -300 55 47 702874 0 0 0
-468 -763 57 27 624335 0 0 0
-565 -581 57 24 584189 0 0 0
-593 -336 37 28 712775 0 0 0
-438 -298 48 25 107444 0 0 0
-509 -454 53 27 318760 0 0 0
-260 -483 36 38 196838 0 0 0
-51 -516 59 33 281170 0 0 0
47 -571 38 25 661524 0 0 0
68 -758 32 29 867804 0 0 0
151 -686 37 33 947544 0 0 0
115 -682 52 28 661095 0 0 0
-52 -474 35 33 674357 0 0 0
-41 -336 45 31 792299 0 0 0
-136 -97 34 30 957415 0 0 0
94 8 51 29 749816 0 0 0
88 -218 31 42 665210 0 0 0
-22 -112 59 43 566037 0 0 0
-42 -115 54 26 605038 0 0 0
-209 -314 56 34 420599 0 0 0
-100 -301 43 24 829067 0 0 0
-45 -95 31 47 913010 0 0 0
-243 -322 56 35 169578 0 0 0
-26 -461 49 44 560849 0 0 0
154 -327 53 23 664601 0 0 0
248 -183 39 33 518180 0 0 0
325 -300 36 28 677633 0 0 0
238 -512 45 29 724385 0 0 0
93 -354 33 36 181516 0 0 0
-106 -124 45 34 746638 0 0 0
141 72 41 33 903978 0 0 0
143 -148 30 39 255264 0 0 0
-29 -171 46 47 623266 0 0 0
21 -151 58 47 584027 0 0 0
66 -335 44 44 531866 0 0 0
-11 -474 30 25 288412 0 0 0
-118 -248 32 30 683185 0 0 0
-270 -133 43 41 527352 0 0 0
-306 -51 60 23 423494 0 0 0
-409 -209 57 27 476697 0 0 0
-605 -281 39 43 239049 0 0 0
-374 -284 37 47 482601 0 0 0
-279 -387 31 27 565608 0 0 0
-207 -368 48 41 985791 0 0 0
-42 -611 53 45 943423 0 0 0
-227 -511 38 41 900361 0 0 0
-33 -339 47 43 245915 0 0 0
-79 -370 56 29 829832 0 0 0
-315 -358 31 47 899868 0 0 0
-498 -301 41 44 720855 0 0 0
-394 -315 48 40 496196 0 0 0
-296 -541 38 45 716517 0 0 0
-486 -756 41 26 236352 0 0 0
-339 -731 49 44 477715 0 0 0
-107 -627 44 44 814031 0 0 0
-137 -552 58 33 998938 0 0 0
-2 -432 55 30 735260 0 0 0
-189 -578 34 30 473927 0 0 0
-298 -555 41 41 335524 0 0 0
114 723 53 43 982426 0 0 0
108 940 34 39 534973 0 0 0
196 788 36 25 776231 0 0 0
-49 1015 31 32 683011 0 0 0
-37 827 42 24 448220 0 0 0
7 838 60 38 944138 0 0 0
124 685 32 36 213269 0 0 0
-67 902 31 31 816385 0 0 0
110 824 42 42 459156 0 0 0
287 710 40 28 328854 0 0 0
486 565 53 24 167962 0 0 0
598 805 53 32 323946 0 0 0
471 595 32 32 332537 0 0 0
720 662 57 44 362085 0 0 0
901 663 58 47 527328 0 0 0
793 723 32 36 230165 0 0 0
927 964 52 23 920610 0 0 0
946 1121 36 29 392895 0 0 0
-515 -218 43 44 217673 0 0 0
-362 -262 43 39 608616 0 0 0
-577 -348 30 34 439875 0 0 0
-610 -564 32 42 493584 0 0 0
-763 -795 58 46 469770 0 0 0
-744 -988 34 36 941960 0 0 0
-535 -1172 37 38 974989 0 0 0
-756 -1344 40 36 652220 0 0 0
-778 -1220 40 45 193636 0 0 0
-590 -1449 58 32 338432 0 0 0
-375 -1457 44 47 798896 0 0 0
-366 -1672 32 41 924495 0 0 0
-229 -1921 51 32 839914 0 0 0
-223 -1688 35 25 730534 0 0 0
-356 -1767 43 43 919180 0 0 0
-453 -2010 41 33 463481 0 0 0
-260 -1938 54 27 526277 0 0 0
-395 -1986 60 45 435041 0 0 0
-345 -1739 38 29 919219 0 0 0
-411 -1873 44 32 305505 0 0 0
-431 -2030 55 30 836095 0 0 0
-679 -2265 44 25 769337 0 0 0
-793 -2057 30 45 506044 0 0 0
-725 -2052 48 40 713223 0 0 0
-728 -1833 45 24 958150 0 0 0
237 -988 57 42 542678 0 0 0
314 -939 53 29 750390 0 0 0
527 -1165 43 35 596319 0 0 0
739 -938 55 29 925289 0 0 0
948 -702 46 28 343204 0 0 0
764 -855 54 28 532338 0 0 0
528 -1021 41 30 264393 0 0 0
670 -983 32 41 744474 0 0 0
696 -968 31 39 142357 0 0 0
508 -1193 41 28 526471 0 0 0
628 -1149 47 45 923429 0 0 0
502 -1313 53 29 669046 0 0 0
939 845 58 41 688238 0 0 0
835 1018 47 36 290190 0 0 0
590 1145 30 41 981909 0 0 0
351 1218 31 31 151372 0 0 0
280 1319 60 33 946608 0 0 0
317 1424 54 29 278888 0 0 0
507 1251 41 41 847809 0 0 0
504 1450 50 29 515519 0 0 0
397 1410 40 28 505197 0 0 0
222 1507 58 34 479147 0 0 0
462 1725 34 37 238573 0 0 0
465 1931 59 28 458232 0 0 0
430 1783 41 39 192740 0 0 0
553 2004 60 46 288086 0 0 0
476 1996 44 23 851500 0 0 0
328 2235 50 47 652569 0 0 0
358 1991 57 39 653568 0 0 0
497 1967 45 46 750021 0 0 0
580 2126 56 33 641374 0 0 0
356 1925 47 46 592655 0 0 0
438 1933 57 44 137305 0 0 0
216 1941 37 30 100230 0 0 0
55 1918 48 35 767170 0 0 0
305 1939 49 26 532185 0 0 0
182 1844 47 31 351461 0 0 0
421 1996 34 26 482229 0 0 0
253 1836 50 42 530780 0 0 0
495 1615 35 27 303347 0 0 0
735 1657 59 27 327414 0 0 0
720 1408 31 47 920430 0 0 0
518 1562 41 37 760150 0 0 0
646 1737 33 38 143156 0 0 0
598 1969 48 36 566662 0 0 0
653 2152 49 29 269040 0 0 0
860 2147 33 27 475761 0 0 0
780 2065 30 40 856219 0 0 0
768 1852 48 43 986263 0 0 0
788 1950 47 36 859811 0 0 0
826 1863 56 31 791852 0 0 0
1063 1852 56 25 206648 0 0 0
1047 1607 59 32 168244 0 0 0
1020 1379 48 34 191829 0 0 0
1239 1213 60 33 189979 0 0 0
1298 1232 34 46 519630 0 0 0
1269 1470 38 36 130868 0 0 0
1459 1381 41 38 926926 0 0 0
1532 1168 50 31 336841 0 0 0
1330 1162 34 39 686613 0 0 0
1316 939 45 41 794449 0 0 0
1525 1129 33 30 496823 0 0 0
1404 1251 58 33 587832 0 0 0
911 -126 51 30 574977 0 0 0
951 -194 30 33 569540 0 0 0
1073 -434 60 36 350619 0 0 0
983 -205 40 23 971851 0 0 0
890 -170 35 24 974445 0 0 0
1133 -20 52 40 213433 0 0 0
1224 104 30 23 805822 0 0 0
1189 102 52 27 874257 0 0 0
-235 182 45 27 181985 0 0 0
-222 311 58 28 213879 0 0 0
-25 268 45 24 276367 0 0 0
-168 494 48 23 914391 0 0 0
23 430 49 32 613556 0 0 0
-197 196 31 43 388967 0 0 0
-989 986 40 44 150852 0 0 0
-913 1089 60 36 672357 0 0 0
-922 1169 59 25 820196 0 0 0
-993 1396 49 37 177839 0 0 0
-870 1359 53 47 383286 0 0 0
-1012 1363 48 43 405603 0 0 0
-964 1611 42 38 172581 0 0 0
-751 1485 33 35 844966 0 0 0
-808 1678 54 33 962684 0 0 0
-667 1776 54 33 951356 0 0 0
-467 1611 34 30 582841 0 0 0
-290 1670 46 41 525902 0 0 0
-508 1831 44 39 648418 0 0 0
-675 1585 34 37 187133 0 0 0
-474 1561 51 34 920854 0 0 0
-655 1516 42 31 770381 0 0 0
-824 1331 33 43 843994 0 0 0
-720 1357 48 25 560461 0 0 0
-898 1547 37 26 887733 0 0 0
-849 1758 32 35 911500 0 0 0
-879 1758 35 32 111067 0 0 0
-1089 1981 34 32 107524 0 0 0
-1266 1800 40 27 801328 0 0 0
-1395 1666 55 35 293767 0 0 0
-1593 1857 50 25 203045 0 0 0
-1541 1721 32 39 705788 0 0 0
-1703 1674 53 24 932024 0 0 0
-1583 1711 36 24 793452 0 0 0
-1720 1905 36 34 946059 0 0 0
-1807 1776 50 37 274963 0 0 0
-1663 1623 41 45 729476 0 0 0
-1481 1614 47 46 711526 0 0 0
-1335 1793 57 29 528677 0 0 0
-1221 1824 48 39 780713 0 0 0
-1447 1655 32 34 970366 0 0 0
-1676 1720 55 46 768929 0 0 0
-1486 1944 51 30 392336 0 0 0
-1472 2170 33 25 337311 0 0 0
-1711 2122 39 38 233868 0 0 0
-1813 2113 53 28 711643 0 0 0
-1926 2136 57 37 405268 0 0 0
-2076 1900 48 34 496133 0 0 0
-1878 2056 59 47 844289 0 0 0
-1960 1942 49 35 549909 0 0 0
-2014 1830 43 30 317851 0 0 0
-1962 1847 35 47 996196 0 0 0
-1927 1609 60 32 928047 0 0 0
-2072 1533 33 32 922447 0 0 0
-2032 1299 55 40 646403 0 0 0
-2282 1526 58 46 636533 0 0 0
-2148 1412 49 32 164071 0 0 0
-2367 1504 41 37 480595 0 0 0
-2164 1454 30 25 576425 0 0 0
-2059 1501 45 23 526868 0 0 0
-2095 1562 60 37 846241 0 0 0
-2291 1591 40 43 311438 0 0 0
-2304 1548 33 29 107980 0 0 0
-2294 1790 32 33 777554 0 0 0
-2386 2006 47 35 923607 0 0 0
-2546 1902 38 47 261669 0 0 0
-2387 2103 60 38 171326 0 0 0
-2162 2056 35 36 880560 0 0 0
-2389 2230 33 40 316034 0 0 0
-2329 2000 59 28 732979 0 0 0
-2284 2081 31 44 356260 0 0 0
-2143 2227 33 26 941993 0 0 0
-1939 2123 49 43 312879 0 0 0
275 331 43 46 793327 0 0 0
64 280 54 47 362498 0 0 0
135 212 56 38 121533 0 0 0
50 431 33 37 828563 0 0 0
-58 671 36 37 546548 0 0 0
-191 701 51 35 336512 0 0 0
-283 578 34 37 262506 0 0 0
-73 537 36 46 222898 0 0 0
-272 739 42 36 622774 0 0 0
-49 730 54 30 282545 0 0 0
-123 908 37 41 675594 0 0 0
28 987 33 45 690952 0 0 0
9 1054 33 31 866974 0 0 0
232 1185 52 37 751986 0 0 0
291 941 45 39 341300 0 0 0
432 821 44 39 330743 0 0 0
326 945 60 34 885814 0 0 0
96 1193 31 45 967550 0 0 0
81 1147 35 28 498953 0 0 0
133 1326 42 40 323363 0 0 0
109 1195 39 38 368279 0 0 0
141 1133 32 30 367670 0 0 0
299 1166 38 24 287057 0 0 0
547 921 58 37 159053 0 0 0
638 1009 58 25 208784 0 0 0
734 943 54 34 297636 0 0 0
772 765 59 45 924899 0 0 0
524 816 37 47 634158 0 0 0
415 814 56 38 667364 0 0 0
659 950 60 26 522415 0 0 0
810 848 60 24 152604 0 0 0
566 920 39 41 960384 0 0 0
381 993 37 30 992788 0 0 0
563 1010 41 31 649567 0 0 0
323 849 41 29 321252 0 0 0
344 703 46 32 230607 0 0 0
138 885 44 23 346153 0 0 0
-51 956 48 32 223606 0 0 0
-277 1139 37 42 102174 0 0 0
-78 1389 30 33 432061 0 0 0
-85 1425 30 46 790078 0 0 0
98 1195 56 30 999897 0 0 0
-83 1166 31 30 735700 0 0 0
150 1008 38 28 625367 0 0 0
195 774 55 37 126685 0 0 0
378 843 48 40 567712 0 0 0
438 981 39 43 923850 0 0 0
368 845 59 26 254997 0 0 0
580 -193 54 41 482551 0 0 0
373 -301 44 27 736799 0 0 0
423 -290 50 25 166946 0 0 0
639 -334 58 40 500379 0 0 0
489 -441 40 35 250744 0 0 0
374 -660 35 28 528332 0 0 0
303 -485 32 33 324277 0 0 0
359 -293 38 31 739655 0 0 0
346 -216 33 43 280274 0 0 0
299 -382 50 25 144728 0 0 0
212 -324 33 25 964887 0 0 0
35 -459 60 23 797028 0 0 0
-192 -284 51 38 345715 0 0 0
-186 -232 52 25 752520 0 0 0
-336 -457 60 40 892994 0 0 0
-152 -352 58 46 978673 0 0 0
-350 -599 37 24 950605 0 0 0
-449 -367 48 44 341734 0 0 0
-699 -150 50 40 929390 0 0 0
-897 -60 53 32 108332 0 0 0
-730 0 32 24 779095 0 0 0
-576 215 41 43 565810 0 0 0
-805 -24 45 43 987429 0 0 0
-622 -87 55 29 512422 0 0 0
-531 -96 31 36 794578 0 0 0
-337 -305 45 30 296141 0 0 0
-428 -79 34 43 866491 0 0 0
-317 -223 58 35 639447 0 0 0
-392 -423 59 34 191488 0 0 0
-564 -268 35 28 793436 0 0 0
-435 -137 35 39 848313 0 0 0
-470 106 41 28 903304 0 0 0
-273 188 30 40 344044 0 0 0
-500 2 52 29 300096 0 0 0
-727 -157 55 35 905085 0 0 0
-713 49 43 34 912541 0 0 0
-637 -52 39 35 663687 0 0 0
371 239 32 32 487349 0 0 0
610 376 52 41 859256 0 0 0
361 372 30 34 608754 0 0 0
246 268 53 23 778676 0 0 0
387 52 33 23 659207 0 0 0
500 -7 43 27 712265 0 0 0
744 -123 44 47 153821 0 0 0
925 -172 54 39 604891 0 0 0
729 -34 49 23 336173 0 0 0
911 -84 45 23 455106 0 0 0
1007 28 36 25 249380 0 0 0
954 -152 31 28 836893 0 0 0
815 -166 39 26 250662 0 0 0
727 -9 54 47 431378 0 0 0
758 30 41 40 592481 0 0 0
577 17 30 33 944861 0 0 0
781 -187 54 47 422965 0 0 0
760 -35 32 23 337178 0 0 0
909 -261 30 33 579454 0 0 0
1130 -347 56 30 745141 0 0 0
1079 -253 31 41 257443 0 0 0
997 -216 31 43 394174 0 0 0
966 -455 38 33 887325 0 0 0
1095 -257 56 34 972938 0 0 0
1204 -200 36 29 682569 0 0 0
963 42 48 31 824776 0 0 0
1000 11 42 43 825157 0 0 0
1068 -2 58 24 994955 0 0 0
859 -114 42 43 523231 0 0 0
638 -21 43 45 837036 0 0 0
623 -67 50 39 870953 0 0 0
374 76 60 36 366954 0 0 0
245 -84 48 34 890207 0 0 0
148 -312 41 24 419720 0 0 0
-17 -186 55 45 864809 0 0 0
904 799 52 35 653564 0 0 0
819 973 46 36 995851 0 0 0
1031 748 46 34 327233 0 0 0
1021 588 30 28 378188 0 0 0
840 736 34 33 962673 0 0 0
1057 571 40 41 163279 0 0 0
877 344 47 27 425783 0 0 0
865 404 59 28 229966 0 0 0
977 337 32 43 436628 0 0 0
774 505 33 24 797023 0 0 0
601 358 35 38 978585 0 0 0
766 125 53 38 634529 0 0 0
917 182 30 38 488837 0 0 0
692 8 56 24 677684 0 0 0
919 159 31 38 147122 0 0 0
784 -57 45 32 310201 0 0 0
851 -299 54 34 197294 0 0 0
-156 149 39 45 439293 0 0 0
-250 393 56 36 488039 0 0 0
-113 572 41 44 771825 0 0 0
-290 484 54 27 452616 0 0 0
-307 465 34 34 503148 0 0 0
-95 265 45 41 441313 0 0 0
61 452 34 36 374051 0 0 0
-55 519 48 33 757391 0 0 0
-160 649 59 36 477126 0 0 0
-68 764 48 40 213514 0 0 0
-107 911 53 33 390352 0 0 0
-252 934 37 47 236128 0 0 0
-117 1054 41 30 953009 0 0 0
130 1161 37 32 530023 0 0 0
160 1105 38 36 671474 0 0 0
257 921 50 37 565895 0 0 0
453 817 39 45 457381 0 0 0
226 921 47 35 645673 0 0 0
83 921 39 24 452105 0 0 0
211 694 60 38 561363 0 0 0
29 462 41 35 463783 0 0 0
-19 675 32 36 927851 0 0 0
89 531 53 39 538708 0 0 0
-115 599 48 40 210203 0 0 0
-23 720 37 39 574968 0 0 0
-17 589 40 28 324703 0 0 0
-39 369 58 25 780486 0 0 0
-223 178 46 26 214143 0 0 0
-74 135 37 45 477770 0 0 0
-102 380 36 35 844661 0 0 0
82 593 58 44 537676 0 0 0
277 557 36 37 755665 0 0 0
456 501 44 38 770050 0 0 0
463 470 30 23 698634 0 0 0
618 454 48 41 769438 0 0 0
484 574 43 38 140722 0 0 0
687 751 32 35 181062 0 0 0
523 813 59 47 256719 0 0 0
415 667 36 47 289666 0 0 0
277 597 52 44 578227 0 0 0
438 378 34 41 519459 0 0 0
285 613 51 27 549413 0 0 0
115 439 47 30 640284 0 0 0
175 389 49 40 595072 0 0 0
28 262 31 29 937034 0 0 0
225 419 34 29 239088 0 0 0
457 417 45 37 751120 0 0 0
629 382 53 37 349069 0 0 0
424 314 51 33 270780 0 0 0
333 301 52 32 980482 0 0 0
205 429 30 43 615956 0 0 0
89 477 44 41 860915 0 0 0
216 718 37 30 696702 0 0 0
293 844 37 45 445469 0 0 0
431 955 35 23 486173 0 0 0
277 1152 32 30 109192 0 0 0
418 1264 45 40 720348 0 0 0
343 1438 53 23 813050 0 0 0
552 1492 46 44 693166 0 0 0
455 1353 60 37 712199 0 0 0
259 1256 48 43 915040 0 0 0
195 1286 43 27 994969 0 0 0
115 1263 46 43 288460 0 0 0
-95 1197 35 39 820687 0 0 0
109 1434 42 46 746020 0 0 0
-26 1520 58 32 509189 0 0 0
-44 1673 30 28 231639 0 0 0
3 1860 30 31 928550 0 0 0
-98 1799 41 39 796684 0 0 0
-155 1824 49 39 931356 0 0 0
-144 1856 52 47 782519 0 0 0
-137 1775 55 27 572232 0 0 0
-23 1694 57 43 125573 0 0 0
79 1498 30 32 459594 0 0 0
-21 1421 58 24 225259 0 0 0
60 1640 45 26 997526 0 0 0
929 388 42 46 689001 0 0 0
1035 562 43 47 757912 0 0 0
1283 784 55 37 598714 0 0 0
1389 614 43 32 167041 0 0 0
1217 591 55 32 776305 0 0 0
1270 724 52 36 473140 0 0 0
1449 752 30 39 152085 0 0 0
1614 523 57 35 614930 0 0 0
1817 450 33 40 388686 0 0 0
1579 329 45 31 874905 0 0 0
1616 218 32 28 472279 0 0 0
1783 295 45 26 523125 0 0 0
1762 162 42 28 795847 0 0 0
1676 132 45 40 170407 0 0 0
1806 235 44 45 506625 0 0 0
1597 190 43 39 653914 0 0 0
1578 229 52 35 435344 0 0 0
1379 461 40 45 612483 0 0 0
1202 302 32 44 970380 0 0 0
1092 335 31 34 370926 0 0 0
960 523 56 30 578940 0 0 0
1111 737 39 36 192548 0 0 0
1163 588 42 46 776912 0 0 0
1298 659 48 46 853994 0 0 0
1413 574 47 40 153833 0 0 0
1345 772 37 25 896496 0 0 0
1351 1017 43 43 595942 0 0 0
1315 1006 48 39 803929 0 0 0
642 857 38 36 252078 0 0 0
440 754 54 28 420909 0 0 0
615 553 60 29 450920 0 0 0
510 455 58 41 146077 0 0 0
708 440 36 39 773553 0 0 0
745 297 48 46 713231 0 0 0
793 383 55 39 520380 0 0 0
920 472 42 28 610103 0 0 0
787 325 58 32 504373 0 0 0
541 467 59 26 982734 0 0 0
494 329 31 28 448902 0 0 0
395 295 51 33 166801 0 0 0
314 443 35 33 351998 0 0 0
344 581 44 25 271411 0 0 0
199 724 49 44 642968 0 0 0
315 801 59 25 118113 0 0 0
535 677 55 26 803223 0 0 0
557 483 58 32 350875 0 0 0
580 263 53 32 817126 0 0 0
594 236 38 45 665604 0 0 0
771 108 41 42 926886 0 0 0
991 -99 33 31 976245 0 0 0
849 -236 46 45 965027 0 0 0
675 -327 49 32 211688 0 0 0
797 -152 58 32 253860 0 0 0
862 66 31 44 114796 0 0 0
777 258 53 47 133068 0 0 0
876 382 57 29 651394 0 0 0
793 627 54 28 370773 0 0 0
1039 383 44 26 934289 0 0 0
1202 603 46 24 395719 0 0 0
1340 432 44 42 950394 0 0 0
1355 358 55 34 991159 0 0 0
1588 579 57 42 364310 0 0 0
1566 811 59 25 881791 0 0 0
1772 844 49 43 881791 0 0 0
1778 921 56 31 498181 0 0 0
1966 970 30 23 395571 0 0 0
2119 1121 48 47 163316 0 0 0
2085 1364 51 27 896293 0 0 0
2128 1238 45 29 643255 0 0 0
2115 1014 36 32 210244 0 0 0
2138 922 48 24 672882 0 0 0
-6 214 35 43 789504 0 0 0
-155 375 53 47 629265 0 0 0
-358 229 44 44 812193 0 0 0
-227 417 33 32 391408 0 0 0
-176 570 47 28 833378 0 0 0
-265 492 59 28 648349 0 0 0
-371 627 56 35 764302 0 0 0
-236 737 51 36 916174 0 0 0
-215 551 56 44 374064 0 0 0
-178 644 56 26 279291 0 0 0
-423 533 44 32 321121 0 0 0
-268 743 31 27 677972 0 0 0
-183 717 44 28 963810 0 0 0
23 675 31 31 118884 0 0 0
-15 743 32 41 361512 0 0 0
125 622 34 27 911951 0 0 0
199 611 47 41 171554 0 0 0
140 399 36 45 166102 0 0 0
291 355 47 36 183328 0 0 0
279 124 49 26 227641 0 0 0
183 90 57 45 477254 0 0 0
199 177 60 42 824986 0 0 0
48 230 57 25 965060 0 0 0
110 277 54 23 624792 0 0 0
198 258 54 32 986349 0 0 0
397 291 54 43 906414 0 0 0
580 197 52 31 488237 0 0 0
659 218 33 40 729805 0 0 0
526 329 39 23 124087 0 0 0
572 107 42 35 903121 0 0 0
421 168 37 46 599213 0 0 0
171 29 37 25 829281 0 0 0
379 61 57 27 157219 0 0 0
203 -57 39 43 334136 0 0 0
16 -142 46 31 120952 0 0 0
239 -253 45 38 405656 0 0 0
317 -149 54 42 313523 0 0 0
73 -345 30 39 702820 0 0 0
-136 -454 57 34 158760 0 0 0
-23 -644 53 25 959275 0 0 0
117 -703 39 39 189620 0 0 0
362 -741 49 29 522504 0 0 0
314 -739 36 28 405412 0 0 0
-100 -331 44 41 869001 0 0 0
-30 -156 45 32 436317 0 0 0
-269 8 53 43 307682 0 0 0
-487 -164 55 47 751306 0 0 0
-517 -317 30 39 668241 0 0 0
-273 -485 45 45 262324 0 0 0
-372 -309 33 46 937304 0 0 0
-160 -261 33 30 141412 0 0 0
-216 -112 45 44 662733 0 0 0
-185 -188 58 39 548411 0 0 0
1 -258 48 44 683150 0 0 0
-242 -69 32 34 213815 0 0 0
-463 -186 32 32 216944 0 0 0
-558 -19 30 41 826545 0 0 0
-660 -58 30 39 464333 0 0 0
-738 21 53 28 833211 0 0 0
-877 181 36 23 224739 0 0 0
-1045 117 58 28 125607 0 0 0
-1229 -88 59 31 816982 0 0 0
-1281 -115 45 33 468495 0 0 0
-1184 -76 55 33 382992 0 0 0
-1174 -272 52 44 146559 0 0 0
-1287 -280 50 27 481446 0 0 0
-1509 -498 36 32 144439 0 0 0
-1751 -256 53 36 503096 0 0 0
-1602 -472 48 26 733395 0 0 0
-1390 -594 57 46 596355 0 0 0
654 -216 36 39 199092 0 0 0
577 -148 38 27 225427 0 0 0
383 -355 51 28 420870 0 0 0
519 -232 44 26 359170 0 0 0
339 -242 49 38 767820 0 0 0
559 -219 36 33 397841 0 0 0
358 -167 56 35 311096 0 0 0
408 -332 57 36 705745 0 0 0
262 -309 48 28 924364 0 0 0
177 -105 39 32 720244 0 0 0
221 -286 51 26 769070 0 0 0
-7 -365 44 42 632193 0 0 0
-2 -614 31 38 234583 0 0 0
32 -588 34 35 747739 0 0 0
-11 -345 47 34 267158 0 0 0
-113 -502 32 46 550286 0 0 0
-314 -259 57 32 397281 0 0 0
-158 -30 50 33 339042 0 0 0
-147 -43 48 31 179712 0 0 0
-367 -119 30 29 369891 0 0 0
-178 -145 43 33 887805 0 0 0
-197 -184 52 23 591479 0 0 0
-338 -248 57 47 646752 0 0 0
584 849 44 39 579128 0 0 0
469 908 48 29 369420 0 0 0
278 850 45 47 525767 0 0 0
402 947 56 38 101251 0 0 0
224 989 45 41 373735 0 0 0
322 1085 47 25 325496 0 0 0
477 1151 54 45 160377 0 0 0
498 1021 47 41 952712 0 0 0
531 804 32 41 763057 0 0 0
358 560 43 32 125621 0 0 0
277 392 41 47 584848 0 0 0
139 218 39 39 287142 0 0 0
359 324 46 27 643701 0 0 0
346 285 33 47 646158 0 0 0
160 122 55 43 619165 0 0 0
399 266 58 39 692981 0 0 0
570 228 57 47 755272 0 0 0
356 319 44 45 260292 0 0 0
498 183 31 35 991835 0 0 0
506 -36 46 26 970129 0 0 0
285 -112 49 30 833122 0 0 0
35 -192 41 38 467433 0 0 0
155 39 33 27 901915 0 0 0
386 193 36 46 920177 0 0 0
331 78 30 34 827708 0 0 0
467 42 34 39 354680 0 0 0
491 -16 35 27 689528 0 0 0
241 -66 54 37 635125 0 0 0
351 -265 39 41 242143 0 0 0
279 -318 46 37 978486 0 0 0
156 -549 46 36 648229 0 0 0
-34 -740 38 31 968386 0 0 0
-270 -666 48 41 544104 0 0 0
-346 -591 53 26 351082 0 0 0
-270 -634 43 41 870571 0 0 0
-437 -719 55 32 512907 0 0 0
-213 -867 43 37 452568 0 0 0
-393 -1043 42 31 964201 0 0 0
-534 -935 58 30 336711 0 0 0
-621 -1121 53 39 891089 0 0 0
-682 -1237 40 34 162755 0 0 0
-866 -1092 44 39 136167 0 0 0
-860 -932 31 32 163093 0 0 0
-897 -1115 32 26 511829 0 0 0
-935 -1004 41 46 251643 0 0 0
-857 -1097 60 25 540696 0 0 0
-778 -993 42 25 921439 0 0 0
-760 -1180 57 36 196999 0 0 0
-737 -993 60 31 895418 0 0 0
-821 -808 38 34 778125 0 0 0
-729 -899 32 34 955751 0 0 0
-691 -892 51 30 803641 0 0 0
-621 -1084 44 42 902372 0 0 0
-441 -1176 44 47 241028 0 0 0
-364 -1211 32 29 408222 0 0 0
-531 -1189 33 37 559689 0 0 0
32 99 57 36 891924 0 0 0
114 35 37 43 454372 0 0 0
363 -12 57 35 739384 0 0 0
174 60 53 25 640034 0 0 0
385 -161 54 35 798365 0 0 0
469 -309 34 26 715672 0 0 0
554 -90 58 40 115366 0 0 0
668 -297 58 26 618615 0 0 0
851 -197 57 45 200706 0 0 0
796 -225 35 43 698341 0 0 0
936 -360 49 46 738466 0 0 0
1081 -564 60 29 241261 0 0 0
1324 -499 50 25 888972 0 0 0
1462 -307 40 23 389476 0 0 0
1229 -163 40 30 234327 0 0 0
1451 -324 35 26 100159 0 0 0
1309 -350 41 38 245420 0 0 0
1473 -267 44 43 615896 0 0 0
1280 -303 60 41 961993 0 0 0
1274 -414 36 25 760493 0 0 0
1062 -558 46 25 916121 0 0 0
1122 -738 39 42 663249 0 0 0
976 -588 45 24 782001 0 0 0
1018 -738 52 38 266278 0 0 0
992 -759 34 40 644880 0 0 0
991 -796 52 35 130750 0 0 0
1091 -818 56 28 812815 0 0 0
1186 -645 56 34 716098 0 0 0
1029 -595 34 36 588358 0 0 0
1059 -555 37 38 720665 0 0 0
1288 -566 47 34 853302 0 0 0
1132 -707 51 27 112568 0 0 0
1340 -698 53 41 822119 0 0 0
1116 -488 51 27 642525 0 0 0
1036 -557 47 28 918117 0 0 0
1163 -534 52 42 863702 0 0 0
1146 -613 45 39 153843 0 0 0
-832 248 53 26 717874 0 0 0
-605 453 31 32 996140 0 0 0
-409 333 51 45 798412 0 0 0
-656 239 48 30 536406 0 0 0
-884 373 54 47 835695 0 0 0
-1000 248 45 36 360614 0 0 0
-963 148 58 36 627634 0 0 0
-970 152 47 36 830980 0 0 0
-1103 323 45 40 955061 0 0 0
-902 222 31 45 110505 0 0 0
-906 419 45 23 677006 0 0 0
-692 453 36 32 290406 0 0 0
-578 492 37 30 301598 0 0 0
-425 691 60 37 531853 0 0 0
-456 659 30 44 517654 0 0 0
-530 409 42 34 219358 0 0 0
-551 538 49 33 871534 0 0 0
-354 521 44 26 339744 0 0 0
-510 341 35 41 758719 0 0 0
-690 316 50 42 543801 0 0 0
-463 304 33 31 353589 0 0 0
-548 93 46 42 885055 0 0 0
981 -904 52 36 313861 0 0 0
772 -1127 45 25 599623 0 0 0
540 -1084 57 26 986483 0 0 0
598 -888 53 23 678748 0 0 0
406 -690 30 41 946149 0 0 0
238 -839 43 28 627914 0 0 0
134 -781 45 41 706274 0 0 0
-55 -679 52 46 509861 0 0 0
-261 -434 58 23 173925 0 0 0
-217 -363 52 24 302174 0 0 0
-108 -256 46 36 665640 0 0 0
-272 -325 59 36 647180 0 0 0
-339 -333 39 42 650888 0 0 0
-292 -559 42 30 829757 0 0 0
-129 -325 48 36 969358 0 0 0
85 -261 48 23 483885 0 0 0
285 -350 52 40 276721 0 0 0
140 -373 60 43 430616 0 0 0
-50 -224 39 38 613088 0 0 0
45 -148 38 46 777619 0 0 0
280 -215 45 45 969946 0 0 0
341 -10 60 46 168930 0 0 0
406 197 34 24 775030 0 0 0
239 3 49 28 543321 0 0 0
184 -106 38 35 826044 0 0 0
217 -353 47 31 543884 0 0 0
453 -440 57 43 619141 0 0 0
543 -364 37 25 627840 0 0 0
432 -214 30 41 999775 0 0 0
439 -412 44 25 295178 0 0 0
450 -518 51 44 189366 0 0 0
391 -429 51 44 908298 0 0 0
527 -354 32 28 416809 0 0 0
