1100
-180 -121 52 27 743860 0 0 0
-163 -217 35 25 960853 0 0 0
-116 -158 56 37 223214 0 0 0
-232 -198 39 45 508115 0 0 0
-30 -215 41 45 335588 0 0 0
-65 -313 61 38 808056 0 0 0
-95 -540 60 27 792838 0 0 0
-274 -319 58 40 921819 0 0 0
-243 -449 34 46 509617 0 0 0
-330 -654 46 36 425301 0 0 0
-416 -675 33 50 342637 0 0 0
-208 -454 45 26 154030 0 0 0
-95 -699 58 47 203874 0 0 0
80 -745 40 28 685632 0 0 0
319 -810 62 25 203501 0 0 0
553 -585 52 35 473523 0 0 0
384 -397 44 26 983590 0 0 0
629 -643 35 37 763819 0 0 0
473 -398 42 47 318658 0 0 0
212 -413 58 49 124891 0 0 0
417 -588 54 26 843805 0 0 0
364 -494 48 39 683889 0 0 0
174 -519 31 26 318039 0 0 0
405 -376 32 37 790319 0 0 0
597 -236 36 38 183344 0 0 0
794 -180 38 30 273692 0 0 0
794 -191 45 28 443150 0 0 0
899 -42 40 28 676248 0 0 0
939 25 33 50 285230 0 0 0
668 93 57 36 944960 0 0 0
899 142 38 39 233067 0 0 0
646 209 37 47 640557 0 0 0
619 225 53 39 855301 0 0 0
861 85 40 45 909818 0 0 0
993 208 42 38 578274 0 0 0
802 453 61 45 571172 0 0 0
712 210 43 31 198156 0 0 0
514 60 49 32 577290 0 0 0
475 249 40 48 232012 0 0 0
389 505 54 31 550263 0 0 0
636 461 45 49 370243 0 0 0
456 327 43 29 993666 0 0 0
474 285 57 25 836821 0 0 0
649 287 56 35 381321 0 0 0
654 339 43 36 729553 0 0 0
562 604 31 42 684284 0 0 0
457 474 50 44 790153 0 0 0
193 229 63 35 457780 0 0 0
253 434 58 29 494316 0 0 0
275 483 36 49 852921 0 0 0
532 560 62 34 100056 0 0 0
739 810 56 35 227495 0 0 0
909 817 51 48 897103 0 0 0
1149 1063 53 32 296545 0 0 0
1282 881 46 50 623785 0 0 0
1480 620 52 42 165333 0 0 0
1454 699 43 42 721853 0 0 0
1534 831 62 42 276897 0 0 0
1549 1040 59 37 141313 0 0 0
1348 827 57 39 321402 0 0 0
1589 741 59 35 726941 0 0 0
1748 940 33 39 615673 0 0 0
1625 737 57 50 125733 0 0 0
1579 591 46 46 613748 0 0 0
1597 698 58 34 870210 0 0 0
1633 507 57 37 573881 0 0 0
1617 404 55 49 754252 0 0 0
-522 -224 46 31 251771 0 0 0
-769 -209 42 43 442212 0 0 0
-586 -384 34 47 634226 0 0 0
-535 -512 35 39 842029 0 0 0
-620 -690 55 46 545745 0 0 0
-366 -887 40 38 397052 0 0 0
-205 -859 48 25 575207 0 0 0
-254 -770 63 31 850953 0 0 0
-466 -620 53 41 717974 0 0 0
-389 -589 34 39 553653 0 0 0
-121 -574 58 34 913881 0 0 0
-93 -482 47 37 418062 0 0 0
-160 -628 53 30 883521 0 0 0
-277 -686 33 40 597872 0 0 0
-359 -555 50 36 817275 0 0 0
-496 -697 51 40 598990 0 0 0
-357 -763 36 27 455467 0 0 0
-595 -839 35 41 466560 0 0 0
-487 -902 51 49 806755 0 0 0
-331 -691 37 30 717664 0 0 0
-194 -496 48 35 521767 0 0 0
-352 -525 31 32 804167 0 0 0
-419 -360 44 43 161760 0 0 0
-153 -532 34 26 304147 0 0 0
-379 -595 35 33 962160 0 0 0
-109 -596 37 44 926332 0 0 0
-152 -477 40 29 409776 0 0 0
115 -667 54 27 660402 0 0 0
227 -550 36 35 279068 0 0 0
55 -331 49 47 862703 0 0 0
-39 123 42 48 732176 0 0 0
64 -40 47 32 901118 0 0 0
196 -190 36 41 669117 0 0 0
138 -218 32 42 221534 0 0 0
-105 -112 51 35 669821 0 0 0
-139 -170 52 26 183376 0 0 0
-380 60 63 36 439042 0 0 0
-183 312 57 36 561445 0 0 0
-446 184 47 29 875818 0 0 0
-676 307 51 48 745075 0 0 0
-924 102 50 39 907155 0 0 0
-1150 127 40 34 862267 0 0 0
-1413 268 54 47 928442 0 0 0
-1626 167 51 32 554452 0 0 0
-1445 231 62 33 182749 0 0 0
-1536 457 59 27 747364 0 0 0
-1433 499 42 39 607896 0 0 0
-1208 415 63 39 962251 0 0 0
-941 271 48 39 972161 0 0 0
-1048 531 47 39 418412 0 0 0
-1186 395 55 26 174993 0 0 0
-1333 669 50 42 926376 0 0 0
-1179 831 31 36 998533 0 0 0
-1023 986 47 35 165515 0 0 0
-1251 949 44 35 547903 0 0 0
-1476 1211 35 49 224689 0 0 0
-1746 1260 52 40 215130 0 0 0
-1896 1465 52 44 644900 0 0 0
-1677 1410 59 31 691907 0 0 0
-1896 1507 45 41 264919 0 0 0
-1828 1480 34 37 132223 0 0 0
-1699 1361 35 42 410719 0 0 0
-1620 1169 31 42 731889 0 0 0
-1827 983 63 46 737998 0 0 0
-1685 1180 43 41 478351 0 0 0
-1485 1195 63 49 375843 0 0 0
-1380 1429 51 31 142201 0 0 0
-1317 1217 34 48 593110 0 0 0
-1484 1168 48 49 699203 0 0 0
-1431 1374 48 38 575670 0 0 0
-1384 1171 48 39 615640 0 0 0
-1533 1052 51 48 294862 0 0 0
-1493 983 41 42 682460 0 0 0
-1460 1047 55 50 309545 0 0 0
-1444 1030 40 35 687977 0 0 0
-1683 1010 37 31 292504 0 0 0
-1484 743 60 26 276005 0 0 0
-1332 962 57 34 814489 0 0 0
-1308 716 33 43 954478 0 0 0
-579 909 56 48 393906 0 0 0
-709 989 35 43 353463 0 0 0
-806 1102 35 43 111044 0 0 0
-853 859 54 46 803711 0 0 0
-774 1025 43 31 754722 0 0 0
-989 1123 39 36 363110 0 0 0
-1147 1186 53 45 478627 0 0 0
858 190 34 30 718065 0 0 0
1114 405 60 29 375798 0 0 0
839 225 42 36 436166 0 0 0
644 367 31 36 455611 0 0 0
702 236 44 38 465076 0 0 0
662 501 42 36 565085 0 0 0
462 257 42 34 135023 0 0 0
320 145 35 46 181750 0 0 0
468 129 50 42 845249 0 0 0
403 217 53 41 683213 0 0 0
530 440 44 30 515342 0 0 0
655 441 61 47 740607 0 0 0
523 231 53 30 251552 0 0 0
634 144 32 43 116269 0 0 0
827 80 40 36 830017 0 0 0
915 -156 59 28 702416 0 0 0
976 -329 37 48 492429 0 0 0
955 -292 31 29 767164 0 0 0
802 -560 62 45 720197 0 0 0
627 -648 32 31 409915 0 0 0
648 -552 51 38 261006 0 0 0
532 -647 43 48 232688 0 0 0
-783 355 44 44 477900 0 0 0
-514 514 43 27 125444 0 0 0
-487 499 54 25 825256 0 0 0
-294 571 33 37 596035 0 0 0
-336 433 48 38 504832 0 0 0
-218 304 62 32 760360 0 0 0
732 -79 55 33 969009 0 0 0
975 -335 31 45 864101 0 0 0
795 -311 38 43 715360 0 0 0
987 -192 58 33 593594 0 0 0
1174 -211 38 47 317419 0 0 0
1329 -349 56 50 671860 0 0 0
1068 -329 53 36 885715 0 0 0
1184 -71 53 46 938801 0 0 0
1349 -137 56 28 620517 0 0 0
1434 -265 60 45 705743 0 0 0
714 941 50 47 213590 0 0 0
835 726 53 40 559599 0 0 0
866 996 48 44 514564 0 0 0
963 1042 50 28 301430 0 0 0
1021 851 62 50 869233 0 0 0
1203 990 62 41 643944 0 0 0
1246 1068 60 45 248866 0 0 0
1006 1099 31 40 898393 0 0 0
833 1297 34 47 484715 0 0 0
681 1160 43 39 773823 0 0 0
585 1262 42 25 845667 0 0 0
701 1400 35 46 471815 0 0 0
518 1478 33 42 486121 0 0 0
605 1478 43 25 719171 0 0 0
686 1363 38 38 169852 0 0 0
468 1170 37 37 886145 0 0 0
691 1273 34 41 161379 0 0 0
586 1218 59 36 712991 0 0 0
669 1438 49 47 853527 0 0 0
659 1496 63 39 723863 0 0 0
412 1248 34 48 246557 0 0 0
390 1394 55 27 786119 0 0 0
561 1354 36 28 649872 0 0 0
632 1420 46 38 419893 0 0 0
716 1306 31 38 398117 0 0 0
685 1102 48 40 417886 0 0 0
670 1109 49 39 142718 0 0 0
920 877 39 27 682800 0 0 0
662 918 49 36 204158 0 0 0
931 1121 61 43 701135 0 0 0
1044 1275 42 30 830472 0 0 0
800 1117 46 39 525246 0 0 0
635 1305 40 35 890208 0 0 0
838 1445 53 38 452459 0 0 0
-625 948 52 49 966480 0 0 0
-511 840 32 41 945150 0 0 0
-731 721 37 30 183685 0 0 0
-768 450 41 47 840310 0 0 0
-1019 477 52 34 969277 0 0 0
-1178 224 57 28 574946 0 0 0
-997 10 34 36 590097 0 0 0
-1161 273 43 50 706845 0 0 0
-1102 414 31 27 229244 0 0 0
-1091 480 58 49 186097 0 0 0
-1003 701 42 35 249220 0 0 0
-1244 837 53 49 297296 0 0 0
-1112 803 58 25 927588 0 0 0
-1129 707 61 36 678677 0 0 0
-1395 834 33 27 121091 0 0 0
-1199 1068 61 38 195608 0 0 0
-938 833 38 34 493511 0 0 0
-1096 725 43 45 478658 0 0 0
-1026 926 47 25 490049 0 0 0
-796 1134 47 45 949083 0 0 0
-735 1229 52 27 151856 0 0 0
-582 1241 49 46 970436 0 0 0
-779 1509 40 49 893403 0 0 0
-817 1248 62 32 939960 0 0 0
-732 1075 60 39 455843 0 0 0
-985 1294 45 27 988825 0 0 0
-1029 1497 62 26 433305 0 0 0
-1184 1415 57 49 506481 0 0 0
-1323 1168 42 28 342184 0 0 0
-1456 1403 34 45 179655 0 0 0
-1675 1182 59 27 666118 0 0 0
-1856 1126 48 31 269760 0 0 0
-1599 1204 32 49 388324 0 0 0
-920 522 55 26 806127 0 0 0
-985 682 62 25 673950 0 0 0
-868 510 37 30 594551 0 0 0
-1057 442 49 30 706616 0 0 0
-1321 431 62 31 180832 0 0 0
-1553 703 62 39 443013 0 0 0
-1460 817 47 40 668950 0 0 0
-1564 1058 37 43 301192 0 0 0
-1290 847 57 47 672504 0 0 0
-1066 914 49 35 704197 0 0 0
-807 652 59 45 551875 0 0 0
-926 693 62 30 845947 0 0 0
-898 457 45 46 641580 0 0 0
-1103 183 34 48 691531 0 0 0
-787 148 35 30 372375 0 0 0
-606 224 61 35 383253 0 0 0
-460 -34 51 28 456905 0 0 0
-519 -32 37 36 986997 0 0 0
-440 145 58 26 350486 0 0 0
-593 317 31 36 721658 0 0 0
-680 221 61 32 305072 0 0 0
-780 167 62 49 180138 0 0 0
-936 -3 39 27 900643 0 0 0
-971 -149 40 43 953120 0 0 0
-768 -17 53 30 990663 0 0 0
-780 -180 55 37 916431 0 0 0
-726 -199 42 50 389303 0 0 0
-658 7 61 41 537202 0 0 0
-478 62 37 45 159184 0 0 0
-312 51 49 43 690347 0 0 0
-63 79 53 25 649498 0 0 0
-306 240 55 40 950588 0 0 0
-550 443 38 41 247262 0 0 0
-352 181 47 40 240987 0 0 0
197 597 43 36 394572 0 0 0
-50 436 60 32 970140 0 0 0
-105 420 58 48 327503 0 0 0
-232 494 53 34 113373 0 0 0
-389 306 38 48 478340 0 0 0
-472 329 34 45 832572 0 0 0
-659 528 62 45 132652 0 0 0
-799 633 48 25 452552 0 0 0
-1069 636 43 28 205600 0 0 0
-1086 565 51 37 995005 0 0 0
-988 725 48 38 777996 0 0 0
-916 770 41 29 459850 0 0 0
-674 715 40 44 275634 0 0 0
-417 821 61 39 400386 0 0 0
-556 1013 61 29 809013 0 0 0
-308 1179 38 35 248725 0 0 0
296 -143 56 26 256028 0 0 0
355 -337 45 38 928155 0 0 0
603 -582 31 32 872488 0 0 0
409 -737 35 28 885642 0 0 0
639 -830 49 42 339994 0 0 0
444 -989 42 37 671857 0 0 0
257 -902 60 32 110355 0 0 0
461 -1173 35 30 675658 0 0 0
548 -1283 39 43 235319 0 0 0
406 -1517 51 28 634736 0 0 0
193 -1742 43 34 859235 0 0 0
3 -1521 59 33 176965 0 0 0
-184 -1709 45 43 716310 0 0 0
243 1072 63 35 382603 0 0 0
393 884 31 38 728714 0 0 0
660 707 48 48 451505 0 0 0
669 436 43 50 207910 0 0 0
407 356 34 26 947871 0 0 0
300 544 44 32 598178 0 0 0
133 805 38 28 780855 0 0 0
96 940 53 29 354437 0 0 0
-157 974 32 42 271001 0 0 0
-393 720 55 44 382443 0 0 0
-252 720 43 25 724565 0 0 0
-357 740 59 26 360454 0 0 0
-224 668 35 43 682421 0 0 0
-466 516 62 36 563850 0 0 0
-484 264 51 30 943926 0 0 0
-233 441 33 37 559966 0 0 0
-281 648 54 28 877235 0 0 0
-218 899 35 42 589459 0 0 0
-180 814 47 48 645829 0 0 0
21 1022 34 29 999903 0 0 0
226 1292 32 36 791901 0 0 0
312 1540 44 25 322456 0 0 0
44 1412 42 37 903529 0 0 0
316 1437 56 35 133660 0 0 0
358 1493 58 33 320410 0 0 0
614 1474 51 36 718738 0 0 0
381 1704 55 31 731422 0 0 0
331 1606 34 43 105010 0 0 0
287 1845 40 45 579420 0 0 0
52 2097 38 32 215151 0 0 0
202 2338 49 33 923621 0 0 0
152 2158 56 42 125448 0 0 0
-93 2417 40 42 954413 0 0 0
-1087 -445 35 25 586835 0 0 0
-1298 -490 45 37 473539 0 0 0
-1361 -324 60 30 645657 0 0 0
-1529 -266 60 44 210414 0 0 0
-1394 -217 59 48 182196 0 0 0
-1305 -103 49 27 126050 0 0 0
-1416 169 35 43 678842 0 0 0
-1546 406 38 49 611774 0 0 0
-1338 209 56 35 615026 0 0 0
-1215 326 45 44 546420 0 0 0
-1191 122 54 42 751257 0 0 0
-1177 351 57 27 654330 0 0 0
-1010 323 54 45 695467 0 0 0
-947 353 44 34 405024 0 0 0
-1120 423 56 32 105693 0 0 0
-1377 409 36 25 946379 0 0 0
-1352 221 61 44 924592 0 0 0
-1407 220 53 36 456649 0 0 0
-1385 329 63 28 695399 0 0 0
-1442 56 39 30 452966 0 0 0
-1306 69 51 27 854514 0 0 0
-1409 -58 53 25 211197 0 0 0
-779 -1064 47 31 592795 0 0 0
-847 -1259 34 38 259502 0 0 0
-967 -1423 43 34 910568 0 0 0
-834 -1190 41 47 287598 0 0 0
-810 -1267 48 34 757633 0 0 0
-840 -1290 54 33 266744 0 0 0
-903 -1291 41 43 952900 0 0 0
-780 -1095 63 45 349920 0 0 0
-892 -1079 55 46 376497 0 0 0
-1088 -982 48 37 227974 0 0 0
-1249 -1177 35 29 894926 0 0 0
-1487 -1141 59 32 526243 0 0 0
-1507 -1318 60 36 987232 0 0 0
-1671 -1295 54 30 953665 0 0 0
-1450 -1501 58 29 668617 0 0 0
-1251 -1623 35 36 283817 0 0 0
-1005 -1711 63 48 177552 0 0 0
-1054 -1657 40 37 823765 0 0 0
-881 -1831 36 27 181426 0 0 0
-725 -1836 32 46 447720 0 0 0
-882 -1725 57 42 849374 0 0 0
-983 -1936 34 44 494271 0 0 0
-243 290 51 43 987972 0 0 0
-79 530 36 26 318846 0 0 0
-28 550 46 44 940625 0 0 0
-202 433 31 33 688901 0 0 0
20 273 53 25 167106 0 0 0
7 42 54 36 193229 0 0 0
-32 86 32 25 747978 0 0 0
-57 -62 53 37 507534 0 0 0
-39 -284 44 35 486469 0 0 0
164 -69 44 44 838660 0 0 0
279 -35 52 42 969275 0 0 0
497 -258 36 48 261348 0 0 0
626 -129 55 32 221914 0 0 0
545 -372 44 39 990720 0 0 0
726 -256 55 30 371966 0 0 0
559 -251 60 26 175548 0 0 0
370 -132 34 27 720805 0 0 0
247 -277 34 49 870513 0 0 0
308 -202 55 35 109744 0 0 0
188 -355 43 40 460841 0 0 0
321 -176 55 42 579107 0 0 0
302 -150 56 34 895570 0 0 0
331 -47 43 50 937895 0 0 0
460 -168 38 41 431857 0 0 0
696 -419 54 25 915556 0 0 0
477 -420 41 25 668299 0 0 0
484 -222 43 30 305591 0 0 0
502 -280 59 33 983952 0 0 0
492 -233 36 42 875617 0 0 0
460 -296 59 26 809577 0 0 0
399 -47 61 38 914920 0 0 0
535 -127 42 44 626837 0 0 0
649 -96 47 43 185628 0 0 0
904 -1 48 50 152501 0 0 0
897 -212 55 39 150973 0 0 0
813 34 41 27 650232 0 0 0
1077 27 48 25 243738 0 0 0
1022 102 45 45 396760 0 0 0
1172 167 54 36 967167 0 0 0
1406 47 55 41 987192 0 0 0
1185 -214 34 46 471419 0 0 0
-124 -1029 40 32 827270 0 0 0
-30 -1258 51 30 798316 0 0 0
-71 -1173 55 37 167397 0 0 0
140 -1016 33 39 313705 0 0 0
181 -972 38 42 521012 0 0 0
348 -925 56 36 639731 0 0 0
383 -1181 46 39 604003 0 0 0
254 -998 45 38 780122 0 0 0
301 -911 44 45 831513 0 0 0
435 -933 35 34 153949 0 0 0
488 -1177 36 29 917573 0 0 0
336 -1129 44 27 767820 0 0 0
364 -1150 52 32 910734 0 0 0
208 -1169 49 28 331151 0 0 0
47 -1373 61 42 986121 0 0 0
241 -1190 58 25 386887 0 0 0
399 -1448 53 41 581448 0 0 0
199 -1197 52 27 541209 0 0 0
349 -929 34 44 734414 0 0 0
397 -950 59 38 236074 0 0 0
213 -758 32 37 456341 0 0 0
138 -919 32 36 863295 0 0 0
162 -1139 58 32 144282 0 0 0
43 -1127 34 46 589438 0 0 0
47 -1013 36 43 916129 0 0 0
3 -1090 37 30 644773 0 0 0
170 -829 55 41 762146 0 0 0
1005 -206 34 39 131930 0 0 0
1184 25 38 43 419601 0 0 0
1090 88 53 38 706233 0 0 0
905 -775 50 44 767002 0 0 0
1092 -604 43 37 472793 0 0 0
834 -632 35 50 959824 0 0 0
996 -789 63 44 859968 0 0 0
958 -623 63 50 269462 0 0 0
1162 -600 31 39 449339 0 0 0
925 -620 48 48 521155 0 0 0
852 -443 56 49 113178 0 0 0
890 -604 59 48 381744 0 0 0
632 -839 44 25 917357 0 0 0
510 -573 42 43 798298 0 0 0
665 -619 53 49 811536 0 0 0
463 -681 37 47 517341 0 0 0
526 -798 40 25 506279 0 0 0
397 -825 37 44 434929 0 0 0
381 -582 38 40 473252 0 0 0
269 -450 48 49 330054 0 0 0
37 -358 54 42 655571 0 0 0
-222 -168 39 45 933526 0 0 0
-306 -238 31 31 739562 0 0 0
-79 -278 58 43 897313 0 0 0
-207 -350 36 41 105681 0 0 0
-317 -229 32 25 720498 0 0 0
-248 21 51 38 957309 0 0 0
-167 -26 53 46 805692 0 0 0
64 -120 43 49 726518 0 0 0
-84 -82 40 38 513477 0 0 0
-329 -301 53 35 455927 0 0 0
-508 -373 59 27 707914 0 0 0
-547 -460 35 30 576929 0 0 0
-746 -297 51 26 790646 0 0 0
-846 -383 57 34 555142 0 0 0
-599 -508 43 43 424378 0 0 0
-719 -729 32 28 826907 0 0 0
-518 -828 44 42 874607 0 0 0
-295 -780 38 42 190478 0 0 0
-318 -937 50 35 467435 0 0 0
-291 -695 46 41 617138 0 0 0
-331 -739 63 34 711767 0 0 0
-205 -950 58 31 897805 0 0 0
-358 -803 55 42 472408 0 0 0
-259 -656 53 34 123537 0 0 0
-399 -543 44 47 312175 0 0 0
-517 -355 59 36 486383 0 0 0
-737 -126 55 28 360581 0 0 0
614 1031 60 31 448320 0 0 0
466 838 58 32 197703 0 0 0
260 920 36 30 797280 0 0 0
96 824 62 33 898881 0 0 0
-122 672 44 44 840029 0 0 0
-327 581 32 35 559272 0 0 0
-243 370 45 46 236089 0 0 0
-177 442 56 42 802854 0 0 0
-209 638 46 36 998337 0 0 0
-319 399 35 34 562869 0 0 0
-47 213 53 29 416257 0 0 0
185 -45 60 33 682903 0 0 0
-63 -293 39 26 341690 0 0 0
-172 -426 59 26 889049 0 0 0
-319 -505 50 40 505395 0 0 0
-223 -309 55 36 298898 0 0 0
-357 -35 51 48 831484 0 0 0
-402 -245 40 31 721806 0 0 0
-425 -440 57 42 250674 0 0 0
-43 0 58 40 583249 0 0 0
-78 -74 56 33 322195 0 0 0
172 -179 59 33 135018 0 0 0
293 0 57 40 893202 0 0 0
129 -103 60 29 227806 0 0 0
263 110 60 34 913774 0 0 0
388 240 63 47 926273 0 0 0
327 359 48 50 304409 0 0 0
346 623 56 46 607035 0 0 0
457 821 63 39 546301 0 0 0
340 611 50 50 184068 0 0 0
330 855 32 35 171410 0 0 0
592 847 48 41 519644 0 0 0
855 1046 57 29 717001 0 0 0
750 971 52 33 460583 0 0 0
854 865 59 38 779004 0 0 0
662 1003 63 27 471841 0 0 0
461 805 54 36 306129 0 0 0
451 697 44 46 473321 0 0 0
211 539 56 46 626970 0 0 0
310 363 62 27 181823 0 0 0
565 -593 41 28 139697 0 0 0
362 -422 33 26 173716 0 0 0
395 -505 44 35 694376 0 0 0
604 -536 57 42 569728 0 0 0
408 -555 57 38 566306 0 0 0
189 -487 33 41 765910 0 0 0
312 -452 52 33 288310 0 0 0
390 -669 48 45 520959 0 0 0
292 -726 35 32 939717 0 0 0
280 -902 42 34 672344 0 0 0
445 -743 53 38 746419 0 0 0
611 -616 46 33 991270 0 0 0
527 -747 47 32 909783 0 0 0
584 -603 44 27 991483 0 0 0
630 -351 40 44 654960 0 0 0
738 -567 47 33 281437 0 0 0
474 -744 45 42 281526 0 0 0
300 -700 35 48 435797 0 0 0
152 -567 46 34 641290 0 0 0
389 -355 60 27 111575 0 0 0
166 -368 43 46 274064 0 0 0
432 -240 41 50 141525 0 0 0
626 -206 57 29 476599 0 0 0
583 -104 60 33 246849 0 0 0
845 88 33 46 424015 0 0 0
1094 199 60 38 497148 0 0 0
1166 474 39 35 195491 0 0 0
1233 219 58 26 441115 0 0 0
1467 96 47 28 142706 0 0 0
1581 -170 60 31 927945 0 0 0
-813 77 42 40 721400 0 0 0
-1052 151 54 41 322873 0 0 0
-1235 269 60 29 263860 0 0 0
-1056 422 38 29 458319 0 0 0
-1184 151 31 28 339595 0 0 0
-1339 59 50 47 710283 0 0 0
-1459 295 40 34 951109 0 0 0
-1275 389 35 47 690744 0 0 0
-1123 642 51 32 548283 0 0 0
-878 430 33 28 318752 0 0 0
-880 603 60 46 143177 0 0 0
-750 609 37 39 733391 0 0 0
-815 477 55 49 427460 0 0 0
-655 442 37 29 891479 0 0 0
-832 661 37 40 600801 0 0 0
-669 808 36 49 544011 0 0 0
-799 1010 33 37 962606 0 0 0
-990 1225 45 44 137577 0 0 0
-927 963 44 31 755439 0 0 0
-684 828 54 37 904881 0 0 0
-688 751 57 39 477711 0 0 0
-604 731 56 49 609337 0 0 0
-367 532 34 43 958895 0 0 0
-286 458 51 25 816749 0 0 0
-487 554 36 32 546502 0 0 0
-604 572 63 46 906239 0 0 0
-842 338 53 39 228217 0 0 0
-837 104 32 45 154459 0 0 0
-724 272 61 40 697289 0 0 0
-496 286 48 33 648787 0 0 0
-262 340 51 49 937605 0 0 0
-127 486 50 34 439110 0 0 0
-391 514 46 27 630672 0 0 0
-192 431 57 36 613754 0 0 0
-144 345 37 33 330360 0 0 0
-108 94 37 37 286129 0 0 0
78 32 52 49 874687 0 0 0
341 270 53 38 428143 0 0 0
200 202 38 25 146097 0 0 0
214 83 38 35 219623 0 0 0
198 273 41 25 150909 0 0 0
416 360 56 41 412254 0 0 0
225 276 46 29 969839 0 0 0
287 157 33 35 764282 0 0 0
501 161 42 28 197752 0 0 0
483 -57 40 47 860128 0 0 0
614 -132 43 49 440311 0 0 0
845 72 37 36 593103 0 0 0
991 -13 63 47 432848 0 0 0
796 -140 46 40 867023 0 0 0
694 -44 61 31 872595 0 0 0
811 -72 48 31 206801 0 0 0
885 -266 53 45 989257 0 0 0
1072 -64 37 45 541578 0 0 0
1247 -20 63 31 433041 0 0 0
1172 -292 54 48 542063 0 0 0
-733 -918 57 43 511933 0 0 0
-856 -972 51 27 478684 0 0 0
-802 -1005 50 40 845328 0 0 0
-1024 -743 42 30 765368 0 0 0
-843 -921 62 42 342423 0 0 0
-921 -827 56 42 885720 0 0 0
-1049 -811 44 50 948001 0 0 0
-1195 -573 46 30 367641 0 0 0
-1366 -483 46 45 273963 0 0 0
-1412 -625 63 38 721626 0 0 0
-1473 -730 38 29 622401 0 0 0
-1499 -468 57 34 217196 0 0 0
-1764 -643 53 27 471476 0 0 0
-1816 -399 53 40 667002 0 0 0
-1921 -516 57 46 686469 0 0 0
-1878 -732 51 37 158333 0 0 0
-1880 -535 44 27 937036 0 0 0
-1751 -340 63 47 456636 0 0 0
-1778 -487 59 36 913851 0 0 0
-1960 -486 44 40 178625 0 0 0
-1770 -439 50 44 733757 0 0 0
-2021 -679 47 43 227855 0 0 0
-593 879 43 41 539849 0 0 0
-331 965 34 42 710057 0 0 0
-587 1229 49 25 613891 0 0 0
-847 1476 43 29 124390 0 0 0
-653 1374 54 43 525897 0 0 0
-830 1446 63 33 710150 0 0 0
-745 1366 31 32 688458 0 0 0
-676 1169 39 44 553968 0 0 0
-613 999 57 26 450069 0 0 0
-363 770 62 41 958058 0 0 0
-140 762 49 47 186002 0 0 0
-312 542 57 40 455649 0 0 0
-473 469 43 43 389232 0 0 0
-730 288 44 35 186306 0 0 0
-977 103 61 35 453692 0 0 0
-1047 5 33 26 707501 0 0 0
-1030 108 54 42 977864 0 0 0
-1117 19 38 37 938526 0 0 0
-1085 -24 56 49 119794 0 0 0
-899 -243 48 49 931984 0 0 0
-1052 -157 56 40 310219 0 0 0
-1234 -94 56 34 215911 0 0 0
-1240 -77 33 27 794419 0 0 0
-1389 -71 63 33 312605 0 0 0
-1354 105 55 46 882409 0 0 0
-1490 265 57 30 473168 0 0 0
-1379 39 56 36 628771 0 0 0
-1110 179 50 40 933912 0 0 0
-1175 44 40 25 949612 0 0 0
-916 -75 50 44 987529 0 0 0
-1061 13 43 27 834730 0 0 0
-1325 155 44 36 588740 0 0 0
-1382 427 37 47 643876 0 0 0
-1209 629 56 32 838822 0 0 0
-951 888 61 27 112251 0 0 0
-728 1045 35 31 870426 0 0 0
-536 798 35 44 332505 0 0 0
-312 560 58 37 924732 0 0 0
-503 377 49 43 308662 0 0 0
-706 102 47 35 108791 0 0 0
-548 -7 41 40 307625 0 0 0
-667 -50 58 26 987786 0 0 0
-427 77 33 42 346670 0 0 0
-277 19 51 35 612267 0 0 0
-17 103 36 44 899763 0 0 0
-53 74 37 27 241596 0 0 0
-130 78 50 31 290655 0 0 0
-260 106 43 29 432995 0 0 0
-35 -37 33 45 778523 0 0 0
188 -90 36 40 917969 0 0 0
31 45 62 40 967219 0 0 0
142 254 53 38 823333 0 0 0
338 366 52 29 183966 0 0 0
550 294 34 43 269613 0 0 0
425 209 45 50 752943 0 0 0
275 479 57 41 989013 0 0 0
195 400 37 47 150122 0 0 0
326 279 51 31 832416 0 0 0
108 291 59 50 747431 0 0 0
-46 160 57 40 517578 0 0 0
856 370 46 27 280841 0 0 0
582 563 33 48 602065 0 0 0
820 527 53 35 426867 0 0 0
697 719 33 39 253084 0 0 0
813 868 48 50 844788 0 0 0
902 914 63 43 282453 0 0 0
775 969 52 41 365185 0 0 0
915 1156 38 35 487538 0 0 0
839 1059 62 27 732569 0 0 0
974 992 50 45 820148 0 0 0
1093 951 60 49 472842 0 0 0
1211 715 48 40 432560 0 0 0
1013 538 59 40 226673 0 0 0
1082 777 41 48 127459 0 0 0
1181 923 57 48 806333 0 0 0
1371 1015 36 25 297349 0 0 0
1162 906 36 41 578480 0 0 0
1043 711 37 42 764277 0 0 0
1025 633 44 49 651998 0 0 0
795 427 41 45 688905 0 0 0
606 623 41 39 278910 0 0 0
472 661 60 42 123477 0 0 0
426 580 38 40 964243 0 0 0
270 337 57 36 273862 0 0 0
64 297 40 30 826911 0 0 0
32 363 37 32 292132 0 0 0
-204 396 41 46 162435 0 0 0
-71 351 62 47 127001 0 0 0
-67 146 37 32 867497 0 0 0
-256 -24 60 43 659992 0 0 0
-226 90 37 35 637529 0 0 0
-70 97 37 30 106126 0 0 0
-78 257 31 25 417181 0 0 0
94 380 55 39 560125 0 0 0
0 168 63 38 413332 0 0 0
85 420 51 28 989827 0 0 0
245 397 44 46 913308 0 0 0
187 470 48 28 659028 0 0 0
1 664 61 33 771728 0 0 0
113 577 31 46 669351 0 0 0
3 679 55 36 815124 0 0 0
15 799 34 31 950708 0 0 0
-185 602 63 43 359552 0 0 0
881 -1022 44 26 880286 0 0 0
934 -873 38 37 960174 0 0 0
745 -681 38 33 605816 0 0 0
695 -678 37 40 667293 0 0 0
726 -506 49 40 375232 0 0 0
671 -287 31 39 376095 0 0 0
917 -188 59 47 411448 0 0 0
1133 -94 63 25 213846 0 0 0
1357 -364 48 40 651541 0 0 0
1350 -244 41 34 797241 0 0 0
1207 -321 51 35 537764 0 0 0
1441 -237 41 45 416655 0 0 0
1716 -192 46 44 437720 0 0 0
1844 -117 63 35 693356 0 0 0
2057 50 45 43 113913 0 0 0
2080 176 46 44 616675 0 0 0
1819 321 36 25 887613 0 0 0
1875 409 50 49 966702 0 0 0
1871 294 54 25 832516 0 0 0
2144 127 39 50 890374 0 0 0
2047 -142 55 34 205790 0 0 0
2107 -124 39 48 664622 0 0 0
2294 -187 34 39 619320 0 0 0
2274 -347 46 30 159055 0 0 0
2106 -411 59 36 836202 0 0 0
1940 -186 61 48 548143 0 0 0
2026 -393 55 28 252365 0 0 0
1798 -446 52 39 482790 0 0 0
2035 -713 32 29 325592 0 0 0
2203 -476 58 43 903022 0 0 0
2207 -355 48 43 156250 0 0 0
2248 -593 53 49 403996 0 0 0
2141 -760 48 35 806672 0 0 0
2389 -980 38 50 195342 0 0 0
2561 -1046 32 33 902722 0 0 0
2464 -858 50 33 122324 0 0 0
2393 -648 51 26 236438 0 0 0
58 -227 58 35 827894 0 0 0
300 -259 40 27 817612 0 0 0
111 -97 59 46 602282 0 0 0
117 -322 53 26 463441 0 0 0
30 -298 63 29 904484 0 0 0
-160 -205 52 28 722684 0 0 0
-325 -219 55 26 566264 0 0 0
-98 36 47 32 248056 0 0 0
-281 -164 34 26 783261 0 0 0
-455 50 35 37 986571 0 0 0
-722 148 40 29 597021 0 0 0
-828 276 45 31 934927 0 0 0
-591 409 52 28 835062 0 0 0
-410 545 48 42 875738 0 0 0
-303 799 55 39 225813 0 0 0
-566 913 45 39 242586 0 0 0
-398 714 57 33 254487 0 0 0
-643 633 50 50 309424 0 0 0
-709 557 38 45 822512 0 0 0
-767 828 44 38 677773 0 0 0
481 569 42 46 287032 0 0 0
605 784 34 34 823984 0 0 0
630 596 33 39 605814 0 0 0
711 554 43 46 595440 0 0 0
855 507 51 30 149186 0 0 0
698 373 60 46 443187 0 0 0
680 293 37 50 753827 0 0 0
442 381 42 50 823159 0 0 0
457 424 52 36 394256 0 0 0
407 486 42 28 595406 0 0 0
220 615 50 39 557977 0 0 0
155 661 55 25 544455 0 0 0
101 506 33 36 774952 0 0 0
239 252 61 30 820501 0 0 0
69 458 31 27 745349 0 0 0
-111 395 31 26 104151 0 0 0
73 503 54 33 267466 0 0 0
-99 545 60 32 278986 0 0 0
-17 473 41 46 714870 0 0 0
75 497 50 35 759544 0 0 0
45 550 51 36 167324 0 0 0
-167 640 54 35 830903 0 0 0
-65 544 50 42 594360 0 0 0
175 703 38 34 207034 0 0 0
307 962 54 37 609665 0 0 0
85 740 43 32 904838 0 0 0
340 663 43 38 391710 0 0 0
477 798 61 32 907567 0 0 0
441 809 48 42 403420 0 0 0
280 814 48 27 441309 0 0 0
457 991 34 40 251778 0 0 0
511 980 56 44 628467 0 0 0
455 1039 37 27 778053 0 0 0
339 769 43 47 752095 0 0 0
382 913 51 25 623031 0 0 0
483 981 37 42 712237 0 0 0
658 978 42 27 409510 0 0 0
843 921 57 50 631595 0 0 0
664 755 34 39 535537 0 0 0
636 869 53 36 650308 0 0 0
863 913 58 31 985029 0 0 0
646 866 61 42 651816 0 0 0
611 652 39 29 889689 0 0 0
363 539 34 25 660210 0 0 0
555 799 37 40 179667 0 0 0
717 595 62 43 646182 0 0 0
877 733 31 41 563871 0 0 0
1030 962 31 45 232766 0 0 0
1050 1135 42 43 381693 0 0 0
1037 1321 40 39 455481 0 0 0
1035 1053 43 39 722515 0 0 0
1152 1203 32 26 570163 0 0 0
970 594 60 50 991847 0 0 0
1144 701 59 30 734041 0 0 0
1149 904 33 40 606242 0 0 0
1059 830 47 47 604685 0 0 0
1226 743 53 32 514294 0 0 0
1256 913 31 27 720283 0 0 0
1417 1008 60 37 735342 0 0 0
1676 903 57 32 514726 0 0 0
1750 843 44 42 140346 0 0 0
1521 1057 44 29 755295 0 0 0
1638 1204 35 36 388222 0 0 0
1732 992 37 37 408359 0 0 0
1468 1100 31 50 391145 0 0 0
1602 1188 38 49 952277 0 0 0
1800 1103 36 39 374923 0 0 0
1732 1015 47 41 557932 0 0 0
1588 857 57 40 440681 0 0 0
1351 764 48 35 653621 0 0 0
1235 1001 38 44 452423 0 0 0
1391 922 55 38 786021 0 0 0
1335 831 52 29 373905 0 0 0
1221 960 42 35 454146 0 0 0
970 1078 45 25 652939 0 0 0
1165 933 58 42 971500 0 0 0
943 1192 38 41 364315 0 0 0
823 1306 44 50 738933 0 0 0
1045 1462 45 35 742426 0 0 0
1046 1268 47 34 152315 0 0 0
1195 1088 49 35 940865 0 0 0
1197 1287 52 35 576985 0 0 0
988 1383 41 30 932488 0 0 0
-1087 48 38 42 252028 0 0 0
-1192 88 63 43 120711 0 0 0
-934 216 49 50 277793 0 0 0
-660 242 48 38 676930 0 0 0
-476 462 50 33 819200 0 0 0
-626 645 43 30 532431 0 0 0
-673 700 35 34 376735 0 0 0
-895 435 47 49 843808 0 0 0
-1055 483 44 50 266082 0 0 0
-794 395 37 50 311006 0 0 0
-957 241 55 45 417059 0 0 0
-796 361 36 48 679091 0 0 0
-1049 370 46 34 683407 0 0 0
-1012 568 56 50 352578 0 0 0
-895 588 57 35 466503 0 0 0
-794 742 46 26 260081 0 0 0
-1047 690 37 36 387596 0 0 0
-979 450 39 32 888385 0 0 0
-1046 222 48 33 356005 0 0 0
-1155 478 32 49 871585 0 0 0
-1198 289 43 39 266126 0 0 0
-1389 73 34 35 835199 0 0 0
-1528 164 50 50 811099 0 0 0
-1380 378 33 40 770642 0 0 0
-1423 128 45 48 626077 0 0 0
-1509 2 41 29 130335 0 0 0
-1554 47 59 45 516409 0 0 0
-1311 185 42 25 477120 0 0 0
-1234 184 37 35 841798 0 0 0
-1287 -86 36 34 610721 0 0 0
-1394 150 55 42 874595 0 0 0
-1366 418 35 26 913927 0 0 0
-1358 406 60 26 277408 0 0 0
-1017 959 63 48 686460 0 0 0
-1179 1188 53 26 179014 0 0 0
-1248 931 61 33 193770 0 0 0
-1237 1109 58 42 527491 0 0 0
-1362 1263 59 28 848245 0 0 0
-1496 1408 55 32 968626 0 0 0
-1767 1338 58 44 529281 0 0 0
-1918 1157 33 32 742635 0 0 0
-1994 1418 60 43 472094 0 0 0
-2128 1475 31 39 406067 0 0 0
-1972 1283 46 43 264763 0 0 0
-2120 1154 63 49 108929 0 0 0
-2283 1137 63 42 833393 0 0 0
-2091 1093 31 35 236529 0 0 0
-1888 822 39 50 238125 0 0 0
-2096 940 54 50 757293 0 0 0
-2258 1073 45 26 332647 0 0 0
-2388 1316 39 40 754209 0 0 0
-2550 1160 38 46 961173 0 0 0
-2545 917 48 33 452664 0 0 0
-2586 1069 37 38 462479 0 0 0
-2454 1238 63 46 479551 0 0 0
-2497 1149 52 44 413184 0 0 0
-2745 1176 63 45 296746 0 0 0
-2731 1033 33 39 241132 0 0 0
-2823 906 61 36 844529 0 0 0
-2931 1042 43 42 497401 0 0 0
-3190 1084 31 41 621314 0 0 0
-2919 971 59 50 833503 0 0 0
-2648 764 54 46 380469 0 0 0
-2408 752 57 40 733864 0 0 0
-2285 981 51 48 285750 0 0 0
-2465 781 34 34 499774 0 0 0
-2628 725 52 33 516788 0 0 0
909 331 37 34 457848 0 0 0
928 149 63 39 855728 0 0 0
953 -26 46 43 573103 0 0 0
803 -37 54 32 856829 0 0 0
934 101 50 46 980187 0 0 0
821 -69 56 26 456050 0 0 0
933 -30 39 30 141335 0 0 0
1161 122 34 42 814223 0 0 0
919 -67 31 27 675088 0 0 0
898 -217 59 27 996065 0 0 0
760 -417 57 25 898891 0 0 0
739 -495 37 47 505980 0 0 0
481 -455 45 50 241350 0 0 0
517 -417 41 32 672928 0 0 0
467 -303 54 33 191233 0 0 0
622 -264 63 43 300611 0 0 0
623 -19 61 35 488107 0 0 0
710 -110 59 33 262359 0 0 0
777 20 34 35 936696 0 0 0
517 -114 32 38 889365 0 0 0
407 -15 51 36 780890 0 0 0
487 58 54 31 838924 0 0 0
314 90 59 44 848116 0 0 0
277 325 56 27 149240 0 0 0
258 422 36 33 655599 0 0 0
3 269 54 28 701536 0 0 0
251 394 32 34 396232 0 0 0
142 513 45 38 749503 0 0 0
329 750 46 34 759073 0 0 0
398 678 52 39 990695 0 0 0
213 601 57 35 728649 0 0 0
284 690 44 26 681335 0 0 0
431 934 46 33 544705 0 0 0
504 826 39 27 155563 0 0 0
762 1070 50 30 602519 0 0 0
-348 23 37 38 308615 0 0 0
-261 44 49 28 821700 0 0 0
-152 -152 49 48 535600 0 0 0
-288 -381 49 40 294328 0 0 0
-358 -173 43 27 748698 0 0 0
-596 -424 51 32 470972 0 0 0
-835 -696 58 37 473039 0 0 0
-768 -537 38 35 820644 0 0 0
-532 -777 34 44 724731 0 0 0
-806 -785 57 39 958300 0 0 0
-943 -788 59 34 767846 0 0 0
-931 -1034 54 36 915910 0 0 0
-1021 -820 54 42 620055 0 0 0
-1257 -567 56 26 355151 0 0 0
-1181 -499 61 45 946276 0 0 0
-1286 -580 52 37 559081 0 0 0
-1060 -780 35 33 930550 0 0 0
-858 -931 57 37 254329 0 0 0
-657 -765 46 38 976248 0 0 0
-659 -885 45 44 215945 0 0 0
-814 -1101 55 26 540676 0 0 0
-864 -1352 51 29 208766 0 0 0
-1112 -1493 46 25 770831 0 0 0
-1103 -1404 59 27 512186 0 0 0
-987 -1255 39 25 497067 0 0 0
-974 -1042 61 50 812010 0 0 0
-1092 -1219 31 50 220445 0 0 0
-1259 -1055 37 49 965808 0 0 0
-1432 -824 32 42 488973 0 0 0
-1318 -1022 61 42 108348 0 0 0
-1583 -769 54 50 609521 0 0 0
-1367 -938 47 39 138345 0 0 0
-1285 -957 34 28 184038 0 0 0
-1427 -987 31 43 510755 0 0 0
165 432 58 29 454323 0 0 0
431 410 41 29 218909 0 0 0
581 458 37 48 389175 0 0 0
515 449 44 44 898162 0 0 0
637 630 54 33 846259 0 0 0
624 740 60 41 103764 0 0 0
485 596 39 33 368587 0 0 0
505 501 33 27 557352 0 0 0
723 704 55 45 165254 0 0 0
839 859 36 48 404389 0 0 0
930 1122 58 30 530709 0 0 0
932 1094 44 43 541770 0 0 0
942 875 48 40 308144 0 0 0
975 1112 36 45 917651 0 0 0
722 892 53 41 228475 0 0 0
633 725 61 45 475631 0 0 0
684 478 51 28 868840 0 0 0
529 385 52 27 629864 0 0 0
581 278 32 41 132445 0 0 0
856 195 31 30 124225 0 0 0
854 238 51 46 127126 0 0 0
1010 225 56 42 788855 0 0 0
968 136 56 25 925466 0 0 0
754 172 62 44 259126 0 0 0
731 153 34 26 807809 0 0 0
781 30 35 25 721880 0 0 0
915 -148 50 45 493352 0 0 0
1088 -395 36 47 474159 0 0 0
1328 -158 53 44 259068 0 0 0
1526 -297 46 47 271400 0 0 0
1610 -309 43 29 350918 0 0 0
1339 -418 40 47 792677 0 0 0
1364 -181 56 42 568152 0 0 0
1380 -46 62 46 262579 0 0 0
1643 110 50 27 232417 0 0 0
1712 -71 37 48 906899 0 0 0
1545 20 35 50 797069 0 0 0
1394 35 47 48 978780 0 0 0
1203 188 60 36 285842 0 0 0
1154 279 48 31 766922 0 0 0
1157 62 45 35 994565 0 0 0
589 358 34 29 601416 0 0 0
730 462 37 31 391853 0 0 0
828 332 53 42 734157 0 0 0
900 563 52 36 709211 0 0 0
1142 627 58 37 431502 0 0 0
945 367 47 27 604880 0 0 0
-873 -677 43 47 449783 0 0 0
-1090 -446 61 35 536194 0 0 0
-1186 -511 34 40 357926 0 0 0
-1079 -736 36 40 697865 0 0 0
-1178 -601 55 33 322326 0 0 0
-1376 -381 38 32 553740 0 0 0
-1178 -523 61 49 468475 0 0 0
-1127 -341 46 41 314753 0 0 0
-1138 -480 45 29 211710 0 0 0
-1065 -470 62 31 400209 0 0 0
-901 -252 60 27 794631 0 0 0
-999 -407 46 32 214246 0 0 0
