1200
-206 -390 51 29 305046 0 0 0
-75 -608 34 28 200482 0 0 0
-163 -675 45 27 651585 0 0 0
-209 -564 49 47 398579 0 0 0
-117 -692 58 39 681655 0 0 0
-102 -924 53 36 878982 0 0 0
158 -800 55 43 544523 0 0 0
150 -877 44 30 200125 0 0 0
415 -1162 47 40 349927 0 0 0
650 -1447 51 31 486561 0 0 0
917 -1604 53 33 779532 0 0 0
819 -1784 57 27 985978 0 0 0
604 -2072 59 42 910288 0 0 0
741 -2295 46 40 268350 0 0 0
910 -2268 47 46 286990 0 0 0
955 -2472 50 45 501890 0 0 0
955 -2219 62 46 783745 0 0 0
1060 -2077 33 52 397671 0 0 0
845 -2361 35 49 729367 0 0 0
785 -2163 40 41 165141 0 0 0
554 -2068 45 27 831439 0 0 0
749 -1918 67 54 556142 0 0 0
797 -1900 44 49 107804 0 0 0
851 -1755 37 27 704926 0 0 0
735 -1842 54 31 677781 0 0 0
537 -2070 40 47 917479 0 0 0
364 -2102 46 34 950677 0 0 0
121 -2337 38 33 843002 0 0 0
348 -2431 53 32 774075 0 0 0
299 -2436 52 27 438650 0 0 0
113 -2722 64 41 355998 0 0 0
46 -2744 48 49 739220 0 0 0
-237 -3040 44 38 847260 0 0 0
-324 -3081 41 43 201086 0 0 0
-469 -2852 34 33 315442 0 0 0
-513 -3099 33 30 614129 0 0 0
-473 -2976 41 48 168424 0 0 0
-713 -3199 54 29 418326 0 0 0
-822 -3080 43 29 561420 0 0 0
-812 -3348 39 38 574178 0 0 0
-980 -3194 49 33 572571 0 0 0
-1127 -3269 47 44 435980 0 0 0
-1390 -2969 61 35 655493 0 0 0
-1319 -2904 54 36 986079 0 0 0
-1292 -2910 60 46 522937 0 0 0
-1503 -2967 38 41 671325 0 0 0
-1672 -2893 43 46 873475 0 0 0
-1786 -2887 53 40 227767 0 0 0
-1675 -2782 62 49 896809 0 0 0
-1451 -2927 43 50 195127 0 0 0
-1417 -2932 60 37 128982 0 0 0
-1159 -2808 38 36 499906 0 0 0
-1231 -3042 39 49 766899 0 0 0
-1504 -3153 54 34 576181 0 0 0
791 -491 46 44 461136 0 0 0
959 -687 42 40 794094 0 0 0
697 -468 57 48 696845 0 0 0
790 -384 46 38 125080 0 0 0
537 -314 57 37 998322 0 0 0
783 -225 63 30 863329 0 0 0
540 -425 46 45 768055 0 0 0
242 -272 45 40 180451 0 0 0
512 26 48 35 755832 0 0 0
389 -50 41 37 174798 0 0 0
101 13 66 44 451370 0 0 0
-186 229 36 33 863754 0 0 0
-433 163 67 27 660610 0 0 0
-704 53 64 42 448806 0 0 0
-976 -216 62 43 696153 0 0 0
-1194 -51 52 48 802549 0 0 0
-1491 -200 44 49 448039 0 0 0
-1263 -287 37 53 846609 0 0 0
-1110 -516 35 46 630208 0 0 0
-1040 -522 38 43 571888 0 0 0
-906 -264 62 38 316807 0 0 0
-861 -212 35 27 194987 0 0 0
-651 -157 61 44 505427 0 0 0
-617 -67 57 45 400598 0 0 0
-604 -118 33 30 116934 0 0 0
-437 160 67 51 176739 0 0 0
-469 356 63 35 423360 0 0 0
-421 533 34 52 775082 0 0 0
-192 301 36 37 732836 0 0 0
-240 375 55 40 258313 0 0 0
-5 141 66 42 535375 0 0 0
-113 2 61 49 619229 0 0 0
-197 34 60 51 154015 0 0 0
-104 -239 64 30 996375 0 0 0
-188 -536 54 44 648499 0 0 0
-94 -364 47 31 597810 0 0 0
-115 -282 60 28 142053 0 0 0
941 -505 43 52 429132 0 0 0
762 -707 63 53 212690 0 0 0
834 -709 67 43 983963 0 0 0
684 -697 41 31 874549 0 0 0
634 -961 38 41 409407 0 0 0
674 -752 58 53 854710 0 0 0
932 -1038 35 48 911701 0 0 0
1123 -1081 65 40 953359 0 0 0
1406 -1134 45 52 251878 0 0 0
1202 -1418 50 53 592845 0 0 0
903 -1560 37 46 847965 0 0 0
946 -1292 56 27 271524 0 0 0
664 -1524 33 39 896292 0 0 0
961 -1394 66 47 941683 0 0 0
993 -1141 65 47 295734 0 0 0
760 -1210 34 35 665317 0 0 0
1051 -1093 52 38 754679 0 0 0
1235 -856 45 27 728412 0 0 0
959 -835 46 41 795957 0 0 0
834 -1074 37 47 389765 0 0 0
826 -994 33 44 515428 0 0 0
1061 -1053 60 53 239693 0 0 0
965 -1286 60 51 785671 0 0 0
939 -1567 64 40 448662 0 0 0
964 -1484 36 31 243000 0 0 0
951 -1550 36 37 241367 0 0 0
841 -1534 58 35 533878 0 0 0
947 -1353 44 37 491007 0 0 0
957 -1107 49 47 527799 0 0 0
724 -1149 45 39 543104 0 0 0
497 -1054 58 35 547424 0 0 0
396 -887 58 38 603954 0 0 0
393 -869 55 52 144432 0 0 0
411 -747 47 44 325908 0 0 0
279 -626 38 43 828980 0 0 0
98 -733 42 53 541959 0 0 0
259 -623 62 40 341492 0 0 0
177 -836 57 44 667987 0 0 0
-15 -544 67 43 172123 0 0 0
244 -515 49 41 417329 0 0 0
488 -274 46 36 106169 0 0 0
596 -30 39 42 500891 0 0 0
488 -45 49 47 505085 0 0 0
775 -263 42 46 873219 0 0 0
723 -174 45 39 422294 0 0 0
593 -321 56 53 699001 0 0 0
798 -44 50 27 316785 0 0 0
715 76 57 38 914025 0 0 0
767 -218 51 41 384226 0 0 0
493 47 57 46 887324 0 0 0
323 15 65 29 210633 0 0 0
458 -146 43 52 954850 0 0 0
208 -947 55 30 707067 0 0 0
22 -1245 53 54 630412 0 0 0
136 -1448 46 31 965384 0 0 0
-114 -1151 56 30 608743 0 0 0
-124 -1354 44 46 747508 0 0 0
-345 -1500 56 43 992668 0 0 0
-412 -1446 51 39 879485 0 0 0
-692 -1500 60 27 277981 0 0 0
-903 -1678 42 28 440497 0 0 0
-1073 -1561 33 44 731033 0 0 0
-993 -1575 57 29 627226 0 0 0
-1240 -1368 58 47 428696 0 0 0
-940 -1255 63 52 756145 0 0 0
-1112 -957 39 40 668531 0 0 0
-1227 -790 67 51 295767 0 0 0
-987 -562 37 37 434920 0 0 0
-1235 -543 53 51 856826 0 0 0
-1036 -461 64 34 612230 0 0 0
-1247 -203 63 54 983067 0 0 0
-1452 -19 44 31 837445 0 0 0
-1231 253 55 36 856041 0 0 0
-1281 423 44 29 991425 0 0 0
-1044 134 56 32 844193 0 0 0
-851 410 63 45 897329 0 0 0
-836 341 46 33 833062 0 0 0
-858 206 35 27 922350 0 0 0
-1018 107 47 53 483076 0 0 0
-1062 84 45 43 650947 0 0 0
-1244 -215 36 51 267934 0 0 0
-976 -142 61 30 423375 0 0 0
-1215 -386 54 27 960316 0 0 0
-1232 -470 46 38 664512 0 0 0
-1171 -419 56 31 319277 0 0 0
-1138 -211 35 41 260812 0 0 0
-1308 -374 36 47 140864 0 0 0
-1264 -381 50 29 303887 0 0 0
-890 -32 40 37 136006 0 0 0
-744 -289 43 35 235286 0 0 0
-581 -87 33 28 827420 0 0 0
-649 -325 51 48 588689 0 0 0
-684 -561 38 27 250356 0 0 0
-391 -783 34 38 729539 0 0 0
-172 -549 65 32 209095 0 0 0
-222 -583 44 47 264186 0 0 0
-144 -404 64 48 887227 0 0 0
-191 -149 38 46 739334 0 0 0
-40 -427 49 36 206200 0 0 0
-56 -345 35 34 720086 0 0 0
-89 -255 35 33 667904 0 0 0
5 -414 61 51 791745 0 0 0
251 -205 57 28 265050 0 0 0
529 21 57 31 975888 0 0 0
798 -197 58 48 369935 0 0 0
596 -192 62 42 223596 0 0 0
317 63 47 28 534759 0 0 0
72 227 44 45 326998 0 0 0
202 421 67 46 204595 0 0 0
322 588 44 49 982728 0 0 0
382 524 55 47 722271 0 0 0
625 243 35 36 643223 0 0 0
810 123 36 48 360642 0 0 0
827 -56 39 37 960791 0 0 0
705 -173 48 35 754664 0 0 0
929 -83 35 36 274123 0 0 0
1050 -356 42 33 875421 0 0 0
779 -552 51 28 180151 0 0 0
656 -413 39 48 156705 0 0 0
356 -529 42 50 400365 0 0 0
115 -293 53 46 521537 0 0 0
265 -234 46 33 423898 0 0 0
451 -52 51 41 318259 0 0 0
250 40 62 30 796971 0 0 0
107 199 56 54 746485 0 0 0
-55 482 64 54 763385 0 0 0
-30 618 36 30 601825 0 0 0
251 363 54 49 728908 0 0 0
84 501 50 40 988310 0 0 0
274 524 40 27 148382 0 0 0
935 -937 60 50 541511 0 0 0
1175 -707 33 53 234964 0 0 0
1279 -976 45 40 202090 0 0 0
1115 -797 61 38 126336 0 0 0
1049 -960 57 40 195016 0 0 0
991 -1242 40 32 309100 0 0 0
1082 -1292 39 52 424151 0 0 0
1283 -1476 54 41 369839 0 0 0
1066 -1762 56 51 269553 0 0 0
1094 -1498 63 44 578948 0 0 0
1008 -1256 44 37 482415 0 0 0
881 -1060 40 39 261270 0 0 0
1086 -874 55 53 340281 0 0 0
786 -890 63 41 314186 0 0 0
635 -777 64 51 121350 0 0 0
352 -681 40 48 777644 0 0 0
434 -657 51 52 922047 0 0 0
147 -747 61 27 250031 0 0 0
308 -997 34 50 389818 0 0 0
107 -1212 47 52 775256 0 0 0
399 -928 51 52 179449 0 0 0
494 -726 50 27 151962 0 0 0
721 -508 43 43 972799 0 0 0
947 -726 39 30 700263 0 0 0
1173 -785 42 28 527740 0 0 0
920 -523 67 48 169378 0 0 0
1155 -471 37 27 475432 0 0 0
1227 -380 59 34 732175 0 0 0
1265 -633 61 37 979156 0 0 0
1072 -676 40 43 932524 0 0 0
1123 -697 34 40 926341 0 0 0
971 -630 52 44 729190 0 0 0
1143 -705 33 29 480424 0 0 0
1379 -609 64 35 652842 0 0 0
1569 -355 52 33 142438 0 0 0
1298 -452 47 32 280833 0 0 0
1561 -264 62 28 358094 0 0 0
1848 -201 64 30 460070 0 0 0
1857 -352 40 40 397522 0 0 0
1618 -144 64 45 749716 0 0 0
1559 -400 67 34 773991 0 0 0
1491 -576 61 33 100480 0 0 0
1546 -430 35 29 568609 0 0 0
1383 -381 67 29 916176 0 0 0
1594 -518 61 33 710959 0 0 0
1752 -422 38 49 264392 0 0 0
1907 -310 67 27 288722 0 0 0
1666 -547 67 28 600307 0 0 0
1777 -300 41 52 848256 0 0 0
165 439 45 39 871309 0 0 0
371 410 33 42 413205 0 0 0
620 327 41 51 296755 0 0 0
503 126 60 31 701328 0 0 0
668 -115 46 46 665502 0 0 0
694 -101 35 47 529644 0 0 0
441 0 61 51 967318 0 0 0
586 -263 51 33 497390 0 0 0
361 -362 48 27 828384 0 0 0
457 -306 45 40 716941 0 0 0
349 -561 38 46 564425 0 0 0
605 -829 56 27 607387 0 0 0
709 -1062 54 33 493223 0 0 0
766 -1339 44 49 351622 0 0 0
1027 -1356 37 36 264442 0 0 0
789 -1138 64 44 960143 0 0 0
515 -1026 46 51 935971 0 0 0
651 -872 52 47 731726 0 0 0
876 -1152 51 34 221762 0 0 0
732 -1431 59 35 768704 0 0 0
744 -1221 52 38 698293 0 0 0
871 -1470 43 27 708401 0 0 0
1097 -1208 36 49 494166 0 0 0
1381 -909 61 54 608625 0 0 0
1540 -683 35 36 350744 0 0 0
1330 -839 45 41 865866 0 0 0
1310 -968 64 38 138219 0 0 0
1100 -1231 56 50 788906 0 0 0
957 -1105 33 45 386997 0 0 0
1212 -1255 54 32 397774 0 0 0
1215 -1218 46 37 274419 0 0 0
1458 -1065 43 32 367005 0 0 0
1621 -821 53 54 922005 0 0 0
1324 -592 37 35 632260 0 0 0
1285 -312 61 29 498305 0 0 0
1078 -410 37 35 734340 0 0 0
1325 -278 62 31 728753 0 0 0
1525 -257 38 42 507854 0 0 0
1272 -344 49 50 244914 0 0 0
1025 -468 45 44 698945 0 0 0
1032 -283 51 53 307373 0 0 0
1244 -159 36 32 964797 0 0 0
1443 -68 37 28 584294 0 0 0
1403 223 55 46 374933 0 0 0
1463 306 66 36 651425 0 0 0
1470 263 64 38 969246 0 0 0
1421 376 46 51 695565 0 0 0
1486 170 56 38 513179 0 0 0
1196 162 35 52 805775 0 0 0
1278 354 51 53 394401 0 0 0
1347 260 59 48 577913 0 0 0
1575 3 58 40 395370 0 0 0
1758 109 44 49 118855 0 0 0
1818 302 37 48 872020 0 0 0
2053 459 37 46 831598 0 0 0
1904 164 50 54 596322 0 0 0
2108 291 34 44 999918 0 0 0
2342 477 46 51 317377 0 0 0
2146 487 38 52 257379 0 0 0
1875 313 48 40 544584 0 0 0
1936 383 38 52 426052 0 0 0
1784 218 42 52 777061 0 0 0
1739 95 60 35 286850 0 0 0
706 -84 49 47 515084 0 0 0
603 95 60 37 949661 0 0 0
800 202 62 32 407116 0 0 0
934 -71 63 46 861839 0 0 0
1111 -34 50 32 298544 0 0 0
1268 102 42 44 510052 0 0 0
1391 25 47 41 768506 0 0 0
1449 24 65 27 606173 0 0 0
1670 282 60 42 876337 0 0 0
1656 518 33 31 686854 0 0 0
1711 547 36 46 690339 0 0 0
1486 550 44 34 323660 0 0 0
1289 554 38 43 836584 0 0 0
1106 491 54 49 867606 0 0 0
886 413 43 27 981734 0 0 0
864 195 40 33 983175 0 0 0
918 37 60 54 983899 0 0 0
1047 141 56 36 258010 0 0 0
1123 54 51 39 435965 0 0 0
1295 -191 45 37 403637 0 0 0
1329 -47 37 42 872405 0 0 0
1418 -261 33 52 765093 0 0 0
1542 -339 50 31 932849 0 0 0
1430 -615 39 53 193296 0 0 0
1381 -330 36 53 360500 0 0 0
1585 -522 35 41 229336 0 0 0
1490 -543 46 47 910812 0 0 0
1576 -370 54 51 817755 0 0 0
1799 -515 44 43 103370 0 0 0
-489 -846 56 39 673045 0 0 0
-734 -594 62 42 534093 0 0 0
-1024 -576 62 37 245428 0 0 0
-1195 -337 34 51 286446 0 0 0
-974 -423 40 50 267836 0 0 0
-1210 -301 56 30 756958 0 0 0
-1054 -229 60 31 117503 0 0 0
-918 -408 34 49 103274 0 0 0
-724 -453 34 40 350674 0 0 0
-510 -504 62 27 308174 0 0 0
-635 -584 63 43 487977 0 0 0
-580 -674 48 48 847660 0 0 0
-321 -852 65 29 244666 0 0 0
-392 -919 60 45 481481 0 0 0
-626 -1096 65 53 307499 0 0 0
-332 -1124 44 39 137424 0 0 0
-523 -1225 42 35 664998 0 0 0
-686 -929 49 38 232574 0 0 0
-813 -841 43 37 209657 0 0 0
-1044 -791 61 38 211367 0 0 0
-813 -837 63 32 285785 0 0 0
-975 -673 53 35 747878 0 0 0
-831 -776 50 41 734787 0 0 0
-622 -883 52 34 500158 0 0 0
-486 -774 44 41 326413 0 0 0
-226 -1023 49 36 770712 0 0 0
-9 -981 46 53 205830 0 0 0
143 -1062 60 52 276659 0 0 0
7 -1255 52 50 291872 0 0 0
-15 -1529 56 46 727209 0 0 0
-108 -1689 58 38 720312 0 0 0
-273 -1696 58 52 347367 0 0 0
-165 -1697 42 50 939914 0 0 0
-225 -1842 44 52 543093 0 0 0
-323 -1548 47 32 443878 0 0 0
-476 -1423 66 41 145903 0 0 0
-455 -1372 50 41 445401 0 0 0
-643 -1095 34 46 517439 0 0 0
-831 -1050 53 48 685049 0 0 0
959 -393 52 54 578466 0 0 0
836 -96 55 27 115793 0 0 0
1120 -151 66 30 697153 0 0 0
1135 13 52 31 477630 0 0 0
1289 217 60 37 916414 0 0 0
1521 318 58 54 980952 0 0 0
1595 348 36 44 243335 0 0 0
1397 511 63 33 390992 0 0 0
1497 749 48 48 540711 0 0 0
1477 547 52 42 903531 0 0 0
1501 813 62 30 353124 0 0 0
1473 695 34 33 278472 0 0 0
1573 853 47 52 218228 0 0 0
1320 1124 36 31 620541 0 0 0
1573 1212 57 44 904743 0 0 0
1606 1472 37 40 739565 0 0 0
1646 1611 45 40 775571 0 0 0
1366 1853 53 40 358575 0 0 0
1255 1984 65 54 898039 0 0 0
1072 1834 44 45 829170 0 0 0
1237 1538 53 45 530895 0 0 0
1028 1308 50 32 391105 0 0 0
977 1568 63 47 739441 0 0 0
1174 1698 52 27 534457 0 0 0
963 1769 42 41 278090 0 0 0
1191 1748 67 31 197043 0 0 0
1281 1951 35 52 600645 0 0 0
1051 2246 44 31 791359 0 0 0
1129 2363 60 38 944775 0 0 0
1177 2412 61 46 897578 0 0 0
1260 2434 60 45 102920 0 0 0
1297 2677 58 52 760508 0 0 0
1031 2850 33 39 513855 0 0 0
1006 2697 39 50 676655 0 0 0
1233 2817 49 54 396236 0 0 0
1517 2661 60 38 923305 0 0 0
1720 2484 65 38 835934 0 0 0
1759 2385 40 30 171151 0 0 0
1825 2495 43 37 105503 0 0 0
2006 2346 47 37 962245 0 0 0
2208 2091 45 51 559223 0 0 0
2012 2181 63 45 201595 0 0 0
1927 1998 40 29 562535 0 0 0
-934 -254 60 42 333723 0 0 0
-935 -349 49 46 862950 0 0 0
-1055 -140 35 39 800072 0 0 0
-1039 -222 46 29 385838 0 0 0
-815 -11 43 50 910068 0 0 0
-1058 268 45 42 713540 0 0 0
-1146 45 51 54 637673 0 0 0
-1349 -87 61 45 878036 0 0 0
-1109 83 54 38 640135 0 0 0
-1026 69 59 41 533913 0 0 0
-1279 -133 36 45 865712 0 0 0
-1485 117 51 53 377505 0 0 0
-1611 49 45 45 932262 0 0 0
-1888 338 37 54 298639 0 0 0
-1789 432 50 43 153036 0 0 0
-1704 351 58 37 216531 0 0 0
-1692 506 58 30 341539 0 0 0
-1656 335 40 33 215717 0 0 0
-1929 229 61 29 396221 0 0 0
-1979 121 45 42 815534 0 0 0
-2275 83 54 37 603535 0 0 0
-2444 -109 64 38 793609 0 0 0
-2277 114 39 53 412216 0 0 0
-2324 41 38 51 552584 0 0 0
-2132 230 57 53 433334 0 0 0
-2335 -63 59 31 402680 0 0 0
-2562 105 36 32 506439 0 0 0
-2563 243 40 43 941262 0 0 0
-2471 278 43 54 614010 0 0 0
-2175 549 45 50 122973 0 0 0
-2066 577 51 31 142773 0 0 0
-2078 863 55 28 292746 0 0 0
-2105 850 47 35 514359 0 0 0
-2112 1033 59 53 523419 0 0 0
-1862 1147 39 30 128016 0 0 0
-1667 991 48 31 802393 0 0 0
-1618 757 53 46 445807 0 0 0
-1585 822 45 34 921678 0 0 0
-1325 813 55 31 773451 0 0 0
-1186 928 40 47 690002 0 0 0
-1205 1085 49 27 672284 0 0 0
-1055 1214 43 38 176291 0 0 0
-1222 1401 56 36 623834 0 0 0
-958 -254 57 50 295817 0 0 0
-877 -469 60 51 393615 0 0 0
-700 -345 55 40 167421 0 0 0
-621 -324 55 51 561804 0 0 0
-718 -223 56 51 226956 0 0 0
-857 -387 61 49 894189 0 0 0
-982 -662 56 48 658365 0 0 0
-1162 -856 33 37 924567 0 0 0
-1057 -720 36 30 610664 0 0 0
-785 -653 62 38 395430 0 0 0
-575 -492 42 49 482759 0 0 0
-870 -609 63 51 992026 0 0 0
-613 -572 57 31 747446 0 0 0
-746 -622 48 27 778276 0 0 0
-937 -340 58 29 674399 0 0 0
-842 -83 54 37 436477 0 0 0
-972 85 54 27 317093 0 0 0
-1091 269 33 32 494657 0 0 0
-984 374 37 27 247591 0 0 0
-1207 421 36 32 803217 0 0 0
-1271 258 49 37 592190 0 0 0
-1286 461 53 52 332938 0 0 0
-1273 567 33 35 820478 0 0 0
-1041 647 66 35 943682 0 0 0
-847 491 61 54 199870 0 0 0
-793 307 54 37 463749 0 0 0
-1045 123 41 29 615685 0 0 0
-1319 79 33 54 653356 0 0 0
-1602 258 65 47 443223 0 0 0
-1656 343 63 44 211314 0 0 0
-1953 567 61 28 112924 0 0 0
-1719 841 62 34 632991 0 0 0
-1767 966 48 35 710242 0 0 0
-1911 812 55 40 455517 0 0 0
-1918 777 45 30 739389 0 0 0
-1859 842 53 41 899526 0 0 0
-2022 728 42 35 105079 0 0 0
-1787 759 63 43 444395 0 0 0
-2067 810 36 30 168923 0 0 0
-2070 733 63 53 306217 0 0 0
-2187 498 37 43 936797 0 0 0
-2414 453 50 27 416748 0 0 0
-2447 433 57 42 367083 0 0 0
-2484 439 62 47 511611 0 0 0
-2219 718 61 40 617174 0 0 0
-2408 611 66 44 454950 0 0 0
-2665 756 47 41 326102 0 0 0
-2823 697 52 29 989632 0 0 0
-2874 849 42 27 759648 0 0 0
-2942 1083 64 52 622591 0 0 0
-2748 1074 52 27 882600 0 0 0
-2573 789 53 35 876719 0 0 0
-2758 558 48 29 463465 0 0 0
-3025 816 45 38 158232 0 0 0
-3224 712 55 51 568952 0 0 0
-3446 634 61 29 658028 0 0 0
-3462 353 40 28 642986 0 0 0
-3175 601 39 29 609984 0 0 0
-3131 476 47 27 861717 0 0 0
-3165 254 52 53 154235 0 0 0
-3399 258 53 53 284139 0 0 0
-3148 30 58 31 592093 0 0 0
-3000 115 35 41 513772 0 0 0
-3235 306 67 42 443402 0 0 0
-3079 480 42 27 305012 0 0 0
-3213 347 45 41 478592 0 0 0
1158 -163 54 43 873327 0 0 0
1175 -361 60 41 165159 0 0 0
1370 -572 33 32 283099 0 0 0
1075 -404 58 50 880610 0 0 0
1359 -284 59 43 109861 0 0 0
1198 -11 38 35 404341 0 0 0
1317 32 39 54 683142 0 0 0
1304 208 44 54 500520 0 0 0
1261 358 53 46 566822 0 0 0
1397 384 39 38 312728 0 0 0
1548 543 61 31 675274 0 0 0
1649 445 53 35 273391 0 0 0
1800 512 51 34 844542 0 0 0
1518 627 34 44 681519 0 0 0
1573 408 38 41 544547 0 0 0
1828 461 37 51 786376 0 0 0
1628 735 47 43 900459 0 0 0
1617 1026 44 31 715753 0 0 0
1733 975 58 54 661837 0 0 0
1772 772 45 29 626978 0 0 0
-777 159 40 39 811961 0 0 0
-551 423 34 46 748671 0 0 0
-331 692 34 36 420254 0 0 0
-235 533 45 30 937017 0 0 0
-410 504 38 51 884238 0 0 0
-142 246 60 49 161627 0 0 0
-163 307 46 35 499661 0 0 0
-110 -819 66 35 404111 0 0 0
175 -1100 50 48 414562 0 0 0
59 -1026 44 32 723852 0 0 0
269 -979 52 52 896768 0 0 0
140 -1179 37 53 154130 0 0 0
90 -1225 67 37 422519 0 0 0
198 -1034 58 36 325600 0 0 0
379 -1134 43 46 517965 0 0 0
499 -1005 66 50 247883 0 0 0
315 -1147 58 30 302857 0 0 0
251 -1321 38 27 885613 0 0 0
424 -1201 63 28 744707 0 0 0
646 -1254 56 32 733157 0 0 0
881 -1016 55 29 415144 0 0 0
1123 -1203 47 54 294243 0 0 0
905 -1048 35 51 523912 0 0 0
1147 -1104 37 44 429108 0 0 0
1332 -1306 46 30 945086 0 0 0
1354 -1018 52 34 600810 0 0 0
1184 -1142 62 44 755488 0 0 0
1299 -1120 37 32 652310 0 0 0
1591 -1379 37 47 422195 0 0 0
1889 -1563 48 50 280624 0 0 0
1688 -1782 60 40 906327 0 0 0
1577 -1570 58 47 876575 0 0 0
1394 -1402 62 36 992290 0 0 0
1657 -1569 48 30 430143 0 0 0
1492 -1305 42 32 185387 0 0 0
1617 -1482 39 34 857091 0 0 0
1427 -1370 46 50 128370 0 0 0
1460 -1136 44 42 679276 0 0 0
1511 -1054 60 48 328905 0 0 0
1382 -1340 44 53 334623 0 0 0
1647 -1259 67 49 467134 0 0 0
1900 -1362 46 46 872881 0 0 0
2120 -1512 67 53 225245 0 0 0
1879 -1794 38 44 455590 0 0 0
1932 -2073 59 44 674974 0 0 0
1835 -2267 43 41 453475 0 0 0
1630 -2314 44 49 905272 0 0 0
1386 -2303 36 30 365458 0 0 0
1574 -2389 55 43 943659 0 0 0
1688 -2306 41 48 902676 0 0 0
1388 -2481 65 31 530752 0 0 0
1275 -2770 62 38 767305 0 0 0
1027 -2773 37 50 502346 0 0 0
242 -388 37 35 210176 0 0 0
356 -611 59 30 969240 0 0 0
555 -325 59 37 989664 0 0 0
509 -575 56 28 378411 0 0 0
460 -816 62 33 727113 0 0 0
181 -993 52 52 503123 0 0 0
97 -1214 42 31 179319 0 0 0
348 -1307 40 46 710007 0 0 0
105 -1398 39 45 824962 0 0 0
47 -1552 55 32 713188 0 0 0
324 -1616 48 39 850507 0 0 0
336 -1421 43 51 501211 0 0 0
619 -1448 46 27 855083 0 0 0
725 -1370 37 47 473784 0 0 0
743 -1085 47 48 847559 0 0 0
868 -1243 56 27 880265 0 0 0
1126 -1329 36 45 235621 0 0 0
1055 -1290 44 48 109145 0 0 0
1250 -1257 52 48 401598 0 0 0
1018 -1083 43 33 635810 0 0 0
1097 -1361 41 39 115270 0 0 0
896 -1110 33 36 521203 0 0 0
852 -857 56 48 528568 0 0 0
563 -565 45 45 394871 0 0 0
374 -607 51 33 115092 0 0 0
437 -546 56 37 412390 0 0 0
656 -388 49 35 880766 0 0 0
919 -270 56 31 956528 0 0 0
945 -547 63 34 816330 0 0 0
779 -465 35 27 296119 0 0 0
956 -184 62 54 935686 0 0 0
1094 -216 38 27 854824 0 0 0
1149 -32 42 54 417230 0 0 0
986 228 37 43 286276 0 0 0
764 124 62 43 951423 0 0 0
501 334 47 35 852131 0 0 0
306 496 65 51 628913 0 0 0
265 245 54 43 390819 0 0 0
324 419 40 50 752055 0 0 0
276 378 39 47 814402 0 0 0
140 491 42 27 671815 0 0 0
7 227 66 44 756957 0 0 0
288 65 56 50 599170 0 0 0
462 215 44 39 907726 0 0 0
466 184 67 51 924781 0 0 0
680 166 61 45 119518 0 0 0
584 164 48 31 295437 0 0 0
570 370 57 43 438305 0 0 0
708 586 66 27 968910 0 0 0
419 550 52 46 838519 0 0 0
207 679 55 42 514171 0 0 0
301 777 62 36 492378 0 0 0
435 933 53 31 688981 0 0 0
647 787 40 34 509716 0 0 0
866 570 64 49 693047 0 0 0
871 487 40 28 902975 0 0 0
685 246 50 29 915522 0 0 0
665 146 37 33 434891 0 0 0
825 297 42 49 156131 0 0 0
730 373 41 53 709613 0 0 0
514 -1001 36 54 352233 0 0 0
489 -997 56 54 224139 0 0 0
223 -993 35 46 295905 0 0 0
435 -745 65 37 838166 0 0 0
387 -816 41 28 424440 0 0 0
610 -994 35 39 399040 0 0 0
608 -1286 37 35 302019 0 0 0
465 -1121 54 40 838828 0 0 0
701 -1275 62 29 615034 0 0 0
448 -1302 35 42 153501 0 0 0
245 -1199 45 34 539758 0 0 0
322 -1092 42 42 939677 0 0 0
261 -1070 37 28 163376 0 0 0
362 -945 54 30 669741 0 0 0
-369 -837 63 29 588185 0 0 0
-407 -780 46 40 212273 0 0 0
-229 -836 48 34 491659 0 0 0
-312 -852 57 41 610077 0 0 0
-541 -1152 53 46 940741 0 0 0
-515 -1387 56 44 596249 0 0 0
613 355 52 46 565322 0 0 0
387 284 50 44 695232 0 0 0
118 497 60 28 565760 0 0 0
386 639 47 47 455147 0 0 0
666 911 56 35 828379 0 0 0
744 1199 53 30 397232 0 0 0
458 1417 38 29 665143 0 0 0
629 1659 42 53 810247 0 0 0
-480 -373 57 32 843261 0 0 0
-413 -607 57 45 798156 0 0 0
-154 -508 55 49 377328 0 0 0
-317 -785 36 41 517108 0 0 0
-300 -921 56 41 768853 0 0 0
-263 -632 64 48 716444 0 0 0
-167 -874 53 41 297865 0 0 0
-152 -921 45 53 912708 0 0 0
107 -1028 53 34 666317 0 0 0
-126 -1300 60 46 100005 0 0 0
163 -1230 57 41 846763 0 0 0
81 -1119 46 44 568966 0 0 0
277 -1076 59 36 592066 0 0 0
545 -1139 66 32 312263 0 0 0
494 -1291 39 31 531601 0 0 0
223 -1538 59 37 283400 0 0 0
380 -1590 41 32 158261 0 0 0
534 -1346 46 48 162007 0 0 0
572 -1622 47 38 473046 0 0 0
503 -1920 38 51 958356 0 0 0
304 -2031 59 47 436701 0 0 0
264 -1951 39 43 800289 0 0 0
932 647 45 35 154988 0 0 0
737 725 64 38 613997 0 0 0
762 926 55 43 764483 0 0 0
819 735 36 41 392893 0 0 0
911 934 47 52 661450 0 0 0
838 859 49 36 132132 0 0 0
629 858 61 31 740287 0 0 0
481 790 61 40 948568 0 0 0
240 1079 57 28 973446 0 0 0
420 1330 33 46 914537 0 0 0
177 1229 56 39 274913 0 0 0
152 1312 36 49 283391 0 0 0
-46 1403 43 46 299125 0 0 0
-263 1450 51 53 822538 0 0 0
-228 1315 65 48 264402 0 0 0
-231 1544 62 41 498755 0 0 0
27 1772 56 37 405758 0 0 0
-86 1694 64 36 172457 0 0 0
-386 1910 56 45 231515 0 0 0
-100 2028 35 38 158642 0 0 0
-65 2205 58 39 511915 0 0 0
-202 1983 33 51 554731 0 0 0
-12 2012 62 38 860834 0 0 0
216 1764 67 54 360905 0 0 0
-21 1937 58 32 850516 0 0 0
-257 2160 44 48 693267 0 0 0
-359 2142 59 49 845837 0 0 0
-267 2117 38 54 888722 0 0 0
-227 2206 48 35 479906 0 0 0
-495 2368 45 46 961130 0 0 0
-597 2336 44 28 521265 0 0 0
-776 2612 47 44 564420 0 0 0
-1057 2882 45 52 931545 0 0 0
-806 2795 44 29 625348 0 0 0
-1054 3084 44 49 916379 0 0 0
-764 3244 44 29 565072 0 0 0
-1021 3096 37 34 598217 0 0 0
-876 3189 66 35 464535 0 0 0
-1117 2981 54 48 522969 0 0 0
-1394 3191 62 37 862709 0 0 0
-1574 3457 52 43 911562 0 0 0
-1431 3306 38 29 498813 0 0 0
-1601 3572 53 53 627141 0 0 0
-1434 3606 47 50 417733 0 0 0
-1333 3758 64 40 133281 0 0 0
-1628 3989 60 40 382437 0 0 0
-1475 4016 62 54 649581 0 0 0
-1240 4297 37 46 778390 0 0 0
-1530 4198 63 49 822683 0 0 0
-1771 4038 58 38 261964 0 0 0
-1728 3882 33 32 141138 0 0 0
-1851 3688 34 30 215603 0 0 0
-1916 3490 64 51 687813 0 0 0
-1812 3759 38 40 832736 0 0 0
-1877 4004 59 34 619202 0 0 0
-1677 3892 51 27 351822 0 0 0
-1613 4040 60 53 697962 0 0 0
-1362 4305 61 27 311058 0 0 0
-1517 4490 35 52 291354 0 0 0
-1472 4686 63 27 468579 0 0 0
-1463 4435 63 27 954143 0 0 0
-1537 4593 47 45 793690 0 0 0
-1403 4407 65 42 780134 0 0 0
-1359 4621 48 47 274301 0 0 0
-502 904 34 35 649111 0 0 0
-434 1040 46 53 223360 0 0 0
-191 1254 42 28 923040 0 0 0
-314 1432 57 31 864219 0 0 0
-584 1599 46 54 626018 0 0 0
-746 1531 41 27 206165 0 0 0
-511 1672 57 50 466776 0 0 0
-694 1789 53 46 219268 0 0 0
-422 2072 45 47 438710 0 0 0
-277 1920 51 31 167016 0 0 0
-550 1811 60 54 560539 0 0 0
-797 1708 49 54 693217 0 0 0
-933 1858 47 28 159945 0 0 0
-872 1812 66 39 510432 0 0 0
-1103 1846 48 44 519808 0 0 0
-1319 1640 43 30 623085 0 0 0
-1262 1366 64 50 421927 0 0 0
-986 1313 33 40 866734 0 0 0
-906 1282 57 42 921022 0 0 0
-1176 1490 59 41 260395 0 0 0
-1073 1603 57 32 579780 0 0 0
-1137 1674 48 28 130135 0 0 0
-1320 1428 34 38 973302 0 0 0
-1103 1181 38 43 848208 0 0 0
-1061 1446 35 48 252882 0 0 0
-1100 1562 35 34 238731 0 0 0
-943 1721 58 52 454812 0 0 0
-740 1510 36 30 678922 0 0 0
-544 1377 65 27 246052 0 0 0
-567 1194 58 53 714573 0 0 0
-856 973 59 38 611687 0 0 0
-589 876 62 37 782918 0 0 0
-604 948 48 49 904576 0 0 0
-690 1232 65 43 722655 0 0 0
-882 1194 56 45 661432 0 0 0
-753 1142 63 38 698265 0 0 0
-679 1368 36 28 800777 0 0 0
-874 1652 63 34 629086 0 0 0
-795 1562 37 44 108941 0 0 0
-592 1316 67 34 932724 0 0 0
-615 1543 52 51 765973 0 0 0
-804 1296 37 33 658480 0 0 0
-560 1413 37 35 161385 0 0 0
-775 1660 37 41 252459 0 0 0
-953 1645 34 27 603428 0 0 0
-931 1793 36 28 689086 0 0 0
-1219 1910 44 27 296150 0 0 0
-1006 1802 59 53 173704 0 0 0
-1184 1597 59 35 865403 0 0 0
-1089 1518 33 33 284521 0 0 0
-970 1386 45 41 514183 0 0 0
-866 1576 42 35 968652 0 0 0
-721 1405 46 51 919115 0 0 0
670 1006 48 33 325413 0 0 0
688 1084 37 53 492094 0 0 0
859 1238 60 35 394222 0 0 0
722 1141 58 45 437153 0 0 0
830 1179 38 48 513978 0 0 0
673 1006 67 54 748096 0 0 0
513 850 63 40 965512 0 0 0
549 734 64 47 854173 0 0 0
565 441 66 34 663283 0 0 0
361 233 59 40 376403 0 0 0
649 36 64 29 608974 0 0 0
844 -69 45 31 243177 0 0 0
1000 -93 41 37 405043 0 0 0
1086 -349 42 44 961485 0 0 0
980 -487 67 34 334508 0 0 0
934 -374 59 49 105042 0 0 0
1090 -226 50 50 862811 0 0 0
1065 -35 67 33 755611 0 0 0
1278 -258 58 47 914055 0 0 0
1573 -87 47 43 969773 0 0 0
1422 -213 51 54 823071 0 0 0
1395 -405 42 41 573601 0 0 0
1256 -344 58 28 752080 0 0 0
1375 -144 37 27 423651 0 0 0
1304 149 37 51 932071 0 0 0
1252 73 45 49 315276 0 0 0
1208 -16 38 51 261681 0 0 0
976 -133 55 51 413493 0 0 0
1135 -71 40 31 525771 0 0 0
1196 -76 43 47 583761 0 0 0
16 -402 58 36 152829 0 0 0
192 -514 51 52 711829 0 0 0
24 -718 38 45 800617 0 0 0
-103 -590 64 43 169273 0 0 0
53 -592 47 53 230777 0 0 0
349 -372 36 51 226740 0 0 0
233 -289 45 52 226636 0 0 0
-47 -364 46 52 851194 0 0 0
-278 -196 51 41 639800 0 0 0
-431 -355 36 37 167884 0 0 0
-689 -460 56 37 708055 0 0 0
-605 -430 52 45 498949 0 0 0
-526 -194 34 40 519274 0 0 0
-560 -71 67 52 858982 0 0 0
-575 -216 65 34 980565 0 0 0
-446 67 39 51 664678 0 0 0
-707 194 54 43 955986 0 0 0
-839 455 44 31 570081 0 0 0
-595 446 37 45 479127 0 0 0
-598 620 58 54 525750 0 0 0
-319 480 54 54 195855 0 0 0
-205 410 66 32 320229 0 0 0
-306 429 57 33 534739 0 0 0
-381 490 64 28 694208 0 0 0
-648 201 64 37 831814 0 0 0
-726 284 65 54 344813 0 0 0
-380 402 61 29 422679 0 0 0
-662 550 45 35 806856 0 0 0
-715 280 65 39 864739 0 0 0
-437 420 39 32 862697 0 0 0
-190 138 57 49 904608 0 0 0
-338 12 67 51 971982 0 0 0
-264 -280 57 27 646035 0 0 0
-510 -373 55 30 590186 0 0 0
-688 -610 61 27 982629 0 0 0
-828 -814 34 44 237800 0 0 0
-1093 -655 49 48 834275 0 0 0
-1246 -798 54 42 368115 0 0 0
-1155 -834 62 52 510585 0 0 0
-1207 -897 52 39 396607 0 0 0
-1227 -686 57 54 505232 0 0 0
-1350 -879 66 34 855850 0 0 0
-1544 -1087 60 41 870099 0 0 0
-1571 -806 33 38 287387 0 0 0
-1646 -556 43 49 429699 0 0 0
-1360 -532 66 52 294936 0 0 0
-1251 -820 42 39 284901 0 0 0
-1463 -899 62 52 899571 0 0 0
-1241 -974 56 49 488319 0 0 0
-1400 -1096 59 48 318903 0 0 0
-1559 -1044 48 37 753964 0 0 0
-1688 -1007 42 52 540814 0 0 0
-1882 -1239 45 30 179281 0 0 0
-1988 -1089 35 29 220978 0 0 0
-2125 -1146 42 35 842131 0 0 0
-2408 -1427 44 37 314500 0 0 0
-2632 -1356 54 38 572222 0 0 0
-2637 -1200 51 54 564891 0 0 0
-2933 -1142 42 49 705465 0 0 0
-2900 -915 62 48 531171 0 0 0
-2953 -884 37 33 122714 0 0 0
-2730 -1101 49 42 871567 0 0 0
-2907 -1357 34 39 263730 0 0 0
-3030 -1351 39 36 112291 0 0 0
-3157 -1551 51 43 921424 0 0 0
-3444 -1370 50 45 425705 0 0 0
-3639 -1632 36 38 897733 0 0 0
-3398 -1676 42 54 620092 0 0 0
-3399 -1630 40 41 972922 0 0 0
-3519 -1530 58 32 379850 0 0 0
-3636 -1236 49 38 155210 0 0 0
-3346 -1463 33 46 209762 0 0 0
-3213 -1194 46 44 955631 0 0 0
-3206 -1027 65 46 717271 0 0 0
695 463 48 35 732520 0 0 0
427 276 61 31 335764 0 0 0
285 186 49 32 803783 0 0 0
584 -43 39 33 542126 0 0 0
658 -240 39 39 548674 0 0 0
517 -450 37 50 803027 0 0 0
760 -495 41 44 858270 0 0 0
1034 -506 35 31 736799 0 0 0
932 -421 52 50 595576 0 0 0
651 -305 66 27 863571 0 0 0
548 -172 54 45 244484 0 0 0
478 -13 50 36 135772 0 0 0
688 -6 35 44 584377 0 0 0
675 238 47 40 269592 0 0 0
933 65 63 27 483532 0 0 0
893 292 41 45 933191 0 0 0
867 14 65 39 985977 0 0 0
1133 -110 41 52 988438 0 0 0
1091 -102 48 36 543135 0 0 0
1269 -212 51 36 113102 0 0 0
-190 -137 54 38 471963 0 0 0
-359 -70 51 42 334647 0 0 0
-80 -204 58 36 219379 0 0 0
91 -270 43 41 348837 0 0 0
338 -94 34 45 302532 0 0 0
442 79 47 27 746942 0 0 0
172 -15 64 44 736093 0 0 0
98 11 66 32 950272 0 0 0
-190 31 40 46 397921 0 0 0
109 -183 51 50 155575 0 0 0
405 -300 50 37 200189 0 0 0
493 -164 62 44 249282 0 0 0
461 -141 48 29 758310 0 0 0
458 -175 44 42 312904 0 0 0
515 -105 43 51 902213 0 0 0
249 184 60 45 499608 0 0 0
11 173 62 39 113945 0 0 0
-42 340 65 44 612449 0 0 0
-335 80 60 40 718651 0 0 0
-349 313 39 36 163625 0 0 0
-355 491 52 36 332131 0 0 0
-298 712 54 48 700906 0 0 0
-7 907 67 39 498801 0 0 0
98 789 53 30 297286 0 0 0
111 792 64 46 293348 0 0 0
357 650 38 32 966070 0 0 0
488 351 47 41 100781 0 0 0
782 525 52 49 387207 0 0 0
909 273 44 27 287633 0 0 0
992 171 37 37 592471 0 0 0
1148 -75 64 47 576721 0 0 0
1237 -291 48 29 740076 0 0 0
1094 -388 43 50 747447 0 0 0
1125 -116 34 35 409078 0 0 0
1359 -78 51 36 915796 0 0 0
1198 -95 36 28 830312 0 0 0
1493 -251 41 45 659464 0 0 0
1620 -131 43 54 401121 0 0 0
1858 -202 56 28 746336 0 0 0
1767 -82 40 35 232360 0 0 0
1915 -46 37 52 827147 0 0 0
1777 200 60 30 708153 0 0 0
1975 453 55 38 657261 0 0 0
1838 704 47 43 506945 0 0 0
2012 754 52 36 423836 0 0 0
2231 535 50 49 436362 0 0 0
2197 747 45 30 621607 0 0 0
2464 669 61 49 434307 0 0 0
2548 769 51 30 478509 0 0 0
2460 942 37 42 182180 0 0 0
2425 869 43 53 996404 0 0 0
2413 1159 46 39 311187 0 0 0
2608 996 57 34 745302 0 0 0
2654 1015 67 49 353937 0 0 0
2441 1080 44 36 723845 0 0 0
2707 1197 62 52 863451 0 0 0
2724 1254 54 53 752360 0 0 0
2693 1298 47 31 530296 0 0 0
562 -855 54 40 254453 0 0 0
798 -603 61 46 865985 0 0 0
499 -351 62 27 969477 0 0 0
776 -114 59 48 435344 0 0 0
681 -15 40 50 605037 0 0 0
665 24 44 49 178700 0 0 0
661 95 33 44 288497 0 0 0
589 260 64 40 210690 0 0 0
865 294 56 50 164615 0 0 0
574 218 40 53 272865 0 0 0
476 -7 57 42 429091 0 0 0
345 150 45 46 719381 0 0 0
123 -126 46 54 698559 0 0 0
261 -156 39 48 682283 0 0 0
255 -3 44 30 533208 0 0 0
463 -299 63 45 247945 0 0 0
211 -443 66 39 797789 0 0 0
265 -412 62 43 134479 0 0 0
547 -612 48 54 292861 0 0 0
454 -618 51 27 116945 0 0 0
237 -525 35 32 481835 0 0 0
493 -706 65 47 992376 0 0 0
792 -706 66 53 825913 0 0 0
537 -940 46 54 125860 0 0 0
390 -1046 61 38 425158 0 0 0
134 -855 66 31 323966 0 0 0
264 -634 45 28 982057 0 0 0
36 -748 49 39 462053 0 0 0
-3 -729 46 34 752553 0 0 0
-111 -957 65 40 897705 0 0 0
831 245 47 51 165931 0 0 0
590 411 54 44 189151 0 0 0
884 306 53 36 495459 0 0 0
634 271 51 29 410608 0 0 0
730 481 67 40 851876 0 0 0
938 549 46 50 563557 0 0 0
870 495 45 43 782485 0 0 0
1108 677 53 35 276972 0 0 0
-880 -193 40 33 527492 0 0 0
-705 -286 62 35 177022 0 0 0
-632 -515 62 27 131942 0 0 0
-880 -735 59 39 921966 0 0 0
-1008 -650 67 46 443933 0 0 0
-1262 -637 64 46 126955 0 0 0
-1340 -730 65 41 488629 0 0 0
-1229 -837 60 39 446847 0 0 0
-1048 -800 60 53 901815 0 0 0
-1275 -846 54 47 955284 0 0 0
-1495 -866 48 33 704413 0 0 0
-1503 -866 56 53 778855 0 0 0
-1300 -1025 59 28 368618 0 0 0
-1496 -728 51 27 119288 0 0 0
-1525 -672 56 51 624112 0 0 0
-1644 -397 61 44 646786 0 0 0
-1799 -687 44 53 550809 0 0 0
-1666 -465 57 44 958079 0 0 0
-1456 -600 65 30 449411 0 0 0
-1215 -492 45 27 598031 0 0 0
-966 -605 41 37 395027 0 0 0
-1025 -665 59 41 541603 0 0 0
-1287 -882 35 44 997510 0 0 0
-1212 -912 60 46 656162 0 0 0
-1483 -930 47 44 262716 0 0 0
-1194 -793 40 40 476848 0 0 0
-1271 -731 53 38 416314 0 0 0
-1353 -558 57 33 792457 0 0 0
-1114 -601 64 37 982836 0 0 0
-1324 -483 54 27 686944 0 0 0
-1365 -460 41 54 850888 0 0 0
-1083 -728 60 51 986377 0 0 0
-800 -868 45 30 224625 0 0 0
-682 -805 52 32 767729 0 0 0
-596 -848 33 42 266204 0 0 0
-366 -710 40 29 887480 0 0 0
-605 -503 54 29 664809 0 0 0
-735 -555 37 41 369008 0 0 0
-890 -832 38 50 951940 0 0 0
-1036 -647 44 38 332836 0 0 0
-1077 -553 62 39 329814 0 0 0
-875 -566 66 36 322646 0 0 0
-754 -429 34 37 308718 0 0 0
-500 -407 67 44 426844 0 0 0
-506 -368 44 54 812286 0 0 0
-667 -183 46 28 123073 0 0 0
-412 12 37 31 658815 0 0 0
-273 -36 44 37 895356 0 0 0
-493 -9 33 45 538852 0 0 0
343 970 67 36 632275 0 0 0
501 867 40 40 149059 0 0 0
654 1004 34 27 410817 0 0 0
554 1005 48 43 325962 0 0 0
723 1063 64 33 653576 0 0 0
789 1263 33 49 719707 0 0 0
916 1534 39 48 928239 0 0 0
1000 1363 40 52 114126 0 0 0
862 1281 45 52 693562 0 0 0
844 1529 44 51 455811 0 0 0
718 1692 58 54 437572 0 0 0
439 1944 35 49 701430 0 0 0
721 2090 64 46 899494 0 0 0
834 2034 35 40 404734 0 0 0
770 2220 42 41 250213 0 0 0
604 2240 35 54 436357 0 0 0
-51 880 46 33 155563 0 0 0
132 698 66 52 913180 0 0 0
382 512 46 28 803384 0 0 0
293 383 44 46 967203 0 0 0
136 661 55 29 856608 0 0 0
142 573 46 42 937548 0 0 0
11 702 62 28 586606 0 0 0
-259 1002 50 44 216467 0 0 0
-314 751 45 37 480356 0 0 0
-111 506 35 39 768006 0 0 0
116 575 54 36 843123 0 0 0
307 356 48 50 545508 0 0 0
228 65 63 51 468443 0 0 0
454 221 43 35 946544 0 0 0
497 -68 62 34 557017 0 0 0
223 -325 48 46 906081 0 0 0
98 -465 48 46 322536 0 0 0
346 -484 37 53 296679 0 0 0
126 -410 33 36 998687 0 0 0
167 -504 51 51 536769 0 0 0
-75 -523 57 32 372998 0 0 0
170 -423 42 54 133086 0 0 0
260 -332 57 49 396367 0 0 0
484 -366 54 45 157900 0 0 0
642 -584 52 34 667830 0 0 0
810 -608 44 49 901549 0 0 0
1010 -646 41 47 584262 0 0 0
1253 -545 62 39 331870 0 0 0
1164 -611 39 54 974408 0 0 0
1046 -319 39 40 182403 0 0 0
1079 -22 57 39 745143 0 0 0
1102 176 59 28 671144 0 0 0
880 387 48 45 470211 0 0 0
856 224 58 31 866207 0 0 0
1002 520 43 33 987632 0 0 0
1102 577 65 30 614942 0 0 0
1145 373 45 53 603888 0 0 0
1140 527 35 45 117144 0 0 0
1165 264 63 52 463392 0 0 0
1423 440 67 29 878200 0 0 0
1170 544 49 37 496069 0 0 0
1108 629 54 37 455830 0 0 0
1374 442 56 40 929483 0 0 0
1369 383 55 29 356946 0 0 0
1622 656 45 38 980756 0 0 0
1413 374 33 42 877049 0 0 0
1279 524 53 30 746079 0 0 0
1375 771 34 28 101791 0 0 0
1384 669 40 31 167533 0 0 0
1288 745 63 44 138693 0 0 0
989 467 42 43 203859 0 0 0
946 250 39 49 156915 0 0 0
673 -48 63 50 684639 0 0 0
753 -124 44 44 646320 0 0 0
480 -65 36 34 737418 0 0 0
228 211 37 42 165285 0 0 0
119 374 37 43 687201 0 0 0
-135 537 42 36 281027 0 0 0
-322 652 63 30 769377 0 0 0
-40 454 60 28 897354 0 0 0
-94 386 64 53 187659 0 0 0
-152 628 52 48 631485 0 0 0
