1300
-555 -142 64 37 970404 0 0 0
-482 -164 42 53 913036 0 0 0
-548 157 36 47 855822 0 0 0
-443 -101 58 52 622128 0 0 0
-290 -272 51 46 298461 0 0 0
-317 -25 49 36 461539 0 0 0
-306 -104 67 36 672879 0 0 0
-555 146 41 52 564422 0 0 0
-857 172 44 52 700745 0 0 0
-533 330 63 51 881109 0 0 0
-318 611 41 37 106299 0 0 0
-189 460 52 37 443576 0 0 0
30 697 67 35 336894 0 0 0
-165 739 53 35 639990 0 0 0
-373 433 56 43 541254 0 0 0
-325 367 57 36 815924 0 0 0
-35 628 43 32 155258 0 0 0
151 599 37 39 769792 0 0 0
-60 352 35 49 490160 0 0 0
-315 97 57 57 468900 0 0 0
-172 -46 43 32 827520 0 0 0
-81 -283 52 46 956756 0 0 0
89 -437 43 36 544007 0 0 0
-212 -737 65 44 414765 0 0 0
-247 -1018 53 30 279852 0 0 0
-488 -1064 64 39 863283 0 0 0
-560 -757 59 55 215446 0 0 0
-697 -893 50 40 307730 0 0 0
-739 -609 42 52 512146 0 0 0
-932 -731 47 38 995724 0 0 0
-1109 -575 57 43 930983 0 0 0
-898 -543 67 45 617597 0 0 0
-772 -332 54 33 430085 0 0 0
-515 -236 56 48 555275 0 0 0
-729 -527 56 51 380635 0 0 0
-747 -615 48 47 797506 0 0 0
-680 -388 55 52 596781 0 0 0
-805 -376 36 38 253481 0 0 0
-1064 -468 37 36 834033 0 0 0
-1078 -280 55 42 885638 0 0 0
-929 -205 66 55 176826 0 0 0
-746 -493 36 28 927674 0 0 0
-572 -181 38 33 530561 0 0 0
-620 -452 64 39 820116 0 0 0
-930 -756 64 43 994614 0 0 0
-1176 -671 64 45 908400 0 0 0
-1482 -416 57 46 964165 0 0 0
-1175 -202 49 57 555735 0 0 0
-947 -427 47 47 115891 0 0 0
-785 -363 61 48 961329 0 0 0
-798 -176 35 35 115253 0 0 0
-1066 -69 37 40 436975 0 0 0
-1007 -250 67 44 938615 0 0 0
-846 -365 64 44 127612 0 0 0
-546 -684 63 47 133449 0 0 0
-398 -736 50 50 249345 0 0 0
-679 -741 65 56 150530 0 0 0
-754 -1053 50 35 270329 0 0 0
-983 -1224 38 34 183296 0 0 0
-730 -985 50 42 696309 0 0 0
-851 -1046 48 39 278774 0 0 0
-933 -1200 44 50 297511 0 0 0
-1167 -1495 59 50 800294 0 0 0
-1441 -1556 51 30 380789 0 0 0
-1639 -1640 67 46 373710 0 0 0
-1363 -1517 56 55 992975 0 0 0
-1444 -1713 65 29 765342 0 0 0
-1341 -1666 64 36 345111 0 0 0
-1336 -1840 64 57 590445 0 0 0
-1098 -2163 44 29 173894 0 0 0
-1342 -2130 61 55 204272 0 0 0
-1273 -1922 46 28 958840 0 0 0
-998 -1745 39 57 539001 0 0 0
-1227 -1662 64 29 686317 0 0 0
-1368 -1426 37 52 447790 0 0 0
-1322 -1252 38 49 991179 0 0 0
-1145 -1395 70 50 378926 0 0 0
-1282 -1172 36 41 526153 0 0 0
-1464 -1343 37 36 990760 0 0 0
-1642 -1619 41 30 640599 0 0 0
-1736 -1722 70 38 265598 0 0 0
-1612 -1414 50 50 478120 0 0 0
-1626 -1231 43 57 767118 0 0 0
-1679 -1115 50 51 285145 0 0 0
-1384 -1122 51 40 902342 0 0 0
-1505 -1419 35 37 903042 0 0 0
-1599 -1260 42 45 610194 0 0 0
-1777 -1163 44 37 619376 0 0 0
-1594 -1428 43 30 407349 0 0 0
-1296 -1731 64 46 494483 0 0 0
-1267 -1602 48 30 973470 0 0 0
-1060 -1687 35 43 137616 0 0 0
-795 -1511 62 44 793099 0 0 0
-554 -1200 51 43 217766 0 0 0
-268 -1006 40 29 770366 0 0 0
-227 888 63 40 887442 0 0 0
51 584 56 32 642190 0 0 0
-190 892 67 51 289684 0 0 0
52 698 67 56 454622 0 0 0
-136 752 36 45 306354 0 0 0
81 930 49 54 340634 0 0 0
144 977 60 56 187035 0 0 0
12 1081 56 57 359115 0 0 0
252 857 36 52 855625 0 0 0
134 965 38 29 189313 0 0 0
427 988 42 28 154117 0 0 0
584 1248 46 53 733581 0 0 0
603 1426 41 33 638737 0 0 0
447 1386 56 30 688979 0 0 0
232 1303 38 31 978587 0 0 0
59 1496 55 37 592637 0 0 0
-8 1437 36 49 266313 0 0 0
-288 1188 49 32 211406 0 0 0
-357 1208 70 43 728323 0 0 0
-79 1193 39 47 202291 0 0 0
65 1197 60 40 664441 0 0 0
-25 1104 44 44 580006 0 0 0
-70 1244 63 44 808652 0 0 0
99 1219 65 34 350890 0 0 0
-161 1253 40 43 717656 0 0 0
12 1090 51 46 500931 0 0 0
-157 1209 57 41 595328 0 0 0
115 905 36 30 167200 0 0 0
-6 865 54 28 680790 0 0 0
6 924 37 39 540903 0 0 0
26 936 65 50 277943 0 0 0
77 1195 45 43 651226 0 0 0
321 1008 59 41 368550 0 0 0
560 946 51 42 705220 0 0 0
582 798 66 49 627796 0 0 0
903 503 41 44 448905 0 0 0
858 265 64 48 457043 0 0 0
1035 396 70 56 963333 0 0 0
1098 319 39 56 203804 0 0 0
1299 605 51 51 398061 0 0 0
1248 405 41 41 517749 0 0 0
1236 418 44 45 382170 0 0 0
1476 723 46 54 555786 0 0 0
1720 906 36 40 359745 0 0 0
1503 911 55 38 262427 0 0 0
1347 1190 49 54 247873 0 0 0
1606 1113 52 28 520797 0 0 0
1726 795 56 49 860106 0 0 0
1648 514 54 50 766544 0 0 0
1645 315 35 43 156231 0 0 0
1935 586 59 57 174567 0 0 0
2023 714 46 34 714120 0 0 0
2247 929 62 46 244335 0 0 0
2044 986 65 55 938628 0 0 0
2230 1205 49 31 973726 0 0 0
1993 1267 40 45 393288 0 0 0
1780 1495 59 46 597694 0 0 0
1578 1349 61 32 470824 0 0 0
1637 1419 43 37 199210 0 0 0
1541 1547 37 53 109213 0 0 0
1803 1456 48 44 465917 0 0 0
2097 1440 36 36 104963 0 0 0
-623 -567 57 42 586212 0 0 0
-377 -349 41 47 840722 0 0 0
-179 -251 51 51 241078 0 0 0
-85 -548 45 57 851332 0 0 0
-194 -489 58 48 245810 0 0 0
63 -376 51 31 822079 0 0 0
365 -342 66 55 208166 0 0 0
-143 -971 60 29 401764 0 0 0
-282 -691 38 31 194766 0 0 0
-182 -734 51 29 339325 0 0 0
-413 -829 66 43 804902 0 0 0
-165 -756 46 46 934616 0 0 0
-315 -807 69 52 940973 0 0 0
-353 -1043 58 50 337415 0 0 0
-112 -1113 48 32 166732 0 0 0
-393 -1056 52 53 969804 0 0 0
-471 -768 50 31 777650 0 0 0
-677 -1029 42 31 556709 0 0 0
-657 -816 49 38 134744 0 0 0
-723 -990 36 33 919353 0 0 0
-669 -1149 60 54 827455 0 0 0
-576 -1146 40 48 514384 0 0 0
-252 -1370 59 43 576723 0 0 0
-186 -1553 39 46 399436 0 0 0
-196 -1514 62 57 884909 0 0 0
36 -1693 51 40 358647 0 0 0
-120 -1780 46 40 716273 0 0 0
172 -1848 45 35 184106 0 0 0
15 -2017 44 30 419081 0 0 0
643 1293 54 41 228258 0 0 0
655 1043 57 46 835169 0 0 0
730 911 54 42 315147 0 0 0
423 1145 66 56 537702 0 0 0
374 1384 43 54 176361 0 0 0
179 1295 41 45 656974 0 0 0
193 1098 65 55 440475 0 0 0
142 942 59 37 218017 0 0 0
-106 1160 67 32 550304 0 0 0
-372 1307 48 49 764579 0 0 0
-92 1497 37 31 226103 0 0 0
-158 1331 67 37 444140 0 0 0
-313 1631 67 42 471562 0 0 0
-428 1712 38 40 470440 0 0 0
-305 1822 46 47 104786 0 0 0
-132 2062 65 40 863238 0 0 0
-381 1967 44 37 129641 0 0 0
-301 2205 59 52 919603 0 0 0
-238 2307 46 42 618380 0 0 0
-63 2154 61 54 148030 0 0 0
33 2306 51 38 694866 0 0 0
-49 2174 64 52 971741 0 0 0
-16 2321 35 48 830517 0 0 0
113 2101 69 28 542702 0 0 0
-162 2207 59 28 890929 0 0 0
-167 2520 40 42 814054 0 0 0
-444 2762 38 46 355195 0 0 0
-329 2495 50 51 801231 0 0 0
-426 2418 54 46 171920 0 0 0
-304 2102 64 53 822214 0 0 0
-208 1998 56 42 584100 0 0 0
56 1741 65 49 201060 0 0 0
-165 1948 57 40 225261 0 0 0
-863 727 60 32 740770 0 0 0
-750 525 39 52 983283 0 0 0
-438 347 52 45 667066 0 0 0
-607 348 39 40 929804 0 0 0
-883 440 61 43 886372 0 0 0
-681 402 38 38 871343 0 0 0
-464 365 36 42 816756 0 0 0
-194 585 50 56 310214 0 0 0
-75 345 50 36 417571 0 0 0
0 506 50 37 387781 0 0 0
-168 423 61 54 879133 0 0 0
-136 731 47 35 988025 0 0 0
-228 546 36 31 466559 0 0 0
-536 353 48 39 829727 0 0 0
-261 468 68 54 320952 0 0 0
-31 306 60 55 889729 0 0 0
-143 405 44 28 213991 0 0 0
-105 273 65 48 625987 0 0 0
-265 313 47 29 656591 0 0 0
-515 567 49 43 510133 0 0 0
-734 380 63 47 998807 0 0 0
-517 438 49 44 249463 0 0 0
-202 370 52 32 762063 0 0 0
-288 455 40 41 758119 0 0 0
-457 172 66 41 811966 0 0 0
-387 106 61 51 180478 0 0 0
-455 -133 47 29 894107 0 0 0
-253 -287 63 39 504790 0 0 0
-391 -510 45 34 657028 0 0 0
-690 -595 68 51 214767 0 0 0
-592 -335 50 48 547985 0 0 0
-554 -130 40 34 182078 0 0 0
-398 105 70 51 773049 0 0 0
-426 -194 68 33 919383 0 0 0
-672 -337 57 37 415610 0 0 0
-825 -634 48 30 776430 0 0 0
-1109 -673 67 30 813028 0 0 0
692 520 61 38 533081 0 0 0
884 666 66 42 340667 0 0 0
803 764 48 33 629675 0 0 0
886 462 58 46 233029 0 0 0
941 746 64 34 373107 0 0 0
890 681 40 57 384675 0 0 0
916 388 53 40 467545 0 0 0
1173 701 35 52 327974 0 0 0
1370 413 53 31 818958 0 0 0
1198 357 69 50 419952 0 0 0
942 547 51 42 961181 0 0 0
959 465 59 40 117738 0 0 0
769 600 59 55 281297 0 0 0
984 532 59 47 862738 0 0 0
1037 699 62 56 509046 0 0 0
1245 707 43 36 919304 0 0 0
1071 499 39 56 185948 0 0 0
1101 823 43 56 248835 0 0 0
1382 817 42 28 711570 0 0 0
1272 1046 61 39 767904 0 0 0
1485 1180 39 50 829440 0 0 0
1402 1185 45 36 457850 0 0 0
1486 1467 62 57 674926 0 0 0
1661 1321 67 30 486350 0 0 0
1830 1543 43 52 590780 0 0 0
1908 1703 35 29 622452 0 0 0
2122 1969 48 49 310909 0 0 0
1892 2254 48 39 968922 0 0 0
1627 2032 44 56 473919 0 0 0
1425 2305 46 34 970043 0 0 0
1361 2274 67 56 532428 0 0 0
1341 2473 49 44 920432 0 0 0
1016 2309 42 43 828104 0 0 0
1031 2151 35 54 688257 0 0 0
1176 2423 41 44 106573 0 0 0
1364 2402 48 50 897680 0 0 0
1420 2324 35 49 453974 0 0 0
1551 2318 67 55 937621 0 0 0
1406 2094 36 54 397171 0 0 0
1353 2286 52 35 243531 0 0 0
1137 2476 55 49 385877 0 0 0
1300 2746 46 34 520388 0 0 0
1527 2449 63 46 216873 0 0 0
1209 2499 48 48 926247 0 0 0
927 2445 59 28 240716 0 0 0
714 2472 41 50 365159 0 0 0
544 2202 65 53 138027 0 0 0
432 2512 40 35 636517 0 0 0
426 2334 53 39 208911 0 0 0
624 2615 67 52 138340 0 0 0
775 2897 45 46 571108 0 0 0
977 3219 62 49 681392 0 0 0
822 2994 60 46 501395 0 0 0
742 3121 49 46 549472 0 0 0
618 2933 44 45 636471 0 0 0
635 2834 68 33 165741 0 0 0
682 3100 50 35 887490 0 0 0
672 3279 54 44 276506 0 0 0
433 3152 52 30 316153 0 0 0
683 3095 37 36 923337 0 0 0
780 2817 35 50 277916 0 0 0
508 2916 51 39 509520 0 0 0
753 3141 52 41 916349 0 0 0
1055 3367 70 41 307187 0 0 0
781 3129 62 35 827875 0 0 0
821 -248 36 28 200427 0 0 0
1139 -397 41 52 507995 0 0 0
1158 -110 62 37 195509 0 0 0
1286 -281 40 41 824988 0 0 0
1511 -295 50 51 690433 0 0 0
1519 25 66 44 164722 0 0 0
1704 288 37 50 326785 0 0 0
1473 553 45 33 100977 0 0 0
1737 636 39 36 601251 0 0 0
1676 840 49 54 858687 0 0 0
1536 1066 36 48 765656 0 0 0
1412 1049 39 43 542819 0 0 0
1492 1111 39 30 667319 0 0 0
1184 936 61 47 622134 0 0 0
1441 748 58 36 345275 0 0 0
1459 424 59 53 979987 0 0 0
1165 422 58 48 713936 0 0 0
1286 496 68 36 130839 0 0 0
1300 745 35 32 824100 0 0 0
1535 899 70 39 163617 0 0 0
1535 1091 36 45 210598 0 0 0
1559 1300 61 36 570841 0 0 0
1747 1212 46 29 919042 0 0 0
1751 1158 62 40 837885 0 0 0
1997 962 49 36 436864 0 0 0
1900 796 56 31 961737 0 0 0
1792 610 65 31 472928 0 0 0
1604 877 69 55 242723 0 0 0
1639 948 40 51 166156 0 0 0
1603 1146 44 40 104989 0 0 0
1898 910 51 42 499429 0 0 0
1691 608 40 37 540688 0 0 0
1709 555 62 57 665653 0 0 0
1428 734 53 32 162743 0 0 0
1298 489 39 28 344259 0 0 0
1036 266 37 33 820081 0 0 0
1354 492 35 52 378151 0 0 0
1407 675 35 43 155876 0 0 0
1096 754 56 34 691549 0 0 0
846 543 66 30 576621 0 0 0
702 664 67 55 520910 0 0 0
628 396 35 33 118219 0 0 0
816 274 57 34 614931 0 0 0
860 172 54 49 777976 0 0 0
637 -115 66 36 828565 0 0 0
545 -306 55 51 664768 0 0 0
532 19 65 36 485947 0 0 0
852 -58 50 33 349887 0 0 0
763 170 56 28 477934 0 0 0
559 445 44 28 570655 0 0 0
383 738 53 42 912289 0 0 0
70 945 54 40 565879 0 0 0
-109 932 63 29 124882 0 0 0
-206 613 65 46 299242 0 0 0
-421 396 35 47 528770 0 0 0
-426 360 46 31 352146 0 0 0
-629 153 62 49 816175 0 0 0
-725 290 68 34 496111 0 0 0
-840 290 43 32 284026 0 0 0
-641 -24 50 39 137856 0 0 0
-917 -25 49 30 812252 0 0 0
-701 -549 56 39 845862 0 0 0
-906 -864 35 51 762305 0 0 0
-995 -662 39 30 724370 0 0 0
-723 -338 61 39 259117 0 0 0
-500 -447 60 28 528443 0 0 0
-276 -409 38 29 958389 0 0 0
-537 -233 54 49 926728 0 0 0
-288 -106 52 51 301992 0 0 0
-122 -359 65 55 128424 0 0 0
-444 -670 55 45 424196 0 0 0
-393 -601 43 33 939351 0 0 0
-356 -510 56 38 295607 0 0 0
-334 -658 49 49 580335 0 0 0
-22 -660 44 37 113849 0 0 0
164 -721 60 51 290905 0 0 0
2 -1016 58 29 351316 0 0 0
103 -1186 64 49 884271 0 0 0
138 -1485 59 49 504524 0 0 0
175 -1589 48 45 311028 0 0 0
306 -1914 48 57 519632 0 0 0
608 -1590 63 34 171758 0 0 0
816 -1896 56 35 164399 0 0 0
669 -2210 63 47 862028 0 0 0
582 -2403 69 56 230374 0 0 0
411 -2150 41 35 277741 0 0 0
590 -1904 38 36 252311 0 0 0
638 -1581 62 39 843051 0 0 0
960 -1840 61 40 630839 0 0 0
774 -1907 54 45 745427 0 0 0
908 -1694 60 47 718815 0 0 0
786 -298 51 30 299680 0 0 0
641 -473 57 52 249148 0 0 0
739 -467 61 54 803164 0 0 0
556 -554 70 44 409506 0 0 0
758 -380 60 48 794239 0 0 0
607 -577 49 35 805133 0 0 0
870 -568 36 44 270900 0 0 0
782 -580 58 47 150683 0 0 0
1075 -753 58 36 686348 0 0 0
1253 -798 63 49 375398 0 0 0
955 -766 49 31 883372 0 0 0
1005 -702 50 49 257852 0 0 0
1329 -539 43 31 215816 0 0 0
1531 -530 55 46 667205 0 0 0
1518 -519 54 28 771050 0 0 0
-493 -330 37 57 207538 0 0 0
-303 -137 41 34 428221 0 0 0
-556 -190 53 54 591110 0 0 0
-647 -329 47 50 564830 0 0 0
-402 -153 63 40 586067 0 0 0
-653 -333 48 48 668829 0 0 0
-437 -358 67 45 356178 0 0 0
-180 -185 57 31 619793 0 0 0
35 -411 36 50 273242 0 0 0
-191 -713 35 57 976873 0 0 0
-454 -952 40 30 336629 0 0 0
-388 -1119 38 50 601967 0 0 0
-246 -915 45 45 854162 0 0 0
0 -622 58 55 237102 0 0 0
204 -783 54 48 620640 0 0 0
44 -882 47 40 603096 0 0 0
-177 -776 55 40 649241 0 0 0
-164 -721 42 44 407465 0 0 0
-146 -488 54 37 988064 0 0 0
-297 -601 35 49 599436 0 0 0
-239 -343 44 47 436329 0 0 0
-180 -51 44 43 339157 0 0 0
123 215 42 55 427082 0 0 0
-161 319 58 42 864666 0 0 0
39 144 42 50 185925 0 0 0
-271 450 44 47 248792 0 0 0
-430 616 40 44 385810 0 0 0
-202 568 58 40 831572 0 0 0
-468 310 46 47 217898 0 0 0
-438 345 37 30 100742 0 0 0
-712 397 44 33 501307 0 0 0
-966 557 47 50 915672 0 0 0
-1174 843 53 53 832967 0 0 0
-1455 686 67 35 142813 0 0 0
-1190 965 45 51 493561 0 0 0
-1075 833 50 56 299837 0 0 0
-953 871 35 47 215622 0 0 0
-668 811 65 42 270428 0 0 0
-960 705 54 47 260047 0 0 0
-818 689 42 49 979429 0 0 0
-928 424 43 45 771434 0 0 0
-1141 740 49 38 400526 0 0 0
-1059 906 66 50 356480 0 0 0
-1228 893 46 56 120393 0 0 0
-915 696 50 49 483063 0 0 0
-1080 573 55 28 357867 0 0 0
-1093 627 64 42 532482 0 0 0
911 938 67 55 691211 0 0 0
1154 1261 55 39 326232 0 0 0
1033 1037 63 35 494389 0 0 0
915 1038 63 28 396631 0 0 0
706 1111 56 54 667154 0 0 0
538 1137 56 56 340863 0 0 0
-890 732 54 55 678579 0 0 0
-1088 506 55 31 420682 0 0 0
-955 639 55 29 809163 0 0 0
-776 796 67 42 463431 0 0 0
-1017 1058 41 57 368017 0 0 0
-1325 1181 55 47 178486 0 0 0
-1160 928 66 33 622710 0 0 0
-1286 945 55 48 939958 0 0 0
-1033 1217 56 34 792462 0 0 0
-1222 1515 44 32 359194 0 0 0
-1182 1261 50 53 207396 0 0 0
-1289 1104 37 45 810745 0 0 0
-1583 1280 42 29 209343 0 0 0
-1380 1201 44 33 551611 0 0 0
-1128 1224 36 49 329311 0 0 0
-1401 1255 36 28 770664 0 0 0
-1146 1252 47 29 862805 0 0 0
-834 1516 57 41 283274 0 0 0
-847 1445 48 49 140784 0 0 0
-965 1186 60 49 773502 0 0 0
-1168 1385 63 46 668258 0 0 0
-1121 1099 69 53 746076 0 0 0
-1059 1158 49 38 961992 0 0 0
-1036 1422 41 38 104255 0 0 0
-1169 1388 70 56 360083 0 0 0
-1380 1554 44 47 687652 0 0 0
-1495 1298 47 38 426505 0 0 0
-1796 1246 45 44 632594 0 0 0
-785 -169 61 33 376472 0 0 0
-719 88 69 55 224508 0 0 0
-817 94 42 45 437853 0 0 0
-919 33 60 38 128831 0 0 0
-1161 48 36 42 401207 0 0 0
-902 258 70 28 586765 0 0 0
-796 417 60 57 236559 0 0 0
-610 116 47 43 896901 0 0 0
-453 -66 48 37 901645 0 0 0
-703 -336 39 53 588795 0 0 0
-507 -507 49 53 952573 0 0 0
-322 -811 43 35 564469 0 0 0
-343 -1132 55 52 525442 0 0 0
-232 -1443 39 48 619030 0 0 0
-388 -1203 48 50 170050 0 0 0
-423 -1410 69 44 374444 0 0 0
-435 -1467 43 57 129809 0 0 0
-730 -1188 61 39 601468 0 0 0
-762 -1352 36 45 885146 0 0 0
-489 -1108 48 37 592488 0 0 0
-188 -1314 60 40 637416 0 0 0
-213 -1141 46 51 925420 0 0 0
-106 -869 66 29 803357 0 0 0
-213 -1006 62 52 600036 0 0 0
-30 -884 41 29 309853 0 0 0
-205 -761 38 45 143673 0 0 0
-181 -1050 46 51 646340 0 0 0
119 -833 45 45 723989 0 0 0
118 -872 48 55 815049 0 0 0
-1012 1240 50 55 874360 0 0 0
-1113 1180 64 50 326622 0 0 0
-1234 1065 51 48 271647 0 0 0
-1048 844 53 41 854342 0 0 0
-792 947 57 52 960494 0 0 0
-596 1164 56 52 328553 0 0 0
-901 1029 64 35 451156 0 0 0
-881 1181 36 38 556679 0 0 0
-994 1452 60 36 930298 0 0 0
-1190 1282 55 54 519216 0 0 0
-1002 1018 48 54 932654 0 0 0
-715 1225 47 53 447441 0 0 0
-469 1420 37 33 932934 0 0 0
-731 1740 37 29 564316 0 0 0
-644 1993 51 37 563607 0 0 0
-367 1996 70 37 237710 0 0 0
-549 1756 60 54 699639 0 0 0
-388 2035 65 42 499876 0 0 0
-285 2013 41 46 443340 0 0 0
-320 2232 39 31 663707 0 0 0
-67 2035 58 37 145621 0 0 0
-345 2081 36 32 361433 0 0 0
-539 2388 47 57 246795 0 0 0
-843 2197 65 42 662132 0 0 0
-1012 2181 42 37 702484 0 0 0
-1129 1900 65 44 926857 0 0 0
-1133 2223 67 41 303277 0 0 0
-1413 2114 57 57 684798 0 0 0
-1499 1851 55 44 437016 0 0 0
-1664 1587 45 40 397363 0 0 0
-1432 1437 54 28 489327 0 0 0
-1735 1732 67 36 953546 0 0 0
-1445 1553 58 34 858198 0 0 0
-1222 1397 44 31 945745 0 0 0
-1415 1533 38 57 444342 0 0 0
-1320 1722 43 44 745945 0 0 0
-1338 1796 44 37 600475 0 0 0
-1570 1995 44 35 658878 0 0 0
-1417 2059 61 51 728960 0 0 0
-1188 2026 66 31 542034 0 0 0
-864 2074 35 29 430980 0 0 0
-828 1882 35 44 980222 0 0 0
-592 1672 37 33 286040 0 0 0
-469 1795 65 39 337468 0 0 0
-460 2007 51 29 649171 0 0 0
-441 2290 43 39 774469 0 0 0
-512 2358 35 41 552880 0 0 0
-787 2291 46 37 831455 0 0 0
-486 2073 50 57 488744 0 0 0
-895 1138 46 55 458323 0 0 0
-837 947 64 29 401520 0 0 0
-981 1084 66 48 201564 0 0 0
-660 1288 68 52 345301 0 0 0
-879 1277 36 28 994658 0 0 0
-570 1280 58 40 440565 0 0 0
-341 1049 68 46 325644 0 0 0
-145 819 45 29 112656 0 0 0
-71 626 69 48 930002 0 0 0
-5 938 39 50 520005 0 0 0
22 904 64 33 866621 0 0 0
-48 991 51 46 540387 0 0 0
-10 851 54 32 688470 0 0 0
294 1103 49 40 214838 0 0 0
427 812 52 54 120124 0 0 0
702 545 68 49 874298 0 0 0
1011 668 49 40 936100 0 0 0
1117 854 63 48 968415 0 0 0
1120 1126 64 47 210431 0 0 0
1224 909 58 37 422049 0 0 0
1369 930 69 56 953646 0 0 0
1167 821 48 44 753179 0 0 0
1380 705 57 32 186482 0 0 0
1481 651 47 54 699697 0 0 0
1549 831 44 47 901823 0 0 0
1763 714 46 33 306164 0 0 0
1929 421 59 56 213049 0 0 0
1784 246 56 43 646291 0 0 0
2060 527 45 47 320464 0 0 0
2376 829 63 30 537229 0 0 0
2540 692 49 36 600713 0 0 0
2689 803 37 49 819261 0 0 0
2484 1095 37 51 517727 0 0 0
2413 1025 36 31 317694 0 0 0
2660 1178 47 56 309913 0 0 0
2597 1467 43 29 591263 0 0 0
2838 1318 43 30 345568 0 0 0
2790 1435 68 57 696942 0 0 0
2637 1544 48 55 796209 0 0 0
-260 -465 53 46 850124 0 0 0
55 -608 39 32 668738 0 0 0
160 -360 49 32 706646 0 0 0
1 -183 41 46 829844 0 0 0
112 -300 45 41 729315 0 0 0
365 -137 60 32 289660 0 0 0
380 -328 65 48 465855 0 0 0
55 -598 63 34 742667 0 0 0
276 -740 35 43 572040 0 0 0
272 -860 46 48 183565 0 0 0
161 -1161 39 52 812273 0 0 0
-18 -1050 42 41 304831 0 0 0
115 -1086 51 40 136735 0 0 0
218 -1330 65 53 809335 0 0 0
-82 -1152 58 41 656976 0 0 0
-113 -1125 59 37 364485 0 0 0
180 -858 63 31 397573 0 0 0
-77 -719 58 30 777505 0 0 0
-113 -397 37 46 777524 0 0 0
-303 -569 48 28 633237 0 0 0
4 -459 61 37 797984 0 0 0
-143 -500 40 39 760077 0 0 0
-124 -216 63 33 626582 0 0 0
-322 -382 62 40 780509 0 0 0
-440 -409 70 28 903757 0 0 0
-741 -184 43 32 871210 0 0 0
-501 -286 59 44 366292 0 0 0
-190 -141 47 31 893696 0 0 0
-419 139 37 31 682006 0 0 0
-689 307 55 50 713735 0 0 0
-891 204 46 37 801480 0 0 0
-644 -6 70 56 715477 0 0 0
-692 146 45 43 747396 0 0 0
-769 377 37 42 629377 0 0 0
-1285 -1205 37 34 313034 0 0 0
-1240 -904 36 41 713057 0 0 0
-1386 -627 47 36 328260 0 0 0
-1483 -878 41 42 318149 0 0 0
-1785 -750 70 41 701533 0 0 0
-1879 -959 41 36 804563 0 0 0
-1592 -740 35 40 232443 0 0 0
-1801 -713 62 57 422981 0 0 0
-2035 -582 45 56 423843 0 0 0
-2086 -621 67 35 797700 0 0 0
-2355 -730 65 35 991597 0 0 0
-2652 -1029 69 44 759650 0 0 0
-2493 -923 66 42 396569 0 0 0
-2715 -1045 52 33 298205 0 0 0
-2627 -866 55 48 448366 0 0 0
-2777 -566 44 32 899872 0 0 0
-2792 -741 60 41 926538 0 0 0
-2536 -821 60 31 707154 0 0 0
-2667 -504 57 39 868223 0 0 0
-2956 -338 58 32 308013 0 0 0
-2855 -657 59 32 123217 0 0 0
-2570 -949 66 30 565620 0 0 0
-2698 -718 40 33 975730 0 0 0
-2568 -700 45 55 698737 0 0 0
-2317 -455 36 30 604422 0 0 0
-2377 -695 61 44 634968 0 0 0
-2104 -640 60 57 984913 0 0 0
-2115 -371 59 45 213468 0 0 0
-2059 -515 49 55 115758 0 0 0
-1939 -526 67 48 377148 0 0 0
-1629 -634 35 41 917392 0 0 0
-1652 -752 62 40 982178 0 0 0
-1505 -749 38 47 573305 0 0 0
-1278 -653 41 30 522687 0 0 0
-1415 -838 38 40 321160 0 0 0
1062 -567 42 57 633723 0 0 0
1126 -655 43 49 818539 0 0 0
1045 -859 56 40 252102 0 0 0
952 -1168 58 39 471638 0 0 0
738 -1468 46 38 581173 0 0 0
652 -1468 64 33 180763 0 0 0
819 -1637 60 48 481481 0 0 0
904 -1389 69 38 331927 0 0 0
994 -1189 63 48 314977 0 0 0
730 -895 63 56 666562 0 0 0
478 -737 45 57 261749 0 0 0
490 -855 55 51 896468 0 0 0
609 -1089 70 53 511719 0 0 0
370 -1400 66 31 580515 0 0 0
485 -1574 69 36 258814 0 0 0
436 -1540 36 34 257395 0 0 0
461 -1522 70 49 747824 0 0 0
446 -1369 60 39 466167 0 0 0
546 -1446 67 31 851118 0 0 0
456 -1599 48 42 220880 0 0 0
615 -1361 57 57 607963 0 0 0
632 -1328 56 33 772015 0 0 0
573 -1479 61 44 216608 0 0 0
455 -1299 39 39 994474 0 0 0
482 -1466 56 51 141680 0 0 0
389 -1706 42 36 264391 0 0 0
105 -1698 46 34 574817 0 0 0
-207 -1999 48 54 934933 0 0 0
-308 -2145 56 49 527953 0 0 0
-58 -2102 35 31 417663 0 0 0
163 -2114 65 44 923907 0 0 0
228 -2180 67 39 410151 0 0 0
264 -2276 44 56 174425 0 0 0
-10 -2547 48 44 169714 0 0 0
-248 -2452 62 53 262671 0 0 0
-537 -2646 44 38 624242 0 0 0
-595 -2918 55 57 155841 0 0 0
-568 -3095 50 50 330239 0 0 0
-784 -3010 69 31 999613 0 0 0
-954 -3195 35 30 110149 0 0 0
-1066 -3472 69 39 338973 0 0 0
-1293 -3610 54 42 420947 0 0 0
-1484 -3704 45 55 626752 0 0 0
-1612 -3971 40 52 610849 0 0 0
113 296 42 46 789022 0 0 0
357 -10 36 41 353859 0 0 0
122 4 62 53 577813 0 0 0
58 9 61 39 625542 0 0 0
-58 148 61 35 316009 0 0 0
-23 430 45 32 169944 0 0 0
116 240 42 54 412695 0 0 0
66 367 63 29 365012 0 0 0
-123 130 36 31 863989 0 0 0
-379 -12 47 29 311899 0 0 0
-694 -87 38 46 441836 0 0 0
-455 -106 54 55 343510 0 0 0
-719 143 56 55 872492 0 0 0
-768 313 40 34 377690 0 0 0
-890 563 64 29 379922 0 0 0
-625 745 37 49 597345 0 0 0
-429 1038 65 49 615503 0 0 0
223 1287 67 53 331307 0 0 0
77 1074 63 53 227797 0 0 0
-192 1018 65 39 376668 0 0 0
-189 1061 46 30 978701 0 0 0
-349 740 39 34 186100 0 0 0
-449 824 48 57 921797 0 0 0
-648 983 36 56 375596 0 0 0
-687 1229 66 46 771777 0 0 0
-804 1147 55 29 295742 0 0 0
-934 1331 57 29 468978 0 0 0
-871 1551 56 50 420977 0 0 0
-581 1472 48 33 222253 0 0 0
-290 1727 44 30 502604 0 0 0
-497 1861 66 32 790349 0 0 0
-465 1950 44 55 794666 0 0 0
-304 2238 56 46 258088 0 0 0
-287 2089 63 39 264909 0 0 0
-43 1906 65 51 399853 0 0 0
-197 1824 64 32 770203 0 0 0
-65 1893 54 50 595075 0 0 0
-259 1832 40 43 920403 0 0 0
-567 1881 60 54 317325 0 0 0
-757 2189 68 57 537480 0 0 0
-591 1900 47 39 597427 0 0 0
-305 1952 43 50 921147 0 0 0
-350 2001 50 42 552984 0 0 0
1162 667 54 47 877618 0 0 0
1469 545 56 45 524938 0 0 0
1494 852 70 39 337479 0 0 0
1798 1070 40 55 770873 0 0 0
1996 1045 36 51 984972 0 0 0
2039 1096 39 54 773984 0 0 0
2288 1197 69 30 994067 0 0 0
2231 920 45 46 884216 0 0 0
2550 1072 40 51 531267 0 0 0
2686 1275 60 44 518041 0 0 0
2885 1123 59 28 100201 0 0 0
2832 1302 60 33 532833 0 0 0
2791 1403 46 46 899051 0 0 0
2586 1473 61 54 119012 0 0 0
2528 1463 60 38 881361 0 0 0
2669 1516 41 46 851646 0 0 0
2350 1463 50 37 471599 0 0 0
2208 1469 57 44 164491 0 0 0
2378 1661 66 29 468770 0 0 0
2438 1643 50 37 657796 0 0 0
2660 1901 47 45 845507 0 0 0
2658 1743 65 43 855161 0 0 0
2495 1936 44 31 353975 0 0 0
2430 1789 35 41 126289 0 0 0
2458 1644 50 41 628961 0 0 0
2619 1391 49 54 661548 0 0 0
2393 1609 46 35 109851 0 0 0
2401 1374 38 39 197048 0 0 0
2378 1648 45 39 881355 0 0 0
2250 1334 39 57 489845 0 0 0
2256 1010 68 57 676945 0 0 0
2362 889 52 31 488404 0 0 0
2393 881 42 48 726964 0 0 0
2263 1138 51 48 708364 0 0 0
2179 889 40 50 518145 0 0 0
2412 1026 51 30 426912 0 0 0
2593 1217 50 46 383474 0 0 0
2823 1401 41 37 786465 0 0 0
2936 1406 47 50 201812 0 0 0
2964 1690 70 50 125010 0 0 0
2943 1987 49 34 649169 0 0 0
2720 2040 40 53 158845 0 0 0
2589 2089 47 56 259198 0 0 0
2880 2373 67 56 313592 0 0 0
2839 2112 65 46 763049 0 0 0
3114 2326 65 35 246797 0 0 0
1006 1282 48 40 175767 0 0 0
1136 1063 54 40 668151 0 0 0
1311 1273 60 35 810624 0 0 0
1452 1123 46 36 711649 0 0 0
1722 1295 70 44 209790 0 0 0
1580 1315 46 34 979426 0 0 0
1696 1308 67 42 608787 0 0 0
1616 1060 70 43 442001 0 0 0
1512 1129 54 31 314019 0 0 0
1545 1130 59 44 954545 0 0 0
1284 1072 47 30 735222 0 0 0
1171 841 67 42 317393 0 0 0
1264 557 43 29 705337 0 0 0
1014 563 64 54 524267 0 0 0
695 558 69 29 193848 0 0 0
750 370 41 30 750983 0 0 0
981 167 44 41 290574 0 0 0
1056 -117 43 29 716965 0 0 0
1101 -135 44 36 105006 0 0 0
1269 -272 36 52 215965 0 0 0
1583 -363 42 47 952526 0 0 0
1767 -568 46 32 762742 0 0 0
1617 -638 37 38 813216 0 0 0
-1267 -278 46 55 115696 0 0 0
-1282 -447 37 36 232079 0 0 0
-1235 -346 57 51 719547 0 0 0
-1372 -589 64 47 271807 0 0 0
-1175 -668 51 34 228381 0 0 0
-893 -975 40 44 951466 0 0 0
-1037 -927 54 37 715048 0 0 0
-886 -1199 45 45 467432 0 0 0
-675 -1520 42 29 779557 0 0 0
-439 -1591 41 32 483463 0 0 0
-595 -1663 47 37 321797 0 0 0
-291 -1375 70 41 303057 0 0 0
-7 -1352 64 45 297093 0 0 0
128 -1127 68 42 536756 0 0 0
-162 -1339 64 52 284224 0 0 0
-79 -1308 53 39 200358 0 0 0
-51 -988 56 29 609445 0 0 0
-59 -674 62 46 270816 0 0 0
169 -423 47 53 584038 0 0 0
124 -225 64 51 445014 0 0 0
320 -328 36 29 244904 0 0 0
204 -467 64 40 590739 0 0 0
99 -408 45 49 928404 0 0 0
385 815 69 28 522060 0 0 0
671 991 36 56 739320 0 0 0
893 1210 63 53 577970 0 0 0
880 1403 46 40 900122 0 0 0
779 1269 54 55 175116 0 0 0
555 1202 69 55 562082 0 0 0
870 1522 43 35 374535 0 0 0
1189 1377 54 35 973110 0 0 0
962 1131 59 37 502339 0 0 0
1213 931 66 49 991552 0 0 0
1373 1012 70 53 619655 0 0 0
1381 943 64 53 162656 0 0 0
1527 956 61 30 758135 0 0 0
1323 719 68 42 814016 0 0 0
1595 799 40 39 522494 0 0 0
1723 745 46 56 480354 0 0 0
1903 677 40 37 741083 0 0 0
2088 807 45 32 697162 0 0 0
2158 663 39 39 362081 0 0 0
2404 983 39 57 773811 0 0 0
2303 764 59 55 869894 0 0 0
2265 630 48 35 456033 0 0 0
2538 486 44 54 691101 0 0 0
2725 509 62 32 991820 0 0 0
2912 696 56 46 729105 0 0 0
2899 504 45 54 222860 0 0 0
2665 433 50 46 666718 0 0 0
-214 -1268 45 36 219973 0 0 0
-26 -989 35 34 283979 0 0 0
106 -1276 54 49 210500 0 0 0
-155 -1026 51 29 661383 0 0 0
-136 -921 50 35 848446 0 0 0
-296 -1100 70 40 205715 0 0 0
-346 -818 44 37 867578 0 0 0
-309 -782 37 31 769128 0 0 0
-66 -1101 46 41 732390 0 0 0
-95 -1171 45 30 880342 0 0 0
-293 -1331 54 54 760742 0 0 0
-56 -1099 68 42 389541 0 0 0
-98 -962 56 34 100805 0 0 0
73 -1233 52 42 782380 0 0 0
148 -1260 45 57 638280 0 0 0
327 -1542 40 43 870414 0 0 0
183 -1409 42 40 788482 0 0 0
-126 -1236 51 42 738468 0 0 0
-344 -1504 60 41 146881 0 0 0
-394 -1255 41 47 985770 0 0 0
-515 -983 39 52 611785 0 0 0
-440 -843 69 52 879748 0 0 0
-321 -1029 58 38 100478 0 0 0
-489 -717 55 37 516571 0 0 0
-436 -623 60 45 373296 0 0 0
-231 -433 52 52 799530 0 0 0
-125 -748 70 50 863801 0 0 0
104 -847 49 43 157021 0 0 0
120 -952 41 37 380249 0 0 0
228 -920 61 43 320954 0 0 0
277 -1168 53 39 945943 0 0 0
200 -1229 56 28 705346 0 0 0
-3 -964 43 47 139723 0 0 0
20 -930 61 33 432180 0 0 0
-170 -973 56 42 817098 0 0 0
-296 -1152 51 47 448453 0 0 0
-134 -976 35 31 345016 0 0 0
100 -944 60 45 653319 0 0 0
97 -919 70 55 235898 0 0 0
324 -1046 43 38 993963 0 0 0
218 -1184 45 33 554202 0 0 0
666 1200 49 32 430774 0 0 0
938 1314 65 31 903754 0 0 0
1070 1382 69 57 571936 0 0 0
1108 1507 43 28 233316 0 0 0
1282 1639 46 56 104734 0 0 0
1049 1937 45 40 112549 0 0 0
883 2090 41 46 918665 0 0 0
808 2195 56 51 113131 0 0 0
719 1913 65 52 912519 0 0 0
589 1626 51 28 140434 0 0 0
856 1365 53 41 730368 0 0 0
1077 1530 39 39 994425 0 0 0
827 1352 51 57 155814 0 0 0
750 1278 65 56 523803 0 0 0
999 1583 59 54 367708 0 0 0
834 1336 61 28 844212 0 0 0
751 1500 69 37 791747 0 0 0
952 1689 55 41 958434 0 0 0
1080 1922 51 40 494077 0 0 0
1161 1790 60 47 873627 0 0 0
879 2070 66 36 227493 0 0 0
809 2272 69 44 416770 0 0 0
755 2195 47 32 905840 0 0 0
640 2364 56 37 240411 0 0 0
793 2432 53 46 124829 0 0 0
718 2381 61 39 564494 0 0 0
946 2647 36 48 745162 0 0 0
789 2947 69 42 773121 0 0 0
609 3229 49 49 355046 0 0 0
576 3538 43 36 145223 0 0 0
814 3435 63 53 142029 0 0 0
1009 3621 67 44 948495 0 0 0
984 3522 44 42 700103 0 0 0
1010 3845 63 41 962319 0 0 0
1247 4097 62 41 117081 0 0 0
1234 4419 36 56 192170 0 0 0
1389 4606 45 48 623748 0 0 0
1429 4712 68 47 264863 0 0 0
1316 5036 35 28 373548 0 0 0
1403 5102 59 28 201836 0 0 0
1111 4797 49 36 533490 0 0 0
980 4748 70 49 937891 0 0 0
1016 5023 41 34 599649 0 0 0
1282 4795 48 29 518665 0 0 0
957 1177 57 48 566069 0 0 0
900 1151 40 29 138128 0 0 0
952 1185 67 54 661621 0 0 0
849 1219 69 44 782788 0 0 0
996 1114 60 34 189905 0 0 0
1250 1052 65 31 933373 0 0 0
1351 1329 68 35 891365 0 0 0
1088 1184 51 39 303872 0 0 0
1033 941 54 43 521215 0 0 0
1158 669 46 32 201834 0 0 0
1099 876 54 34 330191 0 0 0
883 1055 62 45 984905 0 0 0
1194 822 64 50 150750 0 0 0
1448 826 52 30 985755 0 0 0
1213 602 58 32 267818 0 0 0
1015 715 38 48 993908 0 0 0
755 915 36 41 585617 0 0 0
937 1146 41 47 315035 0 0 0
1162 1380 58 37 162364 0 0 0
919 1550 38 41 929738 0 0 0
918 1374 40 42 262429 0 0 0
997 1533 42 33 402888 0 0 0
949 1475 55 31 630517 0 0 0
-337 -804 58 29 401807 0 0 0
-194 -825 57 31 277793 0 0 0
-105 -571 61 28 479209 0 0 0
167 -340 53 55 800401 0 0 0
125 -549 67 49 340272 0 0 0
373 -861 44 35 171022 0 0 0
653 -681 48 35 351049 0 0 0
564 -747 35 55 920857 0 0 0
259 -503 39 35 815136 0 0 0
452 -538 41 41 548442 0 0 0
169 -347 36 57 732240 0 0 0
467 -225 35 48 349947 0 0 0
700 -138 39 42 839880 0 0 0
776 -382 35 36 746541 0 0 0
951 -192 39 38 124810 0 0 0
1248 -13 47 52 995661 0 0 0
1170 -231 55 45 467171 0 0 0
1379 -450 44 49 695993 0 0 0
1291 -139 58 36 115674 0 0 0
1169 -444 67 31 255072 0 0 0
1250 -381 40 31 590472 0 0 0
1107 -607 59 36 138083 0 0 0
906 -736 49 38 904216 0 0 0
889 -550 46 30 450118 0 0 0
847 -404 63 52 731909 0 0 0
998 -205 35 48 511298 0 0 0
817 -194 49 45 988539 0 0 0
885 -244 57 54 958143 0 0 0
1046 -113 42 32 595709 0 0 0
1344 99 44 34 112398 0 0 0
1211 219 63 51 286828 0 0 0
1327 377 70 50 405769 0 0 0
1500 253 62 46 523820 0 0 0
1668 466 43 56 561251 0 0 0
1826 763 36 40 522104 0 0 0
1861 879 62 40 381238 0 0 0
2020 787 50 46 742692 0 0 0
2243 627 49 45 236675 0 0 0
2414 897 57 43 557521 0 0 0
2427 1209 40 33 606720 0 0 0
2174 1520 45 30 989022 0 0 0
2256 1722 62 37 498483 0 0 0
2212 1423 56 29 880555 0 0 0
1988 1503 44 54 604745 0 0 0
2250 1643 66 54 768895 0 0 0
2044 1568 50 45 965533 0 0 0
2045 1504 55 57 186819 0 0 0
1905 1366 66 57 282921 0 0 0
2078 1482 69 45 342185 0 0 0
574 522 53 47 539896 0 0 0
451 432 53 48 895053 0 0 0
577 615 59 29 477230 0 0 0
439 381 67 41 918651 0 0 0
640 549 50 30 958525 0 0 0
724 308 56 55 193417 0 0 0
699 321 37 46 469088 0 0 0
404 64 39 33 416685 0 0 0
708 231 37 53 857787 0 0 0
506 176 41 44 603705 0 0 0
382 167 68 56 351405 0 0 0
658 450 70 38 547922 0 0 0
615 358 40 30 897616 0 0 0
616 542 56 44 490334 0 0 0
348 303 58 39 895997 0 0 0
400 225 69 55 570466 0 0 0
123 -19 49 50 712440 0 0 0
416 102 48 43 976400 0 0 0
148 -16 50 31 356142 0 0 0
180 -89 39 35 210131 0 0 0
142 -381 35 38 695377 0 0 0
235 -706 43 35 969348 0 0 0
178 -603 68 38 969751 0 0 0
422 -699 41 41 655059 0 0 0
639 -421 35 34 790123 0 0 0
923 -517 66 28 427019 0 0 0
621 -592 43 39 387881 0 0 0
368 -502 62 56 745394 0 0 0
487 -321 52 32 295433 0 0 0
799 -160 59 50 160637 0 0 0
693 -28 47 56 345370 0 0 0
569 61 69 50 808250 0 0 0
257 201 61 52 266828 0 0 0
-48 1 42 45 755845 0 0 0
42 225 55 38 970911 0 0 0
-185 482 55 45 519642 0 0 0
-497 328 52 48 444714 0 0 0
-368 455 45 32 468891 0 0 0
-134 467 42 52 635183 0 0 0
-171 182 42 33 799705 0 0 0
-482 505 57 46 325338 0 0 0
-728 311 60 46 147507 0 0 0
-768 307 44 31 835515 0 0 0
-875 94 52 43 383656 0 0 0
-998 1201 38 38 665434 0 0 0
-1192 1204 60 48 205042 0 0 0
-1100 973 60 33 251622 0 0 0
-853 843 66 53 471850 0 0 0
-727 1053 64 39 476204 0 0 0
-864 873 35 42 603044 0 0 0
-1083 606 35 33 752933 0 0 0
-1380 528 39 52 353478 0 0 0
-1283 534 54 43 922334 0 0 0
-1061 291 60 48 573113 0 0 0
-1131 353 44 38 756273 0 0 0
-1373 512 40 51 792234 0 0 0
-1417 690 66 28 893017 0 0 0
-1665 729 46 34 116597 0 0 0
-1709 500 40 30 292146 0 0 0
-1964 468 35 39 835278 0 0 0
-1691 565 58 56 749934 0 0 0
-1600 394 41 28 350416 0 0 0
-1556 693 41 28 110735 0 0 0
-1781 485 51 37 423749 0 0 0
-1530 474 44 31 659186 0 0 0
-1829 662 54 44 147402 0 0 0
-1963 658 69 50 881130 0 0 0
-2221 657 41 52 370065 0 0 0
-2259 351 35 34 838351 0 0 0
-2224 220 38 50 922539 0 0 0
-2536 65 46 29 664264 0 0 0
-2709 165 57 57 973130 0 0 0
-2521 79 40 40 795087 0 0 0
-2424 -164 54 48 860279 0 0 0
-2333 149 52 43 670524 0 0 0
-890 623 42 48 681489 0 0 0
-1179 473 40 46 932694 0 0 0
-1421 624 59 41 127583 0 0 0
-1586 506 52 55 149789 0 0 0
-1863 511 62 41 380792 0 0 0
-1600 454 52 40 433945 0 0 0
-1569 729 66 47 340014 0 0 0
-1323 608 52 45 152557 0 0 0
-1501 564 60 32 774862 0 0 0
-1629 510 35 40 729214 0 0 0
-1625 439 64 48 782469 0 0 0
-1382 611 61 37 678631 0 0 0
-1451 348 61 31 504274 0 0 0
-1694 296 51 34 326149 0 0 0
-1592 609 66 36 187230 0 0 0
-1681 351 38 43 424658 0 0 0
-1809 102 56 44 326577 0 0 0
-1976 101 68 46 480908 0 0 0
-2292 45 52 40 482976 0 0 0
-2600 153 60 38 370002 0 0 0
-2600 -64 39 43 802523 0 0 0
-2678 -153 53 53 991242 0 0 0
-2838 -444 44 41 362155 0 0 0
-3132 -289 44 28 233666 0 0 0
-3194 -431 37 36 511332 0 0 0
-3427 -291 68 33 251341 0 0 0
-358 105 68 37 416162 0 0 0
-498 -88 63 51 893832 0 0 0
-798 135 55 30 338512 0 0 0
-535 387 56 32 913945 0 0 0
-770 356 68 32 319991 0 0 0
-726 87 39 44 498823 0 0 0
-896 15 58 34 901189 0 0 0
-971 74 60 42 179822 0 0 0
-1016 -250 65 54 774396 0 0 0
-1285 75 57 47 591265 0 0 0
-1057 126 67 38 572762 0 0 0
-1143 -162 45 39 991747 0 0 0
-1239 -206 65 30 674425 0 0 0
-1509 -283 65 54 165500 0 0 0
-1470 -530 35 35 652226 0 0 0
-1490 -633 68 52 278137 0 0 0
-1186 -648 46 40 908071 0 0 0
-1258 -421 52 30 949096 0 0 0
-1424 -307 70 51 354836 0 0 0
-1407 8 70 34 801608 0 0 0
-1461 -187 42 35 437859 0 0 0
-1671 -367 38 48 733959 0 0 0
-1653 -60 42 28 124112 0 0 0
-1941 109 37 39 443609 0 0 0
-1824 78 46 30 887044 0 0 0
-1504 -78 64 37 657750 0 0 0
-1451 -161 41 31 745782 0 0 0
-1739 31 58 56 622851 0 0 0
-1895 -57 40 35 584355 0 0 0
-1712 -10 45 30 812006 0 0 0
-1471 58 70 38 753685 0 0 0
-1755 169 62 38 217151 0 0 0
-1923 253 39 47 565560 0 0 0
-2210 57 36 54 741417 0 0 0
-2263 72 69 28 718769 0 0 0
-2154 -26 55 56 631125 0 0 0
-567 362 49 32 400618 0 0 0
-796 367 58 34 310860 0 0 0
-1084 656 43 29 818543 0 0 0
-765 475 62 31 762540 0 0 0
-682 268 46 32 195549 0 0 0
-364 255 57 42 371644 0 0 0
-146 362 48 35 636814 0 0 0
-60 312 58 49 856656 0 0 0
-315 48 49 30 784384 0 0 0
-188 -205 49 45 761365 0 0 0
108 -527 56 52 634776 0 0 0
143 -357 37 32 420155 0 0 0
176 -210 66 43 146802 0 0 0
-58 -113 70 47 535309 0 0 0
-120 97 57 32 606272 0 0 0
-30 243 48 43 254124 0 0 0
-206 234 65 34 427426 0 0 0
89 238 40 31 304727 0 0 0
-168 294 41 44 687695 0 0 0
114 250 48 34 907004 0 0 0
-8 513 44 49 641491 0 0 0
182 379 37 39 769364 0 0 0
-117 574 37 55 689298 0 0 0
198 436 65 30 590419 0 0 0
463 530 64 53 764313 0 0 0
549 701 36 44 604116 0 0 0
300 816 48 32 750787 0 0 0
61 877 54 38 653083 0 0 0
-70 640 50 45 472065 0 0 0
66 902 69 36 548942 0 0 0
12 1158 66 51 540510 0 0 0
-176 1066 56 43 709984 0 0 0
5 1300 35 30 464377 0 0 0
-232 1594 49 47 744833 0 0 0
-371 1362 66 33 313970 0 0 0
-654 1271 39 51 718800 0 0 0
-871 1484 58 41 124209 0 0 0
-1132 1361 51 54 467321 0 0 0
-939 1606 39 35 754225 0 0 0
-686 1845 58 35 491577 0 0 0
-513 1744 70 46 595414 0 0 0
-773 1812 62 49 242226 0 0 0
-578 -956 45 41 712183 0 0 0
-800 -1079 39 30 438523 0 0 0
-1115 -789 42 49 260867 0 0 0
-1064 -584 44 45 435860 0 0 0
-1315 -816 49 37 529071 0 0 0
-1617 -997 38 54 788536 0 0 0
-1710 -902 48 42 339068 0 0 0
-2012 -645 63 34 493152 0 0 0
-2074 -549 51 40 351544 0 0 0
-2090 -571 45 49 417804 0 0 0
-2185 -544 64 48 226103 0 0 0
-2089 -561 39 44 838083 0 0 0
-2309 -725 50 28 205126 0 0 0
-2313 -948 65 39 190540 0 0 0
-2193 -1143 37 32 590688 0 0 0
-2069 -1105 61 31 632396 0 0 0
-2196 -781 59 29 572652 0 0 0
-2384 -923 55 41 256750 0 0 0
-2425 -876 58 34 559282 0 0 0
-2431 -930 44 49 482571 0 0 0
-2384 -668 61 45 511004 0 0 0
-2157 -508 54 55 418930 0 0 0
-1915 -527 66 31 256483 0 0 0
-1752 -333 58 43 895038 0 0 0
-1909 -160 58 36 339177 0 0 0
-2115 -181 38 34 817078 0 0 0
-2384 -77 40 56 386930 0 0 0
-683 575 58 34 507276 0 0 0
-469 272 44 55 502640 0 0 0
-442 81 42 49 670209 0 0 0
-282 -165 61 40 695347 0 0 0
-590 77 47 57 440597 0 0 0
-308 269 56 34 385127 0 0 0
-524 -7 57 34 341302 0 0 0
-815 234 55 56 249325 0 0 0
-593 542 44 50 967269 0 0 0
-337 588 63 32 723400 0 0 0
-596 393 64 30 753169 0 0 0
-499 452 68 39 750208 0 0 0
-581 307 38 35 290383 0 0 0
-828 570 66 41 950211 0 0 0
-768 545 39 33 359778 0 0 0
-915 312 55 53 126510 0 0 0
-1172 423 45 40 817055 0 0 0
-1291 283 41 49 433628 0 0 0
-1557 605 53 41 802006 0 0 0
-1507 527 38 53 645028 0 0 0
-1274 688 37 43 994287 0 0 0
-1155 504 42 34 951142 0 0 0
-1141 260 48 54 955526 0 0 0
-1200 466 49 28 618140 0 0 0
-1119 760 61 34 666626 0 0 0
-898 445 38 41 385115 0 0 0
-642 239 43 53 113422 0 0 0
-505 0 46 33 885838 0 0 0
-253 107 39 38 442212 0 0 0
70 -204 60 45 532045 0 0 0
260 -295 45 48 901514 0 0 0
112 -243 58 41 609770 0 0 0
292 -541 42 45 790201 0 0 0
1011 903 40 40 517227 0 0 0
1294 599 60 52 741615 0 0 0
1411 274 67 34 269443 0 0 0
1730 205 57 53 418154 0 0 0
