1500
1453 1175 46 63 756924 0 0 0
1208 1396 73 60 356141 0 0 0
891 1696 47 44 351227 0 0 0
635 1388 38 57 482746 0 0 0
503 1375 61 37 336267 0 0 0
685 1507 72 42 701557 0 0 0
601 1785 38 36 882480 0 0 0
399 1757 65 54 581289 0 0 0
525 1656 69 33 234135 0 0 0
226 1891 77 56 400993 0 0 0
311 2190 42 44 168057 0 0 0
48 1908 77 34 660354 0 0 0
362 2048 57 47 631338 0 0 0
716 1763 56 47 774333 0 0 0
992 1696 43 50 409915 0 0 0
702 1487 51 59 552076 0 0 0
368 1244 66 54 386100 0 0 0
476 1461 55 51 226200 0 0 0
646 1465 44 52 994650 0 0 0
360 1778 59 34 230041 0 0 0
489 1880 62 59 935839 0 0 0
603 2093 45 50 403956 0 0 0
595 1923 53 41 924700 0 0 0
353 1992 59 37 538987 0 0 0
623 1975 72 62 664096 0 0 0
352 1851 56 46 706521 0 0 0
674 1639 51 52 545251 0 0 0
939 1796 68 48 718325 0 0 0
895 1558 49 40 540639 0 0 0
619 1663 58 45 518225 0 0 0
884 1999 64 47 696854 0 0 0
671 1696 67 33 283103 0 0 0
991 2005 49 46 397090 0 0 0
1328 1869 44 45 555947 0 0 0
1621 1971 70 62 164594 0 0 0
1629 1634 57 51 813457 0 0 0
268 927 61 38 444722 0 0 0
11 939 73 43 676407 0 0 0
-196 1233 64 62 631913 0 0 0
-408 893 61 50 489040 0 0 0
-186 1215 64 64 670240 0 0 0
-358 1509 65 60 341641 0 0 0
-668 1826 59 53 728407 0 0 0
-928 1838 54 36 901091 0 0 0
-785 2103 72 58 137503 0 0 0
-471 1865 73 34 952509 0 0 0
-364 1759 62 37 776772 0 0 0
-614 2002 53 34 755128 0 0 0
-397 2354 45 59 411361 0 0 0
-482 2556 57 43 936273 0 0 0
-597 2292 50 41 387421 0 0 0
-426 2010 46 48 326508 0 0 0
-135 2199 69 40 347031 0 0 0
-429 1917 52 63 906574 0 0 0
-695 1685 60 40 532682 0 0 0
-941 1559 43 58 190353 0 0 0
501 -1038 44 60 418857 0 0 0
810 -934 58 63 553434 0 0 0
727 -956 70 40 573339 0 0 0
396 -1131 42 59 931289 0 0 0
469 -995 55 53 622646 0 0 0
569 -952 66 49 340393 0 0 0
632 -885 46 58 882344 0 0 0
827 -742 49 55 574436 0 0 0
930 -1013 62 39 230336 0 0 0
1205 -1050 73 62 321273 0 0 0
1238 -947 50 34 545983 0 0 0
1183 -935 57 53 406843 0 0 0
1001 -927 57 54 296358 0 0 0
1002 -899 54 35 372438 0 0 0
1222 -829 53 41 839534 0 0 0
1468 -654 49 59 864685 0 0 0
1572 -576 54 49 984116 0 0 0
1651 -894 41 37 306242 0 0 0
1743 -1141 50 33 208119 0 0 0
1615 -845 72 46 618241 0 0 0
1918 -776 54 50 457873 0 0 0
1564 -901 64 36 933090 0 0 0
1470 -999 46 53 888232 0 0 0
1571 -1090 40 60 394888 0 0 0
1610 -1054 50 48 536005 0 0 0
1281 -692 58 54 572204 0 0 0
1515 -659 42 53 152090 0 0 0
1859 -735 74 35 334469 0 0 0
1748 -950 71 53 458351 0 0 0
1841 -585 62 46 106966 0 0 0
2026 -884 51 63 370812 0 0 0
1959 -655 53 52 809059 0 0 0
1925 -750 71 47 561427 0 0 0
-91 -26 38 42 399906 0 0 0
90 130 61 38 763790 0 0 0
-13 431 52 41 663535 0 0 0
36 114 39 48 708145 0 0 0
-226 221 43 52 512353 0 0 0
-282 537 48 64 471014 0 0 0
-52 782 68 62 541380 0 0 0
186 533 58 59 133701 0 0 0
62 837 71 51 670987 0 0 0
390 985 77 50 579497 0 0 0
657 1012 40 33 665628 0 0 0
629 993 50 61 576654 0 0 0
893 690 40 44 706109 0 0 0
1030 697 39 61 775665 0 0 0
782 929 63 36 390349 0 0 0
1028 731 70 44 685126 0 0 0
936 429 75 43 135316 0 0 0
1133 279 70 54 682185 0 0 0
1190 521 55 33 827695 0 0 0
1129 447 43 56 751533 0 0 0
1479 294 68 46 986556 0 0 0
1429 532 69 46 116081 0 0 0
1399 -553 69 64 152008 0 0 0
1760 -719 71 50 400330 0 0 0
2107 -571 67 34 122536 0 0 0
1828 -444 65 55 595577 0 0 0
1752 -698 61 52 811676 0 0 0
1931 -1031 53 63 345060 0 0 0
1686 -697 61 37 260931 0 0 0
1363 -427 43 57 358310 0 0 0
1280 -160 39 36 811853 0 0 0
1470 84 43 41 155613 0 0 0
1625 448 45 58 774499 0 0 0
1661 280 63 46 633890 0 0 0
1510 517 54 49 403265 0 0 0
1666 361 54 35 726318 0 0 0
1583 620 49 49 487672 0 0 0
1641 909 39 64 850304 0 0 0
1372 660 62 62 949592 0 0 0
1609 652 74 59 285549 0 0 0
1686 900 44 53 380147 0 0 0
1962 562 68 54 422338 0 0 0
1915 929 76 42 802821 0 0 0
1922 960 66 46 597947 0 0 0
1736 945 56 38 319853 0 0 0
1822 776 68 42 771936 0 0 0
1929 792 38 35 877735 0 0 0
1769 689 53 41 523785 0 0 0
1459 749 69 43 495932 0 0 0
1200 841 77 50 220098 0 0 0
-495 380 63 50 145867 0 0 0
-715 745 47 37 718538 0 0 0
-455 1064 46 35 287696 0 0 0
-748 810 66 52 780748 0 0 0
-512 812 46 37 638868 0 0 0
-706 1172 53 44 336554 0 0 0
-484 987 40 60 762216 0 0 0
-456 1341 62 43 843697 0 0 0
-236 1512 47 37 644131 0 0 0
-503 1272 38 36 742235 0 0 0
-555 1626 57 51 143921 0 0 0
-258 1370 44 51 707630 0 0 0
-439 1422 72 48 121286 0 0 0
-321 1775 46 59 914585 0 0 0
-688 1676 76 38 880952 0 0 0
-459 1713 57 37 467183 0 0 0
-459 1721 62 47 310425 0 0 0
-637 1786 71 54 504144 0 0 0
-396 1632 58 37 798511 0 0 0
-585 1350 69 38 210561 0 0 0
-682 1015 61 43 891085 0 0 0
-737 680 47 53 448558 0 0 0
-377 770 51 57 970986 0 0 0
-325 577 57 56 855116 0 0 0
-415 258 42 54 449675 0 0 0
-544 75 50 62 634194 0 0 0
-246 372 38 38 527928 0 0 0
-140 558 66 37 233216 0 0 0
-165 370 65 34 383374 0 0 0
3 97 53 59 229731 0 0 0
132 413 38 56 453375 0 0 0
310 723 39 55 335730 0 0 0
481 809 51 64 445027 0 0 0
411 694 61 43 744167 0 0 0
334 354 42 64 141969 0 0 0
676 -1336 38 41 495009 0 0 0
307 -1585 66 36 762097 0 0 0
298 -1860 38 46 834763 0 0 0
489 -2194 47 49 334920 0 0 0
817 -1939 65 49 721276 0 0 0
957 -2016 64 43 295205 0 0 0
1164 -2063 45 47 736922 0 0 0
933 -2188 40 62 194718 0 0 0
1109 -2384 61 43 192804 0 0 0
1038 -2348 75 49 902817 0 0 0
701 -2706 57 45 367595 0 0 0
456 -2872 76 49 231747 0 0 0
271 -2797 65 41 600986 0 0 0
225 -2977 60 50 189210 0 0 0
512 -2750 46 39 308678 0 0 0
405 -2721 63 61 411201 0 0 0
525 -2982 75 44 606901 0 0 0
711 -2660 39 50 542010 0 0 0
986 -2334 67 57 632706 0 0 0
1285 -146 43 48 138590 0 0 0
1098 15 42 50 725391 0 0 0
1112 144 64 45 933346 0 0 0
1048 -28 57 41 551279 0 0 0
1340 -205 55 61 626723 0 0 0
1387 -358 77 46 999224 0 0 0
1105 -135 45 59 194194 0 0 0
825 -99 64 49 103555 0 0 0
1148 -404 52 62 601451 0 0 0
1329 -541 77 61 281230 0 0 0
1199 -382 63 41 744290 0 0 0
1559 -292 44 37 438054 0 0 0
1544 -98 70 53 467993 0 0 0
1597 -358 58 41 327100 0 0 0
1703 -256 68 63 604991 0 0 0
2000 -144 66 34 105228 0 0 0
2375 -50 65 59 558939 0 0 0
2326 -333 65 64 943998 0 0 0
2084 -180 68 61 161873 0 0 0
1978 -78 66 63 405464 0 0 0
2246 138 57 62 830250 0 0 0
2506 468 48 56 737098 0 0 0
2309 468 53 46 408648 0 0 0
2445 476 49 36 699912 0 0 0
2773 220 53 51 950852 0 0 0
2500 120 60 47 558371 0 0 0
2380 424 69 50 930169 0 0 0
2646 501 48 39 686331 0 0 0
2371 761 54 48 888850 0 0 0
2049 974 42 62 447610 0 0 0
2360 1345 62 50 140308 0 0 0
2165 1154 75 34 955773 0 0 0
1818 1416 56 43 379743 0 0 0
2032 1200 42 50 900718 0 0 0
2280 863 39 38 295431 0 0 0
183 47 59 64 372415 0 0 0
299 400 71 41 493977 0 0 0
495 438 66 52 450228 0 0 0
854 407 75 55 343929 0 0 0
803 482 58 59 176577 0 0 0
948 772 72 62 147334 0 0 0
1261 1143 65 64 483934 0 0 0
1043 798 66 50 269429 0 0 0
864 432 55 33 397529 0 0 0
885 213 59 40 588520 0 0 0
1239 -49 46 53 755873 0 0 0
1215 -144 45 42 734618 0 0 0
1255 67 40 57 479825 0 0 0
1074 47 42 39 937065 0 0 0
736 410 56 56 616225 0 0 0
709 37 52 52 307329 0 0 0
985 -199 48 51 784246 0 0 0
1319 -523 76 46 224531 0 0 0
1403 -568 44 52 940712 0 0 0
1137 -742 58 43 338929 0 0 0
845 -972 40 62 411660 0 0 0
678 -1227 76 38 710532 0 0 0
614 -864 55 44 305362 0 0 0
381 -813 77 60 870949 0 0 0
490 -1179 54 36 775401 0 0 0
560 -1333 40 40 281283 0 0 0
863 -1493 39 51 391583 0 0 0
967 -1317 69 45 610297 0 0 0
640 -971 72 50 351045 0 0 0
447 -1131 53 53 642514 0 0 0
468 -1083 55 35 354650 0 0 0
566 -913 49 48 405118 0 0 0
530 -1195 57 35 240418 0 0 0
607 -1216 72 54 386984 0 0 0
917 -1011 62 45 902922 0 0 0
1252 -641 62 32 155922 0 0 0
1329 -413 77 61 562275 0 0 0
1111 -487 47 33 931892 0 0 0
1235 -496 43 43 753166 0 0 0
915 -602 40 32 179665 0 0 0
726 -472 46 38 415973 0 0 0
803 -309 56 52 676821 0 0 0
690 -148 57 60 676765 0 0 0
621 -432 53 42 817782 0 0 0
599 -123 75 37 853711 0 0 0
298 -102 57 52 179771 0 0 0
492 200 40 59 796505 0 0 0
514 47 43 32 468483 0 0 0
140 -123 41 53 248226 0 0 0
-50 -360 46 37 966216 0 0 0
107 -12 46 56 663706 0 0 0
-909 113 75 38 486971 0 0 0
-1069 32 57 41 659016 0 0 0
-703 -337 50 63 750637 0 0 0
-674 -579 68 59 494203 0 0 0
-843 -948 44 37 595163 0 0 0
-1018 -774 40 49 265159 0 0 0
-1263 -932 67 63 696888 0 0 0
-1495 -1184 73 40 163767 0 0 0
-1647 -943 50 46 264526 0 0 0
-1935 -905 73 63 221440 0 0 0
-1829 -1195 43 50 511278 0 0 0
-1675 -843 60 64 211015 0 0 0
-1556 -1208 44 55 215293 0 0 0
-1186 -974 42 41 424984 0 0 0
-1297 -1336 51 46 952280 0 0 0
-1370 -1586 61 49 267980 0 0 0
-1021 -1820 59 40 866388 0 0 0
-1055 -2078 69 39 862570 0 0 0
-1115 -1847 66 40 826402 0 0 0
-996 -1971 41 32 738291 0 0 0
-875 -2101 43 54 243083 0 0 0
-557 -1866 72 48 758021 0 0 0
-728 -1579 39 49 875767 0 0 0
-736 -1915 49 60 975963 0 0 0
-874 -2072 52 51 661593 0 0 0
-973 -1716 68 49 239457 0 0 0
-742 -1901 45 37 344105 0 0 0
-814 -2240 73 49 924066 0 0 0
-822 -1974 70 51 170824 0 0 0
-1048 -2099 49 64 364097 0 0 0
-1110 -1938 60 47 860440 0 0 0
-769 -1688 49 50 126055 0 0 0
-1006 -1947 56 41 966363 0 0 0
-1085 -1669 40 45 460907 0 0 0
-1281 -1728 40 43 378027 0 0 0
-1652 -1879 46 39 558617 0 0 0
-1628 -1938 56 63 275013 0 0 0
-1588 -1905 39 58 342350 0 0 0
-1895 -1795 50 35 667440 0 0 0
-1669 -1652 45 52 356347 0 0 0
-1400 -2023 55 39 235864 0 0 0
-1536 -2387 47 49 515693 0 0 0
-1234 -2695 49 43 358460 0 0 0
-1522 -2713 45 56 485081 0 0 0
-1888 -2492 63 62 905476 0 0 0
-837 -1051 62 38 218154 0 0 0
-1104 -837 54 52 646180 0 0 0
-1204 -529 54 53 131975 0 0 0
-1261 -513 42 38 275772 0 0 0
-1152 -500 53 61 983140 0 0 0
-1305 -689 51 44 219711 0 0 0
-1325 -979 54 53 862210 0 0 0
-1298 -830 64 54 169001 0 0 0
-1259 -676 53 57 815680 0 0 0
-1290 -721 63 58 852729 0 0 0
-1120 -694 74 33 276906 0 0 0
-1488 -880 65 39 940815 0 0 0
-1121 -1091 49 40 103251 0 0 0
-986 -840 53 42 686512 0 0 0
-654 -579 47 59 914682 0 0 0
-909 -617 44 52 889788 0 0 0
-1151 -572 69 57 183479 0 0 0
-1265 -810 72 55 929488 0 0 0
-1215 -771 71 42 354312 0 0 0
-1356 -1117 44 34 724259 0 0 0
-1481 -1447 52 42 813416 0 0 0
-1275 -1700 77 41 760833 0 0 0
-1320 -1604 50 40 728136 0 0 0
-1211 -1840 41 63 529718 0 0 0
-862 -2215 51 36 516214 0 0 0
-894 -2172 48 41 823231 0 0 0
-1243 -1821 76 53 166964 0 0 0
-1577 -1495 77 60 371993 0 0 0
-1832 -1636 51 49 603496 0 0 0
-2144 -1744 50 43 377147 0 0 0
-2401 -2022 77 36 519880 0 0 0
-2362 -1853 42 44 849115 0 0 0
-2612 -1647 39 39 567096 0 0 0
739 338 45 64 227057 0 0 0
843 188 46 61 686503 0 0 0
1023 -91 51 48 293115 0 0 0
1376 -121 59 57 592299 0 0 0
1187 -77 52 41 525978 0 0 0
850 59 42 40 809896 0 0 0
801 142 64 44 679660 0 0 0
580 -49 71 49 929031 0 0 0
940 158 72 56 862406 0 0 0
1204 282 69 46 208611 0 0 0
1160 506 44 43 367783 0 0 0
-202 1462 49 50 123190 0 0 0
-410 1435 67 40 704675 0 0 0
-564 1499 42 60 201636 0 0 0
-815 1271 52 44 422584 0 0 0
-859 1290 71 32 497553 0 0 0
-1225 1009 53 43 283818 0 0 0
-1027 1213 46 58 607900 0 0 0
-774 1084 76 49 515735 0 0 0
-906 1350 41 49 912426 0 0 0
-565 1102 69 36 738995 0 0 0
-834 1248 64 32 676527 0 0 0
-842 1295 39 51 378297 0 0 0
-581 1132 77 39 369378 0 0 0
-212 1186 61 46 772997 0 0 0
-342 1372 57 48 522163 0 0 0
-595 1656 38 42 547361 0 0 0
-624 1797 67 51 179015 0 0 0
-541 1942 47 57 629198 0 0 0
-872 2054 65 48 874021 0 0 0
-653 1772 63 63 410865 0 0 0
-928 1951 60 45 955263 0 0 0
-1237 1652 46 58 280493 0 0 0
-972 1910 45 32 529251 0 0 0
-612 2086 44 45 296470 0 0 0
-523 2137 56 35 316461 0 0 0
-168 2296 40 45 154071 0 0 0
-341 2582 73 50 232052 0 0 0
-366 2656 61 60 956560 0 0 0
-193 3021 60 54 856358 0 0 0
-391 2853 47 49 247472 0 0 0
-77 2567 64 33 610940 0 0 0
135 2322 61 34 777082 0 0 0
-214 2341 47 58 941597 0 0 0
-399 2298 77 36 211153 0 0 0
-757 2528 60 49 941790 0 0 0
-626 2656 69 53 720696 0 0 0
-558 2703 76 46 981545 0 0 0
-715 2724 69 45 202932 0 0 0
-407 2820 42 56 483156 0 0 0
-713 2711 59 52 692386 0 0 0
-964 2796 65 49 712378 0 0 0
-890 2716 71 62 273796 0 0 0
-672 2389 42 57 934318 0 0 0
-913 2222 68 58 992745 0 0 0
-1104 1902 70 60 330922 0 0 0
-887 1569 59 57 881932 0 0 0
-572 1872 41 36 860225 0 0 0
-270 1712 51 57 316918 0 0 0
27 1862 57 35 883551 0 0 0
-66 1687 74 50 693595 0 0 0
-358 1906 66 33 496885 0 0 0
-560 1807 40 45 557466 0 0 0
-543 1586 39 33 772971 0 0 0
-643 1402 49 62 279155 0 0 0
-904 1267 73 41 240674 0 0 0
-863 1481 68 44 661976 0 0 0
-1195 1588 41 63 608467 0 0 0
-1006 1954 62 52 789629 0 0 0
-1348 2251 50 35 155442 0 0 0
-1390 2538 50 63 730328 0 0 0
-1156 2390 46 45 711985 0 0 0
-1004 2300 49 42 514493 0 0 0
-646 2169 73 39 213853 0 0 0
-932 1885 48 57 641212 0 0 0
-984 2167 42 62 807817 0 0 0
-881 2513 45 64 427561 0 0 0
-774 2510 57 54 367366 0 0 0
-878 2847 66 34 192556 0 0 0
-937 3034 55 46 541183 0 0 0
-963 2977 71 37 307116 0 0 0
-691 2675 67 40 693809 0 0 0
-990 2861 57 48 713703 0 0 0
-980 2612 42 40 606803 0 0 0
-689 2793 69 34 979965 0 0 0
-705 2729 61 48 714759 0 0 0
-700 3082 70 54 172538 0 0 0
-998 3285 64 49 769797 0 0 0
-1112 3258 48 62 161930 0 0 0
-1084 3569 73 61 687996 0 0 0
-1287 3918 67 38 279457 0 0 0
-1084 4066 48 41 238919 0 0 0
-1052 3822 72 60 893621 0 0 0
-1031 3591 68 43 434691 0 0 0
-866 3681 76 63 525045 0 0 0
-934 3885 70 58 711984 0 0 0
-789 3743 58 49 303123 0 0 0
-447 3974 43 34 786118 0 0 0
-506 3768 66 64 557251 0 0 0
-402 3503 45 48 326919 0 0 0
-491 3770 55 64 203020 0 0 0
-513 3977 70 34 247813 0 0 0
-364 3685 58 55 691793 0 0 0
-515 4053 38 37 457034 0 0 0
-470 3804 49 60 863773 0 0 0
-489 4101 60 51 733934 0 0 0
1045 986 65 34 533015 0 0 0
1315 1130 53 56 785933 0 0 0
1230 1083 41 55 944354 0 0 0
1541 917 59 62 181625 0 0 0
1741 771 60 50 570124 0 0 0
2038 696 43 48 564864 0 0 0
1987 557 49 44 879653 0 0 0
2148 604 72 51 819191 0 0 0
2033 904 52 34 400271 0 0 0
2161 675 52 33 596546 0 0 0
2468 367 60 62 114718 0 0 0
2763 420 60 59 789315 0 0 0
2848 273 52 60 778106 0 0 0
3080 338 74 56 574077 0 0 0
2958 707 40 59 126021 0 0 0
3163 940 56 51 129611 0 0 0
3468 813 43 35 672052 0 0 0
3529 1174 54 56 271464 0 0 0
3652 1361 68 35 942348 0 0 0
3676 1231 42 41 542944 0 0 0
3361 1439 65 45 921353 0 0 0
3386 1139 76 53 566068 0 0 0
3439 866 44 42 517335 0 0 0
3449 1188 60 58 646200 0 0 0
3386 1326 58 51 689648 0 0 0
3434 1438 62 61 914636 0 0 0
3539 1392 63 41 156474 0 0 0
3218 1549 52 63 174727 0 0 0
3490 1414 52 36 995548 0 0 0
3651 1588 64 55 335340 0 0 0
3524 1485 72 37 642840 0 0 0
3759 1326 59 38 454230 0 0 0
4032 1093 65 60 937067 0 0 0
3970 1103 76 41 884107 0 0 0
4260 1044 54 53 257642 0 0 0
4092 1303 69 43 124920 0 0 0
4320 1444 40 62 103810 0 0 0
4536 1291 50 61 484058 0 0 0
4692 1664 57 50 380503 0 0 0
5061 1825 66 34 960752 0 0 0
4844 1592 40 53 980770 0 0 0
4535 1750 52 35 339611 0 0 0
4229 1854 67 46 495023 0 0 0
3862 1747 61 50 329951 0 0 0
3800 1560 68 52 945339 0 0 0
3667 1646 58 54 206819 0 0 0
3844 1313 51 42 146901 0 0 0
3889 1238 54 33 238141 0 0 0
4165 1581 43 60 529951 0 0 0
4290 1570 52 42 842684 0 0 0
4325 1258 54 58 482372 0 0 0
4492 1391 54 41 188425 0 0 0
4147 1052 72 32 330775 0 0 0
3859 699 57 34 433323 0 0 0
3647 794 48 33 730860 0 0 0
3366 584 42 54 527917 0 0 0
3566 807 51 63 510423 0 0 0
3633 1017 66 64 785463 0 0 0
3792 645 56 56 439171 0 0 0
4037 812 75 57 788715 0 0 0
3800 480 43 64 387723 0 0 0
3677 446 63 34 627391 0 0 0
3756 674 71 55 479645 0 0 0
3462 897 69 54 847349 0 0 0
3089 982 71 64 551653 0 0 0
2810 1201 53 32 961718 0 0 0
3032 1443 47 64 846635 0 0 0
3229 1468 60 32 522946 0 0 0
3376 1175 77 62 741700 0 0 0
3686 899 42 33 640716 0 0 0
3998 859 47 58 639159 0 0 0
-322 -211 55 35 916764 0 0 0
-368 123 64 33 648383 0 0 0
-176 332 72 63 234888 0 0 0
151 185 69 42 199979 0 0 0
399 -50 55 57 260493 0 0 0
49 -191 62 50 693855 0 0 0
-321 -362 74 54 845844 0 0 0
-167 -83 61 63 755013 0 0 0
-143 -274 54 34 499482 0 0 0
-822 -563 77 58 464030 0 0 0
-1081 -874 51 64 189401 0 0 0
-745 -741 51 50 583667 0 0 0
-773 -474 49 39 542159 0 0 0
-708 -357 45 32 757301 0 0 0
-354 -176 51 61 496967 0 0 0
-705 193 67 58 193267 0 0 0
-1033 245 56 52 733475 0 0 0
-1253 402 77 60 868998 0 0 0
-1172 294 72 41 217391 0 0 0
-1063 620 57 51 513651 0 0 0
-1285 746 66 61 751131 0 0 0
-1057 825 55 56 767930 0 0 0
-1192 1021 66 32 918796 0 0 0
-1438 1229 56 46 548246 0 0 0
-1462 1308 53 46 839740 0 0 0
-1401 1594 72 37 411892 0 0 0
-1367 1469 63 40 195857 0 0 0
-1041 1732 70 36 508851 0 0 0
-951 1953 70 52 828087 0 0 0
-813 2252 67 33 978748 0 0 0
-789 2121 63 50 490431 0 0 0
-1089 2126 60 61 656713 0 0 0
-1022 2120 67 39 177823 0 0 0
-963 1869 77 54 669985 0 0 0
-877 2213 74 45 731222 0 0 0
-1218 2090 43 60 140939 0 0 0
-1131 1888 70 64 861640 0 0 0
-1391 1797 41 38 739830 0 0 0
-1725 1793 57 51 351959 0 0 0
-1390 2038 56 56 653057 0 0 0
-1574 2131 45 40 363432 0 0 0
-1447 2003 46 46 539248 0 0 0
-1400 1831 74 35 166846 0 0 0
-1422 2167 58 55 212058 0 0 0
-1050 1996 64 38 666892 0 0 0
-1214 1835 53 61 975456 0 0 0
-992 2016 67 50 518768 0 0 0
-1002 2094 42 45 917376 0 0 0
-958 2354 52 41 650844 0 0 0
-659 2041 57 35 929816 0 0 0
-754 2413 48 40 681943 0 0 0
-689 2443 54 62 464196 0 0 0
-1018 2574 60 50 279401 0 0 0
-806 2621 72 52 804152 0 0 0
-1058 2406 74 34 442883 0 0 0
-1092 2032 53 62 308905 0 0 0
-1322 1779 43 49 992612 0 0 0
-1194 2054 53 43 530436 0 0 0
-1233 2295 45 35 911912 0 0 0
-1241 2632 52 43 659131 0 0 0
-1369 2382 51 53 860304 0 0 0
-1157 2177 47 36 235925 0 0 0
849 112 66 49 752004 0 0 0
1138 -100 68 60 982584 0 0 0
1126 84 68 36 397054 0 0 0
1408 211 59 50 416025 0 0 0
1224 -144 65 59 538465 0 0 0
1439 -213 58 42 522546 0 0 0
1413 -455 68 47 387329 0 0 0
1479 -515 43 64 550000 0 0 0
1720 -571 46 39 161931 0 0 0
1756 -665 71 63 535976 0 0 0
1873 -768 59 41 203286 0 0 0
2082 -500 58 43 273553 0 0 0
1965 -405 74 50 861389 0 0 0
2331 -508 72 46 182921 0 0 0
2679 -617 76 52 838980 0 0 0
2369 -695 64 45 489661 0 0 0
2231 -686 42 60 437156 0 0 0
2524 -873 64 64 981773 0 0 0
2621 -797 74 38 143748 0 0 0
2311 -663 58 36 791985 0 0 0
2373 -630 60 42 243787 0 0 0
2114 -347 40 54 533359 0 0 0
1745 -579 58 39 602835 0 0 0
2086 -797 42 37 123858 0 0 0
2398 -617 59 64 941515 0 0 0
2662 -464 46 41 126512 0 0 0
2421 -415 61 54 966586 0 0 0
2217 -455 66 56 683626 0 0 0
2177 -552 45 47 630017 0 0 0
1948 -325 69 43 356538 0 0 0
1729 -108 50 62 729968 0 0 0
2037 -45 77 48 350467 0 0 0
2191 293 55 50 904927 0 0 0
2164 357 44 49 318308 0 0 0
2469 10 72 45 152013 0 0 0
2130 280 71 50 432521 0 0 0
2023 378 76 59 538083 0 0 0
2055 378 48 36 104320 0 0 0
1864 50 47 47 223507 0 0 0
1520 -179 62 37 958939 0 0 0
1645 -174 64 37 519282 0 0 0
1520 188 48 62 573805 0 0 0
1268 288 77 55 610419 0 0 0
1311 -82 51 42 701510 0 0 0
1311 219 62 64 237968 0 0 0
1253 158 55 38 271655 0 0 0
1394 279 66 39 963573 0 0 0
1111 47 66 54 365286 0 0 0
861 -1349 77 34 677760 0 0 0
1086 -1159 55 49 581032 0 0 0
926 -918 47 47 569052 0 0 0
906 -545 50 63 680176 0 0 0
629 -426 76 38 182680 0 0 0
593 -324 39 50 185873 0 0 0
342 -124 62 57 530927 0 0 0
69 -86 60 53 665116 0 0 0
-30 -358 56 44 949074 0 0 0
142 -58 65 59 472983 0 0 0
192 279 49 33 146488 0 0 0
-12 269 54 50 470834 0 0 0
200 599 76 33 517216 0 0 0
51 407 49 55 540679 0 0 0
-110 323 50 33 869553 0 0 0
61 173 73 33 841887 0 0 0
-145 192 63 61 872967 0 0 0
-381 554 42 56 292200 0 0 0
-125 560 62 59 278279 0 0 0
-458 668 58 57 721790 0 0 0
-316 430 53 56 463285 0 0 0
-96 88 63 62 550623 0 0 0
-192 -152 59 45 901827 0 0 0
-439 -122 74 60 292446 0 0 0
-804 -150 75 35 811849 0 0 0
-1137 -427 49 36 305568 0 0 0
-1382 -742 46 50 696250 0 0 0
-1138 -983 59 40 360991 0 0 0
-990 -768 41 61 835015 0 0 0
-971 -631 46 44 452603 0 0 0
-1243 -410 77 58 675419 0 0 0
-1361 -623 42 52 718701 0 0 0
-1220 -450 47 64 452677 0 0 0
-1145 -592 72 54 595817 0 0 0
-806 -423 51 34 595648 0 0 0
-634 -466 59 64 131258 0 0 0
-593 -151 62 64 941013 0 0 0
-641 -328 54 56 382440 0 0 0
-369 -652 62 56 457952 0 0 0
-226 -294 64 42 235790 0 0 0
-275 -324 67 43 709513 0 0 0
-11 -561 73 33 105901 0 0 0
-377 -250 42 38 514579 0 0 0
-260 93 52 50 251580 0 0 0
-609 157 45 60 338921 0 0 0
-962 -48 69 48 509966 0 0 0
-1193 203 74 32 534045 0 0 0
-1244 50 53 60 756554 0 0 0
-1316 -99 74 33 288724 0 0 0
-1048 -249 43 58 431772 0 0 0
-1195 -139 43 46 815069 0 0 0
-1074 15 62 49 369276 0 0 0
-1136 -15 60 32 947960 0 0 0
-1102 -220 76 64 377851 0 0 0
-961 -154 61 41 819295 0 0 0
-876 -319 51 56 360067 0 0 0
-944 13 60 35 355480 0 0 0
-634 -103 41 36 758027 0 0 0
-997 -236 67 62 267332 0 0 0
-844 -352 63 48 444271 0 0 0
-1168 -223 74 55 616234 0 0 0
-287 -703 70 55 253238 0 0 0
-37 -530 52 36 241129 0 0 0
-245 -841 55 57 148155 0 0 0
-525 -871 58 55 866973 0 0 0
-173 -603 64 38 701366 0 0 0
-300 -235 75 55 807658 0 0 0
-200 -343 46 44 594171 0 0 0
-39 -204 40 64 153463 0 0 0
57 56 73 32 625898 0 0 0
-178 64 45 60 218281 0 0 0
-407 389 62 36 464374 0 0 0
-184 223 71 44 889819 0 0 0
152 3 75 32 566421 0 0 0
-91 39 62 49 323084 0 0 0
-94 287 44 48 779667 0 0 0
90 628 75 50 124279 0 0 0
-80 808 55 45 328825 0 0 0
160 767 42 35 627848 0 0 0
200 662 59 54 366738 0 0 0
115 761 57 47 941975 0 0 0
376 463 71 49 122930 0 0 0
743 821 38 35 271846 0 0 0
431 1023 45 36 268383 0 0 0
525 776 70 49 306020 0 0 0
179 865 39 55 976320 0 0 0
466 700 42 40 158308 0 0 0
542 772 49 35 765410 0 0 0
169 764 71 33 938879 0 0 0
71 691 70 35 235290 0 0 0
372 797 61 58 668478 0 0 0
326 1010 38 56 151672 0 0 0
444 785 43 54 110366 0 0 0
637 969 39 55 322059 0 0 0
584 866 46 63 299410 0 0 0
832 953 54 38 813588 0 0 0
1162 796 74 50 349671 0 0 0
1342 675 54 52 168661 0 0 0
1024 400 61 38 269186 0 0 0
1093 464 58 36 212627 0 0 0
1406 108 43 41 664589 0 0 0
1496 479 53 64 326563 0 0 0
1539 215 72 53 670517 0 0 0
1703 439 77 33 304586 0 0 0
1431 412 75 47 164764 0 0 0
1601 717 52 35 195645 0 0 0
1424 521 56 40 492567 0 0 0
1729 387 68 43 522098 0 0 0
1948 537 46 36 192770 0 0 0
1933 806 57 48 904576 0 0 0
1975 891 49 42 331902 0 0 0
2271 1146 49 63 458816 0 0 0
2194 852 73 33 213819 0 0 0
131 339 68 60 409203 0 0 0
111 597 51 49 669882 0 0 0
-234 707 39 60 995662 0 0 0
40 550 69 48 672848 0 0 0
323 610 42 51 613508 0 0 0
73 432 64 39 759977 0 0 0
445 580 45 44 178925 0 0 0
473 799 51 41 466262 0 0 0
680 619 71 39 705709 0 0 0
851 869 49 35 859463 0 0 0
1021 560 38 51 382603 0 0 0
1042 543 58 36 140311 0 0 0
841 800 65 60 361638 0 0 0
1028 1066 68 41 153796 0 0 0
878 890 48 39 284394 0 0 0
1233 535 52 35 922162 0 0 0
1064 727 48 36 975345 0 0 0
1082 493 49 53 443055 0 0 0
1028 135 49 63 929393 0 0 0
770 -1411 52 38 327484 0 0 0
417 -1390 73 36 585036 0 0 0
179 -1396 65 51 928560 0 0 0
416 -1063 75 36 675990 0 0 0
494 -1399 60 33 307851 0 0 0
524 -1641 76 59 487610 0 0 0
892 -1625 60 53 107245 0 0 0
1211 -1943 43 46 279399 0 0 0
1305 -1774 76 39 938868 0 0 0
1351 -1691 47 33 446365 0 0 0
1150 -1345 52 49 910399 0 0 0
1150 -1700 59 55 760972 0 0 0
1276 -2067 69 39 363295 0 0 0
1143 -1799 42 51 266214 0 0 0
800 -1492 53 37 802522 0 0 0
1001 -1267 77 63 397468 0 0 0
1030 113 54 42 412019 0 0 0
1209 -261 67 54 672506 0 0 0
1110 -545 46 47 267412 0 0 0
991 -201 77 55 157098 0 0 0
1347 -83 47 38 570962 0 0 0
1084 -122 68 50 223832 0 0 0
785 -299 63 45 512845 0 0 0
1050 -214 39 63 591757 0 0 0
843 -294 76 35 994795 0 0 0
1021 -356 76 51 285959 0 0 0
682 -145 59 60 802510 0 0 0
917 116 50 48 732166 0 0 0
1032 130 73 33 785637 0 0 0
1055 294 64 51 356450 0 0 0
895 369 63 40 105645 0 0 0
1030 248 55 51 640922 0 0 0
736 326 44 57 988030 0 0 0
913 399 66 53 180214 0 0 0
1279 515 48 49 333603 0 0 0
1633 441 45 49 601805 0 0 0
1857 570 59 53 142410 0 0 0
1987 315 43 52 446829 0 0 0
2209 264 46 39 682957 0 0 0
2394 281 63 61 388785 0 0 0
2143 -77 74 40 576410 0 0 0
2023 -245 65 63 325222 0 0 0
2000 -288 53 45 159436 0 0 0
1990 -347 58 47 768918 0 0 0
2130 -125 73 60 705211 0 0 0
2427 68 40 37 290006 0 0 0
2398 365 43 61 500572 0 0 0
2548 397 73 39 986207 0 0 0
2858 732 65 33 283436 0 0 0
2699 766 59 36 717693 0 0 0
2770 793 42 46 758477 0 0 0
2487 546 73 44 845543 0 0 0
2532 574 50 61 503012 0 0 0
2440 571 69 57 688763 0 0 0
2782 245 59 57 467364 0 0 0
3156 -127 63 64 280176 0 0 0
2866 -484 65 54 185477 0 0 0
2756 -252 56 34 202537 0 0 0
3070 -310 48 32 724977 0 0 0
3312 -171 62 62 603514 0 0 0
3677 -168 58 36 847563 0 0 0
3518 86 62 46 563578 0 0 0
3871 328 74 38 620538 0 0 0
3850 379 52 44 747803 0 0 0
3699 132 50 58 817157 0 0 0
4057 147 65 62 617546 0 0 0
3870 503 63 48 739817 0 0 0
3900 304 72 38 515749 0 0 0
1150 834 54 59 715282 0 0 0
1137 846 39 45 787744 0 0 0
777 1088 40 39 654703 0 0 0
923 1295 61 45 515558 0 0 0
1138 993 73 46 385516 0 0 0
876 706 54 41 335706 0 0 0
758 712 74 52 686680 0 0 0
793 853 56 33 220435 0 0 0
755 1101 44 45 516163 0 0 0
537 892 52 36 312350 0 0 0
1077 -1031 69 61 184655 0 0 0
950 -1321 67 46 282572 0 0 0
1209 -1398 57 44 992058 0 0 0
1308 -1332 44 49 158719 0 0 0
1024 -1110 52 48 856005 0 0 0
1340 -773 45 62 850183 0 0 0
1204 -666 54 39 583930 0 0 0
1248 -465 51 49 120697 0 0 0
891 -334 39 58 342942 0 0 0
859 -137 65 55 646966 0 0 0
922 -341 61 49 936693 0 0 0
1105 -519 44 56 985195 0 0 0
858 -658 74 51 227470 0 0 0
851 -352 68 44 916276 0 0 0
1169 -375 43 61 895057 0 0 0
1447 -565 66 54 624146 0 0 0
-329 501 71 41 257471 0 0 0
-260 266 41 60 395061 0 0 0
-419 341 65 33 429972 0 0 0
-777 111 68 39 881907 0 0 0
-768 386 51 45 820806 0 0 0
-660 47 69 42 454447 0 0 0
-771 279 53 43 934468 0 0 0
-419 473 45 48 148191 0 0 0
-227 501 48 53 465406 0 0 0
-314 327 56 36 904711 0 0 0
-49 229 46 40 823581 0 0 0
188 471 41 43 275848 0 0 0
237 528 59 45 486217 0 0 0
402 867 72 43 438124 0 0 0
74 1106 62 48 119110 0 0 0
-136 1092 65 39 726740 0 0 0
-324 1076 71 63 257405 0 0 0
-567 810 65 40 167635 0 0 0
-615 577 65 40 515996 0 0 0
-297 724 64 64 552762 0 0 0
-570 1064 66 63 878609 0 0 0
-204 1300 56 51 139609 0 0 0
-334 1643 49 63 749051 0 0 0
-224 1879 76 60 599623 0 0 0
147 1545 77 36 934206 0 0 0
242 -779 49 60 495237 0 0 0
301 -729 46 46 303513 0 0 0
43 -488 76 64 521916 0 0 0
269 -392 76 64 718529 0 0 0
294 -107 76 55 827040 0 0 0
595 -145 65 64 358126 0 0 0
371 157 48 32 404442 0 0 0
347 158 45 34 104890 0 0 0
568 237 75 33 422277 0 0 0
212 594 75 57 458932 0 0 0
339 543 46 48 607348 0 0 0
152 864 63 53 870083 0 0 0
-77 1153 70 36 360060 0 0 0
-425 849 40 37 302388 0 0 0
-279 1148 46 40 968740 0 0 0
611 -562 39 35 768596 0 0 0
869 -372 74 44 168683 0 0 0
612 -687 60 61 804632 0 0 0
449 -1017 77 55 890914 0 0 0
243 -1047 50 41 392328 0 0 0
421 -1175 59 37 580112 0 0 0
347 -1426 62 47 185762 0 0 0
200 -1328 38 45 772761 0 0 0
216 -1552 52 47 727019 0 0 0
-142 -1651 75 51 125905 0 0 0
-303 -1804 74 54 350540 0 0 0
-631 -1559 48 50 590593 0 0 0
-827 -1313 42 52 943539 0 0 0
-1095 -1643 56 36 932194 0 0 0
-817 -1436 57 48 326966 0 0 0
-980 -1176 69 48 320097 0 0 0
-1221 -1502 76 46 810753 0 0 0
-1226 -1249 63 54 839385 0 0 0
-1560 -1198 75 59 243293 0 0 0
-1724 -923 43 52 856084 0 0 0
-2015 -935 64 59 399452 0 0 0
-1658 -940 67 52 306230 0 0 0
-1973 -576 38 37 601347 0 0 0
-1949 -491 52 47 863197 0 0 0
-1956 -392 42 50 104952 0 0 0
-2270 -212 77 51 999027 0 0 0
-1914 -519 65 39 379270 0 0 0
-2204 -439 54 34 462351 0 0 0
-1939 -637 76 47 276541 0 0 0
-2249 -643 48 57 890248 0 0 0
-2255 -866 57 36 311893 0 0 0
-1897 -1120 70 62 775323 0 0 0
-2149 -1163 75 50 118486 0 0 0
-2129 -1415 69 42 649921 0 0 0
-2085 -1374 44 38 710252 0 0 0
-2231 -1126 61 38 767405 0 0 0
-1970 -1319 58 58 504774 0 0 0
-1740 -1010 65 59 345458 0 0 0
-1583 -1143 77 41 580610 0 0 0
-1456 -1164 40 51 339594 0 0 0
-1529 -957 56 42 699774 0 0 0
-1814 -945 48 38 836265 0 0 0
499 1105 49 57 274795 0 0 0
301 1214 48 47 408025 0 0 0
610 1381 77 58 983152 0 0 0
425 1346 69 33 661324 0 0 0
55 1170 64 46 276128 0 0 0
179 1149 55 55 660491 0 0 0
338 1065 74 53 877929 0 0 0
328 968 66 63 786644 0 0 0
-42 1200 74 51 490431 0 0 0
22 1191 70 46 827863 0 0 0
-243 1219 46 54 486173 0 0 0
-200 953 69 35 511849 0 0 0
-292 1267 65 49 242200 0 0 0
-522 1040 62 52 638975 0 0 0
-442 1012 55 36 862370 0 0 0
-520 770 46 37 251842 0 0 0
-720 831 64 56 850233 0 0 0
-424 780 74 44 850903 0 0 0
-722 956 64 33 965066 0 0 0
-419 759 44 48 697609 0 0 0
-346 1027 68 42 892925 0 0 0
-135 721 53 33 297146 0 0 0
-420 464 45 33 294357 0 0 0
-103 620 65 45 827630 0 0 0
-921 -350 51 60 720776 0 0 0
-852 -677 51 47 147184 0 0 0
-1026 -504 58 47 454682 0 0 0
-787 -449 46 46 665149 0 0 0
-790 -359 59 38 881334 0 0 0
-497 -94 74 33 101131 0 0 0
-857 -171 55 42 446707 0 0 0
-816 -143 49 34 483412 0 0 0
-516 61 57 38 216268 0 0 0
-456 85 43 60 782870 0 0 0
-608 375 38 36 880077 0 0 0
-235 642 62 48 274136 0 0 0
-297 306 70 52 744866 0 0 0
-411 -49 67 38 880710 0 0 0
-593 -398 76 52 401545 0 0 0
-340 -249 54 53 350913 0 0 0
-363 -232 66 50 789077 0 0 0
-209 -274 42 38 890415 0 0 0
-548 -451 58 50 945898 0 0 0
-499 -348 53 59 695701 0 0 0
-349 -530 57 42 714458 0 0 0
-605 -671 60 38 455642 0 0 0
-817 -401 54 42 827203 0 0 0
-903 -75 72 39 453471 0 0 0
-691 -297 47 38 805450 0 0 0
-625 -362 49 59 184601 0 0 0
-738 -98 48 49 862604 0 0 0
-469 126 42 45 310637 0 0 0
-101 467 54 32 846025 0 0 0
-271 209 53 53 597787 0 0 0
-532 -97 67 37 805802 0 0 0
-851 -317 58 44 343829 0 0 0
-1136 -471 71 45 932953 0 0 0
-836 -800 47 54 355511 0 0 0
-925 -923 68 38 536397 0 0 0
-1170 -961 63 62 650750 0 0 0
-1410 -1140 45 54 110233 0 0 0
-1502 -1339 51 52 557254 0 0 0
-1215 -1126 65 62 191305 0 0 0
-1536 -1321 65 32 903183 0 0 0
-1640 -1672 72 60 136974 0 0 0
-1440 -1915 46 57 967373 0 0 0
-1602 -2051 48 61 722481 0 0 0
-1742 -1694 64 54 868520 0 0 0
-1440 -1448 51 35 455486 0 0 0
-1290 -1776 44 52 706318 0 0 0
-823 -704 76 37 712528 0 0 0
-1162 -954 52 37 700002 0 0 0
-918 -965 39 40 142872 0 0 0
-863 -1091 64 35 201793 0 0 0
-748 -854 73 40 843206 0 0 0
-375 -783 52 32 117848 0 0 0
-200 -853 39 58 838435 0 0 0
-247 -1189 49 38 611532 0 0 0
-269 -993 64 52 566049 0 0 0
-221 -867 57 53 402268 0 0 0
-367 -1170 73 54 823302 0 0 0
-313 -1533 47 35 985437 0 0 0
-566 -1466 40 32 966837 0 0 0
-460 -1648 67 52 792940 0 0 0
-687 -1367 39 41 711285 0 0 0
-765 -1663 75 54 530697 0 0 0
-795 -1682 45 53 460370 0 0 0
-1129 -1847 42 39 980952 0 0 0
-1281 -2054 70 39 969204 0 0 0
-1090 -2384 53 48 274751 0 0 0
-772 -2198 75 60 236972 0 0 0
-539 -2125 68 60 547306 0 0 0
-512 -2037 41 51 201692 0 0 0
153 -548 50 40 187097 0 0 0
43 -494 74 39 728621 0 0 0
80 -231 57 58 594025 0 0 0
160 123 69 38 802676 0 0 0
-118 -224 45 36 669354 0 0 0
5 -271 38 37 163290 0 0 0
-297 -165 44 34 318577 0 0 0
-1 146 63 49 156521 0 0 0
125 133 47 37 728960 0 0 0
-233 420 72 34 452096 0 0 0
-321 409 60 59 223052 0 0 0
-356 67 54 42 463015 0 0 0
-319 -280 46 60 773555 0 0 0
20 -590 45 41 573315 0 0 0
-241 -928 72 59 287620 0 0 0
-587 -1019 57 44 252258 0 0 0
-743 -1276 51 39 815634 0 0 0
-463 -1190 61 37 852538 0 0 0
-326 -1328 55 62 949944 0 0 0
-73 -1520 63 38 405908 0 0 0
190 -1475 69 37 980182 0 0 0
-23 -1759 62 52 220411 0 0 0
38 -1846 73 59 702617 0 0 0
389 -1839 47 34 497161 0 0 0
207 -1768 63 45 847387 0 0 0
147 -1777 55 60 106295 0 0 0
279 -1840 51 34 250745 0 0 0
545 -1581 75 55 850793 0 0 0
1494 587 42 48 251209 0 0 0
1124 678 65 52 576643 0 0 0
795 918 71 36 756091 0 0 0
615 722 71 64 971432 0 0 0
836 360 56 40 400870 0 0 0
1127 484 60 32 396150 0 0 0
1361 365 39 61 234451 0 0 0
1285 187 47 32 402419 0 0 0
1414 308 75 58 193824 0 0 0
1654 297 43 42 227072 0 0 0
1643 464 43 49 775096 0 0 0
1639 787 53 35 545297 0 0 0
1600 964 47 64 567399 0 0 0
1254 985 42 46 585198 0 0 0
1367 1272 44 34 697883 0 0 0
1713 1341 56 62 495418 0 0 0
2030 1214 67 46 993356 0 0 0
1989 1291 52 53 936277 0 0 0
2139 1157 58 44 968019 0 0 0
2181 1177 55 51 822562 0 0 0
2500 1128 40 47 447112 0 0 0
2309 975 67 64 979577 0 0 0
2134 716 62 33 688215 0 0 0
1880 548 75 34 498969 0 0 0
1526 417 72 50 292636 0 0 0
1577 643 54 39 116265 0 0 0
-1198 -210 77 51 653416 0 0 0
-1086 -124 44 63 728196 0 0 0
-758 -201 64 36 406031 0 0 0
-1069 -327 73 64 531154 0 0 0
-697 -386 39 56 796954 0 0 0
-466 -398 70 37 653555 0 0 0
-811 -129 72 45 641913 0 0 0
-560 -160 46 51 866309 0 0 0
-617 157 51 46 904223 0 0 0
-965 -20 70 48 330331 0 0 0
-1003 30 66 64 214908 0 0 0
-792 107 38 48 181111 0 0 0
-417 272 45 60 333220 0 0 0
-768 133 69 35 578987 0 0 0
-975 -123 46 61 624014 0 0 0
-839 -187 53 43 880514 0 0 0
-870 -45 48 32 110876 0 0 0
-987 -82 38 36 626841 0 0 0
-703 -124 42 51 339569 0 0 0
-336 -122 75 62 107548 0 0 0
33 83 43 38 985545 0 0 0
-56 -25 77 55 195308 0 0 0
298 -80 71 39 686719 0 0 0
218 -263 75 38 520663 0 0 0
20 -574 75 44 916472 0 0 0
301 -723 39 46 707568 0 0 0
620 -1025 57 36 267340 0 0 0
984 -670 42 43 529212 0 0 0
825 -914 69 43 688517 0 0 0
663 -850 67 37 171820 0 0 0
1014 -762 42 41 420802 0 0 0
923 -549 58 44 383694 0 0 0
1084 -205 75 34 148724 0 0 0
803 -488 53 32 113934 0 0 0
585 -564 68 43 878224 0 0 0
776 -593 74 59 315720 0 0 0
1146 -394 43 50 853392 0 0 0
1065 -178 66 61 802696 0 0 0
1064 25 45 64 161662 0 0 0
1294 373 43 64 713986 0 0 0
1474 1428 77 46 756822 0 0 0
1295 1678 74 34 147808 0 0 0
1393 1455 73 49 532803 0 0 0
1368 1436 38 59 295695 0 0 0
1679 1574 72 47 642592 0 0 0
1761 1548 66 40 219309 0 0 0
1989 1591 54 35 363164 0 0 0
1649 1251 67 64 926475 0 0 0
1564 1386 45 56 557612 0 0 0
1420 1505 55 61 750314 0 0 0
1414 1708 70 50 963412 0 0 0
1447 2063 75 53 427957 0 0 0
1151 2123 47 37 702275 0 0 0
1468 2249 48 63 573467 0 0 0
1178 1950 40 37 405985 0 0 0
1252 1621 74 51 558566 0 0 0
1097 1380 45 43 347449 0 0 0
994 1451 68 58 344038 0 0 0
666 1805 68 52 805032 0 0 0
774 1873 44 35 286173 0 0 0
571 2096 60 43 850687 0 0 0
382 2322 54 47 560709 0 0 0
366 2098 70 51 676736 0 0 0
345 1972 59 33 621249 0 0 0
299 1619 67 61 555582 0 0 0
-56 1886 63 47 591476 0 0 0
-236 1904 42 49 949411 0 0 0
-98 1871 50 44 925633 0 0 0
-81 1733 57 44 795940 0 0 0
-281 1935 47 45 376009 0 0 0
-1038 257 60 35 535386 0 0 0
-1173 -21 42 46 814773 0 0 0
-1521 -394 46 54 945490 0 0 0
-1364 -683 75 50 864346 0 0 0
-1080 -364 71 38 366470 0 0 0
-1347 -111 64 43 436558 0 0 0
-1208 -312 42 56 444021 0 0 0
-1057 -354 66 48 527138 0 0 0
-1164 -291 48 52 645541 0 0 0
-1262 -17 50 44 705333 0 0 0
-1343 -278 57 38 521346 0 0 0
-1634 -294 53 37 182538 0 0 0
-1607 -308 40 32 936796 0 0 0
-1598 -385 49 48 974964 0 0 0
-1239 -165 62 47 403937 0 0 0
-1063 -467 75 42 229398 0 0 0
-1028 -173 75 60 581117 0 0 0
-1001 116 50 46 207385 0 0 0
-1213 41 60 43 154036 0 0 0
-1172 269 65 45 809001 0 0 0
-1403 481 42 38 736002 0 0 0
-1585 726 58 51 518379 0 0 0
-1920 1080 54 42 542259 0 0 0
-1616 785 61 51 673815 0 0 0
-1963 911 38 58 744723 0 0 0
1282 -689 61 40 609828 0 0 0
966 -861 49 58 849809 0 0 0
1060 -734 38 56 355735 0 0 0
908 -594 65 36 621746 0 0 0
622 -444 45 55 179752 0 0 0
851 -487 50 43 581986 0 0 0
750 -172 52 32 856307 0 0 0
722 -197 45 33 608940 0 0 0
939 -240 44 36 227419 0 0 0
1004 -44 76 33 718292 0 0 0
1370 32 62 41 448195 0 0 0
1590 -229 77 55 791942 0 0 0
1454 -167 42 63 519513 0 0 0
1615 -463 49 52 133996 0 0 0
1883 -123 40 34 629237 0 0 0
1879 19 71 56 325813 0 0 0
2189 47 43 43 612874 0 0 0
2556 -41 67 43 150292 0 0 0
2457 114 46 62 316971 0 0 0
2780 -43 64 38 636242 0 0 0
2958 318 39 37 811607 0 0 0
3036 -48 58 59 387363 0 0 0
2736 -154 65 42 689390 0 0 0
2659 -80 73 51 969262 0 0 0
2355 144 51 58 429789 0 0 0
2725 248 70 50 521835 0 0 0
3049 14 51 33 158098 0 0 0
2807 120 38 43 129942 0 0 0
2933 369 50 46 506141 0 0 0
2947 466 45 62 169797 0 0 0
3120 518 40 36 536217 0 0 0
483 -340 56 47 611187 0 0 0
362 -221 38 60 921537 0 0 0
17 -14 45 56 585948 0 0 0
243 341 52 52 449899 0 0 0
95 354 48 52 987012 0 0 0
102 693 50 33 915396 0 0 0
-27 928 73 42 992745 0 0 0
-266 1237 60 37 427449 0 0 0
62 1116 42 37 741593 0 0 0
318 1312 41 50 841794 0 0 0
626 1201 39 59 970244 0 0 0
765 1566 74 33 674540 0 0 0
883 1419 53 56 840337 0 0 0
603 1078 65 50 736910 0 0 0
850 1051 46 48 531769 0 0 0
1045 1139 62 42 722821 0 0 0
1405 849 67 55 130069 0 0 0
1515 855 74 33 477423 0 0 0
1692 1014 53 56 714600 0 0 0
1686 750 47 39 774033 0 0 0
1755 427 40 50 900310 0 0 0
1459 605 58 56 974439 0 0 0
1654 675 73 48 343457 0 0 0
2024 737 56 32 287265 0 0 0
1875 734 49 48 727776 0 0 0
1662 408 69 42 471226 0 0 0
1723 197 69 63 210604 0 0 0
1407 241 70 41 643949 0 0 0
1288 20 45 54 134967 0 0 0
1173 -164 39 59 842867 0 0 0
1135 -279 45 39 672258 0 0 0
1429 -546 60 62 475135 0 0 0
1505 -218 75 50 352812 0 0 0
1254 108 68 43 961284 0 0 0
1435 -134 50 38 688797 0 0 0
1605 -145 77 50 418698 0 0 0
1800 0 49 49 294457 0 0 0
2120 -235 59 59 176431 0 0 0
2086 -440 39 61 483840 0 0 0
2383 -220 53 52 374543 0 0 0
2485 15 53 38 792904 0 0 0
2300 186 46 54 826051 0 0 0
2263 175 70 39 153562 0 0 0
2245 -130 54 56 756924 0 0 0
2236 -480 42 44 159974 0 0 0
2460 -281 76 51 504694 0 0 0
2286 -360 67 45 378671 0 0 0
2585 -251 72 36 950512 0 0 0
2826 -1 68 45 564882 0 0 0
3005 -62 65 46 608202 0 0 0
2810 -396 57 54 932179 0 0 0
2861 -423 73 39 834481 0 0 0
2795 -100 45 54 267380 0 0 0
3104 50 74 32 653694 0 0 0
2825 388 68 62 368738 0 0 0
2940 431 46 55 200100 0 0 0
2802 164 73 33 881670 0 0 0
2584 414 76 33 100713 0 0 0
2669 411 65 47 149685 0 0 0
2967 322 61 41 784858 0 0 0
-777 857 62 36 660350 0 0 0
-973 558 46 56 285244 0 0 0
-693 235 64 51 670978 0 0 0
-815 -137 38 63 598123 0 0 0
-516 144 46 51 466131 0 0 0
-524 -222 61 61 572950 0 0 0
-680 -51 73 41 162835 0 0 0
-396 -356 40 54 468234 0 0 0
-713 -384 44 36 482404 0 0 0
-446 -333 48 32 118282 0 0 0
-583 -160 74 59 905109 0 0 0
-525 68 40 48 406316 0 0 0
-771 303 72 54 779549 0 0 0
-408 448 45 53 881642 0 0 0
-498 237 68 60 772496 0 0 0
-463 100 49 54 905497 0 0 0
-363 435 48 42 455331 0 0 0
-263 450 44 44 340401 0 0 0
-435 521 74 49 289221 0 0 0
-630 687 51 63 797137 0 0 0
-724 880 53 64 623038 0 0 0
-592 1104 68 35 242911 0 0 0
-847 1201 69 60 734289 0 0 0
-1125 1320 71 36 736177 0 0 0
-1273 1526 56 53 575437 0 0 0
-1199 1189 65 45 972678 0 0 0
-860 958 65 54 405581 0 0 0
-608 711 77 48 437575 0 0 0
-654 911 58 44 123971 0 0 0
-405 566 67 53 215411 0 0 0
-71 925 74 32 881927 0 0 0
-389 662 49 38 398663 0 0 0
-144 749 62 42 711342 0 0 0
-200 1076 53 51 341184 0 0 0
-551 1446 65 47 951750 0 0 0
-218 1796 51 52 603324 0 0 0
135 2139 41 32 776485 0 0 0
-218 1831 72 55 359972 0 0 0
-563 1818 49 52 688218 0 0 0
309 -1146 67 54 860189 0 0 0
384 -892 61 37 205582 0 0 0
332 -855 75 40 661092 0 0 0
702 -684 64 54 930009 0 0 0
771 -372 49 41 866545 0 0 0
399 -452 75 32 820723 0 0 0
464 -640 41 46 941489 0 0 0
123 -640 50 52 714794 0 0 0
-36 -524 38 48 869925 0 0 0
-21 -433 66 58 464859 0 0 0
353 -639 41 42 807394 0 0 0
570 -349 59 35 807373 0 0 0
571 -711 70 41 476255 0 0 0
269 -1074 48 42 287263 0 0 0
365 -727 52 32 394116 0 0 0
204 -837 68 51 787483 0 0 0
-54 -621 66 64 562151 0 0 0
177 -508 60 34 657335 0 0 0
357 -321 57 42 433081 0 0 0
164 -31 45 56 555053 0 0 0
-175 276 51 44 502427 0 0 0
-216 326 56 64 726650 0 0 0
-448 316 66 57 207852 0 0 0
-426 210 42 60 517029 0 0 0
-496 541 70 37 384086 0 0 0
-691 505 63 51 523338 0 0 0
-715 575 61 40 369096 0 0 0
-944 535 51 41 933619 0 0 0
-893 666 68 34 435835 0 0 0
-1195 749 51 53 164863 0 0 0
-1298 1017 62 54 429069 0 0 0
-1521 650 69 52 299039 0 0 0
-1466 524 48 49 583285 0 0 0
-1742 463 55 58 939416 0 0 0
-1536 189 41 56 450547 0 0 0
-1292 367 74 56 846014 0 0 0
-1067 66 68 58 595456 0 0 0
-1002 220 59 58 986897 0 0 0
-1360 243 50 36 851326 0 0 0
-1678 -42 52 51 829793 0 0 0
-1694 152 64 59 907792 0 0 0
-1372 799 52 53 782071 0 0 0
-1343 1056 51 60 154543 0 0 0
-1262 1217 55 62 712237 0 0 0
-1371 1303 53 41 428645 0 0 0
-1176 1047 44 33 304433 0 0 0
-1350 874 72 51 983839 0 0 0
-1660 567 77 63 369202 0 0 0
-1679 880 75 45 668929 0 0 0
-1616 890 70 52 132221 0 0 0
1073 1427 74 41 349537 0 0 0
1214 1339 67 39 305061 0 0 0
1229 1531 68 52 453290 0 0 0
1277 1465 47 40 131522 0 0 0
1385 1704 49 52 566013 0 0 0
1709 1332 74 41 671061 0 0 0
1977 1523 63 39 331073 0 0 0
2031 1181 57 55 383198 0 0 0
2048 874 41 52 352195 0 0 0
2220 1010 77 37 328221 0 0 0
2400 671 74 51 233510 0 0 0
2203 591 44 38 363792 0 0 0
1962 322 64 33 679886 0 0 0
2194 463 62 48 303692 0 0 0
2431 462 42 62 867587 0 0 0
2242 236 61 33 603230 0 0 0
-1421 -710 65 54 833782 0 0 0
-1302 -450 64 51 636042 0 0 0
-1404 -213 47 33 813225 0 0 0
-1269 -295 57 38 724539 0 0 0
-1013 -106 59 64 308984 0 0 0
-867 205 76 59 973761 0 0 0
-1032 -141 44 51 490039 0 0 0
-678 37 54 59 265001 0 0 0
-928 47 73 49 245893 0 0 0
-729 335 63 61 199780 0 0 0
-1043 281 43 34 914070 0 0 0
-987 27 76 34 815249 0 0 0
-886 -226 56 36 679165 0 0 0
-888 -59 44 53 381808 0 0 0
-614 -231 71 33 336396 0 0 0
-357 -601 62 48 482889 0 0 0
-459 -543 49 32 883745 0 0 0
-405 -888 72 34 845444 0 0 0
-774 -996 48 53 356616 0 0 0
-782 -853 49 44 348156 0 0 0
-1123 -869 56 52 590084 0 0 0
-989 -939 62 51 111831 0 0 0
-1119 -1089 51 47 138826 0 0 0
-1113 -1069 53 33 524183 0 0 0
-834 -805 41 50 326651 0 0 0
-475 -1091 77 55 272725 0 0 0
-218 -1279 72 58 479752 0 0 0
-364 -1203 55 52 156520 0 0 0
-493 -1287 66 37 861267 0 0 0
-492 -1022 66 33 441209 0 0 0
-289 -834 76 40 837881 0 0 0
-370 -1104 47 50 205040 0 0 0
-687 -1212 67 55 994461 0 0 0
-684 -1442 71 34 332424 0 0 0
966 719 52 61 874579 0 0 0
1033 820 55 48 906569 0 0 0
858 786 72 60 906381 0 0 0
620 591 46 61 910072 0 0 0
714 269 58 48 255154 0 0 0
737 291 52 51 373434 0 0 0
449 550 45 56 127761 0 0 0
561 603 55 50 980873 0 0 0
271 679 56 47 228137 0 0 0
206 651 50 37 140065 0 0 0
-19 436 59 45 411255 0 0 0
101 239 39 35 796500 0 0 0
55 182 49 35 525056 0 0 0
-182 -15 68 52 739725 0 0 0
-748 -1056 69 43 765540 0 0 0
-517 -685 75 51 827158 0 0 0
-726 -582 57 32 844408 0 0 0
-708 -369 58 38 978226 0 0 0
-374 -300 70 41 716395 0 0 0
-129 -137 50 32 111537 0 0 0
-324 -119 69 63 964218 0 0 0
-450 -441 77 63 356192 0 0 0
-316 -364 54 60 111982 0 0 0
-371 -248 56 36 913821 0 0 0
-142 -228 70 58 620612 0 0 0
-512 20 62 48 130745 0 0 0
-327 -52 70 62 159410 0 0 0
-318 -211 49 52 276921 0 0 0
-624 -320 52 40 437750 0 0 0
-591 -652 62 51 721468 0 0 0
-462 -968 47 62 277946 0 0 0
-525 -656 57 56 575914 0 0 0
-817 -825 49 59 336891 0 0 0
-466 -1088 63 50 154665 0 0 0
-622 -1179 66 32 999044 0 0 0
-977 -1184 39 64 574339 0 0 0
-933 -1173 41 44 861704 0 0 0
-1081 -1416 56 57 591549 0 0 0
-1064 -1325 40 61 399722 0 0 0
-1152 -1224 68 45 730062 0 0 0
-1367 -1294 41 51 936086 0 0 0
-1024 -1346 67 33 908087 0 0 0
-1158 -1688 67 58 630394 0 0 0
-1161 -1476 75 55 717031 0 0 0
-1361 -1675 63 35 368919 0 0 0
-1398 -1476 51 59 805588 0 0 0
-1422 -1664 69 60 492465 0 0 0
-1222 -1446 56 33 913511 0 0 0
-1395 -1437 52 50 844685 0 0 0
-1263 -1615 47 49 183038 0 0 0
-1389 -1913 59 45 771862 0 0 0
-1042 -1560 76 40 883426 0 0 0
-699 -1534 54 57 391605 0 0 0
-870 -1375 58 55 195481 0 0 0
-676 -1106 47 63 793019 0 0 0
-977 -1410 73 45 600478 0 0 0
-962 -1378 65 32 482325 0 0 0
-793 -1606 67 57 675184 0 0 0
-1035 -1965 41 35 345758 0 0 0
-1044 -1652 53 35 909855 0 0 0
-1167 -1997 50 38 118577 0 0 0
-1107 -1784 75 55 144965 0 0 0
-775 -1649 63 60 818494 0 0 0
-424 -1969 76 45 477830 0 0 0
-72 -2054 39 37 595707 0 0 0
-106 -2137 48 56 547133 0 0 0
-14 -1768 62 63 715493 0 0 0
94 -1534 49 62 945227 0 0 0
-171 -1832 52 64 227863 0 0 0
-251 -1527 38 52 875901 0 0 0
23 -1592 49 35 886467 0 0 0
30 -1484 38 55 297022 0 0 0
-148 -1706 70 40 759032 0 0 0
-172 -2006 42 50 163120 0 0 0
11 -2140 39 32 993311 0 0 0
76 -2105 69 48 860452 0 0 0
