1700
1637 727 72 40 886345 0 0 0
1711 331 73 45 379378 0 0 0
1573 447 56 65 190656 0 0 0
1508 862 59 42 462971 0 0 0
1915 800 52 69 767378 0 0 0
2115 376 69 41 718378 0 0 0
2361 97 79 51 183355 0 0 0
2589 121 42 57 206499 0 0 0
2890 403 63 35 188923 0 0 0
3298 45 53 67 995605 0 0 0
2874 -262 51 66 658958 0 0 0
3166 -203 49 36 738529 0 0 0
3148 148 79 65 415763 0 0 0
3044 265 67 56 226306 0 0 0
2836 502 76 52 169938 0 0 0
2511 151 76 46 701436 0 0 0
2433 -183 72 61 796890 0 0 0
2779 84 70 38 419979 0 0 0
3039 305 75 50 832921 0 0 0
3442 410 58 48 779686 0 0 0
3705 302 83 61 869768 0 0 0
3968 -115 45 54 369203 0 0 0
4068 51 71 63 524134 0 0 0
4313 220 72 67 605366 0 0 0
4206 52 66 37 298322 0 0 0
3839 253 84 70 933077 0 0 0
3876 363 62 46 431354 0 0 0
3664 772 81 69 584788 0 0 0
3606 1064 66 51 925174 0 0 0
3546 1374 46 59 807622 0 0 0
3523 1313 53 59 675342 0 0 0
3657 1211 78 61 928318 0 0 0
3828 1569 79 57 524100 0 0 0
3858 1165 65 59 401517 0 0 0
3743 1481 74 46 296630 0 0 0
3586 1315 51 60 338989 0 0 0
3528 1483 61 70 690473 0 0 0
3606 1517 46 56 427299 0 0 0
3197 1159 81 48 175767 0 0 0
3403 1316 63 38 934011 0 0 0
3118 1172 68 67 623100 0 0 0
3445 1204 71 38 206419 0 0 0
3819 1000 80 38 430809 0 0 0
3453 1025 63 63 716632 0 0 0
3051 1327 77 55 390969 0 0 0
3142 1484 79 61 994861 0 0 0
2745 1886 53 42 613311 0 0 0
2982 1759 45 38 747428 0 0 0
2932 1832 45 52 749987 0 0 0
3188 1574 64 62 552914 0 0 0
3106 1177 50 46 491813 0 0 0
2851 1399 52 44 474712 0 0 0
2840 1311 50 40 610758 0 0 0
3227 1381 78 71 851784 0 0 0
-830 -348 44 39 655367 0 0 0
-534 -502 83 36 186891 0 0 0
-504 -887 83 62 255202 0 0 0
-657 -1082 78 39 850987 0 0 0
-1078 -1032 57 55 396832 0 0 0
-771 -1439 78 69 656288 0 0 0
-761 -1723 81 62 140508 0 0 0
-1073 -1575 53 59 460440 0 0 0
-1258 -1329 73 64 723497 0 0 0
-1173 -1508 47 54 754924 0 0 0
-1550 -1843 51 68 876593 0 0 0
-1607 -1756 59 64 165706 0 0 0
-2015 -1650 69 64 237781 0 0 0
-2015 -1432 82 50 466456 0 0 0
-1699 -1388 42 65 928092 0 0 0
-1404 -1688 82 56 332030 0 0 0
-1076 -1983 76 58 418446 0 0 0
-1215 -2354 73 57 579784 0 0 0
-1387 -2158 55 48 949939 0 0 0
-1799 -1878 44 42 344098 0 0 0
-2167 -2133 47 40 925326 0 0 0
-2591 -2055 71 56 871316 0 0 0
-2834 -2445 81 46 411021 0 0 0
-2818 -2685 57 64 659729 0 0 0
-3012 -2752 61 44 777251 0 0 0
-3274 -3060 76 59 800961 0 0 0
-3282 -2681 67 58 295197 0 0 0
-3602 -2766 78 61 101731 0 0 0
-3609 -2604 77 48 740436 0 0 0
-3429 -2716 83 60 714029 0 0 0
-3466 -2972 61 65 958987 0 0 0
-3327 -3275 78 58 953420 0 0 0
-3635 -3367 56 36 584896 0 0 0
-3824 -3273 61 66 264805 0 0 0
-3840 -3145 67 70 145867 0 0 0
-3583 -3228 52 56 467889 0 0 0
-3245 -3287 76 53 825296 0 0 0
-2877 -3182 45 69 323319 0 0 0
-2948 -3390 58 45 585664 0 0 0
-3340 -3355 60 55 175083 0 0 0
-3672 -3416 48 58 281127 0 0 0
-4011 -3308 71 40 860930 0 0 0
-3779 -3424 67 39 883534 0 0 0
-4039 -3007 64 44 785852 0 0 0
-4140 -3176 75 55 377643 0 0 0
-3727 -2849 77 42 928562 0 0 0
-4032 -2897 69 46 372006 0 0 0
-3677 -2672 62 50 808628 0 0 0
-4083 -3034 79 63 942692 0 0 0
-4415 -2997 46 51 474260 0 0 0
-4563 -3304 62 60 631805 0 0 0
992 1248 71 50 893290 0 0 0
1210 1604 78 63 730072 0 0 0
1436 1818 50 40 880690 0 0 0
1734 2069 46 36 251889 0 0 0
2078 1908 83 51 548185 0 0 0
2280 2227 72 45 933972 0 0 0
1947 2461 66 67 604437 0 0 0
1847 2474 43 42 854583 0 0 0
1586 2432 53 53 864841 0 0 0
1306 2136 51 69 576634 0 0 0
1297 2301 69 71 941739 0 0 0
1497 2220 56 46 923024 0 0 0
1092 2331 52 48 677030 0 0 0
1516 2340 84 48 395015 0 0 0
1933 2306 67 46 177569 0 0 0
1640 2148 79 42 775645 0 0 0
1504 2219 73 63 661150 0 0 0
1821 2365 56 43 334991 0 0 0
1558 2061 64 51 379304 0 0 0
1568 2279 54 43 864271 0 0 0
1728 2580 60 49 169036 0 0 0
1960 2435 45 59 845740 0 0 0
2314 2332 43 53 469509 0 0 0
2361 2301 43 53 789692 0 0 0
2631 2068 58 40 860316 0 0 0
2598 2117 75 67 581647 0 0 0
2184 1907 43 68 975678 0 0 0
2293 2141 66 47 730841 0 0 0
2081 2195 63 50 332221 0 0 0
2468 2315 43 44 158873 0 0 0
2201 1978 75 38 987367 0 0 0
2214 1983 79 68 995592 0 0 0
2482 1747 52 61 267956 0 0 0
2325 1947 71 48 780568 0 0 0
2564 1854 76 48 374559 0 0 0
2480 1948 59 66 119929 0 0 0
2534 1845 49 56 372528 0 0 0
2428 1531 77 56 730304 0 0 0
2246 1663 66 54 488522 0 0 0
2140 1434 62 51 137412 0 0 0
2198 1553 44 65 524796 0 0 0
2036 1303 82 35 120707 0 0 0
1669 1308 77 65 716143 0 0 0
2031 1620 46 65 600864 0 0 0
2319 1722 45 36 125747 0 0 0
2428 1750 42 39 404771 0 0 0
2484 1884 71 63 215096 0 0 0
2260 1889 70 48 747572 0 0 0
1913 1503 67 43 777606 0 0 0
2112 1914 70 36 490473 0 0 0
1893 1553 71 66 408860 0 0 0
1724 1506 69 62 434056 0 0 0
1543 1351 67 60 361959 0 0 0
1284 -74 81 43 168099 0 0 0
1631 -336 83 35 643665 0 0 0
1450 25 53 69 786444 0 0 0
1828 303 50 50 518853 0 0 0
1804 -74 51 66 121910 0 0 0
2058 -47 72 39 582304 0 0 0
1800 295 57 68 383372 0 0 0
1661 664 78 62 568547 0 0 0
2021 1088 55 52 523996 0 0 0
1821 1178 44 71 407457 0 0 0
1504 1041 72 63 152999 0 0 0
1783 1022 65 56 869643 0 0 0
1372 1081 60 69 405883 0 0 0
1738 661 80 71 546985 0 0 0
1852 987 61 59 972443 0 0 0
1738 1092 67 65 262244 0 0 0
1376 1279 43 42 914290 0 0 0
1214 1694 51 48 379317 0 0 0
868 1426 54 48 713758 0 0 0
981 1833 76 59 483594 0 0 0
602 1589 71 48 679406 0 0 0
682 1995 69 60 621805 0 0 0
601 1652 62 54 148077 0 0 0
903 1600 58 48 838765 0 0 0
1081 1636 78 53 615621 0 0 0
1391 1932 73 56 127229 0 0 0
1039 2012 84 40 390945 0 0 0
825 1871 71 51 995562 0 0 0
616 1673 69 42 720764 0 0 0
877 1949 60 47 227299 0 0 0
513 1818 78 47 360800 0 0 0
352 1853 49 45 235821 0 0 0
1697 219 49 54 119502 0 0 0
1773 -200 52 58 121528 0 0 0
1348 -89 84 35 479570 0 0 0
943 -180 70 39 856949 0 0 0
1286 38 48 42 347541 0 0 0
1565 -297 82 56 794881 0 0 0
1794 -254 81 60 997955 0 0 0
1708 -394 58 71 170717 0 0 0
2120 -386 65 65 327793 0 0 0
2200 -25 63 52 755750 0 0 0
1908 301 79 52 221920 0 0 0
1639 414 75 44 917186 0 0 0
2006 314 61 37 297474 0 0 0
1609 450 77 65 566637 0 0 0
1466 48 67 57 724058 0 0 0
1552 -12 50 64 209496 0 0 0
1184 10 62 48 759657 0 0 0
1017 95 62 40 814941 0 0 0
760 79 62 58 203426 0 0 0
713 171 57 63 831581 0 0 0
608 253 74 45 842934 0 0 0
525 65 82 48 237983 0 0 0
123 156 66 48 452334 0 0 0
-65 -231 56 51 474776 0 0 0
323 -451 80 61 590339 0 0 0
414 -735 84 45 797099 0 0 0
466 -1032 69 50 122374 0 0 0
117 -1258 81 68 878238 0 0 0
403 -1243 52 37 582119 0 0 0
176 -1502 82 65 130739 0 0 0
391 -1521 65 35 334024 0 0 0
493 -1846 55 49 564825 0 0 0
295 -1424 83 38 411818 0 0 0
143 -1769 77 68 417167 0 0 0
369 -1557 57 67 490589 0 0 0
78 -1655 51 47 503956 0 0 0
-193 -1736 80 51 456823 0 0 0
-522 -1369 75 53 609653 0 0 0
-831 -1591 47 36 887741 0 0 0
-746 -1249 64 40 879333 0 0 0
-1016 -1293 55 65 659347 0 0 0
-652 -1492 66 68 775959 0 0 0
-853 -1200 77 68 622880 0 0 0
-969 -1572 70 68 449210 0 0 0
-915 -1473 50 68 406128 0 0 0
-1340 -1475 78 36 399536 0 0 0
-1499 -1746 76 66 574223 0 0 0
-1318 -1875 76 36 254081 0 0 0
-1566 -1961 47 55 945694 0 0 0
-1964 -1826 63 54 258006 0 0 0
-2187 -1745 55 50 790065 0 0 0
-2316 -1630 69 38 869328 0 0 0
-2707 -1305 75 50 154713 0 0 0
-2614 -1591 67 43 747889 0 0 0
-2992 -1553 59 63 982719 0 0 0
-3176 -1630 62 45 800338 0 0 0
-3230 -1783 52 46 627183 0 0 0
-3218 -1691 60 61 164228 0 0 0
-1641 -535 47 43 815275 0 0 0
-2032 -523 75 47 507421 0 0 0
-1693 -789 76 59 948373 0 0 0
-1960 -843 61 70 706987 0 0 0
-1794 -1128 47 35 484947 0 0 0
-1535 -1088 59 46 723774 0 0 0
-1921 -1057 63 63 826580 0 0 0
-2176 -963 73 45 995602 0 0 0
-1788 -1093 61 47 405725 0 0 0
-2091 -1266 57 39 994279 0 0 0
-2221 -1463 63 37 489968 0 0 0
-1960 -1524 73 71 978194 0 0 0
-1907 -1393 74 66 766393 0 0 0
-1853 -1374 79 43 507069 0 0 0
-1894 -1107 52 52 186565 0 0 0
-1525 -993 48 61 618359 0 0 0
-1535 -1347 74 39 922988 0 0 0
-1115 -1289 43 67 363466 0 0 0
-1020 -1109 57 36 494638 0 0 0
-955 -774 58 50 330543 0 0 0
-809 -797 63 69 521495 0 0 0
-499 -414 56 44 648004 0 0 0
-78 -715 79 61 166942 0 0 0
47 -747 55 44 943335 0 0 0
469 -326 70 52 525221 0 0 0
392 -12 77 36 129926 0 0 0
558 171 43 41 281301 0 0 0
582 203 76 36 374140 0 0 0
420 337 82 71 118541 0 0 0
86 368 46 51 742724 0 0 0
285 441 72 36 448596 0 0 0
397 826 79 61 679835 0 0 0
382 976 47 41 912179 0 0 0
806 557 54 47 208958 0 0 0
572 904 57 41 669234 0 0 0
321 1139 66 53 751580 0 0 0
516 1218 51 45 610172 0 0 0
1439 730 66 63 159050 0 0 0
1560 747 53 54 993572 0 0 0
1620 343 59 56 718223 0 0 0
1780 32 69 37 596919 0 0 0
1606 277 60 50 976592 0 0 0
1785 514 53 39 940102 0 0 0
1983 184 66 43 834794 0 0 0
2125 -179 83 51 697268 0 0 0
1857 -113 57 57 468188 0 0 0
2070 -451 73 71 939318 0 0 0
1987 -665 82 35 618256 0 0 0
2152 -880 78 67 277089 0 0 0
2241 -1243 67 66 209134 0 0 0
2306 -1474 62 59 186764 0 0 0
2055 -1083 66 70 569439 0 0 0
2401 -1251 56 61 452265 0 0 0
2694 -1355 67 46 242252 0 0 0
3003 -1261 70 41 516482 0 0 0
2938 -891 73 48 260014 0 0 0
3299 -900 47 45 763309 0 0 0
3208 -643 79 65 500404 0 0 0
3266 -676 69 59 435523 0 0 0
3176 -602 43 57 922632 0 0 0
2942 -555 42 64 185548 0 0 0
2702 -523 79 59 119455 0 0 0
2801 -509 42 71 915247 0 0 0
3169 -787 65 71 818284 0 0 0
3375 -929 70 47 810966 0 0 0
1274 -1665 53 56 847357 0 0 0
871 -1862 59 35 842179 0 0 0
478 -2104 55 58 855641 0 0 0
177 -2153 44 68 887404 0 0 0
-133 -2096 72 37 408862 0 0 0
256 -1848 75 53 696344 0 0 0
429 -1992 50 41 269704 0 0 0
707 -2054 57 62 175512 0 0 0
1003 -2236 70 55 973348 0 0 0
578 -2302 65 54 252851 0 0 0
980 -2296 45 60 984422 0 0 0
687 -1909 80 36 319847 0 0 0
941 -1879 74 44 371479 0 0 0
524 -1905 60 45 807501 0 0 0
945 -1639 45 38 667816 0 0 0
1026 -1649 71 48 421546 0 0 0
1106 -1725 54 40 312034 0 0 0
1400 -2009 50 43 430191 0 0 0
1799 -1645 79 50 803137 0 0 0
1514 -1428 80 50 643371 0 0 0
1755 -1334 64 45 680281 0 0 0
1510 -1570 59 52 451480 0 0 0
1822 -1485 84 71 394366 0 0 0
1403 -1514 50 43 467707 0 0 0
1383 -1240 67 36 950425 0 0 0
1563 -935 77 67 892773 0 0 0
1439 -956 58 61 168586 0 0 0
1788 -675 62 45 814758 0 0 0
1802 -981 76 44 456067 0 0 0
1511 -686 54 57 281725 0 0 0
1341 -709 58 51 523499 0 0 0
994 -1067 76 58 859591 0 0 0
1229 -1236 44 63 867954 0 0 0
1262 -1379 83 42 116424 0 0 0
1559 -1673 58 45 453227 0 0 0
1580 -1430 77 58 752382 0 0 0
1470 -1054 52 70 270030 0 0 0
1340 -810 66 39 480471 0 0 0
1195 -631 81 45 677472 0 0 0
947 -314 84 37 644219 0 0 0
532 37 58 70 786010 0 0 0
328 249 69 47 351563 0 0 0
476 305 50 51 317036 0 0 0
795 6 54 53 436315 0 0 0
613 -194 82 47 324213 0 0 0
300 -114 76 36 472425 0 0 0
46 33 80 55 392802 0 0 0
372 -288 64 36 568876 0 0 0
616 75 72 47 886158 0 0 0
564 367 46 63 611475 0 0 0
941 692 57 57 379076 0 0 0
932 961 60 36 547123 0 0 0
771 690 77 47 508094 0 0 0
878 522 68 41 513777 0 0 0
1663 -1219 76 48 171826 0 0 0
1971 -1633 71 63 153176 0 0 0
2263 -1529 59 59 551624 0 0 0
2192 -1651 73 49 913460 0 0 0
2261 -1303 45 47 392595 0 0 0
2509 -1235 42 42 583089 0 0 0
2544 -1243 69 61 987052 0 0 0
2707 -1289 69 50 615396 0 0 0
2800 -889 83 57 966847 0 0 0
2828 -588 62 37 522518 0 0 0
3226 -758 83 52 737523 0 0 0
3614 -721 81 50 550427 0 0 0
3763 -1050 50 60 139853 0 0 0
3911 -724 80 36 510305 0 0 0
4174 -478 63 56 153557 0 0 0
4102 -166 80 42 847416 0 0 0
3835 -558 66 57 349368 0 0 0
3974 -402 55 49 893479 0 0 0
3947 -509 80 65 771613 0 0 0
3800 -128 66 61 121671 0 0 0
3957 -537 64 36 350563 0 0 0
3607 -518 64 36 136945 0 0 0
3690 -588 66 66 312107 0 0 0
4028 -300 62 62 548068 0 0 0
4444 -435 64 53 924368 0 0 0
4247 -751 45 61 320468 0 0 0
4582 -418 45 36 840881 0 0 0
4777 -250 83 69 609000 0 0 0
5088 -350 60 53 615942 0 0 0
4841 -548 70 71 996870 0 0 0
4729 -269 70 65 241280 0 0 0
5029 -691 52 68 801774 0 0 0
4922 -840 70 45 992734 0 0 0
4741 -1216 42 49 985259 0 0 0
4852 -1136 67 49 421302 0 0 0
5084 -864 66 51 852717 0 0 0
5145 -701 50 67 167472 0 0 0
5082 -998 64 70 489124 0 0 0
4742 -1369 45 43 862452 0 0 0
4633 -986 81 71 936576 0 0 0
4625 -1328 67 46 786527 0 0 0
5037 -1457 55 61 451625 0 0 0
5004 -1511 58 38 548046 0 0 0
5119 -1312 48 64 864261 0 0 0
5325 -1635 84 66 893583 0 0 0
5722 -1888 84 65 827250 0 0 0
5786 -1823 44 47 368781 0 0 0
5984 -1731 65 52 115535 0 0 0
6288 -1878 66 36 941001 0 0 0
6381 -1773 61 59 661344 0 0 0
6270 -1441 79 37 240852 0 0 0
5899 -1548 68 38 729617 0 0 0
5815 -1559 50 62 145488 0 0 0
5510 -1240 64 41 228835 0 0 0
-843 -1405 57 41 987693 0 0 0
-439 -1804 45 45 881702 0 0 0
-676 -1584 74 59 128576 0 0 0
-524 -1480 59 69 567621 0 0 0
-692 -1129 80 44 420324 0 0 0
-534 -1514 73 41 965467 0 0 0
-723 -1606 75 43 458048 0 0 0
-357 -1781 61 70 428640 0 0 0
-386 -1676 63 44 705695 0 0 0
-196 -2013 83 41 522638 0 0 0
-45 -2338 56 42 671831 0 0 0
-250 -2041 72 57 212106 0 0 0
-656 -2325 42 69 203917 0 0 0
-1006 -2398 65 53 189738 0 0 0
-1141 -2194 78 61 588680 0 0 0
-1263 -2514 69 39 860621 0 0 0
-1261 -2703 63 67 985094 0 0 0
-1017 -2339 45 40 354985 0 0 0
-1359 -2059 68 42 634237 0 0 0
-226 359 64 69 964368 0 0 0
158 691 46 44 593097 0 0 0
-5 783 79 44 928949 0 0 0
-88 1034 79 69 634884 0 0 0
123 1182 49 59 302984 0 0 0
373 1218 48 55 826979 0 0 0
564 1169 63 50 635146 0 0 0
159 1147 77 37 393350 0 0 0
577 1060 45 60 736660 0 0 0
779 1288 53 62 505034 0 0 0
486 1622 62 58 332976 0 0 0
885 1332 56 50 732281 0 0 0
818 1448 63 50 562016 0 0 0
1195 1613 47 54 886638 0 0 0
1344 1342 84 46 391379 0 0 0
1348 1697 80 39 175396 0 0 0
1059 1649 54 51 275213 0 0 0
1188 1602 44 39 395944 0 0 0
1419 1936 73 67 598617 0 0 0
1593 2001 53 39 880077 0 0 0
1387 2031 74 48 231360 0 0 0
1366 1749 56 70 561689 0 0 0
1033 1356 43 59 380444 0 0 0
1286 1391 81 70 963046 0 0 0
1324 1728 70 47 453243 0 0 0
1727 1793 78 65 767181 0 0 0
1397 1629 52 38 728694 0 0 0
1356 1594 82 63 516632 0 0 0
1210 1285 44 44 530181 0 0 0
1553 1703 66 70 837092 0 0 0
1325 2035 79 38 119118 0 0 0
920 2335 60 36 975806 0 0 0
835 2322 56 55 593273 0 0 0
504 2665 42 47 288229 0 0 0
450 2278 74 41 890128 0 0 0
578 2674 57 41 846220 0 0 0
216 2395 81 65 743398 0 0 0
201 1988 71 38 144693 0 0 0
420 1810 55 69 148445 0 0 0
26 1894 43 51 996729 0 0 0
312 1660 62 38 950670 0 0 0
362 1737 44 46 799877 0 0 0
705 1422 81 55 585590 0 0 0
891 -906 49 45 961057 0 0 0
959 -947 48 37 318462 0 0 0
1208 -1323 78 53 344717 0 0 0
1601 -1331 48 52 845194 0 0 0
1354 -1582 58 65 245507 0 0 0
1265 -2004 43 40 454086 0 0 0
1256 -2079 71 41 915725 0 0 0
986 -2024 84 36 777389 0 0 0
695 -2067 78 41 848446 0 0 0
732 -2024 76 36 263489 0 0 0
1157 -2341 83 36 819593 0 0 0
879 -2322 79 56 143448 0 0 0
981 -2470 80 61 377634 0 0 0
1266 -2566 42 65 424107 0 0 0
961 -2189 43 42 339337 0 0 0
1014 -2058 67 54 366066 0 0 0
828 -1743 57 42 231134 0 0 0
989 -1324 61 67 989033 0 0 0
1678 477 55 63 848560 0 0 0
1572 736 46 65 479368 0 0 0
1845 932 62 59 829873 0 0 0
1481 1301 81 70 460635 0 0 0
1106 1004 63 40 995470 0 0 0
1499 664 84 58 955153 0 0 0
1898 581 53 51 238579 0 0 0
1819 376 54 69 807825 0 0 0
1675 186 80 54 871453 0 0 0
1377 -31 47 37 845514 0 0 0
1397 -251 74 49 548571 0 0 0
1299 -424 43 40 211896 0 0 0
1303 -333 71 66 561515 0 0 0
1162 -742 68 53 118799 0 0 0
1472 -1161 66 44 290128 0 0 0
1388 -803 73 54 126802 0 0 0
1260 -1140 45 67 677208 0 0 0
1523 -1425 59 67 846336 0 0 0
1766 -1589 42 60 812488 0 0 0
1904 -1484 80 67 732081 0 0 0
2320 -1449 62 35 362075 0 0 0
2743 -1115 65 35 118597 0 0 0
2509 -870 71 42 790576 0 0 0
2662 -514 56 64 949505 0 0 0
2910 -466 59 66 763890 0 0 0
-1037 -850 71 67 933658 0 0 0
-827 -1076 74 65 119430 0 0 0
-568 -885 52 38 166349 0 0 0
-309 -1098 65 64 965134 0 0 0
-708 -1247 58 43 987772 0 0 0
-768 -1436 57 37 536683 0 0 0
-693 -1561 51 41 779026 0 0 0
-740 -1248 53 48 828013 0 0 0
-680 -1295 58 53 310856 0 0 0
-1093 -1398 48 61 790596 0 0 0
-978 -1340 78 36 936073 0 0 0
-1402 -1644 81 40 427472 0 0 0
-1219 -1282 43 57 783748 0 0 0
-1432 -1570 74 40 420692 0 0 0
-1698 -1388 81 36 435190 0 0 0
-2104 -1446 51 46 867701 0 0 0
-1937 -1082 67 66 380632 0 0 0
-1960 -1241 72 44 916392 0 0 0
-1551 -1665 70 62 949614 0 0 0
-1747 -1877 74 67 322594 0 0 0
-1839 -1558 47 44 297593 0 0 0
-1767 -1180 43 45 270529 0 0 0
-1782 -1388 71 54 351058 0 0 0
-1556 -1582 49 63 339988 0 0 0
-1194 -1567 64 51 231339 0 0 0
-811 -1281 74 51 266805 0 0 0
-426 -1275 79 49 759459 0 0 0
-193 -1463 47 64 326695 0 0 0
30 -1845 44 42 262239 0 0 0
196 -1707 46 55 580524 0 0 0
-25 -1957 47 54 181120 0 0 0
-260 -1938 79 58 713165 0 0 0
-192 -2091 64 51 976609 0 0 0
-222 -2482 52 53 188627 0 0 0
202 -2902 44 46 878739 0 0 0
213 -3225 81 35 335514 0 0 0
-147 -3132 46 40 314504 0 0 0
-520 -2943 71 44 967034 0 0 0
-554 -3212 58 43 934994 0 0 0
-499 -2876 60 67 243148 0 0 0
-408 -2710 70 40 152637 0 0 0
-378 -2652 81 54 598024 0 0 0
1145 -1034 42 51 454151 0 0 0
1486 -1208 77 67 908718 0 0 0
1903 -1456 79 41 747864 0 0 0
2276 -1843 43 67 600330 0 0 0
1911 -1942 71 57 139305 0 0 0
1937 -1764 51 54 501136 0 0 0
1712 -1396 72 62 367862 0 0 0
1424 -1603 60 54 523056 0 0 0
1718 -1673 47 58 505717 0 0 0
1596 -1929 60 45 806186 0 0 0
1477 -1961 83 36 211697 0 0 0
1535 -2251 43 45 835867 0 0 0
1265 -2054 56 56 932636 0 0 0
1123 -2443 66 39 517973 0 0 0
1051 -2034 44 42 513401 0 0 0
1236 -2317 59 48 802626 0 0 0
1087 -2656 81 65 236676 0 0 0
1030 -2968 59 43 609656 0 0 0
1189 -2912 64 64 332177 0 0 0
1550 -3289 66 53 745089 0 0 0
1337 -3218 78 54 153233 0 0 0
1152 -3282 75 65 544831 0 0 0
1495 -3328 83 64 103701 0 0 0
1301 -3418 46 58 706983 0 0 0
948 -3296 45 44 736726 0 0 0
1362 -3484 60 62 688192 0 0 0
1757 -3125 78 64 446357 0 0 0
1459 -3025 71 66 702399 0 0 0
1292 -2704 65 49 949561 0 0 0
1590 -2962 81 36 621924 0 0 0
1837 -2562 54 42 554952 0 0 0
1843 -2902 54 43 637710 0 0 0
1967 -3056 43 56 228572 0 0 0
1794 -3408 78 67 137363 0 0 0
1820 -3636 78 39 732111 0 0 0
1710 -3744 78 52 190311 0 0 0
1988 -4089 62 55 537907 0 0 0
1658 -3802 83 41 659597 0 0 0
1502 -3727 45 63 323126 0 0 0
1533 -4099 52 60 340731 0 0 0
1947 -4281 57 65 703086 0 0 0
2040 -4407 63 50 643612 0 0 0
1926 -4539 50 67 554519 0 0 0
2020 -4562 46 69 651341 0 0 0
1937 -4696 47 66 632268 0 0 0
1565 -4653 46 51 600562 0 0 0
1343 -4629 45 43 241958 0 0 0
1514 -4254 76 53 887772 0 0 0
1192 -4651 50 51 394215 0 0 0
1448 -4245 52 57 631815 0 0 0
1518 -4648 65 52 575672 0 0 0
1689 -4825 49 56 435992 0 0 0
1927 -5239 59 63 151539 0 0 0
2016 -5097 53 36 888534 0 0 0
2213 -5257 43 50 857491 0 0 0
2023 -5343 77 68 939310 0 0 0
2157 -5315 83 69 992544 0 0 0
2310 -5022 56 55 402560 0 0 0
2115 -5109 55 37 358958 0 0 0
1864 -4976 43 53 324063 0 0 0
1591 -4645 57 57 968293 0 0 0
1558 -4505 45 55 612241 0 0 0
1573 -4765 73 37 872357 0 0 0
1844 -5004 66 45 758846 0 0 0
-464 -714 48 35 155130 0 0 0
-447 -794 78 35 118306 0 0 0
-811 -403 82 49 296369 0 0 0
-658 -294 65 71 840597 0 0 0
-777 -59 44 48 433706 0 0 0
-890 349 78 65 146778 0 0 0
-1021 143 44 69 613052 0 0 0
-819 138 55 57 272304 0 0 0
-850 1062 60 54 317368 0 0 0
-857 1141 80 38 188260 0 0 0
-758 991 50 53 466589 0 0 0
-1160 1393 84 46 528228 0 0 0
-1241 1288 63 55 903349 0 0 0
-1081 1558 63 61 170755 0 0 0
-1007 1322 76 65 571033 0 0 0
-694 1326 81 67 708344 0 0 0
-578 1670 69 51 255000 0 0 0
-886 1574 44 49 975699 0 0 0
-818 1605 78 40 353066 0 0 0
-1030 1693 79 68 770074 0 0 0
-1107 2039 48 43 460342 0 0 0
-1095 2397 76 38 696989 0 0 0
-1497 2673 71 64 301356 0 0 0
-1269 2250 42 65 614515 0 0 0
-1417 1934 82 35 775766 0 0 0
-1528 1540 65 57 589791 0 0 0
-1430 1592 46 68 688432 0 0 0
-1325 1832 74 70 585970 0 0 0
-905 2196 69 54 572911 0 0 0
-530 2619 76 70 198178 0 0 0
-897 2716 51 53 835390 0 0 0
-1011 2647 67 39 683876 0 0 0
-699 2957 68 60 424970 0 0 0
-638 2916 55 63 914212 0 0 0
-793 3226 62 45 876344 0 0 0
-682 3588 57 53 598685 0 0 0
-997 3737 69 40 159278 0 0 0
-1319 3472 59 43 796152 0 0 0
-1379 3407 69 60 100986 0 0 0
-1293 3499 63 41 266592 0 0 0
-1330 3388 66 43 371386 0 0 0
-1528 3763 43 41 487516 0 0 0
-1276 3865 49 40 924438 0 0 0
-1556 4207 42 41 705057 0 0 0
-1689 4576 72 39 971366 0 0 0
-2079 4216 49 59 783057 0 0 0
-2249 4377 52 36 767441 0 0 0
-1982 3992 76 70 389762 0 0 0
-2180 4328 71 38 768484 0 0 0
-1924 4195 76 54 360161 0 0 0
-1647 3778 62 51 743466 0 0 0
-1418 3484 45 57 684177 0 0 0
-1541 3103 64 39 198944 0 0 0
-1593 3473 75 40 755176 0 0 0
-1918 3291 53 49 313902 0 0 0
-1872 3425 54 55 978120 0 0 0
-1693 3780 79 59 403502 0 0 0
-1771 3363 56 51 264396 0 0 0
-1547 3050 49 43 635451 0 0 0
-1551 2838 58 46 943441 0 0 0
-1324 2956 76 50 603380 0 0 0
-952 2826 51 59 160471 0 0 0
-699 2923 72 60 357799 0 0 0
-854 3085 55 45 995261 0 0 0
-839 2891 58 55 753704 0 0 0
-649 2647 43 35 649577 0 0 0
-822 2267 64 39 427318 0 0 0
-956 2347 78 44 848256 0 0 0
-626 2055 65 49 722587 0 0 0
-505 1646 78 38 333610 0 0 0
-88 1975 51 36 711484 0 0 0
-151 2316 64 69 794776 0 0 0
-555 2141 76 66 222121 0 0 0
-249 2006 79 44 716189 0 0 0
-26 1664 49 42 587448 0 0 0
379 2088 51 67 343485 0 0 0
664 1687 61 66 830557 0 0 0
1254 745 78 54 394851 0 0 0
972 1014 67 47 299350 0 0 0
955 837 67 67 111580 0 0 0
1246 932 51 63 867390 0 0 0
856 988 46 51 828931 0 0 0
1150 1261 73 71 564602 0 0 0
975 1186 71 69 480844 0 0 0
1232 1218 69 42 738086 0 0 0
1248 1071 49 35 436254 0 0 0
1084 1231 69 45 197088 0 0 0
956 1118 82 40 972590 0 0 0
714 803 55 36 471745 0 0 0
444 658 48 58 392902 0 0 0
524 319 63 52 371162 0 0 0
880 -8 68 57 719464 0 0 0
782 -314 68 57 595088 0 0 0
1189 -168 45 59 664462 0 0 0
1367 -568 51 57 352979 0 0 0
1034 -828 55 69 973085 0 0 0
730 -633 42 57 794464 0 0 0
825 -229 49 61 537895 0 0 0
697 -631 46 53 364962 0 0 0
1065 -599 56 71 913536 0 0 0
1003 -485 72 55 341588 0 0 0
1075 -186 76 63 770571 0 0 0
778 128 74 44 528131 0 0 0
841 265 82 36 250367 0 0 0
1245 -60 73 53 113186 0 0 0
1264 260 80 41 106281 0 0 0
1021 439 65 71 777392 0 0 0
799 550 79 67 892448 0 0 0
920 498 48 42 597504 0 0 0
1130 1063 77 71 813066 0 0 0
862 680 56 52 745408 0 0 0
731 829 66 41 453782 0 0 0
566 518 59 61 989045 0 0 0
959 543 80 53 984308 0 0 0
1231 602 84 57 383694 0 0 0
1588 339 82 57 184123 0 0 0
1907 155 53 44 967742 0 0 0
2173 146 81 64 636941 0 0 0
2281 275 84 56 934448 0 0 0
2478 505 66 43 609257 0 0 0
2887 80 80 58 246443 0 0 0
2971 21 70 56 962598 0 0 0
3080 -334 58 57 724510 0 0 0
2769 -620 56 55 919990 0 0 0
2431 -298 67 59 593933 0 0 0
2229 -372 44 47 786808 0 0 0
-744 32 45 51 294199 0 0 0
-1083 -296 50 47 147431 0 0 0
-1272 -240 46 37 306972 0 0 0
-1628 51 43 35 716004 0 0 0
-1791 396 58 66 673375 0 0 0
-1868 405 79 48 623544 0 0 0
-2124 7 58 68 123645 0 0 0
-1834 -117 43 36 727008 0 0 0
-1943 -418 74 49 225737 0 0 0
-1799 -82 64 36 616437 0 0 0
-1526 -406 53 58 117423 0 0 0
-1385 -540 46 41 706067 0 0 0
-1091 -262 47 59 789939 0 0 0
-987 -369 50 48 297674 0 0 0
-1094 -582 52 53 965606 0 0 0
-1174 -714 76 43 333524 0 0 0
-1569 -863 53 47 530319 0 0 0
-1765 -815 44 71 526636 0 0 0
-1570 -1014 79 42 217450 0 0 0
-1420 -1414 71 62 640982 0 0 0
-1562 -1774 64 46 695391 0 0 0
-1509 -1369 65 42 930110 0 0 0
-1625 -1364 61 60 367586 0 0 0
-1266 -1394 62 71 267090 0 0 0
-933 -1270 79 60 406602 0 0 0
-1027 -1524 47 65 683810 0 0 0
-1271 -1670 83 42 746077 0 0 0
-1598 -2005 50 39 487810 0 0 0
-1175 -1588 65 62 200389 0 0 0
-1048 -1892 74 49 992403 0 0 0
-966 -1481 78 65 229891 0 0 0
-1007 -1377 70 38 292962 0 0 0
-884 -1513 64 65 301358 0 0 0
-665 -1433 68 40 144387 0 0 0
-925 -1696 52 40 599890 0 0 0
-833 -1387 50 46 389078 0 0 0
-486 -1476 83 47 216982 0 0 0
-610 -1511 50 65 109312 0 0 0
-849 -1861 68 62 142368 0 0 0
-610 -1694 49 44 439235 0 0 0
-438 -1642 59 40 870105 0 0 0
574 1544 83 47 132456 0 0 0
322 1561 54 69 949768 0 0 0
352 1662 83 50 606963 0 0 0
444 1470 43 39 554906 0 0 0
395 1655 57 54 931928 0 0 0
424 2009 71 37 206110 0 0 0
92 2158 61 42 818774 0 0 0
214 2255 54 62 146279 0 0 0
-83 2578 70 53 209590 0 0 0
-438 2728 73 70 150534 0 0 0
-414 2779 49 56 889501 0 0 0
-186 2947 77 70 977007 0 0 0
-481 2731 57 39 982801 0 0 0
-643 2446 46 41 278579 0 0 0
-823 2754 69 49 327512 0 0 0
-1129 2713 74 63 839928 0 0 0
-835 2408 54 70 563140 0 0 0
-964 2498 52 41 421079 0 0 0
-1065 2877 70 52 990881 0 0 0
-1406 2522 70 70 625257 0 0 0
-1707 2181 54 56 139303 0 0 0
-1618 2135 63 66 196238 0 0 0
-1645 2308 70 53 148074 0 0 0
-1313 2318 83 59 923921 0 0 0
-1204 2536 68 46 462815 0 0 0
-1035 2499 71 47 248885 0 0 0
-1079 2585 49 43 705180 0 0 0
-940 2342 50 64 558357 0 0 0
-749 2315 78 43 376352 0 0 0
-632 2663 83 50 666926 0 0 0
-839 2328 84 57 188111 0 0 0
-1212 2150 62 40 103265 0 0 0
-1559 2372 68 58 804512 0 0 0
-1856 2343 56 46 486266 0 0 0
-2249 2681 68 60 938720 0 0 0
-2552 2281 82 64 108658 0 0 0
-2934 2155 53 40 725411 0 0 0
-2764 1942 78 50 453948 0 0 0
-2443 1578 77 37 201945 0 0 0
-2457 1895 60 39 480935 0 0 0
-766 603 72 35 636260 0 0 0
-469 495 63 48 597184 0 0 0
-643 73 76 39 793780 0 0 0
-1006 -161 50 44 699792 0 0 0
-771 4 42 68 359595 0 0 0
-440 -228 42 66 432981 0 0 0
-169 -445 45 35 924483 0 0 0
-152 -574 53 68 222542 0 0 0
-168 -168 46 69 390327 0 0 0
41 -449 80 54 495603 0 0 0
-207 -619 75 67 305126 0 0 0
-421 -466 83 39 310698 0 0 0
-773 -592 50 59 455187 0 0 0
-385 -580 53 69 166257 0 0 0
-777 -977 82 71 765995 0 0 0
-906 -767 71 65 757639 0 0 0
-558 -352 56 70 326742 0 0 0
1681 434 71 64 998052 0 0 0
1378 516 74 46 168298 0 0 0
1151 837 46 35 806706 0 0 0
1283 986 59 69 738413 0 0 0
1601 1005 44 49 763956 0 0 0
1208 1268 57 46 967716 0 0 0
897 1671 71 53 687782 0 0 0
1151 1461 75 59 208706 0 0 0
782 1130 52 62 954750 0 0 0
836 1257 61 60 411087 0 0 0
1228 1214 49 69 283238 0 0 0
910 1358 70 36 810789 0 0 0
1333 1657 82 42 382280 0 0 0
985 1563 78 41 277386 0 0 0
1258 1955 80 55 968214 0 0 0
1465 2296 81 59 106710 0 0 0
1861 2145 44 35 766334 0 0 0
2073 2395 57 68 340767 0 0 0
1923 2738 49 49 425233 0 0 0
1957 2923 78 58 173667 0 0 0
2165 2546 61 66 996837 0 0 0
2575 2717 51 69 112421 0 0 0
2765 2951 77 37 868360 0 0 0
2719 2749 54 35 841275 0 0 0
2678 2832 79 52 731098 0 0 0
2936 3100 57 38 966726 0 0 0
3337 3352 56 66 375871 0 0 0
3182 3725 54 46 224647 0 0 0
3448 3960 56 35 590832 0 0 0
3726 3810 52 57 637076 0 0 0
3488 3937 62 59 622919 0 0 0
3833 3613 74 49 225865 0 0 0
3666 3389 73 47 839128 0 0 0
3526 3432 72 38 215151 0 0 0
3351 3276 68 36 537111 0 0 0
3476 3484 46 45 694355 0 0 0
3363 3151 46 62 800430 0 0 0
3007 2761 78 53 915415 0 0 0
3086 2964 44 49 321936 0 0 0
3449 3030 62 48 359747 0 0 0
3169 3174 80 49 744590 0 0 0
3171 3041 84 51 754787 0 0 0
3213 2831 78 68 864249 0 0 0
3013 2756 65 42 403480 0 0 0
2941 2504 42 36 560113 0 0 0
3161 2415 50 66 669832 0 0 0
3327 2376 64 58 101274 0 0 0
3204 2460 66 50 929154 0 0 0
3280 2400 44 62 408246 0 0 0
3612 2610 74 50 745790 0 0 0
3527 2906 53 62 559465 0 0 0
3800 2842 42 45 172395 0 0 0
3971 3060 60 40 212590 0 0 0
4115 2969 70 42 860152 0 0 0
3717 3054 66 69 217094 0 0 0
3400 3383 73 62 469092 0 0 0
3623 3297 61 52 452906 0 0 0
3891 3579 71 47 981401 0 0 0
3550 3528 64 47 168375 0 0 0
1523 1203 84 54 326253 0 0 0
1545 1551 84 70 635403 0 0 0
1306 1391 81 61 910546 0 0 0
1089 1809 52 52 689755 0 0 0
831 2178 57 50 768602 0 0 0
777 1787 79 56 354334 0 0 0
1084 1844 76 61 477460 0 0 0
1384 1436 49 49 799457 0 0 0
1698 1760 58 69 542769 0 0 0
1843 2089 67 63 418109 0 0 0
2252 1928 65 60 259977 0 0 0
2077 1546 45 51 343726 0 0 0
2352 1461 56 35 369595 0 0 0
2190 1762 46 41 450946 0 0 0
2360 1404 54 57 381460 0 0 0
2399 1485 59 53 782707 0 0 0
2813 1906 47 46 709295 0 0 0
2664 1692 45 71 372985 0 0 0
2918 1795 80 67 331692 0 0 0
2888 2106 71 51 876398 0 0 0
2876 1941 43 49 152458 0 0 0
3089 1803 51 69 885092 0 0 0
3044 1956 57 44 329870 0 0 0
2717 1906 44 64 640528 0 0 0
2893 2247 66 60 370467 0 0 0
3208 1874 42 42 280177 0 0 0
3333 1822 83 55 470973 0 0 0
3308 2004 75 67 531249 0 0 0
3114 2161 46 53 649184 0 0 0
2971 2450 58 52 934483 0 0 0
3014 2631 64 43 990524 0 0 0
3353 2554 49 69 679979 0 0 0
3447 2662 56 65 125732 0 0 0
3463 2983 44 46 783840 0 0 0
3617 2993 71 70 907108 0 0 0
3638 3085 63 43 835104 0 0 0
3771 2671 84 62 649983 0 0 0
3756 3011 66 54 810156 0 0 0
3886 3029 61 48 302362 0 0 0
3925 2644 53 36 219803 0 0 0
3726 2392 64 59 748953 0 0 0
3590 2406 75 42 236153 0 0 0
3822 2281 75 44 544163 0 0 0
4028 2125 50 61 748736 0 0 0
4279 2423 55 66 725780 0 0 0
3902 2651 47 68 684701 0 0 0
3745 2817 73 40 613559 0 0 0
4069 2522 68 35 139610 0 0 0
-1139 1179 73 38 332001 0 0 0
-1080 1428 70 38 201628 0 0 0
-1321 1366 67 45 524625 0 0 0
-1178 1019 54 37 814237 0 0 0
-1205 693 67 46 157196 0 0 0
-997 314 78 69 576999 0 0 0
-872 651 77 62 781890 0 0 0
-706 932 71 71 900896 0 0 0
-782 509 68 39 706159 0 0 0
-1144 378 64 58 550335 0 0 0
-1445 521 64 38 745551 0 0 0
-1358 478 69 37 530740 0 0 0
-1049 210 43 61 379019 0 0 0
-1269 -129 69 36 608105 0 0 0
-1624 151 71 42 822699 0 0 0
-1847 468 62 41 768681 0 0 0
-1536 840 80 39 136354 0 0 0
-1835 637 77 57 835121 0 0 0
-1599 722 77 65 851472 0 0 0
-1395 317 74 35 855104 0 0 0
-1480 454 55 63 139357 0 0 0
-1637 355 78 43 372744 0 0 0
-1399 -15 74 68 408797 0 0 0
-1371 263 73 69 545708 0 0 0
-1579 154 80 43 249675 0 0 0
-1773 -236 64 61 505782 0 0 0
-1900 -464 76 44 335404 0 0 0
-1492 -466 42 50 958588 0 0 0
-1899 -762 62 47 634592 0 0 0
-2306 -877 82 56 189439 0 0 0
-2099 -666 53 37 462599 0 0 0
347 -1082 74 53 530363 0 0 0
332 -769 64 37 926550 0 0 0
237 -1178 68 60 726702 0 0 0
-159 -1103 61 45 130143 0 0 0
3 -951 71 36 173724 0 0 0
-3 -586 58 53 341361 0 0 0
-144 -629 57 50 447549 0 0 0
126 -419 76 52 835705 0 0 0
406 -242 63 39 558578 0 0 0
193 -162 74 42 564017 0 0 0
-194 -331 58 43 598418 0 0 0
-323 -387 63 58 244659 0 0 0
-583 -547 44 71 181483 0 0 0
-841 -684 74 50 250001 0 0 0
-1133 -352 64 71 725632 0 0 0
-796 46 62 38 800359 0 0 0
-1167 438 73 57 415061 0 0 0
-996 457 46 65 929829 0 0 0
-1086 35 65 59 574242 0 0 0
-735 189 80 54 798417 0 0 0
-935 78 70 57 136904 0 0 0
-878 474 64 35 250372 0 0 0
-616 848 49 64 431468 0 0 0
-479 1144 73 47 752429 0 0 0
-379 1239 66 67 826707 0 0 0
-1572 499 63 40 650839 0 0 0
-1155 124 54 59 771278 0 0 0
-1182 390 84 40 531254 0 0 0
-963 188 60 46 482771 0 0 0
-917 -31 49 36 784740 0 0 0
-641 -4 42 61 940348 0 0 0
-782 -269 76 44 826326 0 0 0
-648 -656 72 41 903297 0 0 0
-849 -349 64 41 730701 0 0 0
-1139 -728 64 70 960702 0 0 0
-1437 -386 61 61 546478 0 0 0
-1146 -421 83 49 776343 0 0 0
-1136 -841 45 56 591267 0 0 0
-1394 -1139 59 56 479768 0 0 0
-1341 -1206 62 65 629536 0 0 0
-1283 -1497 45 48 575801 0 0 0
-1128 -1536 43 69 548500 0 0 0
-966 -1751 50 43 621612 0 0 0
-668 505 42 43 751551 0 0 0
-282 304 57 51 806976 0 0 0
-124 358 77 48 534029 0 0 0
-437 748 83 61 844527 0 0 0
-420 796 82 69 637635 0 0 0
-401 808 83 70 436497 0 0 0
-325 1011 71 61 824224 0 0 0
-104 662 62 63 730262 0 0 0
-515 884 47 48 485889 0 0 0
-196 903 74 54 620347 0 0 0
-208 815 84 61 363496 0 0 0
-493 941 63 53 651761 0 0 0
-776 569 69 58 827582 0 0 0
-553 224 51 48 767431 0 0 0
-819 -43 44 64 683036 0 0 0
-695 -68 45 67 426928 0 0 0
1279 -1214 78 56 253828 0 0 0
1683 -948 43 43 400488 0 0 0
1989 -691 62 56 406999 0 0 0
1645 -342 72 61 494224 0 0 0
1747 -190 82 58 925551 0 0 0
1566 -93 42 35 591565 0 0 0
1344 242 75 46 782663 0 0 0
1662 -85 63 47 699433 0 0 0
2069 -346 44 68 370586 0 0 0
2437 -256 73 40 529427 0 0 0
2832 17 61 38 366334 0 0 0
2464 -345 47 53 534987 0 0 0
2474 -356 61 58 595066 0 0 0
2265 -151 75 59 116678 0 0 0
2346 -86 64 69 843145 0 0 0
2648 -168 77 62 483864 0 0 0
2573 0 72 58 336662 0 0 0
2431 150 53 38 916971 0 0 0
2258 -193 60 50 596590 0 0 0
1922 -16 54 50 396978 0 0 0
1695 -41 83 44 794659 0 0 0
1615 -201 43 50 896150 0 0 0
1762 144 54 71 962777 0 0 0
1619 333 83 59 515131 0 0 0
1600 162 62 44 462254 0 0 0
1856 548 81 35 507453 0 0 0
1743 432 56 55 359560 0 0 0
1634 159 81 42 872443 0 0 0
1726 -120 66 51 476440 0 0 0
2050 225 74 48 376297 0 0 0
2208 -137 48 69 875382 0 0 0
2234 -422 43 53 667180 0 0 0
2473 -263 75 39 145783 0 0 0
2762 -82 62 38 100205 0 0 0
3132 28 75 43 667267 0 0 0
2742 30 70 58 545026 0 0 0
2577 104 50 35 573692 0 0 0
2550 79 57 36 287113 0 0 0
2521 273 58 45 280411 0 0 0
-140 302 83 53 377388 0 0 0
-544 -27 75 60 977575 0 0 0
-146 249 75 66 428186 0 0 0
-288 -162 58 48 778015 0 0 0
-592 -389 76 69 549997 0 0 0
-568 -812 84 65 651677 0 0 0
-589 -764 74 35 705408 0 0 0
-473 -575 46 39 813070 0 0 0
-334 -484 48 63 631767 0 0 0
-418 -327 47 57 214721 0 0 0
-377 -469 70 56 637149 0 0 0
-17 -369 77 47 152150 0 0 0
15 29 50 59 757793 0 0 0
-122 67 46 59 428112 0 0 0
-212 -11 60 35 298953 0 0 0
7 181 53 49 161722 0 0 0
343 69 54 58 436874 0 0 0
770 51 67 58 544442 0 0 0
1156 -16 83 66 239472 0 0 0
1304 27 72 44 932912 0 0 0
982 96 47 59 522647 0 0 0
783 -60 67 42 642079 0 0 0
1054 92 70 37 222428 0 0 0
720 39 48 54 743584 0 0 0
1088 -270 43 40 970561 0 0 0
1069 -111 47 38 640510 0 0 0
1428 -181 68 48 184884 0 0 0
1194 -70 67 39 492361 0 0 0
893 -67 76 64 695987 0 0 0
633 337 78 48 547312 0 0 0
562 -44 60 37 727144 0 0 0
931 -826 68 57 127560 0 0 0
1044 -484 75 60 723064 0 0 0
1187 -792 45 50 829414 0 0 0
980 -956 44 39 227284 0 0 0
1010 -1055 45 42 376316 0 0 0
1281 -977 62 64 531343 0 0 0
1007 -829 64 45 126781 0 0 0
1133 -1022 52 68 189848 0 0 0
1513 -962 48 58 185288 0 0 0
1257 -1121 70 48 621897 0 0 0
1443 -772 42 60 958582 0 0 0
1234 -877 82 58 706935 0 0 0
1036 -874 80 46 918036 0 0 0
697 -976 50 68 333878 0 0 0
453 -1317 70 38 468310 0 0 0
335 -1038 75 59 960935 0 0 0
602 -1401 43 66 825229 0 0 0
229 -1673 50 36 369338 0 0 0
241 -1602 52 58 292065 0 0 0
267 -1387 78 46 362410 0 0 0
166 -1182 67 65 128996 0 0 0
123 -1028 75 64 110497 0 0 0
-167 -746 65 40 124754 0 0 0
-424 -491 56 42 285378 0 0 0
-149 -628 49 38 607310 0 0 0
-572 -549 59 43 352159 0 0 0
-331 -190 44 63 354453 0 0 0
-493 92 70 58 148807 0 0 0
-202 -314 77 37 533229 0 0 0
105 -360 51 57 875442 0 0 0
257 -294 50 61 790235 0 0 0
337 1 47 38 685480 0 0 0
574 75 80 55 155078 0 0 0
813 -22 49 48 298522 0 0 0
957 -56 45 58 942960 0 0 0
1321 -48 72 67 963812 0 0 0
988 -105 77 37 123291 0 0 0
1106 -349 72 42 118759 0 0 0
1282 0 55 42 772482 0 0 0
1446 52 57 40 353869 0 0 0
1257 -132 51 67 394997 0 0 0
1522 -138 84 47 228539 0 0 0
1639 -373 52 51 105431 0 0 0
1324 -256 58 71 359207 0 0 0
993 -159 83 46 651068 0 0 0
708 -40 60 54 131440 0 0 0
1039 269 49 70 815289 0 0 0
710 -59 77 50 383139 0 0 0
624 -28 73 66 549436 0 0 0
926 328 80 35 711659 0 0 0
930 -77 68 52 405583 0 0 0
984 -78 71 36 590844 0 0 0
1258 -202 43 50 722467 0 0 0
1682 61 71 56 965529 0 0 0
2067 181 80 37 319759 0 0 0
1821 132 68 62 697849 0 0 0
1475 -92 61 71 106856 0 0 0
1460 332 45 53 816373 0 0 0
1615 382 43 63 505982 0 0 0
1890 764 66 53 811230 0 0 0
2089 1078 74 56 383531 0 0 0
2419 791 74 52 899618 0 0 0
2599 900 46 60 326096 0 0 0
2347 503 68 54 777794 0 0 0
2429 763 73 57 365678 0 0 0
2751 960 72 66 463971 0 0 0
2463 725 55 69 638442 0 0 0
2213 983 65 62 255409 0 0 0
2046 1074 71 35 575891 0 0 0
2183 1260 62 51 845821 0 0 0
2410 939 80 45 416739 0 0 0
2545 1213 62 48 332984 0 0 0
2905 943 46 42 938120 0 0 0
2651 762 83 48 728188 0 0 0
2920 379 55 44 113180 0 0 0
3067 250 78 60 435272 0 0 0
2966 285 73 59 452774 0 0 0
2955 287 56 49 803096 0 0 0
3077 325 45 58 188117 0 0 0
3327 321 56 59 321421 0 0 0
3410 410 82 69 797749 0 0 0
3030 696 77 54 981582 0 0 0
2982 1101 82 52 399972 0 0 0
3024 841 72 69 721760 0 0 0
2759 1146 50 59 246272 0 0 0
3022 1351 43 46 507967 0 0 0
2623 1511 81 58 446882 0 0 0
2658 1907 84 59 244244 0 0 0
2867 2004 43 60 668758 0 0 0
3239 2033 75 61 453033 0 0 0
3493 1656 43 71 911647 0 0 0
3687 1386 42 35 827611 0 0 0
3613 1495 53 48 388030 0 0 0
3642 1580 65 38 374722 0 0 0
956 -365 54 46 668716 0 0 0
1211 -778 77 49 790074 0 0 0
1429 -438 50 59 579902 0 0 0
1763 -647 62 71 790418 0 0 0
1424 -320 67 71 314044 0 0 0
1274 -360 71 52 503501 0 0 0
1056 -209 65 48 212534 0 0 0
739 -511 52 66 816980 0 0 0
538 -896 60 62 631522 0 0 0
850 -1130 82 47 712957 0 0 0
745 -1248 70 63 899486 0 0 0
872 -988 81 68 720839 0 0 0
1011 -1371 65 64 105750 0 0 0
1203 -1757 81 53 256725 0 0 0
1572 -1599 56 35 622131 0 0 0
1812 -1377 42 50 445845 0 0 0
1644 -1270 59 54 415206 0 0 0
1370 -1560 65 70 979406 0 0 0
1729 -1307 50 40 565150 0 0 0
1720 -1294 73 46 935529 0 0 0
1610 -1144 71 60 642378 0 0 0
1980 -1004 53 50 127944 0 0 0
1609 -1162 67 59 477200 0 0 0
1805 -1322 72 66 819936 0 0 0
1522 -1316 76 70 289438 0 0 0
1893 -1207 42 70 323347 0 0 0
1632 -1536 63 35 143568 0 0 0
1373 -1789 54 45 678989 0 0 0
1313 -1431 52 48 674234 0 0 0
952 -1028 59 71 794834 0 0 0
1323 -1167 67 42 943807 0 0 0
951 -1472 84 56 466822 0 0 0
1112 -1227 71 50 525785 0 0 0
1435 -1032 78 50 112958 0 0 0
1530 -608 50 56 907354 0 0 0
1870 -373 55 63 888695 0 0 0
1805 -90 72 55 883027 0 0 0
2043 273 46 36 529984 0 0 0
2190 622 53 65 550736 0 0 0
2108 624 58 60 838036 0 0 0
2224 449 82 67 635644 0 0 0
2076 68 68 57 717816 0 0 0
2218 66 48 71 129590 0 0 0
2563 328 44 67 382356 0 0 0
2433 282 53 61 441610 0 0 0
2666 444 78 59 421009 0 0 0
2575 656 73 46 913278 0 0 0
2928 883 55 40 739930 0 0 0
3202 978 44 71 803202 0 0 0
3296 978 65 60 510782 0 0 0
2885 1388 69 43 847134 0 0 0
2789 1179 65 35 864256 0 0 0
-588 -500 66 39 257280 0 0 0
-610 -335 63 53 537313 0 0 0
-314 -55 80 59 949985 0 0 0
-226 -396 52 50 679150 0 0 0
-193 -126 47 57 795436 0 0 0
-381 -223 50 64 785238 0 0 0
-59 -580 58 60 992901 0 0 0
-126 -195 80 57 608919 0 0 0
164 -227 43 42 437059 0 0 0
283 -269 51 58 215756 0 0 0
364 -322 82 42 422308 0 0 0
519 -335 83 69 660542 0 0 0
805 -665 59 46 773584 0 0 0
393 -901 73 66 653940 0 0 0
726 -1320 68 37 947479 0 0 0
407 -1222 82 45 870245 0 0 0
349 -1359 66 71 924538 0 0 0
-57 -1366 84 71 810685 0 0 0
-173 -973 67 44 255617 0 0 0
-243 -765 72 59 437989 0 0 0
-73 -415 68 49 394618 0 0 0
-212 -453 57 46 967305 0 0 0
-464 -872 75 59 151067 0 0 0
-874 -904 42 38 305906 0 0 0
-500 -582 67 62 252469 0 0 0
-673 -734 54 43 337334 0 0 0
-469 -927 74 58 764439 0 0 0
-807 -1069 79 52 634764 0 0 0
-879 -806 58 40 709732 0 0 0
-1045 -456 78 66 643172 0 0 0
-687 -388 71 49 653780 0 0 0
-766 22 69 50 155466 0 0 0
-1150 296 66 67 623953 0 0 0
-1315 238 54 62 530474 0 0 0
-1679 406 68 45 436506 0 0 0
-1794 704 60 63 689196 0 0 0
-1560 813 60 58 794471 0 0 0
-1567 917 70 40 767836 0 0 0
-1943 979 81 67 466163 0 0 0
-1536 1109 72 69 951342 0 0 0
-1368 772 74 50 562815 0 0 0
-1087 894 82 47 288249 0 0 0
-751 879 60 44 198017 0 0 0
-782 1110 43 41 932998 0 0 0
-983 1342 72 39 281082 0 0 0
-1189 1470 64 61 453969 0 0 0
-1566 1116 83 39 633249 0 0 0
-1842 1493 54 62 241946 0 0 0
-1665 1822 56 37 766947 0 0 0
-1649 1404 82 61 338101 0 0 0
-1485 1587 79 47 969438 0 0 0
-1849 1216 66 58 789456 0 0 0
-1473 1555 44 57 267936 0 0 0
-1348 1606 77 42 615818 0 0 0
-1512 1672 48 65 579813 0 0 0
-1422 1726 68 35 182396 0 0 0
-1523 1958 51 54 113655 0 0 0
-1595 1865 73 39 586426 0 0 0
-1641 1635 55 52 524063 0 0 0
-1981 1348 44 57 796954 0 0 0
-2372 1711 55 50 621469 0 0 0
-2149 1350 63 45 666764 0 0 0
-1781 1391 64 47 731369 0 0 0
-1862 1722 84 65 768822 0 0 0
-2038 1864 52 65 118951 0 0 0
-1771 1992 42 65 466159 0 0 0
-1988 1782 45 58 895955 0 0 0
-1842 2043 65 50 939778 0 0 0
-1502 2061 60 38 979030 0 0 0
-1545 -878 81 54 159949 0 0 0
-1527 -1074 46 39 831340 0 0 0
-1800 -1291 67 68 997023 0 0 0
-1922 -883 72 38 178500 0 0 0
-1816 -1000 76 54 454859 0 0 0
-1652 -660 61 45 130956 0 0 0
-1893 -1068 68 64 154006 0 0 0
-2155 -1064 81 69 990912 0 0 0
-2237 -939 83 43 552329 0 0 0
-2058 -962 68 47 753057 0 0 0
-2347 -1302 57 69 769812 0 0 0
-2005 -1283 44 39 124159 0 0 0
-2057 -1324 54 48 463613 0 0 0
-2041 -1536 67 51 534602 0 0 0
-1834 -1701 73 70 771251 0 0 0
-1482 211 49 43 183921 0 0 0
-1542 353 73 69 583549 0 0 0
-1299 135 45 46 729283 0 0 0
-1221 247 48 49 170061 0 0 0
-871 -174 63 54 914665 0 0 0
-678 -384 51 42 861992 0 0 0
-517 -285 74 45 974104 0 0 0
-646 -696 75 64 631034 0 0 0
-712 -602 63 52 379651 0 0 0
-355 -461 77 66 945530 0 0 0
-629 -337 83 64 394948 0 0 0
-920 -392 65 68 446987 0 0 0
-782 -598 47 42 674964 0 0 0
-653 -893 83 49 227444 0 0 0
-497 -920 57 50 597319 0 0 0
-433 -1044 71 68 992947 0 0 0
-384 -721 76 42 987176 0 0 0
-320 -565 55 56 437242 0 0 0
-325 -970 76 61 291721 0 0 0
-554 -732 52 48 600513 0 0 0
-820 -355 78 61 842030 0 0 0
-653 -153 67 38 254741 0 0 0
-1003 -155 43 52 480737 0 0 0
-1338 11 70 58 991781 0 0 0
-1254 -411 57 47 756859 0 0 0
-1259 -359 62 41 714892 0 0 0
-1658 -132 75 40 654346 0 0 0
-1719 -528 76 66 912395 0 0 0
-1710 -144 57 45 330327 0 0 0
-1310 -132 70 65 710067 0 0 0
-1453 -428 53 61 600353 0 0 0
-1542 -451 49 42 804657 0 0 0
-1125 -586 68 59 491026 0 0 0
-775 -276 44 66 963640 0 0 0
-561 -557 44 56 368692 0 0 0
-397 -855 45 69 303592 0 0 0
-159 -660 75 63 518188 0 0 0
-420 -414 70 71 941765 0 0 0
-315 -806 70 49 814466 0 0 0
-536 -1161 71 61 594378 0 0 0
-504 -1285 48 35 813469 0 0 0
-99 -1440 60 40 849535 0 0 0
-314 -76 67 53 373143 0 0 0
-528 -409 57 62 839522 0 0 0
-245 -769 76 39 972557 0 0 0
-50 -935 54 60 353781 0 0 0
-451 -931 72 66 949408 0 0 0
-255 -578 61 70 167627 0 0 0
-678 -182 49 57 969598 0 0 0
-693 -514 47 42 276622 0 0 0
-345 -587 47 57 168372 0 0 0
34 -859 84 49 618358 0 0 0
140 -460 44 70 391944 0 0 0
-250 -589 54 47 172451 0 0 0
-440 -277 81 62 695783 0 0 0
-583 -576 66 56 333417 0 0 0
-781 -759 83 67 338714 0 0 0
-746 -620 52 62 790830 0 0 0
-961 -938 43 56 899172 0 0 0
-1061 -765 59 59 894325 0 0 0
-1023 -1067 64 42 753613 0 0 0
-1152 -1213 52 65 493161 0 0 0
-1507 -948 72 54 384776 0 0 0
-1830 -1188 68 50 558049 0 0 0
-2085 -1019 78 65 937950 0 0 0
-2103 -1368 57 66 944565 0 0 0
-2169 -1722 73 44 500037 0 0 0
-1954 -1970 43 52 583711 0 0 0
-1669 -1779 67 59 650538 0 0 0
-1354 -1624 60 66 608705 0 0 0
-1293 -1551 76 44 696049 0 0 0
-1480 -1514 57 60 336708 0 0 0
-1368 -1541 72 59 265424 0 0 0
-1458 -1920 83 36 720396 0 0 0
-1394 -1900 49 61 136721 0 0 0
-1410 -1646 72 43 380656 0 0 0
-1069 -1952 54 41 922608 0 0 0
-764 -1927 50 47 584149 0 0 0
-906 -1786 83 62 577749 0 0 0
-983 -1553 42 36 969538 0 0 0
786 -581 57 62 203345 0 0 0
1103 -664 46 55 351762 0 0 0
1079 -493 48 57 735449 0 0 0
1491 -316 84 64 519082 0 0 0
1705 -134 46 55 923238 0 0 0
1367 145 78 43 475778 0 0 0
1533 432 58 41 670604 0 0 0
1723 322 79 51 450651 0 0 0
1340 305 43 66 423001 0 0 0
1758 528 47 51 744275 0 0 0
1576 158 66 62 623129 0 0 0
1202 -131 69 48 831044 0 0 0
854 194 76 64 926505 0 0 0
448 590 81 70 401926 0 0 0
650 511 68 41 560260 0 0 0
237 439 43 71 943613 0 0 0
551 357 45 45 986041 0 0 0
388 629 58 66 939261 0 0 0
451 980 79 49 798855 0 0 0
242 1394 74 42 966232 0 0 0
-82 1226 51 44 929880 0 0 0
-456 1548 58 37 795372 0 0 0
-485 1660 71 38 825168 0 0 0
-666 1412 57 63 532716 0 0 0
-972 1070 80 50 692449 0 0 0
-1068 1148 59 62 427674 0 0 0
-1114 854 81 55 730115 0 0 0
-713 715 60 67 799040 0 0 0
-393 870 45 68 812217 0 0 0
-497 545 53 58 355234 0 0 0
-696 727 67 40 696297 0 0 0
-688 727 45 52 681329 0 0 0
-831 877 51 59 556202 0 0 0
-579 1284 59 54 628655 0 0 0
-954 1350 56 36 371237 0 0 0
-561 1663 66 57 236077 0 0 0
-335 1449 72 61 558977 0 0 0
-664 1037 62 55 410260 0 0 0
-1083 -412 84 39 719726 0 0 0
-780 -621 47 62 428875 0 0 0
-1073 -783 65 69 748041 0 0 0
-678 -769 62 53 834377 0 0 0
-395 -658 81 57 178851 0 0 0
-804 -718 74 63 462206 0 0 0
-996 -794 60 38 139799 0 0 0
-670 -682 82 56 779667 0 0 0
-1021 -981 77 41 497376 0 0 0
-1433 -1061 49 40 392069 0 0 0
-1512 -1177 78 35 733211 0 0 0
-1626 -844 63 59 845142 0 0 0
-1238 -1179 82 51 420817 0 0 0
-861 -1004 50 68 184794 0 0 0
-513 -793 82 57 232596 0 0 0
-407 -553 77 54 764702 0 0 0
-301 -508 76 58 309207 0 0 0
-51 -140 50 43 980673 0 0 0
154 -311 61 70 651824 0 0 0
151 -289 82 43 664431 0 0 0
466 95 55 59 878094 0 0 0
763 142 57 35 583216 0 0 0
798 134 77 37 374594 0 0 0
1030 -99 57 59 181921 0 0 0
1149 -127 75 50 195611 0 0 0
1197 267 65 69 628866 0 0 0
997 589 78 67 311137 0 0 0
645 976 74 64 313615 0 0 0
556 1184 52 56 978590 0 0 0
542 798 84 61 579149 0 0 0
253 581 68 63 446073 0 0 0
489 439 46 63 261703 0 0 0
214 749 64 53 316044 0 0 0
335 1162 68 54 902846 0 0 0
646 740 56 67 185929 0 0 0
422 1031 69 38 831869 0 0 0
332 959 71 56 692232 0 0 0
38 1030 58 35 480893 0 0 0
92 1096 56 67 752680 0 0 0
-29 1266 59 58 195460 0 0 0
-287 1060 72 70 193677 0 0 0
-258 779 74 69 316471 0 0 0
52 608 75 53 140527 0 0 0
-135 577 49 57 109170 0 0 0
77 821 66 42 921790 0 0 0
-204 464 74 44 743904 0 0 0
-34 858 60 44 147015 0 0 0
137 762 53 49 242937 0 0 0
-254 422 84 36 289202 0 0 0
-397 388 78 37 517817 0 0 0
-561 126 77 44 418712 0 0 0
-437 59 81 52 767618 0 0 0
-300 -59 56 41 826991 0 0 0
-196 -180 84 37 856872 0 0 0
-284 207 72 59 508321 0 0 0
-35 393 81 45 873084 0 0 0
-363 650 55 46 681764 0 0 0
-427 650 67 60 740798 0 0 0
-141 968 42 65 985863 0 0 0
269 1166 72 68 347545 0 0 0
384 1089 77 41 254329 0 0 0
212 1111 45 44 572545 0 0 0
125 980 49 66 777618 0 0 0
157 857 76 49 982265 0 0 0
538 834 81 41 352127 0 0 0
435 800 42 63 697104 0 0 0
176 796 78 47 761964 0 0 0
-154 670 80 46 487274 0 0 0
-347 753 43 39 267809 0 0 0
-897 -421 65 46 188781 0 0 0
-1053 -593 70 64 147949 0 0 0
-679 -429 62 71 802083 0 0 0
-807 -669 42 50 566755 0 0 0
-566 -579 82 57 145143 0 0 0
-331 -840 64 40 944185 0 0 0
-450 -973 62 37 615541 0 0 0
-333 -740 81 56 110047 0 0 0
90 -703 80 57 143207 0 0 0
12 -425 63 56 699470 0 0 0
-146 -602 72 71 242518 0 0 0
-62 -786 57 70 654170 0 0 0
-327 -597 84 58 382434 0 0 0
12 -732 84 64 646818 0 0 0
-302 -1138 76 53 151022 0 0 0
-422 -873 53 35 760500 0 0 0
-564 -662 82 64 683357 0 0 0
-764 -981 68 48 661533 0 0 0
-688 -583 53 70 397048 0 0 0
-1031 -819 63 70 276211 0 0 0
-811 -833 58 38 170884 0 0 0
-476 -918 68 64 781542 0 0 0
-382 -684 71 60 671130 0 0 0
-318 -612 81 64 712973 0 0 0
-371 -879 57 54 296079 0 0 0
-730 -602 77 35 391786 0 0 0
-969 -263 43 71 168344 0 0 0
-572 -13 62 63 521710 0 0 0
-812 156 66 42 683667 0 0 0
-1211 -265 43 39 721604 0 0 0
-1169 -335 61 54 932447 0 0 0
-1272 -438 45 49 567320 0 0 0
-1084 -35 65 59 589357 0 0 0
1188 -1465 77 57 617983 0 0 0
1410 -1850 81 44 447089 0 0 0
1142 -1488 64 48 472765 0 0 0
799 -1154 49 42 621467 0 0 0
386 -1376 58 60 783772 0 0 0
740 -1245 62 69 845817 0 0 0
982 -944 79 47 159173 0 0 0
1372 -1097 72 59 121260 0 0 0
1236 -1054 84 43 666046 0 0 0
1545 -1062 60 56 767303 0 0 0
1857 -972 65 59 556811 0 0 0
1854 -547 76 65 979179 0 0 0
2238 -594 56 61 682599 0 0 0
2525 -435 75 40 804091 0 0 0
2281 -116 71 60 599059 0 0 0
2368 269 47 38 491504 0 0 0
2282 509 52 36 957334 0 0 0
1960 847 50 60 994940 0 0 0
1784 879 84 56 974718 0 0 0
1794 477 57 42 240929 0 0 0
1980 406 58 51 185917 0 0 0
2112 253 73 46 822646 0 0 0
1687 256 74 52 409323 0 0 0
2054 76 68 61 996919 0 0 0
1940 -66 62 58 453740 0 0 0
1594 -399 46 48 501751 0 0 0
1549 -777 74 59 518407 0 0 0
1222 -1126 57 46 770950 0 0 0
1050 -1172 81 38 682533 0 0 0
1048 -1148 57 52 125037 0 0 0
1441 -1128 62 56 777572 0 0 0
1626 -798 69 60 416360 0 0 0
1833 -444 70 35 690188 0 0 0
2245 -691 68 68 695030 0 0 0
1234 -780 48 62 102358 0 0 0
1285 -1087 43 61 831417 0 0 0
1487 -1125 78 36 193485 0 0 0
1509 -1002 53 70 556016 0 0 0
1691 -1075 58 38 890056 0 0 0
2007 -1054 43 54 992737 0 0 0
1683 -1094 54 64 175416 0 0 0
1409 -993 48 67 558988 0 0 0
1348 -1075 43 51 462297 0 0 0
1340 -1252 52 55 208181 0 0 0
1293 -1122 50 46 364153 0 0 0
1461 -1177 47 63 447532 0 0 0
1416 -978 70 63 808259 0 0 0
1816 -986 42 50 899159 0 0 0
1474 -1199 42 39 576353 0 0 0
1586 -1128 53 69 795363 0 0 0
1929 -1056 51 51 193174 0 0 0
2278 -1239 69 54 358785 0 0 0
1995 -1415 78 48 200645 0 0 0
1715 -1253 50 48 804852 0 0 0
1608 -1237 45 66 425312 0 0 0
1301 -994 73 59 297239 0 0 0
894 -1071 76 52 118522 0 0 0
782 -1140 59 38 545250 0 0 0
1001 -1065 58 65 211529 0 0 0
895 -1460 68 69 938026 0 0 0
823 -1857 72 48 864636 0 0 0
834 -1948 50 45 664332 0 0 0
1094 -2018 50 63 864979 0 0 0
1414 -1880 59 49 142578 0 0 0
1183 -1475 82 69 507555 0 0 0
1597 -1235 73 43 930280 0 0 0
1871 -1107 63 36 895750 0 0 0
1446 -909 77 45 817438 0 0 0
1750 -738 45 47 848700 0 0 0
1600 -827 53 48 129895 0 0 0
1379 -855 67 57 315802 0 0 0
1731 -839 43 61 603790 0 0 0
1893 -640 58 53 515482 0 0 0
1605 -289 74 45 133937 0 0 0
1542 47 50 46 820750 0 0 0
1625 -76 73 43 225241 0 0 0
1273 -155 78 71 547588 0 0 0
1272 -560 69 49 646900 0 0 0
437 -1283 54 49 190994 0 0 0
343 -1142 46 64 233558 0 0 0
211 -1520 76 57 234233 0 0 0
-15 -1187 44 42 766709 0 0 0
-189 -1467 84 57 935043 0 0 0
-467 -1704 44 35 707842 0 0 0
-672 -1526 70 61 297207 0 0 0
-845 -1791 82 50 941036 0 0 0
-751 -1402 42 54 159020 0 0 0
-867 -1738 70 51 523882 0 0 0
-769 -1392 54 60 967012 0 0 0
-484 -1623 59 45 966300 0 0 0
-382 -1302 65 50 566830 0 0 0
-269 -1609 64 58 759742 0 0 0
-454 -1411 77 57 464526 0 0 0
-323 -1600 62 46 787194 0 0 0
-742 -1939 78 42 644278 0 0 0
-1081 -1681 74 51 177867 0 0 0
-744 -1923 62 66 993902 0 0 0
-850 -2006 68 69 602766 0 0 0
-1234 -2107 60 51 498896 0 0 0
-1328 -1876 66 62 857414 0 0 0
-926 -1618 79 52 510884 0 0 0
-916 -1853 44 46 377754 0 0 0
1391 -649 72 54 448349 0 0 0
1073 -303 50 53 462342 0 0 0
917 -38 60 63 924142 0 0 0
549 -9 60 59 302710 0 0 0
530 125 72 51 743676 0 0 0
619 -211 55 70 109120 0 0 0
1032 32 59 63 400089 0 0 0
1169 -234 75 44 222381 0 0 0
755 82 57 51 925379 0 0 0
604 -312 54 53 339433 0 0 0
766 -543 47 51 718940 0 0 0
537 -202 42 65 381538 0 0 0
776 -72 52 60 729178 0 0 0
780 -412 47 47 664794 0 0 0
815 -267 54 66 757627 0 0 0
1195 -465 61 55 671470 0 0 0
1404 -516 75 36 266594 0 0 0
1539 -474 50 41 483555 0 0 0
1466 -538 42 40 576651 0 0 0
1477 -320 57 43 100162 0 0 0
1120 -231 70 43 187965 0 0 0
1026 64 47 69 718049 0 0 0
1289 80 48 38 395303 0 0 0
1658 -69 75 57 312512 0 0 0
1499 228 73 71 853598 0 0 0
