1800
158 792 85 64 341899 0 0 0
243 990 66 50 317121 0 0 0
574 593 62 59 429077 0 0 0
852 309 73 60 397579 0 0 0
1105 464 76 63 979644 0 0 0
1154 347 61 52 290632 0 0 0
925 682 50 63 974766 0 0 0
702 307 60 45 957088 0 0 0
685 11 45 67 153288 0 0 0
396 39 59 41 538725 0 0 0
657 -250 46 62 267514 0 0 0
1085 194 78 55 544204 0 0 0
1036 425 58 73 581711 0 0 0
752 364 76 62 623034 0 0 0
1139 542 50 39 108994 0 0 0
1286 560 71 46 712322 0 0 0
999 584 52 57 279994 0 0 0
828 748 59 72 682249 0 0 0
1179 604 87 74 933391 0 0 0
1420 235 59 44 772009 0 0 0
1180 -28 80 63 678076 0 0 0
1187 -225 61 50 197351 0 0 0
1185 -22 83 46 231185 0 0 0
954 -360 51 59 555544 0 0 0
952 -543 77 74 887866 0 0 0
941 -755 78 44 950845 0 0 0
858 -846 59 61 808534 0 0 0
1077 -672 59 75 415545 0 0 0
846 -773 58 46 541751 0 0 0
870 -821 52 45 600408 0 0 0
715 -1268 65 57 706496 0 0 0
1057 -866 69 68 388721 0 0 0
1227 -1202 82 71 792461 0 0 0
1398 -1063 88 47 609534 0 0 0
950 -1177 65 53 200301 0 0 0
527 -1121 79 70 822369 0 0 0
921 -745 76 58 872442 0 0 0
1011 -893 77 53 497721 0 0 0
1373 -1327 81 48 388828 0 0 0
1009 -898 45 48 158325 0 0 0
974 -1249 73 52 589022 0 0 0
1096 -1281 87 61 433373 0 0 0
1165 -1204 74 62 121297 0 0 0
1601 -1414 56 69 611060 0 0 0
1455 -1325 67 74 789840 0 0 0
1087 1181 66 59 878510 0 0 0
920 815 74 60 910765 0 0 0
1143 810 58 67 303826 0 0 0
1497 1201 63 47 507174 0 0 0
1281 1632 56 42 288066 0 0 0
1428 1646 80 75 563438 0 0 0
1156 2077 71 47 848704 0 0 0
1301 2035 86 67 443553 0 0 0
1286 1689 45 46 425167 0 0 0
1015 1646 54 50 778844 0 0 0
661 1424 80 67 706131 0 0 0
989 1639 87 73 879500 0 0 0
923 1514 49 38 847775 0 0 0
765 1893 67 48 631258 0 0 0
686 2159 88 47 649395 0 0 0
521 2108 55 41 409072 0 0 0
865 2406 79 41 846112 0 0 0
1223 2677 64 64 245801 0 0 0
1610 2473 82 64 396072 0 0 0
1400 2490 54 37 516064 0 0 0
1312 2922 87 53 358450 0 0 0
1521 2544 71 53 887217 0 0 0
-1141 -1158 78 41 495494 0 0 0
-1386 -771 83 68 966842 0 0 0
-1303 -965 70 68 416922 0 0 0
-884 -861 70 42 974244 0 0 0
-582 -905 47 71 787978 0 0 0
-256 -614 57 66 670083 0 0 0
-30 -274 59 49 821971 0 0 0
-325 -411 83 45 969870 0 0 0
-213 -195 85 46 721182 0 0 0
-422 -131 46 54 829180 0 0 0
-737 -66 84 55 898729 0 0 0
-289 99 62 43 450336 0 0 0
-231 -217 78 40 793635 0 0 0
-354 -605 49 71 244373 0 0 0
-764 -446 66 73 334376 0 0 0
-563 -339 85 48 498441 0 0 0
-980 -278 53 44 280470 0 0 0
-856 -716 86 58 375529 0 0 0
-555 -891 68 65 200024 0 0 0
-140 -770 66 75 636466 0 0 0
303 -688 80 72 887826 0 0 0
435 -352 67 37 509262 0 0 0
466 -616 81 41 965292 0 0 0
307 -370 57 38 966895 0 0 0
718 -754 59 48 357026 0 0 0
658 -807 52 63 510257 0 0 0
415 -1137 74 69 264897 0 0 0
599 -1363 67 74 132952 0 0 0
750 -1156 78 48 634090 0 0 0
691 -906 64 61 872939 0 0 0
762 -636 66 56 966337 0 0 0
854 -602 52 73 253183 0 0 0
1110 -395 59 56 576372 0 0 0
-1781 1184 68 40 900756 0 0 0
-2132 1186 44 49 843048 0 0 0
-2323 1614 67 58 873573 0 0 0
-1937 1635 66 55 918321 0 0 0
-1984 1458 55 64 289658 0 0 0
-2087 1333 58 65 797524 0 0 0
-2349 1210 44 49 290812 0 0 0
-2448 846 76 56 586406 0 0 0
-2071 470 69 70 269137 0 0 0
705 -621 70 50 768777 0 0 0
515 -505 67 51 920594 0 0 0
400 -92 47 51 548714 0 0 0
-12 -342 52 63 528061 0 0 0
-17 -400 59 42 298594 0 0 0
-21 -375 46 48 129868 0 0 0
183 -512 52 63 440968 0 0 0
467 -899 55 71 870575 0 0 0
513 -1181 51 69 183441 0 0 0
384 -1446 54 72 398916 0 0 0
568 -1301 60 74 957410 0 0 0
524 -1072 61 44 372533 0 0 0
645 -1137 58 54 320233 0 0 0
713 -1533 70 74 795050 0 0 0
868 -1963 81 55 363486 0 0 0
1192 -1911 70 43 943468 0 0 0
1565 -1612 52 65 730690 0 0 0
1359 -2037 86 46 867089 0 0 0
1732 -2098 47 69 897197 0 0 0
2047 -1986 67 59 106800 0 0 0
2004 -2077 80 61 700927 0 0 0
1724 -1632 72 68 828049 0 0 0
1487 -1725 76 59 105269 0 0 0
1538 -1740 65 56 742682 0 0 0
1889 -2168 60 39 233698 0 0 0
1874 -1756 63 65 976892 0 0 0
2107 -1359 53 47 382411 0 0 0
1727 -1258 46 65 183850 0 0 0
2079 -823 45 46 775852 0 0 0
2011 -694 65 61 211052 0 0 0
2265 -292 45 51 343610 0 0 0
1826 -550 52 72 808889 0 0 0
1996 -885 56 68 239655 0 0 0
2140 -872 58 60 790564 0 0 0
2145 -907 79 70 352757 0 0 0
2188 -594 48 66 571263 0 0 0
1946 -805 44 68 762653 0 0 0
2065 -681 52 61 827962 0 0 0
2407 -1092 57 61 792595 0 0 0
2141 -767 73 67 540574 0 0 0
2492 -451 70 65 670144 0 0 0
2285 -104 61 58 520852 0 0 0
2567 91 51 41 217225 0 0 0
2816 305 48 55 567601 0 0 0
2511 -113 84 69 654832 0 0 0
2769 13 88 57 287192 0 0 0
-923 -51 65 54 852114 0 0 0
-860 -289 73 57 330247 0 0 0
-418 -506 76 37 869859 0 0 0
-441 -259 65 69 377252 0 0 0
-229 -373 54 45 513037 0 0 0
6 -355 65 54 715057 0 0 0
126 -451 70 66 842771 0 0 0
571 -419 72 63 226662 0 0 0
174 -50 81 52 756873 0 0 0
-126 -201 79 56 124498 0 0 0
80 19 72 74 550118 0 0 0
50 -390 77 45 974262 0 0 0
446 -231 85 44 721628 0 0 0
667 -4 73 54 338948 0 0 0
399 -418 74 73 210878 0 0 0
476 27 53 54 191117 0 0 0
450 -45 61 60 965520 0 0 0
657 -169 65 61 141030 0 0 0
-545 96 62 70 489189 0 0 0
-982 189 81 40 460789 0 0 0
-1425 108 77 42 637098 0 0 0
-1182 282 62 65 727585 0 0 0
-1366 286 55 38 627927 0 0 0
-1150 196 66 50 276032 0 0 0
-859 92 75 41 484533 0 0 0
-1059 -56 59 63 331505 0 0 0
-1126 -161 82 65 755790 0 0 0
-742 13 59 57 449003 0 0 0
-530 402 61 71 820237 0 0 0
-595 368 64 41 328184 0 0 0
-191 540 47 74 431781 0 0 0
-510 425 73 40 395976 0 0 0
-184 844 57 41 636057 0 0 0
-160 1230 48 65 721089 0 0 0
-88 1196 79 73 517059 0 0 0
89 1595 73 66 182645 0 0 0
-191 1464 88 49 197308 0 0 0
-343 1531 62 74 767943 0 0 0
-61 1349 66 72 124792 0 0 0
-444 1773 82 38 411067 0 0 0
-768 1634 71 60 421805 0 0 0
-259 1642 68 50 385771 0 0 0
-505 1691 61 47 282227 0 0 0
-844 1478 60 54 402938 0 0 0
-444 1730 74 51 199762 0 0 0
-699 1946 74 60 249181 0 0 0
-638 1803 86 47 188440 0 0 0
-464 2065 52 64 302512 0 0 0
-696 2324 60 57 112619 0 0 0
-538 2038 51 66 964525 0 0 0
-177 1979 46 49 516569 0 0 0
-607 2229 74 68 672685 0 0 0
-294 1898 74 61 685567 0 0 0
-249 2255 62 42 766334 0 0 0
23 2011 45 48 534928 0 0 0
111 2160 65 50 162082 0 0 0
-88 2138 59 52 226790 0 0 0
-316 2103 48 66 202959 0 0 0
-142 1821 71 54 178985 0 0 0
527 1181 88 53 142744 0 0 0
462 1155 54 37 705720 0 0 0
752 716 76 68 319890 0 0 0
1109 1158 75 57 662640 0 0 0
1363 1337 44 42 107229 0 0 0
1500 1190 68 70 530879 0 0 0
1220 1552 62 55 145716 0 0 0
1670 1579 81 70 601203 0 0 0
1548 1948 59 59 927317 0 0 0
1674 1973 70 49 574350 0 0 0
1862 1566 67 39 553972 0 0 0
1833 1319 70 60 897935 0 0 0
1963 1104 82 66 182179 0 0 0
1640 1148 64 70 194254 0 0 0
1859 711 65 70 674718 0 0 0
1970 821 48 64 107619 0 0 0
1818 926 47 62 485455 0 0 0
1605 836 55 71 181694 0 0 0
1857 1281 87 64 944479 0 0 0
1768 1302 85 68 873802 0 0 0
1552 1043 73 69 418935 0 0 0
1926 949 79 44 837407 0 0 0
1599 987 58 42 231264 0 0 0
1257 981 85 74 174147 0 0 0
872 776 72 60 147528 0 0 0
706 504 49 61 114428 0 0 0
606 814 50 39 308342 0 0 0
284 936 57 69 753181 0 0 0
253 1185 54 73 160618 0 0 0
442 1244 53 68 184604 0 0 0
573 1325 51 52 549275 0 0 0
390 1671 80 72 796993 0 0 0
354 1630 67 72 118201 0 0 0
756 1522 48 67 161509 0 0 0
597 1255 50 55 576851 0 0 0
694 971 88 52 175067 0 0 0
773 946 86 60 564103 0 0 0
563 913 65 75 413447 0 0 0
233 1282 60 63 587560 0 0 0
207 837 75 54 455027 0 0 0
-164 873 70 44 125598 0 0 0
-94 829 55 58 684105 0 0 0
135 1067 82 57 281916 0 0 0
295 1099 81 53 601999 0 0 0
301 1222 52 56 398735 0 0 0
480 781 74 60 836372 0 0 0
547 1218 69 37 952548 0 0 0
459 1081 63 70 368737 0 0 0
534 990 46 69 380886 0 0 0
788 1267 53 60 972754 0 0 0
504 1111 71 37 515358 0 0 0
595 678 59 50 687459 0 0 0
449 552 71 40 523339 0 0 0
353 843 46 69 239324 0 0 0
640 714 76 63 845782 0 0 0
1002 601 58 40 162504 0 0 0
807 486 80 59 490707 0 0 0
453 741 60 64 963203 0 0 0
209 1066 78 66 796321 0 0 0
301 1012 51 51 856316 0 0 0
642 987 57 57 782862 0 0 0
1025 1041 51 70 926073 0 0 0
1215 978 55 67 487004 0 0 0
1250 681 78 37 286177 0 0 0
1374 1068 60 61 563547 0 0 0
934 848 74 71 231517 0 0 0
494 921 57 49 449360 0 0 0
628 1313 68 62 942361 0 0 0
836 1203 83 68 594115 0 0 0
1263 1202 86 64 493507 0 0 0
1519 1472 49 58 929710 0 0 0
-1667 1687 55 64 763305 0 0 0
-1620 1866 69 41 107616 0 0 0
-1706 2045 77 65 671652 0 0 0
-1760 2048 72 37 429261 0 0 0
-2192 1646 61 55 938153 0 0 0
-1815 1772 81 73 587544 0 0 0
-2243 2102 60 42 439757 0 0 0
-2468 2382 61 74 699487 0 0 0
-2082 2614 59 49 787075 0 0 0
-2390 2367 75 60 647855 0 0 0
-2485 2546 57 53 912503 0 0 0
-2439 2577 61 38 993581 0 0 0
-2343 2761 82 72 474951 0 0 0
-2621 2742 62 37 637920 0 0 0
-2984 2460 54 45 819099 0 0 0
-3129 2858 59 37 180740 0 0 0
-3442 2598 78 60 268429 0 0 0
-3436 2247 49 39 954245 0 0 0
-3338 2189 49 68 102069 0 0 0
-2983 1790 84 46 909085 0 0 0
-2907 2071 71 71 644130 0 0 0
-1191 1170 55 73 416977 0 0 0
-1104 865 70 63 176664 0 0 0
-1502 995 72 55 321400 0 0 0
-1282 714 47 42 565819 0 0 0
-1397 849 78 40 527898 0 0 0
-1789 733 72 43 780473 0 0 0
-1507 1101 62 65 546064 0 0 0
-1856 1504 60 50 649268 0 0 0
-1756 1768 86 39 655011 0 0 0
-1370 1941 54 64 357387 0 0 0
-1731 943 67 68 889954 0 0 0
-1816 1163 84 69 608514 0 0 0
-1822 754 67 56 937564 0 0 0
-2213 737 70 39 158734 0 0 0
-2084 354 77 71 226608 0 0 0
-1645 710 86 58 756423 0 0 0
-1762 616 66 53 260066 0 0 0
-1363 933 47 46 598156 0 0 0
-1360 1138 45 53 455551 0 0 0
-1673 1423 63 68 742264 0 0 0
-1247 1597 80 50 293610 0 0 0
-1371 1863 69 49 585924 0 0 0
-1036 1797 53 48 937287 0 0 0
-976 1996 58 61 253406 0 0 0
-685 1782 46 72 949540 0 0 0
-488 2227 61 40 228557 0 0 0
-162 2182 58 45 379019 0 0 0
-152 1986 86 45 183637 0 0 0
-249 2400 85 52 758664 0 0 0
113 2244 87 54 665735 0 0 0
-152 2659 83 46 904977 0 0 0
-413 2595 76 75 766603 0 0 0
-199 2744 56 72 304752 0 0 0
75 2910 51 53 255183 0 0 0
216 3298 81 56 363996 0 0 0
56 3572 47 46 552425 0 0 0
333 3824 54 64 906723 0 0 0
549 3847 75 60 260950 0 0 0
833 3571 49 40 902356 0 0 0
699 3954 64 53 869193 0 0 0
273 4179 61 44 400894 0 0 0
666 4160 79 47 328194 0 0 0
1049 3792 75 65 898016 0 0 0
684 4047 81 55 343009 0 0 0
1116 4292 47 75 299616 0 0 0
1360 4294 56 72 520982 0 0 0
1243 3998 60 42 875809 0 0 0
1465 4022 84 70 856944 0 0 0
1133 4175 48 64 944311 0 0 0
1201 4338 45 71 208976 0 0 0
1124 4236 50 41 768064 0 0 0
1354 4644 79 74 781499 0 0 0
1345 4522 72 69 702812 0 0 0
1475 4586 83 54 898658 0 0 0
1534 4946 79 73 312673 0 0 0
1489 4678 51 65 477672 0 0 0
1683 4834 74 74 394154 0 0 0
1472 4559 54 47 928137 0 0 0
1183 4737 52 62 811822 0 0 0
1485 4346 75 53 793096 0 0 0
1238 4770 46 47 343723 0 0 0
1156 4738 85 73 722368 0 0 0
1298 5018 76 51 195836 0 0 0
901 4702 54 61 130977 0 0 0
1006 4495 74 58 679364 0 0 0
981 4340 78 41 972052 0 0 0
748 4419 64 65 948137 0 0 0
549 4713 57 45 514541 0 0 0
810 5128 87 37 989713 0 0 0
787 5184 77 71 965645 0 0 0
561 4875 82 39 131626 0 0 0
858 4598 84 56 394318 0 0 0
1118 4409 51 69 833818 0 0 0
995 4581 78 71 746843 0 0 0
661 5002 66 38 842920 0 0 0
347 4742 56 56 429783 0 0 0
696 4345 74 73 750958 0 0 0
732 3969 59 60 444313 0 0 0
882 3825 66 73 482920 0 0 0
1011 3645 63 46 474353 0 0 0
632 3238 80 55 633528 0 0 0
440 3569 70 60 158229 0 0 0
149 3824 52 38 291621 0 0 0
61 4038 75 61 388432 0 0 0
-25 3780 64 40 365483 0 0 0
-889 1710 71 63 457613 0 0 0
-1314 1478 81 40 685966 0 0 0
-1424 1355 51 71 835005 0 0 0
-1080 1351 62 52 444154 0 0 0
-768 1530 86 65 669564 0 0 0
-653 1404 66 50 517346 0 0 0
-255 1652 72 40 961983 0 0 0
-130 1750 86 56 367373 0 0 0
256 1843 88 73 494162 0 0 0
465 1682 72 67 440540 0 0 0
373 1732 78 65 965192 0 0 0
643 2095 46 54 128727 0 0 0
682 2363 48 71 856974 0 0 0
246 2004 46 59 572772 0 0 0
536 2328 59 58 718622 0 0 0
549 2560 60 57 493437 0 0 0
860 2141 88 37 207626 0 0 0
572 2423 77 39 911993 0 0 0
287 2757 75 48 219650 0 0 0
53 3074 84 69 568829 0 0 0
309 3103 54 41 238085 0 0 0
141 3156 79 50 931297 0 0 0
-68 3041 52 37 281767 0 0 0
-78 2799 81 66 380881 0 0 0
-102 2722 80 54 605024 0 0 0
-163 2376 73 58 227665 0 0 0
-326 2487 87 55 345514 0 0 0
-562 2146 74 54 973143 0 0 0
-371 2538 76 37 961131 0 0 0
-215 2355 44 37 299249 0 0 0
-79 2690 67 49 744833 0 0 0
-224 3074 75 47 378445 0 0 0
-364 3388 72 62 118067 0 0 0
-471 3795 82 52 590188 0 0 0
-327 3868 55 51 853777 0 0 0
-73 3959 58 51 451924 0 0 0
222 3617 76 60 122326 0 0 0
302 3836 68 48 874964 0 0 0
91 3751 61 68 616309 0 0 0
-235 3925 59 57 613386 0 0 0
205 4188 51 64 753667 0 0 0
355 4372 49 73 493772 0 0 0
160 4072 51 51 246565 0 0 0
209 3838 47 75 926740 0 0 0
-204 3446 63 63 235356 0 0 0
-1 3059 59 42 205548 0 0 0
-346 2811 64 42 961979 0 0 0
73 2400 50 64 552743 0 0 0
152 2028 44 73 791503 0 0 0
506 1854 84 71 884963 0 0 0
134 2299 54 46 665748 0 0 0
-181 1857 85 69 527081 0 0 0
-475 1955 79 71 684300 0 0 0
-897 1588 47 43 802633 0 0 0
-723 1655 77 46 720316 0 0 0
-469 2098 88 47 942353 0 0 0
-351 1847 69 56 399500 0 0 0
751 1623 81 38 951296 0 0 0
1058 1915 67 40 404006 0 0 0
667 1895 46 47 800335 0 0 0
506 1526 56 48 993713 0 0 0
823 1903 78 50 873329 0 0 0
1121 1583 68 68 664372 0 0 0
1176 1206 83 46 547614 0 0 0
1425 1039 70 57 257926 0 0 0
1642 821 71 38 824263 0 0 0
1525 1259 78 50 712506 0 0 0
1370 971 60 44 316123 0 0 0
1161 868 86 41 847372 0 0 0
1382 1221 75 63 276215 0 0 0
1004 1136 86 51 606348 0 0 0
1084 812 65 68 974987 0 0 0
1298 679 51 62 402669 0 0 0
1313 596 77 42 446773 0 0 0
1537 428 70 38 203557 0 0 0
1428 796 54 62 224879 0 0 0
1105 415 70 72 176997 0 0 0
986 656 45 54 381493 0 0 0
538 939 61 61 716885 0 0 0
670 627 88 56 675865 0 0 0
945 713 52 61 840236 0 0 0
1224 473 55 63 647755 0 0 0
850 552 45 75 246179 0 0 0
1250 308 66 71 425917 0 0 0
1698 489 86 56 221265 0 0 0
2002 217 62 59 659874 0 0 0
2301 465 83 70 727881 0 0 0
2744 603 75 48 340843 0 0 0
3063 860 86 47 450867 0 0 0
2872 1152 69 44 941788 0 0 0
3238 1473 85 55 600500 0 0 0
2962 1426 44 58 115169 0 0 0
3291 1056 64 58 992053 0 0 0
3416 952 66 70 635722 0 0 0
3687 1183 58 42 351604 0 0 0
1339 -1506 87 59 957749 0 0 0
1318 -1359 79 42 866414 0 0 0
902 -1312 81 71 574023 0 0 0
510 -1192 52 42 752429 0 0 0
307 -1261 53 54 717593 0 0 0
-35 -1420 83 44 639540 0 0 0
-375 -1221 55 66 737855 0 0 0
-396 -1256 57 67 516758 0 0 0
-673 -1071 67 74 461887 0 0 0
-846 -1077 68 53 629661 0 0 0
-1098 -1454 74 63 651740 0 0 0
-684 -1545 71 69 733388 0 0 0
-260 -1849 76 55 682446 0 0 0
183 -1598 81 53 185315 0 0 0
196 -1840 80 54 439400 0 0 0
289 -1405 86 72 318150 0 0 0
490 -1752 74 58 285548 0 0 0
241 -1598 62 58 651700 0 0 0
171 -1473 54 45 409515 0 0 0
31 -1122 65 64 724995 0 0 0
105 -1494 66 75 266241 0 0 0
521 -1625 60 51 330503 0 0 0
714 -1247 82 62 759558 0 0 0
538 -1495 46 39 177820 0 0 0
-1714 -7 46 41 879565 0 0 0
-1913 -120 60 60 809556 0 0 0
-2168 -101 72 37 942243 0 0 0
-2356 -44 67 62 546111 0 0 0
-2129 183 56 61 647693 0 0 0
-1900 471 65 56 260172 0 0 0
-2139 227 44 49 945095 0 0 0
-2401 -146 54 38 692440 0 0 0
-2072 176 71 56 325451 0 0 0
-1972 -155 72 45 135436 0 0 0
-1522 -483 80 66 366643 0 0 0
-1855 -866 51 66 787723 0 0 0
-1533 -553 58 74 195772 0 0 0
-1459 -457 86 57 719998 0 0 0
-1315 -185 78 62 727799 0 0 0
-1358 -78 56 48 350881 0 0 0
-1145 -103 73 65 375559 0 0 0
-1399 206 58 68 665675 0 0 0
-1413 634 86 61 688510 0 0 0
-1310 699 53 61 547842 0 0 0
-1303 924 45 40 827727 0 0 0
-1458 872 62 74 516150 0 0 0
-1771 1306 70 66 659932 0 0 0
-2190 1433 87 64 826365 0 0 0
-1802 1805 81 70 230280 0 0 0
-1487 1958 53 61 696484 0 0 0
-1292 2278 67 49 562603 0 0 0
-1260 2031 55 66 845584 0 0 0
-1445 2176 66 59 149168 0 0 0
-1312 2616 85 58 602384 0 0 0
-1062 2854 82 41 374366 0 0 0
-626 2945 60 38 524425 0 0 0
-608 3130 57 50 208734 0 0 0
-430 2921 70 75 140993 0 0 0
-70 2504 76 65 159961 0 0 0
99 2739 72 44 312316 0 0 0
444 2774 64 58 906619 0 0 0
804 2564 79 70 830423 0 0 0
1006 2549 75 67 317655 0 0 0
758 2878 65 62 515292 0 0 0
666 3290 60 39 426304 0 0 0
716 3655 86 62 303641 0 0 0
614 4063 70 54 632720 0 0 0
605 3720 47 74 911959 0 0 0
316 3938 87 54 705209 0 0 0
714 3540 50 57 235404 0 0 0
831 3348 81 46 745792 0 0 0
946 3665 46 63 199628 0 0 0
1286 3215 54 42 398690 0 0 0
1066 3271 48 71 123687 0 0 0
1087 3163 46 39 252938 0 0 0
1374 3298 64 52 707951 0 0 0
1791 3581 70 56 193030 0 0 0
1121 825 86 50 536750 0 0 0
1480 502 68 38 611628 0 0 0
1437 819 46 67 895129 0 0 0
1464 999 67 45 751574 0 0 0
1792 763 60 71 684786 0 0 0
2018 733 44 68 417088 0 0 0
1816 411 65 49 241071 0 0 0
1408 600 56 52 182670 0 0 0
1494 358 73 75 717866 0 0 0
1480 775 46 62 728664 0 0 0
1557 886 86 59 323953 0 0 0
1935 1093 46 73 639375 0 0 0
1648 1320 60 64 983957 0 0 0
1456 1348 81 61 770523 0 0 0
1480 1472 63 44 221777 0 0 0
1765 1393 63 43 729079 0 0 0
2104 1727 63 51 474771 0 0 0
2534 1735 76 49 492061 0 0 0
2771 2008 76 52 292618 0 0 0
2494 2337 75 70 445168 0 0 0
2633 2736 59 61 244401 0 0 0
2468 2513 47 39 494307 0 0 0
2355 2182 86 61 827047 0 0 0
2021 1900 75 42 196726 0 0 0
2289 2314 84 58 966277 0 0 0
2303 2309 45 52 566252 0 0 0
2140 1979 59 47 896986 0 0 0
2551 1892 58 55 236793 0 0 0
2873 2306 59 59 941201 0 0 0
2474 2321 65 54 485302 0 0 0
2073 2009 49 53 774705 0 0 0
2248 1644 86 37 586087 0 0 0
2274 1244 62 69 834614 0 0 0
2585 1475 73 38 977023 0 0 0
2674 1430 64 75 209453 0 0 0
2485 1135 86 49 736511 0 0 0
2238 1537 59 75 550100 0 0 0
2563 1724 73 43 971526 0 0 0
2179 2100 80 67 682000 0 0 0
2528 2163 69 52 107130 0 0 0
2383 2341 79 43 203369 0 0 0
2254 2194 83 54 284271 0 0 0
2557 2375 55 37 654133 0 0 0
2254 2441 73 65 689874 0 0 0
1639 -1059 53 70 463292 0 0 0
1776 -1307 67 47 129661 0 0 0
1848 -1034 52 71 554583 0 0 0
1519 -1081 83 67 435873 0 0 0
1373 -1414 53 64 510895 0 0 0
1232 -1016 57 37 606768 0 0 0
805 -692 48 63 436058 0 0 0
1049 -767 81 48 285550 0 0 0
1196 -1043 61 63 575658 0 0 0
1555 -1466 65 62 679355 0 0 0
1533 -1031 53 52 715356 0 0 0
1196 -883 72 37 779237 0 0 0
1266 -1265 82 49 762092 0 0 0
1662 -928 62 56 675988 0 0 0
1610 -690 83 41 839824 0 0 0
1424 -754 80 58 197444 0 0 0
1107 -702 59 56 466611 0 0 0
1461 -662 80 61 538642 0 0 0
1599 -343 64 69 782732 0 0 0
1178 -239 86 67 244033 0 0 0
1320 -190 78 45 111016 0 0 0
1616 178 66 43 156181 0 0 0
1308 373 74 73 849615 0 0 0
1672 536 50 40 596479 0 0 0
1549 427 56 45 376763 0 0 0
1455 269 68 52 976199 0 0 0
1085 158 79 44 901755 0 0 0
774 547 46 47 999937 0 0 0
523 185 81 64 684754 0 0 0
836 -92 51 53 855571 0 0 0
928 -44 60 69 929550 0 0 0
641 -381 69 49 898250 0 0 0
438 -71 79 43 602255 0 0 0
648 302 61 74 667976 0 0 0
666 527 79 64 474511 0 0 0
1094 546 75 58 423598 0 0 0
770 186 71 46 990181 0 0 0
320 324 44 53 703570 0 0 0
276 634 52 54 235743 0 0 0
592 416 57 59 459347 0 0 0
811 226 54 52 272988 0 0 0
1207 319 70 41 243266 0 0 0
1435 180 82 69 460592 0 0 0
1174 336 48 69 540590 0 0 0
798 508 59 37 754486 0 0 0
520 728 80 42 561133 0 0 0
805 394 79 49 142969 0 0 0
520 260 44 73 223730 0 0 0
866 646 87 53 680173 0 0 0
688 315 50 46 658624 0 0 0
486 10 46 57 990334 0 0 0
209 413 72 61 751390 0 0 0
586 760 74 58 194365 0 0 0
441 1030 81 43 276265 0 0 0
305 711 65 72 776036 0 0 0
520 300 69 69 308969 0 0 0
589 273 46 38 300920 0 0 0
704 379 60 74 868782 0 0 0
543 579 49 47 852054 0 0 0
331 1000 86 50 109861 0 0 0
518 1174 54 41 910606 0 0 0
237 1112 49 39 465553 0 0 0
137 787 77 37 245113 0 0 0
24 1001 87 54 353018 0 0 0
-379 1277 65 60 977899 0 0 0
-740 1235 63 65 718566 0 0 0
-1003 1104 45 68 815026 0 0 0
-1209 1301 59 44 646592 0 0 0
-1158 1573 54 50 120153 0 0 0
-998 1298 61 69 405655 0 0 0
-1135 1234 74 60 300133 0 0 0
-789 861 72 53 210191 0 0 0
-544 639 76 62 567684 0 0 0
-103 976 52 74 634028 0 0 0
177 577 63 55 586872 0 0 0
-256 621 53 37 811492 0 0 0
-111 866 88 43 322956 0 0 0
-478 531 69 55 723329 0 0 0
-683 717 51 64 943924 0 0 0
-369 573 61 73 292958 0 0 0
80 172 66 49 121663 0 0 0
62 -248 88 41 696979 0 0 0
216 -80 52 62 328708 0 0 0
188 -276 72 65 668699 0 0 0
-1245 -1602 51 46 685215 0 0 0
-1041 -1611 73 63 630891 0 0 0
-780 -1950 88 70 169136 0 0 0
-1001 -2110 70 39 364324 0 0 0
-1067 -2081 81 60 923151 0 0 0
-1058 -2337 67 65 128145 0 0 0
-782 -2674 59 52 250673 0 0 0
-689 -2946 84 73 120349 0 0 0
-536 -2837 44 71 265311 0 0 0
-266 -2484 80 71 606000 0 0 0
-130 -2378 83 55 230698 0 0 0
100 -2686 85 71 557761 0 0 0
288 -2936 44 66 676264 0 0 0
-28 -2902 84 40 822381 0 0 0
-286 -2463 79 71 711863 0 0 0
-543 -2866 74 54 412347 0 0 0
-163 -3304 59 72 785240 0 0 0
10 -3033 78 49 786702 0 0 0
144 -2622 52 57 333496 0 0 0
291 -2971 58 62 944842 0 0 0
456 -2877 56 55 182460 0 0 0
856 -2782 85 47 975085 0 0 0
568 -2359 71 41 276399 0 0 0
132 -2646 61 66 975113 0 0 0
261 -2478 73 48 455749 0 0 0
28 -2452 78 37 315571 0 0 0
-89 -2023 60 46 914589 0 0 0
-485 -2333 69 37 302711 0 0 0
-834 -2777 70 53 338000 0 0 0
-696 -3045 79 46 389845 0 0 0
-979 -2964 78 39 304668 0 0 0
-1345 -2967 68 58 247812 0 0 0
-1596 -2621 75 53 754255 0 0 0
-1965 -2305 52 58 870061 0 0 0
-1811 -1948 46 60 407317 0 0 0
-2019 -1659 80 65 865066 0 0 0
-1610 -1894 61 55 302016 0 0 0
-1525 -1592 44 61 283156 0 0 0
-944 833 74 66 123267 0 0 0
-1388 414 59 50 851925 0 0 0
-1268 204 87 70 430938 0 0 0
-825 280 60 48 553008 0 0 0
-1264 411 58 54 378402 0 0 0
-1685 140 79 48 950643 0 0 0
-1883 -223 70 53 729040 0 0 0
-2087 -369 46 73 147864 0 0 0
-2161 -35 56 66 568632 0 0 0
-1996 -94 69 53 209195 0 0 0
-1643 344 65 54 414982 0 0 0
-1215 591 58 55 572742 0 0 0
-871 392 55 73 412344 0 0 0
-1285 532 61 62 674375 0 0 0
-919 906 81 70 907101 0 0 0
-1356 1172 54 39 127445 0 0 0
-1223 1104 63 61 318514 0 0 0
-1647 767 54 46 193250 0 0 0
-1908 633 65 59 658417 0 0 0
-1480 816 62 50 719743 0 0 0
-1751 1084 57 73 895199 0 0 0
-1382 1173 49 64 851443 0 0 0
-1781 949 55 64 126682 0 0 0
-1571 1372 59 71 121611 0 0 0
-1544 1791 67 45 856411 0 0 0
-1427 1510 65 53 644755 0 0 0
-1480 1467 46 74 537977 0 0 0
-1925 1024 64 57 344979 0 0 0
-1817 1122 63 66 277123 0 0 0
-1474 1372 86 64 877222 0 0 0
-1444 1366 88 71 224027 0 0 0
-1025 934 47 46 425072 0 0 0
-983 1138 55 53 344772 0 0 0
-1432 928 55 55 420689 0 0 0
-1510 1267 49 62 967252 0 0 0
-1083 1702 67 46 229355 0 0 0
-881 1395 61 74 226000 0 0 0
-1030 995 47 39 664157 0 0 0
-570 -1353 71 66 761591 0 0 0
-877 -1758 46 73 927505 0 0 0
-927 -2070 52 63 389802 0 0 0
-816 -2466 61 41 634011 0 0 0
-593 -2476 79 57 113293 0 0 0
-394 -2247 80 45 604385 0 0 0
3 -2251 44 68 216173 0 0 0
-140 -1835 70 62 206176 0 0 0
-416 -2088 63 60 752798 0 0 0
-259 -2456 60 66 299492 0 0 0
-303 -2414 74 47 362348 0 0 0
-671 -2775 65 48 563586 0 0 0
-522 -2544 83 53 523346 0 0 0
-794 -2826 69 55 454399 0 0 0
-525 -2690 58 67 500816 0 0 0
-223 -2765 85 50 913706 0 0 0
-439 -2450 57 57 170219 0 0 0
-16 -2396 47 59 741083 0 0 0
135 -2709 51 47 201932 0 0 0
440 -2495 85 53 382626 0 0 0
149 -2937 58 71 479245 0 0 0
-189 -2995 84 51 120007 0 0 0
-336 -2819 49 54 357337 0 0 0
-176 -3268 44 62 774698 0 0 0
-74 -3362 73 61 787211 0 0 0
987 -936 60 40 172300 0 0 0
1416 -848 69 61 205942 0 0 0
1766 -888 65 37 182986 0 0 0
2078 -1198 53 53 147003 0 0 0
2398 -1362 48 55 722126 0 0 0
2697 -1178 82 66 861537 0 0 0
3135 -1338 54 63 944520 0 0 0
3120 -1423 78 54 770548 0 0 0
3523 -1852 83 46 523441 0 0 0
3911 -2058 54 43 725472 0 0 0
3475 -1851 66 59 775109 0 0 0
3268 -1778 80 39 193490 0 0 0
2885 -1549 73 65 646511 0 0 0
3289 -1253 78 38 230343 0 0 0
3456 -1337 64 51 559781 0 0 0
3210 -1572 69 45 876342 0 0 0
3554 -1634 77 73 725193 0 0 0
3628 -1346 49 50 197206 0 0 0
3427 -1268 82 71 244684 0 0 0
3104 -1230 75 60 206597 0 0 0
2852 -847 59 51 337229 0 0 0
3257 -1045 61 61 183679 0 0 0
2967 -1410 49 68 770573 0 0 0
2798 -1160 88 65 724498 0 0 0
3102 -1438 45 50 575630 0 0 0
3449 -1242 61 47 113193 0 0 0
3092 -1591 53 66 102278 0 0 0
3257 -1415 70 73 996855 0 0 0
3441 -1144 80 51 174194 0 0 0
3458 -1469 65 74 859458 0 0 0
3130 -1158 49 56 177807 0 0 0
2986 -1386 75 59 490371 0 0 0
2579 -1426 73 49 506276 0 0 0
2772 -1378 80 55 376172 0 0 0
2934 -1290 67 45 652111 0 0 0
2696 -1412 63 54 465342 0 0 0
3024 -1534 81 49 145875 0 0 0
3149 -1347 69 47 604993 0 0 0
3267 -1125 44 46 119870 0 0 0
3574 -1441 57 45 553836 0 0 0
3482 -1482 86 74 407233 0 0 0
3124 -1554 59 43 743146 0 0 0
-1234 -1407 83 41 285546 0 0 0
-1467 -1856 83 70 641732 0 0 0
-1453 -1555 87 66 729816 0 0 0
-1082 -1471 65 66 407575 0 0 0
-966 -1276 50 62 359166 0 0 0
-597 -1397 78 66 574380 0 0 0
-752 -1266 56 75 299458 0 0 0
-1202 -1117 54 47 326410 0 0 0
-1534 -1472 66 66 492231 0 0 0
-1665 -1576 59 64 585604 0 0 0
-1430 -1174 63 70 351373 0 0 0
-1366 -1294 77 75 774837 0 0 0
-1453 -1491 54 70 515754 0 0 0
-1219 -1441 75 73 931300 0 0 0
-1561 -1111 49 68 791131 0 0 0
-1497 -1146 74 43 629038 0 0 0
-1570 -1177 80 66 555272 0 0 0
-1932 -1603 86 73 906890 0 0 0
-1877 -1645 64 41 119953 0 0 0
-2103 -1285 63 45 996008 0 0 0
-2213 -1715 77 59 435791 0 0 0
-2268 -2074 78 57 389677 0 0 0
-1968 -2380 44 47 938544 0 0 0
-2223 -2585 81 70 298528 0 0 0
-2399 -2322 77 38 382049 0 0 0
-2081 -2478 64 42 263713 0 0 0
-2025 -2461 82 43 178309 0 0 0
-1793 -2498 66 58 423169 0 0 0
-2047 -2514 57 39 886176 0 0 0
-2200 -2314 86 42 262390 0 0 0
-2640 -2284 44 68 643981 0 0 0
-2789 -2621 45 38 486418 0 0 0
-3043 -2790 62 49 123436 0 0 0
-2608 -3000 77 69 726479 0 0 0
-2782 -2575 67 42 514045 0 0 0
-3069 -2833 84 50 516565 0 0 0
-3313 -2849 61 44 134992 0 0 0
-3012 -2545 61 57 344735 0 0 0
-2989 -2438 86 75 773024 0 0 0
-3027 -2840 47 43 510793 0 0 0
-2978 -2769 77 64 223101 0 0 0
-3382 -3184 88 70 246488 0 0 0
-3763 -2785 76 54 928969 0 0 0
-3538 -2781 53 58 228844 0 0 0
-3689 -2350 64 64 661359 0 0 0
-3894 -2223 61 50 845777 0 0 0
-351 1709 51 46 945386 0 0 0
-743 1277 47 58 873293 0 0 0
-840 1121 62 64 405131 0 0 0
-1078 1507 64 64 372176 0 0 0
-1148 1354 72 37 477819 0 0 0
-1554 912 71 69 791030 0 0 0
-1479 1108 74 53 740834 0 0 0
-1571 1091 69 58 716829 0 0 0
-1407 1051 47 38 289334 0 0 0
-1524 796 84 75 501565 0 0 0
-1219 541 47 46 455756 0 0 0
-770 434 44 51 646615 0 0 0
-742 801 76 44 179016 0 0 0
-859 978 50 71 330055 0 0 0
-743 688 53 45 349278 0 0 0
-1026 939 48 50 440632 0 0 0
-1010 793 63 38 177704 0 0 0
-1312 556 85 44 624878 0 0 0
-1694 584 86 48 828721 0 0 0
-1354 180 54 52 554968 0 0 0
-1348 456 58 40 501013 0 0 0
-1199 751 83 56 210698 0 0 0
-869 1176 55 51 277257 0 0 0
-1127 1182 82 48 868519 0 0 0
-1096 1523 82 39 762487 0 0 0
-811 1411 88 61 248782 0 0 0
-1242 1626 77 52 641171 0 0 0
-1454 1822 77 58 747523 0 0 0
-522 1424 50 39 647813 0 0 0
-736 1515 85 47 531628 0 0 0
-1051 1294 75 37 841234 0 0 0
-1257 1153 76 47 975433 0 0 0
-1309 1318 49 73 385490 0 0 0
-1552 1648 48 51 443419 0 0 0
-1572 1320 54 66 864208 0 0 0
-1382 895 78 75 443867 0 0 0
-1179 1152 47 65 662321 0 0 0
142 -119 62 48 397927 0 0 0
465 -366 79 67 733047 0 0 0
410 37 44 73 652521 0 0 0
434 17 78 50 305117 0 0 0
805 431 74 39 339696 0 0 0
1038 314 51 55 862202 0 0 0
687 364 78 58 879093 0 0 0
1135 528 49 40 105505 0 0 0
1144 796 55 64 513336 0 0 0
1581 530 62 47 121692 0 0 0
1760 437 60 63 669493 0 0 0
2088 498 47 49 391639 0 0 0
2351 935 60 45 649692 0 0 0
1927 1121 86 40 195297 0 0 0
2359 1473 61 39 493274 0 0 0
2798 1334 79 57 551029 0 0 0
2686 1577 54 60 224292 0 0 0
2491 1566 47 69 658426 0 0 0
2784 1291 72 75 131728 0 0 0
2605 984 76 58 245568 0 0 0
2201 1127 55 48 873430 0 0 0
2126 993 51 45 282455 0 0 0
2488 976 55 75 485227 0 0 0
2215 1301 68 37 492607 0 0 0
2437 1622 86 69 514213 0 0 0
2228 1721 52 49 175420 0 0 0
2355 1666 65 71 548076 0 0 0
2441 1873 71 51 892517 0 0 0
2739 2077 44 49 442239 0 0 0
2426 2397 67 49 521550 0 0 0
2588 2311 76 57 490371 0 0 0
2596 2332 55 41 482385 0 0 0
2268 2099 83 74 705328 0 0 0
2015 1656 57 63 247788 0 0 0
2387 1287 64 40 504480 0 0 0
2369 850 52 52 236583 0 0 0
2432 600 70 58 139389 0 0 0
2372 218 70 52 746391 0 0 0
2611 -190 71 43 359803 0 0 0
2681 -101 61 65 805459 0 0 0
2817 -252 73 73 530044 0 0 0
3022 -283 67 64 817370 0 0 0
3055 45 51 50 262130 0 0 0
3104 -108 49 53 875743 0 0 0
3417 205 75 73 158403 0 0 0
3502 44 80 66 740615 0 0 0
-1572 223 67 38 172583 0 0 0
-1540 538 64 59 649312 0 0 0
-1469 489 63 61 181170 0 0 0
-1614 218 87 46 734288 0 0 0
-1540 575 52 50 448289 0 0 0
-1236 851 48 58 815837 0 0 0
-897 1026 68 47 670858 0 0 0
-1259 916 82 41 984840 0 0 0
-1542 638 78 52 788468 0 0 0
-1465 948 48 68 871321 0 0 0
-1646 1109 55 66 296101 0 0 0
-1439 1533 72 70 891458 0 0 0
-1431 1187 74 57 909339 0 0 0
-1526 1206 79 46 941627 0 0 0
-1728 1077 44 74 547677 0 0 0
-1570 974 69 75 129576 0 0 0
-1648 646 58 61 340402 0 0 0
-1882 918 60 69 861137 0 0 0
-1968 497 84 39 654176 0 0 0
-1902 626 83 45 717663 0 0 0
-2125 581 58 65 482282 0 0 0
-2419 149 46 58 338153 0 0 0
-2426 -257 47 60 962252 0 0 0
-2197 -614 73 75 148354 0 0 0
-2396 -575 88 52 602336 0 0 0
-2835 -683 45 70 659968 0 0 0
-3015 -1089 49 55 158991 0 0 0
-3419 -1461 83 61 146883 0 0 0
-3823 -1323 54 59 628021 0 0 0
-4079 -1749 80 41 558023 0 0 0
-4026 -1767 54 48 409120 0 0 0
-4349 -1476 57 65 133370 0 0 0
-4150 -1736 63 50 646257 0 0 0
-3744 -1492 52 50 480481 0 0 0
-4021 -1479 73 73 418433 0 0 0
-3775 -1881 77 64 851136 0 0 0
-3597 -1925 70 67 582361 0 0 0
-3569 -1710 61 73 576071 0 0 0
-3895 -2050 45 63 240581 0 0 0
-4126 -1964 60 60 646558 0 0 0
-265 -1752 57 69 814611 0 0 0
-3 -2122 45 54 327779 0 0 0
-292 -2508 88 50 375684 0 0 0
-276 -2140 63 68 220336 0 0 0
-365 -2401 64 48 644186 0 0 0
-777 -2292 85 57 385409 0 0 0
-878 -2308 71 72 248880 0 0 0
-503 -2424 65 71 422048 0 0 0
-485 -2573 78 45 252081 0 0 0
-137 -2561 87 50 355249 0 0 0
-24 -2549 63 75 229402 0 0 0
-346 -2116 80 67 875918 0 0 0
-224 -1975 52 68 783627 0 0 0
-419 -1678 50 42 176392 0 0 0
-229 -1273 73 50 220633 0 0 0
220 -879 88 38 697790 0 0 0
-41 -1041 70 62 166452 0 0 0
-467 -777 45 54 604033 0 0 0
-186 -1083 57 53 350701 0 0 0
19 -1087 78 66 508523 0 0 0
-292 -1345 50 61 801552 0 0 0
-159 -1158 53 56 273535 0 0 0
-206 -1193 84 40 699585 0 0 0
-88 -985 84 57 719681 0 0 0
138 -1084 53 73 264324 0 0 0
-202 -973 67 58 844999 0 0 0
-467 -1054 82 71 264028 0 0 0
-588 -1281 49 40 410746 0 0 0
-583 -855 75 60 920992 0 0 0
-232 -1214 51 64 382258 0 0 0
-633 -1198 88 37 600110 0 0 0
-455 -1418 44 72 869401 0 0 0
-342 -1168 71 74 801757 0 0 0
-285 -1173 78 40 216820 0 0 0
-83 -1219 53 68 657598 0 0 0
123 -1444 67 73 608882 0 0 0
74 -1397 51 59 817490 0 0 0
101 -1622 56 71 518472 0 0 0
28 -1870 78 64 669762 0 0 0
-288 -1480 83 66 848200 0 0 0
-654 -1694 86 60 850058 0 0 0
-1007 -2073 74 56 358266 0 0 0
-1163 -1670 58 57 628910 0 0 0
-1570 -1404 48 46 406565 0 0 0
-1554 -1540 77 59 770877 0 0 0
-1478 -1387 66 57 462402 0 0 0
-1114 -1002 88 61 295297 0 0 0
-1029 -1296 87 74 914082 0 0 0
-1263 -1127 64 50 194801 0 0 0
-968 -1318 70 39 640142 0 0 0
-1182 -957 82 67 942802 0 0 0
-811 -569 66 43 753052 0 0 0
-884 -296 76 47 959731 0 0 0
-987 -649 65 68 950596 0 0 0
-1432 -298 49 65 312487 0 0 0
-1755 -163 60 59 212235 0 0 0
-1347 -126 46 55 684646 0 0 0
-1082 -223 65 46 428735 0 0 0
-852 -562 58 66 185523 0 0 0
-551 -151 44 65 899807 0 0 0
-171 -314 59 44 479029 0 0 0
-1134 1158 57 47 182690 0 0 0
-992 866 83 52 577876 0 0 0
-1236 1239 45 56 933052 0 0 0
-1472 1686 81 67 756980 0 0 0
-1681 1331 62 61 377454 0 0 0
-1266 1274 83 44 601405 0 0 0
-1100 1153 44 50 374263 0 0 0
-1375 1587 50 44 826184 0 0 0
-1771 1194 60 58 242911 0 0 0
-2121 1490 52 40 227670 0 0 0
-1945 1115 75 56 948633 0 0 0
-2156 1467 80 46 163579 0 0 0
-2017 1227 84 40 607685 0 0 0
-1608 1542 82 56 117556 0 0 0
-2041 1151 70 68 559478 0 0 0
-2345 1306 47 54 283113 0 0 0
-1935 1322 53 45 933676 0 0 0
-2379 1070 72 39 881673 0 0 0
-2687 1420 57 61 582824 0 0 0
-2814 1730 68 66 982835 0 0 0
-2564 1871 48 60 991089 0 0 0
-2609 1880 54 47 222644 0 0 0
-3034 1445 44 47 422254 0 0 0
-3124 1749 79 54 759574 0 0 0
-3539 1727 58 56 559468 0 0 0
-3786 2089 75 63 493921 0 0 0
-3691 1909 88 55 460904 0 0 0
-4127 2054 48 62 298083 0 0 0
-3748 1732 88 73 685697 0 0 0
-3558 1425 84 50 466014 0 0 0
-3887 1701 44 72 263544 0 0 0
-4076 2137 44 38 510633 0 0 0
-4312 1951 49 51 845670 0 0 0
-4103 2156 46 40 524961 0 0 0
-3684 1808 82 48 936639 0 0 0
760 -1383 74 57 395526 0 0 0
347 -1166 74 47 978001 0 0 0
-68 -974 49 53 603964 0 0 0
319 -1292 63 46 591893 0 0 0
384 -989 76 59 219222 0 0 0
210 -960 59 46 475191 0 0 0
232 -930 51 54 799449 0 0 0
-102 -1185 49 39 516274 0 0 0
-109 -1391 58 63 187054 0 0 0
225 -1263 67 59 714311 0 0 0
341 -972 73 45 221662 0 0 0
77 -1133 58 41 296648 0 0 0
-168 -736 46 74 902320 0 0 0
-297 -1056 69 43 691857 0 0 0
-164 -1201 85 57 748690 0 0 0
-118 -1599 73 67 653654 0 0 0
-223 -1215 85 71 266830 0 0 0
-323 -892 80 64 327001 0 0 0
-497 -567 69 62 107326 0 0 0
-226 -961 64 57 796964 0 0 0
150 -1303 48 59 932959 0 0 0
216 -1359 68 68 930124 0 0 0
-27 -1045 75 51 753331 0 0 0
241 -636 69 53 658165 0 0 0
341 -289 68 65 341742 0 0 0
710 -398 49 42 511574 0 0 0
388 -624 79 42 625202 0 0 0
462 -362 46 70 106436 0 0 0
381 -756 63 40 996742 0 0 0
496 -560 85 74 862192 0 0 0
164 -979 60 72 528045 0 0 0
493 -788 61 71 165625 0 0 0
-1012 -836 70 75 514028 0 0 0
-1082 -475 72 39 998235 0 0 0
-1503 -914 48 71 580606 0 0 0
-1633 -1188 87 59 629912 0 0 0
-1965 -1405 80 64 314654 0 0 0
-2342 -1602 72 37 201757 0 0 0
-2093 -1940 81 38 845465 0 0 0
-2338 -1938 63 69 471009 0 0 0
-2045 -2287 76 66 670596 0 0 0
-1761 -2647 73 56 371125 0 0 0
-1997 -2259 68 46 487203 0 0 0
-2224 -2693 80 37 624730 0 0 0
-2252 -2968 64 70 277227 0 0 0
-2476 -2765 62 52 817004 0 0 0
-2740 -2762 74 54 288289 0 0 0
-2360 -2322 50 70 474653 0 0 0
-2746 -2677 83 52 420174 0 0 0
-3111 -2438 56 47 731420 0 0 0
-3305 -2697 52 62 477352 0 0 0
-2951 -2321 68 72 752926 0 0 0
-3332 -2375 77 59 694259 0 0 0
-3117 -2783 65 68 970102 0 0 0
-2722 -2992 44 38 314307 0 0 0
-2547 -3268 82 54 158783 0 0 0
-2277 -2955 74 50 945273 0 0 0
-1948 -2786 72 42 271359 0 0 0
-2103 -3168 78 46 746135 0 0 0
-2185 -2778 63 54 440172 0 0 0
-2287 -2761 88 46 396778 0 0 0
-2024 -2877 78 71 821791 0 0 0
-1662 -2621 77 51 615907 0 0 0
-2036 -2702 68 73 191421 0 0 0
-2014 -3002 88 46 454218 0 0 0
-2430 -2645 85 64 130097 0 0 0
-2039 -2691 62 65 874534 0 0 0
-2198 -2701 85 60 206409 0 0 0
-2111 -2529 56 75 806134 0 0 0
-2450 -2869 56 55 241098 0 0 0
-2058 -2890 46 45 129216 0 0 0
-1746 -2474 47 62 400163 0 0 0
-1656 -2265 74 64 654980 0 0 0
-1592 -2119 57 57 893429 0 0 0
-1971 -2033 50 38 533700 0 0 0
-1753 -2412 82 65 647914 0 0 0
-1352 -2345 74 72 572561 0 0 0
-1289 -2683 85 52 660900 0 0 0
-1008 -2461 59 71 990107 0 0 0
-630 -2383 47 69 737335 0 0 0
-465 -2392 80 38 778891 0 0 0
-640 -2653 79 59 685995 0 0 0
-485 -2620 66 49 271298 0 0 0
-235 -2289 72 61 701092 0 0 0
-177 -1915 76 47 781909 0 0 0
886 774 85 53 399591 0 0 0
859 393 49 48 519237 0 0 0
1003 243 49 47 789655 0 0 0
1404 431 49 38 464925 0 0 0
1789 535 83 42 700383 0 0 0
2217 192 79 60 653943 0 0 0
2255 -71 46 70 174744 0 0 0
2319 -484 70 45 515311 0 0 0
2146 -389 75 57 274855 0 0 0
1824 -462 58 55 304153 0 0 0
2196 -317 60 68 643784 0 0 0
2288 85 85 73 333283 0 0 0
1972 -319 78 59 266036 0 0 0
1767 -2 67 51 863266 0 0 0
1520 -317 48 47 857814 0 0 0
1597 50 71 67 582900 0 0 0
1837 144 64 70 639753 0 0 0
1915 -231 60 66 553368 0 0 0
1937 129 80 64 913625 0 0 0
1780 -41 63 75 585315 0 0 0
1590 37 47 39 879331 0 0 0
1251 -389 78 44 117233 0 0 0
1331 -708 83 67 477545 0 0 0
1296 -742 79 64 634989 0 0 0
1134 -657 49 57 542007 0 0 0
1221 -746 70 49 755205 0 0 0
1525 -1001 55 71 827125 0 0 0
1425 -596 87 50 503492 0 0 0
1073 -901 52 42 298522 0 0 0
1152 -479 53 48 220191 0 0 0
1330 -368 54 75 795248 0 0 0
1380 -547 55 65 160212 0 0 0
1270 -959 79 46 284545 0 0 0
1066 -1269 57 49 524638 0 0 0
760 -1460 83 70 416212 0 0 0
986 -1686 45 52 531402 0 0 0
697 -1651 55 63 520907 0 0 0
569 -1256 51 41 707369 0 0 0
236 -1179 63 60 201969 0 0 0
78 -923 87 63 479438 0 0 0
-176 -989 66 72 790781 0 0 0
103 -715 68 74 450656 0 0 0
149 -288 64 55 156634 0 0 0
328 -184 61 63 662437 0 0 0
480 -225 66 44 945615 0 0 0
349 -492 72 60 667172 0 0 0
145 -621 84 56 902718 0 0 0
-289 -475 72 73 258777 0 0 0
-522 -592 87 63 153122 0 0 0
-155 -703 76 48 496111 0 0 0
-11 -619 46 46 259323 0 0 0
-47 -203 72 64 273841 0 0 0
-303 -172 60 64 488501 0 0 0
-279 -599 51 39 518990 0 0 0
-11 -185 70 66 258981 0 0 0
200 -186 77 41 553718 0 0 0
-70 45 73 50 655842 0 0 0
242 258 58 60 681915 0 0 0
351 576 74 41 472358 0 0 0
561 652 47 58 247610 0 0 0
132 355 72 51 675040 0 0 0
-139 72 64 37 247959 0 0 0
10 -343 69 58 605880 0 0 0
-203 -176 69 42 420527 0 0 0
63 -173 66 65 503388 0 0 0
-204 -191 58 55 146652 0 0 0
-335 -331 53 66 646201 0 0 0
-13 -295 68 63 516998 0 0 0
-345 -342 72 50 519949 0 0 0
-210 -230 58 39 262834 0 0 0
-427 -639 74 41 699980 0 0 0
-162 -951 76 54 151684 0 0 0
-443 -972 75 57 876663 0 0 0
-655 -1193 50 75 128597 0 0 0
-1075 -910 84 48 832424 0 0 0
-1338 -806 74 44 310380 0 0 0
-1478 -635 60 63 110787 0 0 0
-1165 -965 62 62 920922 0 0 0
-1578 -599 82 74 342699 0 0 0
-1508 -629 52 46 850422 0 0 0
-1804 -717 47 45 148378 0 0 0
-1893 -887 57 72 355376 0 0 0
-1562 -680 62 74 262347 0 0 0
-1748 -909 81 69 260074 0 0 0
-2140 -945 64 43 148491 0 0 0
-2247 -1170 75 70 855654 0 0 0
-1902 -863 67 47 164066 0 0 0
-1673 -829 83 58 510068 0 0 0
-1659 -1222 64 53 273480 0 0 0
-1995 -1043 51 44 130431 0 0 0
-2100 -1199 75 74 250204 0 0 0
-1734 -971 71 68 465954 0 0 0
-1552 -1148 73 38 609767 0 0 0
-1336 -1203 61 70 486356 0 0 0
-1595 -926 47 58 335473 0 0 0
-1639 -1167 84 72 221970 0 0 0
-1862 -821 79 49 692855 0 0 0
-1564 -957 50 52 205784 0 0 0
-1146 -1198 70 64 297024 0 0 0
-1198 -936 83 75 861062 0 0 0
-1435 -555 65 45 210098 0 0 0
-1735 -120 62 39 864292 0 0 0
-1428 -103 77 39 112856 0 0 0
-1088 -424 81 67 645869 0 0 0
-657 -850 62 57 406679 0 0 0
-809 -920 44 37 709456 0 0 0
-386 -857 46 53 543463 0 0 0
-590 -1285 50 69 408603 0 0 0
-774 -1328 83 38 344558 0 0 0
-1154 -1328 54 39 184807 0 0 0
-920 -1556 87 41 417510 0 0 0
-1164 -1555 50 65 160833 0 0 0
1653 411 78 61 894734 0 0 0
1241 10 72 46 935698 0 0 0
1405 171 70 39 551813 0 0 0
1379 575 73 69 944367 0 0 0
1074 271 55 52 148337 0 0 0
626 -138 68 55 790411 0 0 0
976 279 76 66 660696 0 0 0
737 582 72 74 455284 0 0 0
1145 392 58 66 787990 0 0 0
1152 13 85 41 396914 0 0 0
801 363 54 70 347138 0 0 0
680 238 81 47 961380 0 0 0
595 241 62 67 827252 0 0 0
289 671 77 53 259711 0 0 0
82 921 55 62 518640 0 0 0
123 1151 77 49 866927 0 0 0
-284 1559 77 39 875113 0 0 0
137 1503 61 62 690758 0 0 0
31 1229 50 38 956872 0 0 0
45 1630 46 63 861289 0 0 0
-198 1960 61 42 717711 0 0 0
39 2056 78 44 555161 0 0 0
82 2191 80 40 124190 0 0 0
92 2292 58 66 183386 0 0 0
-41 1862 49 39 789597 0 0 0
-323 1709 70 62 396660 0 0 0
-373 1486 55 68 332478 0 0 0
-182 1106 47 60 205154 0 0 0
-231 756 59 44 789052 0 0 0
-174 1029 55 44 421796 0 0 0
-537 623 68 71 817180 0 0 0
-620 971 85 74 484890 0 0 0
-718 840 75 46 977190 0 0 0
-1031 762 49 49 705054 0 0 0
-638 718 45 59 534603 0 0 0
232 242 76 45 275424 0 0 0
370 7 72 62 928702 0 0 0
267 -327 63 39 900423 0 0 0
623 -472 77 44 405471 0 0 0
826 -429 78 49 492026 0 0 0
914 -864 51 59 928429 0 0 0
519 -804 68 62 585650 0 0 0
629 -514 72 49 919549 0 0 0
903 -789 68 41 786933 0 0 0
968 -720 79 63 564731 0 0 0
519 -1162 85 74 727064 0 0 0
895 -1403 58 74 112723 0 0 0
971 -1287 71 55 663670 0 0 0
672 -1148 72 41 740406 0 0 0
885 -1017 83 49 336374 0 0 0
1109 -1463 85 61 643408 0 0 0
1558 -1152 60 67 422838 0 0 0
1192 -1097 84 56 274311 0 0 0
1012 -648 88 47 680903 0 0 0
1372 -867 83 65 662366 0 0 0
1506 -626 59 60 913434 0 0 0
1499 -447 63 69 901065 0 0 0
1837 -668 86 53 976986 0 0 0
1470 -1018 61 63 703194 0 0 0
1763 -1219 84 37 862570 0 0 0
2177 -825 54 52 270471 0 0 0
1849 -1144 77 50 104914 0 0 0
1670 -767 78 51 857459 0 0 0
2092 -765 60 40 233775 0 0 0
1676 -593 75 57 222698 0 0 0
1733 -495 62 48 335857 0 0 0
1752 -640 86 45 113429 0 0 0
1498 -716 50 52 154320 0 0 0
1671 -709 77 48 391455 0 0 0
1818 -372 82 71 398945 0 0 0
1415 -693 77 41 273871 0 0 0
1262 -728 59 72 275061 0 0 0
1177 -954 59 41 912806 0 0 0
1623 -1252 86 63 813263 0 0 0
1957 -1663 81 45 212379 0 0 0
1604 -1380 81 55 109074 0 0 0
1224 -1079 86 69 402443 0 0 0
873 -1312 61 48 497294 0 0 0
933 -1748 88 41 135957 0 0 0
-609 998 61 47 718765 0 0 0
-484 666 47 72 122418 0 0 0
-485 1107 66 57 354786 0 0 0
-395 684 59 64 838145 0 0 0
-418 1002 81 45 615108 0 0 0
-650 939 85 66 932521 0 0 0
-357 576 85 39 156132 0 0 0
-243 261 70 52 125869 0 0 0
-196 102 78 69 794426 0 0 0
-312 -143 67 69 234951 0 0 0
41 127 69 37 398044 0 0 0
324 -281 63 73 924224 0 0 0
532 -426 52 38 346875 0 0 0
537 -444 62 53 207405 0 0 0
240 -540 76 63 247809 0 0 0
635 -276 85 63 957619 0 0 0
272 -28 79 63 307734 0 0 0
-119 -314 63 43 985310 0 0 0
-332 -162 49 74 804579 0 0 0
19 -553 72 63 218045 0 0 0
177 -330 48 58 290133 0 0 0
18 106 47 72 145232 0 0 0
121 22 79 44 348783 0 0 0
232 214 82 53 231704 0 0 0
622 -154 57 55 596912 0 0 0
475 120 52 46 270742 0 0 0
481 -227 79 51 562503 0 0 0
908 -353 79 74 259926 0 0 0
743 -365 87 37 897044 0 0 0
1152 -386 76 40 128982 0 0 0
1305 -664 45 62 616304 0 0 0
1284 -1007 49 70 738524 0 0 0
1641 -709 78 38 770891 0 0 0
2000 -272 48 42 954844 0 0 0
2039 -255 50 65 236796 0 0 0
1608 -330 48 72 174558 0 0 0
1693 -232 83 62 435132 0 0 0
-1369 -1582 60 39 538511 0 0 0
-1078 -1650 83 49 270552 0 0 0
-918 -1217 86 48 742934 0 0 0
-752 -1274 84 46 895938 0 0 0
-717 -897 53 51 937907 0 0 0
-409 -1103 44 52 282860 0 0 0
-387 -1017 73 69 639482 0 0 0
-96 -1430 51 61 354442 0 0 0
-346 -983 56 53 460788 0 0 0
-278 -766 66 44 323861 0 0 0
-247 -874 88 44 950528 0 0 0
58 -789 82 65 983035 0 0 0
107 -560 49 61 410097 0 0 0
8 -256 44 48 285197 0 0 0
442 -47 64 46 444428 0 0 0
346 -82 86 48 980799 0 0 0
238 -442 58 46 324134 0 0 0
523 -347 83 37 279418 0 0 0
97 -678 74 60 600460 0 0 0
-149 -880 86 58 241933 0 0 0
-232 -1169 68 58 938836 0 0 0
-359 -1521 62 62 429207 0 0 0
-60 -1720 71 48 912912 0 0 0
386 -1486 57 68 889503 0 0 0
527 -1665 60 41 216382 0 0 0
351 -1249 77 54 708961 0 0 0
54 -1179 53 73 387754 0 0 0
-394 -845 88 65 816941 0 0 0
-341 -1275 50 56 426233 0 0 0
75 -1501 44 45 142782 0 0 0
-281 -1077 87 46 492582 0 0 0
-42 -1321 55 43 883010 0 0 0
-469 -1285 72 61 259453 0 0 0
-614 -1456 57 48 453765 0 0 0
-721 -1222 48 66 103857 0 0 0
-1162 -1662 59 73 122056 0 0 0
1286 940 47 51 153256 0 0 0
1128 903 86 55 399002 0 0 0
1252 1275 67 74 247261 0 0 0
1427 1003 47 61 642473 0 0 0
994 1408 51 41 693254 0 0 0
671 1299 69 63 536898 0 0 0
436 1117 66 40 808540 0 0 0
50 1074 62 47 390991 0 0 0
-273 1005 77 37 692787 0 0 0
-642 1055 81 46 277550 0 0 0
-610 809 76 51 859631 0 0 0
-578 1065 64 45 580794 0 0 0
-867 1404 67 73 866855 0 0 0
-1195 1641 65 52 796081 0 0 0
-973 1523 85 58 219742 0 0 0
-614 1858 55 45 116956 0 0 0
-184 1589 83 72 719846 0 0 0
-167 1429 52 69 468395 0 0 0
-385 1254 69 40 821526 0 0 0
-730 1554 48 57 571848 0 0 0
-1297 1362 46 75 159490 0 0 0
-1687 1262 64 57 184503 0 0 0
-2008 871 46 72 795915 0 0 0
-1848 552 79 74 696746 0 0 0
-2113 746 57 40 571196 0 0 0
-2237 396 75 57 733310 0 0 0
-2511 529 47 67 968807 0 0 0
-2376 626 85 51 361372 0 0 0
-2083 310 80 52 345785 0 0 0
-2125 684 76 62 394717 0 0 0
-1897 1132 83 49 952310 0 0 0
-1577 1271 60 48 623926 0 0 0
-1381 1689 60 40 256131 0 0 0
-1633 1285 68 51 643415 0 0 0
-2058 1062 71 65 322960 0 0 0
-1947 613 73 67 836207 0 0 0
-2003 837 60 48 523995 0 0 0
-2157 1079 84 46 946925 0 0 0
-2528 1499 64 61 383127 0 0 0
-2497 1651 53 72 623892 0 0 0
-2669 2037 66 46 833320 0 0 0
-3114 1910 49 72 965973 0 0 0
-2699 1693 84 55 425172 0 0 0
-2786 1363 61 66 873011 0 0 0
-2489 1806 69 66 350249 0 0 0
-2878 1582 72 44 108033 0 0 0
-3076 1768 67 56 708061 0 0 0
-2911 1984 76 75 558858 0 0 0
-3351 1788 85 38 234845 0 0 0
-3601 2045 67 59 882086 0 0 0
-4013 1762 47 57 710299 0 0 0
-4074 1342 61 38 941691 0 0 0
-4501 916 83 72 396741 0 0 0
-4358 902 61 66 174762 0 0 0
-4009 1351 57 48 534216 0 0 0
-3661 1053 72 44 581192 0 0 0
-3407 951 49 62 222178 0 0 0
-2981 663 67 67 537599 0 0 0
-2805 894 48 61 499445 0 0 0
-2485 787 69 75 831687 0 0 0
-2663 1151 61 74 567474 0 0 0
-2402 1491 71 70 302968 0 0 0
-2547 1208 72 61 110985 0 0 0
-2471 1500 75 41 695362 0 0 0
-2308 1069 55 72 780645 0 0 0
-1923 1506 45 69 934287 0 0 0
-2078 1367 58 47 460763 0 0 0
-2242 929 70 60 362634 0 0 0
-1901 579 58 41 224930 0 0 0
-1720 834 45 48 629789 0 0 0
-1459 1111 73 59 418379 0 0 0
-1069 1354 83 42 896917 0 0 0
-1526 1449 47 52 686810 0 0 0
-1857 1403 71 48 366015 0 0 0
-2042 1430 77 72 720449 0 0 0
-2267 1119 46 53 159542 0 0 0
-2013 883 85 43 753807 0 0 0
-1653 1243 50 63 623642 0 0 0
-1827 1508 82 57 282540 0 0 0
-1992 1648 80 69 182171 0 0 0
-1969 1407 71 68 801441 0 0 0
-1669 1016 63 67 695283 0 0 0
-1742 1214 57 53 668519 0 0 0
-2183 1124 79 74 855847 0 0 0
-2031 907 78 65 990668 0 0 0
-2446 1071 82 69 546548 0 0 0
-2123 1495 56 66 174195 0 0 0
-2277 1557 73 59 907530 0 0 0
-2455 1623 61 67 985789 0 0 0
-2366 1555 87 54 104881 0 0 0
-1950 1790 67 65 129074 0 0 0
-1626 1666 81 63 721506 0 0 0
-1572 1868 69 74 375429 0 0 0
-1588 1670 50 69 184536 0 0 0
-1988 2039 62 53 769562 0 0 0
-1798 2049 81 68 472578 0 0 0
-2234 2259 45 47 991974 0 0 0
-2380 2470 73 52 601832 0 0 0
-2530 2626 48 57 303163 0 0 0
-2497 2466 54 60 913108 0 0 0
-2238 2483 72 45 409841 0 0 0
-2002 2706 63 43 453990 0 0 0
-260 424 68 73 801675 0 0 0
-274 26 55 42 285911 0 0 0
88 -151 83 65 706032 0 0 0
525 94 68 46 427713 0 0 0
478 544 58 72 786387 0 0 0
486 298 44 59 854484 0 0 0
424 387 86 66 405135 0 0 0
458 222 61 75 692713 0 0 0
821 -187 56 49 609473 0 0 0
1219 -328 64 51 997045 0 0 0
1047 -405 72 43 946539 0 0 0
1229 -752 58 63 182780 0 0 0
1106 -1200 74 43 445230 0 0 0
978 -1551 62 53 745956 0 0 0
1421 -1153 71 48 516206 0 0 0
997 -1280 75 53 927641 0 0 0
1428 -1202 46 45 350048 0 0 0
1817 -1340 80 45 555299 0 0 0
2193 -941 57 44 245782 0 0 0
2503 -1182 55 44 457591 0 0 0
2688 -950 54 67 302924 0 0 0
2511 -1003 60 42 608895 0 0 0
2722 -909 73 68 922438 0 0 0
2965 -830 51 71 848568 0 0 0
2516 -475 53 44 528999 0 0 0
2251 -842 64 70 161202 0 0 0
2207 -1287 48 60 895722 0 0 0
2053 -885 80 53 312006 0 0 0
2078 -591 78 67 312742 0 0 0
2439 -390 66 55 229642 0 0 0
2400 -814 55 61 595647 0 0 0
2422 -849 53 40 708499 0 0 0
2808 -1139 70 54 792031 0 0 0
2396 -1216 62 59 167434 0 0 0
2443 -1216 82 53 351565 0 0 0
2830 -1413 50 67 797358 0 0 0
2938 -1130 78 42 328627 0 0 0
2751 -1396 77 55 534768 0 0 0
2613 -1426 72 70 389188 0 0 0
2521 -1333 66 43 821959 0 0 0
-96 1321 86 63 778716 0 0 0
-177 1133 69 44 663214 0 0 0
-292 1195 85 40 878422 0 0 0
35 862 54 75 183301 0 0 0
37 950 73 70 978699 0 0 0
234 904 83 72 417805 0 0 0
-80 1107 62 73 534295 0 0 0
-529 702 53 48 556534 0 0 0
-742 1065 54 64 533584 0 0 0
-661 887 44 40 237878 0 0 0
-267 1289 54 57 757813 0 0 0
-294 1168 75 70 260839 0 0 0
-474 1402 63 62 142680 0 0 0
-752 1584 85 38 360153 0 0 0
-617 1953 64 67 155921 0 0 0
-404 1580 79 59 305677 0 0 0
-713 1225 62 56 257541 0 0 0
-676 1422 67 75 451443 0 0 0
-743 1826 69 70 129419 0 0 0
-293 1580 48 71 328086 0 0 0
-72 1574 62 50 113274 0 0 0
87 1529 57 54 456384 0 0 0
-67 1766 75 50 574389 0 0 0
375 1721 64 41 129681 0 0 0
458 1869 53 65 779638 0 0 0
173 1662 45 49 633293 0 0 0
-67 1525 46 50 983331 0 0 0
50 1874 47 54 619223 0 0 0
-184 2129 59 63 131935 0 0 0
-248 2464 67 48 297166 0 0 0
-383 2186 81 40 729140 0 0 0
-119 2028 51 58 746064 0 0 0
-241 1853 86 63 100650 0 0 0
-526 1640 46 66 728089 0 0 0
-660 1589 49 71 671579 0 0 0
-730 1271 75 37 140448 0 0 0
-428 1410 72 69 826480 0 0 0
-478 1404 86 44 774982 0 0 0
-689 1236 80 64 531142 0 0 0
-779 1675 64 60 748507 0 0 0
-774 2063 83 70 585945 0 0 0
-422 1989 62 70 696757 0 0 0
-64 1567 65 52 559556 0 0 0
-49 1190 76 45 205204 0 0 0
-287 1052 62 69 604405 0 0 0
-574 1235 50 62 446778 0 0 0
-353 1493 66 51 488567 0 0 0
-139 1416 71 66 179921 0 0 0
-174 1589 56 53 313410 0 0 0
-596 1607 83 42 962538 0 0 0
-723 1160 55 63 604725 0 0 0
-837 730 58 64 571475 0 0 0
-890 846 60 74 172817 0 0 0
-1107 929 45 51 760899 0 0 0
-1371 1007 78 43 789342 0 0 0
-1327 633 58 39 512115 0 0 0
-1448 485 85 46 978559 0 0 0
-1725 426 81 74 484214 0 0 0
-2073 209 78 41 140664 0 0 0
-2507 513 85 64 773747 0 0 0
-163 -166 80 64 629715 0 0 0
-515 -541 47 66 623280 0 0 0
-215 -911 62 62 669863 0 0 0
-438 -947 64 67 827492 0 0 0
-63 -998 69 45 870068 0 0 0
218 -701 49 56 149014 0 0 0
662 -746 80 65 139663 0 0 0
959 -351 51 55 848945 0 0 0
604 -308 50 38 425903 0 0 0
953 -359 82 44 211939 0 0 0
1089 -438 80 73 393646 0 0 0
1257 -15 51 48 434128 0 0 0
825 -253 56 38 936400 0 0 0
1112 -617 52 47 238281 0 0 0
784 -176 48 55 672179 0 0 0
524 203 66 58 436983 0 0 0
940 -25 75 41 924825 0 0 0
1251 322 63 41 381362 0 0 0
1101 -67 56 48 468516 0 0 0
647 804 63 43 184853 0 0 0
777 833 86 54 399624 0 0 0
662 985 87 50 307540 0 0 0
575 809 68 54 626876 0 0 0
848 457 50 40 698101 0 0 0
1205 338 57 38 743599 0 0 0
1378 457 77 60 780441 0 0 0
1400 573 67 51 657168 0 0 0
1725 415 77 70 706387 0 0 0
1319 -26 48 53 167475 0 0 0
1346 -265 44 49 123452 0 0 0
1410 -394 84 51 158745 0 0 0
1639 55 45 53 768822 0 0 0
1659 -175 62 50 849343 0 0 0
1407 69 46 68 274442 0 0 0
1696 285 85 74 677045 0 0 0
1653 695 83 48 573553 0 0 0
1426 262 47 71 860260 0 0 0
1349 -180 77 68 265601 0 0 0
931 133 54 41 191928 0 0 0
831 20 79 41 114499 0 0 0
620 439 53 48 922137 0 0 0
592 243 45 37 807408 0 0 0
413 300 78 75 657079 0 0 0
390 34 45 71 911096 0 0 0
620 -198 44 48 901917 0 0 0
745 244 71 59 998820 0 0 0
932 297 82 46 676396 0 0 0
500 161 51 57 366720 0 0 0
388 387 58 52 283214 0 0 0
127 242 72 66 281727 0 0 0
-258 -187 88 46 464146 0 0 0
-465 -78 54 50 660885 0 0 0
-549 319 74 60 872924 0 0 0
-951 160 66 38 108050 0 0 0
-1208 265 74 46 994259 0 0 0
-1370 712 88 43 537072 0 0 0
-1686 1036 66 65 946286 0 0 0
-1627 783 76 65 461395 0 0 0
-1784 1170 81 40 633406 0 0 0
-1967 988 46 58 283784 0 0 0
-1865 1183 67 51 852886 0 0 0
-1920 756 50 75 452718 0 0 0
-2306 1095 68 44 842592 0 0 0
-163 -753 77 37 686200 0 0 0
-232 -579 56 69 682176 0 0 0
84 -223 44 42 277716 0 0 0
33 -597 47 48 968594 0 0 0
454 -640 72 68 344435 0 0 0
198 -406 66 40 591842 0 0 0
441 -396 60 74 287481 0 0 0
132 -303 80 44 930209 0 0 0
-266 -118 49 64 329466 0 0 0
34 -506 50 51 890366 0 0 0
60 -231 85 66 832368 0 0 0
161 -391 62 68 382574 0 0 0
566 -367 73 49 722381 0 0 0
283 -215 55 64 401675 0 0 0
100 -253 55 58 961512 0 0 0
122 -26 53 39 469853 0 0 0
302 119 70 45 720954 0 0 0
-125 455 44 57 365884 0 0 0
-431 530 79 46 661287 0 0 0
-159 221 72 49 124070 0 0 0
-479 32 44 63 484756 0 0 0
-277 257 50 48 687828 0 0 0
-46 686 57 65 401452 0 0 0
-432 687 63 58 847305 0 0 0
-663 903 48 42 501442 0 0 0
-786 485 71 45 915587 0 0 0
-974 550 51 41 288772 0 0 0
-1175 533 52 68 709106 0 0 0
-1372 938 49 63 452081 0 0 0
-1387 1056 69 37 619455 0 0 0
-980 1358 58 74 382563 0 0 0
-1366 1355 84 55 724755 0 0 0
-930 966 58 54 268327 0 0 0
-981 519 62 47 429735 0 0 0
-1388 153 71 67 798082 0 0 0
1735 1335 63 58 249216 0 0 0
1877 1478 72 48 981407 0 0 0
1519 1741 49 39 472475 0 0 0
1294 1659 87 48 992041 0 0 0
1282 1379 60 44 994061 0 0 0
1613 1166 64 41 744378 0 0 0
1422 899 65 58 897723 0 0 0
1593 1099 55 56 284332 0 0 0
1350 941 86 47 383658 0 0 0
1256 520 47 63 793104 0 0 0
1182 689 73 51 210286 0 0 0
806 266 88 53 899419 0 0 0
979 711 82 60 757663 0 0 0
702 662 68 51 773934 0 0 0
547 861 85 50 913547 0 0 0
679 452 65 56 666994 0 0 0
939 802 70 57 802591 0 0 0
908 957 85 47 257519 0 0 0
847 809 79 44 412100 0 0 0
900 942 67 66 393456 0 0 0
1088 1362 62 62 462861 0 0 0
1239 1367 67 62 407688 0 0 0
1318 1313 44 56 218551 0 0 0
1327 1125 50 68 872390 0 0 0
1559 756 83 37 934700 0 0 0
1211 408 87 52 800586 0 0 0
798 274 67 66 447954 0 0 0
857 -145 86 46 283543 0 0 0
1261 145 73 45 139234 0 0 0
124 1134 68 60 216742 0 0 0
-112 944 66 54 153084 0 0 0
258 1085 83 73 333309 0 0 0
626 1465 85 67 634621 0 0 0
1015 1303 64 42 231329 0 0 0
1081 1654 46 62 650382 0 0 0
1154 1340 85 66 934733 0 0 0
1085 1100 56 45 936672 0 0 0
866 1224 86 43 913663 0 0 0
633 1241 70 62 230333 0 0 0
320 1012 52 50 902640 0 0 0
519 1293 79 56 614351 0 0 0
321 905 45 46 600156 0 0 0
110 656 69 40 876203 0 0 0
550 842 75 60 493481 0 0 0
454 846 87 65 992320 0 0 0
109 1103 57 65 159521 0 0 0
5 802 71 66 845574 0 0 0
-436 1200 74 67 368351 0 0 0
-714 912 87 71 291112 0 0 0
-769 1362 71 75 703471 0 0 0
-483 1470 45 70 998148 0 0 0
-547 1351 77 59 134943 0 0 0
