1800
-1278 1358 87 48 629803 0 0 0
-1544 1001 45 65 487915 0 0 0
-1642 787 52 60 829299 0 0 0
-1446 386 49 53 889133 0 0 0
-1361 308 65 55 497964 0 0 0
-1316 519 51 43 141050 0 0 0
-882 248 56 59 276773 0 0 0
-1265 534 52 73 200248 0 0 0
-1402 110 66 64 398899 0 0 0
-1618 268 66 55 895411 0 0 0
-1990 -154 76 45 839348 0 0 0
-2299 204 82 43 242099 0 0 0
-2389 331 53 50 110457 0 0 0
-2442 93 76 54 405112 0 0 0
-2520 415 61 50 303786 0 0 0
-2310 642 50 63 621838 0 0 0
-2084 504 59 60 158317 0 0 0
-2002 872 85 44 796411 0 0 0
-2099 1286 71 73 650816 0 0 0
-2091 1554 45 72 872481 0 0 0
-1767 1739 82 58 429183 0 0 0
-1947 1495 83 46 529510 0 0 0
-2241 1432 56 56 849090 0 0 0
-2258 1725 61 40 718238 0 0 0
-2508 1633 74 75 989248 0 0 0
-2169 1305 52 48 845242 0 0 0
-2533 1126 68 53 804120 0 0 0
-2575 1201 86 46 114264 0 0 0
-2806 1530 87 58 259508 0 0 0
-3236 1120 55 54 314214 0 0 0
-3285 1245 62 63 344108 0 0 0
-2999 981 77 48 894082 0 0 0
-2855 897 85 39 166771 0 0 0
-3113 655 49 68 586930 0 0 0
-2749 265 62 52 123844 0 0 0
-2658 90 75 46 944581 0 0 0
-2503 -90 44 42 585802 0 0 0
-2816 158 59 50 198430 0 0 0
-2960 -228 79 38 282677 0 0 0
-3182 -518 74 63 294250 0 0 0
-2875 -925 54 40 142726 0 0 0
-2649 -1281 88 66 291930 0 0 0
-2593 -1106 84 53 634294 0 0 0
-1144 -1291 61 64 330767 0 0 0
-919 -942 62 68 804884 0 0 0
-991 -1256 47 71 845757 0 0 0
-671 -1325 77 42 330585 0 0 0
-627 -1427 63 61 519695 0 0 0
-413 -1606 50 51 701052 0 0 0
-539 -1740 46 58 739850 0 0 0
-924 -1646 82 60 953241 0 0 0
-974 -1982 71 46 839742 0 0 0
-1121 -1847 62 61 140455 0 0 0
-1242 -1557 71 61 487977 0 0 0
-1514 -1512 69 37 514781 0 0 0
-1203 -1276 72 58 294762 0 0 0
-1261 -1254 64 54 785866 0 0 0
-1375 -1499 78 45 850071 0 0 0
-1398 -1704 69 66 262934 0 0 0
-1080 -1979 64 57 122603 0 0 0
-650 -1875 63 41 821905 0 0 0
-1022 -2258 73 72 215142 0 0 0
-1148 -2333 45 60 958969 0 0 0
-1509 -2663 58 50 424392 0 0 0
-1262 -2242 63 67 508564 0 0 0
-1629 -2477 82 65 264251 0 0 0
-1345 -2906 70 49 394988 0 0 0
-1571 -2609 44 53 773078 0 0 0
-1498 -2440 67 47 983955 0 0 0
-1425 -2271 81 63 509461 0 0 0
1047 -1627 69 71 337100 0 0 0
898 -1664 68 60 277355 0 0 0
1252 -1468 53 40 851978 0 0 0
937 -1468 75 72 687691 0 0 0
1200 -1672 80 74 950885 0 0 0
1611 -1964 70 41 516245 0 0 0
1536 -2165 67 60 931077 0 0 0
1134 -2609 88 59 906323 0 0 0
745 -2741 69 56 792203 0 0 0
627 -2458 53 64 421535 0 0 0
657 -2846 55 63 914721 0 0 0
410 -2882 54 43 639022 0 0 0
406 -2612 49 65 118510 0 0 0
193 -2196 66 52 144817 0 0 0
-26 -1800 62 56 420231 0 0 0
419 -2060 57 64 535409 0 0 0
454 -1748 59 54 376913 0 0 0
807 -1380 49 46 393425 0 0 0
965 -1740 72 72 977046 0 0 0
636 -1486 74 64 287060 0 0 0
962 -1321 59 53 637569 0 0 0
559 -1592 55 44 264743 0 0 0
670 -1196 44 46 609340 0 0 0
443 -801 51 52 648632 0 0 0
309 -1173 55 59 784197 0 0 0
552 -820 68 63 851816 0 0 0
183 -1238 48 68 916843 0 0 0
47 -885 82 47 419899 0 0 0
-206 -1172 46 37 326774 0 0 0
-384 -1397 85 60 298208 0 0 0
-825 -1504 81 63 448689 0 0 0
609 363 70 66 813576 0 0 0
742 715 71 69 693914 0 0 0
430 889 70 39 979540 0 0 0
583 779 84 38 883423 0 0 0
276 1056 78 47 450627 0 0 0
-126 1408 61 63 447423 0 0 0
-543 1428 87 38 675954 0 0 0
-546 1103 48 51 556571 0 0 0
-334 1321 70 62 199054 0 0 0
-738 1371 47 42 335092 0 0 0
-1060 932 84 68 758460 0 0 0
-1215 528 54 55 989687 0 0 0
-1378 485 59 64 326246 0 0 0
-1221 345 60 45 875017 0 0 0
-1148 794 46 74 380837 0 0 0
-1005 1037 50 52 591344 0 0 0
-742 977 61 63 108588 0 0 0
-1170 1015 55 74 698042 0 0 0
-1412 883 86 74 711722 0 0 0
-1173 1243 47 71 911507 0 0 0
-1595 1278 72 67 832122 0 0 0
-1527 1694 62 39 218505 0 0 0
-1796 1815 56 52 142483 0 0 0
-1940 1472 57 75 800636 0 0 0
-2325 1588 84 40 137812 0 0 0
-2078 1392 65 65 524855 0 0 0
-2106 1573 67 62 832627 0 0 0
-2463 1247 80 52 933433 0 0 0
-2734 954 56 62 371171 0 0 0
-2436 633 75 44 921415 0 0 0
-2031 673 61 43 165192 0 0 0
-2256 849 81 54 475854 0 0 0
-2515 1163 72 59 370708 0 0 0
-2916 881 54 62 310902 0 0 0
-3063 822 65 52 762583 0 0 0
-3165 674 63 66 316025 0 0 0
-2836 670 87 55 423767 0 0 0
-3051 807 81 46 290076 0 0 0
-2663 1008 56 37 853611 0 0 0
-2771 1449 71 74 967459 0 0 0
-2701 1286 63 49 236641 0 0 0
-2738 1308 57 55 734076 0 0 0
-3065 1754 83 71 616476 0 0 0
-2818 1602 57 41 293193 0 0 0
-2488 1622 67 52 928342 0 0 0
-2847 1855 48 74 777283 0 0 0
-2928 1843 62 71 345357 0 0 0
-2620 1604 80 44 986008 0 0 0
-2203 1270 62 51 137243 0 0 0
-2614 1493 76 50 902181 0 0 0
-3056 1489 48 58 740992 0 0 0
-3132 1154 64 63 105919 0 0 0
-2697 1500 63 51 170643 0 0 0
-1735 -823 53 59 665361 0 0 0
-1609 -757 57 62 602777 0 0 0
-1184 -993 87 63 750219 0 0 0
-1522 -710 47 39 196767 0 0 0
-1437 -1071 75 75 601585 0 0 0
-1036 -1392 47 64 133252 0 0 0
-1363 -1435 77 62 167534 0 0 0
-1681 -1232 74 42 634647 0 0 0
-1834 -1016 84 72 795060 0 0 0
-1471 -1304 62 56 501282 0 0 0
-1215 -1267 62 40 630197 0 0 0
-1438 -1656 78 44 634103 0 0 0
-1488 -2055 44 70 223723 0 0 0
-1329 -1685 70 72 875447 0 0 0
-1273 -1861 80 60 495568 0 0 0
-914 -1904 76 52 138607 0 0 0
-1223 -1856 55 55 201403 0 0 0
-919 -1533 79 72 148169 0 0 0
-831 -1333 81 63 625494 0 0 0
-1169 -979 87 74 197488 0 0 0
-1492 -646 80 72 943893 0 0 0
-1919 -607 49 59 178316 0 0 0
-2162 -835 80 50 939742 0 0 0
-2164 -634 84 42 338888 0 0 0
-1999 -470 58 48 450517 0 0 0
-1926 -506 66 43 374982 0 0 0
-1806 -117 86 65 929010 0 0 0
-2154 -151 67 44 662920 0 0 0
-2370 291 86 44 841124 0 0 0
-2571 301 87 45 983942 0 0 0
-2545 577 64 47 125149 0 0 0
-2818 195 50 46 193629 0 0 0
-3063 135 77 43 153595 0 0 0
-2859 395 73 60 447882 0 0 0
-2592 252 62 74 294685 0 0 0
-2210 148 71 62 470327 0 0 0
-2111 -202 87 61 586759 0 0 0
-2284 -277 59 61 268829 0 0 0
-2187 -18 46 49 980975 0 0 0
-2077 -158 79 49 737935 0 0 0
-2224 -61 75 52 778853 0 0 0
-2459 153 63 54 767124 0 0 0
-2454 -125 49 71 217542 0 0 0
-2386 232 79 68 469756 0 0 0
-2337 -15 80 50 935232 0 0 0
-2202 -169 78 64 965765 0 0 0
-1784 -1011 74 68 645090 0 0 0
-1544 -1317 78 70 492382 0 0 0
-1498 -969 78 61 659698 0 0 0
-1766 -539 64 57 905254 0 0 0
-1544 -219 65 59 517853 0 0 0
-1765 -341 51 45 423741 0 0 0
-1702 -8 70 67 322677 0 0 0
-2063 360 78 55 671223 0 0 0
-1754 296 67 52 726707 0 0 0
-1768 423 83 44 711725 0 0 0
-1681 261 65 43 204299 0 0 0
-1841 128 48 41 644231 0 0 0
-1708 254 44 74 739345 0 0 0
-1510 241 86 74 981219 0 0 0
-1675 107 76 63 891657 0 0 0
-1767 522 87 42 369760 0 0 0
-1479 122 48 49 525521 0 0 0
-1055 -69 68 56 619918 0 0 0
-1366 166 56 67 410024 0 0 0
-1195 178 81 73 227564 0 0 0
-925 -20 44 38 163879 0 0 0
-1219 -164 44 56 375175 0 0 0
-1304 210 83 53 436842 0 0 0
-1320 45 72 52 727127 0 0 0
-1102 -208 48 52 817862 0 0 0
-1399 202 56 61 112085 0 0 0
-1000 366 77 44 459318 0 0 0
-786 165 56 74 658834 0 0 0
-551 -214 75 67 711683 0 0 0
-262 -226 59 40 895506 0 0 0
-479 -339 85 70 497901 0 0 0
-813 -109 48 70 816934 0 0 0
-1137 -103 67 57 898545 0 0 0
-1260 -41 51 62 973807 0 0 0
-1311 -111 61 63 600745 0 0 0
-1289 -545 86 49 378256 0 0 0
-1235 -717 50 64 589104 0 0 0
-922 -730 44 74 185071 0 0 0
-1240 -881 58 54 666994 0 0 0
-1034 -1012 60 58 631936 0 0 0
-1208 -951 58 75 192473 0 0 0
-1264 -764 64 59 773637 0 0 0
-1074 -433 62 63 783775 0 0 0
-721 -171 81 40 392761 0 0 0
-1082 140 55 62 660907 0 0 0
-1408 34 79 71 103045 0 0 0
-1701 15 59 64 400297 0 0 0
-1322 164 59 74 439219 0 0 0
-1378 -131 54 69 711912 0 0 0
-1488 306 61 46 794413 0 0 0
-1814 222 70 48 323993 0 0 0
-1529 194 56 64 965150 0 0 0
-1819 485 78 74 935039 0 0 0
-1747 227 47 62 351021 0 0 0
-1817 90 46 58 119482 0 0 0
-1728 293 54 38 294394 0 0 0
-1882 697 75 74 869864 0 0 0
-1859 497 58 38 692172 0 0 0
-1559 848 65 55 515218 0 0 0
-1261 586 60 50 413822 0 0 0
-1322 592 57 70 481636 0 0 0
-1606 359 70 42 626289 0 0 0
-1493 205 68 51 162293 0 0 0
-1169 310 82 49 532541 0 0 0
-1464 288 86 51 909618 0 0 0
-1832 35 83 60 484184 0 0 0
-1696 -366 56 53 578539 0 0 0
-1366 -45 46 52 308958 0 0 0
-1053 -431 80 58 356253 0 0 0
-1094 -348 63 56 561839 0 0 0
-996 18 63 66 979568 0 0 0
112 -689 63 68 313521 0 0 0
44 -738 81 69 462425 0 0 0
58 -720 84 75 727418 0 0 0
488 -425 83 74 730412 0 0 0
807 -51 83 68 613238 0 0 0
761 327 44 60 705797 0 0 0
897 62 80 64 515423 0 0 0
633 -356 50 61 869834 0 0 0
582 -519 63 74 564643 0 0 0
179 -96 69 46 451066 0 0 0
276 338 81 46 859084 0 0 0
22 269 65 60 429175 0 0 0
76 -168 63 73 762751 0 0 0
-49 -593 84 37 431894 0 0 0
261 -347 81 74 979614 0 0 0
-83 -647 87 62 332249 0 0 0
-342 -545 61 47 402362 0 0 0
-618 -850 65 74 120123 0 0 0
-885 -1101 80 48 508855 0 0 0
-892 -1460 71 55 459280 0 0 0
-547 -1817 84 71 200066 0 0 0
-666 -2225 84 71 330086 0 0 0
-490 -1845 51 56 821275 0 0 0
-889 -1924 55 45 999385 0 0 0
-612 -1847 71 73 830575 0 0 0
-594 -1483 57 71 987913 0 0 0
-161 -1060 68 37 254992 0 0 0
-53 -1413 60 44 607404 0 0 0
-131 -1197 69 52 724727 0 0 0
310 -1436 68 68 571031 0 0 0
185 -1868 71 40 100551 0 0 0
84 -1783 51 61 208011 0 0 0
-11 -2211 86 51 296324 0 0 0
-337 -1809 80 69 385980 0 0 0
-386 -2003 81 56 283463 0 0 0
-252 -2152 49 55 805538 0 0 0
-300 -1917 80 55 114141 0 0 0
-228 -2268 78 53 369015 0 0 0
-594 -2250 64 67 445118 0 0 0
-231 -2390 86 53 535247 0 0 0
-391 -2451 47 49 829250 0 0 0
-615 -2646 50 39 122233 0 0 0
-1033 -2639 54 61 279255 0 0 0
-1216 -2996 68 74 250466 0 0 0
-1481 -3040 84 69 329403 0 0 0
-1292 -2903 79 55 502628 0 0 0
-1101 -2768 54 62 977189 0 0 0
-1271 -2479 81 69 267244 0 0 0
-821 -2241 45 65 503804 0 0 0
-1195 -2002 65 54 974592 0 0 0
-1213 -2080 80 66 256681 0 0 0
-1561 -2023 50 67 361355 0 0 0
-1907 -2110 59 52 756221 0 0 0
-1710 -2180 46 46 666548 0 0 0
-1605 -2486 88 56 266867 0 0 0
-1264 -2062 79 64 564258 0 0 0
-1461 -1851 75 71 969856 0 0 0
-1510 -1549 47 62 109691 0 0 0
-1809 -1486 84 48 353911 0 0 0
1141 -235 55 67 524986 0 0 0
814 -565 58 65 582747 0 0 0
653 -632 77 63 308297 0 0 0
646 -277 82 41 813084 0 0 0
530 -472 58 64 382776 0 0 0
670 -735 72 72 739028 0 0 0
956 -766 77 40 174484 0 0 0
1191 -722 51 62 960796 0 0 0
1099 -768 54 56 263705 0 0 0
986 -1122 50 61 514268 0 0 0
1023 -1146 73 57 199935 0 0 0
1430 -1521 46 52 586926 0 0 0
1818 -1108 50 41 120837 0 0 0
2250 -1327 61 64 769071 0 0 0
2431 -1267 59 52 614741 0 0 0
2206 -1457 70 62 920720 0 0 0
1895 -1765 53 74 775097 0 0 0
1781 -1594 72 66 655165 0 0 0
2094 -1943 57 41 246793 0 0 0
1945 -2179 57 73 379782 0 0 0
1501 -2523 55 65 197387 0 0 0
1217 -2599 49 52 914323 0 0 0
802 -2472 86 47 640552 0 0 0
377 -2329 75 48 547579 0 0 0
609 -1883 88 68 141821 0 0 0
961 -2209 64 44 345012 0 0 0
1128 -1763 70 37 931459 0 0 0
889 -1611 72 42 516792 0 0 0
519 -1697 49 74 192203 0 0 0
449 -2002 51 72 159544 0 0 0
353 -2203 51 73 712483 0 0 0
103 -2608 65 49 171264 0 0 0
186 -2193 80 71 123862 0 0 0
-156 -2426 72 75 472755 0 0 0
-397 -2224 88 51 539048 0 0 0
-313 -2597 65 47 785726 0 0 0
-158 -2421 46 56 332063 0 0 0
9 -2757 48 67 459461 0 0 0
-300 -2786 74 59 762448 0 0 0
-160 -3082 61 67 809496 0 0 0
251 -3006 87 74 552981 0 0 0
408 -3389 77 51 965525 0 0 0
397 -3338 61 69 996960 0 0 0
714 -2926 82 51 377985 0 0 0
1078 -3095 79 54 738700 0 0 0
1380 -3544 55 40 393129 0 0 0
865 -250 54 47 452173 0 0 0
1158 -664 47 51 352917 0 0 0
724 -1108 88 45 438443 0 0 0
792 -1023 61 74 787523 0 0 0
891 -1155 54 67 724309 0 0 0
1292 -784 73 51 859864 0 0 0
1384 -358 56 69 679944 0 0 0
1624 -544 68 52 174237 0 0 0
1919 -505 72 56 748379 0 0 0
1900 -644 58 46 914383 0 0 0
1981 -266 67 42 325172 0 0 0
2205 -218 87 50 655982 0 0 0
1878 -368 49 68 898214 0 0 0
1722 -43 71 65 415043 0 0 0
1948 354 71 51 133059 0 0 0
1786 538 44 44 617064 0 0 0
1408 778 54 51 185153 0 0 0
1484 729 44 51 718987 0 0 0
1460 596 61 66 874979 0 0 0
1756 418 70 56 546433 0 0 0
1767 250 63 53 145342 0 0 0
1415 41 65 42 439018 0 0 0
1415 109 81 39 227769 0 0 0
1388 540 62 48 617667 0 0 0
1748 437 45 69 579462 0 0 0
1718 481 81 63 388613 0 0 0
1301 846 65 52 653511 0 0 0
1245 1151 75 68 572314 0 0 0
1369 960 79 60 780061 0 0 0
1554 1198 73 41 336191 0 0 0
1832 1087 82 46 643633 0 0 0
1963 1095 55 74 656966 0 0 0
2175 744 88 67 504900 0 0 0
2474 685 54 48 265623 0 0 0
2318 320 85 47 982905 0 0 0
2005 650 75 60 717574 0 0 0
2129 376 87 65 667976 0 0 0
2040 753 53 40 963219 0 0 0
2354 524 74 41 640821 0 0 0
2735 565 70 38 498920 0 0 0
2561 504 58 39 476752 0 0 0
2785 224 48 55 500728 0 0 0
3074 573 65 61 736467 0 0 0
3078 499 84 39 323419 0 0 0
3034 754 60 61 803263 0 0 0
3033 645 68 39 922405 0 0 0
3320 657 85 58 951984 0 0 0
3158 617 75 70 871488 0 0 0
3064 793 75 55 416477 0 0 0
2993 963 50 69 519962 0 0 0
3172 521 82 43 360497 0 0 0
3340 897 86 61 181128 0 0 0
3095 948 65 63 979825 0 0 0
2687 1124 72 51 207085 0 0 0
2385 1568 81 56 756048 0 0 0
1947 1355 61 49 315429 0 0 0
1757 1084 72 47 677697 0 0 0
1536 1526 72 53 518601 0 0 0
1220 1266 66 49 904084 0 0 0
1316 1514 83 68 277160 0 0 0
1568 1793 87 60 135064 0 0 0
-418 941 75 72 670407 0 0 0
-704 1378 70 68 531438 0 0 0
-867 1293 88 66 644416 0 0 0
-1176 857 70 40 477486 0 0 0
-1408 684 53 65 638032 0 0 0
-1703 774 47 61 597879 0 0 0
-1953 1095 76 39 551882 0 0 0
-1789 1154 57 62 477482 0 0 0
-1867 1429 46 37 858577 0 0 0
-1442 1335 61 64 797001 0 0 0
-1775 1474 59 38 216395 0 0 0
-2125 1898 77 43 584909 0 0 0
-2320 1969 76 74 390410 0 0 0
-2303 2101 85 57 944501 0 0 0
-2506 1842 65 67 653277 0 0 0
-2711 2058 60 75 379489 0 0 0
-3079 1652 70 50 557294 0 0 0
-3189 1228 63 48 711445 0 0 0
-2881 1215 84 75 656842 0 0 0
-2621 1457 63 60 405476 0 0 0
-2648 1223 75 70 943558 0 0 0
-2990 1366 58 43 258596 0 0 0
-2998 1237 61 48 533768 0 0 0
-2662 1528 66 59 809851 0 0 0
-2368 1531 45 53 673135 0 0 0
-2283 1935 60 48 569942 0 0 0
-1900 2285 69 60 943539 0 0 0
-1570 2373 52 67 367613 0 0 0
-1272 2140 61 64 728097 0 0 0
-1312 2068 66 45 740356 0 0 0
-1050 1854 76 44 714852 0 0 0
-1201 2071 85 60 996776 0 0 0
-950 1718 76 47 875741 0 0 0
-1054 1849 61 39 691115 0 0 0
343 1223 58 60 465096 0 0 0
590 1151 79 68 386725 0 0 0
507 1467 77 70 393569 0 0 0
439 1180 58 59 645972 0 0 0
438 1520 62 41 706644 0 0 0
532 1617 46 41 561544 0 0 0
314 1364 83 55 409309 0 0 0
288 1073 51 55 642918 0 0 0
-57 1253 51 69 146120 0 0 0
243 1446 47 70 460836 0 0 0
-41 1473 54 45 159611 0 0 0
-170 1657 50 61 801080 0 0 0
-432 1933 83 74 555949 0 0 0
-856 1733 55 58 249973 0 0 0
-895 1451 55 46 554574 0 0 0
-1188 1544 77 37 562312 0 0 0
-1532 1125 49 60 103171 0 0 0
-1274 1145 51 49 339931 0 0 0
-892 979 71 75 299756 0 0 0
-1063 654 86 56 410275 0 0 0
-1431 740 77 37 868040 0 0 0
-1725 893 56 71 776001 0 0 0
-1696 744 84 62 527125 0 0 0
-1549 1123 65 59 930342 0 0 0
-1875 1150 46 71 103972 0 0 0
-1533 1270 68 42 917065 0 0 0
-1327 1475 59 72 798405 0 0 0
-1405 1919 85 60 138050 0 0 0
-1231 1562 52 70 954620 0 0 0
-1514 1471 62 43 868963 0 0 0
-1739 1224 47 73 756693 0 0 0
-1713 1627 54 63 725548 0 0 0
-2025 1512 64 68 758318 0 0 0
-2064 1772 62 50 541933 0 0 0
-2325 2136 66 70 436945 0 0 0
-1956 1823 58 52 596269 0 0 0
-2057 1971 50 70 621030 0 0 0
-1957 2323 45 38 859723 0 0 0
-1547 2399 44 72 695056 0 0 0
-1828 2482 71 74 204989 0 0 0
-1669 2301 48 63 841430 0 0 0
-1292 2199 86 51 618647 0 0 0
-1489 -1154 86 40 457060 0 0 0
-1651 -938 57 53 447845 0 0 0
-1237 -1037 47 41 389019 0 0 0
-1063 -1402 54 40 524714 0 0 0
-621 -1218 76 47 471648 0 0 0
-568 -1593 56 52 445128 0 0 0
-391 -1369 59 56 366425 0 0 0
-563 -1276 44 62 408884 0 0 0
-484 -1569 67 50 864339 0 0 0
-909 -1597 62 61 147621 0 0 0
-600 -1236 71 65 580311 0 0 0
-626 -1202 85 60 815100 0 0 0
-187 -1188 62 46 631765 0 0 0
-239 -1358 54 60 900890 0 0 0
-675 -1092 68 46 372817 0 0 0
-354 -1455 71 56 202196 0 0 0
-551 -1889 50 51 805081 0 0 0
-925 -1739 46 52 228028 0 0 0
-499 -1850 81 49 729709 0 0 0
-133 -2244 86 63 232775 0 0 0
135 -2058 46 73 905151 0 0 0
46 -1823 65 48 457873 0 0 0
76 -2040 62 65 391553 0 0 0
118 -2411 58 41 317956 0 0 0
352 -2851 65 42 164354 0 0 0
197 -2433 53 73 649590 0 0 0
310 -2296 67 44 118921 0 0 0
-60 -2001 82 45 936056 0 0 0
-391 -1887 49 69 778834 0 0 0
-684 -1718 75 48 138952 0 0 0
-809 -1776 58 42 730798 0 0 0
-401 -1471 83 64 584453 0 0 0
-75 -1727 49 74 627749 0 0 0
19 -1356 64 59 995984 0 0 0
306 -1461 55 47 326248 0 0 0
-103 -1608 69 37 840857 0 0 0
286 -1360 47 53 190176 0 0 0
580 -1532 53 69 882333 0 0 0
838 -1800 57 60 113243 0 0 0
712 -1842 46 56 615080 0 0 0
766 -1744 64 60 197064 0 0 0
783 -1611 83 57 553077 0 0 0
423 -1335 85 47 135148 0 0 0
502 -1772 49 55 410657 0 0 0
247 -1726 78 71 109366 0 0 0
545 -2012 44 41 107962 0 0 0
360 -1895 62 75 836169 0 0 0
217 -1538 77 59 262305 0 0 0
221 -1799 68 40 627686 0 0 0
646 -1770 66 54 182533 0 0 0
218 -1871 62 62 210502 0 0 0
335 -1991 71 66 317385 0 0 0
671 -2112 70 73 465361 0 0 0
906 -1739 74 74 199280 0 0 0
1204 -1476 76 66 938580 0 0 0
1138 -1899 64 53 979988 0 0 0
1359 -1971 65 56 399209 0 0 0
1388 -1928 77 67 602623 0 0 0
1796 -1930 51 67 332154 0 0 0
2193 -2264 68 46 418539 0 0 0
2088 -2188 84 49 979672 0 0 0
1956 -2488 67 42 210691 0 0 0
1596 -2211 77 67 488469 0 0 0
1290 -2118 50 58 410843 0 0 0
1655 -2336 64 58 914410 0 0 0
1571 -2103 62 61 830238 0 0 0
1492 -2542 64 53 485972 0 0 0
1408 -2248 49 37 169067 0 0 0
1487 -704 61 47 668773 0 0 0
1828 -708 50 37 975957 0 0 0
1479 -265 55 48 287096 0 0 0
1165 -129 53 48 937921 0 0 0
910 -553 63 42 545648 0 0 0
674 -833 77 59 262902 0 0 0
329 -657 71 61 106087 0 0 0
297 -756 87 50 276854 0 0 0
605 -480 73 47 561286 0 0 0
324 -479 50 45 475948 0 0 0
340 -829 88 74 382678 0 0 0
511 -500 86 43 184569 0 0 0
768 -538 54 37 903254 0 0 0
744 -505 67 61 443430 0 0 0
598 -238 51 47 718644 0 0 0
671 211 75 37 472929 0 0 0
1112 658 86 68 176246 0 0 0
845 1075 56 60 716134 0 0 0
591 1351 46 50 565465 0 0 0
496 1589 83 66 152817 0 0 0
223 1672 72 67 649758 0 0 0
-129 1280 72 74 747541 0 0 0
-122 1040 69 58 255585 0 0 0
141 804 84 59 792704 0 0 0
239 730 66 46 127172 0 0 0
512 1164 78 59 371719 0 0 0
340 1276 46 44 167734 0 0 0
1021 1698 63 46 278072 0 0 0
1029 2027 51 72 796989 0 0 0
604 1641 81 57 858814 0 0 0
304 1615 69 37 307968 0 0 0
587 1638 73 39 594440 0 0 0
722 1529 59 75 951600 0 0 0
582 1730 66 38 268348 0 0 0
675 1778 51 44 806836 0 0 0
288 1739 78 57 668766 0 0 0
428 1767 46 49 831973 0 0 0
2 1508 82 42 984420 0 0 0
-354 1294 60 68 302027 0 0 0
-118 1298 72 61 272979 0 0 0
-422 1178 46 48 990055 0 0 0
2 766 52 58 202036 0 0 0
-30 882 77 57 710154 0 0 0
-271 962 71 59 640676 0 0 0
119 866 62 70 991665 0 0 0
389 826 53 60 655044 0 0 0
763 774 44 55 934126 0 0 0
1161 732 44 45 470585 0 0 0
1028 508 71 54 802015 0 0 0
975 702 47 72 153360 0 0 0
788 763 85 65 920442 0 0 0
452 1029 49 72 951328 0 0 0
111 832 76 66 843066 0 0 0
142 1055 70 52 667456 0 0 0
539 1301 54 65 515770 0 0 0
330 1637 68 71 944251 0 0 0
-14 1248 45 38 287788 0 0 0
392 1201 80 52 142768 0 0 0
96 1008 75 73 844381 0 0 0
248 567 88 59 546215 0 0 0
515 830 45 45 958175 0 0 0
410 450 74 43 947047 0 0 0
638 228 68 42 829237 0 0 0
556 385 55 45 537721 0 0 0
823 329 53 55 595363 0 0 0
1079 213 74 74 508445 0 0 0
992 524 51 55 887193 0 0 0
-215 605 47 39 548615 0 0 0
-464 517 45 65 412479 0 0 0
-521 412 78 39 795390 0 0 0
-475 619 50 75 847795 0 0 0
-312 288 48 45 600604 0 0 0
-581 -154 51 63 557565 0 0 0
-405 -180 70 54 227816 0 0 0
-522 -498 54 52 643990 0 0 0
-356 -114 80 68 119043 0 0 0
-134 204 78 71 351981 0 0 0
104 -190 67 71 679941 0 0 0
-84 33 59 55 148770 0 0 0
-421 398 56 49 203831 0 0 0
-218 90 51 57 253701 0 0 0
-534 -329 47 73 199412 0 0 0
-517 -621 82 73 560288 0 0 0
-329 -216 75 71 339536 0 0 0
-27 -6 66 39 740891 0 0 0
-389 195 52 65 819536 0 0 0
-333 -175 78 42 390340 0 0 0
-687 -535 58 55 896207 0 0 0
-909 -223 82 50 611318 0 0 0
-1164 -440 64 74 310173 0 0 0
-1532 -638 49 74 278715 0 0 0
-1084 -636 57 53 554501 0 0 0
-643 -189 78 51 927681 0 0 0
-308 112 80 47 581066 0 0 0
-180 50 85 61 409984 0 0 0
14 -192 67 38 882252 0 0 0
-264 -541 57 62 715736 0 0 0
2 -173 57 56 327196 0 0 0
333 -418 52 38 469553 0 0 0
-90 -820 85 37 643469 0 0 0
182 -403 83 68 842149 0 0 0
128 -768 57 54 984226 0 0 0
380 -1191 47 51 710733 0 0 0
-44 -1263 51 60 188068 0 0 0
487 -1561 56 40 896271 0 0 0
697 -1217 52 69 425461 0 0 0
1068 -1319 57 75 217726 0 0 0
1349 -1059 51 52 823259 0 0 0
1365 -1199 75 41 857946 0 0 0
1257 -1484 79 69 993524 0 0 0
932 -1473 49 38 408074 0 0 0
1251 -1781 87 40 508481 0 0 0
1371 -2178 65 43 505849 0 0 0
1617 -1899 48 55 960353 0 0 0
1985 -2022 55 46 675496 0 0 0
1648 -1717 72 60 645217 0 0 0
1560 -1966 65 51 820367 0 0 0
1240 -2222 68 39 380955 0 0 0
871 -2010 58 71 815017 0 0 0
840 -1658 70 65 610731 0 0 0
740 -1235 67 68 779779 0 0 0
401 -1098 56 66 357107 0 0 0
642 -897 55 50 658092 0 0 0
860 -958 86 47 421326 0 0 0
1257 -1389 68 51 276042 0 0 0
884 -1328 78 73 120711 0 0 0
-447 1273 80 60 738314 0 0 0
-723 824 56 37 967496 0 0 0
-1102 707 63 69 956127 0 0 0
-1390 887 45 45 623967 0 0 0
-1655 1067 78 45 902631 0 0 0
-1470 914 62 60 787513 0 0 0
-1142 991 84 64 414710 0 0 0
-1070 1239 83 63 933792 0 0 0
-948 1269 61 66 371185 0 0 0
-599 1464 49 42 256700 0 0 0
-982 1790 67 57 181885 0 0 0
-1001 1957 67 55 295524 0 0 0
-620 2047 58 44 774533 0 0 0
-931 2274 46 68 373327 0 0 0
-820 2307 63 52 572383 0 0 0
-403 1859 84 37 569601 0 0 0
-545 1883 46 40 432167 0 0 0
-449 2051 46 69 160225 0 0 0
-21 1859 76 38 792358 0 0 0
-448 2221 52 74 135941 0 0 0
-872 2087 47 60 430473 0 0 0
-556 1828 65 73 120917 0 0 0
-522 1483 75 43 100408 0 0 0
-665 1150 80 52 451442 0 0 0
-371 988 50 43 597674 0 0 0
-214 743 67 59 692570 0 0 0
-77 1186 47 63 643022 0 0 0
-298 1210 81 41 676253 0 0 0
-350 1084 77 46 454067 0 0 0
21 877 60 43 460861 0 0 0
-243 1128 58 40 603231 0 0 0
169 1384 64 45 340239 0 0 0
514 1293 60 66 921855 0 0 0
113 1306 53 66 128375 0 0 0
166 1110 78 45 450876 0 0 0
73 1250 56 67 101005 0 0 0
85 987 52 75 705051 0 0 0
-261 725 72 47 140558 0 0 0
-665 524 61 44 857066 0 0 0
-392 79 57 60 420209 0 0 0
1283 -775 62 40 691704 0 0 0
1111 -998 50 43 721030 0 0 0
802 -888 53 46 285289 0 0 0
568 -842 67 47 764755 0 0 0
943 -930 61 49 386979 0 0 0
675 -567 79 73 659060 0 0 0
576 -708 65 72 240455 0 0 0
808 -395 65 73 452194 0 0 0
396 -425 50 44 801476 0 0 0
553 -860 85 60 241087 0 0 0
307 -1307 54 68 795383 0 0 0
51 -1031 47 75 760892 0 0 0
262 -879 68 42 965499 0 0 0
403 -878 56 69 842072 0 0 0
669 -795 87 48 372898 0 0 0
878 -745 44 44 933669 0 0 0
1194 -882 46 71 843396 0 0 0
1390 -665 76 37 822057 0 0 0
-1629 -813 70 44 287104 0 0 0
-1791 -654 77 61 140682 0 0 0
-1667 -545 52 38 920785 0 0 0
-1513 -120 71 40 683385 0 0 0
-1788 -145 53 45 254081 0 0 0
-2154 -371 48 60 655475 0 0 0
-2263 -299 72 70 427362 0 0 0
-2537 58 60 37 905578 0 0 0
-2814 -313 71 48 557704 0 0 0
-2827 -578 63 52 664290 0 0 0
-3117 -185 62 71 984064 0 0 0
-2798 143 52 42 534102 0 0 0
-2529 436 71 63 197959 0 0 0
-2238 776 88 44 991735 0 0 0
-1912 1163 81 52 759331 0 0 0
-2164 1499 44 49 882415 0 0 0
-1996 1432 57 73 146118 0 0 0
-1748 1879 77 74 850914 0 0 0
-1799 1442 83 58 839040 0 0 0
-1742 1245 55 53 596769 0 0 0
-1860 1608 65 41 622512 0 0 0
-1894 1582 54 68 914930 0 0 0
-2285 1916 81 63 996211 0 0 0
-2481 1771 84 75 669571 0 0 0
-2227 1858 44 70 544236 0 0 0
-1892 2199 72 59 463138 0 0 0
-1668 2367 66 39 499240 0 0 0
-1622 2094 69 69 406554 0 0 0
-371 -82 70 58 441133 0 0 0
-797 -474 65 67 487286 0 0 0
-387 -644 57 59 465936 0 0 0
28 -393 73 37 233514 0 0 0
269 -250 78 68 644729 0 0 0
443 -6 70 64 577127 0 0 0
45 360 70 44 796867 0 0 0
423 709 56 39 401096 0 0 0
821 937 74 52 508514 0 0 0
1160 598 52 44 777425 0 0 0
897 177 58 47 730110 0 0 0
643 188 88 49 628121 0 0 0
914 290 59 60 214980 0 0 0
673 452 84 48 895343 0 0 0
744 632 80 64 244848 0 0 0
513 455 81 45 924741 0 0 0
578 517 45 39 433211 0 0 0
633 447 84 71 120358 0 0 0
649 452 81 74 818412 0 0 0
1090 135 85 70 907876 0 0 0
1332 -139 52 75 967470 0 0 0
1403 -344 80 62 140798 0 0 0
994 -757 88 46 117085 0 0 0
730 -430 79 63 855456 0 0 0
1049 -476 84 41 299011 0 0 0
1344 -525 47 71 918414 0 0 0
1416 -769 71 65 235878 0 0 0
1038 -747 48 62 759403 0 0 0
1113 -914 65 44 407874 0 0 0
722 -803 64 52 133782 0 0 0
378 -960 61 50 615310 0 0 0
301 -985 71 49 982808 0 0 0
506 -616 54 75 231650 0 0 0
556 -479 55 40 480608 0 0 0
335 -40 47 60 919452 0 0 0
478 92 70 56 980711 0 0 0
668 230 74 63 856187 0 0 0
637 346 80 47 963522 0 0 0
193 -94 67 73 799734 0 0 0
-226 162 69 52 870338 0 0 0
-528 -186 72 65 401203 0 0 0
-87 -581 47 48 444062 0 0 0
-325 -367 75 66 981124 0 0 0
-9 81 81 45 357240 0 0 0
1023 1382 45 56 941423 0 0 0
1388 1322 75 54 563220 0 0 0
1673 925 62 52 456762 0 0 0
1374 804 53 37 375327 0 0 0
1798 1049 68 42 811719 0 0 0
1420 1148 68 52 752578 0 0 0
1855 1586 68 70 988080 0 0 0
2061 1500 73 54 979966 0 0 0
2478 1610 80 43 105435 0 0 0
2433 1706 78 44 531124 0 0 0
2552 1536 73 39 219915 0 0 0
2947 1698 70 74 920422 0 0 0
3279 1630 48 72 823865 0 0 0
3572 1528 50 71 213078 0 0 0
3961 1491 81 51 964678 0 0 0
4272 1839 44 64 831100 0 0 0
3911 1882 85 62 467641 0 0 0
3812 2241 77 65 723589 0 0 0
4111 1860 83 50 846771 0 0 0
4172 1503 56 65 574661 0 0 0
4351 1778 66 37 776374 0 0 0
4437 1733 69 54 243155 0 0 0
4190 1715 45 41 375557 0 0 0
4481 2067 74 43 914614 0 0 0
4525 1776 79 48 305621 0 0 0
4265 1467 66 47 532297 0 0 0
4370 1245 88 50 287056 0 0 0
4749 923 62 47 538123 0 0 0
4970 1260 59 48 474951 0 0 0
5009 1472 82 48 739020 0 0 0
4756 1746 48 40 311720 0 0 0
5124 1415 71 39 388940 0 0 0
5087 1051 65 74 771641 0 0 0
4714 885 63 38 851308 0 0 0
5115 1136 51 46 818019 0 0 0
5460 774 57 73 176305 0 0 0
5128 705 58 45 885538 0 0 0
5488 855 45 73 163075 0 0 0
5852 753 62 40 487155 0 0 0
6288 793 80 59 183760 0 0 0
6531 392 47 60 942788 0 0 0
6302 89 45 49 583397 0 0 0
6588 -302 50 51 889439 0 0 0
6315 -677 44 48 912132 0 0 0
6686 -266 73 52 196718 0 0 0
6250 -426 61 71 585808 0 0 0
6102 -5 81 43 995832 0 0 0
6533 -426 64 40 154911 0 0 0
6485 -352 72 41 918294 0 0 0
6557 -352 80 74 438773 0 0 0
6865 -345 50 38 880682 0 0 0
6470 -521 53 62 248243 0 0 0
6720 -675 44 57 171221 0 0 0
231 -1467 51 59 671082 0 0 0
317 -1081 55 52 921964 0 0 0
412 -1121 61 54 927496 0 0 0
372 -786 61 56 214348 0 0 0
630 -938 83 69 366488 0 0 0
830 -1042 66 54 827841 0 0 0
438 -694 88 45 719860 0 0 0
169 -633 73 60 108463 0 0 0
245 -455 75 48 695862 0 0 0
29 -337 48 55 530418 0 0 0
236 -539 62 55 303130 0 0 0
-36 -660 61 65 195370 0 0 0
-102 -311 55 54 864068 0 0 0
123 -547 53 74 346538 0 0 0
527 -333 44 52 954003 0 0 0
119 -734 46 44 750452 0 0 0
515 -785 77 67 749219 0 0 0
615 -438 69 60 705840 0 0 0
511 -353 82 43 843295 0 0 0
440 -292 73 66 258870 0 0 0
550 -622 87 66 324904 0 0 0
366 -630 55 68 549336 0 0 0
113 -221 62 58 441279 0 0 0
-130 -496 54 41 177782 0 0 0
264 -109 87 57 300909 0 0 0
498 196 75 62 379657 0 0 0
315 548 67 75 241411 0 0 0
741 689 47 49 121650 0 0 0
775 981 80 75 488748 0 0 0
752 957 66 45 188443 0 0 0
797 1186 54 63 350263 0 0 0
428 1422 44 74 334409 0 0 0
127 975 56 74 682279 0 0 0
-249 691 53 48 273363 0 0 0
-631 511 69 50 418435 0 0 0
-724 570 64 72 715203 0 0 0
-1100 365 68 48 329352 0 0 0
-1528 354 71 68 753800 0 0 0
-1432 577 44 45 969181 0 0 0
-1651 1006 45 56 127402 0 0 0
-1782 902 62 42 449072 0 0 0
-1664 479 72 75 318143 0 0 0
-1778 890 54 50 879716 0 0 0
-1370 1176 86 38 518128 0 0 0
-1045 1326 57 65 642049 0 0 0
-1247 994 56 42 531133 0 0 0
-1302 933 59 68 302475 0 0 0
-879 1266 62 54 296090 0 0 0
-933 1267 60 74 809427 0 0 0
-629 1438 73 46 177204 0 0 0
-466 1332 69 40 272724 0 0 0
-519 1520 52 48 856124 0 0 0
-890 1875 75 38 747297 0 0 0
-1046 2049 47 51 498446 0 0 0
-643 1996 53 52 692401 0 0 0
-505 2271 69 74 120227 0 0 0
-822 1877 82 37 611003 0 0 0
-533 1764 63 67 527307 0 0 0
-407 1984 65 57 256582 0 0 0
-337 2314 52 59 712805 0 0 0
-8 2540 49 72 970596 0 0 0
24 2148 66 41 189530 0 0 0
-321 2271 74 39 950909 0 0 0
-348 2404 70 74 880056 0 0 0
-659 2396 60 66 528876 0 0 0
-630 2475 63 72 105292 0 0 0
-1031 2766 63 40 879768 0 0 0
-1061 3172 88 46 551232 0 0 0
-1465 3023 66 52 243449 0 0 0
-1387 3423 83 59 633962 0 0 0
-1606 3134 47 53 219834 0 0 0
-1952 3229 58 46 145278 0 0 0
-2130 3620 61 67 881307 0 0 0
-1926 3360 65 39 736902 0 0 0
-1631 3589 51 41 674922 0 0 0
-1351 3534 73 72 839828 0 0 0
-975 3899 85 55 365583 0 0 0
-1049 4333 50 55 575383 0 0 0
-829 4041 84 49 659856 0 0 0
-1042 4076 86 48 666390 0 0 0
-650 4241 68 65 559962 0 0 0
-395 3793 71 47 260264 0 0 0
-640 3391 52 58 787181 0 0 0
-844 3632 83 63 736826 0 0 0
-852 3482 70 61 359126 0 0 0
-1116 3039 75 64 527000 0 0 0
-709 2876 50 62 490875 0 0 0
-1100 2698 71 42 558081 0 0 0
-701 3130 68 69 704155 0 0 0
-654 3558 80 46 326450 0 0 0
-245 3936 73 37 677734 0 0 0
-494 3683 60 50 618328 0 0 0
-572 3374 62 63 495734 0 0 0
-390 3785 82 49 475287 0 0 0
-704 3980 78 62 548457 0 0 0
571 435 69 69 552351 0 0 0
229 115 65 49 215653 0 0 0
548 142 75 39 948321 0 0 0
960 330 64 55 623976 0 0 0
715 238 49 73 478894 0 0 0
872 -36 54 66 849514 0 0 0
447 303 63 75 480158 0 0 0
576 5 72 45 652490 0 0 0
465 180 57 69 670228 0 0 0
56 332 84 56 829007 0 0 0
13 689 68 47 801420 0 0 0
252 675 77 58 926068 0 0 0
180 570 44 60 641042 0 0 0
51 285 64 44 184443 0 0 0
-124 297 82 67 292288 0 0 0
-337 200 53 42 553117 0 0 0
-88 171 56 43 743447 0 0 0
-455 568 63 71 298929 0 0 0
-195 152 61 51 286047 0 0 0
194 -1069 68 67 630644 0 0 0
25 -1517 62 48 595777 0 0 0
261 -1762 87 40 623514 0 0 0
-78 -1710 44 46 801158 0 0 0
47 -1659 48 38 833239 0 0 0
-128 -1425 72 50 811937 0 0 0
74 -1094 52 52 857371 0 0 0
176 -1367 85 75 913283 0 0 0
437 -1715 58 69 233203 0 0 0
235 -1485 56 67 848228 0 0 0
-75 -1310 45 68 200488 0 0 0
146 -1576 66 42 331255 0 0 0
-1586 -536 44 64 915435 0 0 0
-1236 -577 67 67 882195 0 0 0
-900 -981 51 56 185343 0 0 0
-651 -1295 52 71 722960 0 0 0
-459 -1725 49 50 987453 0 0 0
-820 -1440 48 56 103700 0 0 0
-721 -1567 88 71 788673 0 0 0
-770 -1462 69 39 681254 0 0 0
-512 -1672 50 40 560749 0 0 0
-1499 -1352 67 57 578488 0 0 0
-1513 -1482 79 62 232794 0 0 0
-1528 -1824 77 46 769177 0 0 0
-1924 -1378 88 59 638639 0 0 0
-2071 -1354 59 41 512233 0 0 0
-1989 -1613 65 54 274418 0 0 0
-1922 -1670 62 75 791734 0 0 0
-2256 -1366 76 46 195609 0 0 0
-2262 -1758 83 71 462178 0 0 0
-2453 -1569 85 46 558804 0 0 0
-2888 -1757 82 51 713445 0 0 0
-2469 -1591 81 51 821116 0 0 0
-2174 -1486 80 57 907807 0 0 0
-2440 -1044 80 42 495587 0 0 0
-2218 -1471 59 46 958005 0 0 0
-1965 -1526 50 53 337876 0 0 0
-1713 -1837 83 49 140861 0 0 0
-1490 -1651 62 41 999402 0 0 0
-1349 -1314 54 39 401721 0 0 0
-971 -1156 61 59 250658 0 0 0
-1117 -1061 46 61 169245 0 0 0
-1339 -719 67 74 144446 0 0 0
-1183 -615 68 65 976612 0 0 0
-1304 -1042 69 55 246176 0 0 0
-912 -874 86 38 194668 0 0 0
-1266 -799 78 61 745986 0 0 0
-1476 -478 47 58 621378 0 0 0
-1410 -832 46 42 734471 0 0 0
-1820 -929 47 65 117993 0 0 0
-1563 -1368 83 41 346900 0 0 0
-1854 -926 69 51 676046 0 0 0
-1533 -1038 80 58 816267 0 0 0
-1426 -1383 52 60 690630 0 0 0
-1263 -1107 66 41 469119 0 0 0
-1011 -1135 88 44 430528 0 0 0
-856 -1128 88 74 705193 0 0 0
-519 -1459 86 52 364550 0 0 0
-652 -1288 45 67 284545 0 0 0
-851 -1187 52 49 429717 0 0 0
-1411 1355 56 52 931301 0 0 0
-1718 1448 55 66 287081 0 0 0
-1917 1313 88 65 237147 0 0 0
-684 -391 62 44 696240 0 0 0
-818 -343 83 56 389361 0 0 0
-804 -96 60 59 436654 0 0 0
-658 -436 73 52 300189 0 0 0
-1026 -641 46 72 576478 0 0 0
-1440 -849 52 72 328430 0 0 0
-1056 -484 64 47 370702 0 0 0
-1254 -490 84 66 996793 0 0 0
-1484 -70 84 70 771791 0 0 0
-1240 158 73 50 548096 0 0 0
-834 56 53 75 109220 0 0 0
-1212 220 67 54 396676 0 0 0
-1206 422 68 75 242067 0 0 0
-1569 864 67 47 953839 0 0 0
-1431 442 56 46 726626 0 0 0
-724 -1677 65 46 726806 0 0 0
-285 -1678 65 57 163925 0 0 0
-282 -2074 54 53 332293 0 0 0
-344 -2245 73 64 244583 0 0 0
-171 -2036 84 40 528117 0 0 0
231 -2054 72 67 551377 0 0 0
513 -1763 44 65 955263 0 0 0
287 -1396 76 47 793778 0 0 0
312 -1507 75 41 717981 0 0 0
-64 -1400 53 37 748003 0 0 0
191 -1255 76 44 975057 0 0 0
305 -870 70 66 138861 0 0 0
435 -966 56 61 168588 0 0 0
414 -885 75 69 395146 0 0 0
451 -875 71 56 890809 0 0 0
655 -807 66 38 196623 0 0 0
663 -538 48 74 650524 0 0 0
529 -142 79 41 426227 0 0 0
282 -108 75 52 466912 0 0 0
242 -169 78 53 835843 0 0 0
644 -599 79 65 225338 0 0 0
227 -687 69 50 524801 0 0 0
-1672 1610 49 38 409067 0 0 0
-1253 1881 73 60 799258 0 0 0
-1587 1815 67 60 917040 0 0 0
-1820 1590 77 64 607995 0 0 0
-1503 1802 79 47 793279 0 0 0
-1272 1807 45 58 824995 0 0 0
-996 1640 77 60 220366 0 0 0
-597 1781 83 68 988347 0 0 0
-1042 2054 85 69 716541 0 0 0
-681 1775 81 68 208446 0 0 0
-1072 1730 69 50 828361 0 0 0
-966 1893 85 49 398539 0 0 0
-809 1866 58 66 698870 0 0 0
-707 2144 69 48 865387 0 0 0
-759 1952 68 39 286706 0 0 0
-909 2291 57 70 348393 0 0 0
-1017 2403 65 46 974242 0 0 0
-674 2487 56 70 920390 0 0 0
-332 2885 48 61 695072 0 0 0
-747 3022 88 69 912303 0 0 0
-865 3468 55 49 271060 0 0 0
-567 3038 63 75 285503 0 0 0
-918 3352 49 63 859466 0 0 0
-574 3058 53 48 133739 0 0 0
-640 3069 60 66 324102 0 0 0
-802 3233 67 75 687989 0 0 0
-723 3425 44 51 501934 0 0 0
-657 3858 69 75 416933 0 0 0
-780 3777 44 46 952037 0 0 0
-1066 4103 65 66 121700 0 0 0
-1081 4333 76 45 956143 0 0 0
-1347 3921 71 67 461615 0 0 0
-1371 3975 53 66 882859 0 0 0
-1053 4273 69 67 273646 0 0 0
-782 4243 64 70 608702 0 0 0
-898 4261 85 75 652943 0 0 0
-1172 4150 78 48 104537 0 0 0
-929 4457 78 59 331207 0 0 0
-521 4529 69 50 586625 0 0 0
-85 4404 59 54 760981 0 0 0
-466 4627 52 43 761341 0 0 0
-381 5031 77 73 573597 0 0 0
-76 4969 49 45 803432 0 0 0
-361 4648 58 45 761250 0 0 0
-570 4387 50 64 123053 0 0 0
-384 4649 70 70 853541 0 0 0
-225 4499 48 56 909686 0 0 0
-315 4614 63 58 424549 0 0 0
71 4430 59 75 957949 0 0 0
-291 4432 44 40 601019 0 0 0
-153 4425 59 57 584026 0 0 0
-302 4811 52 53 309001 0 0 0
-642 4735 58 53 487459 0 0 0
-830 4928 50 48 908744 0 0 0
-1265 4717 79 53 141467 0 0 0
-1503 4455 49 75 363146 0 0 0
-1409 4817 47 65 592172 0 0 0
-1762 5108 66 61 322337 0 0 0
-1749 5178 52 38 151290 0 0 0
-1984 5019 62 59 339174 0 0 0
-1891 5161 59 51 478988 0 0 0
-1784 4749 72 43 102099 0 0 0
1409 -1379 45 56 180934 0 0 0
1150 -947 71 68 657638 0 0 0
1545 -1129 44 45 537200 0 0 0
1621 -1241 57 62 362897 0 0 0
1613 -990 64 43 628612 0 0 0
1528 -938 83 49 106999 0 0 0
1784 -1115 63 47 988632 0 0 0
1538 -1135 86 64 802821 0 0 0
1424 -863 86 63 165986 0 0 0
1020 -792 45 57 689222 0 0 0
615 -698 81 66 601892 0 0 0
631 -400 63 69 207488 0 0 0
1040 -75 46 64 859613 0 0 0
1002 7 70 41 973671 0 0 0
1068 340 66 45 250273 0 0 0
1112 440 60 45 829583 0 0 0
1004 505 80 74 270800 0 0 0
742 99 44 74 313597 0 0 0
1096 -73 72 74 861911 0 0 0
1500 92 62 63 689521 0 0 0
1821 -304 52 69 818315 0 0 0
1788 -575 71 68 695828 0 0 0
2145 -730 67 71 714146 0 0 0
2290 -393 51 58 559229 0 0 0
1963 -225 63 62 670442 0 0 0
2078 206 53 67 369983 0 0 0
1807 441 47 52 508666 0 0 0
1796 471 62 63 301870 0 0 0
1773 293 70 47 685246 0 0 0
1603 670 81 65 402435 0 0 0
1180 922 83 66 704194 0 0 0
1116 831 66 63 486799 0 0 0
800 801 75 40 229322 0 0 0
539 705 78 44 530788 0 0 0
161 557 45 73 440768 0 0 0
-100 931 65 43 697726 0 0 0
-361 1133 75 72 412466 0 0 0
-82 1054 82 62 475278 0 0 0
203 1106 53 71 454957 0 0 0
619 671 51 62 461470 0 0 0
345 923 84 45 818289 0 0 0
63 944 49 61 440482 0 0 0
15 1362 51 48 322807 0 0 0
-433 1000 69 72 491821 0 0 0
-506 -589 75 45 274050 0 0 0
-255 -865 84 64 963001 0 0 0
-201 -1161 64 74 687506 0 0 0
78 -1345 58 42 999166 0 0 0
157 -1367 74 64 760927 0 0 0
602 -1022 64 62 797184 0 0 0
281 -1079 54 71 253490 0 0 0
644 -1166 87 70 580118 0 0 0
747 -1564 45 41 783230 0 0 0
439 -1402 81 53 633784 0 0 0
734 -1211 64 48 491641 0 0 0
303 -1124 60 72 712347 0 0 0
-42 -1143 52 50 196017 0 0 0
78 -1196 78 54 684458 0 0 0
-221 249 64 54 974744 0 0 0
-525 -112 59 74 976764 0 0 0
-83 311 86 58 952392 0 0 0
223 31 86 60 521685 0 0 0
324 -72 61 38 818103 0 0 0
595 0 44 58 690127 0 0 0
893 -380 73 47 791062 0 0 0
618 -628 83 39 993917 0 0 0
489 -800 56 58 344424 0 0 0
458 -1113 70 50 808797 0 0 0
467 -1542 67 69 589424 0 0 0
853 -1323 60 55 338816 0 0 0
579 -962 67 55 777899 0 0 0
234 -547 58 75 339221 0 0 0
-200 -486 60 46 757859 0 0 0
-316 -459 82 47 342507 0 0 0
-760 -415 52 48 596245 0 0 0
-1002 -784 52 61 629717 0 0 0
-1173 -708 74 60 736525 0 0 0
1172 -356 85 67 987650 0 0 0
1481 -607 56 68 547048 0 0 0
1298 -445 86 67 173911 0 0 0
882 -546 50 51 448630 0 0 0
447 -241 83 70 732444 0 0 0
788 -285 78 57 316663 0 0 0
588 -40 81 38 574975 0 0 0
696 387 68 46 565269 0 0 0
955 374 47 71 489394 0 0 0
990 335 60 46 339845 0 0 0
1174 83 58 57 442009 0 0 0
1384 -288 51 54 433173 0 0 0
1007 -259 44 39 934650 0 0 0
582 -452 56 69 426164 0 0 0
593 -276 72 52 444634 0 0 0
382 -674 76 70 794588 0 0 0
665 -635 86 37 950595 0 0 0
260 -195 69 43 349466 0 0 0
702 -202 48 41 962879 0 0 0
953 -510 67 70 586483 0 0 0
1258 -98 57 73 639900 0 0 0
1487 -89 68 58 922524 0 0 0
1203 -511 46 53 749902 0 0 0
961 -504 77 43 189966 0 0 0
676 -715 64 70 943101 0 0 0
1065 -789 56 52 285279 0 0 0
1062 -574 51 56 140453 0 0 0
823 -301 58 46 161923 0 0 0
464 -524 45 73 575191 0 0 0
41 -665 84 38 204849 0 0 0
-192 -829 58 60 972430 0 0 0
-93 -386 56 74 231752 0 0 0
-163 -300 47 62 494329 0 0 0
-528 -717 50 43 373503 0 0 0
-701 -1131 84 48 358045 0 0 0
-791 -1525 69 56 325445 0 0 0
-788 -1511 88 71 782883 0 0 0
-914 -1723 56 70 439840 0 0 0
-961 -1750 73 61 195549 0 0 0
-1313 -1384 85 68 577767 0 0 0
-1088 -1644 60 50 521550 0 0 0
-698 -1534 58 54 122726 0 0 0
-754 -1592 64 38 876706 0 0 0
-662 -1959 64 74 482272 0 0 0
-743 -1704 79 49 358441 0 0 0
-1075 -1886 71 38 473709 0 0 0
-898 -1750 73 39 116841 0 0 0
-901 -1539 60 62 684509 0 0 0
-1270 -1305 48 50 228883 0 0 0
-923 -1614 63 43 121096 0 0 0
-1016 -1459 47 42 679347 0 0 0
-1040 -1538 86 67 127710 0 0 0
-1125 -1685 54 53 262412 0 0 0
-1061 -1951 69 38 621860 0 0 0
-653 -1813 46 48 514356 0 0 0
-1078 -1992 68 52 970763 0 0 0
-713 -2303 74 40 106679 0 0 0
-523 -2191 74 69 442952 0 0 0
-399 -2205 48 42 332146 0 0 0
-387 -2504 63 42 143605 0 0 0
-808 -2723 51 66 702926 0 0 0
-668 -2640 50 46 919316 0 0 0
-653 -2561 88 71 796963 0 0 0
-712 -2851 85 61 466365 0 0 0
-1011 -2954 73 48 348507 0 0 0
-851 -2842 45 48 432273 0 0 0
-1136 -3211 51 37 711145 0 0 0
-1551 -3608 60 52 146101 0 0 0
-1985 -3482 71 54 126262 0 0 0
-1567 -3097 82 59 631952 0 0 0
-1254 -2904 81 75 359683 0 0 0
-1527 -2924 60 47 624925 0 0 0
-1260 -3206 76 60 815404 0 0 0
-1223 -3220 48 74 989105 0 0 0
-1529 -3033 78 55 884264 0 0 0
-1336 -3060 71 43 151404 0 0 0
-1097 -3189 53 72 156772 0 0 0
-1088 -3499 87 55 286834 0 0 0
-1479 -3251 78 64 203160 0 0 0
-1877 -2999 47 42 664381 0 0 0
-2255 -2562 56 56 334487 0 0 0
-2519 -2349 52 73 581192 0 0 0
-2594 -2313 57 52 409715 0 0 0
-2753 -2336 67 48 410213 0 0 0
-2310 -2740 85 54 234121 0 0 0
-2201 -2871 84 65 753444 0 0 0
-2001 -3061 48 75 588639 0 0 0
-1845 -3154 67 56 458902 0 0 0
-1552 -3129 67 64 442318 0 0 0
-1990 -2696 69 45 750467 0 0 0
-1614 -2962 52 64 925726 0 0 0
-1387 -2552 50 43 937744 0 0 0
-853 -469 46 68 129599 0 0 0
-556 -738 59 50 654559 0 0 0
-527 -359 77 70 387993 0 0 0
-963 -89 49 75 855717 0 0 0
-1370 318 60 49 244093 0 0 0
-1021 413 68 37 413251 0 0 0
-816 589 71 57 528674 0 0 0
-1225 501 80 51 490498 0 0 0
-1061 653 54 54 814345 0 0 0
-1099 619 83 62 693162 0 0 0
-827 765 61 52 256099 0 0 0
-382 1169 69 45 315299 0 0 0
-11 988 71 73 399531 0 0 0
434 999 44 41 472656 0 0 0
589 716 54 57 376925 0 0 0
397 835 78 72 803788 0 0 0
494 1037 71 60 325185 0 0 0
746 1213 66 37 296743 0 0 0
355 1194 60 43 336456 0 0 0
345 1487 57 64 492522 0 0 0
143 1508 77 56 104636 0 0 0
-132 1564 78 54 928363 0 0 0
222 1717 69 42 318501 0 0 0
78 1798 50 51 578297 0 0 0
-302 1432 72 69 266404 0 0 0
-284 1040 61 63 651945 0 0 0
-1194 -1377 46 45 930651 0 0 0
-937 -1082 59 64 954846 0 0 0
-1003 -1027 82 74 194598 0 0 0
-1083 -1038 79 46 968101 0 0 0
-707 -914 45 50 449485 0 0 0
-544 -980 46 45 896238 0 0 0
-893 -1138 81 54 367226 0 0 0
-1300 -833 79 58 649226 0 0 0
-875 -510 80 59 425348 0 0 0
-1177 -101 68 37 697814 0 0 0
-1486 148 69 60 523394 0 0 0
-1670 54 77 54 762709 0 0 0
-1469 173 45 52 379259 0 0 0
-1733 -136 46 55 403189 0 0 0
-2151 -92 59 69 762574 0 0 0
-2446 199 51 61 294922 0 0 0
-2713 504 66 55 136442 0 0 0
-2968 488 72 70 684076 0 0 0
-2889 162 59 40 270896 0 0 0
-46 734 85 59 349593 0 0 0
-173 1001 56 62 313204 0 0 0
-459 690 75 74 336157 0 0 0
-381 991 56 55 595358 0 0 0
-404 845 81 75 335833 0 0 0
-35 771 83 56 176852 0 0 0
-398 936 47 72 260724 0 0 0
-743 1109 45 71 706667 0 0 0
-1109 1057 59 73 835522 0 0 0
-719 723 60 63 402929 0 0 0
-721 894 80 49 373082 0 0 0
-565 1176 58 54 506160 0 0 0
-298 1110 49 56 197708 0 0 0
122 701 59 67 124223 0 0 0
383 549 87 55 308796 0 0 0
74 303 59 43 558789 0 0 0
2 660 56 49 928579 0 0 0
-423 559 45 49 328307 0 0 0
-291 790 65 74 436592 0 0 0
-533 642 52 71 873572 0 0 0
-505 517 70 74 566666 0 0 0
-111 331 86 39 109937 0 0 0
-359 598 87 75 535553 0 0 0
1 915 53 69 371956 0 0 0
172 1189 82 72 532376 0 0 0
336 1314 78 50 220377 0 0 0
376 1087 73 54 978753 0 0 0
271 941 50 61 641629 0 0 0
231 1212 45 67 475383 0 0 0
656 1117 71 57 884892 0 0 0
405 1048 49 63 310277 0 0 0
6 716 47 71 543805 0 0 0
-249 710 49 40 523282 0 0 0
-400 517 47 74 483959 0 0 0
37 757 81 66 738837 0 0 0
-88 710 81 59 154148 0 0 0
-151 641 80 42 473858 0 0 0
50 564 45 44 351144 0 0 0
-369 381 87 37 301873 0 0 0
73 391 75 61 243755 0 0 0
136 119 66 47 419281 0 0 0
306 -246 50 63 183989 0 0 0
617 -46 71 70 280775 0 0 0
918 -452 56 42 292621 0 0 0
530 -683 67 45 922928 0 0 0
534 -988 80 71 969391 0 0 0
965 -542 49 65 851099 0 0 0
1144 -790 48 69 780216 0 0 0
1135 -591 67 69 299479 0 0 0
1573 -674 86 68 283515 0 0 0
1752 -778 71 51 336252 0 0 0
1482 -1077 84 59 464757 0 0 0
1395 -1143 72 37 253963 0 0 0
1435 -886 66 59 602456 0 0 0
1056 -590 79 60 766069 0 0 0
1234 -197 65 48 698392 0 0 0
821 164 84 71 884213 0 0 0
490 590 64 37 653512 0 0 0
255 287 86 42 749858 0 0 0
456 427 54 70 237051 0 0 0
278 792 81 68 267678 0 0 0
195 1120 47 39 488970 0 0 0
504 1484 72 52 506224 0 0 0
466 1293 59 75 677279 0 0 0
735 982 67 60 755013 0 0 0
1109 779 79 71 594077 0 0 0
755 458 53 64 669153 0 0 0
1028 612 85 44 968523 0 0 0
1322 546 85 73 503315 0 0 0
1170 264 83 66 314418 0 0 0
906 -99 49 54 947277 0 0 0
548 -437 44 39 488688 0 0 0
326 -270 75 39 900600 0 0 0
147 -86 63 65 199094 0 0 0
296 -543 53 68 719031 0 0 0
525 -293 57 52 593778 0 0 0
533 76 72 54 790924 0 0 0
678 -56 64 58 576496 0 0 0
339 -55 74 53 507262 0 0 0
733 -359 70 65 574237 0 0 0
593 -320 52 37 498528 0 0 0
831 -392 65 64 242845 0 0 0
1008 -140 60 40 518723 0 0 0
1387 -292 74 38 425580 0 0 0
1413 -384 65 48 131802 0 0 0
1459 -569 56 56 189972 0 0 0
1680 -978 63 58 946823 0 0 0
1617 -998 85 43 410217 0 0 0
1483 -1177 67 60 351573 0 0 0
1691 -1135 82 73 540442 0 0 0
1700 -1534 74 40 792701 0 0 0
1935 -1503 75 38 543204 0 0 0
2045 -1847 48 41 472826 0 0 0
2002 -2121 69 48 331725 0 0 0
1848 -2253 54 47 822922 0 0 0
1591 -2005 44 49 156989 0 0 0
2016 -1773 63 37 897346 0 0 0
2400 -1402 44 55 903398 0 0 0
2132 -1489 55 74 668301 0 0 0
1927 -1434 65 40 757680 0 0 0
1893 -1073 77 56 420702 0 0 0
1703 -631 59 67 427960 0 0 0
1673 -869 66 65 186802 0 0 0
2077 -586 83 59 204585 0 0 0
1954 -657 85 46 238849 0 0 0
1864 -805 49 48 614810 0 0 0
2314 -872 87 71 331255 0 0 0
1898 -674 48 42 756484 0 0 0
1515 -284 79 44 121163 0 0 0
1212 92 66 51 688679 0 0 0
1472 516 86 58 850699 0 0 0
1121 390 49 48 599324 0 0 0
718 226 47 66 644726 0 0 0
640 -185 83 70 524966 0 0 0
771 -88 69 55 326118 0 0 0
486 -72 67 56 709472 0 0 0
520 15 74 47 956992 0 0 0
247 -420 49 46 364325 0 0 0
657 -637 87 62 561964 0 0 0
348 -699 51 74 248326 0 0 0
463 -495 57 45 836269 0 0 0
556 -819 80 67 906163 0 0 0
769 -649 56 63 426293 0 0 0
781 -612 45 53 529556 0 0 0
748 -220 66 45 475398 0 0 0
861 88 49 39 980230 0 0 0
1193 -265 68 60 954806 0 0 0
1032 -616 62 54 132330 0 0 0
646 -625 63 66 580332 0 0 0
558 -861 77 69 185419 0 0 0
140 -791 73 65 932348 0 0 0
238 -52 56 51 848551 0 0 0
37 58 85 52 462237 0 0 0
-229 210 77 38 330406 0 0 0
149 250 51 47 318471 0 0 0
39 272 44 67 712690 0 0 0
295 -113 74 60 941242 0 0 0
276 -318 54 52 245228 0 0 0
665 -755 52 74 450430 0 0 0
487 -529 81 59 290773 0 0 0
46 -851 81 40 260039 0 0 0
-226 -514 50 43 135147 0 0 0
-138 -847 53 46 471872 0 0 0
225 -890 73 70 683674 0 0 0
-161 -1095 83 65 749814 0 0 0
-505 -971 73 61 339686 0 0 0
-285 -938 56 66 187900 0 0 0
-113 -790 81 46 585205 0 0 0
-501 -909 67 68 779155 0 0 0
-51 -599 45 67 862598 0 0 0
95 -777 70 51 959873 0 0 0
521 -567 78 74 351457 0 0 0
636 -845 44 69 655003 0 0 0
877 -1021 65 39 550802 0 0 0
1007 -1034 70 44 898037 0 0 0
1268 -1446 75 67 744674 0 0 0
1130 -1771 72 74 547619 0 0 0
826 -2085 51 39 483691 0 0 0
1152 -1823 55 45 787805 0 0 0
1043 -1759 83 71 198364 0 0 0
1370 -1366 88 68 516895 0 0 0
1188 -1516 64 54 275622 0 0 0
940 -1345 67 47 120891 0 0 0
1124 -1779 84 72 725968 0 0 0
1314 -1883 52 65 524459 0 0 0
1062 -2045 48 51 884908 0 0 0
967 -1819 81 74 830355 0 0 0
607 -1671 85 47 146474 0 0 0
531 -1963 60 50 994229 0 0 0
937 -2310 76 50 813138 0 0 0
1319 -2000 87 57 400182 0 0 0
1735 -1757 79 40 659329 0 0 0
1465 -1547 85 38 630573 0 0 0
1223 -1909 53 65 313555 0 0 0
1307 -1846 49 68 360299 0 0 0
1230 -1525 87 55 471502 0 0 0
1366 -1705 72 60 329294 0 0 0
-509 206 61 42 170061 0 0 0
-384 -184 45 46 944590 0 0 0
-479 -42 86 72 368572 0 0 0
-467 -396 64 69 597574 0 0 0
-370 -205 50 69 474995 0 0 0
3 -83 44 61 654465 0 0 0
301 251 65 58 441138 0 0 0
605 -16 45 60 537314 0 0 0
534 -241 69 70 332790 0 0 0
698 -673 87 71 315800 0 0 0
1081 -796 65 71 274853 0 0 0
1145 -887 45 70 328378 0 0 0
1279 -1290 72 48 995183 0 0 0
1259 -1713 82 61 917507 0 0 0
1023 -1952 86 39 488909 0 0 0
995 -1585 81 37 718221 0 0 0
1361 -1962 61 64 549900 0 0 0
952 -1911 83 38 174391 0 0 0
887 -1829 68 68 993911 0 0 0
800 -2117 44 38 526257 0 0 0
395 -2312 67 40 468959 0 0 0
244 -2624 75 70 222151 0 0 0
-165 -2284 55 74 659671 0 0 0
-450 -1871 61 58 372089 0 0 0
-659 -1653 72 67 667208 0 0 0
-1653 597 65 41 477549 0 0 0
-1960 293 48 45 803130 0 0 0
-1852 112 61 68 488129 0 0 0
-2118 -42 55 50 861895 0 0 0
-1927 -481 45 40 615873 0 0 0
-1873 -318 83 41 314375 0 0 0
-2294 24 79 47 198029 0 0 0
-2372 -353 51 56 355116 0 0 0
-2268 -403 51 75 759657 0 0 0
-1858 -718 58 55 140480 0 0 0
-2005 -574 62 60 106877 0 0 0
-2017 -664 72 61 425886 0 0 0
-1994 -591 69 59 549835 0 0 0
-1787 -194 79 37 192927 0 0 0
-1883 -331 66 60 198862 0 0 0
-2002 -371 83 61 787256 0 0 0
-1944 73 66 49 557268 0 0 0
-1855 -164 61 37 363545 0 0 0
-2038 -383 48 62 543708 0 0 0
-1599 -408 70 71 109726 0 0 0
-1282 -817 67 38 895023 0 0 0
-1151 -732 84 61 896884 0 0 0
-803 -919 64 51 467682 0 0 0
-1060 -803 56 52 528387 0 0 0
-752 -487 85 43 608219 0 0 0
-450 -187 51 40 135928 0 0 0
-441 -180 70 52 380498 0 0 0
-364 -9 47 71 432272 0 0 0
-784 -390 83 71 874648 0 0 0
-497 -744 64 44 991407 0 0 0
-699 -950 58 68 696561 0 0 0
-880 -1344 65 59 686549 0 0 0
-968 -1457 44 71 972532 0 0 0
-601 -1191 79 69 640935 0 0 0
-469 -1150 74 49 237711 0 0 0
-745 -725 84 50 619551 0 0 0
-430 -1026 49 72 706589 0 0 0
-347 -731 53 40 171542 0 0 0
-700 -677 70 56 600674 0 0 0
-1090 -229 77 74 680167 0 0 0
-1375 -285 50 74 354682 0 0 0
-1628 -395 67 48 794769 0 0 0
-2063 -623 68 61 612231 0 0 0
-1812 -393 51 49 207364 0 0 0
-2144 -622 60 70 642341 0 0 0
-2442 -771 70 59 239533 0 0 0
-2146 -883 60 37 585398 0 0 0
-1939 -1279 46 40 279413 0 0 0
-1710 -1011 88 40 932861 0 0 0
658 1353 84 57 193298 0 0 0
734 942 50 37 847964 0 0 0
653 676 75 64 934916 0 0 0
562 893 77 51 644107 0 0 0
350 1306 46 48 944786 0 0 0
547 1533 71 61 684590 0 0 0
944 1157 63 54 643560 0 0 0
859 1462 70 43 983945 0 0 0
540 1237 76 52 232035 0 0 0
845 905 52 43 816853 0 0 0
997 1279 82 37 447982 0 0 0
1416 941 87 42 530060 0 0 0
1275 715 44 39 747915 0 0 0
1515 714 75 39 606371 0 0 0
1839 924 65 53 531928 0 0 0
1998 746 80 41 282378 0 0 0
1629 536 45 72 997666 0 0 0
1792 280 73 72 890583 0 0 0
1859 10 56 37 120117 0 0 0
1848 -334 55 37 872655 0 0 0
1845 -768 55 38 488902 0 0 0
1578 -721 63 49 293426 0 0 0
1287 -1138 51 69 609823 0 0 0
1621 -1289 79 61 333337 0 0 0
1426 -1544 48 38 269893 0 0 0
1152 -1258 62 57 771133 0 0 0
949 -1457 59 74 193353 0 0 0
1336 -1490 44 51 188717 0 0 0
1504 -1865 73 39 949160 0 0 0
1912 -1494 80 55 740050 0 0 0
1905 -1161 66 66 619053 0 0 0
-996 -1734 82 60 671897 0 0 0
-626 -1861 74 71 428408 0 0 0
-634 -1496 86 64 862325 0 0 0
-872 -1101 45 51 313727 0 0 0
-1016 -1192 66 40 916194 0 0 0
-1064 -1460 85 57 708453 0 0 0
-1062 -1651 82 74 315391 0 0 0
-1286 -1792 56 58 491088 0 0 0
-1603 -2157 47 46 111836 0 0 0
-1438 -2404 86 48 169099 0 0 0
-1687 -2786 79 38 822999 0 0 0
-1636 -2843 86 66 789924 0 0 0
-1829 -2693 82 40 566568 0 0 0
-1795 -2993 75 46 612324 0 0 0
-1496 -3247 74 70 950257 0 0 0
-1914 -2943 57 59 129870 0 0 0
-2233 -3042 49 73 190930 0 0 0
-2316 -2876 58 63 667117 0 0 0
-2663 -2805 71 63 273578 0 0 0
-2752 -2430 70 46 991146 0 0 0
-2357 -2411 63 63 112021 0 0 0
-2604 -2220 77 56 964790 0 0 0
-2696 -2199 79 41 790099 0 0 0
-2660 -2626 57 69 510268 0 0 0
-2248 -3063 50 50 445116 0 0 0
-2263 -3140 85 56 852407 0 0 0
286 489 71 61 249216 0 0 0
408 671 58 49 306170 0 0 0
-7 1098 71 37 201091 0 0 0
-374 1405 48 62 617373 0 0 0
-662 1359 60 42 656148 0 0 0
-400 1135 76 46 444539 0 0 0
-95 1261 88 72 249950 0 0 0
23 1285 54 59 242149 0 0 0
-44 1193 74 39 698613 0 0 0
261 1587 77 63 400686 0 0 0
250 1339 88 40 505397 0 0 0
676 1697 87 39 735085 0 0 0
973 1278 44 61 239727 0 0 0
1275 1106 85 46 985302 0 0 0
1382 1132 65 75 325241 0 0 0
1362 895 60 70 631010 0 0 0
1054 645 79 46 265993 0 0 0
860 909 70 66 830177 0 0 0
618 636 56 56 759251 0 0 0
484 488 58 41 176927 0 0 0
607 407 86 46 456740 0 0 0
981 551 69 50 212653 0 0 0
717 901 49 48 659162 0 0 0
947 1302 74 39 726280 0 0 0
1148 1418 86 72 964894 0 0 0
1481 1586 64 56 562002 0 0 0
1418 1554 55 73 932495 0 0 0
1034 1973 60 45 433405 0 0 0
958 1935 44 63 415308 0 0 0
1332 2011 88 72 627249 0 0 0
1135 2227 67 49 770127 0 0 0
1561 1861 79 70 852713 0 0 0
1830 1688 87 58 295424 0 0 0
1652 1557 71 38 606192 0 0 0
1280 1314 88 58 108293 0 0 0
940 1098 51 65 381834 0 0 0
1344 656 57 54 766067 0 0 0
1717 572 88 65 758439 0 0 0
1408 542 72 49 906277 0 0 0
1420 755 80 37 538207 0 0 0
1381 439 61 69 705921 0 0 0
1254 329 66 71 248590 0 0 0
1106 589 70 62 127020 0 0 0
1207 1034 76 57 138236 0 0 0
992 1229 88 55 885232 0 0 0
1319 884 80 45 275106 0 0 0
1636 868 58 63 675483 0 0 0
1244 948 78 71 504007 0 0 0
985 608 88 48 588549 0 0 0
843 273 83 66 976170 0 0 0
1279 438 56 43 601258 0 0 0
1531 457 57 62 292900 0 0 0
1643 218 88 40 447027 0 0 0
1529 496 46 70 316563 0 0 0
1927 485 44 45 992817 0 0 0
1702 112 57 61 569943 0 0 0
1663 97 80 57 439632 0 0 0
1929 -342 67 71 937515 0 0 0
1678 -381 73 69 811385 0 0 0
1738 -9 51 68 338942 0 0 0
1709 262 61 64 835357 0 0 0
1516 252 78 72 518354 0 0 0
1960 113 47 47 149792 0 0 0
1642 306 85 51 636932 0 0 0
1880 401 45 61 691120 0 0 0
1932 713 50 46 259492 0 0 0
2314 406 68 68 636996 0 0 0
2077 249 62 68 828197 0 0 0
2165 608 50 41 695898 0 0 0
2369 483 88 42 232233 0 0 0
1993 915 67 71 972390 0 0 0
2421 787 57 69 883690 0 0 0
2250 483 47 53 449039 0 0 0
2510 843 68 42 362756 0 0 0
2899 742 76 55 982297 0 0 0
3332 777 50 40 829312 0 0 0
2924 662 82 75 963868 0 0 0
2582 522 55 70 240223 0 0 0
2644 196 74 41 580626 0 0 0
2881 536 49 68 403343 0 0 0
3172 314 58 40 528586 0 0 0
3586 162 72 75 601253 0 0 0
3916 399 44 75 233348 0 0 0
3910 733 46 41 488619 0 0 0
-1321 396 70 57 279112 0 0 0
-1084 841 76 57 469505 0 0 0
-717 577 51 55 161374 0 0 0
-1106 358 74 56 514537 0 0 0
-908 -16 86 44 657448 0 0 0
-763 -409 77 37 771713 0 0 0
-637 -312 50 58 594377 0 0 0
-350 -20 65 74 415048 0 0 0
-348 -414 74 38 421226 0 0 0
28 -176 70 48 761600 0 0 0
96 -237 44 40 254456 0 0 0
514 -266 65 53 560286 0 0 0
158 -710 51 38 109865 0 0 0
-192 -807 58 60 802063 0 0 0
189 -1170 83 75 482589 0 0 0
-73 -1095 60 47 944636 0 0 0
244 -1421 70 74 713817 0 0 0
287 -1559 59 57 300431 0 0 0
51 -1443 60 40 382378 0 0 0
314 -1555 82 50 926284 0 0 0
9 -1516 45 55 441240 0 0 0
281 -1784 85 64 779288 0 0 0
-51 -1679 71 46 780889 0 0 0
-34 -1780 74 45 538912 0 0 0
-142 -1527 49 56 520478 0 0 0
-168 -1518 76 50 844193 0 0 0
-406 -1202 47 43 189893 0 0 0
-302 -1595 72 38 694425 0 0 0
