2000
-1328 1428 49 55 974491 0 0 0
-1532 1170 93 49 838877 0 0 0
-1398 1128 85 79 385178 0 0 0
-1809 1072 83 70 918217 0 0 0
-1898 843 50 61 381691 0 0 0
-2297 455 50 64 375276 0 0 0
-2448 393 52 53 590422 0 0 0
-2422 281 79 50 145318 0 0 0
-2063 -87 90 54 770062 0 0 0
-1702 33 64 78 756688 0 0 0
-1872 91 68 74 307083 0 0 0
-2333 264 64 46 518693 0 0 0
-2004 603 89 80 996074 0 0 0
473 -809 54 71 204244 0 0 0
330 -607 93 62 258373 0 0 0
-158 -414 60 51 176016 0 0 0
-649 -729 66 57 395459 0 0 0
-1079 -792 47 81 987488 0 0 0
-802 -875 54 79 494663 0 0 0
-773 -1217 67 78 330462 0 0 0
-349 -1289 51 72 203972 0 0 0
-605 -1759 78 48 119867 0 0 0
-439 -1851 55 41 871935 0 0 0
-205 -1950 55 43 770040 0 0 0
70 -2283 64 72 768213 0 0 0
-261 -2642 72 49 815149 0 0 0
-611 -2207 81 57 951353 0 0 0
-869 -2566 62 54 293961 0 0 0
-1003 -2317 53 42 825868 0 0 0
-706 -2058 88 68 215398 0 0 0
-437 -2434 55 63 383255 0 0 0
-911 -2621 77 74 943242 0 0 0
-612 -2272 93 50 804456 0 0 0
-627 -2703 70 59 230345 0 0 0
-625 -2368 67 76 966899 0 0 0
-742 -1955 64 79 305274 0 0 0
-353 -2290 69 73 348457 0 0 0
-559 -2337 86 53 104440 0 0 0
-285 -2216 49 51 981495 0 0 0
-613 -2129 86 47 478963 0 0 0
-616 -1677 72 77 809268 0 0 0
-989 -1689 80 45 526192 0 0 0
-1383 -1649 48 67 112939 0 0 0
-1649 -1249 78 43 460721 0 0 0
-1362 -1583 58 72 188691 0 0 0
-945 -1670 61 82 163347 0 0 0
-1319 -1803 77 57 539197 0 0 0
-1686 -2255 92 74 392161 0 0 0
-1835 -2397 48 75 245873 0 0 0
-2073 -1977 93 77 763777 0 0 0
-1683 -1771 65 70 929802 0 0 0
-1394 -1453 83 44 917254 0 0 0
-1665 -1618 48 57 923893 0 0 0
-1526 -1516 80 66 135452 0 0 0
-1582 -1792 51 43 430368 0 0 0
-1770 -2206 55 45 801577 0 0 0
-2262 -2655 67 74 860087 0 0 0
-2161 -3042 71 46 159803 0 0 0
-1851 -3101 95 64 384144 0 0 0
-2077 -2717 78 60 438618 0 0 0
-2442 -3044 60 80 139447 0 0 0
-2183 -2941 66 69 198207 0 0 0
-1815 -3361 69 61 402917 0 0 0
-1443 -2903 68 54 649699 0 0 0
-1005 -2646 79 77 249008 0 0 0
-680 -2251 51 63 285051 0 0 0
-520 -2117 69 41 914232 0 0 0
-366 -1678 55 80 835618 0 0 0
-819 -1714 68 44 285821 0 0 0
-443 -2105 47 42 518714 0 0 0
-47 -1786 69 78 227304 0 0 0
148 -1947 91 71 575894 0 0 0
320 -2444 58 74 736314 0 0 0
-12 -2533 85 76 740758 0 0 0
-251 -2330 77 75 364819 0 0 0
46 -2138 94 48 586226 0 0 0
396 -2084 70 50 167602 0 0 0
41 -2455 57 65 416132 0 0 0
227 -2706 53 64 559578 0 0 0
62 -2749 51 68 248129 0 0 0
-292 -3233 90 48 712464 0 0 0
119 -3628 66 72 918083 0 0 0
578 -4081 76 59 364243 0 0 0
662 -3962 65 79 769686 0 0 0
179 -3929 64 82 740347 0 0 0
18 -4225 70 54 308260 0 0 0
-20 -4320 50 72 743342 0 0 0
-494 -3968 95 42 483569 0 0 0
-261 -4331 88 54 668142 0 0 0
-523 -4073 79 66 444489 0 0 0
-998 -4137 76 50 787478 0 0 0
-1234 -4356 84 65 183693 0 0 0
-1565 -3973 78 49 929947 0 0 0
-1830 -4454 67 61 597598 0 0 0
-1809 -4592 69 54 393450 0 0 0
-1873 -4461 68 69 111464 0 0 0
-1697 -4377 49 60 629657 0 0 0
-1703 -4869 72 63 896468 0 0 0
-1318 -4851 93 55 688667 0 0 0
-973 -4967 73 51 567768 0 0 0
-996 -5371 59 69 143790 0 0 0
-509 -5775 80 62 391135 0 0 0
-203 -5678 90 54 959671 0 0 0
-635 -5555 83 60 962988 0 0 0
-786 -5830 51 46 715237 0 0 0
1482 -1299 87 79 822068 0 0 0
1585 -939 71 72 587811 0 0 0
1086 -897 93 58 144211 0 0 0
1111 -410 52 46 375853 0 0 0
1151 -118 87 65 732832 0 0 0
1636 343 66 44 517133 0 0 0
1568 473 95 64 476440 0 0 0
1817 487 77 76 966192 0 0 0
1421 301 79 51 945984 0 0 0
1468 342 66 45 589965 0 0 0
1846 455 84 66 123208 0 0 0
1716 635 91 45 615302 0 0 0
1986 815 50 77 979804 0 0 0
1771 411 53 63 183505 0 0 0
1953 892 76 48 659788 0 0 0
1976 649 70 67 618100 0 0 0
1609 984 95 52 340855 0 0 0
1667 496 75 53 560726 0 0 0
1175 352 92 50 374678 0 0 0
1176 413 55 75 847419 0 0 0
1159 803 62 72 177330 0 0 0
961 695 57 42 319524 0 0 0
1210 1023 54 45 977256 0 0 0
1062 1229 84 71 109992 0 0 0
1261 1256 68 55 490966 0 0 0
1394 1019 48 52 914709 0 0 0
1424 695 82 47 718170 0 0 0
-1672 -1152 78 52 390500 0 0 0
-1483 -1564 75 42 299528 0 0 0
-1364 -1476 63 70 683656 0 0 0
-1405 -1487 74 44 213602 0 0 0
-1123 -1150 50 63 492010 0 0 0
-1538 -1246 69 77 239370 0 0 0
-1106 -1341 69 49 942449 0 0 0
-1383 -1005 63 78 577842 0 0 0
-888 -1121 71 66 192834 0 0 0
-1325 -1452 81 82 641421 0 0 0
-1140 -1796 81 54 765484 0 0 0
-952 -1308 82 75 912286 0 0 0
-808 -1078 52 51 308909 0 0 0
-892 -1338 77 41 748786 0 0 0
-940 -887 85 73 377177 0 0 0
-1258 -1023 95 41 361269 0 0 0
-958 -1469 80 72 674438 0 0 0
-833 -1900 61 75 675646 0 0 0
-777 -1836 74 74 579926 0 0 0
-1247 -2150 86 71 126542 0 0 0
-1160 -1795 69 67 518710 0 0 0
-688 -2082 85 63 349911 0 0 0
-782 -1933 91 75 773777 0 0 0
-1027 -2213 63 80 553945 0 0 0
-1045 -1958 77 43 423945 0 0 0
-1464 -1610 56 44 463076 0 0 0
-1035 -1438 59 56 183169 0 0 0
-1222 -1129 72 78 256201 0 0 0
-1559 -1244 56 52 445902 0 0 0
-1111 -1146 82 62 822574 0 0 0
-976 -855 61 53 540580 0 0 0
1710 1103 54 50 316333 0 0 0
1697 1578 64 79 621300 0 0 0
2068 1913 78 69 146629 0 0 0
1996 2126 65 49 484056 0 0 0
1641 1778 59 68 299474 0 0 0
1189 1437 58 58 585805 0 0 0
1514 1574 66 63 177591 0 0 0
1191 1371 88 48 586187 0 0 0
1641 1652 79 80 511649 0 0 0
1357 1428 65 68 144980 0 0 0
952 1430 57 60 288423 0 0 0
1055 1738 95 56 950327 0 0 0
1265 1590 83 64 231740 0 0 0
1422 1109 51 66 672402 0 0 0
1795 1335 85 79 428478 0 0 0
1927 1191 95 49 560906 0 0 0
1834 1081 83 74 649903 0 0 0
2310 1273 54 47 764065 0 0 0
2075 1706 85 52 830124 0 0 0
1699 1314 70 41 594363 0 0 0
1644 1310 49 60 215308 0 0 0
1376 961 75 42 968847 0 0 0
1362 683 78 75 124693 0 0 0
1051 1093 71 51 168311 0 0 0
964 1506 71 54 183071 0 0 0
1411 1412 57 82 538248 0 0 0
1309 974 75 62 787863 0 0 0
1332 1112 64 56 555331 0 0 0
1091 732 63 66 773956 0 0 0
1112 680 67 60 191585 0 0 0
912 1068 95 51 731492 0 0 0
915 802 52 45 750808 0 0 0
1388 396 61 72 290275 0 0 0
1474 -1026 72 77 723147 0 0 0
1485 -1371 49 53 464173 0 0 0
1366 -1457 56 62 317050 0 0 0
1255 -1812 90 47 930157 0 0 0
1310 -1453 79 43 908675 0 0 0
1774 -1233 53 73 485258 0 0 0
2204 -1458 49 75 467689 0 0 0
2488 -1118 72 75 920099 0 0 0
2672 -961 74 66 449855 0 0 0
2310 -1377 61 77 421202 0 0 0
2409 -1648 48 62 794045 0 0 0
2523 -1451 88 66 612321 0 0 0
2457 -1696 93 55 522695 0 0 0
2381 -1848 64 82 424631 0 0 0
2166 -1615 94 82 890460 0 0 0
2155 -1219 59 81 689342 0 0 0
2518 -1143 62 47 992072 0 0 0
2191 -885 80 50 595054 0 0 0
2046 -1299 65 45 338991 0 0 0
1989 -1358 80 42 816003 0 0 0
1829 -999 49 60 352524 0 0 0
2107 -667 80 47 115452 0 0 0
1653 -1109 92 78 423266 0 0 0
1786 -1061 79 58 655167 0 0 0
1451 -1101 68 46 915629 0 0 0
1688 -901 63 79 594906 0 0 0
1780 -463 88 57 714009 0 0 0
2116 -701 50 50 818725 0 0 0
1975 -692 59 81 321074 0 0 0
1928 -763 62 59 383776 0 0 0
1826 -1040 81 57 693863 0 0 0
1522 -828 53 49 726740 0 0 0
2003 -1199 82 65 901979 0 0 0
1708 -1198 64 62 651553 0 0 0
181 -934 49 56 986902 0 0 0
26 -978 50 78 601971 0 0 0
189 -1188 71 75 346658 0 0 0
109 -1304 47 79 263989 0 0 0
-100 -1169 83 59 849986 0 0 0
-102 -925 84 53 495390 0 0 0
-565 -1344 58 69 604502 0 0 0
-237 -1058 53 65 741781 0 0 0
-475 -1509 53 74 745173 0 0 0
-506 -1769 91 72 752181 0 0 0
-730 -1901 82 46 843787 0 0 0
-1026 -1740 57 80 609763 0 0 0
-1345 -1544 50 78 984164 0 0 0
-1243 -1404 59 73 181081 0 0 0
-887 -1512 72 46 997180 0 0 0
-577 -1180 56 47 448980 0 0 0
-468 -1310 89 43 329168 0 0 0
-314 -1597 62 50 199688 0 0 0
-478 -1825 53 47 591122 0 0 0
-934 -2132 88 47 660394 0 0 0
-1061 -2011 48 70 114320 0 0 0
-1314 -1871 82 49 618838 0 0 0
-1657 -1673 69 47 660237 0 0 0
-1221 -2013 86 43 658793 0 0 0
-1287 -2074 74 46 104080 0 0 0
-533 741 82 75 794408 0 0 0
-156 600 80 55 693091 0 0 0
-239 167 71 60 775837 0 0 0
-417 120 77 50 527594 0 0 0
-445 -300 56 75 147311 0 0 0
-76 -109 93 59 272814 0 0 0
225 -31 55 76 655992 0 0 0
104 207 92 45 986062 0 0 0
133 -19 58 70 546139 0 0 0
-258 -205 75 44 498949 0 0 0
-728 -180 47 78 693642 0 0 0
-701 -508 69 50 233042 0 0 0
-512 -984 70 64 219902 0 0 0
-815 -1140 51 43 577294 0 0 0
-435 -1285 49 66 427966 0 0 0
-709 -1349 73 62 827776 0 0 0
-668 -1339 78 51 399440 0 0 0
-710 -1495 64 66 473664 0 0 0
-949 -1481 63 51 641387 0 0 0
-1137 -1079 55 82 275045 0 0 0
-637 -992 64 41 443560 0 0 0
-980 -774 69 51 220247 0 0 0
-687 -442 78 80 417009 0 0 0
-412 -23 56 63 542772 0 0 0
-648 53 86 69 624414 0 0 0
-516 475 82 75 840509 0 0 0
-171 950 80 71 938076 0 0 0
-478 872 66 71 652449 0 0 0
-656 1342 83 60 853703 0 0 0
-189 1344 65 82 546059 0 0 0
37 1631 54 73 876390 0 0 0
354 1955 94 67 906993 0 0 0
176 1747 68 47 747595 0 0 0
-23 1614 93 69 976959 0 0 0
392 1368 50 62 700811 0 0 0
40 1490 53 64 667678 0 0 0
-407 1488 87 67 597456 0 0 0
-422 1795 56 80 578133 0 0 0
-138 1509 66 54 666512 0 0 0
-488 1334 75 62 664418 0 0 0
-87 1546 89 47 580675 0 0 0
250 1442 94 59 189909 0 0 0
709 1358 59 44 955870 0 0 0
768 1040 79 69 598079 0 0 0
686 1227 72 74 544888 0 0 0
466 927 48 77 366888 0 0 0
384 1129 93 55 188139 0 0 0
390 1251 95 61 257036 0 0 0
39 761 68 41 272512 0 0 0
123 413 76 43 740700 0 0 0
-245 752 66 69 348876 0 0 0
98 657 87 46 966927 0 0 0
-33 1034 76 78 365450 0 0 0
364 1453 82 59 427941 0 0 0
339 1046 88 79 170953 0 0 0
333 786 74 41 102461 0 0 0
648 316 47 58 211034 0 0 0
173 100 92 73 223561 0 0 0
527 16 60 55 726867 0 0 0
107 138 88 57 475465 0 0 0
64 174 78 46 742586 0 0 0
210 205 68 50 388801 0 0 0
332 405 95 59 443022 0 0 0
449 129 84 58 492622 0 0 0
154 -367 49 74 204516 0 0 0
-165 -348 59 59 867829 0 0 0
-282 -14 60 48 861145 0 0 0
114 339 62 61 759118 0 0 0
-195 -172 89 78 283632 0 0 0
-668 193 69 64 632240 0 0 0
-507 -225 77 72 638755 0 0 0
-163 -103 76 71 574037 0 0 0
-492 82 62 41 816800 0 0 0
-416 305 91 76 927649 0 0 0
-294 -69 87 57 821349 0 0 0
-138 105 71 53 782869 0 0 0
104 -161 86 76 415836 0 0 0
26 -23 94 59 271366 0 0 0
501 222 59 76 698500 0 0 0
611 522 95 53 864622 0 0 0
192 124 86 78 899254 0 0 0
165 501 77 43 681568 0 0 0
173 97 70 81 422410 0 0 0
475 119 53 78 729293 0 0 0
57 -299 80 74 359090 0 0 0
-227 -485 49 76 774969 0 0 0
-608 -51 81 42 287166 0 0 0
-538 173 48 66 801734 0 0 0
-525 -272 49 61 986896 0 0 0
-97 16 86 51 514211 0 0 0
21 -405 69 54 872245 0 0 0
170 -305 83 54 440786 0 0 0
-116 -2 63 47 607545 0 0 0
-91 -425 48 81 439166 0 0 0
-146 -310 59 46 361124 0 0 0
-291 -357 74 80 825157 0 0 0
-553 -219 84 42 426958 0 0 0
-347 -146 66 59 896918 0 0 0
1291 -1204 95 46 878250 0 0 0
1534 -908 53 52 734849 0 0 0
1187 -1000 87 56 896250 0 0 0
937 -1487 54 47 663044 0 0 0
1250 -1701 48 73 778202 0 0 0
1119 -2130 59 51 898192 0 0 0
1484 -1938 70 53 404796 0 0 0
1759 -1678 91 53 819720 0 0 0
1913 -2109 72 43 972097 0 0 0
1797 -2173 62 49 663386 0 0 0
2192 -1842 72 54 214001 0 0 0
2414 -1880 90 78 375954 0 0 0
2385 -2028 53 62 518572 0 0 0
2552 -2442 71 74 111341 0 0 0
2892 -2432 78 50 291686 0 0 0
2991 -2552 90 55 643183 0 0 0
3144 -2515 59 43 832701 0 0 0
2843 -2096 71 63 793980 0 0 0
2797 -1859 94 41 659108 0 0 0
3230 -1383 94 42 824723 0 0 0
3078 -1222 47 74 886109 0 0 0
3563 -836 50 53 944712 0 0 0
3244 -419 65 55 301447 0 0 0
-414 1882 89 74 709297 0 0 0
-325 1646 69 74 968803 0 0 0
-455 1372 66 50 758587 0 0 0
-278 1847 70 55 885350 0 0 0
-701 1509 49 70 762648 0 0 0
-977 1114 60 45 873648 0 0 0
-1061 1462 82 42 269785 0 0 0
-1388 1716 91 50 535124 0 0 0
-1438 2139 64 48 343642 0 0 0
-1647 1646 84 44 965075 0 0 0
-1641 1332 81 43 323988 0 0 0
-2035 872 51 54 517623 0 0 0
-2288 1146 51 51 255699 0 0 0
-2613 901 66 67 489887 0 0 0
-2314 929 84 56 331942 0 0 0
-1923 1309 88 53 815205 0 0 0
-2190 818 57 77 952518 0 0 0
-1564 1201 74 57 674807 0 0 0
-1962 744 85 73 874411 0 0 0
-1989 532 69 79 176743 0 0 0
-2164 467 87 44 285343 0 0 0
-2634 769 91 77 936202 0 0 0
-2790 760 53 54 479058 0 0 0
-2900 320 74 61 942541 0 0 0
-3263 124 71 79 963926 0 0 0
-2829 266 90 61 312726 0 0 0
-2779 556 87 44 406694 0 0 0
-3167 408 90 58 776895 0 0 0
-3194 244 58 56 611312 0 0 0
-2871 604 93 48 392288 0 0 0
-2827 410 51 63 989797 0 0 0
-2662 558 84 73 240359 0 0 0
-3117 520 63 57 963031 0 0 0
-3164 191 79 73 345189 0 0 0
-3301 354 71 70 356104 0 0 0
-2975 44 91 44 293035 0 0 0
-3065 503 68 42 829637 0 0 0
-2813 548 49 67 706282 0 0 0
-2843 662 91 70 309463 0 0 0
-2678 1023 94 66 836834 0 0 0
-2239 895 74 72 335853 0 0 0
-2657 1263 91 72 932446 0 0 0
-2558 1287 79 68 295187 0 0 0
-3047 1001 78 64 222743 0 0 0
-2833 1447 92 78 953944 0 0 0
-2348 1147 75 44 223100 0 0 0
-2250 1193 63 56 618430 0 0 0
-2731 1349 59 46 577010 0 0 0
-2300 1073 74 53 693999 0 0 0
-2270 822 94 62 986883 0 0 0
-2074 933 69 48 625767 0 0 0
-1793 441 60 48 700345 0 0 0
-1586 47 47 82 130441 0 0 0
-1499 -267 78 50 737777 0 0 0
-1011 -90 88 78 372912 0 0 0
-1340 -132 91 82 215209 0 0 0
-986 -548 72 49 675312 0 0 0
-1139 -353 51 48 421709 0 0 0
-802 -129 80 78 660036 0 0 0
-500 147 94 61 434658 0 0 0
-410 72 92 65 842022 0 0 0
-844 360 93 78 404887 0 0 0
-807 480 65 57 831503 0 0 0
-540 11 91 73 561805 0 0 0
-331 -210 83 72 752681 0 0 0
-807 -35 94 81 716433 0 0 0
-569 -200 75 75 663771 0 0 0
-365 299 93 51 364689 0 0 0
-113 707 80 82 793700 0 0 0
-155 460 75 57 149163 0 0 0
-525 731 67 48 494955 0 0 0
-736 813 50 68 543118 0 0 0
-938 353 77 68 156158 0 0 0
-1425 -65 78 46 476450 0 0 0
-1857 77 80 46 993148 0 0 0
-1712 -112 60 81 944939 0 0 0
-1533 115 62 53 786451 0 0 0
-1330 -182 59 78 444603 0 0 0
-1304 118 93 49 329013 0 0 0
-1523 -325 50 56 264966 0 0 0
-1403 -676 50 58 197516 0 0 0
-1064 -527 59 48 622023 0 0 0
-1412 1049 81 43 555459 0 0 0
-915 1377 80 70 947785 0 0 0
-952 1547 57 66 175498 0 0 0
-605 1508 93 69 219253 0 0 0
-1094 1732 59 52 675792 0 0 0
-1421 2135 80 44 540224 0 0 0
-1233 2263 75 63 190144 0 0 0
-1670 2486 56 47 918452 0 0 0
-1520 2442 67 55 866726 0 0 0
-1152 2346 81 59 452982 0 0 0
-761 2040 76 58 615527 0 0 0
-831 1725 91 75 790196 0 0 0
-570 1935 48 53 333882 0 0 0
-563 2135 78 70 698176 0 0 0
-554 2147 62 73 726030 0 0 0
-970 2609 49 81 680286 0 0 0
-1305 2407 79 82 715233 0 0 0
-979 2397 85 65 353395 0 0 0
-1017 2633 53 69 908763 0 0 0
-1396 3080 86 52 737757 0 0 0
-1517 2709 57 61 905753 0 0 0
-1513 2841 93 82 465557 0 0 0
-1205 2437 50 79 232310 0 0 0
-794 1941 61 57 710494 0 0 0
-981 2396 58 55 893730 0 0 0
-567 2827 53 74 560469 0 0 0
-964 2650 74 47 436401 0 0 0
1765 1800 68 55 482336 0 0 0
2055 1878 80 44 203628 0 0 0
2313 1916 86 54 434614 0 0 0
2227 1520 60 62 158298 0 0 0
2187 1675 50 50 893471 0 0 0
2105 2018 67 60 279129 0 0 0
2092 2041 59 73 553421 0 0 0
2092 2180 86 63 349240 0 0 0
2256 1704 59 61 391437 0 0 0
2628 1691 55 56 869763 0 0 0
3118 1887 65 65 102153 0 0 0
2733 2047 81 70 585008 0 0 0
2441 2096 73 75 139565 0 0 0
2896 2011 84 77 812857 0 0 0
3262 1731 83 74 323294 0 0 0
3062 1468 54 73 999117 0 0 0
3001 1072 79 76 991569 0 0 0
2972 1271 88 65 550504 0 0 0
2622 865 81 75 657504 0 0 0
2308 840 49 45 789731 0 0 0
1855 972 89 70 605234 0 0 0
2178 1189 60 80 982969 0 0 0
2173 933 90 49 104443 0 0 0
2005 916 88 53 809223 0 0 0
2351 1165 50 61 150750 0 0 0
2008 1085 72 44 404393 0 0 0
2033 669 47 69 194850 0 0 0
2095 326 52 81 199825 0 0 0
1724 380 67 81 853231 0 0 0
2119 667 54 56 173649 0 0 0
1659 335 91 56 488514 0 0 0
1384 500 51 48 675052 0 0 0
1719 715 86 41 635879 0 0 0
2097 848 91 47 675932 0 0 0
1607 1259 79 76 905628 0 0 0
1976 1742 66 73 197283 0 0 0
2401 1335 67 82 171211 0 0 0
2042 1056 68 49 456953 0 0 0
2115 1242 83 50 969492 0 0 0
2240 1289 73 67 854466 0 0 0
1821 1447 78 50 932813 0 0 0
2210 1138 54 45 983183 0 0 0
2030 1570 86 51 189171 0 0 0
2493 1451 84 54 677203 0 0 0
1051 -1111 58 66 355542 0 0 0
1494 -1033 82 57 549590 0 0 0
1250 -671 47 68 511234 0 0 0
1103 -628 68 70 463110 0 0 0
1010 -1036 62 69 309971 0 0 0
966 -1217 84 81 341119 0 0 0
971 -1217 70 74 537616 0 0 0
650 -1361 48 81 664347 0 0 0
476 -1368 91 81 891630 0 0 0
258 -1416 80 72 883634 0 0 0
270 -1175 91 43 121314 0 0 0
302 -843 84 82 224000 0 0 0
567 -1010 64 77 728147 0 0 0
1006 -1152 91 74 660892 0 0 0
1196 -1306 47 42 329321 0 0 0
1064 -1747 65 65 587023 0 0 0
1247 -1248 65 73 676420 0 0 0
1619 -1414 85 52 166472 0 0 0
1530 -1440 49 42 405201 0 0 0
1526 -1858 87 69 382443 0 0 0
1318 -1873 53 63 663263 0 0 0
1163 -1610 55 43 442916 0 0 0
831 -1881 92 66 761301 0 0 0
351 -2351 56 73 744812 0 0 0
117 -2352 62 53 704027 0 0 0
14 -2749 73 72 156766 0 0 0
336 -2501 70 56 331887 0 0 0
545 -2138 85 51 319317 0 0 0
67 -1987 48 58 648463 0 0 0
202 -1826 88 73 448234 0 0 0
-56 -2089 55 46 384200 0 0 0
-64 -1772 63 80 567004 0 0 0
-516 -1388 72 80 913993 0 0 0
-611 -1062 55 65 474518 0 0 0
-463 -1013 73 51 704079 0 0 0
-860 -871 57 62 796996 0 0 0
-1268 -1171 93 81 834004 0 0 0
-1004 -953 84 46 213178 0 0 0
-1123 -1171 68 73 864943 0 0 0
-1307 -978 66 46 818841 0 0 0
-1658 -1222 74 42 946034 0 0 0
-1180 -1606 49 41 848787 0 0 0
-757 -1941 65 76 746320 0 0 0
-744 -2430 84 71 670566 0 0 0
-493 -2520 71 68 695371 0 0 0
-124 -2877 47 64 617958 0 0 0
-554 -2501 74 72 334034 0 0 0
-647 -2906 63 44 223667 0 0 0
-255 -3092 70 78 944459 0 0 0
718 -97 84 81 772602 0 0 0
322 -519 69 51 131233 0 0 0
738 -235 85 70 887668 0 0 0
1135 -253 92 49 165842 0 0 0
1445 -676 50 69 876618 0 0 0
1495 -338 66 46 388636 0 0 0
1866 -786 92 67 372249 0 0 0
2196 -347 70 59 867958 0 0 0
2102 -693 74 66 187011 0 0 0
2287 -406 62 67 335747 0 0 0
2686 -543 62 41 512146 0 0 0
2858 -589 64 47 566605 0 0 0
3039 -491 80 71 336658 0 0 0
2696 -680 84 48 538080 0 0 0
3194 -626 76 57 711611 0 0 0
3201 -889 93 54 491586 0 0 0
3077 -466 80 79 180952 0 0 0
2641 -392 49 47 254226 0 0 0
3133 -593 74 65 234688 0 0 0
3117 -762 94 74 848437 0 0 0
3125 -686 89 79 265721 0 0 0
2719 -456 60 48 230209 0 0 0
2407 -4 94 76 434351 0 0 0
1926 424 81 77 843691 0 0 0
1750 748 58 50 932535 0 0 0
1963 494 79 69 398027 0 0 0
2328 436 82 57 282309 0 0 0
2680 363 54 60 187957 0 0 0
2377 828 55 71 888830 0 0 0
2437 340 81 74 933185 0 0 0
2302 -116 81 68 792169 0 0 0
2314 348 67 51 525065 0 0 0
2595 697 62 69 311883 0 0 0
2495 655 70 62 344631 0 0 0
2148 545 75 78 574475 0 0 0
2212 97 71 68 969652 0 0 0
1890 -342 94 77 171544 0 0 0
1819 -528 90 58 849513 0 0 0
1562 -152 55 78 637880 0 0 0
1974 -380 56 73 731993 0 0 0
2345 -836 77 57 185199 0 0 0
2421 -949 66 62 756204 0 0 0
2795 -778 73 56 171364 0 0 0
3003 -1037 70 69 446391 0 0 0
3137 -1102 88 47 104713 0 0 0
165 1980 90 65 276170 0 0 0
486 1880 67 43 261545 0 0 0
571 2181 91 81 294609 0 0 0
880 2668 69 66 926738 0 0 0
855 2559 94 62 771789 0 0 0
647 2723 63 60 416115 0 0 0
1066 2938 65 75 128640 0 0 0
695 2887 84 51 587384 0 0 0
922 3366 91 44 326296 0 0 0
544 3326 61 49 661043 0 0 0
523 3235 68 43 316454 0 0 0
150 2822 58 75 389838 0 0 0
512 2606 55 59 483434 0 0 0
346 2699 61 44 223214 0 0 0
92 2711 72 50 970996 0 0 0
-332 2742 90 55 132956 0 0 0
-217 2416 63 79 309141 0 0 0
-400 2043 48 42 574592 0 0 0
-552 2321 50 56 644563 0 0 0
-324 2325 72 76 816917 0 0 0
-62 2592 81 71 394147 0 0 0
188 2983 74 50 832857 0 0 0
667 3089 75 60 936026 0 0 0
439 3168 95 43 559626 0 0 0
231 3300 90 57 913575 0 0 0
503 3389 68 68 737910 0 0 0
-917 1580 73 47 763003 0 0 0
-822 2073 91 65 829694 0 0 0
-624 1810 50 66 340454 0 0 0
-802 2001 60 64 214056 0 0 0
-505 2172 56 69 204886 0 0 0
-221 2293 61 54 828339 0 0 0
193 2634 94 53 721836 0 0 0
71 2952 49 46 756929 0 0 0
512 3306 59 73 938354 0 0 0
725 2929 61 67 232710 0 0 0
675 2441 92 50 860368 0 0 0
805 2723 49 66 974262 0 0 0
887 2494 50 75 661872 0 0 0
480 2833 62 64 528340 0 0 0
132 3233 83 51 208614 0 0 0
568 2988 62 67 380378 0 0 0
503 3176 79 55 556235 0 0 0
123 2913 52 56 291913 0 0 0
514 2924 89 57 135607 0 0 0
104 3283 91 67 627983 0 0 0
67 2876 65 41 239014 0 0 0
167 3200 47 47 311772 0 0 0
-108 3163 72 41 789993 0 0 0
-43 2981 94 59 373109 0 0 0
-316 2592 79 69 685146 0 0 0
-58 2774 52 81 470672 0 0 0
330 2787 83 82 638314 0 0 0
714 2940 74 63 229685 0 0 0
357 2603 77 50 616720 0 0 0
700 2366 95 46 305943 0 0 0
1026 2545 93 46 152656 0 0 0
1457 2762 47 62 720001 0 0 0
1808 3118 71 68 304307 0 0 0
1902 2773 84 72 424886 0 0 0
1877 2692 57 63 758698 0 0 0
1887 2418 93 70 281423 0 0 0
2134 2831 66 53 891850 0 0 0
2579 2507 63 44 477065 0 0 0
2501 2375 50 45 973891 0 0 0
2410 2678 94 63 113638 0 0 0
-461 -459 81 75 160504 0 0 0
-719 28 71 46 410047 0 0 0
-956 -4 68 63 375255 0 0 0
-1065 200 62 67 919604 0 0 0
-1112 -150 63 52 223905 0 0 0
-1364 74 75 65 935467 0 0 0
-1163 -155 53 57 178527 0 0 0
-736 -407 71 54 538708 0 0 0
-765 29 57 60 526045 0 0 0
-826 -116 66 49 520348 0 0 0
-626 -517 69 67 299746 0 0 0
-367 -95 61 50 456539 0 0 0
-448 -454 48 79 863569 0 0 0
-331 -669 53 66 392466 0 0 0
-199 -610 69 81 559076 0 0 0
-6 -498 77 56 693291 0 0 0
114 -228 85 56 171864 0 0 0
270 -292 55 74 539818 0 0 0
564 -40 78 49 621925 0 0 0
376 -412 67 52 680164 0 0 0
21 -439 50 65 841268 0 0 0
346 -357 65 53 435873 0 0 0
89 -773 59 63 865547 0 0 0
555 -700 50 58 516570 0 0 0
57 -410 95 82 356840 0 0 0
-205 -490 77 55 960268 0 0 0
-230 -529 93 52 328863 0 0 0
-524 -220 61 69 403185 0 0 0
-388 -572 84 68 761265 0 0 0
-733 -260 85 60 326106 0 0 0
-1219 -521 79 64 130575 0 0 0
-1402 -134 57 49 813908 0 0 0
-1500 341 60 55 342579 0 0 0
-1937 644 47 46 849314 0 0 0
-1782 1079 75 43 307117 0 0 0
-1668 1565 76 47 699645 0 0 0
-1571 1877 90 68 223912 0 0 0
-1271 1794 67 44 747637 0 0 0
-1620 1533 87 78 544096 0 0 0
-1991 1622 68 42 399035 0 0 0
-1594 1253 62 65 263720 0 0 0
-1901 1412 60 46 742761 0 0 0
-1904 1883 64 75 472080 0 0 0
-2014 1395 73 57 460113 0 0 0
-2090 1837 60 54 370355 0 0 0
-2543 1396 51 79 161145 0 0 0
-2760 999 66 53 452641 0 0 0
-3137 529 91 70 131922 0 0 0
-3053 575 81 67 985499 0 0 0
351 -1183 73 74 359159 0 0 0
377 -1150 82 61 168745 0 0 0
338 -998 58 48 822989 0 0 0
650 -759 78 67 504661 0 0 0
531 -1011 57 71 733945 0 0 0
490 -1137 91 41 702704 0 0 0
166 -1155 63 76 970712 0 0 0
492 -1173 88 44 729582 0 0 0
28 -1474 71 65 337556 0 0 0
243 -1946 78 71 431391 0 0 0
229 -1923 50 65 334687 0 0 0
387 -1763 91 59 378052 0 0 0
464 -1956 55 58 882743 0 0 0
177 -2056 79 60 692638 0 0 0
83 -1907 70 54 891857 0 0 0
491 -1680 72 42 268479 0 0 0
436 -1954 86 69 741041 0 0 0
921 -2178 70 54 431127 0 0 0
792 -1687 47 75 228192 0 0 0
1023 -2181 68 81 920902 0 0 0
1003 -1812 81 49 851551 0 0 0
971 -1659 78 72 230324 0 0 0
1453 -1847 64 82 557285 0 0 0
986 -2054 65 47 498939 0 0 0
1322 -1786 77 77 573764 0 0 0
1188 -2079 87 52 388026 0 0 0
1481 -1717 95 63 352313 0 0 0
1822 -1311 61 58 311141 0 0 0
2171 -1442 81 49 757261 0 0 0
2165 -1236 71 41 573919 0 0 0
2615 -1030 48 70 923536 0 0 0
2490 -547 85 56 778274 0 0 0
2233 -925 47 66 693246 0 0 0
2205 -897 54 75 160199 0 0 0
2142 -897 65 76 505113 0 0 0
2019 -1254 62 51 496559 0 0 0
1770 -1230 78 80 885425 0 0 0
1379 -951 47 41 941068 0 0 0
1126 -1437 66 53 115167 0 0 0
1308 -1676 95 75 829348 0 0 0
1421 -1667 61 45 921425 0 0 0
-1423 1710 85 69 382394 0 0 0
-1084 1961 60 66 873212 0 0 0
-866 2218 86 55 583713 0 0 0
-1040 1835 77 51 323020 0 0 0
-882 1522 59 51 725422 0 0 0
-705 1910 86 46 584834 0 0 0
-583 1666 57 69 746727 0 0 0
-412 1757 66 62 341521 0 0 0
-1494 1321 86 63 735520 0 0 0
-1919 1470 50 54 419404 0 0 0
-1590 1838 56 64 893963 0 0 0
-1499 1936 79 52 538007 0 0 0
-1378 2015 89 46 159622 0 0 0
-1421 1648 89 63 364710 0 0 0
-1730 2095 82 44 180021 0 0 0
-1308 2407 48 67 811028 0 0 0
-1103 2882 77 51 358317 0 0 0
-1269 2639 93 64 621178 0 0 0
-858 2649 90 59 471857 0 0 0
-431 3003 66 56 389520 0 0 0
-930 3012 50 62 726554 0 0 0
-1135 2539 87 62 850751 0 0 0
-878 2566 88 53 680370 0 0 0
-918 2593 95 70 672086 0 0 0
-457 2183 70 74 994644 0 0 0
-569 2319 48 55 969616 0 0 0
-905 2482 74 61 854147 0 0 0
-1050 2297 51 62 772643 0 0 0
-789 2665 80 72 586636 0 0 0
-693 2521 84 42 944277 0 0 0
-595 2109 47 66 398106 0 0 0
-1087 2152 95 66 789677 0 0 0
-1136 2188 50 62 828435 0 0 0
-1517 2679 74 64 382723 0 0 0
-1919 2957 86 64 905509 0 0 0
-2087 2634 63 73 403003 0 0 0
-1838 2858 76 43 654774 0 0 0
-2062 3263 65 46 164671 0 0 0
-2479 3703 47 79 500815 0 0 0
-2401 3714 92 74 425832 0 0 0
-2471 3295 95 48 448000 0 0 0
-2801 3515 51 53 160101 0 0 0
-2659 3080 61 62 715073 0 0 0
-2382 2950 74 44 232175 0 0 0
-2593 2617 63 59 624350 0 0 0
-2105 2122 70 61 440761 0 0 0
-1661 2279 82 47 329759 0 0 0
-1463 2203 91 50 489959 0 0 0
-1486 2541 60 80 832713 0 0 0
-1862 2111 55 82 417442 0 0 0
-2035 2296 68 42 285104 0 0 0
-2262 1834 56 64 677949 0 0 0
-2758 2259 79 73 130527 0 0 0
-2453 2085 75 72 269475 0 0 0
-2350 2077 47 65 218269 0 0 0
-2248 2494 60 63 479865 0 0 0
-2489 2147 60 53 525656 0 0 0
-2745 2153 79 63 687168 0 0 0
-2935 2419 75 63 325165 0 0 0
-3359 2883 74 52 939849 0 0 0
-3009 2651 56 60 462916 0 0 0
-2550 2217 92 74 134394 0 0 0
-2125 2288 58 54 928246 0 0 0
-2597 1912 71 79 568783 0 0 0
-2701 1725 86 56 804073 0 0 0
-2436 1749 78 66 698777 0 0 0
-2903 2022 76 57 878652 0 0 0
-2760 2090 63 63 673989 0 0 0
-2720 1931 49 78 342999 0 0 0
-1462 1578 78 61 988512 0 0 0
-1880 1095 56 59 369244 0 0 0
-1530 688 69 75 432884 0 0 0
-1281 313 75 48 225329 0 0 0
-1514 -52 59 60 121182 0 0 0
-1228 -105 95 60 419390 0 0 0
-1565 -164 65 44 759033 0 0 0
-1979 25 65 79 400918 0 0 0
-2009 -167 52 69 339512 0 0 0
-1893 292 70 65 906650 0 0 0
-1505 -141 58 70 703190 0 0 0
-1607 154 47 52 432033 0 0 0
-1961 -193 79 62 979231 0 0 0
-2206 -609 64 67 730373 0 0 0
-1821 -213 65 46 251728 0 0 0
-2039 -380 85 62 319749 0 0 0
-1698 -756 85 42 844725 0 0 0
-1362 -500 66 73 140763 0 0 0
-1696 -550 79 69 262070 0 0 0
-2149 -729 71 59 268754 0 0 0
-2088 -582 85 63 304336 0 0 0
-2498 -955 71 67 532764 0 0 0
-2138 -474 52 43 770261 0 0 0
-1738 -827 95 64 569832 0 0 0
-1535 -545 86 67 691800 0 0 0
-1622 -64 76 52 605686 0 0 0
-1569 -536 49 74 284287 0 0 0
-1396 -963 82 72 616014 0 0 0
-1131 -1267 92 58 149054 0 0 0
-647 -1736 72 63 186854 0 0 0
-778 -2027 85 62 881018 0 0 0
-803 -1921 68 79 655421 0 0 0
-819 -2129 53 46 543441 0 0 0
-440 -2441 57 68 509183 0 0 0
-798 -2708 89 70 416897 0 0 0
-632 -2777 80 56 663119 0 0 0
-589 -2795 86 41 812067 0 0 0
-683 -2979 51 58 174390 0 0 0
-1123 -2926 84 62 923790 0 0 0
-1442 -2865 76 55 340006 0 0 0
-1645 -3161 61 69 190672 0 0 0
-1861 -2980 75 51 353092 0 0 0
-1802 -3330 86 51 439102 0 0 0
-1663 -3800 82 55 819508 0 0 0
-1339 -4020 62 57 230611 0 0 0
-1638 -4279 82 55 396935 0 0 0
-1728 -4409 94 54 564527 0 0 0
-1329 -4504 83 42 247244 0 0 0
-1231 -4766 85 59 497377 0 0 0
-1288 -4515 57 60 978268 0 0 0
-1144 -4768 47 58 766594 0 0 0
-1429 -4397 48 70 460690 0 0 0
-141 1834 76 67 193505 0 0 0
155 1881 78 42 570293 0 0 0
123 1964 64 45 644987 0 0 0
509 2464 64 78 540252 0 0 0
992 2110 54 78 998580 0 0 0
1228 1663 48 74 292504 0 0 0
1473 2103 89 52 836172 0 0 0
1499 1619 64 59 253366 0 0 0
1344 1591 87 58 391356 0 0 0
1424 1822 68 57 370293 0 0 0
1074 2243 77 52 899731 0 0 0
1445 2324 90 61 668371 0 0 0
1158 1974 74 51 589127 0 0 0
950 1498 59 60 792258 0 0 0
1384 1362 52 76 377243 0 0 0
1857 1188 91 62 395274 0 0 0
1554 1594 80 82 455923 0 0 0
1386 1405 56 63 537006 0 0 0
1248 1898 61 57 642125 0 0 0
1073 2007 93 47 560175 0 0 0
580 1776 67 66 438316 0 0 0
106 2123 90 61 202369 0 0 0
173 2495 82 59 721023 0 0 0
509 2132 68 54 739811 0 0 0
531 2593 93 45 743988 0 0 0
890 3067 58 82 488561 0 0 0
-1240 -104 64 57 732215 0 0 0
-1333 -181 55 58 478477 0 0 0
-1463 278 86 41 468963 0 0 0
-1556 -113 76 62 821625 0 0 0
-1484 170 74 72 311406 0 0 0
-1966 -324 93 65 636404 0 0 0
-1976 -211 85 82 139890 0 0 0
-1799 -448 82 56 569047 0 0 0
-1572 -515 65 53 515040 0 0 0
-1324 -462 54 67 256933 0 0 0
-1181 -247 74 57 737234 0 0 0
-939 -357 48 43 701728 0 0 0
-664 -44 71 48 554073 0 0 0
-1038 -378 67 73 736510 0 0 0
-1160 -659 65 58 423687 0 0 0
-768 -441 69 65 192581 0 0 0
-642 41 69 79 509302 0 0 0
-389 281 78 63 687919 0 0 0
-711 99 73 73 595071 0 0 0
-656 561 92 57 480744 0 0 0
-982 510 60 68 409717 0 0 0
-933 183 63 42 859348 0 0 0
-567 672 85 73 421112 0 0 0
-343 373 51 50 281831 0 0 0
-760 397 91 61 224375 0 0 0
-804 541 84 69 448858 0 0 0
-540 691 78 62 458314 0 0 0
-126 512 72 61 202896 0 0 0
-568 576 72 76 180111 0 0 0
-866 363 52 49 927659 0 0 0
-1046 -9 66 80 785640 0 0 0
-1233 9 77 63 501607 0 0 0
-241 1378 53 69 400332 0 0 0
-564 1492 94 52 604588 0 0 0
-535 1238 82 81 811738 0 0 0
-358 1326 90 45 354649 0 0 0
-428 1660 77 67 506536 0 0 0
-16 1420 93 73 784618 0 0 0
103 1887 59 53 147604 0 0 0
67 1730 59 80 826900 0 0 0
543 1257 81 59 866809 0 0 0
103 1078 88 63 749370 0 0 0
275 610 55 51 331520 0 0 0
422 982 61 55 200555 0 0 0
822 747 73 42 299738 0 0 0
1013 984 86 42 545937 0 0 0
1393 1453 73 62 552032 0 0 0
1221 1280 83 48 992320 0 0 0
-653 -638 85 46 450724 0 0 0
-780 -355 88 56 891402 0 0 0
-1212 -340 83 76 262256 0 0 0
-886 -159 59 65 680657 0 0 0
-539 139 83 50 699770 0 0 0
-807 -53 61 64 794506 0 0 0
-1301 351 47 69 835402 0 0 0
-1372 814 77 41 106028 0 0 0
-1075 472 85 42 561196 0 0 0
-1030 554 68 52 439253 0 0 0
-1156 726 69 60 427852 0 0 0
-787 801 55 50 316976 0 0 0
-570 369 54 52 266259 0 0 0
-646 724 95 70 243147 0 0 0
-1027 907 78 44 417565 0 0 0
-720 1383 66 51 844216 0 0 0
-757 1422 90 52 179334 0 0 0
-918 1687 94 41 739391 0 0 0
-437 1566 50 44 573849 0 0 0
-466 1723 55 51 993078 0 0 0
-20 2112 51 60 428898 0 0 0
-429 2225 58 71 630763 0 0 0
-427 1989 58 44 360345 0 0 0
-23 1742 94 47 292041 0 0 0
-446 1604 94 71 425668 0 0 0
-604 2021 70 65 963923 0 0 0
-520 1647 73 78 296489 0 0 0
-719 1696 69 44 456274 0 0 0
-283 1580 48 44 910029 0 0 0
-96 1507 63 47 553099 0 0 0
-230 1043 54 43 173804 0 0 0
-351 1402 75 79 601257 0 0 0
-116 1362 79 63 617141 0 0 0
-315 951 51 57 910540 0 0 0
95 550 75 53 895373 0 0 0
-106 686 83 59 703041 0 0 0
-351 898 73 53 888653 0 0 0
-435 1319 56 76 716742 0 0 0
-155 1515 86 74 534267 0 0 0
-546 1533 59 82 418995 0 0 0
-768 1591 75 65 446385 0 0 0
-1009 1246 56 78 609228 0 0 0
-921 1437 57 52 387115 0 0 0
-594 1039 88 64 762582 0 0 0
-1091 1361 76 52 943985 0 0 0
-1014 1556 92 68 176986 0 0 0
-1117 1286 60 44 232630 0 0 0
-1583 1755 47 66 561807 0 0 0
-1102 1860 53 80 533716 0 0 0
-878 2081 65 52 250133 0 0 0
-1366 1829 65 81 877313 0 0 0
-1734 1648 74 44 322354 0 0 0
-1799 1923 59 60 355054 0 0 0
-2266 1484 88 76 852785 0 0 0
-2417 1249 48 44 726619 0 0 0
-2862 1611 90 63 298813 0 0 0
-2398 1868 67 82 773845 0 0 0
-2016 1438 69 61 931485 0 0 0
-2252 1642 63 51 372258 0 0 0
-2142 1214 68 56 685595 0 0 0
-2112 1082 85 54 984239 0 0 0
-2434 1518 82 75 991053 0 0 0
-2846 1730 70 77 490103 0 0 0
1800 932 83 42 902961 0 0 0
2048 820 51 55 707682 0 0 0
1646 507 50 51 705261 0 0 0
1608 727 53 63 699744 0 0 0
2014 529 90 60 634501 0 0 0
1595 703 87 74 156538 0 0 0
1167 341 95 57 891015 0 0 0
1112 517 88 41 595104 0 0 0
770 412 83 60 951065 0 0 0
1059 239 86 60 400112 0 0 0
1215 606 89 66 981092 0 0 0
1675 247 57 49 727874 0 0 0
1426 377 57 53 559151 0 0 0
1080 361 50 82 263569 0 0 0
920 -45 60 42 254693 0 0 0
745 -407 72 73 406939 0 0 0
766 -64 91 49 130183 0 0 0
339 243 73 81 823990 0 0 0
242 119 54 42 456088 0 0 0
368 423 55 74 479329 0 0 0
40 13 67 64 929259 0 0 0
308 52 59 47 125526 0 0 0
207 193 63 78 196209 0 0 0
529 -136 57 51 208315 0 0 0
48 -632 64 52 780171 0 0 0
-12 -813 94 82 340228 0 0 0
-1056 1121 48 55 245914 0 0 0
-817 694 73 63 325857 0 0 0
-749 865 50 57 658069 0 0 0
-1020 966 82 81 319505 0 0 0
-566 822 59 50 629468 0 0 0
-418 1208 48 79 896726 0 0 0
-449 793 70 44 394206 0 0 0
-581 1100 56 74 773711 0 0 0
-83 628 61 46 784005 0 0 0
-139 616 52 76 613893 0 0 0
-85 897 74 71 614635 0 0 0
-83 1127 88 47 421090 0 0 0
-555 1003 92 58 794641 0 0 0
-190 1144 74 51 145171 0 0 0
-25 710 56 56 811200 0 0 0
169 1067 92 44 226340 0 0 0
48 760 52 52 423298 0 0 0
319 672 72 74 476834 0 0 0
254 1068 56 41 929980 0 0 0
207 1351 48 59 593475 0 0 0
-87 1588 84 68 640420 0 0 0
110 1288 47 58 821226 0 0 0
-84 833 92 80 183561 0 0 0
34 602 60 64 288938 0 0 0
96 1053 69 47 112878 0 0 0
186 1209 81 54 389254 0 0 0
212 1277 76 62 815811 0 0 0
443 1593 56 45 898336 0 0 0
677 1755 50 82 345573 0 0 0
352 1296 88 46 318870 0 0 0
-5 1402 94 52 215537 0 0 0
323 1384 93 59 761394 0 0 0
101 1245 72 52 696178 0 0 0
6 1608 48 78 888232 0 0 0
473 1118 86 79 898415 0 0 0
40 1148 90 73 650428 0 0 0
-179 1160 64 42 724776 0 0 0
-383 1497 94 59 343223 0 0 0
-331 1928 63 64 836323 0 0 0
43 2218 86 44 400569 0 0 0
329 2619 65 60 348775 0 0 0
389 2994 66 73 825009 0 0 0
75 2919 66 64 473882 0 0 0
91 2470 94 53 851200 0 0 0
526 2844 57 47 554460 0 0 0
209 3320 89 45 270830 0 0 0
-283 3530 62 47 384808 0 0 0
-750 3624 92 69 963395 0 0 0
-600 3607 74 75 146305 0 0 0
-641 3935 61 55 525457 0 0 0
-142 3882 71 53 448158 0 0 0
-136 3605 51 80 764078 0 0 0
-112 3543 94 82 431929 0 0 0
288 3380 54 59 399691 0 0 0
107 3854 81 81 780155 0 0 0
202 3890 59 82 967472 0 0 0
415 4322 61 55 931177 0 0 0
622 4286 81 76 338692 0 0 0
856 3998 87 55 397635 0 0 0
793 3896 90 60 279541 0 0 0
321 4379 91 43 756675 0 0 0
225 4751 61 48 573153 0 0 0
174 4693 85 51 805896 0 0 0
35 4990 70 57 379334 0 0 0
370 5038 91 57 289563 0 0 0
238 5103 67 45 668063 0 0 0
-86 5079 84 76 795010 0 0 0
109 4598 91 48 223461 0 0 0
819 1612 58 70 112761 0 0 0
1000 1211 80 73 500511 0 0 0
1120 1171 63 44 270766 0 0 0
663 1121 86 42 405197 0 0 0
1032 808 56 54 423547 0 0 0
1158 1148 74 53 446880 0 0 0
753 896 82 51 146926 0 0 0
1107 942 61 53 160747 0 0 0
803 1200 93 45 269517 0 0 0
818 1622 75 55 674857 0 0 0
581 1746 56 60 446177 0 0 0
403 1969 51 72 507403 0 0 0
711 2458 83 46 544978 0 0 0
1005 2034 56 57 575014 0 0 0
1297 2047 85 51 154354 0 0 0
1325 2404 87 41 874000 0 0 0
958 2560 75 60 160489 0 0 0
791 2915 50 61 812068 0 0 0
364 3294 87 72 810497 0 0 0
11 2948 95 44 890432 0 0 0
244 3015 65 81 770551 0 0 0
375 3058 48 75 793746 0 0 0
106 3420 85 67 392468 0 0 0
134 2954 65 41 454012 0 0 0
77 3244 77 81 512702 0 0 0
-286 3097 55 63 762598 0 0 0
-1322 1625 63 45 943055 0 0 0
-1287 1152 66 59 631342 0 0 0
-1569 1420 51 58 257410 0 0 0
-1919 1849 73 59 333363 0 0 0
-1894 2283 86 49 200050 0 0 0
-2060 2751 56 78 472926 0 0 0
-1757 2380 51 49 434648 0 0 0
-1533 2564 71 72 493487 0 0 0
-1045 2284 87 57 352908 0 0 0
-664 2671 85 51 293279 0 0 0
-379 2614 77 67 553827 0 0 0
-58 2850 72 69 357797 0 0 0
-419 3064 89 74 611505 0 0 0
-167 2861 63 46 497143 0 0 0
90 2692 69 76 348548 0 0 0
139 2452 76 79 336287 0 0 0
100 2176 76 61 117406 0 0 0
-153 2233 68 51 812493 0 0 0
98 2600 61 41 305257 0 0 0
-215 2536 85 46 861625 0 0 0
-54 2529 48 71 499817 0 0 0
-161 2444 90 41 120931 0 0 0
-114 2046 66 78 719254 0 0 0
-552 2482 66 47 353663 0 0 0
-645 2600 90 59 874524 0 0 0
-807 2603 70 73 252770 0 0 0
-361 2983 55 76 337696 0 0 0
19 2975 91 70 201877 0 0 0
-173 2537 95 45 341691 0 0 0
243 2061 85 63 174624 0 0 0
479 2043 76 54 449355 0 0 0
121 2396 63 58 627885 0 0 0
-304 2366 85 58 711017 0 0 0
-423 2483 81 52 693612 0 0 0
-684 2328 66 78 302319 0 0 0
-402 1877 83 49 548103 0 0 0
-211 1457 74 81 664993 0 0 0
-110 1065 51 62 160110 0 0 0
103 1369 81 80 960818 0 0 0
-281 1001 66 51 349980 0 0 0
35 1301 82 70 477934 0 0 0
50 1354 69 69 868547 0 0 0
-420 1839 52 44 741444 0 0 0
-334 2198 57 47 303297 0 0 0
74 2068 52 55 202322 0 0 0
413 1685 67 61 261572 0 0 0
899 1679 55 54 463736 0 0 0
588 1434 51 76 233647 0 0 0
284 1822 53 78 985769 0 0 0
293 1695 95 79 807811 0 0 0
74 1522 90 45 528656 0 0 0
175 1427 93 66 813378 0 0 0
-318 961 55 42 693406 0 0 0
-479 1123 78 66 448379 0 0 0
-911 850 67 66 382434 0 0 0
-460 750 68 43 991684 0 0 0
-93 751 93 75 345606 0 0 0
98 342 67 61 468732 0 0 0
-381 774 95 78 581279 0 0 0
-521 795 64 58 227464 0 0 0
-948 925 56 49 354051 0 0 0
-699 981 85 82 502607 0 0 0
-1053 638 79 57 309193 0 0 0
81 808 92 61 833728 0 0 0
-141 1194 63 58 900888 0 0 0
-614 809 73 49 333754 0 0 0
-678 582 68 73 732686 0 0 0
-1132 580 54 78 779908 0 0 0
-1182 311 62 74 715447 0 0 0
-1379 751 49 65 249558 0 0 0
-1003 917 95 45 372816 0 0 0
-1089 824 64 64 378935 0 0 0
-792 645 73 59 536959 0 0 0
-362 400 71 42 927410 0 0 0
-550 14 53 75 617328 0 0 0
-347 -50 69 56 875374 0 0 0
-3 -319 83 53 798195 0 0 0
180 -150 49 45 944927 0 0 0
295 -568 66 82 378066 0 0 0
531 -480 55 48 985694 0 0 0
886 -957 47 52 584628 0 0 0
1313 -848 92 79 947127 0 0 0
962 -1139 83 80 435649 0 0 0
771 -1564 77 65 377259 0 0 0
743 -1101 91 82 405989 0 0 0
447 -1452 91 45 863426 0 0 0
212 -1699 77 66 810127 0 0 0
35 -1496 55 67 975050 0 0 0
-229 -1995 52 67 700396 0 0 0
-89 -1996 78 74 598907 0 0 0
173 -1578 70 82 729542 0 0 0
367 -1244 67 73 542023 0 0 0
212 -911 53 80 967504 0 0 0
-101 -934 63 49 166967 0 0 0
-199 -1164 71 42 120780 0 0 0
35 -1395 77 48 286380 0 0 0
-131 -957 61 51 769093 0 0 0
326 -904 93 75 956030 0 0 0
66 -1191 73 48 359315 0 0 0
-38 -1478 74 62 741150 0 0 0
14 -1141 76 66 814261 0 0 0
340 -1111 62 58 731734 0 0 0
502 -1082 77 48 331305 0 0 0
47 -1167 64 82 779037 0 0 0
328 -1133 53 64 849333 0 0 0
274 -972 92 57 954702 0 0 0
768 -1444 65 76 855024 0 0 0
997 -1643 77 59 910747 0 0 0
1302 -1344 90 48 714708 0 0 0
1351 -1612 50 64 423254 0 0 0
917 -1770 76 80 477570 0 0 0
718 -1943 60 49 571672 0 0 0
991 -1878 69 52 650083 0 0 0
1329 -1436 76 55 190992 0 0 0
1644 -1303 76 61 363633 0 0 0
1343 -1604 47 60 697465 0 0 0
1697 -1713 78 55 299200 0 0 0
1245 -1783 91 59 406803 0 0 0
1585 -1984 79 57 938539 0 0 0
1674 -1595 76 64 136395 0 0 0
1960 -1690 91 82 293740 0 0 0
2349 -1448 69 44 623548 0 0 0
2015 -1461 95 80 734552 0 0 0
1586 -1873 71 66 499155 0 0 0
2056 -2259 58 43 316025 0 0 0
2440 -1888 93 61 136310 0 0 0
2027 -2073 79 68 157683 0 0 0
1614 -2052 50 48 708396 0 0 0
1868 -1834 54 61 933302 0 0 0
1509 -1533 89 41 517762 0 0 0
1621 -1944 58 50 384283 0 0 0
1633 -1477 93 74 853375 0 0 0
1706 -1656 81 62 991587 0 0 0
1849 -1743 70 48 972802 0 0 0
1429 -1782 63 74 669911 0 0 0
1132 -1811 80 50 150386 0 0 0
924 -2036 61 63 471472 0 0 0
1335 -1619 69 57 836523 0 0 0
1691 -2092 67 82 367739 0 0 0
2107 -2499 88 53 756048 0 0 0
2272 -2263 73 79 170213 0 0 0
1799 -2317 67 47 291938 0 0 0
2235 -1863 72 61 239425 0 0 0
2603 -1517 71 50 351928 0 0 0
2436 -1935 79 47 558065 0 0 0
2160 -1533 60 48 288364 0 0 0
2102 -1092 76 82 883158 0 0 0
2525 -1573 91 44 750903 0 0 0
2838 -1706 86 49 631333 0 0 0
2415 -1217 84 65 464158 0 0 0
2426 -726 64 74 908113 0 0 0
2357 -613 72 76 385243 0 0 0
-306 572 65 77 428189 0 0 0
-402 523 59 75 900009 0 0 0
27 224 68 77 765244 0 0 0
-126 687 69 77 227786 0 0 0
-48 474 72 46 741031 0 0 0
-162 83 52 79 893307 0 0 0
-581 4 87 41 335768 0 0 0
-351 90 68 45 122810 0 0 0
-667 569 66 78 371828 0 0 0
-943 232 87 81 446659 0 0 0
-506 264 95 59 814177 0 0 0
-618 441 91 72 548225 0 0 0
-1166 645 84 56 235363 0 0 0
-856 245 84 61 219661 0 0 0
-451 -133 61 61 606514 0 0 0
42 7 55 62 373536 0 0 0
343 -29 90 57 919417 0 0 0
781 419 67 65 495038 0 0 0
1138 116 72 80 562865 0 0 0
1134 -245 71 79 901142 0 0 0
1261 -645 86 74 956159 0 0 0
1413 -720 70 50 257642 0 0 0
1313 -1068 74 80 851860 0 0 0
1522 -785 63 59 293330 0 0 0
1766 -524 51 67 852994 0 0 0
1689 -823 47 75 490515 0 0 0
1902 -684 47 51 330318 0 0 0
1726 -512 53 82 846181 0 0 0
1645 -66 75 70 526874 0 0 0
1990 16 83 59 684407 0 0 0
2454 -413 55 76 817134 0 0 0
2303 -119 84 67 852432 0 0 0
2725 -619 64 49 115932 0 0 0
2571 -946 52 47 297862 0 0 0
2554 -912 50 75 100072 0 0 0
2668 -443 67 61 387983 0 0 0
2894 -92 72 41 848204 0 0 0
2818 307 67 61 825004 0 0 0
3015 560 52 53 616887 0 0 0
3412 964 78 73 693250 0 0 0
3486 731 57 47 818022 0 0 0
3601 712 67 49 229122 0 0 0
4063 1107 47 41 648140 0 0 0
3852 1543 61 56 341286 0 0 0
-1002 1050 64 52 401130 0 0 0
-852 1133 63 80 745254 0 0 0
-394 1254 95 45 928576 0 0 0
23 1436 58 68 816364 0 0 0
-180 1105 92 49 670310 0 0 0
257 1486 70 60 200502 0 0 0
-221 1780 88 44 951081 0 0 0
-274 1975 84 62 652788 0 0 0
-509 1676 88 60 287145 0 0 0
-874 1783 75 74 208633 0 0 0
-648 1727 51 52 446775 0 0 0
-282 1989 94 53 104353 0 0 0
202 1937 88 79 544432 0 0 0
259 1869 58 57 907712 0 0 0
232 1413 50 54 987210 0 0 0
618 1815 58 45 538275 0 0 0
622 1649 92 73 407962 0 0 0
1062 1720 75 81 971322 0 0 0
1122 2213 60 78 315413 0 0 0
1440 2183 91 48 632889 0 0 0
1783 2185 48 73 658962 0 0 0
1419 2482 58 52 720895 0 0 0
1361 2610 53 41 675260 0 0 0
1752 2255 56 44 918842 0 0 0
1421 1987 79 54 327105 0 0 0
1581 1920 88 81 718501 0 0 0
1767 2222 86 72 902018 0 0 0
1296 2210 71 68 180105 0 0 0
992 2108 85 82 762239 0 0 0
901 1834 63 45 360294 0 0 0
750 2069 49 47 182999 0 0 0
317 1836 69 65 101214 0 0 0
708 2170 62 50 730228 0 0 0
1072 2016 84 68 676908 0 0 0
1073 1603 50 52 860246 0 0 0
744 1109 86 60 874766 0 0 0
1126 661 87 55 332416 0 0 0
1116 643 57 44 527406 0 0 0
807 833 57 56 204151 0 0 0
607 1061 88 79 649691 0 0 0
1082 855 47 54 703796 0 0 0
1420 873 87 78 184562 0 0 0
1568 749 86 81 548192 0 0 0
1141 1054 49 41 728386 0 0 0
794 607 63 76 584045 0 0 0
856 967 86 63 865049 0 0 0
613 1367 93 80 210921 0 0 0
584 1691 71 75 835409 0 0 0
1014 2003 88 45 226231 0 0 0
1093 1896 47 70 830291 0 0 0
-1019 505 77 49 460997 0 0 0
-1305 793 79 61 495595 0 0 0
-1244 1252 47 50 421521 0 0 0
-875 1073 84 61 621867 0 0 0
-881 1094 79 51 719577 0 0 0
-451 1511 80 62 276360 0 0 0
-823 1211 60 82 658352 0 0 0
-915 1516 53 67 874620 0 0 0
-545 1775 84 47 987969 0 0 0
-114 2168 87 51 590607 0 0 0
-469 1752 47 74 374325 0 0 0
-267 2098 56 75 962257 0 0 0
24 2128 47 47 776645 0 0 0
371 1833 53 41 278722 0 0 0
141 1947 70 50 807770 0 0 0
553 2078 62 41 164453 0 0 0
128 2080 56 77 180686 0 0 0
-277 1631 71 52 199618 0 0 0
-534 1786 55 44 558029 0 0 0
-641 1388 52 61 915042 0 0 0
-571 1606 90 55 823664 0 0 0
-273 1315 64 70 938555 0 0 0
-556 1148 68 78 619092 0 0 0
-827 1071 72 43 390498 0 0 0
-1317 834 50 52 849208 0 0 0
-836 847 83 81 424283 0 0 0
-801 584 58 46 932361 0 0 0
-636 358 48 80 960707 0 0 0
-708 696 62 54 612184 0 0 0
-411 637 68 62 874903 0 0 0
-267 287 58 68 590800 0 0 0
102 604 51 72 714130 0 0 0
32 189 65 64 940936 0 0 0
190 -211 59 82 552636 0 0 0
1768 -1498 62 58 374440 0 0 0
1799 -1080 90 77 781465 0 0 0
1501 -683 75 71 539055 0 0 0
1764 -193 89 53 687387 0 0 0
1299 246 93 54 649443 0 0 0
1439 -40 53 57 225787 0 0 0
1237 -92 79 75 341651 0 0 0
1157 30 51 81 531200 0 0 0
1475 -6 57 52 146314 0 0 0
1852 -352 60 60 670697 0 0 0
1551 -343 93 55 658805 0 0 0
1803 -456 91 73 406111 0 0 0
1432 -927 83 48 564267 0 0 0
1118 -1321 74 72 594971 0 0 0
1351 -1500 66 50 834141 0 0 0
1210 -1500 88 67 917608 0 0 0
1146 -1450 80 59 741796 0 0 0
872 -1452 88 52 576850 0 0 0
710 -1774 51 45 568178 0 0 0
1038 -1793 52 45 234161 0 0 0
1089 -2278 68 59 516860 0 0 0
1008 -2222 82 57 746055 0 0 0
1134 -2189 65 62 265784 0 0 0
1242 -2569 75 68 498594 0 0 0
1479 -2984 79 81 622142 0 0 0
1794 -2696 88 42 755177 0 0 0
2147 -2701 54 80 373129 0 0 0
2439 -2497 88 47 794637 0 0 0
2560 -2771 78 77 836535 0 0 0
3047 -3211 69 71 691818 0 0 0
2829 -3478 78 76 987012 0 0 0
2908 -3747 49 71 342452 0 0 0
2774 -3902 66 82 241779 0 0 0
2442 -3592 94 69 349234 0 0 0
2841 -3327 49 71 270145 0 0 0
2825 -3813 81 80 625661 0 0 0
2792 -3575 53 81 872699 0 0 0
2467 -3721 58 49 424869 0 0 0
2736 -3848 81 45 632446 0 0 0
2296 -3547 86 59 548769 0 0 0
2679 -3772 72 62 690360 0 0 0
2665 -4125 93 64 547872 0 0 0
2312 -4560 71 41 442375 0 0 0
2049 -4965 83 71 868063 0 0 0
1568 -4643 61 58 711240 0 0 0
2032 -4756 62 53 231375 0 0 0
2509 -4768 54 67 170472 0 0 0
2588 -4614 60 65 484698 0 0 0
2922 -4704 59 50 955720 0 0 0
2990 -4728 66 63 840019 0 0 0
2640 -4956 51 75 744190 0 0 0
2450 -5373 92 46 557387 0 0 0
2293 -5737 50 43 384396 0 0 0
2243 -5769 48 64 803872 0 0 0
2056 -6140 73 48 788380 0 0 0
2466 -5748 65 54 481136 0 0 0
2752 -5576 77 68 267643 0 0 0
3063 -5172 75 48 300434 0 0 0
2637 -5644 58 70 330185 0 0 0
2535 -5304 79 72 972340 0 0 0
2648 -5562 51 60 617240 0 0 0
2771 -5190 76 44 374161 0 0 0
3061 -4745 93 50 760175 0 0 0
3495 -4683 57 58 426078 0 0 0
3245 -4850 82 51 295142 0 0 0
-492 -1882 75 75 828187 0 0 0
-849 -1400 71 53 395126 0 0 0
-964 -1626 54 73 224925 0 0 0
-686 -1664 91 50 105721 0 0 0
-882 -1185 77 61 831801 0 0 0
-732 -1292 77 43 206990 0 0 0
-765 -1093 61 63 202963 0 0 0
-1175 -905 67 63 278842 0 0 0
-1591 -782 64 74 373213 0 0 0
-2075 -513 61 46 343502 0 0 0
-1746 -421 65 81 561707 0 0 0
-2166 -789 58 64 620260 0 0 0
-2496 -1180 94 64 273250 0 0 0
-2700 -878 63 45 502452 0 0 0
-2637 -612 73 49 674186 0 0 0
-2673 -548 86 41 627180 0 0 0
-2681 -833 88 47 719557 0 0 0
-2773 -1270 89 74 791503 0 0 0
-2757 -1475 77 69 927098 0 0 0
-2893 -1278 79 80 419286 0 0 0
-2501 -1075 87 53 358499 0 0 0
-2291 -728 60 52 284447 0 0 0
-2641 -246 70 50 757064 0 0 0
-3056 -237 52 81 247827 0 0 0
-3373 141 71 50 825959 0 0 0
-2948 159 87 63 788594 0 0 0
-2959 43 65 57 678754 0 0 0
-3279 133 51 41 700529 0 0 0
-3666 500 83 68 868632 0 0 0
-3971 90 58 62 718702 0 0 0
-3953 -95 76 57 164505 0 0 0
-4305 347 90 44 938573 0 0 0
-4009 806 92 64 629912 0 0 0
-3632 1131 47 68 306806 0 0 0
-3542 971 82 54 520973 0 0 0
1730 -1342 57 82 577897 0 0 0
1748 -1054 93 68 680892 0 0 0
1249 -1526 71 62 802943 0 0 0
829 -1276 66 70 346272 0 0 0
1077 -1070 49 49 549589 0 0 0
1061 -1401 79 75 669932 0 0 0
1280 -1688 73 51 721552 0 0 0
1545 -1500 47 45 432718 0 0 0
1621 -1807 84 52 196031 0 0 0
1542 -1691 54 81 177650 0 0 0
1533 -1901 74 68 134816 0 0 0
1849 -2054 60 49 595719 0 0 0
2124 -2166 48 43 921799 0 0 0
2211 -2233 89 69 601756 0 0 0
2168 -2647 77 82 115595 0 0 0
2620 -2880 62 55 298813 0 0 0
2420 -2810 84 51 616533 0 0 0
2906 -2857 66 80 353617 0 0 0
2784 -3027 55 51 393260 0 0 0
2770 -3366 70 56 697285 0 0 0
2964 -3320 85 52 627105 0 0 0
2767 -3479 68 52 616322 0 0 0
3119 -3830 70 58 905436 0 0 0
2900 -4013 80 46 877247 0 0 0
2877 -3522 66 57 516136 0 0 0
2710 -3090 49 73 504781 0 0 0
2923 -3050 84 78 739705 0 0 0
3007 -3278 63 42 917121 0 0 0
2638 -3537 83 43 161595 0 0 0
2590 -3266 69 73 246402 0 0 0
2584 -3121 60 81 391774 0 0 0
2167 -3605 68 78 863031 0 0 0
2119 -3344 52 80 453518 0 0 0
2366 -3584 73 56 731638 0 0 0
2618 -3630 57 42 532054 0 0 0
2633 -3354 56 41 497321 0 0 0
2868 -3001 69 61 328937 0 0 0
2448 -2617 89 76 675175 0 0 0
2912 -2622 84 62 898718 0 0 0
2452 -3021 66 75 718528 0 0 0
2552 -3112 54 55 412414 0 0 0
2724 -3572 64 77 951609 0 0 0
2283 -3268 87 75 483603 0 0 0
2676 -3006 89 67 364131 0 0 0
2840 -2862 92 44 322452 0 0 0
2614 -2472 47 51 489247 0 0 0
2620 -2375 74 47 202745 0 0 0
2321 -2801 63 55 362215 0 0 0
2556 -2639 67 65 485666 0 0 0
2521 -2395 74 48 199158 0 0 0
2580 -2531 53 69 278786 0 0 0
2310 -2500 69 54 518687 0 0 0
2073 -2107 49 82 868710 0 0 0
1974 -2024 61 55 728259 0 0 0
1975 -2244 61 52 680320 0 0 0
2051 -2268 55 51 729399 0 0 0
1804 -2072 49 73 174773 0 0 0
1795 -1774 56 81 208792 0 0 0
1818 -1858 49 45 420460 0 0 0
2190 -1926 48 58 784548 0 0 0
1713 -1497 89 78 295715 0 0 0
1569 -1889 67 44 339779 0 0 0
1782 -1999 66 59 532353 0 0 0
1669 -2487 67 63 623742 0 0 0
1646 -2524 84 49 401073 0 0 0
1185 -2128 88 60 261868 0 0 0
-183 -432 50 47 879497 0 0 0
-653 -431 56 59 352401 0 0 0
-1039 -60 51 67 861309 0 0 0
-861 34 77 47 474417 0 0 0
-1248 -327 86 81 705963 0 0 0
-960 12 87 73 828451 0 0 0
-768 -229 67 73 188916 0 0 0
-397 -171 67 72 943789 0 0 0
-701 -604 67 82 823065 0 0 0
-653 -163 76 50 646345 0 0 0
-166 -358 66 72 415697 0 0 0
-131 -451 48 54 259586 0 0 0
204 -311 56 41 690432 0 0 0
226 -434 47 61 732041 0 0 0
444 -26 64 41 199674 0 0 0
778 -370 81 43 489003 0 0 0
578 -8 94 45 929987 0 0 0
277 387 60 78 228115 0 0 0
187 87 78 59 413032 0 0 0
558 200 72 63 258026 0 0 0
317 -101 65 47 219975 0 0 0
-871 728 92 81 163151 0 0 0
-980 321 69 57 786835 0 0 0
-634 76 73 80 223542 0 0 0
-931 -122 50 55 279642 0 0 0
-566 -497 68 44 116335 0 0 0
-549 -690 90 50 444896 0 0 0
-712 -979 87 65 999383 0 0 0
-355 -654 50 72 243295 0 0 0
-561 -669 65 64 871159 0 0 0
-279 -1078 94 43 100912 0 0 0
-499 -1297 54 48 430098 0 0 0
-67 -1164 71 50 304175 0 0 0
225 -1231 93 45 706797 0 0 0
1082 1641 55 69 708318 0 0 0
1072 1527 53 53 334214 0 0 0
1058 1195 88 45 408202 0 0 0
986 1097 51 67 891219 0 0 0
1262 1145 63 75 716806 0 0 0
769 966 55 80 132584 0 0 0
918 862 78 57 397175 0 0 0
545 763 69 60 840519 0 0 0
171 931 59 76 329066 0 0 0
-168 734 82 41 787492 0 0 0
174 947 83 68 146469 0 0 0
288 531 91 55 293215 0 0 0
634 520 84 56 742488 0 0 0
776 160 60 74 304157 0 0 0
1164 455 86 76 845359 0 0 0
974 77 71 76 240546 0 0 0
776 210 64 57 768588 0 0 0
735 -97 68 66 239100 0 0 0
1020 220 87 44 528268 0 0 0
954 -89 80 62 768496 0 0 0
1211 -241 83 55 390376 0 0 0
753 -372 67 73 863560 0 0 0
595 -842 85 66 734600 0 0 0
287 -1028 69 69 554161 0 0 0
532 -1269 95 78 673978 0 0 0
801 -1138 91 80 949564 0 0 0
1148 -1304 71 55 209776 0 0 0
818 -1254 52 58 942605 0 0 0
596 -1456 55 81 947067 0 0 0
268 -1919 89 72 870705 0 0 0
584 -1511 50 82 692163 0 0 0
790 -1767 91 66 124561 0 0 0
795 -1753 84 48 477925 0 0 0
878 -1962 72 48 643892 0 0 0
1348 -1929 58 71 174121 0 0 0
1713 -1529 72 78 958779 0 0 0
1726 -1196 79 41 591651 0 0 0
1593 -1164 72 77 589297 0 0 0
1242 -791 95 67 944686 0 0 0
1073 -604 52 76 630961 0 0 0
831 -230 63 44 818928 0 0 0
1084 -320 57 64 681083 0 0 0
1473 -438 95 46 834945 0 0 0
1929 -683 50 57 928444 0 0 0
2017 -394 56 49 814626 0 0 0
2319 -111 58 45 430921 0 0 0
2185 -272 77 47 318300 0 0 0
2476 -310 73 77 231867 0 0 0
2183 163 74 66 550410 0 0 0
1757 154 73 71 595294 0 0 0
1402 -17 87 67 231442 0 0 0
1307 -377 79 47 995906 0 0 0
1578 -582 62 48 604851 0 0 0
1648 -345 94 77 290692 0 0 0
616 -628 60 54 844826 0 0 0
708 -1077 79 49 632781 0 0 0
370 -856 84 63 830333 0 0 0
729 -615 50 61 493815 0 0 0
612 -675 90 72 421171 0 0 0
206 -418 78 59 783597 0 0 0
412 -877 50 79 533374 0 0 0
57 -791 89 78 552952 0 0 0
249 -1153 73 44 391602 0 0 0
697 -1244 65 45 712380 0 0 0
469 -1249 59 55 329860 0 0 0
106 -754 88 45 693523 0 0 0
-24 -401 79 81 773278 0 0 0
135 -822 52 42 687301 0 0 0
-363 -906 60 70 893497 0 0 0
-467 -1087 86 73 229816 0 0 0
-837 -615 73 82 661937 0 0 0
-353 -1454 78 52 803722 0 0 0
-415 -1081 52 77 505096 0 0 0
-74 -1393 49 53 729032 0 0 0
-70 -1051 73 53 835362 0 0 0
117 -802 73 71 134068 0 0 0
-324 -1092 83 72 228701 0 0 0
-327 -1250 70 70 335922 0 0 0
4 -1522 50 56 204031 0 0 0
-366 -1951 64 42 241206 0 0 0
-749 -1880 94 61 884711 0 0 0
-668 -1877 81 79 507083 0 0 0
-312 -2311 47 79 997966 0 0 0
-729 -2788 76 47 963784 0 0 0
-749 -2612 69 63 453245 0 0 0
-1244 -2847 90 63 699365 0 0 0
-1512 -2568 90 78 116183 0 0 0
-1060 -2337 75 79 479543 0 0 0
-1226 -1948 90 54 236682 0 0 0
-1459 -2424 64 68 857745 0 0 0
-1249 -2872 50 70 507846 0 0 0
-956 -3094 73 50 981025 0 0 0
-1125 -2692 55 72 765468 0 0 0
-943 -2329 94 81 900252 0 0 0
-1045 -2481 66 71 699024 0 0 0
-1448 -2965 78 45 410486 0 0 0
-1634 -3420 57 52 776947 0 0 0
-1383 -3791 79 55 907818 0 0 0
-893 -3465 78 81 244448 0 0 0
-483 -3329 87 65 635523 0 0 0
-429 -3654 58 53 868520 0 0 0
13 -3690 62 41 340849 0 0 0
-217 -3191 51 51 143920 0 0 0
-517 -3147 52 76 267399 0 0 0
-581 -3607 72 82 929711 0 0 0
-847 -3555 56 66 337347 0 0 0
-943 -3226 89 70 921461 0 0 0
-940 -3294 95 43 582079 0 0 0
-883 -3192 81 59 486184 0 0 0
-527 -3659 52 67 206824 0 0 0
-735 -3795 90 55 794511 0 0 0
-648 -3380 49 42 411641 0 0 0
-1132 -3019 74 58 643272 0 0 0
-895 -3453 61 75 302221 0 0 0
-532 -2972 77 79 437887 0 0 0
-448 -3151 81 61 244638 0 0 0
-925 -2671 50 58 846798 0 0 0
-900 -2460 84 73 355637 0 0 0
-712 -2729 62 66 550911 0 0 0
-393 -2945 50 50 538728 0 0 0
-842 -3274 75 59 214195 0 0 0
-1216 -2981 53 77 189306 0 0 0
-1485 -3017 80 57 919202 0 0 0
-1876 -2525 59 53 517694 0 0 0
-1939 -2184 91 70 334004 0 0 0
-2114 -2069 59 65 865101 0 0 0
-2102 -2260 77 68 877875 0 0 0
-1748 -2624 57 52 511147 0 0 0
-1883 -2228 72 65 115091 0 0 0
-2110 -2329 65 78 901817 0 0 0
-2101 -2162 56 78 591140 0 0 0
-2571 -2584 91 78 164641 0 0 0
-2647 -3015 81 66 189083 0 0 0
-2549 -3410 58 69 437497 0 0 0
-2662 -3111 89 82 391310 0 0 0
-2411 -2964 89 69 925572 0 0 0
-2260 -2646 69 52 326543 0 0 0
-1863 -2547 84 65 240827 0 0 0
-1906 -2530 73 53 952847 0 0 0
-1953 -2197 62 41 305170 0 0 0
-2103 -2382 58 43 425359 0 0 0
-2383 -2747 70 50 313440 0 0 0
-2398 -2560 62 54 490748 0 0 0
-2715 -2110 93 54 992712 0 0 0
-2749 -1944 95 65 795832 0 0 0
-2629 -1613 70 78 435245 0 0 0
-2379 -1269 78 79 752062 0 0 0
-1987 -1726 63 43 864090 0 0 0
-2067 -1999 78 48 286792 0 0 0
-1817 -1955 48 67 520772 0 0 0
-2177 -2443 79 80 627228 0 0 0
-1811 -2611 82 75 922837 0 0 0
-777 1889 95 69 673784 0 0 0
-661 2061 69 47 859278 0 0 0
-848 2152 64 53 249038 0 0 0
-568 1952 78 57 340535 0 0 0
-432 2432 82 60 326401 0 0 0
-67 2609 83 61 234961 0 0 0
-417 2229 73 79 711726 0 0 0
-600 1841 93 56 736493 0 0 0
-764 1599 88 54 203426 0 0 0
-766 1729 78 59 844694 0 0 0
-698 1293 79 57 362781 0 0 0
-918 1272 65 77 729224 0 0 0
-515 1070 76 57 926759 0 0 0
-590 750 58 74 692655 0 0 0
-985 978 75 66 923841 0 0 0
-857 1364 57 58 847205 0 0 0
-960 1416 69 61 487356 0 0 0
-1213 1909 95 76 857305 0 0 0
-1677 1518 90 65 535764 0 0 0
-2040 1796 69 50 604305 0 0 0
-1874 2051 86 71 616263 0 0 0
-1419 1786 76 41 496933 0 0 0
-1284 1770 58 82 986068 0 0 0
-1128 2011 79 80 482840 0 0 0
-1054 2499 51 72 824281 0 0 0
-1305 2914 68 78 138495 0 0 0
-933 3014 70 45 718891 0 0 0
-772 3159 54 55 876550 0 0 0
-655 3077 70 43 651671 0 0 0
-186 3043 54 57 620214 0 0 0
531 411 69 82 194411 0 0 0
680 136 62 64 935482 0 0 0
558 -53 74 67 992560 0 0 0
714 42 52 52 828433 0 0 0
648 -376 68 48 803746 0 0 0
504 -563 81 64 457495 0 0 0
808 -1010 49 52 340806 0 0 0
1269 -666 75 47 112406 0 0 0
852 -975 75 76 761487 0 0 0
1161 -1038 94 58 261022 0 0 0
816 -553 53 64 664433 0 0 0
863 -945 95 82 204895 0 0 0
884 -862 62 56 584325 0 0 0
672 -453 81 58 769749 0 0 0
358 -632 71 60 192713 0 0 0
167 -766 61 44 524269 0 0 0
502 -454 83 52 501454 0 0 0
22 -865 67 78 637652 0 0 0
280 -829 54 48 974197 0 0 0
330 -464 50 75 596340 0 0 0
302 -202 59 57 738666 0 0 0
720 -413 49 59 284211 0 0 0
470 -633 86 46 741084 0 0 0
820 -390 50 65 778805 0 0 0
1054 -387 55 65 901189 0 0 0
1440 -457 58 57 953529 0 0 0
1686 -855 87 79 862113 0 0 0
1549 -1190 50 80 399011 0 0 0
1052 -1472 84 45 340737 0 0 0
577 -1333 73 49 846351 0 0 0
1045 -1347 77 52 509840 0 0 0
894 -917 82 69 653450 0 0 0
435 -865 86 74 934419 0 0 0
719 -781 61 47 548862 0 0 0
1100 -699 85 65 829208 0 0 0
1559 -646 81 62 187772 0 0 0
2009 -482 91 70 145491 0 0 0
-357 1948 83 51 212278 0 0 0
-697 2281 51 68 333796 0 0 0
-793 2061 62 58 602759 0 0 0
-592 2180 72 57 787863 0 0 0
-187 2511 64 61 286112 0 0 0
-507 2721 85 56 413015 0 0 0
-822 2400 85 53 381557 0 0 0
-1064 2361 90 58 149423 0 0 0
-1198 1924 54 66 422145 0 0 0
-1509 2157 87 77 255225 0 0 0
-1610 2411 70 50 764253 0 0 0
-1844 1987 73 71 661844 0 0 0
-2332 2145 90 62 830069 0 0 0
-2481 1891 53 43 703767 0 0 0
-2645 1823 51 44 611893 0 0 0
-2535 1823 80 80 801963 0 0 0
-2067 1897 54 49 737240 0 0 0
-2261 1537 62 72 998164 0 0 0
-1982 1146 91 63 111232 0 0 0
-1639 733 85 46 516762 0 0 0
-1380 978 73 50 886186 0 0 0
-1551 580 86 70 859801 0 0 0
-1870 244 84 78 920906 0 0 0
-1809 -11 94 67 398053 0 0 0
-2076 212 50 80 737288 0 0 0
-2365 76 50 52 619418 0 0 0
-2840 -44 74 64 903422 0 0 0
-2941 -320 84 51 437225 0 0 0
-3391 -195 54 46 845505 0 0 0
-3853 200 81 50 915108 0 0 0
-4279 394 49 64 383751 0 0 0
-4177 636 91 63 544674 0 0 0
-4143 721 87 71 759996 0 0 0
-3765 737 53 55 793227 0 0 0
-4083 1022 92 78 741289 0 0 0
-3863 677 81 45 614141 0 0 0
-3803 1134 76 53 325281 0 0 0
-4016 1161 67 75 197471 0 0 0
-3905 955 55 78 975461 0 0 0
-3669 1423 53 67 494319 0 0 0
-3593 1128 84 73 683980 0 0 0
-3907 1218 69 66 535604 0 0 0
-3463 1694 71 58 750098 0 0 0
-3930 1758 65 71 485958 0 0 0
-4290 1363 66 48 181226 0 0 0
-4576 1059 80 61 327319 0 0 0
-4979 1200 55 59 125472 0 0 0
-5354 917 61 56 801340 0 0 0
-5439 641 86 70 850213 0 0 0
-5697 716 50 65 615231 0 0 0
-5724 374 64 58 248347 0 0 0
-5879 263 75 63 421995 0 0 0
-6025 245 83 73 146582 0 0 0
-1754 1725 48 42 264617 0 0 0
-1697 1573 94 66 164997 0 0 0
-1263 1192 85 42 318702 0 0 0
-1062 1073 71 58 645699 0 0 0
-1406 1400 81 67 974748 0 0 0
-1450 1489 76 57 409795 0 0 0
-958 1139 78 68 882358 0 0 0
-775 801 76 62 544114 0 0 0
-715 884 73 70 880158 0 0 0
-388 693 70 49 946304 0 0 0
-310 634 95 80 507540 0 0 0
-231 498 62 46 795934 0 0 0
-395 946 90 74 404238 0 0 0
-567 973 91 67 242151 0 0 0
-1014 539 52 43 883630 0 0 0
-1434 739 83 72 283645 0 0 0
-953 1195 79 57 719896 0 0 0
680 -1428 83 70 482432 0 0 0
313 -1155 89 62 675079 0 0 0
241 -879 64 78 435161 0 0 0
566 -762 71 71 810423 0 0 0
331 -594 60 47 626532 0 0 0
289 -643 95 45 997870 0 0 0
-87 -850 79 54 922228 0 0 0
275 -610 53 49 378724 0 0 0
769 -691 87 51 510706 0 0 0
642 -1148 90 65 110430 0 0 0
365 -725 72 44 625121 0 0 0
386 -456 85 44 575760 0 0 0
375 -63 57 73 466562 0 0 0
207 -543 59 43 353549 0 0 0
-237 -720 51 72 384440 0 0 0
-737 -1117 74 60 233624 0 0 0
-1001 -1108 86 81 505340 0 0 0
-1240 -1494 68 79 476180 0 0 0
-1537 -1420 65 56 678608 0 0 0
-1943 -1441 77 76 375787 0 0 0
-1581 -1395 74 66 800966 0 0 0
-1216 -1618 56 61 524243 0 0 0
-1681 -1964 67 51 904779 0 0 0
-1849 -1738 71 81 701552 0 0 0
-1832 614 67 49 734485 0 0 0
-1458 728 82 50 647863 0 0 0
-1422 811 92 58 820107 0 0 0
-1183 959 74 42 171131 0 0 0
-1057 1283 87 66 535382 0 0 0
-1118 1487 69 50 763206 0 0 0
-1269 1562 47 46 955190 0 0 0
-1481 1437 76 73 553742 0 0 0
-1290 1066 72 74 112991 0 0 0
-1231 1330 75 70 308934 0 0 0
-836 915 48 55 725495 0 0 0
-1176 1298 60 58 335748 0 0 0
-1489 1164 84 66 800065 0 0 0
-1462 865 71 65 976467 0 0 0
-1176 744 47 80 852303 0 0 0
-1134 377 64 58 970187 0 0 0
-1503 525 58 72 704202 0 0 0
-1376 363 93 77 866249 0 0 0
-1458 490 47 45 187047 0 0 0
-1778 906 61 57 749785 0 0 0
-1286 944 48 45 934510 0 0 0
-971 1010 73 62 152296 0 0 0
-540 1077 67 67 291053 0 0 0
-908 1123 89 62 655765 0 0 0
-1243 1413 77 52 336540 0 0 0
-792 1585 48 77 993974 0 0 0
-753 1444 77 55 769839 0 0 0
-282 1790 83 82 391355 0 0 0
-696 1670 62 73 645433 0 0 0
-1111 1366 82 70 726784 0 0 0
-1021 1583 53 66 573567 0 0 0
-1470 1087 73 49 904872 0 0 0
-1393 779 62 43 398125 0 0 0
1790 -1101 64 45 419166 0 0 0
1346 -1570 88 48 689158 0 0 0
982 -1114 50 68 183626 0 0 0
1422 -714 90 43 696684 0 0 0
1919 -855 84 79 469632 0 0 0
2029 -561 53 52 835567 0 0 0
1983 -213 93 80 963226 0 0 0
1940 -487 68 49 320816 0 0 0
1949 -940 82 45 627505 0 0 0
1871 -1085 74 58 797386 0 0 0
1481 -965 50 80 543786 0 0 0
1663 -1238 74 59 433291 0 0 0
1658 -1331 90 74 706576 0 0 0
1572 -969 76 75 178175 0 0 0
1630 -1334 62 75 583931 0 0 0
1952 -988 78 79 538548 0 0 0
2291 -1373 61 44 427117 0 0 0
