2000
-1387 1982 83 64 228399 0 0 0
-1194 1518 91 74 956911 0 0 0
-895 1634 84 69 283130 0 0 0
-410 1552 49 55 658269 0 0 0
-157 1256 54 59 865609 0 0 0
-47 1512 75 46 321052 0 0 0
447 1499 92 51 913540 0 0 0
790 1908 80 43 221321 0 0 0
375 2002 68 58 662424 0 0 0
229 2181 93 60 275374 0 0 0
285 2233 91 61 779886 0 0 0
-102 2330 54 67 456451 0 0 0
300 2688 57 62 802409 0 0 0
60 2667 78 68 256590 0 0 0
-371 2248 91 42 102515 0 0 0
-837 2060 49 59 221171 0 0 0
-1270 1691 58 46 117685 0 0 0
-830 1359 85 51 597089 0 0 0
-897 1014 91 46 879657 0 0 0
-1149 714 82 54 732687 0 0 0
-1456 325 67 74 824189 0 0 0
-1120 -113 63 63 245556 0 0 0
-952 211 55 45 238211 0 0 0
-754 113 83 44 787210 0 0 0
-1099 554 63 65 763423 0 0 0
-894 886 80 45 537818 0 0 0
-1056 596 93 66 498192 0 0 0
-745 157 85 58 715270 0 0 0
-661 294 48 55 675180 0 0 0
-481 770 89 42 472317 0 0 0
-918 427 75 73 647717 0 0 0
-1362 482 54 45 382677 0 0 0
-1545 920 81 57 128479 0 0 0
-1352 1338 62 51 539082 0 0 0
-1510 986 55 52 979118 0 0 0
-1161 1413 89 65 264420 0 0 0
-968 1253 70 75 873287 0 0 0
-1265 1618 82 80 204883 0 0 0
-1380 1345 95 63 946529 0 0 0
-1643 1823 68 50 462253 0 0 0
-2010 1517 47 55 521542 0 0 0
-1530 1553 92 78 152171 0 0 0
-1790 2047 62 60 839980 0 0 0
-1551 1935 63 75 638071 0 0 0
-1961 1737 65 62 514916 0 0 0
-2131 1869 72 70 604176 0 0 0
-1559 -267 92 77 168626 0 0 0
-1575 -10 90 67 481713 0 0 0
-1833 145 75 79 750258 0 0 0
-1333 -186 71 41 509307 0 0 0
-1555 -203 78 81 870650 0 0 0
-1182 -698 48 57 624559 0 0 0
-1255 -492 59 61 890351 0 0 0
-1256 -569 88 46 301814 0 0 0
-1234 -587 60 51 435602 0 0 0
-1613 -598 94 60 696745 0 0 0
-1168 -424 90 57 610381 0 0 0
-1316 -220 48 50 796555 0 0 0
-934 -165 84 44 636904 0 0 0
-1115 -646 87 43 258958 0 0 0
-1293 -784 74 65 136508 0 0 0
-883 -444 80 57 783303 0 0 0
-1351 -855 87 45 304523 0 0 0
-892 -997 80 68 991530 0 0 0
-1212 -1289 63 51 254805 0 0 0
-728 -1516 65 53 119195 0 0 0
-1097 -1453 59 49 211376 0 0 0
-1491 -1296 50 44 442998 0 0 0
-1013 -1637 68 59 417129 0 0 0
-1204 -1513 61 74 466592 0 0 0
-772 -1019 77 76 192988 0 0 0
-1171 -1111 87 47 975846 0 0 0
-1500 -692 50 75 445380 0 0 0
-1234 -998 86 71 398102 0 0 0
-864 -672 87 58 759020 0 0 0
-810 -623 83 64 337412 0 0 0
-1156 -775 89 55 161804 0 0 0
-672 -960 58 58 475807 0 0 0
-958 -519 65 48 105886 0 0 0
-712 -993 85 61 458174 0 0 0
-1116 -1286 47 55 942088 0 0 0
-992 -1016 90 49 921485 0 0 0
-1489 -564 58 75 649012 0 0 0
-1524 -460 58 58 873390 0 0 0
-1562 -668 91 58 250688 0 0 0
-2001 -997 63 81 360274 0 0 0
-2181 -507 88 48 938162 0 0 0
-2502 -881 81 76 345172 0 0 0
-2785 -1130 63 73 931210 0 0 0
-2711 -1481 55 41 779717 0 0 0
-3209 -1091 56 55 111598 0 0 0
-3021 -1190 49 66 411253 0 0 0
-3365 -1552 50 42 163714 0 0 0
-3009 -1388 82 46 181171 0 0 0
-2852 -1199 94 67 290693 0 0 0
-2385 -1366 49 50 847443 0 0 0
-2787 -1840 65 79 251867 0 0 0
-2688 -2089 55 41 955343 0 0 0
-2883 -2396 65 67 433882 0 0 0
-3346 -2645 47 61 490831 0 0 0
-2876 -2481 85 67 693860 0 0 0
-3307 -2452 94 46 113707 0 0 0
-3515 -2703 51 60 527716 0 0 0
-3659 -3193 63 67 641092 0 0 0
-3790 -2747 70 74 827935 0 0 0
655 -786 61 50 611549 0 0 0
334 -304 88 67 591405 0 0 0
413 -2 87 76 802845 0 0 0
575 11 48 80 421128 0 0 0
444 -55 47 73 480808 0 0 0
5 26 61 43 466948 0 0 0
87 343 93 43 388778 0 0 0
200 643 73 76 712541 0 0 0
136 458 51 55 735061 0 0 0
609 531 52 58 331816 0 0 0
353 312 55 75 375386 0 0 0
852 776 49 66 984199 0 0 0
1095 674 68 63 351412 0 0 0
1470 390 52 58 491035 0 0 0
1518 661 82 73 235187 0 0 0
1178 302 75 55 500792 0 0 0
1027 227 67 62 483837 0 0 0
1186 423 65 79 131770 0 0 0
939 277 94 74 303782 0 0 0
831 538 87 81 176205 0 0 0
1088 795 68 46 602399 0 0 0
901 771 94 41 147101 0 0 0
1297 665 93 42 834121 0 0 0
1662 1110 93 48 378341 0 0 0
1535 735 79 51 596242 0 0 0
1145 947 63 45 762734 0 0 0
1420 862 52 74 916409 0 0 0
1899 1003 65 72 411219 0 0 0
2168 675 68 58 814441 0 0 0
2234 848 89 52 253890 0 0 0
2240 383 67 62 383850 0 0 0
1969 6 74 63 781000 0 0 0
1871 419 90 57 648325 0 0 0
-1264 163 82 41 846297 0 0 0
-1542 417 67 62 314876 0 0 0
-1383 48 74 51 803230 0 0 0
-1243 -332 60 43 106808 0 0 0
-840 -588 64 80 773482 0 0 0
-1310 -275 69 64 580968 0 0 0
-1270 153 50 72 793172 0 0 0
-1645 -305 92 61 396011 0 0 0
-1414 -788 47 54 205124 0 0 0
-1163 -1211 78 44 295161 0 0 0
-1505 -1445 95 54 898943 0 0 0
-2003 -1210 74 42 262464 0 0 0
-2102 -1382 77 51 783554 0 0 0
-2182 -1354 59 44 367013 0 0 0
-2620 -1120 66 62 643239 0 0 0
-2373 -1567 53 44 600249 0 0 0
-2365 -1387 76 58 534312 0 0 0
-2407 -1303 48 77 274732 0 0 0
-2494 -1042 69 49 113141 0 0 0
-2758 -674 84 72 605507 0 0 0
-2751 -303 81 63 808123 0 0 0
-2438 -290 78 45 991501 0 0 0
-2308 34 54 58 119973 0 0 0
-2207 189 69 61 173622 0 0 0
-2554 415 69 81 943594 0 0 0
-2173 -78 87 42 586890 0 0 0
-2384 131 55 79 973219 0 0 0
-2461 184 54 55 762000 0 0 0
-2260 483 94 48 480868 0 0 0
-2647 941 92 41 578199 0 0 0
-2248 1168 53 51 939310 0 0 0
-1878 1517 93 74 952105 0 0 0
-1811 1347 51 68 608889 0 0 0
-1641 1520 56 68 974537 0 0 0
-1197 1382 78 74 248998 0 0 0
-1562 1508 68 49 203294 0 0 0
-1879 1343 91 66 852850 0 0 0
-1628 1185 49 46 607171 0 0 0
-1205 792 68 59 219321 0 0 0
-1166 1085 65 58 162623 0 0 0
-1559 694 67 64 146555 0 0 0
-1974 669 87 79 231897 0 0 0
-1774 1002 88 58 386015 0 0 0
-1610 1159 93 57 134557 0 0 0
-1948 919 60 59 479759 0 0 0
-2068 859 81 64 565662 0 0 0
-1919 712 66 52 326125 0 0 0
-1631 539 85 44 931069 0 0 0
-2006 408 91 65 656344 0 0 0
-2494 425 72 57 814952 0 0 0
-2464 888 64 74 793032 0 0 0
-1966 390 74 70 753462 0 0 0
-1695 889 47 62 954229 0 0 0
-2085 524 88 49 765649 0 0 0
-1662 554 77 69 377162 0 0 0
-1584 285 49 60 278718 0 0 0
-1540 258 86 80 961175 0 0 0
-1780 13 54 59 692623 0 0 0
-2099 47 87 48 386371 0 0 0
209 244 58 78 846536 0 0 0
236 404 54 45 525407 0 0 0
221 48 84 75 193180 0 0 0
701 -258 73 77 354814 0 0 0
906 117 69 51 159966 0 0 0
1072 -252 74 51 133161 0 0 0
617 -687 80 77 829716 0 0 0
980 -427 75 57 878565 0 0 0
648 -280 58 66 358874 0 0 0
1068 -671 93 67 797271 0 0 0
590 -870 91 61 594553 0 0 0
965 -730 94 80 632907 0 0 0
675 -1034 58 51 621009 0 0 0
788 -1107 47 43 925500 0 0 0
683 -1305 61 73 599663 0 0 0
253 -1040 82 48 713382 0 0 0
-80 -795 74 43 984737 0 0 0
44 -1030 57 58 884520 0 0 0
-719 1240 51 69 122184 0 0 0
-995 1543 83 66 884841 0 0 0
-643 1555 60 56 704210 0 0 0
-720 2036 57 73 310864 0 0 0
-1096 2195 72 60 489541 0 0 0
-1485 1763 92 75 525731 0 0 0
-1738 1823 64 56 305998 0 0 0
-1297 1998 64 43 204883 0 0 0
-1215 2360 82 45 121840 0 0 0
-1535 2628 75 65 218498 0 0 0
-1344 2340 58 56 210451 0 0 0
-1345 2012 81 46 453504 0 0 0
-1393 2444 70 76 391601 0 0 0
-1517 2770 88 48 864764 0 0 0
-1578 3109 62 53 175278 0 0 0
-2042 3091 70 67 598270 0 0 0
-2466 2844 85 50 610917 0 0 0
355 -1340 78 81 153624 0 0 0
-34 -1003 48 45 202727 0 0 0
-381 -1499 90 56 709668 0 0 0
-702 -1085 90 64 583301 0 0 0
-517 -791 69 75 256755 0 0 0
-810 -1014 80 78 141988 0 0 0
-1059 -803 76 65 378290 0 0 0
-990 -1077 52 53 832773 0 0 0
-866 -1476 71 62 400166 0 0 0
-1036 -1817 90 79 748936 0 0 0
-1132 -1838 52 74 864826 0 0 0
-1250 -1684 47 82 301042 0 0 0
-1097 -1355 86 67 331676 0 0 0
-1004 -1402 79 41 473191 0 0 0
-674 -1444 78 67 627991 0 0 0
-361 -1484 74 60 673399 0 0 0
91 -1000 74 78 847502 0 0 0
551 -1130 58 74 860282 0 0 0
449 -1308 54 61 788304 0 0 0
685 -1606 87 76 223766 0 0 0
752 -2004 59 64 529685 0 0 0
665 -1782 47 54 751079 0 0 0
344 -1853 51 55 776604 0 0 0
-66 -2280 70 44 540743 0 0 0
66 -2581 62 79 313133 0 0 0
-56 -2742 59 73 397344 0 0 0
220 -2337 82 52 543397 0 0 0
512 -2237 62 81 755495 0 0 0
296 -2671 83 66 459501 0 0 0
504 -2463 90 57 769399 0 0 0
739 -2204 67 74 551113 0 0 0
723 -2575 64 71 633267 0 0 0
1124 -2173 69 70 730831 0 0 0
855 -1730 84 57 218443 0 0 0
389 -1698 56 46 811853 0 0 0
130 -1289 92 49 449313 0 0 0
-328 -1281 56 51 219492 0 0 0
5 -955 65 45 968946 0 0 0
214 -881 70 54 947078 0 0 0
74 -572 60 46 294376 0 0 0
419 -1001 52 61 113678 0 0 0
-40 -1172 80 49 719494 0 0 0
360 -1144 65 43 213685 0 0 0
239 -1249 95 65 308906 0 0 0
534 -1242 89 54 539952 0 0 0
119 -1149 79 82 289297 0 0 0
150 -887 65 56 927219 0 0 0
285 -448 56 52 626850 0 0 0
27 -354 93 66 436505 0 0 0
381 -51 81 48 461435 0 0 0
316 -76 89 44 229743 0 0 0
46 -110 70 49 656459 0 0 0
252 -471 72 67 772286 0 0 0
-216 -11 66 67 367629 0 0 0
-699 -87 78 44 603813 0 0 0
-788 -443 79 64 556668 0 0 0
-762 -868 52 82 312782 0 0 0
-358 -1083 90 79 590931 0 0 0
112 -795 57 63 130629 0 0 0
205 -800 93 80 439734 0 0 0
493 -376 58 50 953205 0 0 0
297 85 78 81 304776 0 0 0
-109 -207 78 50 744051 0 0 0
-499 -437 60 74 967912 0 0 0
-223 -892 55 43 868730 0 0 0
-139 -1252 82 67 452714 0 0 0
75 -1117 47 53 820920 0 0 0
-368 -1152 53 47 587298 0 0 0
-195 -698 75 48 760290 0 0 0
55 -948 54 73 800032 0 0 0
-259 -523 72 49 966823 0 0 0
-491 -468 72 69 368085 0 0 0
-845 -798 70 66 805045 0 0 0
-1253 -880 49 59 188628 0 0 0
-1501 -1129 80 81 393387 0 0 0
-1570 -737 87 44 421068 0 0 0
-1288 -1113 84 44 997163 0 0 0
-1103 -774 77 77 468356 0 0 0
-725 -704 67 73 872447 0 0 0
-816 -1171 66 81 570926 0 0 0
-718 1960 67 66 295517 0 0 0
-338 1689 62 45 588262 0 0 0
-289 1363 63 65 871491 0 0 0
-236 1767 75 43 385513 0 0 0
-625 1526 86 53 480644 0 0 0
-972 1855 83 53 855267 0 0 0
-718 1362 58 53 576321 0 0 0
-839 915 65 42 740940 0 0 0
-523 802 95 68 787071 0 0 0
-810 1193 94 54 995298 0 0 0
-712 1452 57 52 154579 0 0 0
-851 968 85 50 451598 0 0 0
-556 617 81 73 664781 0 0 0
-338 774 90 54 609632 0 0 0
65 368 50 72 437107 0 0 0
-432 291 62 66 879459 0 0 0
-125 651 83 77 825891 0 0 0
-488 997 53 62 845410 0 0 0
-791 1314 87 50 897710 0 0 0
-1284 1217 59 41 198880 0 0 0
-838 999 75 51 476133 0 0 0
-1008 1443 91 51 761653 0 0 0
-561 1636 50 79 293168 0 0 0
-270 1887 91 60 464057 0 0 0
-443 2176 93 80 635455 0 0 0
-113 2486 74 54 869878 0 0 0
-389 2171 64 73 985656 0 0 0
-526 1932 91 45 280436 0 0 0
-932 1896 60 79 748180 0 0 0
-1000 1954 58 66 567203 0 0 0
-1067 2325 77 60 722793 0 0 0
-1278 2327 47 54 342437 0 0 0
-1666 2654 57 53 983481 0 0 0
-1374 3003 67 42 723782 0 0 0
-1514 3300 55 71 727058 0 0 0
-1076 3138 86 54 842599 0 0 0
-652 3518 81 75 271557 0 0 0
-882 3800 88 58 213401 0 0 0
-940 3785 70 47 725706 0 0 0
-1154 3336 80 61 965327 0 0 0
-765 3008 67 58 522003 0 0 0
-303 2796 57 78 559038 0 0 0
-18 2644 88 57 463197 0 0 0
110 3106 93 46 951925 0 0 0
-211 2615 60 71 246066 0 0 0
-521 3103 55 57 280301 0 0 0
-577 2662 73 64 806191 0 0 0
-819 1616 50 43 829073 0 0 0
-1248 1410 92 59 662886 0 0 0
-991 1428 67 80 593297 0 0 0
-752 1735 88 50 341318 0 0 0
-759 1764 48 78 916177 0 0 0
-278 1980 48 78 996975 0 0 0
-354 2348 60 64 300740 0 0 0
-343 1884 61 45 617266 0 0 0
137 2292 66 63 363533 0 0 0
-323 1866 57 63 924970 0 0 0
-565 1936 74 44 542805 0 0 0
-354 1648 76 42 632262 0 0 0
-293 1788 83 63 899859 0 0 0
39 1694 92 51 412426 0 0 0
215 1607 88 44 986184 0 0 0
708 1943 79 51 700487 0 0 0
823 2276 55 58 420864 0 0 0
1143 2343 55 47 174825 0 0 0
1219 2646 82 59 823871 0 0 0
1668 3047 61 44 165807 0 0 0
1764 2760 56 63 256494 0 0 0
1487 2943 52 65 352084 0 0 0
1780 2455 95 58 900584 0 0 0
1402 2730 85 58 315039 0 0 0
1783 2686 59 44 543770 0 0 0
2139 2591 57 82 224981 0 0 0
2273 3086 89 41 798113 0 0 0
2619 3404 79 79 658468 0 0 0
2428 3480 79 51 908088 0 0 0
2173 3647 89 47 675939 0 0 0
2246 3773 91 58 314246 0 0 0
2251 3645 86 50 958649 0 0 0
1928 3821 51 70 250140 0 0 0
1775 3936 57 81 446466 0 0 0
1775 4084 66 44 470062 0 0 0
1329 4117 73 78 853691 0 0 0
878 4479 67 57 435861 0 0 0
1318 4880 62 64 718044 0 0 0
1362 4558 81 53 805939 0 0 0
1021 4485 81 71 121110 0 0 0
1055 4049 66 50 326081 0 0 0
1192 3624 69 60 566487 0 0 0
1667 3796 47 67 324928 0 0 0
1919 3825 54 58 120489 0 0 0
1658 3820 77 51 870544 0 0 0
1607 4125 89 57 212424 0 0 0
1483 3959 47 66 491569 0 0 0
1945 4335 60 70 745342 0 0 0
1938 4371 57 53 316148 0 0 0
2437 4521 64 76 233791 0 0 0
2186 4710 58 67 162325 0 0 0
2397 4501 70 53 821102 0 0 0
1207 1709 59 62 179910 0 0 0
1095 1334 55 67 913136 0 0 0
925 1647 58 55 914111 0 0 0
1037 1432 79 76 688824 0 0 0
1441 1764 86 59 195370 0 0 0
1747 1616 69 50 633771 0 0 0
1283 1403 78 64 436843 0 0 0
1258 1821 94 49 502530 0 0 0
1393 1451 67 50 857557 0 0 0
1669 1415 85 51 588586 0 0 0
1638 1646 73 67 592759 0 0 0
1307 1963 48 64 478644 0 0 0
1178 2297 50 67 777849 0 0 0
850 2738 55 75 896553 0 0 0
826 2291 69 56 715056 0 0 0
328 2748 84 75 568988 0 0 0
-114 2874 81 43 632280 0 0 0
-236 2777 91 55 106430 0 0 0
-91 3215 80 76 479359 0 0 0
354 3248 80 53 575892 0 0 0
382 3674 76 45 601136 0 0 0
185 4044 57 67 819529 0 0 0
-29 3721 49 80 294954 0 0 0
-177 3454 72 72 732562 0 0 0
189 3204 83 51 472980 0 0 0
140 2786 72 52 501274 0 0 0
598 2605 89 44 968624 0 0 0
328 2332 58 49 474600 0 0 0
32 2550 94 62 624672 0 0 0
38 2349 93 71 150680 0 0 0
-114 2843 80 47 520417 0 0 0
0 2533 52 78 647358 0 0 0
170 2983 69 45 751204 0 0 0
470 2664 55 64 656266 0 0 0
864 2535 87 58 237069 0 0 0
1155 2150 64 48 576407 0 0 0
1422 1707 52 50 108629 0 0 0
938 1863 72 65 138004 0 0 0
974 2204 78 67 466551 0 0 0
-967 1918 89 75 169773 0 0 0
-1058 2153 76 65 211470 0 0 0
-1163 1722 90 59 639839 0 0 0
-1494 2204 58 56 596822 0 0 0
-1370 2489 55 57 777869 0 0 0
-1502 2029 79 79 260038 0 0 0
-1953 1939 56 48 391055 0 0 0
-1905 2229 59 79 133756 0 0 0
-1628 1888 82 70 234941 0 0 0
-2061 1466 49 69 908059 0 0 0
-2072 1519 95 71 160381 0 0 0
-2537 1710 57 43 780867 0 0 0
-3014 1457 49 60 182276 0 0 0
-2571 1731 82 66 401649 0 0 0
-2122 1492 65 75 493276 0 0 0
-2023 1239 64 57 506205 0 0 0
-1546 1293 70 56 196260 0 0 0
-1076 799 94 53 342855 0 0 0
-1387 505 92 69 829587 0 0 0
-1428 673 72 54 407377 0 0 0
-1732 905 95 62 686806 0 0 0
-1842 1258 86 81 144452 0 0 0
-1515 1096 76 69 983422 0 0 0
-1599 1421 62 60 133385 0 0 0
-1919 1276 71 61 418278 0 0 0
-1918 973 93 56 723132 0 0 0
-1893 1074 92 77 523722 0 0 0
-1732 1328 58 72 619761 0 0 0
-1637 1713 57 74 130224 0 0 0
-1905 1910 51 45 535707 0 0 0
-1627 1974 73 54 106120 0 0 0
-1318 1876 57 70 436259 0 0 0
-863 2188 90 56 477993 0 0 0
-1322 2403 70 42 951109 0 0 0
-1609 2811 48 43 927137 0 0 0
-1924 2478 84 54 687622 0 0 0
-2353 2317 72 72 548476 0 0 0
-2804 2090 54 69 602099 0 0 0
-2463 1763 90 60 296930 0 0 0
-2083 1544 58 63 126370 0 0 0
-2095 1863 92 50 415081 0 0 0
-1624 1986 83 60 699505 0 0 0
-1145 1874 72 46 580558 0 0 0
-762 1661 80 54 822478 0 0 0
-718 1316 72 72 676792 0 0 0
-555 1116 53 41 868217 0 0 0
-589 988 56 72 285944 0 0 0
-211 953 92 60 927538 0 0 0
-302 1033 62 79 902965 0 0 0
-545 859 60 62 114534 0 0 0
-151 866 72 82 894908 0 0 0
23 671 82 77 211928 0 0 0
182 338 63 55 311228 0 0 0
-51 183 50 75 214969 0 0 0
-350 -182 48 57 829099 0 0 0
-298 -66 94 54 172246 0 0 0
-154 379 78 42 737444 0 0 0
-500 750 83 69 970112 0 0 0
-956 372 90 48 729844 0 0 0
-471 216 65 54 523817 0 0 0
-583 526 83 54 865340 0 0 0
-690 469 86 57 793671 0 0 0
-1134 18 71 41 850244 0 0 0
-1341 107 86 52 150039 0 0 0
-889 403 64 47 900892 0 0 0
-978 511 88 55 732754 0 0 0
-1030 536 82 69 270817 0 0 0
-1304 720 67 75 213198 0 0 0
-972 687 54 57 362861 0 0 0
-964 929 88 79 527946 0 0 0
-1228 1317 74 76 888233 0 0 0
-1323 1808 57 79 909646 0 0 0
-1166 1831 83 69 948478 0 0 0
-765 1510 87 54 302528 0 0 0
-977 1860 62 59 901113 0 0 0
-1391 1656 91 52 104447 0 0 0
-1538 1553 47 49 710280 0 0 0
-1709 1350 83 51 328790 0 0 0
-1538 1776 55 48 729704 0 0 0
-1932 1461 91 67 923878 0 0 0
-1739 1450 75 58 754595 0 0 0
-1881 1550 91 60 888360 0 0 0
-1508 1810 51 70 768894 0 0 0
-1980 1489 49 41 739464 0 0 0
-1937 1122 51 46 939170 0 0 0
-1951 730 91 66 123913 0 0 0
-1778 327 72 55 364452 0 0 0
-1569 569 95 59 234410 0 0 0
-1220 930 47 44 304780 0 0 0
-456 482 72 67 999302 0 0 0
-888 917 71 60 934957 0 0 0
-794 854 50 44 953207 0 0 0
-1291 573 78 63 128398 0 0 0
-1471 257 51 82 925365 0 0 0
-1482 -232 79 65 806470 0 0 0
-1352 -123 93 46 409051 0 0 0
-1022 209 62 41 407703 0 0 0
-587 -120 81 61 261113 0 0 0
-136 -506 56 68 349451 0 0 0
-229 -228 69 74 622132 0 0 0
-446 -511 67 79 105391 0 0 0
-396 -251 71 45 598353 0 0 0
-649 238 56 57 679814 0 0 0
-299 621 60 53 865687 0 0 0
-4 873 95 79 173631 0 0 0
126 837 51 78 795100 0 0 0
235 1063 68 77 113888 0 0 0
514 871 88 69 931790 0 0 0
134 1235 50 81 435015 0 0 0
633 1364 78 80 487501 0 0 0
325 1619 92 59 956320 0 0 0
606 1538 49 75 474994 0 0 0
406 1119 55 53 347674 0 0 0
1350 -1768 88 72 524070 0 0 0
1077 -1544 83 81 991384 0 0 0
1009 -1892 71 51 320799 0 0 0
513 -1440 73 54 610292 0 0 0
589 -1365 67 45 758827 0 0 0
994 -1445 49 42 972286 0 0 0
1460 -1185 62 44 638351 0 0 0
1378 -969 56 70 357315 0 0 0
1464 -976 81 58 134287 0 0 0
1234 -1061 77 81 123219 0 0 0
1684 -1527 61 64 914393 0 0 0
2028 -1206 52 64 583477 0 0 0
2217 -780 53 62 575793 0 0 0
2213 -660 57 59 404472 0 0 0
2355 -921 56 65 967713 0 0 0
2227 -1246 87 47 568666 0 0 0
1958 -815 65 53 842567 0 0 0
1615 -622 51 80 615238 0 0 0
1735 -467 75 67 692775 0 0 0
2069 -666 92 62 767741 0 0 0
1625 -401 62 59 522632 0 0 0
1391 -240 77 71 582549 0 0 0
1565 34 60 51 174307 0 0 0
1590 -444 80 54 677856 0 0 0
1786 -105 65 53 560867 0 0 0
1829 -605 87 73 857610 0 0 0
1962 -917 95 69 782312 0 0 0
2318 -931 74 75 872351 0 0 0
2128 -1022 72 72 355703 0 0 0
2523 -608 84 74 359763 0 0 0
2685 -1015 86 52 750805 0 0 0
2300 -933 48 60 825302 0 0 0
2136 -1367 54 53 622098 0 0 0
1825 -1098 51 64 287449 0 0 0
2138 -648 74 61 940409 0 0 0
1912 -192 52 69 515506 0 0 0
2013 283 61 51 265933 0 0 0
2305 -186 86 58 655286 0 0 0
1813 -541 56 52 195407 0 0 0
1617 -643 90 68 544030 0 0 0
1184 -802 86 53 763851 0 0 0
1127 -960 50 53 410902 0 0 0
1176 -632 53 50 574268 0 0 0
1401 -221 85 70 985515 0 0 0
1297 -71 74 60 325309 0 0 0
1124 -18 61 57 310501 0 0 0
1355 -514 59 79 290749 0 0 0
1170 -36 62 49 889199 0 0 0
1150 127 52 64 100578 0 0 0
857 60 63 73 751108 0 0 0
400 33 59 46 758591 0 0 0
776 393 74 57 386424 0 0 0
398 511 63 69 185722 0 0 0
89 377 91 80 750876 0 0 0
-181 516 62 49 440566 0 0 0
15 504 61 51 362572 0 0 0
278 43 54 66 714831 0 0 0
-53 481 78 82 759882 0 0 0
-219 241 71 76 201437 0 0 0
-116 67 71 67 769485 0 0 0
-396 492 83 56 236682 0 0 0
354 -1405 56 80 624352 0 0 0
664 -1072 74 50 672790 0 0 0
604 -1313 53 65 361794 0 0 0
213 -1720 75 63 877859 0 0 0
-27 -1848 95 62 121084 0 0 0
372 -1526 73 50 808208 0 0 0
552 -1411 53 79 990104 0 0 0
172 -1385 67 62 120229 0 0 0
196 -1293 47 77 779639 0 0 0
-147 -1656 94 67 522924 0 0 0
11 -1727 82 77 395915 0 0 0
-270 -1868 47 54 190987 0 0 0
-543 -2147 68 79 166673 0 0 0
-669 -1786 50 60 748968 0 0 0
-717 -1653 95 64 511997 0 0 0
-484 -1843 79 59 672665 0 0 0
-541 -2087 57 56 600960 0 0 0
-288 -2409 69 61 238636 0 0 0
-625 -2909 77 55 392603 0 0 0
-1042 -3230 58 55 169631 0 0 0
-1177 -3084 48 49 179221 0 0 0
-967 -2809 83 74 114935 0 0 0
-1308 -3259 49 62 162279 0 0 0
-1030 -3105 83 77 137414 0 0 0
-1122 -2755 92 67 251817 0 0 0
-986 -2626 73 46 797643 0 0 0
-1155 -2673 54 51 783882 0 0 0
-915 -3172 59 79 212288 0 0 0
-660 -2739 83 71 935113 0 0 0
-977 -2944 72 61 826051 0 0 0
-676 -3178 48 46 776122 0 0 0
1039 -725 81 46 363601 0 0 0
1001 -1222 75 81 779052 0 0 0
583 -1467 85 65 455198 0 0 0
704 -1531 91 54 969970 0 0 0
1030 -1307 94 56 789461 0 0 0
1480 -1532 64 48 878045 0 0 0
1386 -1313 75 55 800908 0 0 0
1194 -1679 51 63 740858 0 0 0
1451 -1268 47 73 778001 0 0 0
1377 -1329 59 41 817950 0 0 0
888 -1473 92 54 704681 0 0 0
1212 -1146 73 57 266501 0 0 0
760 -920 65 76 110760 0 0 0
753 -1018 58 81 614130 0 0 0
945 -963 91 67 593008 0 0 0
772 -806 55 43 128343 0 0 0
400 -1283 51 68 924813 0 0 0
385 -1532 47 46 680037 0 0 0
-74 -1814 63 66 341314 0 0 0
-293 -1753 55 78 239957 0 0 0
58 -1451 62 64 369194 0 0 0
-102 -1881 81 50 464464 0 0 0
334 -1853 87 82 283259 0 0 0
73 -1768 93 55 763266 0 0 0
-41 -1981 91 49 672810 0 0 0
68 -2230 67 43 568764 0 0 0
-308 -1893 72 81 638286 0 0 0
-261 -2263 78 48 158225 0 0 0
-141 -2183 54 44 742638 0 0 0
239 -2615 55 77 204293 0 0 0
35 -2750 62 63 781778 0 0 0
-321 -3130 90 71 700990 0 0 0
-77 -3263 71 61 907201 0 0 0
11 -3175 86 79 224668 0 0 0
92 -3092 47 82 303339 0 0 0
-15 -2600 54 79 342991 0 0 0
-60 -2338 53 69 706140 0 0 0
-462 -2769 92 51 479125 0 0 0
-77 -2893 76 72 327924 0 0 0
-99 -3121 79 81 364216 0 0 0
-590 -3461 53 58 528619 0 0 0
-575 -3913 75 43 476212 0 0 0
-635 -3799 50 65 786075 0 0 0
-369 -3400 51 50 148682 0 0 0
-531 -3155 77 68 210493 0 0 0
-443 -3148 57 72 131120 0 0 0
-244 -3544 66 73 388023 0 0 0
-454 -3660 69 75 500233 0 0 0
-1247 -1281 63 59 455720 0 0 0
-1459 -1190 88 56 314208 0 0 0
-1525 -1532 88 64 602633 0 0 0
-1476 -1737 74 57 961351 0 0 0
-1972 -2170 78 73 579511 0 0 0
-1708 -2224 86 55 256023 0 0 0
-2111 -1947 82 64 714191 0 0 0
-1801 -1926 72 41 937634 0 0 0
-1552 -1744 50 81 218712 0 0 0
-1442 -1420 59 51 852140 0 0 0
-1932 -1876 89 67 705424 0 0 0
-1759 -1531 64 50 844771 0 0 0
-1325 -1462 80 72 745944 0 0 0
-1139 -1765 74 44 454055 0 0 0
-1591 -1839 73 45 227270 0 0 0
-2056 -1799 67 74 998347 0 0 0
-2339 -2212 55 57 139024 0 0 0
-2821 -1933 68 74 306860 0 0 0
-2835 -2399 69 69 939583 0 0 0
-2855 -1979 94 78 215069 0 0 0
-2901 -2394 94 73 308943 0 0 0
-3079 -2218 66 53 229735 0 0 0
-3137 -2173 52 41 686032 0 0 0
-3256 -1834 87 71 882034 0 0 0
-3389 -1935 92 44 553284 0 0 0
-3438 -1490 49 65 191567 0 0 0
-3333 -993 66 79 831405 0 0 0
-3057 -1147 65 64 109126 0 0 0
-3342 -1114 94 52 914775 0 0 0
-3018 -1274 91 56 976499 0 0 0
-3363 -1214 63 79 841696 0 0 0
-2908 -1036 87 77 827394 0 0 0
-2723 -949 50 48 661550 0 0 0
-2934 -668 64 75 656224 0 0 0
-2555 -430 94 56 615430 0 0 0
-2575 -143 58 79 659171 0 0 0
-2720 -203 74 59 955496 0 0 0
-3166 280 87 42 441021 0 0 0
-3547 0 61 79 545264 0 0 0
-3449 432 53 67 923061 0 0 0
-3158 8 85 54 929174 0 0 0
-3093 -56 93 74 158087 0 0 0
-2678 421 63 75 425095 0 0 0
-3105 382 54 56 516972 0 0 0
-3381 822 81 62 324948 0 0 0
-3566 1119 89 52 891365 0 0 0
-3289 878 47 67 782648 0 0 0
-3577 392 83 71 304811 0 0 0
-3907 854 70 59 211604 0 0 0
-3546 1167 82 77 288627 0 0 0
-3239 1116 48 51 838569 0 0 0
-3554 1516 68 65 454910 0 0 0
-3443 1782 57 72 917017 0 0 0
-3565 1977 56 49 819105 0 0 0
-3868 2214 66 66 986608 0 0 0
-3724 1977 79 51 454189 0 0 0
-4180 2064 86 45 757350 0 0 0
-4367 2201 56 66 867282 0 0 0
1454 -1569 69 44 725118 0 0 0
1537 -2037 72 56 498329 0 0 0
1677 -1850 53 82 814611 0 0 0
1403 -2233 60 66 453699 0 0 0
1081 -2513 83 61 211726 0 0 0
1284 -3000 64 44 707570 0 0 0
978 -3272 62 57 457172 0 0 0
1061 -3207 64 50 682235 0 0 0
1062 -3643 53 50 118390 0 0 0
1480 -4082 80 44 734794 0 0 0
1263 -4429 79 68 654999 0 0 0
1585 -4469 72 56 261389 0 0 0
1497 -4554 74 82 651834 0 0 0
1875 -4478 77 82 675911 0 0 0
2182 -4895 56 42 594137 0 0 0
1851 -4795 78 69 576673 0 0 0
1689 -5034 56 64 697579 0 0 0
1531 -5010 75 48 168662 0 0 0
1289 -4937 49 68 824633 0 0 0
887 -4722 68 62 559711 0 0 0
552 -4698 60 48 943319 0 0 0
111 -4707 81 52 129558 0 0 0
601 -4642 56 42 498826 0 0 0
792 -4609 75 74 305419 0 0 0
611 -4784 66 64 370697 0 0 0
883 -5096 49 41 665361 0 0 0
935 -4608 81 56 241463 0 0 0
1169 -4145 66 56 321606 0 0 0
907 -3787 77 58 231783 0 0 0
438 -3601 85 48 628697 0 0 0
8 -3270 71 82 542130 0 0 0
-199 -2848 91 52 200771 0 0 0
194 -2603 94 52 562282 0 0 0
1257 1941 85 46 155908 0 0 0
1424 1523 76 65 672377 0 0 0
1870 1148 80 62 325107 0 0 0
2144 1210 53 82 697824 0 0 0
2102 1622 94 64 191220 0 0 0
1922 1702 54 56 928828 0 0 0
2287 2178 84 69 415067 0 0 0
2578 1726 62 59 542489 0 0 0
2386 2144 95 69 597232 0 0 0
1949 1817 76 61 668377 0 0 0
2178 2153 57 78 970104 0 0 0
2619 2528 64 53 604880 0 0 0
2864 2983 61 46 651531 0 0 0
2505 3165 78 82 787750 0 0 0
2122 3050 48 64 429673 0 0 0
2283 3455 93 65 276296 0 0 0
2496 3526 76 45 774736 0 0 0
1997 3820 74 72 294792 0 0 0
1761 3667 72 49 727389 0 0 0
2065 3503 68 62 170552 0 0 0
2116 3080 52 51 900090 0 0 0
2154 3369 52 57 889104 0 0 0
2357 3266 68 68 359763 0 0 0
2235 3080 54 55 337291 0 0 0
2589 3176 83 65 886741 0 0 0
2621 2705 91 64 664992 0 0 0
2609 2367 80 82 729993 0 0 0
2111 2511 95 50 969812 0 0 0
1969 2571 77 75 812878 0 0 0
2029 2316 53 80 872445 0 0 0
2029 2556 51 64 123682 0 0 0
2064 2305 73 45 155124 0 0 0
2363 1823 59 81 505524 0 0 0
2678 2104 81 48 163802 0 0 0
3024 2367 77 55 595963 0 0 0
3522 2256 79 54 230923 0 0 0
3391 2123 67 49 387135 0 0 0
3290 1935 69 69 434271 0 0 0
3255 2143 70 57 385296 0 0 0
3485 2400 66 72 973479 0 0 0
3848 2534 68 43 283218 0 0 0
3384 2056 47 55 759665 0 0 0
3397 1949 61 53 537419 0 0 0
3105 1850 53 54 375264 0 0 0
2892 1797 71 52 775072 0 0 0
3238 1756 67 63 543527 0 0 0
3065 2149 76 79 735533 0 0 0
3351 2537 51 67 786045 0 0 0
3089 2149 60 52 864303 0 0 0
2623 2587 87 58 931105 0 0 0
2292 2770 54 60 202129 0 0 0
1834 2800 73 58 878067 0 0 0
2040 2543 66 55 300207 0 0 0
2450 2721 66 59 475267 0 0 0
2000 3042 70 64 538962 0 0 0
2016 3386 69 69 253411 0 0 0
1886 3535 51 47 870711 0 0 0
2300 3121 52 62 554454 0 0 0
1970 3358 48 54 573956 0 0 0
1906 2861 67 80 177522 0 0 0
2137 2948 49 59 238824 0 0 0
1755 2691 54 51 462143 0 0 0
1337 2242 77 73 761769 0 0 0
1459 2232 64 81 804869 0 0 0
1460 2465 94 47 160044 0 0 0
1663 2549 73 56 164954 0 0 0
1666 2817 47 52 200394 0 0 0
1249 2466 60 64 689054 0 0 0
1520 2929 75 65 450590 0 0 0
1197 3399 86 49 976131 0 0 0
1165 3021 53 42 246606 0 0 0
747 2900 61 81 926705 0 0 0
715 3377 84 78 493431 0 0 0
471 3227 56 61 383077 0 0 0
604 3121 65 68 202418 0 0 0
186 2821 91 74 727028 0 0 0
350 2904 63 68 696210 0 0 0
177 2761 85 50 179795 0 0 0
336 2441 61 78 102826 0 0 0
254 2927 54 77 473626 0 0 0
275 3394 69 59 168768 0 0 0
-204 3708 76 70 426969 0 0 0
90 3685 89 81 664084 0 0 0
11 3995 79 74 600672 0 0 0
228 3622 54 74 373039 0 0 0
191 3373 52 54 619864 0 0 0
-3 3856 78 55 495372 0 0 0
-120 4259 74 53 733074 0 0 0
42 4010 54 69 192797 0 0 0
263 4158 68 75 456339 0 0 0
476 4176 75 80 454155 0 0 0
248 4306 54 54 952504 0 0 0
273 4152 77 65 576261 0 0 0
-92 4424 90 61 364044 0 0 0
321 4197 92 78 800762 0 0 0
566 4587 48 79 731012 0 0 0
159 4257 68 50 101136 0 0 0
420 3929 81 55 444020 0 0 0
468 4011 68 76 332252 0 0 0
183 4429 74 49 524506 0 0 0
47 4878 59 70 324807 0 0 0
374 5351 83 58 680748 0 0 0
149 5342 94 59 930662 0 0 0
-15 5412 50 52 523530 0 0 0
-462 5530 47 77 617117 0 0 0
-956 5266 58 67 342520 0 0 0
-700 4780 49 74 187572 0 0 0
-219 5093 55 42 948820 0 0 0
68 5453 92 60 245342 0 0 0
-758 919 89 77 886970 0 0 0
-982 1281 82 42 650466 0 0 0
-1223 828 64 72 362681 0 0 0
-838 343 51 77 165036 0 0 0
-1287 -128 50 44 277710 0 0 0
-1288 -42 69 47 519121 0 0 0
-1453 -374 50 61 314108 0 0 0
-1322 -399 95 74 681533 0 0 0
-1457 -537 89 80 247075 0 0 0
-1709 -135 53 72 684129 0 0 0
-1703 241 58 56 736316 0 0 0
-1722 543 89 50 876109 0 0 0
-1802 234 87 64 347571 0 0 0
-2236 -236 51 63 255521 0 0 0
-2167 251 88 65 617368 0 0 0
-2341 610 57 78 816977 0 0 0
-2837 926 49 47 687260 0 0 0
-3302 1054 75 63 483717 0 0 0
-3527 1421 70 67 388559 0 0 0
-3281 1340 75 66 606366 0 0 0
-3444 1243 69 44 865541 0 0 0
-3075 1703 76 64 499661 0 0 0
-2924 1334 86 82 155480 0 0 0
-3348 1605 70 59 352506 0 0 0
-3504 1971 70 54 379565 0 0 0
-3724 2257 48 57 727071 0 0 0
-4221 2522 50 69 391915 0 0 0
-4227 2338 54 58 891559 0 0 0
-4215 2128 66 54 555650 0 0 0
-3752 1833 79 68 446701 0 0 0
-3537 1593 92 50 741843 0 0 0
-3922 2088 79 50 461759 0 0 0
-4413 1728 61 74 135329 0 0 0
-4604 2197 49 65 951110 0 0 0
-4376 1908 89 76 829899 0 0 0
-4794 1580 79 79 570650 0 0 0
-4761 1966 67 63 761546 0 0 0
-5090 1887 95 75 374157 0 0 0
-4852 1769 74 77 959306 0 0 0
-4553 1911 79 69 437262 0 0 0
-4677 2177 76 60 935403 0 0 0
-4697 2240 83 71 393335 0 0 0
-4422 1900 64 51 566304 0 0 0
-3971 2064 82 77 739204 0 0 0
-3902 1772 78 55 885357 0 0 0
-4131 1536 57 69 288149 0 0 0
-4365 1174 53 43 871630 0 0 0
-4693 1032 65 68 536146 0 0 0
-4741 1241 76 55 633917 0 0 0
-4654 1484 74 65 103251 0 0 0
-4741 1007 83 49 453332 0 0 0
-4358 770 82 48 939973 0 0 0
-4479 1141 85 51 568179 0 0 0
-4061 1235 76 44 156324 0 0 0
-4522 1472 76 79 825434 0 0 0
-4563 1802 75 57 484466 0 0 0
-4756 1896 66 59 257466 0 0 0
-4414 1573 80 53 446082 0 0 0
-4542 1732 71 46 582920 0 0 0
-4169 1906 59 76 586453 0 0 0
-4461 2208 49 57 297131 0 0 0
-4623 2337 90 75 435649 0 0 0
-4385 2619 88 61 134322 0 0 0
-4676 2729 61 72 441935 0 0 0
-5076 2607 68 43 989175 0 0 0
-4895 3098 75 82 314192 0 0 0
-4958 2996 73 48 873500 0 0 0
-5128 3396 53 68 992353 0 0 0
-5562 3548 83 79 438326 0 0 0
-5941 3049 50 70 136979 0 0 0
-5944 3095 84 74 858665 0 0 0
-5649 3448 80 74 910612 0 0 0
-5995 3353 47 53 584806 0 0 0
-6289 3772 95 52 296305 0 0 0
-5799 3827 82 64 325008 0 0 0
-6098 3939 73 72 129004 0 0 0
-6497 3893 83 60 467915 0 0 0
-6323 3845 82 79 322038 0 0 0
-6292 3513 86 68 762737 0 0 0
-6504 3995 56 82 729015 0 0 0
-6595 3933 55 67 438579 0 0 0
-6799 4320 92 51 318587 0 0 0
-7297 4180 87 79 239427 0 0 0
-128 1917 65 48 875853 0 0 0
-576 1712 64 63 590396 0 0 0
-559 1594 82 73 919461 0 0 0
-876 1331 86 79 373145 0 0 0
-1342 1336 61 71 409402 0 0 0
-1434 1186 94 45 620091 0 0 0
-1807 1174 67 81 986843 0 0 0
-1675 746 77 76 816274 0 0 0
-1441 532 83 77 829628 0 0 0
-1583 865 86 82 586819 0 0 0
-1636 601 53 50 140005 0 0 0
-1831 777 72 59 159351 0 0 0
-1397 833 67 71 593454 0 0 0
-1851 1008 52 47 478774 0 0 0
-2271 747 64 51 888206 0 0 0
-2405 673 93 46 487086 0 0 0
-1989 597 80 76 267371 0 0 0
-2062 643 81 82 534584 0 0 0
-2384 743 79 50 647081 0 0 0
-2743 650 75 43 396615 0 0 0
-2637 559 73 78 117919 0 0 0
-3005 471 48 82 125392 0 0 0
-3451 929 64 57 342843 0 0 0
-3263 1019 53 81 255563 0 0 0
-3133 1359 55 55 409664 0 0 0
-2727 1248 74 53 937077 0 0 0
-2404 1651 65 64 992872 0 0 0
-2424 1740 66 66 171244 0 0 0
-2364 1585 48 55 998484 0 0 0
-2554 1564 91 76 813320 0 0 0
-2580 1726 61 42 566707 0 0 0
-2508 1253 85 50 565855 0 0 0
-2503 1605 78 43 396243 0 0 0
-2613 1359 88 76 841445 0 0 0
-3111 1774 69 46 441420 0 0 0
-2769 2236 67 63 330450 0 0 0
-2878 1828 53 66 877998 0 0 0
-2843 2306 95 60 424801 0 0 0
-3159 2154 53 58 157343 0 0 0
-3471 1887 85 58 690512 0 0 0
-3325 2246 79 82 213110 0 0 0
-3789 2236 58 82 892292 0 0 0
-3860 2705 54 53 877783 0 0 0
-3626 2769 68 41 100192 0 0 0
-3886 2371 79 71 471116 0 0 0
-4364 2737 63 71 849087 0 0 0
-4808 2725 86 57 147740 0 0 0
-5003 2718 64 73 404263 0 0 0
-4898 2391 50 66 654856 0 0 0
-4920 1895 90 65 956845 0 0 0
-4981 1760 84 52 400847 0 0 0
-4857 1439 84 41 908320 0 0 0
-5319 1049 89 56 761395 0 0 0
-5552 1460 94 41 256931 0 0 0
-5181 1403 92 65 229022 0 0 0
-5309 1280 70 45 304731 0 0 0
-4940 1606 53 68 892330 0 0 0
-4457 1760 50 50 682026 0 0 0
-4309 2122 95 43 477545 0 0 0
-4361 2391 49 74 659301 0 0 0
-4406 2290 69 58 366670 0 0 0
-4594 2269 73 41 956172 0 0 0
-4624 2107 47 44 449119 0 0 0
-5015 2418 47 43 205974 0 0 0
-5482 1923 52 52 636606 0 0 0
-5887 2070 62 72 922573 0 0 0
-6168 2429 72 82 312591 0 0 0
-5821 1957 55 46 656585 0 0 0
-5702 2287 88 76 954676 0 0 0
-5733 2669 87 44 457315 0 0 0
-6191 2435 79 43 671515 0 0 0
-6483 2414 51 59 743475 0 0 0
-6311 2192 47 64 855351 0 0 0
-6265 2529 74 53 474830 0 0 0
-5929 2933 72 56 522734 0 0 0
-6349 2513 95 65 357614 0 0 0
-6304 2146 82 71 241008 0 0 0
-6384 2158 47 53 871216 0 0 0
-6034 1795 63 62 907465 0 0 0
-5652 1500 57 59 618145 0 0 0
925 1403 59 73 169082 0 0 0
1399 1004 54 64 637418 0 0 0
1303 1160 84 67 590231 0 0 0
1531 821 67 72 451898 0 0 0
1271 929 56 58 718176 0 0 0
1524 1286 64 60 904722 0 0 0
1644 1547 87 61 141619 0 0 0
1888 1942 72 64 206565 0 0 0
1515 2377 48 55 353740 0 0 0
1866 1935 53 78 260323 0 0 0
1875 2165 60 69 900191 0 0 0
2092 1780 87 56 781044 0 0 0
1987 1316 89 71 306004 0 0 0
2130 1276 78 75 524948 0 0 0
2125 1373 47 50 141063 0 0 0
2530 1520 88 67 977192 0 0 0
2539 1730 91 70 538412 0 0 0
2595 1419 70 74 897705 0 0 0
2945 1701 48 49 817004 0 0 0
2565 2069 56 46 934902 0 0 0
2609 2228 95 45 666679 0 0 0
2303 2575 62 43 558361 0 0 0
2146 2494 55 41 970460 0 0 0
2276 2126 68 81 243767 0 0 0
2002 2097 56 54 194912 0 0 0
2085 1919 63 50 664636 0 0 0
1597 2068 65 45 551578 0 0 0
1306 1959 73 82 139228 0 0 0
946 1698 64 44 325544 0 0 0
1104 1836 76 43 735886 0 0 0
1135 1966 75 47 871504 0 0 0
1309 2241 75 54 401801 0 0 0
1542 1801 65 77 302328 0 0 0
1577 1608 65 46 407072 0 0 0
1145 2022 56 78 224507 0 0 0
1142 2123 58 71 563477 0 0 0
739 1800 61 44 573535 0 0 0
457 1941 47 77 706381 0 0 0
470 1516 57 42 660642 0 0 0
261 1102 68 54 393072 0 0 0
-52 1066 91 62 825132 0 0 0
155 1507 66 44 986722 0 0 0
-197 1149 67 81 607184 0 0 0
-115 1148 75 63 223793 0 0 0
-503 1291 79 52 384072 0 0 0
-693 1335 81 56 368254 0 0 0
-844 1303 88 41 251465 0 0 0
-634 1661 61 80 444169 0 0 0
-907 1163 74 72 383858 0 0 0
-1268 1366 62 46 370333 0 0 0
-1044 1432 86 47 732363 0 0 0
-610 1293 92 51 230448 0 0 0
-941 1433 67 62 756951 0 0 0
-1108 1602 52 77 545802 0 0 0
-1000 1201 66 64 404140 0 0 0
-772 1501 72 68 730999 0 0 0
-507 1215 64 48 336581 0 0 0
-88 974 58 63 395665 0 0 0
316 789 57 55 361443 0 0 0
510 520 69 65 539082 0 0 0
117 363 62 78 766377 0 0 0
-30 594 60 43 670192 0 0 0
-248 553 47 68 596061 0 0 0
-423 210 94 43 517736 0 0 0
-37 278 65 52 243907 0 0 0
-1 -89 61 64 496059 0 0 0
388 -270 60 74 773411 0 0 0
638 -637 79 49 638023 0 0 0
327 -478 53 42 548802 0 0 0
507 -763 64 49 647108 0 0 0
136 -563 60 72 361997 0 0 0
-256 -104 57 76 945875 0 0 0
-619 -360 61 48 488964 0 0 0
1759 -1556 85 61 519718 0 0 0
1903 -1963 90 47 150620 0 0 0
2065 -1959 72 72 983800 0 0 0
1841 -1463 57 46 658932 0 0 0
1885 -1838 55 62 932772 0 0 0
2214 -2220 94 56 854671 0 0 0
1722 -2441 52 56 447442 0 0 0
1346 -2225 92 48 840298 0 0 0
1505 -1808 78 79 385027 0 0 0
1694 -1972 77 55 414316 0 0 0
1600 -1748 94 57 946703 0 0 0
1886 -1335 52 75 957126 0 0 0
2131 -1429 69 47 253193 0 0 0
1637 -1775 90 76 666615 0 0 0
1537 -2206 65 43 914510 0 0 0
1225 -1865 76 68 135672 0 0 0
1423 -1643 72 44 460117 0 0 0
1797 -1262 91 80 200240 0 0 0
1613 -881 95 58 825455 0 0 0
1126 -1013 85 59 301452 0 0 0
1466 -1115 84 47 487072 0 0 0
1162 -1608 47 64 344903 0 0 0
1073 -1778 82 78 331606 0 0 0
1055 -1357 73 78 818094 0 0 0
1303 -1714 90 56 882761 0 0 0
1777 -1416 47 59 780362 0 0 0
1940 -1244 89 48 292880 0 0 0
1823 -1556 62 58 536084 0 0 0
1649 -1128 62 65 103313 0 0 0
1643 -1152 52 49 385933 0 0 0
1681 -1393 88 43 637135 0 0 0
1511 -1074 94 69 508452 0 0 0
1386 -1041 64 59 283864 0 0 0
1514 -544 56 73 208638 0 0 0
1959 -551 95 82 799504 0 0 0
1910 -266 90 60 781417 0 0 0
1451 -113 75 53 866292 0 0 0
1927 -29 70 47 464371 0 0 0
2334 -485 68 80 454037 0 0 0
2032 -252 58 67 505350 0 0 0
2020 -290 52 64 679610 0 0 0
1665 -52 66 56 223534 0 0 0
1499 178 65 59 248223 0 0 0
1886 11 71 42 400134 0 0 0
2268 -128 81 67 839593 0 0 0
2296 -99 87 81 961882 0 0 0
2085 -290 60 58 187548 0 0 0
1980 -444 78 76 275337 0 0 0
1909 -854 50 80 791322 0 0 0
2261 -615 58 61 899271 0 0 0
2510 -545 78 44 215299 0 0 0
2874 -595 48 65 515526 0 0 0
3328 -339 59 44 190232 0 0 0
3181 -767 93 42 333197 0 0 0
3006 -373 58 65 785698 0 0 0
3182 -793 47 46 523760 0 0 0
3035 -1009 69 50 817770 0 0 0
2809 -790 51 41 914596 0 0 0
2739 -350 49 78 114093 0 0 0
2285 -679 73 60 301073 0 0 0
2063 -949 58 56 156029 0 0 0
2294 -912 71 69 469554 0 0 0
2104 -654 66 72 204212 0 0 0
2224 -645 55 42 140598 0 0 0
2097 -884 51 56 295424 0 0 0
2465 -1028 66 57 943294 0 0 0
2075 -599 82 54 612828 0 0 0
1743 -330 87 44 496958 0 0 0
1890 -687 63 56 338273 0 0 0
1898 -877 68 77 341023 0 0 0
1884 -1161 86 80 924750 0 0 0
1505 -920 88 55 702146 0 0 0
1086 -571 93 62 496781 0 0 0
591 -168 63 68 378407 0 0 0
529 274 47 55 343297 0 0 0
294 673 93 69 261421 0 0 0
207 651 77 73 763887 0 0 0
-235 369 71 48 678070 0 0 0
-121 554 79 79 564999 0 0 0
-304 951 91 74 762337 0 0 0
-619 1038 85 80 724595 0 0 0
-705 744 62 73 103668 0 0 0
-245 691 51 53 272615 0 0 0
-87 1122 84 60 978740 0 0 0
-561 1175 68 56 406992 0 0 0
-480 1193 52 82 325942 0 0 0
-102 971 83 52 957416 0 0 0
233 1123 53 63 935951 0 0 0
88 1041 76 71 994243 0 0 0
63 1149 69 65 263366 0 0 0
-99 878 54 41 132401 0 0 0
-291 1239 78 71 633794 0 0 0
-393 917 87 45 837957 0 0 0
-359 1160 55 68 524577 0 0 0
-169 699 95 58 268887 0 0 0
225 962 70 51 238269 0 0 0
271 1286 82 67 846512 0 0 0
245 1250 65 78 416511 0 0 0
-369 -411 78 79 449934 0 0 0
-685 30 83 82 130447 0 0 0
-481 -335 76 48 212619 0 0 0
-77 -459 88 45 440888 0 0 0
354 -412 78 55 275253 0 0 0
523 -886 75 45 212414 0 0 0
407 -880 81 43 621010 0 0 0
304 -1348 55 62 759276 0 0 0
792 -1194 58 44 642491 0 0 0
404 -975 51 52 610980 0 0 0
510 -903 55 59 364165 0 0 0
483 -1090 83 61 338969 0 0 0
748 -1377 60 71 268465 0 0 0
263 -1262 50 81 936086 0 0 0
-156 -1427 94 63 744642 0 0 0
50 -1427 85 72 282391 0 0 0
159 -1213 94 41 469356 0 0 0
-270 -1343 52 48 303618 0 0 0
176 -995 65 55 718713 0 0 0
-23 -855 66 53 407159 0 0 0
1462 -1651 56 59 593154 0 0 0
1518 -1655 65 43 609500 0 0 0
1705 -1242 75 78 648193 0 0 0
2184 -1411 72 65 334570 0 0 0
1708 -1566 57 54 613316 0 0 0
1949 -2036 78 82 910352 0 0 0
2414 -1745 79 41 240864 0 0 0
2146 -1875 89 77 998785 0 0 0
2546 -1528 63 52 772799 0 0 0
2679 -1376 62 74 651549 0 0 0
2964 -1059 49 53 775860 0 0 0
3333 -959 55 68 765342 0 0 0
3697 -943 71 55 665787 0 0 0
1023 -1517 82 79 576683 0 0 0
775 -1126 49 45 670569 0 0 0
434 -770 79 69 491314 0 0 0
831 -647 87 57 249829 0 0 0
900 -702 90 42 215356 0 0 0
989 -566 58 77 349893 0 0 0
1057 -156 84 41 259299 0 0 0
1193 129 78 53 395451 0 0 0
955 504 58 81 648776 0 0 0
647 709 52 80 883495 0 0 0
918 278 52 41 809441 0 0 0
666 21 48 72 408123 0 0 0
760 -409 47 71 685642 0 0 0
1145 -713 63 54 802759 0 0 0
954 -842 56 55 224207 0 0 0
642 -652 75 78 125861 0 0 0
1096 -899 48 63 649250 0 0 0
688 -441 77 48 305219 0 0 0
476 -888 67 60 159906 0 0 0
926 -510 73 78 952828 0 0 0
441 -800 66 49 215539 0 0 0
892 -590 48 68 552644 0 0 0
1033 -110 60 62 320326 0 0 0
632 -271 87 48 485507 0 0 0
837 -732 51 72 163245 0 0 0
376 -319 49 62 959923 0 0 0
161 -332 91 57 838214 0 0 0
291 -487 48 63 931101 0 0 0
397 -673 80 73 300839 0 0 0
411 -533 62 79 471019 0 0 0
-22 -359 62 68 119071 0 0 0
332 -369 48 79 580689 0 0 0
-129 -540 93 73 729867 0 0 0
-79 -723 94 62 143690 0 0 0
190 -845 93 55 774907 0 0 0
382 -1225 84 48 366525 0 0 0
322 -1558 82 62 458030 0 0 0
548 -1369 85 75 696158 0 0 0
975 -1123 54 77 723074 0 0 0
609 -1233 80 70 853062 0 0 0
209 -1285 78 63 894293 0 0 0
-154 -1125 94 79 475726 0 0 0
-147 -1459 69 43 920638 0 0 0
-541 -1386 92 58 570526 0 0 0
-942 -925 71 55 390597 0 0 0
-1148 -531 63 57 598327 0 0 0
-872 -633 80 64 688067 0 0 0
-1176 -187 87 44 545251 0 0 0
-874 -629 93 60 998480 0 0 0
-713 -811 88 60 258032 0 0 0
-768 -696 75 65 353880 0 0 0
-639 -862 86 41 987109 0 0 0
-326 -567 53 74 306956 0 0 0
-520 -769 73 66 224289 0 0 0
-278 -779 72 71 273655 0 0 0
-630 -590 68 59 321153 0 0 0
-815 -237 80 78 919592 0 0 0
-1223 -258 65 75 846790 0 0 0
-1508 -741 52 69 170852 0 0 0
-1453 -813 84 78 226739 0 0 0
-1046 -1048 91 61 611469 0 0 0
-1842 1685 92 77 443693 0 0 0
-2246 1255 56 63 445918 0 0 0
-2339 836 85 64 932128 0 0 0
-1874 508 71 70 242750 0 0 0
-1790 488 52 58 796551 0 0 0
-1851 246 47 67 753070 0 0 0
-1399 -214 82 45 618579 0 0 0
-1549 -614 82 63 395675 0 0 0
-1457 -439 71 77 812797 0 0 0
-1947 -528 91 53 448790 0 0 0
-2399 -372 72 78 260274 0 0 0
-2578 -183 75 58 900045 0 0 0
-2340 -549 56 55 173858 0 0 0
-2320 -611 54 58 327624 0 0 0
-1987 -892 77 70 909030 0 0 0
-1838 -979 83 76 452809 0 0 0
-2243 -684 95 76 498784 0 0 0
-2577 -1019 70 64 559430 0 0 0
-2862 -996 87 53 748192 0 0 0
-2654 -626 86 80 179241 0 0 0
-2486 -411 57 49 474861 0 0 0
-2932 -898 75 63 358144 0 0 0
-3054 -1375 52 51 740689 0 0 0
-3310 -1812 94 69 161042 0 0 0
-3268 -1366 81 48 671689 0 0 0
-3199 -1820 58 42 921296 0 0 0
-3164 -1985 87 78 346586 0 0 0
-3127 -1538 73 66 244992 0 0 0
-2845 -2009 90 68 634041 0 0 0
-2508 -2326 92 41 364666 0 0 0
-2594 -2372 54 42 873822 0 0 0
-2853 -2556 70 46 101257 0 0 0
-2751 -3043 84 45 713445 0 0 0
-3167 -3270 94 72 511611 0 0 0
-3135 -3554 63 82 581747 0 0 0
-2889 -4049 70 73 397436 0 0 0
-3039 -3600 64 49 220712 0 0 0
1838 -1333 58 53 598766 0 0 0
2144 -1634 50 72 795468 0 0 0
2558 -1996 48 70 919454 0 0 0
2436 -2225 58 59 234012 0 0 0
2846 -2256 78 55 189509 0 0 0
2851 -2650 58 52 314193 0 0 0
3203 -2886 72 50 975419 0 0 0
2949 -2994 61 57 892026 0 0 0
2551 -3393 74 71 900102 0 0 0
2931 -2990 54 80 104200 0 0 0
3431 -3012 87 65 803513 0 0 0
3408 -3157 88 51 668675 0 0 0
3669 -3514 91 65 398951 0 0 0
4013 -3232 59 49 155670 0 0 0
4143 -3577 91 42 582830 0 0 0
4612 -3249 60 46 376440 0 0 0
4568 -3625 50 75 467249 0 0 0
4999 -3367 84 42 331235 0 0 0
4986 -3423 82 46 810075 0 0 0
4859 -3400 72 49 652423 0 0 0
4562 -3761 50 79 841409 0 0 0
4933 -3757 77 72 327367 0 0 0
5149 -3452 91 44 976468 0 0 0
5554 -3515 71 77 926366 0 0 0
5933 -3397 59 70 742339 0 0 0
5781 -3865 59 62 831954 0 0 0
5397 -3919 90 64 130018 0 0 0
4900 -3975 48 77 663215 0 0 0
4680 -3590 63 82 908852 0 0 0
4509 -3635 95 53 938735 0 0 0
4131 -3926 50 47 407203 0 0 0
4446 -4291 90 71 654679 0 0 0
4328 -4774 49 64 940414 0 0 0
3978 -4677 92 66 445091 0 0 0
4298 -4860 73 44 119228 0 0 0
4772 -4840 87 81 102297 0 0 0
4873 -4603 59 77 740287 0 0 0
5008 -4472 78 54 414642 0 0 0
4679 -4743 70 74 663204 0 0 0
4351 -5229 50 55 133847 0 0 0
3991 -4872 60 60 842342 0 0 0
4242 -5162 76 65 437044 0 0 0
4515 -5004 65 47 148021 0 0 0
4192 -4942 93 62 984236 0 0 0
4036 -5411 72 53 340728 0 0 0
4522 -5094 60 73 785004 0 0 0
4297 -4829 64 62 671329 0 0 0
835 -52 59 46 757984 0 0 0
926 127 85 80 126540 0 0 0
544 108 71 42 161094 0 0 0
182 -204 82 69 921923 0 0 0
372 217 66 61 401535 0 0 0
551 -251 62 45 382096 0 0 0
745 121 71 68 651891 0 0 0
630 328 93 62 259125 0 0 0
600 109 71 53 584324 0 0 0
316 359 64 44 430639 0 0 0
-93 751 70 44 101167 0 0 0
-173 444 62 80 413785 0 0 0
260 933 79 70 825016 0 0 0
-110 1190 93 53 544814 0 0 0
-450 720 76 42 549689 0 0 0
-106 875 73 69 374860 0 0 0
-151 1129 63 77 730122 0 0 0
-471 1170 55 41 884165 0 0 0
-26 688 56 49 846920 0 0 0
208 306 77 63 498086 0 0 0
-188 774 55 43 244374 0 0 0
-659 284 78 63 875100 0 0 0
-948 352 49 47 390284 0 0 0
-1447 97 49 66 313577 0 0 0
-1030 -128 62 77 974029 0 0 0
-992 273 93 81 209885 0 0 0
-541 195 68 67 592713 0 0 0
-247 -284 87 58 748712 0 0 0
130 -689 76 44 673397 0 0 0
588 -516 59 78 303624 0 0 0
132 -97 81 54 971213 0 0 0
-30 327 67 59 608787 0 0 0
400 727 85 82 274962 0 0 0
761 247 91 67 849731 0 0 0
1077 244 53 68 300201 0 0 0
1045 401 94 60 320178 0 0 0
1065 415 58 64 346524 0 0 0
-963 -848 54 58 106840 0 0 0
-968 -854 47 75 460425 0 0 0
-950 -1170 53 71 976053 0 0 0
-1001 -1217 77 61 455209 0 0 0
-579 -1265 88 82 515150 0 0 0
-902 -1741 68 48 611852 0 0 0
-1308 -1593 95 55 389737 0 0 0
-1406 -1371 61 72 708610 0 0 0
-1659 -1355 75 49 838182 0 0 0
-1905 -1047 86 80 676998 0 0 0
-1895 -1074 90 41 738615 0 0 0
-1974 -1043 49 72 613994 0 0 0
-1713 -1103 73 63 758180 0 0 0
-2098 -1307 87 82 230836 0 0 0
-2461 -1675 81 49 990498 0 0 0
-2577 -1988 58 70 542958 0 0 0
-2532 -2392 82 56 482616 0 0 0
-2819 -2774 83 60 725367 0 0 0
-3148 -2456 72 47 594972 0 0 0
-3482 -2886 82 42 425354 0 0 0
-3112 -2844 59 51 512083 0 0 0
1722 -1996 86 41 555738 0 0 0
1428 -2370 71 68 671276 0 0 0
1431 -2638 51 77 873006 0 0 0
1625 -2224 70 57 800896 0 0 0
1483 -2086 76 72 875593 0 0 0
1139 -1868 52 54 349969 0 0 0
1318 -1479 57 71 324079 0 0 0
964 -1796 75 59 786453 0 0 0
502 -2286 71 56 852476 0 0 0
391 -2052 89 43 318813 0 0 0
601 -2028 68 80 768439 0 0 0
424 -2337 47 57 520778 0 0 0
636 -2642 49 57 297757 0 0 0
643 -2241 91 53 739547 0 0 0
729 -1745 78 54 915321 0 0 0
890 -1720 53 61 216538 0 0 0
708 -1619 73 73 813102 0 0 0
822 -1607 87 62 930099 0 0 0
496 -2022 54 46 504521 0 0 0
706 -1751 54 45 124405 0 0 0
307 -1576 91 46 622336 0 0 0
704 -2063 75 78 952935 0 0 0
1160 -1992 91 79 814251 0 0 0
1366 -2167 58 58 677533 0 0 0
1812 -1787 52 46 681140 0 0 0
1367 -2165 66 55 457886 0 0 0
1382 -2474 76 42 851663 0 0 0
1857 -2853 92 63 553763 0 0 0
1410 -3134 87 42 586918 0 0 0
1047 -2755 51 64 554782 0 0 0
1342 -2295 68 72 661214 0 0 0
1779 -2527 56 81 700510 0 0 0
1309 -2782 87 80 652288 0 0 0
1146 -3059 75 60 382944 0 0 0
706 -3556 48 50 332120 0 0 0
507 -3314 47 81 249633 0 0 0
224 -3585 75 67 834925 0 0 0
191 -3450 77 43 293042 0 0 0
1722 1255 59 80 728266 0 0 0
1415 989 48 75 958694 0 0 0
1084 528 67 45 350780 0 0 0
808 252 54 60 853438 0 0 0
677 121 84 43 993083 0 0 0
844 379 84 42 348210 0 0 0
575 -118 78 72 714641 0 0 0
1040 370 61 71 610362 0 0 0
1475 658 47 62 283170 0 0 0
979 1045 73 60 761636 0 0 0
1192 747 82 74 810046 0 0 0
1351 471 64 65 724689 0 0 0
1712 847 47 42 901887 0 0 0
1371 844 69 61 861621 0 0 0
1784 819 72 75 716501 0 0 0
2258 964 61 68 782962 0 0 0
1883 1015 60 43 422962 0 0 0
1794 1264 87 55 464946 0 0 0
2047 947 77 52 603111 0 0 0
1711 888 93 72 267336 0 0 0
2070 765 90 70 223241 0 0 0
2143 1214 82 63 966637 0 0 0
2054 1289 89 41 604867 0 0 0
2199 1376 81 48 511402 0 0 0
2266 1071 83 46 802661 0 0 0
2745 1122 67 67 691445 0 0 0
3230 905 76 78 384874 0 0 0
2847 1015 85 66 714313 0 0 0
2394 1405 56 58 334172 0 0 0
2033 1745 57 56 538104 0 0 0
1797 1908 88 63 474318 0 0 0
2288 1955 74 48 415897 0 0 0
2261 2282 57 62 377162 0 0 0
2688 2122 50 49 456234 0 0 0
2345 2323 93 48 860933 0 0 0
2618 2688 49 55 389776 0 0 0
2897 2263 81 41 593026 0 0 0
2840 2131 52 68 671652 0 0 0
2356 2520 71 53 285615 0 0 0
2726 2682 49 57 557943 0 0 0
2598 2480 51 45 765861 0 0 0
2253 2225 87 70 626584 0 0 0
2223 2517 87 80 222097 0 0 0
2493 2565 65 63 431658 0 0 0
2946 3064 60 41 624967 0 0 0
2646 2744 78 66 816444 0 0 0
2453 2787 69 47 358708 0 0 0
2499 3139 53 58 530887 0 0 0
1140 -746 68 57 462973 0 0 0
1265 -1008 83 56 488869 0 0 0
1123 -577 95 46 626346 0 0 0
1341 -209 59 76 710091 0 0 0
1169 -90 74 72 936731 0 0 0
1370 -503 92 72 414908 0 0 0
1443 -896 94 56 246932 0 0 0
1820 -1347 73 64 400169 0 0 0
2005 -1661 72 54 473025 0 0 0
2432 -1573 78 45 462992 0 0 0
2749 -1687 82 72 647360 0 0 0
2913 -1217 62 81 688465 0 0 0
3370 -1082 65 55 819096 0 0 0
3121 -1278 50 59 426679 0 0 0
3501 -1268 88 82 417671 0 0 0
3977 -793 90 62 576440 0 0 0
4096 -652 89 70 215239 0 0 0
3854 -962 72 62 787976 0 0 0
3977 -623 60 44 194734 0 0 0
4071 -1015 58 51 775954 0 0 0
4103 -1065 84 47 920580 0 0 0
4390 -581 48 67 806254 0 0 0
4822 -540 91 44 193885 0 0 0
4957 -1033 78 74 543875 0 0 0
5182 -838 65 73 330600 0 0 0
5549 -715 86 80 418362 0 0 0
6017 -884 95 81 462638 0 0 0
6274 -1191 75 49 474210 0 0 0
6720 -726 92 60 628092 0 0 0
6242 -865 52 58 177502 0 0 0
6135 -719 51 62 656989 0 0 0
6094 -678 54 53 361465 0 0 0
6008 -212 82 49 429608 0 0 0
6090 -73 54 48 261021 0 0 0
6530 -66 89 47 454298 0 0 0
6589 -76 55 54 103637 0 0 0
6513 -476 67 75 196882 0 0 0
6526 -372 48 54 423591 0 0 0
6269 -222 74 48 897461 0 0 0
5833 59 71 82 987427 0 0 0
5944 143 87 52 247709 0 0 0
6376 530 72 58 205980 0 0 0
6776 603 50 56 603247 0 0 0
6773 1045 89 74 615905 0 0 0
6318 923 55 63 170179 0 0 0
6248 1182 85 61 235530 0 0 0
6107 832 73 67 244574 0 0 0
5773 359 79 63 420914 0 0 0
5875 55 92 44 930488 0 0 0
6247 -71 56 53 660271 0 0 0
6629 242 58 55 694125 0 0 0
6423 260 90 65 613213 0 0 0
6144 -44 48 81 758521 0 0 0
-506 -1929 94 53 281099 0 0 0
-137 -2021 75 64 517674 0 0 0
-239 -2170 84 59 515053 0 0 0
72 -2586 56 41 455467 0 0 0
369 -2510 57 47 624610 0 0 0
4 -2486 71 54 914170 0 0 0
-50 -2072 71 72 711578 0 0 0
-291 -2016 60 77 676168 0 0 0
-737 -2053 57 44 119566 0 0 0
-363 -1559 73 66 957460 0 0 0
-851 -1841 55 63 697756 0 0 0
-432 -1527 69 42 424461 0 0 0
-162 -1143 47 45 749451 0 0 0
-255 -1050 51 72 341407 0 0 0
-680 -1098 49 41 266886 0 0 0
-1004 -927 78 62 214378 0 0 0
-1100 -696 48 51 237781 0 0 0
-1135 -992 73 81 306605 0 0 0
-1072 -739 76 67 333318 0 0 0
-904 -853 53 68 573374 0 0 0
-648 -1078 75 71 438488 0 0 0
-410 -867 74 56 811870 0 0 0
47 -1123 89 64 538016 0 0 0
494 -1405 60 43 759451 0 0 0
526 -1385 89 53 833023 0 0 0
548 -1291 92 51 840026 0 0 0
66 -1502 53 46 303766 0 0 0
-260 -1699 48 72 263626 0 0 0
174 -2192 80 71 768939 0 0 0
-8 -1955 64 74 929036 0 0 0
41 -2117 70 64 112552 0 0 0
283 -1953 50 43 548323 0 0 0
299 -2135 78 72 132950 0 0 0
401 -1991 86 81 832603 0 0 0
564 -2024 51 77 867585 0 0 0
321 -1687 92 48 819706 0 0 0
541 -2008 65 49 120518 0 0 0
56 -1516 63 54 565479 0 0 0
-380 -1552 93 74 931357 0 0 0
-83 -1849 63 68 142974 0 0 0
21 -1973 61 46 133554 0 0 0
-367 -1761 84 53 361209 0 0 0
-490 -2092 64 79 878652 0 0 0
-273 -2050 47 50 106578 0 0 0
47 -1779 85 57 998515 0 0 0
487 -2090 71 46 726075 0 0 0
974 -1677 90 65 187445 0 0 0
1051 -2008 69 55 762053 0 0 0
583 -1962 61 43 718464 0 0 0
238 -2290 85 77 982079 0 0 0
879 -262 90 44 845812 0 0 0
1235 -646 76 66 313706 0 0 0
819 -690 84 63 332315 0 0 0
480 -799 82 81 319521 0 0 0
23 -815 90 41 532757 0 0 0
-41 -696 81 68 977359 0 0 0
-391 -932 68 65 215533 0 0 0
-108 -855 57 42 167310 0 0 0
-319 -1279 52 59 899635 0 0 0
-314 -1159 55 66 814568 0 0 0
93 -710 71 50 806456 0 0 0
-238 -576 82 45 754301 0 0 0
-284 -80 52 64 321370 0 0 0
-118 -59 57 43 266583 0 0 0
285 -141 89 48 651737 0 0 0
-177 335 75 50 927595 0 0 0
-99 194 59 42 450099 0 0 0
-118 161 94 46 453715 0 0 0
-458 -25 59 58 349544 0 0 0
-303 351 83 47 124800 0 0 0
-180 742 71 60 735281 0 0 0
-147 758 94 77 714414 0 0 0
-484 1003 66 73 736758 0 0 0
-129 1060 89 67 178156 0 0 0
127 1525 81 79 703635 0 0 0
439 1450 64 78 496970 0 0 0
-84 629 75 61 154645 0 0 0
-129 228 79 70 522253 0 0 0
-397 199 55 61 624489 0 0 0
-484 -112 82 66 324118 0 0 0
-376 -360 69 58 936372 0 0 0
-291 -206 71 49 622787 0 0 0
-689 -475 81 71 893472 0 0 0
-436 -356 92 59 436621 0 0 0
-475 136 68 67 498638 0 0 0
-286 -120 91 74 420276 0 0 0
-592 -183 76 59 443886 0 0 0
-340 -357 71 53 815801 0 0 0
-387 -814 78 45 167671 0 0 0
101 -889 74 59 949204 0 0 0
84 -1256 86 52 429692 0 0 0
511 -1128 90 49 509961 0 0 0
300 -707 68 81 153597 0 0 0
680 -824 70 65 522253 0 0 0
663 -856 80 75 641620 0 0 0
1009 -1181 65 62 442489 0 0 0
564 -1081 57 47 213077 0 0 0
990 -1036 72 58 963141 0 0 0
887 -1311 85 51 352061 0 0 0
1088 -826 70 47 370796 0 0 0
1166 -492 80 58 252193 0 0 0
1163 -29 72 74 228761 0 0 0
1017 -476 47 52 632314 0 0 0
1469 16 58 75 288378 0 0 0
1937 372 66 75 868844 0 0 0
1862 3 58 56 780138 0 0 0
1367 -204 76 44 640713 0 0 0
1545 -556 63 46 941945 0 0 0
1152 -257 83 61 166781 0 0 0
1437 -647 59 65 491106 0 0 0
1929 -203 48 46 232387 0 0 0
1945 -597 67 47 426244 0 0 0
2371 -1070 78 62 641232 0 0 0
2109 -1526 87 80 164697 0 0 0
2501 -1830 57 50 697437 0 0 0
2223 -1613 65 70 664003 0 0 0
2009 -1447 56 72 425914 0 0 0
-1845 -712 73 67 488856 0 0 0
-2261 -595 64 46 918851 0 0 0
-2392 -710 67 62 757548 0 0 0
-2544 -315 52 69 866842 0 0 0
-2233 -574 83 44 259311 0 0 0
-2657 -855 88 69 875763 0 0 0
-2165 -1299 56 42 924730 0 0 0
-2014 -906 59 66 271141 0 0 0
-2364 -503 64 69 315600 0 0 0
-2644 -551 71 73 875106 0 0 0
-2190 -367 80 56 876412 0 0 0
-2254 -478 74 51 323454 0 0 0
-1970 -530 85 50 564644 0 0 0
-2292 -144 53 59 820028 0 0 0
-2561 178 66 60 117946 0 0 0
-2337 -63 47 54 363623 0 0 0
-2822 272 62 54 697927 0 0 0
1841 -388 60 74 632023 0 0 0
1718 69 70 78 482234 0 0 0
1706 -296 82 81 593902 0 0 0
1345 -82 62 60 821268 0 0 0
1105 -84 58 76 601261 0 0 0
1410 -231 75 76 457621 0 0 0
1787 -130 92 50 599909 0 0 0
1471 238 83 67 124301 0 0 0
1255 -214 75 58 848325 0 0 0
965 -278 62 47 844563 0 0 0
1422 -571 58 46 340163 0 0 0
1411 -615 51 49 790975 0 0 0
1085 -843 56 58 958266 0 0 0
985 -1052 75 52 300616 0 0 0
499 513 94 61 348077 0 0 0
413 330 52 53 835985 0 0 0
409 -92 74 53 402578 0 0 0
871 96 56 53 585248 0 0 0
1318 147 52 44 960893 0 0 0
1641 -233 63 82 457037 0 0 0
1909 -436 61 64 478693 0 0 0
2305 -632 48 44 400049 0 0 0
1936 -295 52 53 906542 0 0 0
1927 -264 51 43 750858 0 0 0
1943 -603 55 71 337739 0 0 0
1938 -696 77 77 135120 0 0 0
2429 -949 56 46 429474 0 0 0
2139 -1095 82 61 409950 0 0 0
2359 -739 69 59 696405 0 0 0
2822 -261 76 41 963949 0 0 0
2796 180 61 77 242524 0 0 0
3243 324 65 42 425275 0 0 0
3056 788 50 72 352308 0 0 0
2961 1221 95 71 355962 0 0 0
2598 1164 53 64 693585 0 0 0
3059 983 87 64 832169 0 0 0
3328 625 54 72 919246 0 0 0
2838 451 65 80 957438 0 0 0
2536 195 53 68 635322 0 0 0
2113 210 94 66 814761 0 0 0
-1162 595 67 64 658706 0 0 0
-666 503 55 69 924164 0 0 0
-913 622 77 55 451547 0 0 0
-1222 799 53 61 762024 0 0 0
-764 1258 93 78 752182 0 0 0
-370 1206 72 48 543044 0 0 0
127 1605 76 73 525297 0 0 0
-120 1450 84 65 479202 0 0 0
-136 1743 48 58 595627 0 0 0
338 1878 90 77 923902 0 0 0
584 2077 74 50 816175 0 0 0
970 2553 49 71 601024 0 0 0
675 2995 65 75 743564 0 0 0
1109 3009 68 75 426346 0 0 0
954 2945 87 60 940363 0 0 0
719 2844 71 79 562693 0 0 0
304 2845 81 55 614290 0 0 0
-167 2916 94 70 852803 0 0 0
243 3204 60 48 518152 0 0 0
79 3362 53 82 600340 0 0 0
47 3096 82 81 961186 0 0 0
-116 3274 50 62 277115 0 0 0
-111 3545 80 56 405259 0 0 0
-29 3162 56 76 205491 0 0 0
417 3317 66 61 783498 0 0 0
467 3010 78 42 720821 0 0 0
836 2906 72 74 173031 0 0 0
418 2431 83 44 226608 0 0 0
854 1977 54 44 361615 0 0 0
708 2016 91 79 936580 0 0 0
748 2409 93 71 950408 0 0 0
594 2737 49 73 826665 0 0 0
788 2317 79 78 141717 0 0 0
1274 2371 70 82 964172 0 0 0
943 2236 64 71 191119 0 0 0
503 2005 80 62 144257 0 0 0
479 2130 69 67 471762 0 0 0
908 1782 55 80 862181 0 0 0
718 1709 49 70 594949 0 0 0
455 1432 55 74 624635 0 0 0
474 1091 75 77 726894 0 0 0
479 1095 86 66 335674 0 0 0
77 791 69 51 208699 0 0 0
351 815 95 63 445330 0 0 0
-107 1051 92 82 427102 0 0 0
-170 1036 52 65 159958 0 0 0
13 787 90 56 436370 0 0 0
505 839 85 76 959455 0 0 0
595 766 49 50 545985 0 0 0
993 710 59 74 980448 0 0 0
983 361 87 48 370583 0 0 0
947 288 92 57 557185 0 0 0
600 238 65 66 898136 0 0 0
909 544 75 65 827643 0 0 0
1020 -1933 65 78 141157 0 0 0
955 -2321 85 49 275678 0 0 0
1347 -2059 65 58 973870 0 0 0
903 -2533 73 73 449181 0 0 0
994 -2987 78 79 945220 0 0 0
1167 -2994 59 65 951965 0 0 0
1024 -2535 47 77 185292 0 0 0
1400 -2182 79 66 290430 0 0 0
1832 -2557 57 61 964277 0 0 0
2084 -2139 70 52 541164 0 0 0
2383 -2637 72 71 742884 0 0 0
2266 -2199 94 63 506535 0 0 0
2318 -2123 76 52 862022 0 0 0
2596 -2066 49 59 150613 0 0 0
2105 -2516 73 50 101529 0 0 0
1482 213 57 69 867934 0 0 0
1433 -183 64 78 237829 0 0 0
1343 -70 81 48 668884 0 0 0
1626 -210 69 76 430364 0 0 0
1967 -590 72 76 353646 0 0 0
2051 -650 53 79 793958 0 0 0
1810 -1098 62 53 859660 0 0 0
1707 -1400 62 51 444201 0 0 0
1494 -1408 80 44 706632 0 0 0
1488 -1380 91 44 978434 0 0 0
1723 -1698 59 54 951260 0 0 0
2048 -1406 91 60 288364 0 0 0
1647 -1028 60 55 394838 0 0 0
1956 -1368 85 65 604105 0 0 0
1914 -976 55 42 412378 0 0 0
1783 -589 80 41 405834 0 0 0
2184 -212 94 75 609648 0 0 0
2081 5 67 70 163288 0 0 0
1767 169 57 81 327348 0 0 0
1421 639 56 59 112593 0 0 0
-1286 72 61 70 937895 0 0 0
-1762 275 67 80 916406 0 0 0
-1547 -117 48 65 552189 0 0 0
-1114 -120 49 52 979034 0 0 0
-947 355 77 41 231363 0 0 0
-754 313 54 59 170818 0 0 0
-1228 346 53 69 601679 0 0 0
-822 432 77 71 296620 0 0 0
-590 802 81 72 278888 0 0 0
-180 679 54 56 992449 0 0 0
113 1173 66 81 618149 0 0 0
321 1167 69 45 338172 0 0 0
511 1609 49 60 412768 0 0 0
836 1503 78 51 197145 0 0 0
383 1165 88 49 282206 0 0 0
650 749 72 72 997336 0 0 0
868 1026 72 54 135879 0 0 0
376 730 71 63 673198 0 0 0
586 1101 56 49 109815 0 0 0
778 1591 61 44 396574 0 0 0
539 1138 68 43 765774 0 0 0
585 900 59 45 370114 0 0 0
137 511 72 65 826821 0 0 0
-256 290 65 55 459132 0 0 0
-258 -53 82 66 971853 0 0 0
-217 0 68 53 253933 0 0 0
-126 -321 69 66 791472 0 0 0
91 -61 53 53 412901 0 0 0
-132 311 64 52 359111 0 0 0
-524 191 64 48 544201 0 0 0
-963 -64 50 67 751504 0 0 0
-680 355 61 78 727780 0 0 0
-415 587 82 65 907555 0 0 0
-851 401 64 62 976972 0 0 0
-595 626 52 45 349947 0 0 0
-772 811 90 73 798348 0 0 0
-692 1208 62 54 297127 0 0 0
-242 1279 72 41 217565 0 0 0
-155 1312 73 63 174268 0 0 0
195 1275 52 70 906613 0 0 0
-32 916 69 74 114487 0 0 0
13 1331 82 80 641845 0 0 0
-429 1415 85 67 984019 0 0 0
-498 965 94 76 341637 0 0 0
-378 861 62 65 946772 0 0 0
-719 1121 60 51 856178 0 0 0
-812 1313 80 42 874373 0 0 0
-465 1549 88 69 184185 0 0 0
-181 1653 50 66 517970 0 0 0
209 1924 51 58 817506 0 0 0
643 2332 70 58 438177 0 0 0
216 2636 54 65 140581 0 0 0
-170 2805 53 41 978425 0 0 0
1583 480 65 44 138565 0 0 0
1458 437 84 64 980751 0 0 0
1395 447 48 44 539031 0 0 0
1327 943 94 46 729074 0 0 0
1219 657 56 62 818359 0 0 0
1682 605 76 67 319717 0 0 0
1808 659 95 82 206336 0 0 0
1378 750 74 42 908736 0 0 0
1760 880 84 80 449539 0 0 0
1333 1054 60 79 358249 0 0 0
1686 625 59 78 532662 0 0 0
1215 604 59 66 128399 0 0 0
1668 988 67 77 187473 0 0 0
2038 602 67 66 764941 0 0 0
1767 146 95 63 827427 0 0 0
1785 483 67 58 912598 0 0 0
1964 762 73 70 747728 0 0 0
1816 892 93 61 361558 0 0 0
2133 1001 68 72 105938 0 0 0
2080 948 61 49 857275 0 0 0
1761 520 69 82 269888 0 0 0
1382 944 81 49 453806 0 0 0
1782 555 68 51 920620 0 0 0
1422 410 85 76 327149 0 0 0
1060 -36 63 62 547494 0 0 0
1099 71 78 63 487470 0 0 0
1154 97 51 57 304770 0 0 0
1166 -174 61 59 960191 0 0 0
1522 -145 64 78 433318 0 0 0
1952 -619 73 60 954186 0 0 0
2235 -479 54 65 420514 0 0 0
2235 -800 56 63 343017 0 0 0
2332 -349 83 55 680612 0 0 0
1904 -517 85 67 419407 0 0 0
1846 -598 66 53 689394 0 0 0
2036 -829 66 42 244802 0 0 0
1589 -595 95 51 812107 0 0 0
1408 -593 68 59 899116 0 0 0
1871 -313 88 62 696130 0 0 0
1623 -259 74 77 858419 0 0 0
2074 -349 63 54 393003 0 0 0
2421 -470 71 65 769154 0 0 0
2236 -785 72 57 835953 0 0 0
2442 -825 91 66 718790 0 0 0
2896 -839 52 78 294459 0 0 0
3174 -1014 55 63 142003 0 0 0
3020 -540 83 51 875387 0 0 0
2905 -56 57 74 516697 0 0 0
2453 313 62 61 581714 0 0 0
2871 12 81 41 406653 0 0 0
2648 56 51 71 401816 0 0 0
3023 425 81 75 838815 0 0 0
3347 297 73 44 622082 0 0 0
2878 167 67 49 502126 0 0 0
2503 647 82 49 389937 0 0 0
2180 629 73 47 740455 0 0 0
1907 803 87 69 978454 0 0 0
2015 962 71 73 558123 0 0 0
2008 1010 79 64 874325 0 0 0
2365 876 60 74 284762 0 0 0
2396 512 72 63 151491 0 0 0
1923 398 88 63 745766 0 0 0
1572 879 65 78 751205 0 0 0
1892 1313 80 75 985766 0 0 0
2039 1768 82 81 160982 0 0 0
2412 1562 62 53 689330 0 0 0
2228 1965 94 71 615989 0 0 0
2094 2187 78 78 628944 0 0 0
2058 2413 87 55 900051 0 0 0
2101 2305 61 47 620313 0 0 0
1638 2646 79 74 583872 0 0 0
1647 2815 70 81 579028 0 0 0
