200
-167 161 19 17 212997 0 0 0
-153 124 23 19 535001 0 0 0
-162 101 18 13 544983 0 0 0
-149 84 16 16 410060 0 0 0
-157 62 31 18 133559 0 0 0
-144 36 28 9 309357 0 0 0
-128 40 31 11 227961 0 0 0
-188 -196 29 16 433267 0 0 0
-154 -172 27 19 994054 0 0 0
-119 -220 19 14 997915 0 0 0
-91 -188 23 13 597225 0 0 0
-136 -145 30 16 900957 0 0 0
-139 -148 16 19 815058 0 0 0
-161 -128 21 17 449828 0 0 0
-125 -87 20 10 688218 0 0 0
-173 -57 18 11 961996 0 0 0
-198 -32 30 19 437759 0 0 0
-207 16 26 13 149756 0 0 0
-161 -7 26 13 447687 0 0 0
-186 -26 17 19 678767 0 0 0
-142 -53 25 19 852821 0 0 0
-189 -43 25 10 893356 0 0 0
-193 -79 27 9 345870 0 0 0
-143 -87 29 17 660007 0 0 0
-131 167 17 12 981961 0 0 0
-97 150 28 17 571400 0 0 0
-106 149 32 10 305946 0 0 0
-120 120 24 15 606076 0 0 0
-150 164 30 14 399680 0 0 0
-120 193 17 15 401288 0 0 0
-81 200 20 10 578574 0 0 0
-72 172 30 17 512307 0 0 0
-58 202 16 11 677778 0 0 0
-17 206 32 11 605644 0 0 0
-52 246 26 18 413917 0 0 0
-11 204 32 17 167277 0 0 0
-12 168 30 10 140546 0 0 0
-38 207 22 19 411251 0 0 0
-41 245 31 12 453772 0 0 0
-12 196 16 9 492565 0 0 0
-5 236 22 9 880982 0 0 0
-192 113 25 11 220080 0 0 0
-154 78 16 12 338969 0 0 0
-196 40 17 9 223459 0 0 0
-177 54 28 17 627782 0 0 0
-188 46 31 18 289393 0 0 0
-219 50 29 15 699323 0 0 0
-256 6 30 17 746083 0 0 0
-285 -41 28 17 319953 0 0 0
-293 -7 20 19 219674 0 0 0
-251 11 16 19 617866 0 0 0
163 64 18 15 457222 0 0 0
115 89 25 9 451876 0 0 0
73 39 19 18 350917 0 0 0
39 48 16 14 924377 0 0 0
52 38 22 16 655307 0 0 0
93 83 21 18 982742 0 0 0
50 82 32 18 575465 0 0 0
0 66 20 18 960785 0 0 0
46 44 19 15 752656 0 0 0
43 83 25 11 977016 0 0 0
77 75 28 10 797358 0 0 0
35 55 20 13 583888 0 0 0
19 46 16 14 516979 0 0 0
-3 37 30 13 110190 0 0 0
13 44 17 9 568379 0 0 0
42 36 19 15 972923 0 0 0
-3 37 27 10 275146 0 0 0
37 52 25 17 173446 0 0 0
65 66 25 15 534176 0 0 0
84 61 18 13 743528 0 0 0
119 30 17 19 741925 0 0 0
86 36 17 10 326927 0 0 0
118 64 29 13 992887 0 0 0
137 85 16 17 399975 0 0 0
181 -94 30 17 202656 0 0 0
212 -78 16 11 679138 0 0 0
177 -104 17 17 661388 0 0 0
219 -124 28 10 288363 0 0 0
171 -98 20 15 380421 0 0 0
128 -55 22 11 189040 0 0 0
170 -66 27 14 934238 0 0 0
199 -46 30 18 785504 0 0 0
222 -72 30 19 484564 0 0 0
176 -71 27 9 806901 0 0 0
140 -28 30 9 625057 0 0 0
101 22 31 14 524518 0 0 0
88 57 31 15 100198 0 0 0
38 87 25 17 922318 0 0 0
44 85 31 19 176923 0 0 0
18 103 17 19 238833 0 0 0
-16 62 16 18 805924 0 0 0
-33 104 19 19 564320 0 0 0
-49 71 31 16 217988 0 0 0
138 -197 24 9 729014 0 0 0
100 -229 26 19 727123 0 0 0
118 -205 32 17 380597 0 0 0
69 -224 19 17 115635 0 0 0
-102 -163 17 14 890798 0 0 0
-72 -161 30 14 377148 0 0 0
-54 -145 22 10 605665 0 0 0
-33 -143 29 9 119337 0 0 0
-1 -157 16 13 610486 0 0 0
8 -159 24 18 206348 0 0 0
40 -138 16 12 840635 0 0 0
30 -98 21 9 962765 0 0 0
45 -56 26 16 297181 0 0 0
52 -35 30 14 657429 0 0 0
89 -14 26 10 320981 0 0 0
45 23 16 11 757385 0 0 0
64 61 19 10 790491 0 0 0
40 53 32 10 686570 0 0 0
-10 63 17 10 791432 0 0 0
-14 81 29 17 534547 0 0 0
119 -14 29 16 784580 0 0 0
119 -59 29 18 658278 0 0 0
82 -100 19 18 385306 0 0 0
115 -120 27 17 875687 0 0 0
134 -105 30 15 450031 0 0 0
94 -142 32 12 618106 0 0 0
135 -127 21 9 929815 0 0 0
107 -138 20 18 726908 0 0 0
137 -150 32 11 599164 0 0 0
184 -132 17 14 233039 0 0 0
219 -92 25 10 927889 0 0 0
234 -141 26 15 982680 0 0 0
219 -109 16 17 361908 0 0 0
241 -106 18 16 575828 0 0 0
246 -83 27 10 185419 0 0 0
213 -131 22 19 440977 0 0 0
205 -137 31 19 736743 0 0 0
129 -144 22 15 121552 0 0 0
95 -102 20 19 818589 0 0 0
137 -64 26 13 201667 0 0 0
172 -28 26 14 860049 0 0 0
126 2 32 10 508605 0 0 0
171 -11 29 10 278406 0 0 0
205 39 28 15 484116 0 0 0
205 48 29 11 863200 0 0 0
171 24 16 13 345888 0 0 0
193 52 31 13 746363 0 0 0
172 47 32 15 434998 0 0 0
210 64 32 11 620005 0 0 0
197 74 28 17 587930 0 0 0
178 105 32 12 989111 0 0 0
184 123 17 10 126810 0 0 0
224 94 23 19 955519 0 0 0
189 77 20 12 791451 0 0 0
191 51 16 14 481401 0 0 0
-160 148 17 10 281551 0 0 0
-146 139 22 14 240935 0 0 0
-160 181 26 17 734162 0 0 0
-161 135 23 16 759132 0 0 0
-186 109 18 13 917247 0 0 0
-186 152 23 11 823495 0 0 0
-211 191 23 19 712928 0 0 0
-173 192 31 12 278207 0 0 0
-201 221 23 14 991424 0 0 0
-200 192 17 15 307589 0 0 0
-215 181 21 15 406587 0 0 0
-248 179 16 12 230847 0 0 0
-286 222 18 16 831463 0 0 0
-180 20 24 9 293604 0 0 0
-159 -12 22 12 427799 0 0 0
-202 33 22 11 937429 0 0 0
-167 60 17 10 847729 0 0 0
-122 81 25 10 830124 0 0 0
-155 131 18 12 265066 0 0 0
-137 139 28 15 288844 0 0 0
-173 126 20 16 566669 0 0 0
-194 105 21 10 994305 0 0 0
-205 98 28 17 992347 0 0 0
24 73 25 14 709358 0 0 0
71 33 24 10 156878 0 0 0
74 6 21 10 443615 0 0 0
105 29 29 16 943448 0 0 0
104 27 28 13 724218 0 0 0
129 14 32 19 105827 0 0 0
102 47 32 13 825289 0 0 0
93 13 19 9 113555 0 0 0
99 -33 16 17 149757 0 0 0
110 -47 20 10 337557 0 0 0
152 -90 19 16 153229 0 0 0
116 -69 17 17 846542 0 0 0
150 -38 17 9 280373 0 0 0
108 -60 20 13 270936 0 0 0
139 -43 31 15 268640 0 0 0
-3 176 19 14 127486 0 0 0
-18 161 26 18 260563 0 0 0
-3 162 25 17 421542 0 0 0
-10 157 32 14 126235 0 0 0
19 182 22 19 224037 0 0 0
17 190 28 11 749764 0 0 0
16 152 28 9 916037 0 0 0
-4 135 32 11 799209 0 0 0
36 144 29 9 736056 0 0 0
73 143 21 18 314624 0 0 0
55 182 22 18 812976 0 0 0
6 232 22 17 778939 0 0 0
48 257 32 10 531455 0 0 0
