200
98 28 26 18 236336 0 0 0
98 -5 29 14 947936 0 0 0
81 -44 31 11 219736 0 0 0
119 -91 19 9 446599 0 0 0
108 -51 25 11 644902 0 0 0
136 -48 22 11 281805 0 0 0
160 -16 31 18 686354 0 0 0
116 -14 30 15 130202 0 0 0
105 -33 23 12 807360 0 0 0
88 8 18 10 390994 0 0 0
109 -31 22 17 513877 0 0 0
59 -27 20 19 455495 0 0 0
36 21 25 18 344219 0 0 0
17 -18 17 15 376443 0 0 0
41 -16 21 11 622422 0 0 0
85 -6 32 12 147944 0 0 0
105 -15 21 13 457775 0 0 0
137 -5 18 10 366387 0 0 0
139 -19 18 18 447911 0 0 0
133 -14 25 14 184621 0 0 0
150 -57 28 11 969732 0 0 0
196 -78 27 13 955136 0 0 0
205 -44 24 15 374878 0 0 0
-96 -141 31 18 564797 0 0 0
-75 -147 27 14 625602 0 0 0
-94 -171 29 9 418296 0 0 0
-54 -122 28 15 871697 0 0 0
-58 -97 32 10 846394 0 0 0
-13 -53 25 14 190122 0 0 0
35 -58 19 18 917735 0 0 0
2 -49 30 13 114486 0 0 0
-38 -81 19 19 922851 0 0 0
-86 -48 20 13 581764 0 0 0
-63 -1 20 19 793351 0 0 0
-17 -4 24 10 920626 0 0 0
-184 137 31 15 361430 0 0 0
-192 154 23 16 860867 0 0 0
-188 160 24 17 193529 0 0 0
-173 187 30 16 317624 0 0 0
-215 209 28 17 288801 0 0 0
-222 214 20 19 788259 0 0 0
-241 176 17 19 541384 0 0 0
-219 212 16 14 711562 0 0 0
-267 220 29 11 960988 0 0 0
-317 245 25 11 278042 0 0 0
-317 199 22 17 859037 0 0 0
-340 165 27 14 445794 0 0 0
-354 122 24 13 944200 0 0 0
-403 147 17 12 619823 0 0 0
-400 148 31 13 735064 0 0 0
-420 154 21 14 748768 0 0 0
-371 144 21 14 501672 0 0 0
-411 112 21 18 351262 0 0 0
-440 76 32 14 969949 0 0 0
-456 55 22 19 534821 0 0 0
-434 26 25 14 812554 0 0 0
-424 39 17 14 531347 0 0 0
-442 77 26 19 783723 0 0 0
-482 102 19 18 865064 0 0 0
-447 85 19 16 411344 0 0 0
-403 113 25 10 919172 0 0 0
-390 69 23 16 408527 0 0 0
-430 91 30 14 640457 0 0 0
-467 107 22 18 161045 0 0 0
-465 136 31 17 542450 0 0 0
-136 86 31 9 341229 0 0 0
-118 124 21 13 624675 0 0 0
-123 147 22 12 819511 0 0 0
-83 97 25 12 755359 0 0 0
-57 76 28 15 353162 0 0 0
-89 100 16 9 280195 0 0 0
-86 71 19 18 673155 0 0 0
-36 28 21 17 343907 0 0 0
-31 27 19 10 223226 0 0 0
-65 69 18 11 563114 0 0 0
-54 90 22 14 111089 0 0 0
-46 100 24 14 840790 0 0 0
-65 138 24 10 942661 0 0 0
-18 139 21 11 408480 0 0 0
-18 95 22 19 699692 0 0 0
-9 136 29 17 803743 0 0 0
29 176 20 17 506421 0 0 0
23 141 28 12 535105 0 0 0
73 124 23 19 950343 0 0 0
27 169 16 13 168045 0 0 0
-13 166 31 18 789508 0 0 0
-59 147 28 19 791235 0 0 0
-103 137 16 19 947942 0 0 0
-132 155 16 16 646929 0 0 0
-173 186 32 12 292771 0 0 0
-146 222 22 14 507210 0 0 0
-197 181 17 9 652708 0 0 0
-229 206 16 10 283170 0 0 0
-246 255 30 11 674246 0 0 0
-243 272 32 11 800522 0 0 0
-279 306 21 16 805174 0 0 0
-240 289 21 14 124670 0 0 0
-191 318 22 10 739015 0 0 0
-181 295 18 12 768533 0 0 0
-167 263 32 18 937856 0 0 0
-158 294 29 11 374199 0 0 0
-160 286 32 12 295718 0 0 0
-157 278 19 15 612785 0 0 0
-155 250 20 16 860426 0 0 0
-129 267 30 15 141582 0 0 0
-122 217 18 14 903617 0 0 0
-171 243 32 10 694732 0 0 0
-137 153 18 10 504944 0 0 0
-127 153 17 18 125573 0 0 0
-144 196 23 9 303328 0 0 0
-153 167 17 12 910778 0 0 0
-120 140 18 10 230478 0 0 0
-80 168 16 19 906154 0 0 0
-41 160 20 15 705221 0 0 0
-28 156 32 9 812790 0 0 0
-29 119 17 9 452125 0 0 0
3 106 25 11 642891 0 0 0
13 110 18 15 828906 0 0 0
52 121 23 14 929407 0 0 0
51 77 29 15 232391 0 0 0
40 52 32 14 166078 0 0 0
20 33 30 15 981319 0 0 0
4 73 20 18 988687 0 0 0
47 78 23 11 174243 0 0 0
46 -56 25 12 602106 0 0 0
16 -47 32 19 690038 0 0 0
-3 -74 29 17 379138 0 0 0
-23 -26 25 13 638029 0 0 0
22 -10 27 16 989488 0 0 0
54 -60 21 15 455348 0 0 0
78 -118 21 17 840720 0 0 0
45 -94 18 11 305539 0 0 0
15 -114 23 19 105142 0 0 0
-86 -68 22 11 953365 0 0 0
-91 -74 31 16 484542 0 0 0
-122 -33 27 16 734537 0 0 0
-120 -68 21 9 136274 0 0 0
-72 -55 23 15 769288 0 0 0
-70 -49 28 18 238382 0 0 0
-97 -43 19 16 428412 0 0 0
-92 -80 31 10 803678 0 0 0
-110 -116 17 14 815674 0 0 0
-103 -77 31 17 798171 0 0 0
-58 -76 25 19 418976 0 0 0
-84 -95 32 9 659964 0 0 0
-108 -131 30 18 481372 0 0 0
-116 -161 32 18 488079 0 0 0
70 12 27 11 386843 0 0 0
91 13 29 10 712641 0 0 0
104 25 28 14 719904 0 0 0
107 -23 27 13 597145 0 0 0
66 27 19 11 797679 0 0 0
40 61 30 12 337968 0 0 0
61 18 31 19 560451 0 0 0
176 -3 23 10 540809 0 0 0
149 45 26 14 633674 0 0 0
154 12 27 9 119094 0 0 0
179 56 17 14 400893 0 0 0
191 35 20 17 908280 0 0 0
226 76 28 17 903333 0 0 0
207 57 18 14 401599 0 0 0
242 79 23 16 211152 0 0 0
193 48 24 19 259722 0 0 0
-161 150 30 13 462574 0 0 0
-184 115 23 13 789798 0 0 0
-135 70 28 12 715152 0 0 0
-115 34 21 13 895988 0 0 0
-82 33 29 10 103308 0 0 0
-127 28 26 17 178343 0 0 0
-141 62 20 19 266701 0 0 0
-108 69 23 11 216459 0 0 0
-62 114 17 9 304380 0 0 0
-12 79 17 12 792641 0 0 0
-18 -29 32 15 947262 0 0 0
-53 -70 22 15 272394 0 0 0
-34 -62 29 15 504696 0 0 0
-76 -54 17 19 963907 0 0 0
-29 -83 30 10 844230 0 0 0
-40 -41 31 12 461941 0 0 0
-5 -78 29 16 479366 0 0 0
-51 -53 16 12 631813 0 0 0
-57 -67 20 18 114946 0 0 0
-94 -48 22 10 790437 0 0 0
-61 -29 16 14 351548 0 0 0
-61 -68 16 10 877834 0 0 0
-72 -18 31 13 884627 0 0 0
-62 -66 25 15 707678 0 0 0
-169 90 31 17 757730 0 0 0
-131 119 22 10 380578 0 0 0
-81 69 21 17 687139 0 0 0
-99 23 25 17 224984 0 0 0
-82 33 21 19 505765 0 0 0
-56 71 23 12 838869 0 0 0
-105 60 30 13 316085 0 0 0
-137 60 21 16 787191 0 0 0
-144 44 23 10 791190 0 0 0
-107 93 31 14 164843 0 0 0
-110 131 30 17 110729 0 0 0
-98 166 31 9 739750 0 0 0
-124 177 23 18 108047 0 0 0
