200
55 -42 24 14 863025 0 0 0
84 -29 16 13 783331 0 0 0
46 -77 23 19 223651 0 0 0
59 -71 25 11 680714 0 0 0
37 -114 20 17 690517 0 0 0
12 -106 32 18 570814 0 0 0
53 -67 22 14 138480 0 0 0
73 -56 28 16 146382 0 0 0
101 -28 32 14 394779 0 0 0
126 9 30 16 548846 0 0 0
101 38 24 11 611258 0 0 0
142 22 28 11 654904 0 0 0
184 18 22 13 269275 0 0 0
225 40 19 14 770889 0 0 0
215 63 32 10 391740 0 0 0
261 57 22 19 456715 0 0 0
286 63 31 19 801549 0 0 0
127 45 25 15 737950 0 0 0
96 39 17 15 177597 0 0 0
-136 -68 18 14 374018 0 0 0
-147 -48 28 17 332687 0 0 0
-167 -17 30 11 897998 0 0 0
-158 33 26 10 133659 0 0 0
-207 7 29 19 635093 0 0 0
-175 -1 25 12 553487 0 0 0
-188 -51 30 16 629117 0 0 0
-238 -81 16 12 203680 0 0 0
-137 28 28 13 256336 0 0 0
-108 29 23 9 983424 0 0 0
36 -180 20 18 972909 0 0 0
19 -213 31 14 213272 0 0 0
48 -216 28 19 222471 0 0 0
46 -169 17 11 257955 0 0 0
92 -183 30 11 746387 0 0 0
102 -133 20 14 550104 0 0 0
52 -146 31 19 542900 0 0 0
18 -168 29 12 137924 0 0 0
47 -189 21 14 700976 0 0 0
88 -146 25 9 583118 0 0 0
89 -100 28 9 417063 0 0 0
139 -120 26 18 875653 0 0 0
148 -146 16 13 265432 0 0 0
-52 19 24 13 272219 0 0 0
-42 52 22 14 808570 0 0 0
-91 12 18 9 114969 0 0 0
-134 22 26 19 494541 0 0 0
-126 -10 21 19 271138 0 0 0
-126 14 26 13 225393 0 0 0
-136 60 30 16 987766 0 0 0
-183 76 22 14 157343 0 0 0
-141 121 31 13 833945 0 0 0
-99 97 29 17 669913 0 0 0
-126 135 23 15 141842 0 0 0
-169 148 30 18 445104 0 0 0
-184 124 20 9 656351 0 0 0
-222 150 32 18 389810 0 0 0
-184 148 27 13 721371 0 0 0
-163 131 24 10 870798 0 0 0
62 28 21 13 784536 0 0 0
37 -5 30 15 651523 0 0 0
-9 -45 21 9 729432 0 0 0
-11 -74 19 9 638092 0 0 0
14 -63 31 17 488834 0 0 0
-29 -113 26 9 870341 0 0 0
17 -95 27 18 238955 0 0 0
63 -46 26 17 200329 0 0 0
76 -54 31 16 336231 0 0 0
78 -32 17 15 137107 0 0 0
107 -5 29 9 968645 0 0 0
112 35 28 18 583298 0 0 0
-173 -115 28 14 941727 0 0 0
-222 -77 17 19 719888 0 0 0
-240 -122 28 13 737257 0 0 0
-192 -139 24 19 520020 0 0 0
-159 -155 17 9 534037 0 0 0
-125 -159 30 19 598884 0 0 0
-138 -127 25 14 456832 0 0 0
-145 -174 26 16 119943 0 0 0
-129 -207 17 13 502782 0 0 0
-141 -208 26 11 171363 0 0 0
-98 -205 18 12 255213 0 0 0
182 144 16 17 732173 0 0 0
207 193 25 13 196175 0 0 0
199 190 17 19 574299 0 0 0
203 163 24 9 289586 0 0 0
203 121 27 11 832424 0 0 0
188 134 22 12 792164 0 0 0
153 42 22 10 163616 0 0 0
197 15 19 14 279776 0 0 0
238 15 27 14 808408 0 0 0
234 -10 32 14 545687 0 0 0
200 -55 16 14 525151 0 0 0
200 -68 18 17 353871 0 0 0
238 -99 25 16 615848 0 0 0
-4 160 17 14 306426 0 0 0
16 161 25 19 817239 0 0 0
-4 164 18 9 957733 0 0 0
-28 166 23 17 306276 0 0 0
-23 141 30 9 669659 0 0 0
-37 141 16 15 219161 0 0 0
-12 189 28 14 446743 0 0 0
20 198 27 11 519685 0 0 0
24 200 18 10 214430 0 0 0
8 151 21 12 651322 0 0 0
2 180 16 11 911011 0 0 0
15 188 16 16 110965 0 0 0
52 178 21 14 123621 0 0 0
13 160 30 17 767150 0 0 0
25 109 19 10 501252 0 0 0
65 127 18 9 434447 0 0 0
75 85 28 9 675608 0 0 0
78 135 32 15 440951 0 0 0
117 133 28 16 996574 0 0 0
72 116 22 10 987788 0 0 0
30 92 29 9 574303 0 0 0
21 72 16 15 559292 0 0 0
1 57 29 15 165792 0 0 0
-24 81 28 17 766210 0 0 0
-50 39 26 17 549016 0 0 0
-58 12 19 12 587572 0 0 0
157 -161 28 9 250597 0 0 0
171 -204 18 13 199467 0 0 0
196 -250 23 10 267480 0 0 0
221 -242 32 16 725829 0 0 0
250 -281 23 19 167064 0 0 0
265 -289 25 14 186637 0 0 0
269 -267 23 10 822650 0 0 0
270 -250 28 12 931928 0 0 0
289 -205 21 17 801794 0 0 0
290 -232 26 11 186105 0 0 0
333 -218 16 11 346000 0 0 0
292 -238 24 16 510404 0 0 0
273 -263 26 10 505499 0 0 0
267 -240 26 10 437912 0 0 0
304 -240 30 14 302355 0 0 0
311 -283 30 16 333360 0 0 0
275 -331 32 9 994673 0 0 0
308 -315 27 13 729543 0 0 0
264 -332 18 10 850481 0 0 0
-1 131 28 13 919818 0 0 0
-8 129 31 17 801191 0 0 0
-36 82 19 11 303968 0 0 0
9 130 18 12 210228 0 0 0
41 134 26 10 999989 0 0 0
67 142 22 9 705754 0 0 0
32 143 26 11 195130 0 0 0
12 148 22 9 213780 0 0 0
-29 170 26 18 514624 0 0 0
-6 -131 32 16 282503 0 0 0
-39 -136 31 13 857398 0 0 0
-45 -182 29 10 533912 0 0 0
0 -158 17 9 835894 0 0 0
-17 -145 30 18 170039 0 0 0
-21 -174 17 13 149324 0 0 0
-23 -164 23 15 280152 0 0 0
-29 -186 27 18 596630 0 0 0
17 -171 19 19 824909 0 0 0
-11 -174 17 10 410909 0 0 0
-13 -167 29 13 450448 0 0 0
-19 -9 22 12 418371 0 0 0
-23 -43 17 17 329402 0 0 0
20 -35 19 9 983153 0 0 0
64 -24 29 12 968238 0 0 0
85 -59 17 18 132128 0 0 0
79 -64 18 13 884596 0 0 0
62 -31 26 10 558959 0 0 0
58 -37 21 10 248809 0 0 0
147 95 30 19 849620 0 0 0
117 55 18 17 843771 0 0 0
112 35 27 14 316326 0 0 0
122 45 27 11 556123 0 0 0
93 47 20 16 678683 0 0 0
50 71 27 15 258788 0 0 0
77 34 20 11 524124 0 0 0
111 34 16 19 787276 0 0 0
-151 -127 29 16 253038 0 0 0
-172 -152 29 12 341722 0 0 0
-190 -194 21 14 352307 0 0 0
-236 -149 26 17 668294 0 0 0
39 -159 27 9 325295 0 0 0
54 -207 32 19 429706 0 0 0
59 -206 29 12 913889 0 0 0
31 -193 23 16 282589 0 0 0
64 -190 18 17 735018 0 0 0
59 -154 18 18 390067 0 0 0
61 -104 30 19 780433 0 0 0
26 -78 21 17 691973 0 0 0
16 -87 16 16 559287 0 0 0
50 145 21 11 246479 0 0 0
188 -119 19 11 461550 0 0 0
-73 -97 29 18 853176 0 0 0
191 170 25 9 864139 0 0 0
-131 -9 27 18 827955 0 0 0
-114 -6 28 18 665140 0 0 0
-88 -125 19 18 737268 0 0 0
156 111 23 17 527031 0 0 0
72 126 30 14 575991 0 0 0
28 44 29 17 531027 0 0 0
178 102 21 11 814057 0 0 0
177 -144 26 13 371526 0 0 0
