2100
1662 -1915 73 46 567975 0 0 0
1779 -1619 69 83 320778 0 0 0
1889 -1722 53 76 372698 0 0 0
2183 -2227 51 64 948020 0 0 0
2571 -1863 58 66 791302 0 0 0
3038 -1351 65 83 387419 0 0 0
2807 -1642 61 67 140338 0 0 0
2579 -1796 92 75 554795 0 0 0
2607 -1575 54 53 254240 0 0 0
2558 -1896 78 59 241196 0 0 0
2788 -1754 67 46 339650 0 0 0
2848 -2012 57 82 478553 0 0 0
2655 -1653 86 56 751375 0 0 0
3120 -1827 94 50 560536 0 0 0
2929 -1952 94 59 911218 0 0 0
2834 -2415 95 73 608095 0 0 0
3281 -2361 91 70 696443 0 0 0
3504 -2180 83 66 813042 0 0 0
3040 -2547 96 65 453388 0 0 0
2709 -2359 56 45 660103 0 0 0
2963 -2541 83 45 693377 0 0 0
2655 -2418 73 60 755378 0 0 0
2401 -2544 63 53 923477 0 0 0
2679 -2731 51 80 391609 0 0 0
3140 -2789 52 50 621980 0 0 0
3230 -3249 50 65 137107 0 0 0
3028 -3585 60 56 804851 0 0 0
3264 -3148 92 53 731535 0 0 0
3766 -2883 90 64 178927 0 0 0
3284 -3247 88 54 717661 0 0 0
2983 -2941 58 67 273180 0 0 0
2628 -3131 93 82 491510 0 0 0
3021 -3086 80 73 855877 0 0 0
2977 -3171 53 62 129882 0 0 0
3301 -2838 92 73 798541 0 0 0
3709 -2875 55 73 388577 0 0 0
3692 -3086 73 59 279164 0 0 0
3724 -3200 60 52 573061 0 0 0
-1233 1826 83 72 137818 0 0 0
-1060 2161 82 70 353352 0 0 0
-1342 2176 67 62 607970 0 0 0
-1040 2432 69 55 292999 0 0 0
-1201 2739 85 57 882402 0 0 0
-743 2698 55 72 473189 0 0 0
-1078 2288 98 55 329968 0 0 0
-1274 2347 55 69 163534 0 0 0
-1589 2282 53 43 848453 0 0 0
-1084 2124 60 47 741702 0 0 0
-795 2198 55 73 676873 0 0 0
-462 2451 92 47 230031 0 0 0
-470 2871 74 43 131310 0 0 0
-589 3043 57 82 796108 0 0 0
-959 3056 94 81 856519 0 0 0
-1291 2913 62 75 427562 0 0 0
-1809 3220 52 68 285139 0 0 0
-1870 3221 80 77 876817 0 0 0
-2321 2928 84 54 353504 0 0 0
-2592 3382 81 79 265509 0 0 0
-2705 3643 63 65 914261 0 0 0
-2381 3833 96 79 673240 0 0 0
1858 -1916 93 62 477169 0 0 0
1452 -2226 81 67 126756 0 0 0
1145 -2514 62 61 452536 0 0 0
1051 -2791 66 76 190108 0 0 0
1032 -3157 54 44 732932 0 0 0
936 -2985 88 43 138851 0 0 0
753 -2980 56 59 256056 0 0 0
894 -3486 68 69 873128 0 0 0
591 -3601 78 58 479734 0 0 0
446 -4044 54 72 692295 0 0 0
823 -4156 55 44 968656 0 0 0
557 -4406 77 54 522520 0 0 0
1047 -4193 67 55 854287 0 0 0
623 -4486 95 72 624327 0 0 0
1016 -4175 84 82 551268 0 0 0
1253 -4106 87 64 456458 0 0 0
1341 -4448 79 74 593060 0 0 0
1121 -4657 82 78 584976 0 0 0
1612 -5153 60 42 584585 0 0 0
2015 -5110 49 61 799643 0 0 0
2177 -5359 98 54 727617 0 0 0
1712 -5620 52 73 886036 0 0 0
1994 -5175 59 85 959725 0 0 0
2088 -5118 64 84 828304 0 0 0
2479 -5296 85 79 407763 0 0 0
2665 -5448 97 76 145760 0 0 0
2293 -4967 49 42 360950 0 0 0
2557 -4934 97 51 637611 0 0 0
2219 -5188 80 52 705561 0 0 0
2291 -5252 53 74 336085 0 0 0
1878 -5192 50 74 808038 0 0 0
1888 -5201 68 77 789290 0 0 0
2398 -5448 52 59 237111 0 0 0
2697 -5075 60 84 930235 0 0 0
3072 -5267 92 66 455829 0 0 0
2665 -5615 78 49 894464 0 0 0
2778 -5822 76 72 617427 0 0 0
2367 -5341 81 42 468016 0 0 0
1842 -5159 80 56 646728 0 0 0
2191 -4666 79 43 843117 0 0 0
2187 -4925 59 50 751746 0 0 0
-523 801 77 69 342126 0 0 0
-343 1198 78 62 698194 0 0 0
-406 929 76 80 400071 0 0 0
-31 1264 84 46 222823 0 0 0
160 1736 53 84 388971 0 0 0
47 2014 55 57 566272 0 0 0
553 1574 88 80 254557 0 0 0
347 1087 90 45 501538 0 0 0
566 1345 67 47 455566 0 0 0
590 886 66 66 454211 0 0 0
363 892 76 45 713806 0 0 0
708 1222 53 84 499137 0 0 0
703 891 83 53 978352 0 0 0
388 1210 50 79 431498 0 0 0
239 1587 97 56 681211 0 0 0
310 1115 79 64 350572 0 0 0
-78 1286 69 67 682164 0 0 0
-75 1336 95 56 118221 0 0 0
-90 1277 63 69 742187 0 0 0
-43 1788 86 60 486228 0 0 0
114 1965 95 59 518861 0 0 0
351 2235 62 64 317932 0 0 0
75 2570 98 42 389409 0 0 0
434 2792 65 66 545350 0 0 0
298 2852 90 65 597913 0 0 0
322 2426 61 75 155137 0 0 0
528 2062 80 48 183042 0 0 0
509 2479 69 54 381092 0 0 0
103 2384 86 65 655412 0 0 0
-259 2153 65 61 465326 0 0 0
-348 2186 66 63 219398 0 0 0
-697 2586 89 82 922504 0 0 0
-642 2762 58 85 987137 0 0 0
-247 2775 74 75 713445 0 0 0
-212 2722 79 75 353103 0 0 0
-609 2293 77 75 664659 0 0 0
-1876 1516 55 84 620575 0 0 0
-2213 1239 86 58 659920 0 0 0
-1964 1606 67 85 342799 0 0 0
-2146 2039 82 75 693388 0 0 0
-2212 2514 82 52 464936 0 0 0
-1784 2509 70 84 691241 0 0 0
-1827 2593 56 55 269647 0 0 0
-1523 2667 66 67 696988 0 0 0
-1429 2177 63 50 950908 0 0 0
-1276 2116 53 71 897230 0 0 0
-901 2023 74 72 281073 0 0 0
-572 2479 96 79 252970 0 0 0
-620 2042 67 69 278431 0 0 0
-683 2418 92 76 917662 0 0 0
-715 2875 56 72 401657 0 0 0
-951 2741 74 61 590685 0 0 0
-1394 2577 92 73 895651 0 0 0
-1004 2485 85 56 993572 0 0 0
-792 2507 95 68 748924 0 0 0
-729 1983 60 54 635869 0 0 0
-436 2251 60 63 971013 0 0 0
-495 2232 65 72 433703 0 0 0
-397 2077 60 75 137874 0 0 0
-101 2453 84 62 958507 0 0 0
58 2871 73 83 383036 0 0 0
567 3040 86 73 995081 0 0 0
441 3502 50 72 398388 0 0 0
681 3685 50 65 175208 0 0 0
566 3648 85 43 301114 0 0 0
597 3895 80 49 659847 0 0 0
390 3484 54 54 135842 0 0 0
713 3472 78 45 292629 0 0 0
344 3552 80 63 478900 0 0 0
623 3982 80 77 119959 0 0 0
279 3554 75 43 763684 0 0 0
490 3758 64 53 801939 0 0 0
699 3973 62 60 767625 0 0 0
446 -1896 61 61 191740 0 0 0
117 -1742 65 42 757731 0 0 0
-205 -1390 86 63 216422 0 0 0
-436 -1765 63 85 526021 0 0 0
-53 -1273 68 54 779118 0 0 0
387 -1686 91 60 541631 0 0 0
731 -1893 94 80 405651 0 0 0
454 -1542 65 57 287435 0 0 0
263 -1320 79 45 455040 0 0 0
447 -994 58 63 890180 0 0 0
62 -618 68 85 804663 0 0 0
343 -1138 76 71 544272 0 0 0
377 -1524 80 56 385467 0 0 0
762 -1873 68 73 523147 0 0 0
1006 -1865 54 75 892864 0 0 0
1433 -2258 92 73 637428 0 0 0
1147 -1789 60 68 206345 0 0 0
1664 -1834 56 85 991060 0 0 0
1185 -1422 61 85 529699 0 0 0
1243 -1325 49 78 746773 0 0 0
1031 -1490 60 54 216336 0 0 0
1490 -1677 54 72 147519 0 0 0
1655 -1420 54 84 436323 0 0 0
1312 -1744 56 45 152168 0 0 0
1333 -1298 66 76 379034 0 0 0
1503 -1525 54 58 743578 0 0 0
1613 -1269 53 73 134931 0 0 0
1443 -1709 55 72 844245 0 0 0
1639 -1667 93 67 767976 0 0 0
1155 -1562 62 75 764142 0 0 0
851 -1328 79 64 343593 0 0 0
567 -1584 77 58 315342 0 0 0
699 -1476 85 61 779276 0 0 0
306 -1094 57 44 451486 0 0 0
291 -958 53 46 868423 0 0 0
415 -952 51 70 600636 0 0 0
382 -1131 89 82 841478 0 0 0
-86 -614 73 54 814532 0 0 0
-534 -455 62 60 133654 0 0 0
-514 -485 57 55 285935 0 0 0
-747 -525 74 83 976683 0 0 0
-885 -1042 77 50 171080 0 0 0
-647 -1242 95 62 922615 0 0 0
-498 -1223 87 42 777269 0 0 0
-160 -928 65 68 829865 0 0 0
-428 -1110 98 63 556731 0 0 0
-556 -1142 51 61 306903 0 0 0
-661 -1360 90 44 379395 0 0 0
-184 -1449 63 43 954093 0 0 0
-549 -1738 64 42 454817 0 0 0
-830 -1804 87 72 477105 0 0 0
-1040 -1301 75 53 630742 0 0 0
-1112 -1605 92 68 534762 0 0 0
-664 -1531 93 51 816860 0 0 0
-283 -1928 92 45 456734 0 0 0
-791 -1845 53 52 521500 0 0 0
-1214 -1877 75 75 872830 0 0 0
-1002 -1408 65 54 387690 0 0 0
-1271 -1924 82 49 157915 0 0 0
-1196 -1566 75 71 627825 0 0 0
-1567 2072 81 42 395574 0 0 0
-1781 1885 97 42 610605 0 0 0
-2097 1652 97 51 616844 0 0 0
-1961 -596 82 83 906174 0 0 0
-2425 -769 93 75 270712 0 0 0
-2765 -1082 58 46 791480 0 0 0
-2572 -900 96 43 234382 0 0 0
-2979 -1161 97 48 611533 0 0 0
-3483 -723 70 79 746124 0 0 0
-3915 -607 59 64 307168 0 0 0
-3947 -588 78 78 321301 0 0 0
-4311 -715 82 62 418591 0 0 0
-4762 -294 49 50 724157 0 0 0
-4553 -817 68 79 488422 0 0 0
-4315 -1319 57 73 627760 0 0 0
-4738 -1794 59 83 515961 0 0 0
-5192 -1653 84 48 474482 0 0 0
-5167 -1347 65 59 673324 0 0 0
-5441 -1424 83 76 688097 0 0 0
-5146 -1581 82 83 962698 0 0 0
-5134 -1111 55 62 580500 0 0 0
-5409 -1067 70 51 945384 0 0 0
-5124 -1350 68 78 127483 0 0 0
-4894 -1269 69 42 663725 0 0 0
-4699 -981 71 65 711363 0 0 0
-5023 -1164 98 45 843629 0 0 0
-4624 -1021 95 69 213837 0 0 0
-4845 -649 86 61 985100 0 0 0
-4894 -1072 93 42 977921 0 0 0
-5065 -1042 56 75 953374 0 0 0
-5145 -1177 49 60 414538 0 0 0
-4790 -802 65 53 781063 0 0 0
-1978 -1870 58 58 980088 0 0 0
-1846 -2254 76 83 264120 0 0 0
-1674 -2496 68 50 789413 0 0 0
-1458 -2996 88 59 796716 0 0 0
-1774 -3078 70 72 989972 0 0 0
-1419 -2912 73 82 308612 0 0 0
-1893 -2718 93 45 290693 0 0 0
-2173 -2347 89 64 626232 0 0 0
-2435 -1959 67 55 941459 0 0 0
-2667 -2028 97 76 842743 0 0 0
-2214 -2165 77 42 493326 0 0 0
-2163 -2072 96 55 203221 0 0 0
-1897 -2198 90 71 257230 0 0 0
-1849 -2640 49 60 334910 0 0 0
-1799 -2362 64 81 821211 0 0 0
-2274 -2631 73 59 514047 0 0 0
-2230 -2224 71 63 954860 0 0 0
-1879 -2214 49 65 868900 0 0 0
-2298 -2098 51 44 344300 0 0 0
-2291 -1640 49 59 286781 0 0 0
-2380 -1455 49 80 624914 0 0 0
-1883 -1024 65 78 133094 0 0 0
-1508 -648 65 71 354711 0 0 0
-1646 -207 92 67 835372 0 0 0
-1853 -500 78 68 935688 0 0 0
-1932 -109 88 50 645076 0 0 0
-1936 9 67 82 364328 0 0 0
-1698 10 94 66 619813 0 0 0
-2009 -255 65 59 331142 0 0 0
-1881 -240 72 80 579442 0 0 0
-2091 -59 82 71 628611 0 0 0
-2422 -216 59 54 737999 0 0 0
-2479 -419 81 55 781332 0 0 0
-2079 -162 60 80 732723 0 0 0
-1849 221 81 82 867307 0 0 0
-2225 536 79 52 372837 0 0 0
-1959 534 51 70 860991 0 0 0
-2406 199 80 45 449005 0 0 0
-2182 297 94 85 395293 0 0 0
-1680 -94 86 48 628978 0 0 0
-2097 -386 88 75 474202 0 0 0
-2122 -708 53 72 769684 0 0 0
-2121 -504 86 59 400882 0 0 0
-2335 -107 83 62 874733 0 0 0
-2374 -315 94 82 581310 0 0 0
-2385 -83 68 48 541908 0 0 0
-2655 65 85 55 690773 0 0 0
-2913 -185 59 75 596650 0 0 0
-3172 -373 92 62 581437 0 0 0
-3470 -221 71 64 913353 0 0 0
-3596 231 87 62 796600 0 0 0
-3530 334 70 84 951584 0 0 0
-3743 546 94 49 276365 0 0 0
-4152 503 68 48 266380 0 0 0
-4552 865 81 75 711235 0 0 0
-4415 1342 82 46 997306 0 0 0
-4225 845 87 78 784249 0 0 0
-4361 992 75 53 214982 0 0 0
-4045 920 52 63 852390 0 0 0
-4179 579 63 56 510495 0 0 0
-4469 548 83 78 866010 0 0 0
-4640 541 79 64 321600 0 0 0
-4832 185 95 80 185087 0 0 0
-4416 597 97 55 209785 0 0 0
-4460 273 87 66 413580 0 0 0
-4049 109 98 69 458193 0 0 0
-4325 383 64 55 375239 0 0 0
-4457 483 56 47 979675 0 0 0
-4065 543 84 47 668814 0 0 0
-3542 1058 72 64 660376 0 0 0
-3832 1362 89 44 319878 0 0 0
-3780 1681 68 72 411240 0 0 0
-3669 1325 74 49 367761 0 0 0
-3903 1432 65 80 957660 0 0 0
-3684 987 94 63 514574 0 0 0
-3410 1299 66 58 642341 0 0 0
-3296 1014 60 56 536159 0 0 0
-3228 696 89 83 708557 0 0 0
-3067 1091 61 45 803089 0 0 0
-730 -24 51 43 754389 0 0 0
-430 479 92 42 568857 0 0 0
-629 819 71 48 749105 0 0 0
-515 732 62 63 447744 0 0 0
-820 399 84 81 986304 0 0 0
-299 482 85 48 496088 0 0 0
88 84 61 57 876678 0 0 0
-247 282 63 81 326955 0 0 0
-298 -58 70 74 776079 0 0 0
18 -404 69 68 247571 0 0 0
-477 -788 82 51 891598 0 0 0
-302 -838 70 53 106453 0 0 0
-510 -485 84 75 886095 0 0 0
-34 -607 96 68 205817 0 0 0
-472 -480 69 51 789815 0 0 0
-702 -637 85 82 846703 0 0 0
-731 -118 88 55 448236 0 0 0
-883 -310 55 42 466165 0 0 0
-1152 148 91 53 145017 0 0 0
-1324 262 70 45 164402 0 0 0
-1535 -75 53 45 470337 0 0 0
-1328 225 76 78 505680 0 0 0
-1748 -193 49 64 836151 0 0 0
-2103 -673 52 44 918965 0 0 0
-2561 -489 84 47 521424 0 0 0
-2547 -72 85 64 563051 0 0 0
-2531 -551 93 43 338906 0 0 0
-2710 -613 61 78 866877 0 0 0
-2219 -693 78 72 560346 0 0 0
-2051 -709 97 77 377676 0 0 0
-2413 -1066 58 69 274103 0 0 0
-2271 -1316 94 64 758747 0 0 0
-2548 -867 91 54 211028 0 0 0
-2454 -1153 63 72 934504 0 0 0
-2005 -1180 70 73 955744 0 0 0
-2001 -1306 88 78 779385 0 0 0
-2307 -1076 63 62 457408 0 0 0
-1871 -776 71 52 665346 0 0 0
-1713 -297 61 78 809183 0 0 0
-2049 227 52 61 828293 0 0 0
-2355 465 94 55 341565 0 0 0
-2112 343 84 53 456228 0 0 0
-2437 249 93 71 218296 0 0 0
-2549 -184 77 44 355920 0 0 0
-2565 242 97 48 247415 0 0 0
-2847 375 54 60 851819 0 0 0
-2804 43 57 52 764194 0 0 0
-2344 -118 61 64 925752 0 0 0
-1912 81 83 54 102677 0 0 0
-2070 558 70 45 526212 0 0 0
-2252 62 96 74 716830 0 0 0
-2721 347 96 79 398887 0 0 0
-2986 -102 84 70 529449 0 0 0
-3165 -31 67 44 961665 0 0 0
-3312 326 57 83 532006 0 0 0
-2797 201 51 75 514249 0 0 0
-2669 -97 56 58 186823 0 0 0
-2810 20 69 60 763043 0 0 0
-2527 327 84 79 319847 0 0 0
-2407 843 54 54 996342 0 0 0
-2324 457 58 56 965790 0 0 0
-1976 22 87 49 720268 0 0 0
-1468 -484 74 42 225945 0 0 0
-1425 -962 57 72 997989 0 0 0
-1482 -539 90 46 795879 0 0 0
-1731 -727 96 44 862862 0 0 0
-2159 -690 60 81 298365 0 0 0
-2462 -721 68 77 888998 0 0 0
-2867 -577 50 74 709527 0 0 0
-2881 -737 88 66 817909 0 0 0
-3167 -895 56 68 418286 0 0 0
-220 1894 83 44 909811 0 0 0
-1 1567 83 72 545250 0 0 0
441 1844 96 65 877365 0 0 0
908 1835 83 85 126748 0 0 0
900 1404 82 84 327055 0 0 0
926 970 52 57 785818 0 0 0
588 1295 92 56 288468 0 0 0
765 1687 70 47 139407 0 0 0
905 2073 68 75 667632 0 0 0
649 2137 73 62 207186 0 0 0
947 1862 57 77 463218 0 0 0
585 2186 87 47 422677 0 0 0
1065 2159 68 73 504429 0 0 0
1013 1652 76 56 985283 0 0 0
763 1849 64 45 164118 0 0 0
326 1998 56 53 653444 0 0 0
232 1762 72 53 570914 0 0 0
704 1423 98 62 953109 0 0 0
239 1537 94 66 227220 0 0 0
-38 1036 93 56 413940 0 0 0
407 1513 51 49 568359 0 0 0
415 1856 50 80 146204 0 0 0
863 1339 60 52 969603 0 0 0
475 1119 88 77 533051 0 0 0
218 915 85 53 930471 0 0 0
89 837 96 78 652672 0 0 0
-87 818 60 66 366628 0 0 0
-514 657 51 48 661057 0 0 0
-567 217 73 52 129979 0 0 0
-970 376 88 76 318995 0 0 0
-479 769 79 81 577010 0 0 0
-480 715 80 64 324914 0 0 0
-270 844 70 84 598137 0 0 0
919 -922 74 47 690271 0 0 0
1055 -537 95 82 168319 0 0 0
1128 -962 73 61 257890 0 0 0
1428 -1032 95 60 705046 0 0 0
1065 -1166 67 62 394946 0 0 0
963 -660 83 70 310607 0 0 0
774 -946 58 81 515870 0 0 0
757 -668 78 83 900256 0 0 0
236 -572 72 73 707299 0 0 0
167 -49 67 51 535531 0 0 0
173 341 92 82 927893 0 0 0
426 324 64 64 355204 0 0 0
-70 526 61 57 438860 0 0 0
64 261 96 60 858585 0 0 0
-133 -257 73 62 769445 0 0 0
124 -392 92 77 364020 0 0 0
355 -788 62 84 826840 0 0 0
656 -365 53 58 260448 0 0 0
1114 -551 57 84 577091 0 0 0
1555 -810 73 85 642791 0 0 0
2030 -461 65 60 366858 0 0 0
1785 -435 49 62 733823 0 0 0
1816 -898 80 60 840490 0 0 0
1318 -1277 61 49 606509 0 0 0
1441 -1103 53 51 755265 0 0 0
991 -806 66 42 510871 0 0 0
677 -941 49 42 526726 0 0 0
209 -438 89 73 216301 0 0 0
704 -367 78 68 709123 0 0 0
937 -524 59 46 508819 0 0 0
1265 -177 90 58 365360 0 0 0
1447 -244 98 56 418049 0 0 0
1526 -315 57 58 841572 0 0 0
1553 -34 75 55 576189 0 0 0
1111 -382 64 60 377861 0 0 0
1186 -124 62 56 283935 0 0 0
1271 23 82 73 442626 0 0 0
769 164 55 71 160039 0 0 0
1261 672 86 63 816261 0 0 0
844 932 97 84 709732 0 0 0
646 482 70 69 373821 0 0 0
795 979 96 82 622891 0 0 0
1099 663 71 58 903979 0 0 0
1394 1179 78 53 407661 0 0 0
1321 1550 54 68 609117 0 0 0
1758 1550 54 60 122758 0 0 0
1327 2021 52 83 905802 0 0 0
962 2464 72 57 927036 0 0 0
1661 718 80 62 846495 0 0 0
1376 401 54 53 791574 0 0 0
1034 66 80 48 401344 0 0 0
659 -217 77 42 691628 0 0 0
710 51 67 65 379194 0 0 0
452 -446 76 57 163189 0 0 0
47 -852 91 51 993661 0 0 0
-137 -576 56 49 530856 0 0 0
105 -573 94 46 767440 0 0 0
-301 -419 77 56 608710 0 0 0
-485 -262 57 71 752283 0 0 0
-227 -275 96 49 270585 0 0 0
58 -14 95 67 836275 0 0 0
386 111 63 52 934667 0 0 0
-132 479 59 81 710151 0 0 0
337 891 55 54 437176 0 0 0
460 373 78 76 572050 0 0 0
548 -147 74 42 293011 0 0 0
718 282 76 60 762679 0 0 0
1060 266 58 61 206247 0 0 0
1483 211 61 54 535795 0 0 0
1918 -10 50 81 238839 0 0 0
1953 -471 95 68 304487 0 0 0
1885 -323 50 73 675569 0 0 0
2083 -115 71 46 411151 0 0 0
1620 -122 69 80 482559 0 0 0
1409 136 53 62 683980 0 0 0
1380 3 59 48 305948 0 0 0
912 -146 50 65 217890 0 0 0
735 -464 49 68 842459 0 0 0
1055 -752 92 44 969826 0 0 0
670 -1056 80 77 665147 0 0 0
714 -618 67 61 663564 0 0 0
229 -745 50 84 725715 0 0 0
719 -599 55 52 634520 0 0 0
770 -1067 90 62 995054 0 0 0
435 -1535 62 51 502500 0 0 0
490 -1600 61 45 150192 0 0 0
899 -1629 66 52 184979 0 0 0
484 -1200 97 69 765523 0 0 0
151 -926 64 54 586662 0 0 0
474 -1449 92 48 640482 0 0 0
715 -1751 96 70 966715 0 0 0
317 -2124 69 81 871165 0 0 0
543 -1717 74 62 848541 0 0 0
878 -1969 97 71 677529 0 0 0
1041 -1997 49 70 806377 0 0 0
1008 -1733 63 43 335531 0 0 0
1528 -2060 98 42 432669 0 0 0
1228 -1954 81 42 175749 0 0 0
1660 -1849 91 83 157227 0 0 0
1930 -1413 76 74 360269 0 0 0
1635 -1203 58 76 566632 0 0 0
1445 -946 88 67 929262 0 0 0
1184 -1268 53 56 180788 0 0 0
1398 -1714 70 60 129365 0 0 0
1325 -1997 70 64 809729 0 0 0
1289 -2342 75 42 680321 0 0 0
1071 -2264 89 82 183746 0 0 0
1160 -2467 49 64 934950 0 0 0
961 -2001 71 56 664961 0 0 0
1139 -2076 58 58 932722 0 0 0
1163 -2580 83 49 534886 0 0 0
718 -2624 70 72 999624 0 0 0
-914 -482 76 68 649691 0 0 0
-1045 -886 57 76 670013 0 0 0
-1514 -445 94 62 254266 0 0 0
-1124 -662 59 60 667396 0 0 0
-1572 -1127 92 51 512518 0 0 0
-1514 -1326 89 66 477087 0 0 0
-1919 -1580 67 69 681881 0 0 0
-1612 -1125 89 69 460253 0 0 0
-1166 -1035 84 48 122984 0 0 0
-939 -1552 88 76 311796 0 0 0
-1007 -1310 71 85 832155 0 0 0
-1134 -1629 67 52 247797 0 0 0
-1524 -1542 83 78 313059 0 0 0
-1758 -1697 78 46 695461 0 0 0
-1717 -1378 53 68 679728 0 0 0
-2195 -1727 64 45 710285 0 0 0
-2017 -2244 59 57 422447 0 0 0
-2160 -2429 58 61 812441 0 0 0
-2634 -2722 90 50 537628 0 0 0
-2523 -2285 95 63 165627 0 0 0
-2204 -2499 75 65 784614 0 0 0
-1882 -2618 75 66 569800 0 0 0
-1583 -3055 62 57 992238 0 0 0
-1519 -3201 63 42 898824 0 0 0
-1627 -3379 67 55 129583 0 0 0
-1506 -3832 82 84 147480 0 0 0
-1746 -3374 68 65 987442 0 0 0
-1698 -3453 87 63 828689 0 0 0
-1179 -3721 55 74 732257 0 0 0
-1004 -3323 77 51 143201 0 0 0
-1443 -2811 80 68 660006 0 0 0
-1360 -2802 59 60 438341 0 0 0
-1362 -3163 55 43 477167 0 0 0
-1743 -2817 85 76 171232 0 0 0
-1381 -2958 71 48 709060 0 0 0
-1541 -2780 67 55 433623 0 0 0
-1921 -2893 66 79 825803 0 0 0
-1451 -3035 93 70 126152 0 0 0
-1226 -3031 72 61 840340 0 0 0
-710 -2935 79 44 724166 0 0 0
-514 -3226 86 60 982743 0 0 0
-306 -3367 93 64 436464 0 0 0
-574 -3551 49 80 265286 0 0 0
-102 -3472 55 77 460673 0 0 0
-418 -3001 94 78 580850 0 0 0
-881 -1200 81 47 808703 0 0 0
-755 -1441 67 66 742820 0 0 0
-552 -1582 79 44 368775 0 0 0
-896 -1717 63 43 704090 0 0 0
-1372 -1513 95 66 759490 0 0 0
-1024 -1149 74 79 282209 0 0 0
-536 -1478 56 70 371113 0 0 0
273 825 59 49 755522 0 0 0
158 931 61 61 899853 0 0 0
192 1086 96 63 650041 0 0 0
-251 786 59 44 421347 0 0 0
-143 1162 82 67 973582 0 0 0
-490 1318 80 65 891402 0 0 0
-754 1443 58 53 460088 0 0 0
-230 1698 79 57 398531 0 0 0
-339 1464 75 71 626263 0 0 0
-224 1488 61 81 951731 0 0 0
-690 1374 53 75 333888 0 0 0
-854 1381 51 78 756682 0 0 0
-1092 1025 70 69 583620 0 0 0
-1261 944 67 72 557415 0 0 0
-1431 1008 79 75 873132 0 0 0
-1638 1066 79 57 871586 0 0 0
-1378 843 92 80 358282 0 0 0
-945 385 88 56 713386 0 0 0
-717 788 93 77 840652 0 0 0
-448 966 68 68 409919 0 0 0
-787 1359 67 67 246678 0 0 0
-1260 938 97 56 905531 0 0 0
-1559 900 81 71 428824 0 0 0
-1833 1096 82 85 117787 0 0 0
-2265 1118 61 83 846247 0 0 0
-2546 1360 89 71 132954 0 0 0
-2606 1444 63 66 136909 0 0 0
-2931 1651 73 82 597920 0 0 0
-2777 2155 87 44 869921 0 0 0
-2831 2604 81 54 785074 0 0 0
-2877 2343 55 60 878601 0 0 0
-2910 2136 82 74 492501 0 0 0
-2682 2037 86 67 715780 0 0 0
-2212 2095 88 81 458891 0 0 0
-2257 2169 76 72 272018 0 0 0
-2167 2277 67 75 970925 0 0 0
-1749 2215 67 78 636749 0 0 0
-1929 2367 69 77 176397 0 0 0
-2361 2625 59 61 276426 0 0 0
-2537 2459 88 62 811296 0 0 0
-2561 2241 62 80 920310 0 0 0
-2391 2271 88 74 787688 0 0 0
-2498 1933 72 71 652566 0 0 0
-2132 2094 88 62 707312 0 0 0
-2417 1986 50 57 150095 0 0 0
-2904 1680 51 75 242153 0 0 0
-2816 1988 80 83 487993 0 0 0
-3138 1697 64 50 253938 0 0 0
-2831 2217 56 65 955191 0 0 0
-2855 2670 91 66 247549 0 0 0
-2359 2491 86 71 459709 0 0 0
-2018 2238 63 51 327730 0 0 0
-2346 2685 79 50 192095 0 0 0
-2534 2393 55 44 855579 0 0 0
-2375 1988 77 42 793652 0 0 0
-2783 1808 72 42 653476 0 0 0
-2847 1393 82 79 313200 0 0 0
-2738 1231 89 76 996100 0 0 0
-2339 1662 65 77 543107 0 0 0
-2612 1828 94 58 317858 0 0 0
-2168 1945 79 58 593615 0 0 0
-1797 2056 60 57 426713 0 0 0
-1611 1819 76 50 463908 0 0 0
-1673 1368 63 85 398531 0 0 0
-1669 1044 84 44 536225 0 0 0
-1481 1523 71 78 205603 0 0 0
-1828 1552 87 58 723335 0 0 0
-1778 1351 90 53 862386 0 0 0
-1919 1315 86 57 576279 0 0 0
-1565 917 54 85 311686 0 0 0
-1867 823 84 78 942350 0 0 0
-2150 549 88 43 216330 0 0 0
-2210 410 75 69 331889 0 0 0
-2167 360 76 45 704502 0 0 0
-1902 170 51 84 836127 0 0 0
-2416 430 92 84 532682 0 0 0
-2868 329 96 81 217699 0 0 0
-2860 629 87 81 272778 0 0 0
-2661 359 86 65 764423 0 0 0
-2674 438 51 50 997193 0 0 0
-1952 1230 64 45 255016 0 0 0
-2138 1172 79 52 866538 0 0 0
-1944 1138 72 66 820478 0 0 0
-2395 1249 72 53 531609 0 0 0
-2355 1492 96 78 267737 0 0 0
-1848 1670 89 51 229046 0 0 0
-2298 1518 95 53 610622 0 0 0
-2629 1711 64 81 546059 0 0 0
-2778 2024 93 79 125613 0 0 0
-2411 1919 79 76 396270 0 0 0
-2243 1989 95 51 528635 0 0 0
-2335 2165 52 83 996001 0 0 0
-2561 2589 91 61 670944 0 0 0
-2550 2389 68 61 563367 0 0 0
-2881 2746 98 59 925954 0 0 0
-2771 2515 60 81 598821 0 0 0
-2370 2291 81 73 359622 0 0 0
-2700 1871 81 64 106469 0 0 0
-2795 1561 72 46 924439 0 0 0
-2782 1768 86 56 814999 0 0 0
-3105 1436 66 84 769600 0 0 0
-3270 1897 54 55 119219 0 0 0
-3704 2374 68 81 757443 0 0 0
-4096 2479 70 42 834472 0 0 0
-4532 2348 62 81 434619 0 0 0
-4329 2646 91 64 335592 0 0 0
-4066 3057 88 54 754868 0 0 0
-4204 2742 62 82 595303 0 0 0
-3895 2562 52 57 355418 0 0 0
-3646 2505 59 53 403990 0 0 0
-3944 2669 89 45 178431 0 0 0
-4217 2954 83 55 138147 0 0 0
-3776 2573 87 72 335577 0 0 0
-4152 2718 78 78 741533 0 0 0
-4105 2331 53 59 263173 0 0 0
-4073 2509 58 43 588718 0 0 0
-4163 2830 72 68 333210 0 0 0
-4172 2404 70 63 847186 0 0 0
-4414 2205 57 64 257951 0 0 0
1723 -1623 97 48 330553 0 0 0
1980 -1502 60 61 564460 0 0 0
2199 -1468 90 52 262606 0 0 0
2078 -1136 92 71 195204 0 0 0
2434 -1641 54 64 348003 0 0 0
2724 -1890 54 50 945624 0 0 0
2839 -1904 82 75 253671 0 0 0
2568 -2071 89 49 988679 0 0 0
2996 -2089 92 65 451842 0 0 0
2560 -1586 81 64 830625 0 0 0
1639 2100 69 45 475705 0 0 0
1375 2498 58 60 547781 0 0 0
998 2143 56 62 981684 0 0 0
891 2382 59 71 720838 0 0 0
435 2868 84 80 349323 0 0 0
640 2792 96 55 746520 0 0 0
188 2285 86 78 573592 0 0 0
569 2191 75 42 650429 0 0 0
280 2307 50 42 838978 0 0 0
-54 1875 79 58 407977 0 0 0
-74 1755 87 77 370683 0 0 0
-436 2176 51 66 865050 0 0 0
-768 1882 69 43 384938 0 0 0
-552 1643 87 67 782640 0 0 0
-164 1219 72 83 159319 0 0 0
-169 922 57 53 767988 0 0 0
-345 927 71 50 249530 0 0 0
-686 1172 55 82 658820 0 0 0
-903 1043 66 72 965019 0 0 0
-640 1150 95 46 635552 0 0 0
-268 1488 69 77 365821 0 0 0
-680 1619 67 71 629868 0 0 0
-166 1315 63 74 368092 0 0 0
-385 1784 58 80 251644 0 0 0
-805 2175 98 66 794297 0 0 0
-689 2355 54 61 327890 0 0 0
-442 2746 92 75 265909 0 0 0
-76 3014 85 77 526507 0 0 0
-117 2879 80 64 504502 0 0 0
96 2758 84 56 183563 0 0 0
509 2487 52 72 293648 0 0 0
365 2088 73 53 804899 0 0 0
518 1810 80 85 447283 0 0 0
704 1682 62 80 739747 0 0 0
790 -701 83 65 368064 0 0 0
1158 -673 49 44 651204 0 0 0
768 -952 63 64 170908 0 0 0
815 -741 75 54 954533 0 0 0
938 -1006 77 81 590483 0 0 0
1332 -1105 72 42 296185 0 0 0
1046 -1056 68 73 261951 0 0 0
1025 -1220 68 48 120733 0 0 0
912 -707 94 80 240668 0 0 0
1295 -1208 79 57 484151 0 0 0
1176 -938 73 60 446685 0 0 0
1148 -964 90 43 731980 0 0 0
1215 -1170 90 74 288822 0 0 0
1576 -810 68 75 117197 0 0 0
1914 -935 69 59 448066 0 0 0
2152 -669 75 61 757240 0 0 0
1847 -842 77 50 152557 0 0 0
2012 -568 96 45 740830 0 0 0
1967 -83 49 47 490774 0 0 0
1747 -584 75 49 712399 0 0 0
1936 -302 81 77 321546 0 0 0
1871 -820 65 48 797453 0 0 0
1627 -1242 72 45 539121 0 0 0
1528 -1743 62 66 936208 0 0 0
1127 -1856 62 73 697101 0 0 0
745 -2349 71 76 737437 0 0 0
1183 -2744 58 81 615224 0 0 0
1130 -2513 92 59 934555 0 0 0
1509 -2102 96 80 874124 0 0 0
1929 -2212 87 59 342149 0 0 0
2035 -2031 50 58 931780 0 0 0
2308 -2094 56 73 972793 0 0 0
2823 -2384 76 51 506748 0 0 0
3076 -2731 71 83 668390 0 0 0
3493 -3048 58 46 603731 0 0 0
2996 -3356 54 47 834551 0 0 0
3424 -3499 58 48 748065 0 0 0
3818 -3122 72 79 104991 0 0 0
3511 -3074 53 66 860300 0 0 0
-1653 -453 97 45 813697 0 0 0
-1525 -120 74 69 999678 0 0 0
-1185 257 53 52 160403 0 0 0
-1298 268 97 74 691068 0 0 0
-1512 -223 80 55 306623 0 0 0
-1549 159 61 69 828138 0 0 0
-1111 656 72 43 971740 0 0 0
-1008 1168 72 42 768274 0 0 0
-1460 1287 82 69 289732 0 0 0
-1382 901 89 63 976289 0 0 0
-929 922 76 77 621274 0 0 0
-1139 425 78 61 547691 0 0 0
-907 -67 77 79 402622 0 0 0
-1385 -257 59 64 251284 0 0 0
-1114 -678 83 57 442030 0 0 0
-1258 -376 95 80 593253 0 0 0
-791 -684 53 59 922450 0 0 0
-345 -1165 83 53 354950 0 0 0
-328 -1154 72 53 189292 0 0 0
-696 -1570 60 69 475755 0 0 0
-958 -1489 67 58 518817 0 0 0
-1233 -1832 82 60 148799 0 0 0
-734 -1781 82 74 643402 0 0 0
-391 -2179 62 63 958823 0 0 0
99 -2353 54 53 693270 0 0 0
263 -2255 56 71 931605 0 0 0
666 -1862 51 69 101428 0 0 0
432 -1362 67 67 283995 0 0 0
445 -1334 86 48 226780 0 0 0
375 -1020 94 47 910857 0 0 0
-67 -898 64 70 345630 0 0 0
-222 -660 65 53 759214 0 0 0
-63 -800 52 49 628396 0 0 0
251 -613 79 44 400170 0 0 0
569 -623 96 65 522069 0 0 0
114 -1125 49 52 408550 0 0 0
-234 -645 78 49 187922 0 0 0
245 -711 80 80 808851 0 0 0
-3 -1170 85 74 276159 0 0 0
296 -1190 79 69 905879 0 0 0
199 -1529 76 81 624275 0 0 0
-172 -1743 57 48 929666 0 0 0
300 -2176 66 52 295636 0 0 0
-156 -2264 50 74 899670 0 0 0
187 -1772 75 60 308831 0 0 0
-286 -1294 52 63 614829 0 0 0
-1345 144 93 65 327120 0 0 0
-949 626 55 69 630924 0 0 0
-1239 561 57 79 545421 0 0 0
-1255 702 65 83 652898 0 0 0
-889 936 55 64 401589 0 0 0
-1007 1025 59 78 152101 0 0 0
-1485 1488 82 63 557207 0 0 0
-1002 1988 97 79 886981 0 0 0
-900 1505 52 80 368976 0 0 0
-828 1842 77 70 366918 0 0 0
-1283 1522 68 59 703113 0 0 0
-1723 1064 60 47 122560 0 0 0
-1983 1262 51 48 349830 0 0 0
-1849 1049 79 65 294606 0 0 0
-2223 1151 53 42 557304 0 0 0
-2309 1649 51 49 776185 0 0 0
-2137 2007 71 69 221961 0 0 0
-2468 2113 51 67 783563 0 0 0
-2960 1780 81 60 242667 0 0 0
-2664 2268 92 49 562921 0 0 0
-2854 2687 77 68 984549 0 0 0
-3064 2608 79 50 922922 0 0 0
-2811 2848 51 68 222733 0 0 0
-3233 2697 53 84 490737 0 0 0
-3113 2839 88 55 272110 0 0 0
-2889 2417 60 60 238383 0 0 0
-3019 2241 52 82 247147 0 0 0
-3062 2105 98 85 534356 0 0 0
-3565 1769 74 61 865380 0 0 0
-3463 1998 93 71 692511 0 0 0
-3465 1708 85 49 143326 0 0 0
-3443 1839 51 63 629974 0 0 0
93 728 79 53 449729 0 0 0
-365 357 89 79 687318 0 0 0
-400 273 72 53 355634 0 0 0
-363 540 68 42 917875 0 0 0
-475 52 55 60 705824 0 0 0
24 -388 83 83 826723 0 0 0
-27 -396 92 67 290007 0 0 0
-110 -362 95 62 279861 0 0 0
-113 -572 76 68 110438 0 0 0
30 -230 66 62 801447 0 0 0
80 -157 78 63 500885 0 0 0
-156 -317 77 51 565718 0 0 0
-598 -650 84 75 371810 0 0 0
-179 -606 53 65 640564 0 0 0
-539 -289 51 56 252239 0 0 0
-290 -792 67 76 814854 0 0 0
-641 -622 73 46 794438 0 0 0
-636 -729 69 54 557596 0 0 0
-1021 -878 96 66 443572 0 0 0
-693 -1088 59 58 236886 0 0 0
-789 -1547 62 82 491811 0 0 0
-969 -1337 55 80 887663 0 0 0
-1121 -1448 67 59 494585 0 0 0
-1083 -1550 97 71 210440 0 0 0
-866 -2017 69 58 856307 0 0 0
-1031 -1530 67 49 387803 0 0 0
-1489 -1527 58 74 155199 0 0 0
-1045 -1402 78 46 974276 0 0 0
-1378 -1483 92 43 458844 0 0 0
-1085 -1988 50 60 933736 0 0 0
-1392 -1734 53 80 227535 0 0 0
-1331 -2095 59 72 700260 0 0 0
-1403 -2558 82 70 726597 0 0 0
-1240 -2979 64 59 101221 0 0 0
-1059 -2736 64 54 711274 0 0 0
-956 -2389 60 77 893194 0 0 0
-1231 -2650 69 48 103076 0 0 0
-747 -2218 96 69 319940 0 0 0
-908 -2263 79 66 276053 0 0 0
-690 -2020 75 43 521332 0 0 0
-651 -1943 64 81 615724 0 0 0
-736 -2057 68 77 113836 0 0 0
-971 -2320 59 77 108025 0 0 0
-693 -2091 84 64 905261 0 0 0
-803 -2388 90 54 717249 0 0 0
629 1456 59 61 125146 0 0 0
383 1496 82 46 389377 0 0 0
113 1496 83 54 471115 0 0 0
245 1981 50 82 199132 0 0 0
484 2344 80 70 421027 0 0 0
914 2654 80 45 934611 0 0 0
1065 2793 58 63 123387 0 0 0
542 2425 81 51 585817 0 0 0
762 2607 55 68 144493 0 0 0
702 2654 84 70 326586 0 0 0
626 2860 87 45 710629 0 0 0
677 2498 68 60 424067 0 0 0
337 2336 49 67 923922 0 0 0
228 2861 66 45 977303 0 0 0
121 3217 60 43 400669 0 0 0
353 2960 56 66 497866 0 0 0
102 2511 96 52 405812 0 0 0
267 2026 69 43 767345 0 0 0
122 2347 66 75 517396 0 0 0
-301 2737 85 74 576526 0 0 0
-750 2698 94 85 761510 0 0 0
-1186 2297 93 60 993262 0 0 0
-1047 1845 87 50 243867 0 0 0
-1376 1343 65 42 241425 0 0 0
-1708 1514 86 52 465756 0 0 0
-1547 1796 51 75 780646 0 0 0
-2058 2265 72 63 484912 0 0 0
-2144 2468 86 65 620464 0 0 0
-2468 2785 78 58 300595 0 0 0
-2533 3235 72 43 174647 0 0 0
-2231 3139 49 51 723208 0 0 0
-2447 3488 82 43 902193 0 0 0
-2962 3840 52 84 509035 0 0 0
-2976 3540 98 80 134306 0 0 0
-3453 3296 49 46 423244 0 0 0
-3505 3248 70 55 771199 0 0 0
-3747 3635 82 73 722639 0 0 0
-3484 3137 59 56 353169 0 0 0
-3178 2730 69 82 263306 0 0 0
-3197 2931 53 64 975417 0 0 0
-3329 3118 98 50 777169 0 0 0
-2813 3475 91 75 327089 0 0 0
-2948 3440 95 73 763124 0 0 0
-2517 3306 80 80 726242 0 0 0
-2969 3338 57 65 129422 0 0 0
-2859 3312 69 76 874301 0 0 0
-2852 2973 94 59 415949 0 0 0
-2591 3415 54 53 126681 0 0 0
-2672 3754 75 65 699569 0 0 0
-2592 3413 57 46 433720 0 0 0
-2665 3230 52 56 221178 0 0 0
-3057 3139 63 49 153448 0 0 0
-2731 2909 72 55 938695 0 0 0
-2465 2416 79 72 138804 0 0 0
-2158 2365 59 64 692727 0 0 0
-2004 2570 64 60 252290 0 0 0
-2110 2343 73 56 554605 0 0 0
-2334 2518 80 74 510283 0 0 0
-2757 2614 66 84 754441 0 0 0
-2887 2423 69 77 634378 0 0 0
-2689 2660 84 46 364055 0 0 0
-2511 2938 85 79 768363 0 0 0
-2031 3307 69 64 944567 0 0 0
-2270 3352 94 51 314261 0 0 0
-2730 3539 49 58 786632 0 0 0
-524 173 78 61 499098 0 0 0
-384 512 69 49 883128 0 0 0
-106 970 75 60 705903 0 0 0
287 582 54 51 227443 0 0 0
611 1012 70 61 633357 0 0 0
528 1220 98 78 580834 0 0 0
156 1712 82 76 557611 0 0 0
-360 1309 50 48 627386 0 0 0
-442 1003 51 46 200187 0 0 0
-793 620 78 81 234267 0 0 0
-487 1138 84 83 984618 0 0 0
-58 1105 80 79 727815 0 0 0
247 1605 74 83 623758 0 0 0
-184 1938 85 59 441066 0 0 0
174 1980 88 61 209997 0 0 0
606 2255 54 43 620668 0 0 0
180 1785 61 81 561399 0 0 0
-186 1976 98 57 844517 0 0 0
90 2176 57 61 815891 0 0 0
89 1720 73 45 315978 0 0 0
536 2181 94 71 368365 0 0 0
194 2097 57 82 345771 0 0 0
363 1994 92 42 383583 0 0 0
430 2066 92 69 568733 0 0 0
101 1694 54 78 115086 0 0 0
331 2153 49 42 146824 0 0 0
-62 2282 57 43 822378 0 0 0
-186 2708 79 42 309239 0 0 0
-155 -1734 80 70 515445 0 0 0
277 -2027 93 79 372162 0 0 0
-90 -1514 54 77 801274 0 0 0
366 -2002 55 67 711404 0 0 0
483 -2421 98 82 153330 0 0 0
658 -2092 65 50 461800 0 0 0
795 -1706 95 68 508525 0 0 0
1225 -1603 97 67 190150 0 0 0
1639 -1826 77 52 234393 0 0 0
2159 -2333 50 85 724017 0 0 0
2062 -2504 97 43 103380 0 0 0
1645 -2979 88 71 840902 0 0 0
1218 -3201 74 48 584051 0 0 0
1458 -3182 91 70 520577 0 0 0
1792 -3478 61 69 792185 0 0 0
1480 -3428 86 84 507188 0 0 0
1172 -3381 61 80 685754 0 0 0
1663 -3836 77 62 488543 0 0 0
1365 -3828 66 76 460664 0 0 0
1499 -4305 59 65 168836 0 0 0
1422 -4334 94 80 449909 0 0 0
1670 -4109 53 83 977221 0 0 0
2146 -4613 74 76 362267 0 0 0
1885 -4237 86 54 588149 0 0 0
2194 -4440 76 77 585805 0 0 0
2141 -4108 83 51 370747 0 0 0
2288 -3793 64 78 713369 0 0 0
1801 -3298 70 75 894484 0 0 0
1629 -2914 94 57 519113 0 0 0
1556 -2675 70 51 612468 0 0 0
279 839 69 61 226174 0 0 0
18 659 96 82 969101 0 0 0
123 923 97 43 337146 0 0 0
587 997 82 75 535953 0 0 0
583 546 72 55 825087 0 0 0
342 54 73 53 939382 0 0 0
568 364 78 58 477809 0 0 0
422 418 92 44 145160 0 0 0
747 241 83 57 662133 0 0 0
1082 211 86 52 525295 0 0 0
989 -275 81 42 128349 0 0 0
863 -399 61 44 739724 0 0 0
1343 -183 82 43 688025 0 0 0
1244 -102 50 68 847392 0 0 0
1002 148 67 52 540037 0 0 0
1068 376 67 56 116461 0 0 0
567 432 58 82 501264 0 0 0
765 234 53 78 781414 0 0 0
689 -198 65 65 449200 0 0 0
747 -585 95 62 487118 0 0 0
514 -235 92 54 215435 0 0 0
182 -252 95 55 262571 0 0 0
362 -42 89 60 156075 0 0 0
501 14 69 73 432302 0 0 0
876 213 81 57 737628 0 0 0
1239 581 98 64 843209 0 0 0
963 226 64 59 131598 0 0 0
931 176 65 78 113642 0 0 0
498 -146 77 47 321513 0 0 0
779 -135 49 50 971070 0 0 0
579 -407 80 73 627964 0 0 0
1004 -754 65 53 159415 0 0 0
802 -1275 92 83 124620 0 0 0
518 -1188 79 85 169507 0 0 0
151 -684 64 59 421819 0 0 0
25 -995 56 50 575219 0 0 0
263 -1263 64 58 946736 0 0 0
652 -1172 91 47 516400 0 0 0
662 -910 55 80 177146 0 0 0
363 -460 57 66 313265 0 0 0
76 -277 95 47 186990 0 0 0
-291 -544 98 44 627527 0 0 0
-58 -604 54 52 606614 0 0 0
-366 -881 77 50 981722 0 0 0
-580 -603 56 64 345423 0 0 0
-408 -189 79 54 562545 0 0 0
-876 -252 83 47 623276 0 0 0
-852 -335 98 54 330819 0 0 0
-1222 149 80 75 143426 0 0 0
-1644 -78 96 42 321670 0 0 0
-2163 120 54 65 800304 0 0 0
-1735 -41 85 58 604163 0 0 0
-1784 279 76 46 951845 0 0 0
-1645 160 86 49 210968 0 0 0
-1762 -194 60 73 921641 0 0 0
-1410 -341 69 73 451527 0 0 0
-1362 78 96 60 867558 0 0 0
-1537 -253 96 85 410939 0 0 0
-2000 -1509 75 55 452585 0 0 0
-2466 -1541 52 85 836591 0 0 0
-2316 -1613 52 68 924953 0 0 0
-2112 -1685 60 72 851799 0 0 0
-1746 -1585 89 44 942225 0 0 0
-1293 -1999 52 66 406388 0 0 0
-1711 -1874 58 56 385708 0 0 0
-2230 -1888 58 47 982139 0 0 0
-2609 -1452 52 74 797547 0 0 0
-2705 -1159 73 68 184588 0 0 0
-2652 -839 70 67 916521 0 0 0
-2426 -789 81 64 348484 0 0 0
-2499 -539 57 80 567257 0 0 0
-2682 -812 63 66 880290 0 0 0
-3097 -331 96 77 567676 0 0 0
-2901 -703 50 84 766571 0 0 0
-2722 -637 77 85 507325 0 0 0
-2486 -171 94 72 513689 0 0 0
-2265 -53 85 58 676273 0 0 0
-2460 281 78 75 810475 0 0 0
-2323 728 95 83 885228 0 0 0
-2815 606 70 74 647053 0 0 0
-2385 168 77 61 759981 0 0 0
-2903 -11 75 72 216243 0 0 0
-2824 466 72 50 700575 0 0 0
-2947 415 80 82 952396 0 0 0
-2933 195 82 66 301291 0 0 0
-3310 115 98 79 232014 0 0 0
-3712 -405 91 71 746335 0 0 0
-3208 -425 51 52 399439 0 0 0
-3645 -333 58 81 512150 0 0 0
-3977 -300 72 48 309876 0 0 0
-3823 -497 50 65 446061 0 0 0
-3479 -237 50 63 959006 0 0 0
-3375 211 51 46 259403 0 0 0
-3795 599 52 60 916178 0 0 0
-4200 361 81 81 774119 0 0 0
-4327 387 73 68 859495 0 0 0
-4037 588 94 70 566947 0 0 0
-4239 649 83 79 261942 0 0 0
-4610 773 82 79 507460 0 0 0
-4519 500 61 60 481354 0 0 0
-4247 111 69 42 485926 0 0 0
-4153 477 75 62 637640 0 0 0
-4226 839 56 61 758666 0 0 0
-4264 389 70 83 451182 0 0 0
-4676 651 51 54 501216 0 0 0
-4262 768 73 47 247056 0 0 0
-4517 1019 63 50 668288 0 0 0
-4613 1044 98 79 854685 0 0 0
-4300 1193 53 48 419593 0 0 0
-4316 1152 49 52 378585 0 0 0
-3825 1479 58 74 813639 0 0 0
-3465 1217 77 61 570584 0 0 0
-3902 1423 88 55 121716 0 0 0
-3383 1144 91 46 939527 0 0 0
-3560 1559 80 72 156437 0 0 0
-3510 1671 89 64 906587 0 0 0
-3406 2192 62 48 188651 0 0 0
-3521 2705 53 43 890370 0 0 0
1526 -1351 52 55 333790 0 0 0
1457 -1219 63 60 231009 0 0 0
1009 -955 93 49 431204 0 0 0
1375 -1243 92 77 609262 0 0 0
1471 -1031 95 44 281565 0 0 0
1338 -654 87 44 502474 0 0 0
1237 -853 63 64 599460 0 0 0
1062 -1165 67 70 665652 0 0 0
1030 -1679 57 49 443399 0 0 0
750 -1920 49 70 950254 0 0 0
987 -1552 53 67 993533 0 0 0
1068 -1935 57 45 815848 0 0 0
1405 -1469 89 49 558543 0 0 0
1102 -1314 68 55 831811 0 0 0
1295 -956 95 63 959198 0 0 0
1093 -884 85 51 229149 0 0 0
775 -442 50 54 937169 0 0 0
1099 -338 56 48 537107 0 0 0
1054 -155 96 63 896444 0 0 0
745 -605 49 45 435339 0 0 0
709 -877 75 43 402098 0 0 0
610 -628 85 55 875691 0 0 0
1078 -493 58 71 499697 0 0 0
1026 -352 69 46 713271 0 0 0
964 -849 73 53 839591 0 0 0
960 -1100 86 52 513137 0 0 0
757 -634 96 61 268332 0 0 0
758 -795 96 51 813471 0 0 0
943 -1042 68 49 855759 0 0 0
1165 -827 72 53 293522 0 0 0
1136 -1129 94 53 126675 0 0 0
785 -1251 65 70 556010 0 0 0
589 -931 82 71 528224 0 0 0
870 -540 84 49 804946 0 0 0
663 -868 53 46 578415 0 0 0
391 -1351 86 81 976010 0 0 0
-38 -1288 67 53 575243 0 0 0
-4 -1718 55 44 455383 0 0 0
818 732 66 62 114844 0 0 0
569 510 82 56 451979 0 0 0
350 565 97 68 275340 0 0 0
863 871 55 66 275182 0 0 0
777 384 93 56 860228 0 0 0
857 233 57 52 372542 0 0 0
626 74 52 49 897387 0 0 0
278 -43 51 65 967126 0 0 0
-9 -399 80 65 252748 0 0 0
-20 -304 73 68 224652 0 0 0
-292 80 67 68 250568 0 0 0
-253 530 51 51 317894 0 0 0
-293 443 85 80 418675 0 0 0
22 743 53 51 708469 0 0 0
-360 630 74 57 222607 0 0 0
-388 217 51 49 409852 0 0 0
-433 585 58 81 661048 0 0 0
-766 1042 54 62 144620 0 0 0
-904 1321 97 56 703277 0 0 0
-1369 1362 53 69 352411 0 0 0
-1797 1419 78 49 746738 0 0 0
-1892 1682 78 42 165564 0 0 0
-2391 1711 83 49 930134 0 0 0
-2790 1698 85 61 620937 0 0 0
-2431 2040 51 68 390336 0 0 0
-2074 2439 95 56 580099 0 0 0
-1663 2849 70 47 649268 0 0 0
-1338 2616 87 42 355076 0 0 0
-1850 3064 83 48 853252 0 0 0
-1350 2806 82 60 581999 0 0 0
-1051 2482 69 70 139120 0 0 0
-905 2606 81 42 957911 0 0 0
-506 2550 98 67 670461 0 0 0
-282 2797 85 53 279423 0 0 0
-95 2662 76 63 580370 0 0 0
399 3053 84 48 356658 0 0 0
380 3241 91 85 138657 0 0 0
795 3524 79 85 960404 0 0 0
545 3021 70 75 488276 0 0 0
764 3395 68 74 886974 0 0 0
1281 3653 78 50 698839 0 0 0
1748 3918 64 84 106255 0 0 0
1959 4340 65 45 588323 0 0 0
2141 4288 52 62 459989 0 0 0
2280 4163 54 67 137379 0 0 0
2090 4654 97 54 418777 0 0 0
2264 4421 67 52 720427 0 0 0
2762 4361 75 54 974375 0 0 0
2874 4511 74 81 416573 0 0 0
2787 4832 85 75 821634 0 0 0
2919 4779 80 79 419223 0 0 0
2507 5022 59 59 564489 0 0 0
2513 4671 88 78 332701 0 0 0
2483 4886 97 70 182418 0 0 0
2937 4767 97 74 137222 0 0 0
3396 4396 80 52 340945 0 0 0
3442 4309 59 46 965613 0 0 0
3606 4134 71 79 973376 0 0 0
3085 4633 92 48 131021 0 0 0
2987 4166 65 63 835232 0 0 0
3130 4264 52 84 977466 0 0 0
3077 4388 90 65 946600 0 0 0
3545 4758 85 78 170857 0 0 0
3313 4362 57 57 403631 0 0 0
3753 3885 68 59 723502 0 0 0
3290 3915 84 59 865824 0 0 0
3259 4301 65 57 395669 0 0 0
3015 4232 69 68 448314 0 0 0
2691 4283 52 48 337478 0 0 0
2715 4752 77 43 683472 0 0 0
3228 4418 85 54 472651 0 0 0
2955 4114 64 50 161435 0 0 0
2704 3918 64 64 123125 0 0 0
3186 4128 70 64 931826 0 0 0
3573 3793 69 75 833194 0 0 0
3891 3517 81 58 775131 0 0 0
3783 3950 58 73 322788 0 0 0
3730 4093 74 59 760457 0 0 0
3341 4026 81 68 293006 0 0 0
3647 3819 57 43 248859 0 0 0
4112 3592 70 75 431743 0 0 0
4367 3381 98 74 849868 0 0 0
4071 3515 93 43 426376 0 0 0
3916 3037 75 74 631012 0 0 0
4172 3474 82 48 502527 0 0 0
4068 3603 74 72 230562 0 0 0
4359 3313 67 75 161831 0 0 0
4492 3821 49 59 966399 0 0 0
4076 3820 74 64 603725 0 0 0
4338 3324 82 53 978509 0 0 0
4079 3213 49 68 280728 0 0 0
3639 3338 76 47 525757 0 0 0
3293 3117 62 68 752610 0 0 0
3523 2869 89 65 321870 0 0 0
1760 -901 92 66 239650 0 0 0
1939 -572 98 44 930534 0 0 0
1447 -1079 87 73 428269 0 0 0
1575 -749 71 44 942012 0 0 0
1710 -402 74 52 848433 0 0 0
1698 -396 51 78 837881 0 0 0
2162 61 66 82 523528 0 0 0
2205 185 74 53 908152 0 0 0
1723 467 77 67 100559 0 0 0
1386 171 77 69 873676 0 0 0
979 158 75 83 156430 0 0 0
971 -228 65 77 672378 0 0 0
1387 -668 61 44 520951 0 0 0
1468 -210 71 51 722064 0 0 0
1386 -83 91 80 698002 0 0 0
1423 207 85 43 500999 0 0 0
1290 435 52 42 590921 0 0 0
1509 937 79 54 494222 0 0 0
1270 422 69 49 704217 0 0 0
950 773 85 74 893661 0 0 0
875 376 69 53 804272 0 0 0
890 416 94 72 617025 0 0 0
1226 742 83 71 964583 0 0 0
1022 244 59 70 278428 0 0 0
1145 66 60 60 898341 0 0 0
1041 -398 83 46 601327 0 0 0
660 -115 84 63 999512 0 0 0
1141 -63 73 46 343285 0 0 0
1459 346 54 55 237414 0 0 0
1228 815 63 57 282509 0 0 0
746 316 94 79 611504 0 0 0
585 148 80 49 935853 0 0 0
391 574 81 59 575210 0 0 0
69 1022 95 73 437099 0 0 0
-1009 -145 56 53 922711 0 0 0
-825 161 63 69 252005 0 0 0
-371 640 90 80 751016 0 0 0
-160 349 67 44 730134 0 0 0
-309 -77 61 84 335732 0 0 0
-623 -569 66 72 718871 0 0 0
-261 -738 55 71 624407 0 0 0
-608 -307 71 61 800245 0 0 0
-875 -397 76 54 771675 0 0 0
-1384 114 60 48 589892 0 0 0
-1400 -111 86 47 641316 0 0 0
-1544 217 98 58 348386 0 0 0
-1403 594 92 51 438615 0 0 0
-1631 1046 59 70 414645 0 0 0
-1176 915 85 54 466520 0 0 0
-1645 1404 71 58 257015 0 0 0
-1450 1084 67 47 548779 0 0 0
-1750 1015 62 60 921467 0 0 0
-1549 755 59 75 408965 0 0 0
-1086 824 93 45 996600 0 0 0
-1447 1066 52 75 289213 0 0 0
-1949 1468 58 45 631862 0 0 0
-2224 977 95 83 744534 0 0 0
-1462 -572 74 83 239344 0 0 0
-1202 -485 92 47 283914 0 0 0
-1646 -416 97 43 652167 0 0 0
-2124 -345 82 80 894830 0 0 0
-2617 126 68 54 544357 0 0 0
-2629 -83 63 82 100290 0 0 0
-2308 -462 92 84 464388 0 0 0
-2620 -964 74 51 817255 0 0 0
-2719 -805 55 68 235660 0 0 0
-2698 -735 92 62 517783 0 0 0
-2773 -674 77 65 247181 0 0 0
-2562 -999 64 49 364266 0 0 0
-2132 -1234 78 70 180516 0 0 0
-2336 -1351 77 56 478928 0 0 0
-2402 -1599 95 70 152630 0 0 0
-2643 -1847 50 64 362322 0 0 0
-2512 -1603 77 66 622636 0 0 0
-2890 -1423 97 52 842904 0 0 0
-2589 -1428 74 70 202491 0 0 0
-2685 -1021 51 78 836055 0 0 0
-765 -1810 49 70 600065 0 0 0
-1137 -1582 63 54 798132 0 0 0
-1601 -1857 62 78 875780 0 0 0
-1690 -1566 91 71 534010 0 0 0
-1810 -1670 92 68 353239 0 0 0
-2298 -2148 80 56 962669 0 0 0
-1991 -2563 74 59 702786 0 0 0
-1513 -2465 73 60 628357 0 0 0
-1986 -2967 85 55 339384 0 0 0
-2383 -2848 54 78 184662 0 0 0
-2376 -2939 75 55 660379 0 0 0
-2737 -2947 88 64 646666 0 0 0
859 986 83 70 482985 0 0 0
584 705 63 75 548776 0 0 0
749 324 60 62 485055 0 0 0
742 -123 54 63 541241 0 0 0
377 -571 83 57 417811 0 0 0
853 -942 95 74 718117 0 0 0
1070 -1019 51 79 335400 0 0 0
1087 -1108 57 53 245628 0 0 0
1009 -1122 84 64 736756 0 0 0
1252 -1202 68 46 501021 0 0 0
1023 -1086 72 77 461327 0 0 0
715 -1590 79 49 726805 0 0 0
325 -1403 72 66 890283 0 0 0
621 -1173 60 76 335998 0 0 0
195 -1279 55 74 732074 0 0 0
-24 -1303 81 57 543925 0 0 0
402 -1307 68 42 380261 0 0 0
763 -1385 70 55 714646 0 0 0
599 -953 56 54 713368 0 0 0
358 -670 57 57 503421 0 0 0
735 -546 57 44 990595 0 0 0
649 -38 75 60 289574 0 0 0
354 108 62 57 184121 0 0 0
807 162 84 81 862307 0 0 0
969 -127 76 80 398206 0 0 0
986 240 58 84 787389 0 0 0
808 758 82 75 377819 0 0 0
-811 1071 79 44 361336 0 0 0
-1093 1536 84 73 745420 0 0 0
-1516 1759 56 47 838947 0 0 0
-1727 2124 65 65 103465 0 0 0
-2186 1670 58 70 841798 0 0 0
-1671 1440 82 43 170496 0 0 0
-1544 1222 62 79 568858 0 0 0
-1376 1236 95 66 727401 0 0 0
-1380 938 90 53 450352 0 0 0
-1158 575 81 72 235643 0 0 0
-1405 261 49 51 678547 0 0 0
-1660 -98 75 60 918941 0 0 0
-1285 -204 88 42 655821 0 0 0
-1641 -351 53 62 886070 0 0 0
-1331 -783 76 42 496878 0 0 0
-1668 -834 49 44 243809 0 0 0
-1507 -1210 51 47 738193 0 0 0
-1562 -1239 54 76 610096 0 0 0
-1855 -795 91 61 389893 0 0 0
-2137 -1258 72 84 735768 0 0 0
-2429 -759 66 56 565321 0 0 0
-2084 -691 96 81 595422 0 0 0
-1903 -894 67 67 595421 0 0 0
-1910 -617 74 52 663103 0 0 0
-2142 -1098 97 79 426774 0 0 0
-2165 -1589 77 77 866117 0 0 0
-1836 -2072 76 42 640730 0 0 0
-1782 -2515 75 42 142100 0 0 0
-2278 -2704 67 69 451762 0 0 0
-1778 -2451 52 49 362950 0 0 0
-1327 -2211 68 60 425297 0 0 0
-1234 -2203 93 78 828911 0 0 0
-1286 -1692 65 54 262945 0 0 0
-1446 -1888 49 68 686537 0 0 0
-1613 -2188 87 55 274809 0 0 0
-1614 -2543 59 68 349640 0 0 0
-1960 -3032 77 62 818034 0 0 0
-1552 -3318 53 46 602148 0 0 0
-1047 -2997 66 44 782060 0 0 0
-1395 -3289 94 60 902482 0 0 0
-1616 -2885 67 66 113277 0 0 0
-1095 -2453 56 42 224602 0 0 0
-1437 -2939 60 67 323986 0 0 0
-928 -3268 51 81 606001 0 0 0
-962 -3120 85 76 967062 0 0 0
-1450 -2836 53 53 337966 0 0 0
-1256 -3084 88 65 645956 0 0 0
1284 624 67 70 794251 0 0 0
1435 1025 88 85 894058 0 0 0
1287 1015 94 56 760318 0 0 0
1380 1417 74 79 246573 0 0 0
1113 1834 85 75 155023 0 0 0
952 2016 88 54 609236 0 0 0
914 2149 74 84 335778 0 0 0
1016 2503 86 83 108604 0 0 0
1391 2791 60 84 679362 0 0 0
1851 3157 63 57 112290 0 0 0
1549 3676 71 67 107870 0 0 0
1846 4116 88 42 403974 0 0 0
1632 4195 56 70 784703 0 0 0
1926 3687 85 43 620927 0 0 0
1475 3298 49 74 640178 0 0 0
1750 3488 53 53 576702 0 0 0
1955 3534 56 74 916608 0 0 0
1586 3512 97 85 270067 0 0 0
1390 3910 57 69 783042 0 0 0
1693 3664 93 62 864726 0 0 0
1240 3620 58 72 381382 0 0 0
764 3333 69 57 354443 0 0 0
506 3317 68 63 807474 0 0 0
299 3478 87 55 190203 0 0 0
593 3919 59 53 785907 0 0 0
658 3629 77 59 216620 0 0 0
572 3464 88 49 775369 0 0 0
872 3835 67 48 554422 0 0 0
1378 3318 90 52 647355 0 0 0
1401 2983 50 48 267394 0 0 0
1326 2783 58 60 575021 0 0 0
1511 2587 73 82 628328 0 0 0
1550 3068 56 50 810507 0 0 0
1083 3056 63 58 216394 0 0 0
944 2628 78 54 463488 0 0 0
599 2445 68 63 233107 0 0 0
318 2903 73 59 115510 0 0 0
663 3060 60 47 827998 0 0 0
700 2821 85 50 327825 0 0 0
682 3111 50 72 194930 0 0 0
633 3041 50 54 834730 0 0 0
427 2922 88 73 845377 0 0 0
44 2686 49 66 831555 0 0 0
1 2477 66 73 836766 0 0 0
-80 2221 77 60 214900 0 0 0
-547 1947 49 78 812606 0 0 0
-428 2007 95 44 904683 0 0 0
51 1785 96 65 734713 0 0 0
-280 1275 97 73 212173 0 0 0
-204 1628 85 59 256616 0 0 0
-521 1808 98 84 200197 0 0 0
-1018 1749 81 64 899301 0 0 0
-1052 2135 98 67 679764 0 0 0
-1248 2237 52 58 972705 0 0 0
-1045 1989 96 68 192996 0 0 0
-1391 2316 56 46 209302 0 0 0
-1164 2194 82 72 141290 0 0 0
-997 1904 83 53 723068 0 0 0
-1431 1392 67 83 139971 0 0 0
-1186 1556 95 67 727715 0 0 0
-795 1181 92 43 669356 0 0 0
-967 694 77 60 147697 0 0 0
-1352 468 64 76 837603 0 0 0
-1108 586 64 75 667701 0 0 0
-1054 770 98 84 389009 0 0 0
-841 639 68 48 702519 0 0 0
-1284 590 70 72 528169 0 0 0
-1393 632 80 67 709890 0 0 0
-1606 857 54 68 314025 0 0 0
-1371 410 85 54 183412 0 0 0
-1349 -75 71 65 580987 0 0 0
-1476 -569 81 50 912273 0 0 0
-1633 -840 53 76 161611 0 0 0
-1736 -419 88 84 362881 0 0 0
-2160 -697 74 62 494841 0 0 0
-1954 -613 49 53 648415 0 0 0
-1987 -449 84 59 917107 0 0 0
-1869 -687 50 48 377227 0 0 0
-1618 -790 95 59 962086 0 0 0
-2042 -740 89 58 428258 0 0 0
-1892 -875 90 64 612330 0 0 0
-1861 -959 59 62 268223 0 0 0
-1699 -1041 71 49 945594 0 0 0
-1479 -1341 80 82 303520 0 0 0
-1574 -1112 82 48 507515 0 0 0
-1259 -856 86 85 338884 0 0 0
-1813 -201 86 83 656790 0 0 0
-1790 138 97 50 822941 0 0 0
-1904 288 70 55 574486 0 0 0
-1445 737 94 79 951434 0 0 0
-1481 516 73 85 417108 0 0 0
-1200 1012 67 62 564990 0 0 0
-1678 1131 50 45 212556 0 0 0
-1220 1431 78 57 230094 0 0 0
-1614 1673 52 74 775300 0 0 0
-1164 2170 88 52 764703 0 0 0
-1179 2468 57 59 509073 0 0 0
-1537 2120 68 84 428535 0 0 0
-1261 2319 63 61 461629 0 0 0
-1489 2049 50 83 727565 0 0 0
-1884 2041 72 49 205574 0 0 0
-1588 1876 94 58 162449 0 0 0
-2070 1586 59 51 805593 0 0 0
-2166 1903 64 57 163770 0 0 0
-2605 2068 84 44 919452 0 0 0
-2537 2227 65 79 358639 0 0 0
-2496 2197 59 76 955316 0 0 0
-2203 1719 49 81 312565 0 0 0
-2396 1809 83 76 134276 0 0 0
-2012 1676 90 52 583994 0 0 0
-65 -420 77 64 665985 0 0 0
-558 -36 49 70 800259 0 0 0
-816 -101 86 52 387737 0 0 0
-1007 -252 92 45 560700 0 0 0
-718 -224 64 49 875542 0 0 0
-1165 -204 60 77 983034 0 0 0
-1560 275 81 78 972706 0 0 0
-1772 135 89 85 741659 0 0 0
-2111 -382 73 43 883423 0 0 0
-1724 -163 82 59 572909 0 0 0
-1672 -500 67 59 140124 0 0 0
-2047 -148 58 54 797602 0 0 0
-1537 -311 50 47 735572 0 0 0
-1115 212 83 46 626638 0 0 0
-846 -25 54 84 935813 0 0 0
-513 452 96 66 985460 0 0 0
-1023 120 60 47 589573 0 0 0
-1451 581 70 59 151833 0 0 0
-1406 628 80 65 624201 0 0 0
-1172 256 82 72 335553 0 0 0
-1494 -7 78 69 898832 0 0 0
578 -302 59 43 693854 0 0 0
921 -171 56 58 742157 0 0 0
467 -290 59 44 962756 0 0 0
127 -193 67 64 440911 0 0 0
641 153 83 49 969058 0 0 0
943 -185 60 76 805299 0 0 0
695 -203 71 64 829130 0 0 0
1141 -158 57 67 932087 0 0 0
1381 -100 79 55 372686 0 0 0
1418 168 77 49 225734 0 0 0
1123 261 96 49 556398 0 0 0
1186 600 84 84 865128 0 0 0
683 92 79 61 994804 0 0 0
934 566 64 56 753555 0 0 0
534 444 93 83 829712 0 0 0
215 630 65 73 895507 0 0 0
679 1067 60 82 494300 0 0 0
485 1528 88 47 629291 0 0 0
176 1379 70 61 405893 0 0 0
581 1623 89 64 845145 0 0 0
207 1402 62 42 833593 0 0 0
-37 1451 94 77 194572 0 0 0
-422 971 77 79 241616 0 0 0
-340 640 62 65 901811 0 0 0
-573 527 54 57 112528 0 0 0
-901 465 77 77 649339 0 0 0
-486 217 92 71 599085 0 0 0
-113 437 65 56 326399 0 0 0
-187 213 79 63 677827 0 0 0
-569 -179 82 72 105298 0 0 0
-278 -53 83 76 416357 0 0 0
-101 -491 92 66 359157 0 0 0
-489 -21 49 85 444950 0 0 0
-873 25 58 71 632799 0 0 0
-534 -444 56 50 334798 0 0 0
-820 -50 83 50 790794 0 0 0
-505 -213 96 56 986680 0 0 0
-545 129 70 62 860691 0 0 0
-1025 45 73 77 150092 0 0 0
-599 145 82 53 971918 0 0 0
-396 65 59 84 905930 0 0 0
60 -22 64 70 596180 0 0 0
529 -23 72 53 258062 0 0 0
920 75 78 68 185122 0 0 0
1078 -636 81 71 709857 0 0 0
1350 -1102 55 81 187227 0 0 0
1517 -1207 83 67 451930 0 0 0
1295 -868 87 73 321902 0 0 0
1312 -1380 59 49 667577 0 0 0
1518 -1353 69 62 433032 0 0 0
1268 -1281 74 61 396544 0 0 0
983 -1529 72 71 186566 0 0 0
1329 -1347 70 63 606973 0 0 0
940 -1426 80 53 914320 0 0 0
534 -1943 85 60 990965 0 0 0
535 -1499 71 77 519731 0 0 0
870 -1956 87 48 120156 0 0 0
787 -1959 53 45 860908 0 0 0
878 -2329 53 57 869924 0 0 0
1121 -2042 86 80 575421 0 0 0
1184 -1819 63 68 201605 0 0 0
892 -1513 68 65 270630 0 0 0
535 -1315 66 54 976113 0 0 0
397 -1763 70 49 974046 0 0 0
-103 -1540 89 42 730027 0 0 0
-69 -1100 60 59 924316 0 0 0
-40 -645 65 45 203456 0 0 0
-73 -673 98 46 524380 0 0 0
-283 -943 90 60 569248 0 0 0
-463 -734 65 62 932282 0 0 0
-60 -978 68 51 470570 0 0 0
-60 -882 98 76 618893 0 0 0
-309 -882 93 83 837212 0 0 0
2 -392 94 47 664884 0 0 0
246 -736 86 48 935350 0 0 0
323 -299 64 42 104286 0 0 0
511 181 96 69 819014 0 0 0
419 55 57 69 774614 0 0 0
-71 101 80 76 229491 0 0 0
-12 -360 68 78 749692 0 0 0
-441 -154 81 63 730478 0 0 0
-7 310 80 80 931683 0 0 0
-51 597 83 48 956512 0 0 0
-232 227 78 72 818449 0 0 0
144 592 74 63 711596 0 0 0
-39 851 75 68 375116 0 0 0
278 1266 70 72 334480 0 0 0
333 1511 51 67 657767 0 0 0
592 1432 58 83 377507 0 0 0
971 1568 64 64 154413 0 0 0
1473 1184 50 78 137927 0 0 0
1543 1022 71 56 741980 0 0 0
1730 1385 76 85 583006 0 0 0
1315 1852 65 80 894788 0 0 0
938 1970 59 58 893418 0 0 0
1348 2423 56 69 730034 0 0 0
1149 2518 60 71 572657 0 0 0
1581 2788 71 51 312396 0 0 0
1692 2628 72 62 280207 0 0 0
1388 3122 73 80 420294 0 0 0
1269 3573 95 45 686996 0 0 0
1045 3774 76 78 873818 0 0 0
1478 4164 94 74 884179 0 0 0
1206 3983 51 71 811220 0 0 0
1047 3892 73 56 814020 0 0 0
1531 3519 92 62 343597 0 0 0
1047 3977 72 78 463311 0 0 0
1092 4248 84 45 612901 0 0 0
667 4293 90 55 785640 0 0 0
561 4081 72 82 757560 0 0 0
931 3960 84 50 470131 0 0 0
985 4166 53 48 973371 0 0 0
985 4578 87 49 974043 0 0 0
1333 4190 86 71 547045 0 0 0
1165 4042 74 44 465944 0 0 0
1620 3895 67 69 594705 0 0 0
1559 4355 86 74 468814 0 0 0
1498 4156 72 55 388026 0 0 0
1852 4474 84 83 930695 0 0 0
2334 4330 93 73 334750 0 0 0
-1984 -1546 84 76 400688 0 0 0
-1788 -1327 77 45 143638 0 0 0
-1399 -1363 91 71 844186 0 0 0
-971 -1009 97 57 984460 0 0 0
-1001 -827 83 70 594063 0 0 0
-1307 -903 69 81 704099 0 0 0
-1038 -898 93 63 858176 0 0 0
-717 -1042 63 70 789065 0 0 0
-1126 -1005 51 85 845222 0 0 0
-1164 -766 96 68 396860 0 0 0
-917 -1205 61 61 104382 0 0 0
-1261 -1198 65 72 307596 0 0 0
-1763 -926 97 68 798212 0 0 0
-1821 -814 67 62 185177 0 0 0
-2324 -1135 94 44 687774 0 0 0
-2270 -1272 66 67 995494 0 0 0
-2327 -959 57 44 656591 0 0 0
-2253 -1309 58 79 859004 0 0 0
-2265 -1088 54 77 981723 0 0 0
-2308 -1006 56 76 669821 0 0 0
-2653 -1498 54 48 108363 0 0 0
-2794 -1973 51 66 427904 0 0 0
-2904 -1489 86 42 441635 0 0 0
-3016 -1460 95 70 176587 0 0 0
-3166 -1871 58 61 172670 0 0 0
-3195 -1942 60 83 113362 0 0 0
-2875 -1584 98 44 354005 0 0 0
-2417 -1755 71 77 726159 0 0 0
-2597 -1702 51 74 171158 0 0 0
-2492 -1199 65 47 935152 0 0 0
-2187 -1598 58 70 629550 0 0 0
-2637 -2027 65 58 444462 0 0 0
-3030 -1754 96 68 101205 0 0 0
-3390 -1991 66 43 253170 0 0 0
-3199 -1895 82 56 291740 0 0 0
-2852 -2386 76 65 678863 0 0 0
-2443 -2695 52 79 533482 0 0 0
-2584 -2656 96 73 752604 0 0 0
-2849 -2539 52 83 478250 0 0 0
-2416 -2603 97 77 700192 0 0 0
1173 1101 91 44 379962 0 0 0
746 1189 61 83 860373 0 0 0
500 1097 70 64 858179 0 0 0
214 1270 85 56 987553 0 0 0
657 1625 90 80 768368 0 0 0
708 1731 79 42 187734 0 0 0
480 1761 67 61 529274 0 0 0
503 1445 59 55 580668 0 0 0
980 1298 67 59 282024 0 0 0
796 1817 53 50 262918 0 0 0
782 2095 90 64 832459 0 0 0
956 2276 56 68 778152 0 0 0
783 1839 55 44 627471 0 0 0
1203 1406 90 64 563336 0 0 0
1216 1683 66 72 409065 0 0 0
1606 1372 80 72 183346 0 0 0
1396 1523 90 62 638235 0 0 0
874 1132 79 42 412381 0 0 0
1259 1327 68 55 170610 0 0 0
989 922 98 48 605716 0 0 0
742 1231 77 56 720361 0 0 0
505 808 64 42 777791 0 0 0
72 799 60 68 286933 0 0 0
226 756 50 62 777862 0 0 0
152 357 53 74 808455 0 0 0
-359 862 64 65 895214 0 0 0
152 798 91 71 178332 0 0 0
414 722 54 75 901231 0 0 0
614 1184 73 85 434760 0 0 0
525 1519 97 84 832562 0 0 0
1115 435 76 71 124976 0 0 0
760 250 70 66 575076 0 0 0
490 755 73 47 135758 0 0 0
620 669 64 62 859616 0 0 0
301 483 87 67 839191 0 0 0
-209 590 77 62 757276 0 0 0
-19 1050 92 46 378103 0 0 0
-316 1275 71 57 354392 0 0 0
-536 1713 86 79 610253 0 0 0
-459 1861 75 73 192177 0 0 0
-265 1558 68 77 395624 0 0 0
-164 1907 81 50 806776 0 0 0
-43 1767 92 70 727688 0 0 0
456 1254 91 51 554348 0 0 0
222 1308 97 65 229175 0 0 0
-1556 -152 86 69 434079 0 0 0
-1144 -463 78 45 182428 0 0 0
-1024 -942 55 68 613910 0 0 0
-940 -1235 73 48 378500 0 0 0
-1201 -1488 83 54 734108 0 0 0
-695 -1270 86 50 768254 0 0 0
-297 -1252 60 67 807496 0 0 0
-704 -1443 94 65 277845 0 0 0
-365 -1956 51 82 108766 0 0 0
-156 -1936 88 85 691584 0 0 0
-408 -1648 91 82 739689 0 0 0
-75 -2026 86 65 301757 0 0 0
-297 -2101 67 46 578082 0 0 0
-407 -2570 75 47 923351 0 0 0
-771 -2401 50 70 202606 0 0 0
-642 -2757 87 82 841384 0 0 0
-708 -3212 82 61 883817 0 0 0
-1174 -3148 69 43 548569 0 0 0
-807 -3647 78 59 661788 0 0 0
-1197 -3992 67 66 267315 0 0 0
-1004 -4170 63 57 186920 0 0 0
-935 -4500 72 72 785396 0 0 0
-1338 -4466 51 53 462832 0 0 0
-1457 -4044 79 52 732905 0 0 0
-1467 -4326 49 45 460094 0 0 0
-1863 -3928 88 68 472456 0 0 0
-1702 -4091 49 85 338817 0 0 0
-2191 -3938 92 85 480960 0 0 0
-2403 -4099 64 45 861188 0 0 0
-2853 -4341 50 72 186125 0 0 0
-2816 -4321 68 64 637524 0 0 0
-3260 -4386 80 51 838915 0 0 0
-3405 -4269 89 75 986976 0 0 0
-3585 -3974 62 46 406941 0 0 0
-3205 -4005 67 59 968046 0 0 0
-3448 -3600 49 73 258613 0 0 0
1249 2096 96 46 110745 0 0 0
1008 2247 77 54 450728 0 0 0
1284 2115 88 43 136164 0 0 0
1069 2059 81 61 397184 0 0 0
823 1549 72 55 979228 0 0 0
1290 1352 80 48 138368 0 0 0
1170 1202 86 46 927816 0 0 0
781 1450 62 57 818291 0 0 0
802 1956 55 60 694824 0 0 0
1209 1612 65 76 990394 0 0 0
1054 1211 57 58 449174 0 0 0
1006 1735 76 76 496093 0 0 0
762 2227 60 74 240724 0 0 0
1039 2303 72 71 927692 0 0 0
551 2440 64 81 380320 0 0 0
441 2765 63 50 915225 0 0 0
613 2713 97 69 261511 0 0 0
754 2685 70 52 748324 0 0 0
574 2830 77 69 217253 0 0 0
1039 2316 62 67 972337 0 0 0
862 2387 93 61 162582 0 0 0
881 2207 63 57 547649 0 0 0
1069 1887 65 52 338461 0 0 0
1074 1520 91 61 262016 0 0 0
1249 1532 77 69 673845 0 0 0
1310 1148 70 78 680125 0 0 0
1083 1260 54 60 461220 0 0 0
1352 995 68 73 869404 0 0 0
1734 724 66 56 988279 0 0 0
1631 827 81 66 183014 0 0 0
1775 847 68 77 558079 0 0 0
2145 1034 79 85 181426 0 0 0
2250 1367 51 59 298867 0 0 0
2138 1423 87 56 110503 0 0 0
1861 1586 90 84 668294 0 0 0
2313 1778 60 82 361956 0 0 0
2737 2130 84 74 288334 0 0 0
2652 2583 91 68 819883 0 0 0
2703 2825 66 80 452398 0 0 0
3109 3114 89 66 475346 0 0 0
2758 2768 53 45 944881 0 0 0
2981 2277 93 45 926170 0 0 0
3168 2734 82 74 516340 0 0 0
3063 2746 66 84 487071 0 0 0
3538 2541 60 75 424363 0 0 0
3751 2269 71 85 327869 0 0 0
3453 2348 95 71 201852 0 0 0
3453 1945 84 54 975035 0 0 0
3419 1510 85 52 469414 0 0 0
3177 1785 90 64 354364 0 0 0
3488 2047 68 69 759670 0 0 0
3054 2151 78 75 993709 0 0 0
3230 2130 56 80 968314 0 0 0
3667 2452 85 52 305071 0 0 0
4191 2876 60 49 684742 0 0 0
3904 3216 63 42 313148 0 0 0
4211 3102 98 42 851749 0 0 0
3696 2907 50 72 426096 0 0 0
3462 2902 67 78 397329 0 0 0
-655 -1951 57 80 792118 0 0 0
-134 -1729 50 66 498270 0 0 0
-281 -2161 58 68 245381 0 0 0
-487 -1849 93 54 268947 0 0 0
-415 -1580 81 56 997825 0 0 0
36 -1266 66 59 333410 0 0 0
330 -1338 83 59 761234 0 0 0
817 -868 59 55 591988 0 0 0
351 -973 57 50 226221 0 0 0
661 -923 92 45 280193 0 0 0
439 -970 63 70 570312 0 0 0
206 -748 71 56 116143 0 0 0
679 -913 80 74 539965 0 0 0
752 -768 85 50 560537 0 0 0
325 -525 56 50 185408 0 0 0
644 -322 71 77 332023 0 0 0
1139 193 58 71 898251 0 0 0
1469 215 91 79 398718 0 0 0
1084 -226 91 78 755660 0 0 0
635 -279 49 48 845879 0 0 0
193 -458 57 82 110474 0 0 0
709 -830 70 62 599308 0 0 0
1028 -689 56 61 251304 0 0 0
998 -349 65 48 483594 0 0 0
635 -342 70 49 398340 0 0 0
575 -392 66 53 678794 0 0 0
920 -469 88 56 148043 0 0 0
1196 -42 65 55 980633 0 0 0
1216 114 55 58 515047 0 0 0
1465 -168 79 79 784260 0 0 0
997 -547 56 50 206945 0 0 0
1021 -900 89 45 383951 0 0 0
548 -752 54 50 600366 0 0 0
128 -1253 81 65 342939 0 0 0
415 -889 94 57 864793 0 0 0
-44 -816 94 71 708140 0 0 0
-110 -884 58 81 807548 0 0 0
1507 -682 74 53 307143 0 0 0
1467 -692 82 56 902686 0 0 0
1934 -361 69 58 537336 0 0 0
2095 -129 73 43 788595 0 0 0
1974 328 94 47 811294 0 0 0
2463 490 90 63 942959 0 0 0
2143 689 53 71 235976 0 0 0
2129 286 94 68 433112 0 0 0
1878 717 77 45 106244 0 0 0
1768 305 51 74 758680 0 0 0
1336 536 56 47 118610 0 0 0
817 76 58 59 198559 0 0 0
565 385 92 66 624357 0 0 0
1036 -12 59 43 204090 0 0 0
581 400 70 76 694690 0 0 0
909 375 71 44 788235 0 0 0
483 516 76 50 623716 0 0 0
331 866 96 84 661581 0 0 0
-143 435 57 56 722279 0 0 0
-604 193 91 46 444650 0 0 0
-431 695 78 78 870718 0 0 0
-257 465 93 59 684668 0 0 0
234 939 80 49 762469 0 0 0
223 479 73 73 800077 0 0 0
-77 220 56 52 658648 0 0 0
233 543 78 65 570010 0 0 0
91 822 69 60 223331 0 0 0
563 707 55 62 801849 0 0 0
994 346 73 57 774871 0 0 0
-946 -1861 69 68 550434 0 0 0
-1274 -2376 96 63 885807 0 0 0
-1205 -2558 79 81 175593 0 0 0
-884 -3047 70 82 449702 0 0 0
-1191 -3082 79 45 443191 0 0 0
-1068 -3158 65 47 578305 0 0 0
-651 -3333 77 84 531309 0 0 0
-289 -3439 80 66 363871 0 0 0
-239 -3260 58 53 450920 0 0 0
-601 -3241 82 42 911185 0 0 0
-308 -3171 50 60 442296 0 0 0
-358 -3508 67 74 593304 0 0 0
-193 -3560 86 55 379475 0 0 0
-179 -3072 97 53 509993 0 0 0
-491 -3051 61 56 120023 0 0 0
-859 -3122 77 75 851800 0 0 0
-382 -3140 50 59 205527 0 0 0
-665 -2974 91 73 147285 0 0 0
-184 -2777 87 53 171947 0 0 0
278 -2418 49 71 436908 0 0 0
494 -2280 71 61 339741 0 0 0
329 -2271 80 67 786444 0 0 0
539 -2541 60 66 752188 0 0 0
99 -2065 98 63 733345 0 0 0
-2 -2215 82 48 966422 0 0 0
69 -2425 80 46 506369 0 0 0
-204 -2760 52 56 973545 0 0 0
-100 -3181 72 53 109407 0 0 0
77 -3685 64 48 771830 0 0 0
513 -3469 98 74 212826 0 0 0
857 -3900 51 81 244584 0 0 0
753 -4279 83 75 238938 0 0 0
863 -4171 97 44 771065 0 0 0
619 -3867 49 69 291818 0 0 0
106 -4272 80 58 309521 0 0 0
48 -4063 75 69 850497 0 0 0
80 -3563 82 82 392063 0 0 0
98 -3057 65 58 315780 0 0 0
-345 -3113 86 47 354884 0 0 0
-102 -3076 87 74 386811 0 0 0
313 -2770 95 68 237604 0 0 0
509 -2292 70 53 393465 0 0 0
248 -2373 85 54 605984 0 0 0
5 -2368 76 75 212060 0 0 0
-24 -2388 62 66 661392 0 0 0
-406 -1886 80 77 101053 0 0 0
-656 -2357 81 65 916375 0 0 0
-976 592 84 42 426712 0 0 0
-502 134 74 61 514812 0 0 0
-631 528 88 62 581974 0 0 0
-309 733 77 67 597658 0 0 0
-575 1029 86 60 830286 0 0 0
-62 557 53 57 898878 0 0 0
24 691 65 80 304019 0 0 0
-498 570 87 50 872795 0 0 0
-850 473 86 42 946652 0 0 0
-983 808 83 47 873078 0 0 0
-645 1117 76 55 922891 0 0 0
-940 1445 49 58 284366 0 0 0
-1275 1305 75 85 454105 0 0 0
-1117 1770 61 64 769925 0 0 0
-1556 2075 91 55 970902 0 0 0
-1905 2223 92 72 564583 0 0 0
-2296 2435 62 70 886896 0 0 0
-2184 2881 72 47 497395 0 0 0
-2308 3109 81 69 175665 0 0 0
-2300 3311 83 68 546721 0 0 0
-2654 2912 62 59 590748 0 0 0
-2301 3334 77 51 283226 0 0 0
-2561 3463 63 52 880371 0 0 0
-2716 3921 87 62 129736 0 0 0
-2632 3868 69 54 767494 0 0 0
-2749 3842 83 67 418752 0 0 0
-3111 3917 72 79 446963 0 0 0
-3457 3665 86 50 285950 0 0 0
-3476 4123 51 53 823836 0 0 0
-3761 4638 95 46 146694 0 0 0
-4062 4643 88 85 504568 0 0 0
-3575 4274 75 45 787438 0 0 0
-3448 4719 90 85 849883 0 0 0
-3309 4670 59 70 492899 0 0 0
-3408 4181 87 56 165110 0 0 0
-3649 4048 66 62 465156 0 0 0
-3531 4179 65 76 175631 0 0 0
-3015 4182 96 61 540983 0 0 0
-3468 4218 55 51 989781 0 0 0
-3877 4363 81 66 902636 0 0 0
-4062 4705 56 74 622494 0 0 0
-4041 4740 64 79 693020 0 0 0
-4507 4656 93 43 719230 0 0 0
-4231 4720 76 56 828367 0 0 0
-4620 5208 84 74 308139 0 0 0
-5039 5233 98 63 626652 0 0 0
-4727 5463 84 67 565959 0 0 0
-5028 5525 56 65 574062 0 0 0
-4540 5516 63 65 113432 0 0 0
-4453 5365 89 44 676056 0 0 0
-3991 4964 59 61 104741 0 0 0
-4364 5161 60 81 678027 0 0 0
-4767 5095 58 82 452984 0 0 0
-4322 5402 51 77 261237 0 0 0
-4306 5347 92 64 134683 0 0 0
-3849 5756 97 59 442463 0 0 0
-4030 5724 96 61 885961 0 0 0
-4057 6082 50 83 319159 0 0 0
-4283 5801 64 52 731826 0 0 0
-4786 5375 67 42 317391 0 0 0
-4805 4891 61 71 790434 0 0 0
-4346 4379 93 71 698476 0 0 0
-4213 4710 98 70 262020 0 0 0
-4386 4191 53 60 237342 0 0 0
-4689 4528 78 83 510809 0 0 0
-4278 4794 51 53 391558 0 0 0
-4161 4461 93 62 784748 0 0 0
-4466 4686 71 75 784408 0 0 0
-4802 5035 52 44 593075 0 0 0
-5115 5357 93 55 125341 0 0 0
-5083 4983 70 82 442117 0 0 0
-5081 4740 59 49 110354 0 0 0
-4776 4240 92 79 628646 0 0 0
-4650 3883 96 48 629895 0 0 0
-4722 3870 79 47 124200 0 0 0
1709 688 89 56 947748 0 0 0
1482 669 89 64 265639 0 0 0
1305 1027 94 53 753930 0 0 0
872 1211 50 62 230477 0 0 0
1288 1634 78 66 463493 0 0 0
1121 1323 62 49 665210 0 0 0
1389 1417 66 52 434075 0 0 0
