2200
-47 -1101 70 57 944547 0 0 0
-137 -1249 77 71 853933 0 0 0
-155 -1193 73 77 235645 0 0 0
-85 -1299 61 72 450874 0 0 0
-46 -1606 98 68 337931 0 0 0
-281 -1637 52 88 323512 0 0 0
138 -1300 64 54 221194 0 0 0
-206 -1569 64 80 495412 0 0 0
-671 -1134 87 82 494193 0 0 0
-1169 -1176 59 58 475298 0 0 0
-1368 -924 97 76 844889 0 0 0
-1117 -755 102 51 960916 0 0 0
-958 -950 80 68 951772 0 0 0
-1160 -611 98 58 334291 0 0 0
-1391 -206 91 84 504238 0 0 0
-1632 -349 84 74 311355 0 0 0
-1300 -524 101 81 608597 0 0 0
-1141 -766 86 81 442897 0 0 0
-1062 -1286 83 87 610866 0 0 0
-1298 -1235 91 50 703223 0 0 0
-1445 -1039 100 68 110098 0 0 0
-1000 -1254 92 52 873276 0 0 0
-663 -1217 61 87 606272 0 0 0
-144 -953 85 83 770517 0 0 0
310 -989 84 67 525287 0 0 0
307 -574 96 88 195653 0 0 0
740 -906 72 80 965361 0 0 0
1084 -994 93 57 857483 0 0 0
815 -1272 79 58 106966 0 0 0
485 -1407 64 49 602947 0 0 0
727 -1873 102 68 809925 0 0 0
559 -1525 60 55 691550 0 0 0
475 -1558 55 79 291861 0 0 0
174 -1972 75 53 975403 0 0 0
-147 -1687 101 47 228085 0 0 0
-508 -1266 88 71 272577 0 0 0
-65 -1194 75 53 324382 0 0 0
192 -1505 97 72 968943 0 0 0
-128 -1804 93 88 989651 0 0 0
-461 -2095 57 55 401219 0 0 0
-508 -2002 100 71 256160 0 0 0
-456 -2218 82 66 389401 0 0 0
-7 -2251 93 45 348566 0 0 0
-441 -1714 86 50 458074 0 0 0
-73 -2010 95 86 912913 0 0 0
-490 -2438 90 77 826640 0 0 0
-875 -2069 76 86 206274 0 0 0
-837 -2468 72 87 910609 0 0 0
-1243 -2254 82 58 941623 0 0 0
-1545 -2723 76 88 660419 0 0 0
-1665 -2582 69 64 985773 0 0 0
-2073 -2046 62 54 935897 0 0 0
-1742 -1863 88 85 497331 0 0 0
-2060 -1835 60 72 782129 0 0 0
-1951 -1779 52 86 909921 0 0 0
-2349 -1318 87 67 333645 0 0 0
-2466 -1493 52 85 381916 0 0 0
-2337 -1123 60 82 383700 0 0 0
-2271 -1244 77 60 681592 0 0 0
-1921 -1604 72 66 410588 0 0 0
-1748 -2151 58 74 997689 0 0 0
-1613 -1624 51 82 394908 0 0 0
-1939 -1545 51 81 972653 0 0 0
-1846 -2065 73 76 817786 0 0 0
-2232 -1567 80 63 182696 0 0 0
-2276 -1920 52 72 744216 0 0 0
-2708 -1681 84 53 171468 0 0 0
-2289 -1148 56 71 461310 0 0 0
-1847 -1488 61 85 209198 0 0 0
-2130 -1966 74 80 544021 0 0 0
-1958 -2511 69 49 918413 0 0 0
-1732 -2078 80 80 486925 0 0 0
-1234 -1601 90 51 512208 0 0 0
-1498 -1770 99 68 382042 0 0 0
-1687 -1266 76 67 262182 0 0 0
-1231 -1489 51 75 689436 0 0 0
-1733 -1275 89 64 434870 0 0 0
-1731 -1267 55 50 376781 0 0 0
-1276 -1530 100 58 417638 0 0 0
-1464 -1560 93 86 601647 0 0 0
1815 -843 98 48 289066 0 0 0
2079 -310 68 72 374289 0 0 0
2311 -120 100 47 446258 0 0 0
2084 -16 81 70 435474 0 0 0
1632 496 78 67 865579 0 0 0
1105 29 96 65 717017 0 0 0
680 296 75 61 798581 0 0 0
957 -113 63 65 610604 0 0 0
835 365 80 53 768857 0 0 0
605 -117 66 69 401036 0 0 0
853 -480 71 67 226791 0 0 0
527 -846 51 85 676245 0 0 0
864 -1077 91 74 862408 0 0 0
1018 -559 93 53 403864 0 0 0
1515 -933 55 67 484948 0 0 0
1792 -939 98 44 456848 0 0 0
2325 -1077 89 81 709419 0 0 0
2309 -1415 79 57 244840 0 0 0
2532 -1886 58 78 935510 0 0 0
2237 -2379 102 76 659099 0 0 0
2703 -2413 57 60 712585 0 0 0
3205 -2388 57 61 234956 0 0 0
601 414 71 83 869832 0 0 0
434 -5 90 44 630634 0 0 0
171 -379 88 55 248907 0 0 0
629 -339 86 87 233816 0 0 0
674 174 75 63 311675 0 0 0
698 459 100 76 682809 0 0 0
176 876 93 55 187998 0 0 0
91 921 87 71 345510 0 0 0
154 1350 65 86 529746 0 0 0
25 1128 98 69 904387 0 0 0
146 668 63 48 694003 0 0 0
138 1112 77 58 340741 0 0 0
436 829 93 44 227176 0 0 0
333 1093 84 85 180777 0 0 0
667 1501 56 47 944527 0 0 0
501 1199 89 77 278474 0 0 0
1032 1205 86 64 677704 0 0 0
1322 868 53 80 668849 0 0 0
1268 519 71 62 125871 0 0 0
1022 981 102 53 587006 0 0 0
950 1472 65 76 387433 0 0 0
1246 1390 75 73 928548 0 0 0
1697 1837 90 82 582666 0 0 0
1307 2109 92 53 232813 0 0 0
1194 2625 59 44 483047 0 0 0
1076 3136 81 86 879211 0 0 0
934 2841 90 67 935275 0 0 0
386 2699 101 61 960273 0 0 0
577 2236 81 87 369744 0 0 0
361 1859 68 54 461672 0 0 0
832 2019 85 46 743263 0 0 0
865 2181 84 75 708659 0 0 0
1223 2149 54 46 439313 0 0 0
1755 2349 52 81 966054 0 0 0
1465 2800 90 80 755847 0 0 0
1994 2355 83 56 843000 0 0 0
1764 2497 82 89 539978 0 0 0
-1267 -1976 69 63 359555 0 0 0
-1246 -2477 70 53 377361 0 0 0
-791 -2309 75 44 925965 0 0 0
-357 -2855 92 46 176297 0 0 0
-262 -2407 62 65 903590 0 0 0
-256 -2313 101 63 381651 0 0 0
-408 -2680 85 48 889837 0 0 0
-359 -2544 71 76 617988 0 0 0
-547 -2850 65 47 846834 0 0 0
-960 -3195 79 48 666791 0 0 0
-1105 -3252 55 50 835957 0 0 0
-676 -3662 85 72 725164 0 0 0
-195 -3560 73 55 147146 0 0 0
-391 -3552 65 53 376031 0 0 0
-44 -3744 65 82 756764 0 0 0
-65 -4200 64 88 334247 0 0 0
24 -4251 84 56 768390 0 0 0
97 -4552 83 47 894628 0 0 0
545 -4908 84 86 123412 0 0 0
909 -4775 67 81 545786 0 0 0
441 -5059 76 77 163444 0 0 0
773 -5527 75 49 383540 0 0 0
852 -5342 72 50 241608 0 0 0
664 -5623 66 76 814266 0 0 0
632 -5669 90 83 998692 0 0 0
403 -5258 52 46 687012 0 0 0
-142 -4992 92 79 967388 0 0 0
13 -4817 66 80 706290 0 0 0
167 -4336 95 55 495840 0 0 0
239 -4339 93 75 364453 0 0 0
199 -3936 76 45 100081 0 0 0
290 -3412 80 58 555092 0 0 0
67 -3572 90 86 984400 0 0 0
502 -3829 62 87 566038 0 0 0
534 -4033 72 85 895360 0 0 0
181 -3950 57 89 284139 0 0 0
392 -4330 58 84 447779 0 0 0
466 -4600 73 87 129834 0 0 0
201 -4991 91 83 104484 0 0 0
-150 -5453 62 88 749105 0 0 0
140 -5302 65 67 302460 0 0 0
-70 -5113 73 76 839432 0 0 0
452 -5616 89 57 959414 0 0 0
400 -6082 102 70 400300 0 0 0
942 -6148 95 78 921582 0 0 0
439 -6241 82 56 560248 0 0 0
598 -6467 57 77 448667 0 0 0
-1585 1694 57 48 397574 0 0 0
-1538 1652 83 84 763861 0 0 0
-1074 1580 76 63 579593 0 0 0
-1439 1071 83 57 665693 0 0 0
-1754 1541 73 77 426021 0 0 0
-1610 1239 60 71 637617 0 0 0
-1759 844 63 56 905208 0 0 0
-1510 1191 56 68 694942 0 0 0
-1307 934 56 70 242032 0 0 0
-1460 420 78 86 301531 0 0 0
-916 149 64 46 831409 0 0 0
-400 464 79 71 636906 0 0 0
-899 836 65 44 983871 0 0 0
-362 563 63 63 173331 0 0 0
4 415 67 71 845947 0 0 0
157 736 75 85 305850 0 0 0
706 995 89 63 576368 0 0 0
809 554 58 58 668173 0 0 0
468 176 80 74 200458 0 0 0
885 457 68 52 256104 0 0 0
862 -23 63 60 664259 0 0 0
888 -209 82 87 977707 0 0 0
865 -615 93 54 972980 0 0 0
1344 -723 100 67 918138 0 0 0
1222 -684 94 87 285985 0 0 0
1617 -146 58 72 261893 0 0 0
1763 -496 89 69 771210 0 0 0
2241 -292 52 55 468316 0 0 0
2677 -154 85 72 819174 0 0 0
2625 -183 83 57 604908 0 0 0
2887 15 55 70 331212 0 0 0
2703 -204 58 48 675704 0 0 0
-447 -553 65 89 183675 0 0 0
52 -216 52 75 560885 0 0 0
506 32 76 72 531944 0 0 0
280 -121 87 54 321595 0 0 0
698 314 79 76 559630 0 0 0
698 -16 85 76 952762 0 0 0
219 322 72 79 981701 0 0 0
216 591 78 59 201613 0 0 0
55 964 92 67 553530 0 0 0
13 845 82 62 971453 0 0 0
-435 1274 78 54 739186 0 0 0
-292 943 99 47 703343 0 0 0
-143 1369 63 74 118200 0 0 0
-577 1546 74 89 989151 0 0 0
-267 1313 69 57 746729 0 0 0
-564 912 90 60 953370 0 0 0
-821 970 95 85 246356 0 0 0
-1076 1488 89 62 842038 0 0 0
1792 998 77 44 940486 0 0 0
2150 472 55 55 924912 0 0 0
2573 861 81 44 571527 0 0 0
2575 932 99 87 671644 0 0 0
2813 1347 66 68 762367 0 0 0
2673 1461 84 79 131370 0 0 0
2547 1135 97 87 405671 0 0 0
3097 1647 92 80 996332 0 0 0
3327 1139 79 56 745958 0 0 0
2803 902 73 88 899134 0 0 0
2365 1120 101 81 731491 0 0 0
2898 1363 63 47 462932 0 0 0
3235 1362 100 50 760817 0 0 0
3324 1505 65 75 909365 0 0 0
2796 1357 84 72 412533 0 0 0
3166 1047 85 86 345559 0 0 0
3191 762 83 60 353400 0 0 0
3377 353 100 63 339657 0 0 0
3087 160 98 56 712110 0 0 0
2548 147 88 71 361379 0 0 0
2385 552 66 71 549317 0 0 0
2566 190 96 45 871405 0 0 0
2171 397 73 63 647336 0 0 0
2435 262 83 87 299589 0 0 0
1926 17 75 59 222488 0 0 0
1483 -349 74 49 729600 0 0 0
1051 -349 63 86 488209 0 0 0
1475 -814 84 74 842381 0 0 0
1923 -616 78 66 582770 0 0 0
2466 -816 68 89 804301 0 0 0
2239 -310 59 69 282744 0 0 0
2767 99 73 76 106450 0 0 0
594 1469 71 73 407793 0 0 0
792 921 61 56 429440 0 0 0
284 1040 91 82 150485 0 0 0
-125 775 65 47 344067 0 0 0
233 837 87 65 372437 0 0 0
-191 753 93 85 139859 0 0 0
-148 608 99 66 108963 0 0 0
-108 929 96 87 872242 0 0 0
237 1269 70 48 566333 0 0 0
773 1589 89 53 893233 0 0 0
659 1869 72 45 148548 0 0 0
398 1660 98 52 545197 0 0 0
392 2109 98 54 218618 0 0 0
126 2651 92 86 747232 0 0 0
640 3179 52 73 706169 0 0 0
134 2823 87 50 329189 0 0 0
-230 2735 100 57 245522 0 0 0
-731 2962 53 45 765230 0 0 0
-998 2501 71 88 872745 0 0 0
-591 2886 94 80 106911 0 0 0
-212 3304 63 58 442063 0 0 0
287 3245 59 83 807659 0 0 0
597 2960 88 89 296956 0 0 0
776 2854 100 82 533113 0 0 0
611 2609 72 64 509669 0 0 0
802 2408 73 53 863359 0 0 0
940 2705 87 88 985983 0 0 0
1321 2938 97 50 735496 0 0 0
1038 2867 94 59 817083 0 0 0
-1647 -1743 80 47 147297 0 0 0
-1967 -1609 95 84 531652 0 0 0
-1751 -2090 58 59 525401 0 0 0
-2271 -2494 60 69 133576 0 0 0
-2386 -2518 73 57 948258 0 0 0
-2637 -2352 91 75 669189 0 0 0
-2988 -1966 102 78 704126 0 0 0
-3109 -1839 60 47 634996 0 0 0
-3117 -2145 51 50 417062 0 0 0
-3124 -2477 68 79 188957 0 0 0
-3166 -2640 91 81 347587 0 0 0
-3101 -3085 82 48 901815 0 0 0
-3519 -2775 91 86 465773 0 0 0
-3814 -2257 55 89 817654 0 0 0
-4007 -2603 74 87 507943 0 0 0
-4471 -2406 72 63 532254 0 0 0
-4074 -2315 99 54 120284 0 0 0
-4047 -1838 64 54 160787 0 0 0
-4514 -1664 73 65 230251 0 0 0
-4528 -1922 68 75 115277 0 0 0
-4937 -2371 86 77 867939 0 0 0
-4436 -2091 101 66 399570 0 0 0
-4547 -1791 95 73 978236 0 0 0
-4509 -1882 60 86 612316 0 0 0
-5043 -1544 97 69 479293 0 0 0
-5501 -1670 66 88 382504 0 0 0
-5894 -1196 59 74 887492 0 0 0
-5930 -1451 88 82 815922 0 0 0
-5448 -1823 84 76 713201 0 0 0
-5336 -1712 91 52 841021 0 0 0
-5822 -1870 63 73 432952 0 0 0
-6296 -2191 85 82 896352 0 0 0
-5799 -1931 60 77 948126 0 0 0
-6309 -1577 80 57 256029 0 0 0
-5834 -1635 101 82 639370 0 0 0
-5436 -1796 67 84 897772 0 0 0
-1046 1277 72 58 983440 0 0 0
-963 1316 90 78 444634 0 0 0
-502 1016 80 45 672308 0 0 0
-842 1090 97 83 938158 0 0 0
-471 1508 91 44 919091 0 0 0
-760 1680 58 86 332320 0 0 0
-446 1870 82 89 191079 0 0 0
-603 1865 74 65 713914 0 0 0
-104 1908 53 82 759321 0 0 0
-38 1628 53 70 346773 0 0 0
-43 1804 80 52 553955 0 0 0
-156 1693 84 49 138821 0 0 0
212 1325 95 88 998444 0 0 0
449 1754 85 83 139749 0 0 0
-1350 891 80 81 279355 0 0 0
-1158 1183 92 66 891413 0 0 0
-1598 903 97 70 723265 0 0 0
-2047 954 90 71 854168 0 0 0
-1670 1351 85 83 354542 0 0 0
-2108 1708 60 70 148099 0 0 0
-2196 1256 89 46 981096 0 0 0
-2218 1382 89 63 951727 0 0 0
-1707 867 93 61 891844 0 0 0
-2208 734 54 88 139454 0 0 0
-2046 1150 88 49 763472 0 0 0
-1521 1568 100 56 392892 0 0 0
-1268 1473 59 86 601965 0 0 0
-1283 1750 94 79 262693 0 0 0
-1189 2073 58 86 291813 0 0 0
-1381 1934 74 50 221596 0 0 0
-1547 1528 82 52 276826 0 0 0
-1055 1675 58 50 407906 0 0 0
-1242 2079 89 45 481344 0 0 0
-1401 2445 78 72 219260 0 0 0
-1424 2599 57 82 593760 0 0 0
-1086 2300 86 78 755210 0 0 0
-1561 2216 81 59 482225 0 0 0
-1747 2025 56 61 603761 0 0 0
-2203 1932 100 61 529514 0 0 0
-1726 1443 63 58 323509 0 0 0
-1905 1800 87 46 286421 0 0 0
-2308 1633 101 53 835503 0 0 0
-1798 1389 75 53 394513 0 0 0
-1467 1649 99 49 286678 0 0 0
-1374 1320 84 57 100842 0 0 0
-1272 894 61 88 905771 0 0 0
-1774 628 77 45 628065 0 0 0
-1469 659 98 56 956606 0 0 0
-1756 580 88 64 118865 0 0 0
-1955 681 78 76 942601 0 0 0
-2238 1125 75 67 443940 0 0 0
-2641 1538 91 84 109001 0 0 0
-2840 1953 80 80 114605 0 0 0
-3089 2238 88 63 448868 0 0 0
-2905 1909 63 80 631222 0 0 0
-3383 1359 83 57 697200 0 0 0
-3340 1621 60 48 131173 0 0 0
-3788 2107 54 82 139826 0 0 0
-4107 2223 92 86 837790 0 0 0
-4163 2717 71 45 890296 0 0 0
-3782 2629 89 63 904887 0 0 0
-4218 2172 82 73 925521 0 0 0
-3917 1749 59 88 876183 0 0 0
-4377 1370 56 79 113565 0 0 0
-3877 1887 78 89 861576 0 0 0
-4103 1643 77 80 179076 0 0 0
-1900 774 102 58 703827 0 0 0
-2042 763 102 69 194116 0 0 0
-1706 634 54 45 277028 0 0 0
-1584 1040 74 76 318324 0 0 0
-2035 714 72 79 948762 0 0 0
-2353 406 82 75 986090 0 0 0
-2769 702 58 54 865943 0 0 0
-2450 1041 97 53 729549 0 0 0
-2468 1528 74 62 658743 0 0 0
-2094 1631 88 48 705822 0 0 0
-1667 1388 64 76 453176 0 0 0
-2112 1930 95 48 856863 0 0 0
-2424 2130 52 75 302610 0 0 0
-2022 1663 59 54 506662 0 0 0
-1532 1404 64 75 411156 0 0 0
-1553 1039 82 89 856800 0 0 0
-1096 613 73 48 378448 0 0 0
-811 169 64 53 183884 0 0 0
-420 624 73 75 804128 0 0 0
-703 316 80 52 689238 0 0 0
-883 -166 77 70 541239 0 0 0
-635 233 78 62 474294 0 0 0
-1160 65 93 57 912505 0 0 0
-649 -223 101 67 877118 0 0 0
-610 -539 72 63 987504 0 0 0
-98 -769 60 71 743897 0 0 0
-267 -343 86 86 146436 0 0 0
269 -630 53 61 164699 0 0 0
152 -338 96 62 891354 0 0 0
447 165 100 68 879498 0 0 0
600 449 72 58 688137 0 0 0
210 -37 77 76 149082 0 0 0
409 -468 84 87 730736 0 0 0
-131 -558 92 87 482394 0 0 0
-363 -566 58 84 966758 0 0 0
-531 -892 94 79 944062 0 0 0
-300 -371 89 62 215141 0 0 0
55 -882 59 69 780769 0 0 0
-64 -907 69 82 404318 0 0 0
-26 -1456 66 65 491100 0 0 0
343 -1765 98 65 473835 0 0 0
443 -1817 90 70 287319 0 0 0
872 -1666 76 61 400681 0 0 0
734 -1463 68 53 249727 0 0 0
815 -1150 70 57 360270 0 0 0
1330 -1328 96 60 773391 0 0 0
817 -1246 95 62 252508 0 0 0
1351 -733 62 62 462819 0 0 0
956 -1008 78 89 586195 0 0 0
787 -950 74 89 920215 0 0 0
885 -1383 93 65 180864 0 0 0
1359 -1380 66 73 932902 0 0 0
1551 -885 75 50 416176 0 0 0
1934 -651 60 60 759908 0 0 0
1609 -583 58 78 856156 0 0 0
1589 -1000 67 60 435283 0 0 0
1479 -1455 92 87 286231 0 0 0
1652 -1813 82 44 440587 0 0 0
1936 -1832 73 82 231529 0 0 0
1421 -1979 52 71 158506 0 0 0
1134 -2527 69 58 530839 0 0 0
1229 -2462 61 54 813870 0 0 0
1517 -2691 93 82 312454 0 0 0
1407 -3101 57 67 490476 0 0 0
1923 -2682 62 50 206752 0 0 0
2046 -2348 66 77 709095 0 0 0
2377 -1914 67 60 939300 0 0 0
2678 -1428 59 72 424188 0 0 0
2632 -1256 90 62 434515 0 0 0
2146 -1489 91 75 148810 0 0 0
2246 -1168 54 55 854799 0 0 0
2426 -892 85 85 818315 0 0 0
2904 -629 68 47 329557 0 0 0
3389 -556 92 80 425009 0 0 0
3069 -526 65 67 465316 0 0 0
3380 -625 93 82 436379 0 0 0
3627 -327 79 58 973740 0 0 0
4014 -381 81 80 443051 0 0 0
4259 -131 102 73 290252 0 0 0
4720 341 64 60 785242 0 0 0
4838 -155 77 46 277065 0 0 0
5319 283 52 46 946260 0 0 0
4828 439 102 88 148252 0 0 0
5030 -3 74 46 746934 0 0 0
5311 -101 63 67 355191 0 0 0
5255 -449 68 64 101953 0 0 0
5114 -452 55 82 184960 0 0 0
5292 -569 61 57 938636 0 0 0
5076 -463 53 69 598617 0 0 0
4799 12 91 47 684907 0 0 0
5295 413 69 62 705704 0 0 0
4791 -67 75 45 130964 0 0 0
4930 28 87 69 777071 0 0 0
5057 278 94 73 984734 0 0 0
5315 109 100 73 709680 0 0 0
4821 597 93 69 560583 0 0 0
4752 630 91 73 654938 0 0 0
5093 174 64 86 342756 0 0 0
5441 427 74 59 291719 0 0 0
5500 716 99 72 529943 0 0 0
6 63 66 45 533751 0 0 0
40 84 85 63 349474 0 0 0
427 -97 77 55 472975 0 0 0
628 -252 62 58 776672 0 0 0
809 -16 95 87 807409 0 0 0
925 97 57 72 853115 0 0 0
1284 498 88 88 313041 0 0 0
1242 395 83 65 450803 0 0 0
1124 362 82 84 954527 0 0 0
1500 71 52 66 914656 0 0 0
1372 77 70 76 348778 0 0 0
1826 588 92 81 396075 0 0 0
2200 878 54 75 105708 0 0 0
2449 1090 78 75 644486 0 0 0
2234 1150 66 66 492032 0 0 0
2713 681 73 78 567151 0 0 0
3046 968 66 83 539929 0 0 0
3578 544 65 84 925254 0 0 0
3569 797 57 83 394272 0 0 0
3429 892 97 64 782294 0 0 0
3019 1238 69 52 177309 0 0 0
2826 1243 69 76 728319 0 0 0
2547 975 98 73 993621 0 0 0
2721 828 70 60 718246 0 0 0
2282 937 77 80 138339 0 0 0
1813 1201 57 49 800879 0 0 0
1487 1459 59 74 475797 0 0 0
1567 1534 77 68 120829 0 0 0
2018 1354 89 55 840119 0 0 0
2521 857 71 65 104699 0 0 0
2539 1385 87 84 143538 0 0 0
2890 1036 101 86 208317 0 0 0
2760 756 66 70 996692 0 0 0
2598 460 83 52 773224 0 0 0
2889 805 56 82 126590 0 0 0
3155 1209 93 67 608797 0 0 0
2993 1160 94 50 216253 0 0 0
3219 638 94 78 571034 0 0 0
2954 333 96 65 494378 0 0 0
3141 225 84 86 820992 0 0 0
3062 59 59 44 958015 0 0 0
3432 -110 91 75 259586 0 0 0
-725 694 74 74 761291 0 0 0
-455 1107 51 67 244100 0 0 0
-781 936 82 50 750480 0 0 0
-1242 1069 66 56 875582 0 0 0
-1257 1465 67 52 169762 0 0 0
-760 1268 92 78 814734 0 0 0
-749 860 78 58 431528 0 0 0
-552 1272 79 84 853036 0 0 0
-590 1709 89 70 133761 0 0 0
-479 1314 67 71 560231 0 0 0
-541 1354 93 52 263182 0 0 0
-1089 978 73 55 455616 0 0 0
-1498 1078 76 89 842711 0 0 0
-1234 1468 52 49 365981 0 0 0
-1100 1500 65 66 966128 0 0 0
-712 1243 83 79 601403 0 0 0
-909 916 81 79 842748 0 0 0
-1005 585 85 66 277423 0 0 0
-1312 39 70 52 953786 0 0 0
-1189 257 76 85 380288 0 0 0
-1246 270 62 65 337663 0 0 0
-1226 584 85 69 379762 0 0 0
-1257 735 82 71 462927 0 0 0
-1263 310 65 56 829253 0 0 0
-1708 8 87 85 972637 0 0 0
-1626 -428 52 88 254293 0 0 0
-1567 48 53 75 952215 0 0 0
-1838 210 79 72 997512 0 0 0
-2279 422 95 89 647552 0 0 0
-2813 -127 78 61 376292 0 0 0
-3262 -298 97 67 387991 0 0 0
-3110 -104 80 65 312940 0 0 0
-3126 -354 57 83 318144 0 0 0
-3235 -346 57 84 128055 0 0 0
-3757 -170 63 68 520768 0 0 0
-4116 333 83 60 776139 0 0 0
-4337 267 66 70 985214 0 0 0
-4646 343 74 59 577098 0 0 0
1732 -795 87 55 744665 0 0 0
2126 -685 85 82 496778 0 0 0
2467 -405 91 65 139587 0 0 0
2145 62 71 77 881757 0 0 0
2149 158 94 70 462403 0 0 0
2687 -366 74 72 321222 0 0 0
2156 -120 98 53 407319 0 0 0
2432 38 92 85 916715 0 0 0
2266 572 99 68 745059 0 0 0
1816 255 76 67 690345 0 0 0
2124 -140 93 69 850224 0 0 0
2648 17 65 55 365470 0 0 0
2275 129 69 88 303766 0 0 0
2739 641 92 67 190194 0 0 0
2689 518 79 50 475356 0 0 0
2883 114 71 52 446829 0 0 0
3146 137 77 79 811537 0 0 0
3233 671 66 88 317147 0 0 0
3438 1213 78 74 393549 0 0 0
3561 1507 65 56 464535 0 0 0
3071 989 80 63 256314 0 0 0
3326 570 96 54 627921 0 0 0
3394 596 92 59 737452 0 0 0
3328 240 76 51 210878 0 0 0
3691 -21 53 59 583791 0 0 0
3363 440 57 61 943682 0 0 0
3746 738 82 54 165979 0 0 0
4293 765 93 44 201589 0 0 0
4167 614 53 63 620265 0 0 0
4494 747 80 59 699026 0 0 0
4423 752 96 48 312775 0 0 0
4205 1137 73 69 672514 0 0 0
3920 904 74 59 292725 0 0 0
3644 1201 54 87 200522 0 0 0
3659 1542 73 57 504912 0 0 0
3326 1927 77 51 163513 0 0 0
-2149 -1347 96 61 996970 0 0 0
-2361 -1167 57 71 617608 0 0 0
-2725 -998 59 63 629779 0 0 0
-2594 -575 91 54 150282 0 0 0
-2903 -394 89 81 801683 0 0 0
-3436 -507 58 75 598394 0 0 0
-3667 -265 82 86 406531 0 0 0
-3274 -588 65 69 439986 0 0 0
-3146 -236 60 52 780963 0 0 0
-3324 -461 59 61 336523 0 0 0
-3675 -564 98 45 129267 0 0 0
-4008 -916 73 68 311602 0 0 0
-4549 -693 87 71 304039 0 0 0
-4604 -246 52 49 793549 0 0 0
-5133 -594 68 51 677122 0 0 0
-5311 -383 55 63 824201 0 0 0
-5602 -81 74 46 509750 0 0 0
-5409 -331 73 68 388872 0 0 0
-4996 -572 69 51 737494 0 0 0
-5194 -613 81 84 606740 0 0 0
-5407 -426 75 86 417158 0 0 0
-5113 -101 82 79 442147 0 0 0
-4674 285 73 79 827665 0 0 0
-4817 391 57 64 696668 0 0 0
-4476 926 74 74 301423 0 0 0
-4182 712 93 70 829588 0 0 0
-4672 1034 71 81 218460 0 0 0
-4794 1001 76 63 164835 0 0 0
-5073 1128 59 78 906361 0 0 0
-4713 591 100 68 901933 0 0 0
-4792 471 92 64 839941 0 0 0
-5279 584 80 78 171333 0 0 0
-4978 508 84 68 893547 0 0 0
-5327 180 96 61 699040 0 0 0
-5602 -57 52 79 249145 0 0 0
-5925 -410 68 58 711088 0 0 0
-6260 22 76 55 194556 0 0 0
-6089 -133 102 45 984002 0 0 0
-6400 -79 52 84 386978 0 0 0
-6882 11 98 84 869263 0 0 0
-7044 -529 76 66 261974 0 0 0
-6864 -490 67 83 895906 0 0 0
-7208 -334 101 47 285901 0 0 0
-6921 173 75 78 465200 0 0 0
-6391 -5 102 54 552959 0 0 0
-6850 46 51 54 431194 0 0 0
-6738 300 64 78 805228 0 0 0
-6548 394 100 53 492300 0 0 0
-6041 299 65 64 589139 0 0 0
-5877 714 52 47 720909 0 0 0
-6254 900 84 77 772672 0 0 0
-6382 1062 89 46 577031 0 0 0
-5884 682 93 87 743524 0 0 0
-6326 994 73 75 532851 0 0 0
-6334 770 62 66 218434 0 0 0
-6546 981 80 44 524891 0 0 0
-6534 822 74 76 938914 0 0 0
-6302 1022 72 82 739928 0 0 0
-6670 1298 53 83 876707 0 0 0
-6998 1771 51 84 264468 0 0 0
-7382 2199 95 52 786878 0 0 0
-7332 1819 91 46 622457 0 0 0
-6840 1702 87 57 815608 0 0 0
-6836 2110 98 63 163189 0 0 0
-7339 2582 88 65 634036 0 0 0
-7434 2421 53 79 106222 0 0 0
-7718 2671 94 89 773469 0 0 0
-7533 2505 97 86 651081 0 0 0
-7639 2809 95 69 693537 0 0 0
-8134 2746 96 51 718720 0 0 0
-8419 2379 74 73 367439 0 0 0
-8229 2113 54 45 867347 0 0 0
-7993 1792 83 48 780568 0 0 0
-7580 2204 72 63 490076 0 0 0
-7104 2248 76 50 404807 0 0 0
-7454 2661 102 48 443349 0 0 0
-7679 2784 78 82 886711 0 0 0
-7337 2973 81 69 446313 0 0 0
-6949 3508 58 46 910534 0 0 0
-7412 3896 93 64 430500 0 0 0
-7474 4120 71 51 387303 0 0 0
-7238 4251 71 59 298354 0 0 0
-6877 4532 95 47 200289 0 0 0
-7215 4822 54 79 899809 0 0 0
-1834 166 63 54 567497 0 0 0
-2075 107 98 81 194048 0 0 0
-2379 53 80 52 712840 0 0 0
-2733 239 54 82 494952 0 0 0
-2816 330 96 82 885331 0 0 0
-2800 -58 94 50 248084 0 0 0
-2599 381 87 50 828936 0 0 0
-2326 216 95 61 411664 0 0 0
-2040 234 52 79 826752 0 0 0
-1689 23 82 79 367931 0 0 0
-2177 439 85 46 300118 0 0 0
-1735 560 56 87 529313 0 0 0
-1536 522 54 63 286387 0 0 0
-1712 760 69 76 686187 0 0 0
-2078 1231 72 62 611587 0 0 0
-2297 1210 51 88 213041 0 0 0
-2021 1254 60 67 920358 0 0 0
-2240 1157 71 73 345064 0 0 0
-2579 1675 80 78 158823 0 0 0
-2544 1681 77 54 624535 0 0 0
-2380 1678 92 77 151429 0 0 0
-2118 2212 66 67 763149 0 0 0
-2640 1761 62 83 758529 0 0 0
-2607 2026 76 70 798600 0 0 0
-3152 2249 78 84 143760 0 0 0
-2973 1789 80 67 989362 0 0 0
-2744 1782 51 62 550202 0 0 0
-3173 2226 96 64 534708 0 0 0
-3658 1986 97 77 423699 0 0 0
-3745 1767 98 51 241200 0 0 0
-3816 1570 81 60 699905 0 0 0
-3271 1644 95 51 192245 0 0 0
-3387 1374 74 89 883316 0 0 0
-3103 1384 98 70 959670 0 0 0
-3386 971 86 57 226876 0 0 0
-3365 1144 56 59 417536 0 0 0
-3359 1675 80 67 385615 0 0 0
-3163 1510 70 45 799829 0 0 0
-536 2173 56 66 478446 0 0 0
-611 1985 51 78 807298 0 0 0
-613 2450 72 78 455164 0 0 0
-907 2855 62 48 957145 0 0 0
-1176 3387 66 70 488846 0 0 0
-1216 3648 67 56 182862 0 0 0
-1160 3464 87 59 514214 0 0 0
-965 3420 86 65 985512 0 0 0
-956 3468 93 74 358262 0 0 0
-816 3344 55 60 518475 0 0 0
-413 3028 91 54 659355 0 0 0
-333 3360 74 81 321154 0 0 0
-334 2879 101 83 900695 0 0 0
-286 2547 90 86 151318 0 0 0
-371 2983 53 68 809499 0 0 0
-860 2911 101 72 548240 0 0 0
-1362 2968 66 70 906108 0 0 0
-1390 3500 100 76 514593 0 0 0
-1061 3480 68 72 560263 0 0 0
-701 3912 94 69 891705 0 0 0
-1097 3575 88 45 424188 0 0 0
-859 3340 62 74 830931 0 0 0
-1113 3477 85 73 779972 0 0 0
-1282 3771 98 89 819203 0 0 0
-960 4178 89 84 531880 0 0 0
-454 4338 62 88 989749 0 0 0
-572 4778 94 66 173348 0 0 0
-704 4632 95 62 665414 0 0 0
-584 4320 66 53 655370 0 0 0
-731 4249 60 60 319856 0 0 0
-190 4636 99 46 348164 0 0 0
-106 4458 85 82 148851 0 0 0
408 4738 93 54 927572 0 0 0
44 5038 59 74 168200 0 0 0
144 5570 56 88 300490 0 0 0
660 5742 90 51 573299 0 0 0
1191 5288 80 74 137869 0 0 0
1520 5127 70 84 907828 0 0 0
1147 5377 82 67 238490 0 0 0
1144 5886 93 56 231032 0 0 0
1713 840 91 89 622950 0 0 0
1696 402 58 69 821075 0 0 0
1220 362 62 49 112006 0 0 0
858 862 75 59 527398 0 0 0
1374 485 71 64 345839 0 0 0
1202 -65 71 80 692252 0 0 0
1073 -364 79 84 235568 0 0 0
1183 -761 101 83 719052 0 0 0
1254 -1256 100 60 478469 0 0 0
1184 -1407 79 60 982927 0 0 0
1440 -961 85 73 269440 0 0 0
1177 -831 57 56 439382 0 0 0
1136 -962 55 78 143601 0 0 0
1064 -782 60 76 930396 0 0 0
814 -761 62 74 975779 0 0 0
689 -468 64 85 890051 0 0 0
1040 -669 91 88 883968 0 0 0
1245 -214 85 57 434526 0 0 0
798 -445 98 64 459434 0 0 0
876 -902 84 61 795265 0 0 0
458 -707 71 55 518849 0 0 0
676 -873 100 63 233368 0 0 0
424 -1086 89 74 683387 0 0 0
438 -1609 87 80 177696 0 0 0
-63 -1834 68 78 466066 0 0 0
356 -1646 53 83 630208 0 0 0
-49 -1586 64 45 254231 0 0 0
-342 -1775 77 46 907468 0 0 0
85 -2170 67 64 217383 0 0 0
172 -1706 54 60 103445 0 0 0
-182 -2176 59 64 617432 0 0 0
-724 -2188 71 86 761698 0 0 0
-1147 -2151 102 61 430338 0 0 0
-1425 -2094 60 44 971828 0 0 0
-1954 -1684 93 69 536275 0 0 0
-1981 -1263 89 58 256856 0 0 0
-1920 -1791 80 51 220826 0 0 0
-2157 -2101 68 70 743658 0 0 0
-2202 -1672 98 59 610383 0 0 0
-1948 -2005 102 73 959286 0 0 0
-2168 -1576 97 46 665332 0 0 0
-2567 -1221 60 45 291058 0 0 0
-2093 -1538 59 61 181500 0 0 0
-2503 -1065 66 51 297795 0 0 0
-3034 -1399 78 54 396741 0 0 0
-2821 -1573 72 51 604809 0 0 0
-3277 -1059 57 53 628712 0 0 0
-3760 -1329 89 79 218980 0 0 0
-3641 -1151 56 87 150213 0 0 0
-3347 -1113 77 45 471923 0 0 0
-3258 -1599 87 50 948591 0 0 0
-3028 -1786 76 77 299406 0 0 0
-2719 -2162 92 87 991405 0 0 0
-2560 -2177 64 67 713914 0 0 0
-2106 -2723 99 50 157868 0 0 0
-1913 -3124 80 84 639383 0 0 0
-2301 -3370 100 65 483702 0 0 0
-1771 -3040 58 70 622806 0 0 0
-1997 -2687 95 46 938008 0 0 0
-1839 -2219 71 66 196575 0 0 0
-1602 -2742 83 79 271108 0 0 0
-1448 -2404 68 63 367589 0 0 0
-1122 -2587 59 52 623888 0 0 0
-1243 -3041 64 64 112193 0 0 0
-1328 -2590 77 82 171716 0 0 0
-1768 -2770 64 59 106340 0 0 0
-1905 -2367 75 66 873544 0 0 0
-1900 -1832 52 47 924320 0 0 0
-2350 -1390 65 55 908148 0 0 0
-2893 -1790 54 56 798987 0 0 0
-2652 -1243 92 61 967179 0 0 0
-2961 -1599 78 53 394557 0 0 0
-2505 -1150 101 78 278419 0 0 0
-2630 -736 53 65 982871 0 0 0
-2870 -1113 54 56 760459 0 0 0
-2812 -815 97 58 799399 0 0 0
-3052 -1255 84 52 126191 0 0 0
-3510 -1610 62 64 837686 0 0 0
-3264 -1150 55 49 844330 0 0 0
-2823 -1239 97 59 369189 0 0 0
-2598 -1255 74 52 799264 0 0 0
-2134 -1604 86 86 642743 0 0 0
-1732 -2046 101 46 486066 0 0 0
-1264 -1683 64 79 186017 0 0 0
-874 -2230 80 65 735342 0 0 0
-678 -2473 56 47 911230 0 0 0
-1103 -1977 79 89 802691 0 0 0
-1098 1299 74 70 439663 0 0 0
-1295 1370 56 80 467089 0 0 0
-943 841 84 77 847683 0 0 0
-569 901 90 74 386433 0 0 0
-272 507 54 69 218233 0 0 0
-460 593 72 52 721438 0 0 0
-421 905 67 86 127224 0 0 0
-316 1066 67 55 181697 0 0 0
135 831 63 78 646415 0 0 0
-15 320 102 74 529174 0 0 0
-45 -97 69 89 971783 0 0 0
237 227 80 45 460970 0 0 0
26 -58 100 50 630552 0 0 0
86 91 57 48 767942 0 0 0
-398 -373 72 53 474601 0 0 0
-141 -815 88 48 757729 0 0 0
-66 -858 76 52 452043 0 0 0
407 -1268 79 65 873562 0 0 0
921 -1405 62 81 687076 0 0 0
941 -1387 78 82 436865 0 0 0
1004 -1180 100 60 784074 0 0 0
984 -1417 94 59 435132 0 0 0
1462 -1361 72 80 748858 0 0 0
1795 -1690 70 50 250812 0 0 0
1747 -2185 53 85 619604 0 0 0
1553 -2562 101 54 226513 0 0 0
1518 -2755 77 56 322006 0 0 0
-1474 -806 53 51 860730 0 0 0
-1455 -610 67 82 434731 0 0 0
-1547 -393 88 71 334631 0 0 0
-1487 -653 55 53 793582 0 0 0
-1734 -121 95 79 757126 0 0 0
-2032 -465 55 82 898507 0 0 0
-1928 -327 67 55 576150 0 0 0
-2069 62 91 73 249402 0 0 0
-2550 453 61 56 688385 0 0 0
-3010 781 61 45 583911 0 0 0
-3201 1144 84 70 478399 0 0 0
-2904 1080 68 72 620995 0 0 0
-2677 1393 64 59 795767 0 0 0
-3052 1764 65 56 846837 0 0 0
-3141 2004 56 61 287295 0 0 0
-3262 1682 51 44 793438 0 0 0
-3797 1164 59 54 651651 0 0 0
-3978 653 57 68 980800 0 0 0
-4170 852 74 50 921529 0 0 0
-3803 983 70 57 810432 0 0 0
-3317 1106 57 85 759410 0 0 0
-3133 665 100 89 849455 0 0 0
-3214 1089 102 54 597130 0 0 0
-3126 847 74 45 147371 0 0 0
-3378 834 102 63 936192 0 0 0
-3121 1074 95 48 340783 0 0 0
-2666 1018 101 71 263086 0 0 0
-2222 998 90 73 672379 0 0 0
-1818 1289 89 68 956958 0 0 0
-2008 1031 57 47 755845 0 0 0
-1590 1438 60 69 428881 0 0 0
-2135 1227 94 60 520358 0 0 0
-1831 1051 51 87 308621 0 0 0
-1900 1290 64 56 831297 0 0 0
-1709 1046 98 58 307966 0 0 0
-2255 612 92 64 192883 0 0 0
-2632 657 56 69 814235 0 0 0
-2254 357 90 63 870129 0 0 0
-1876 -79 55 57 220309 0 0 0
-2327 -110 101 64 327878 0 0 0
-1781 -106 80 83 518682 0 0 0
-1717 -327 78 76 406216 0 0 0
-2207 77 92 64 136828 0 0 0
-2228 393 80 65 205742 0 0 0
-1860 343 77 78 840112 0 0 0
-1435 133 73 67 398094 0 0 0
-1030 -327 83 78 951546 0 0 0
-1005 -82 63 70 208261 0 0 0
-553 -447 53 88 940220 0 0 0
-607 0 97 51 220751 0 0 0
-222 -529 94 77 521458 0 0 0
-238 -979 56 48 504048 0 0 0
-711 -1489 56 64 932145 0 0 0
-719 -1098 85 44 126158 0 0 0
-1077 -1260 71 52 300506 0 0 0
-853 -1207 64 63 407501 0 0 0
-1358 -1572 83 65 465456 0 0 0
-1704 -1146 63 54 540516 0 0 0
-1821 -1535 87 73 792155 0 0 0
-1484 -1167 80 85 730213 0 0 0
-1074 -789 93 79 250527 0 0 0
-1408 -295 95 89 643892 0 0 0
-1323 57 83 65 763958 0 0 0
-1593 391 89 82 573842 0 0 0
-1459 31 64 60 995597 0 0 0
-1936 351 86 45 100782 0 0 0
-2249 317 88 54 649939 0 0 0
-2054 12 67 78 563168 0 0 0
-2199 30 52 87 166654 0 0 0
-599 -1478 96 53 474278 0 0 0
-690 -1619 83 64 144627 0 0 0
-611 -1795 93 62 144296 0 0 0
-85 -2299 71 80 228236 0 0 0
-260 -2319 71 44 522599 0 0 0
-342 -2647 65 44 472008 0 0 0
-502 -3139 54 69 151333 0 0 0
-94 -3676 75 69 639177 0 0 0
385 -4013 59 52 813398 0 0 0
472 -3727 55 64 903789 0 0 0
869 -3963 75 73 250733 0 0 0
951 -4131 56 58 990847 0 0 0
772 -4546 80 83 667391 0 0 0
776 -4195 83 45 874404 0 0 0
1281 -4252 68 79 991351 0 0 0
931 -4052 62 44 841287 0 0 0
1231 -4196 73 72 630070 0 0 0
1223 -3972 53 51 434129 0 0 0
1180 -3543 59 82 797414 0 0 0
861 -3269 67 55 438306 0 0 0
996 -3661 84 80 990118 0 0 0
1455 -3601 85 71 583753 0 0 0
1846 -3648 67 75 298186 0 0 0
2191 -3219 69 59 645730 0 0 0
2619 -3537 72 89 541609 0 0 0
2865 -3527 51 70 698223 0 0 0
3119 -3288 59 46 162749 0 0 0
2616 -3817 81 45 446420 0 0 0
2643 -4358 62 53 138716 0 0 0
2263 -4801 51 82 614211 0 0 0
2786 -4616 62 76 681066 0 0 0
3014 -4161 51 67 639938 0 0 0
3403 -3817 81 74 889992 0 0 0
3749 -3719 81 66 633852 0 0 0
4184 -4229 66 59 538518 0 0 0
3786 -4247 97 81 217887 0 0 0
3407 -4103 64 66 719057 0 0 0
1923 -476 75 86 509170 0 0 0
1830 -441 71 60 225028 0 0 0
1473 -606 60 60 429575 0 0 0
1789 -243 74 48 145922 0 0 0
2171 -406 63 45 913886 0 0 0
2532 -159 60 83 405299 0 0 0
2487 -461 98 64 714584 0 0 0
2398 -960 63 87 839560 0 0 0
2027 -555 82 62 433514 0 0 0
1941 -580 61 66 468918 0 0 0
2467 -571 55 64 427429 0 0 0
2273 -1056 57 59 204507 0 0 0
2227 -1042 90 67 756082 0 0 0
2026 -1338 89 58 922380 0 0 0
2472 -1438 66 58 717741 0 0 0
2557 -1077 66 78 925371 0 0 0
2556 -769 96 89 334156 0 0 0
2842 -525 97 77 917157 0 0 0
2488 -574 82 78 197873 0 0 0
2928 -173 54 62 996933 0 0 0
2652 121 91 69 752645 0 0 0
2725 36 51 45 194414 0 0 0
2242 437 56 86 958121 0 0 0
2392 235 67 61 162657 0 0 0
2330 -244 95 88 966751 0 0 0
2377 28 92 55 579350 0 0 0
2604 -413 80 58 225317 0 0 0
2795 -398 64 82 583734 0 0 0
3050 -552 65 48 778427 0 0 0
3268 -813 101 63 872071 0 0 0
3199 -1186 70 77 369597 0 0 0
2889 -1280 58 70 710681 0 0 0
3106 -1820 83 67 204416 0 0 0
3557 -2152 102 52 205456 0 0 0
3090 -2240 85 75 944654 0 0 0
2938 -2592 57 48 804626 0 0 0
2660 -2143 69 88 649406 0 0 0
2474 -2162 74 68 684131 0 0 0
2153 -2475 56 59 801193 0 0 0
2653 -1990 60 75 321583 0 0 0
2396 -2276 77 78 269197 0 0 0
1874 -2107 78 47 276923 0 0 0
2354 -1769 65 55 128102 0 0 0
1999 -1658 76 71 244668 0 0 0
2234 -2068 92 83 450553 0 0 0
2157 -1956 88 63 405203 0 0 0
2388 -2376 67 78 361780 0 0 0
2431 -2876 70 47 723426 0 0 0
2531 -2528 79 72 498998 0 0 0
2139 -2493 59 66 614492 0 0 0
2270 -3001 68 88 144185 0 0 0
2691 -2975 74 81 383016 0 0 0
-1585 -1684 88 46 297668 0 0 0
-2023 -1179 56 47 785289 0 0 0
-2410 -1111 74 61 788909 0 0 0
-2198 -1283 55 87 594446 0 0 0
-2190 -1478 101 64 272344 0 0 0
-2124 -2025 71 51 446789 0 0 0
-2630 -2298 94 70 286741 0 0 0
-2806 -2801 60 51 518291 0 0 0
-2959 -3142 78 56 593584 0 0 0
-3394 -3451 99 70 907434 0 0 0
-3056 -3951 91 57 498580 0 0 0
-3312 -4269 70 66 601986 0 0 0
-3417 -3848 68 61 236650 0 0 0
-2966 -3386 58 70 231984 0 0 0
-3403 -3918 90 81 264933 0 0 0
-3141 -3714 64 78 600793 0 0 0
-2967 -3583 66 55 573051 0 0 0
-726 -1444 83 84 807630 0 0 0
-1218 -1383 100 44 309171 0 0 0
-1110 -1104 93 82 330499 0 0 0
-1270 -742 96 80 192994 0 0 0
-771 -475 51 50 646048 0 0 0
-1113 -954 78 48 564117 0 0 0
-1011 -671 81 83 470442 0 0 0
-1096 -1206 63 82 899600 0 0 0
-1299 -1374 64 77 867183 0 0 0
-1059 -1332 60 87 473779 0 0 0
-955 -1670 60 44 989497 0 0 0
-1429 -1711 87 82 859192 0 0 0
-1392 -1233 73 62 293290 0 0 0
-1681 -867 88 47 368876 0 0 0
-1623 -1065 85 53 442856 0 0 0
-1638 -1613 54 86 286393 0 0 0
-2179 -1296 78 46 710997 0 0 0
-2723 -980 93 56 112537 0 0 0
-2854 -1252 69 64 495929 0 0 0
-3368 -1318 55 79 286624 0 0 0
-3194 -1437 87 65 699131 0 0 0
-3412 -1420 59 55 469062 0 0 0
-3494 -1066 61 48 716663 0 0 0
-3575 -1282 97 45 708276 0 0 0
-3950 -939 91 69 599566 0 0 0
-3814 -727 88 88 161454 0 0 0
-4020 -381 73 55 299394 0 0 0
-3807 -298 96 89 360404 0 0 0
-4313 -385 65 87 863529 0 0 0
-4203 -23 77 73 648052 0 0 0
-3806 54 79 50 175820 0 0 0
-3981 -76 64 57 159436 0 0 0
-3450 -576 102 80 730708 0 0 0
-3520 -559 67 66 176388 0 0 0
-3760 -325 64 83 519920 0 0 0
-3797 -608 77 45 640807 0 0 0
-4320 -350 60 82 424455 0 0 0
-4202 -462 98 80 625782 0 0 0
-3756 -396 67 84 483359 0 0 0
-3780 -368 63 79 275732 0 0 0
-4315 -177 101 59 281422 0 0 0
-4414 -479 87 80 389716 0 0 0
-4314 -1019 63 50 765662 0 0 0
-4098 -576 67 54 641446 0 0 0
-3860 -1062 84 65 711267 0 0 0
-4229 -598 98 48 428389 0 0 0
-4082 -1000 59 87 162655 0 0 0
-4191 -1406 83 55 865596 0 0 0
-4319 -1389 70 56 717356 0 0 0
-4586 -1762 64 64 135637 0 0 0
-4879 -2041 92 49 169303 0 0 0
-4963 -2530 73 89 136234 0 0 0
-4528 -1985 78 53 263836 0 0 0
-4415 -2121 100 66 586378 0 0 0
-4264 -2645 88 49 992143 0 0 0
-4034 -3120 60 56 315435 0 0 0
-4529 -3567 99 51 269725 0 0 0
-4399 -3265 54 57 340968 0 0 0
-4279 -3217 56 47 287559 0 0 0
-4227 -3725 53 66 576636 0 0 0
-4336 -4043 100 45 929549 0 0 0
-4086 -3731 92 83 136477 0 0 0
-4439 -3564 73 71 767075 0 0 0
-4812 -3651 87 71 463796 0 0 0
1159 306 55 53 214343 0 0 0
1103 141 52 80 613432 0 0 0
824 -357 61 47 539952 0 0 0
1372 -18 87 55 242202 0 0 0
1472 252 72 67 231319 0 0 0
1111 -206 52 75 869930 0 0 0
1320 -503 90 60 691874 0 0 0
985 -477 75 88 864140 0 0 0
901 -139 95 48 354990 0 0 0
512 -123 62 74 475195 0 0 0
831 192 77 89 930186 0 0 0
281 -324 83 70 416238 0 0 0
286 -542 53 71 758289 0 0 0
275 -868 90 47 303490 0 0 0
491 -1081 65 79 785946 0 0 0
686 -695 54 59 836910 0 0 0
309 -990 59 57 306359 0 0 0
-127 -780 101 48 470499 0 0 0
-447 -1329 86 80 723490 0 0 0
-856 -1289 89 54 428710 0 0 0
-455 -939 93 85 437373 0 0 0
-189 -1110 84 52 825946 0 0 0
-523 -1553 79 83 248461 0 0 0
-1037 -1187 98 75 288327 0 0 0
-1042 -880 62 73 815111 0 0 0
-1255 -1404 70 60 487894 0 0 0
-987 -1250 94 78 407954 0 0 0
-1199 -1136 80 46 205674 0 0 0
-1747 -1485 92 72 913685 0 0 0
-1411 -1440 67 86 966776 0 0 0
-1330 -1095 86 89 752409 0 0 0
-1345 -1577 92 65 624656 0 0 0
-1334 -1311 100 81 396794 0 0 0
-1380 -1378 96 86 103824 0 0 0
-1366 -1142 53 53 613116 0 0 0
-846 -1575 91 56 732490 0 0 0
-387 -1500 82 81 687877 0 0 0
-107 -1559 89 63 665168 0 0 0
331 -1208 89 87 687132 0 0 0
63 -668 87 66 396958 0 0 0
238 -1158 65 60 638251 0 0 0
-222 -752 77 51 573944 0 0 0
-243 -283 100 46 235031 0 0 0
221 -111 91 55 628061 0 0 0
-131 -582 96 74 891064 0 0 0
205 -213 94 52 925617 0 0 0
405 162 72 62 358489 0 0 0
174 343 88 65 575861 0 0 0
639 190 63 44 650036 0 0 0
490 -77 88 69 223256 0 0 0
219 -225 89 85 700865 0 0 0
766 -638 73 58 798021 0 0 0
357 -251 55 65 792196 0 0 0
-190 182 60 68 909266 0 0 0
178 -189 96 61 284009 0 0 0
546 -597 99 73 662558 0 0 0
632 -603 82 73 545298 0 0 0
555 -973 101 62 953679 0 0 0
558 -809 70 70 223746 0 0 0
645 -923 89 75 552898 0 0 0
995 -1417 59 66 411555 0 0 0
1497 -1235 89 74 417459 0 0 0
670 -560 72 53 845568 0 0 0
172 -199 80 63 691181 0 0 0
575 2 93 76 978706 0 0 0
98 -547 67 88 839429 0 0 0
316 -910 92 88 769004 0 0 0
174 -744 66 78 472971 0 0 0
52 -471 77 70 427369 0 0 0
341 -259 79 47 955951 0 0 0
-97 -221 79 45 925786 0 0 0
-136 -553 84 54 844947 0 0 0
-203 -394 94 61 659373 0 0 0
-30 18 54 45 203679 0 0 0
150 -408 89 50 345914 0 0 0
-89 -326 79 76 877092 0 0 0
-124 215 63 56 114845 0 0 0
-315 259 81 58 297164 0 0 0
-45 629 76 63 622224 0 0 0
-521 386 55 76 227547 0 0 0
-825 184 52 54 296216 0 0 0
-1038 44 76 83 103885 0 0 0
-824 530 90 59 314049 0 0 0
-1058 353 55 82 130236 0 0 0
-855 235 70 53 865250 0 0 0
-1141 440 97 75 300315 0 0 0
-960 344 91 48 339800 0 0 0
-548 476 91 75 207981 0 0 0
-77 63 61 55 806955 0 0 0
-377 -70 56 89 299078 0 0 0
-896 89 98 67 393518 0 0 0
-1368 -260 55 49 975119 0 0 0
-1497 -235 67 69 929880 0 0 0
-1902 50 73 64 308929 0 0 0
-2412 482 94 59 693305 0 0 0
-2527 927 71 77 104965 0 0 0
-2939 521 97 53 144236 0 0 0
-2812 151 60 52 208838 0 0 0
-3296 -208 74 66 573416 0 0 0
-3447 -22 92 64 539868 0 0 0
-2940 111 90 74 659674 0 0 0
-2825 454 94 53 105086 0 0 0
-3277 381 74 64 471166 0 0 0
-3431 726 97 79 808475 0 0 0
-3612 808 66 58 208593 0 0 0
-4097 625 66 78 160862 0 0 0
-3564 244 65 72 640536 0 0 0
-3830 -41 86 74 640173 0 0 0
-3665 443 75 65 157184 0 0 0
-3335 671 55 86 209743 0 0 0
-3409 984 81 49 721826 0 0 0
-3385 1281 83 69 621481 0 0 0
-667 1288 95 83 725192 0 0 0
-642 1752 78 87 196270 0 0 0
-1007 1978 71 86 530085 0 0 0
-786 2184 52 67 908006 0 0 0
-1289 1917 100 71 808334 0 0 0
-1694 2189 95 48 319428 0 0 0
-2229 2346 82 46 743977 0 0 0
-1835 2250 52 49 352467 0 0 0
-1974 2424 80 60 343717 0 0 0
-1543 2493 52 85 279709 0 0 0
-1279 2244 62 47 472533 0 0 0
-990 2508 89 87 282499 0 0 0
-852 2834 102 45 143740 0 0 0
-343 3211 52 86 183852 0 0 0
-193 3312 59 44 662155 0 0 0
346 3603 60 83 314509 0 0 0
578 4137 79 68 914540 0 0 0
672 4120 102 62 656292 0 0 0
477 4547 85 67 975779 0 0 0
407 4059 96 48 550756 0 0 0
502 4332 100 60 248347 0 0 0
464 4728 63 45 473707 0 0 0
375 4330 98 71 366692 0 0 0
183 4634 93 50 882658 0 0 0
-109 4333 61 80 833464 0 0 0
-167 3954 87 71 534953 0 0 0
-374 4062 86 55 439507 0 0 0
-769 3775 82 60 379025 0 0 0
-374 3724 79 50 138996 0 0 0
-794 3404 64 48 500835 0 0 0
-368 3742 100 46 934918 0 0 0
-659 3611 81 80 308022 0 0 0
-554 3597 82 88 759654 0 0 0
-734 3207 95 66 596157 0 0 0
-1043 2941 66 71 966915 0 0 0
-1533 2404 90 88 810969 0 0 0
-1625 2249 72 51 216865 0 0 0
-1782 1920 81 59 343970 0 0 0
-1445 1580 61 73 744862 0 0 0
-1915 1593 100 76 336608 0 0 0
-2063 2054 99 88 613426 0 0 0
-2600 2233 55 74 224732 0 0 0
-2994 2640 83 56 556450 0 0 0
-2984 2305 84 46 631907 0 0 0
-3361 2803 85 55 583635 0 0 0
-3684 2837 60 68 126322 0 0 0
-3947 2461 60 72 481201 0 0 0
-3512 2871 76 71 898153 0 0 0
-3679 2902 92 67 969938 0 0 0
-3973 2979 57 64 552606 0 0 0
-4393 3355 76 83 933433 0 0 0
-4357 3749 53 86 668039 0 0 0
-4073 4164 97 80 307232 0 0 0
-4606 4010 89 48 764019 0 0 0
-4309 4102 51 45 426417 0 0 0
-4377 4555 99 65 650624 0 0 0
-4736 4216 99 61 142623 0 0 0
-5082 4554 77 82 974400 0 0 0
-4682 4807 58 54 694573 0 0 0
-4404 4787 68 80 158433 0 0 0
-4135 4294 58 72 379003 0 0 0
-4354 4410 63 50 254438 0 0 0
-4267 4358 90 69 371089 0 0 0
-4004 4579 90 80 138862 0 0 0
-4456 4410 69 73 225843 0 0 0
-3944 4397 59 85 526898 0 0 0
-3569 4353 62 70 697061 0 0 0
-3854 4085 81 58 131250 0 0 0
-3943 3858 88 50 122090 0 0 0
-3437 4316 102 73 158021 0 0 0
-3984 3841 92 87 492058 0 0 0
-3705 4302 56 66 584547 0 0 0
-4150 4852 93 52 932535 0 0 0
-4403 5364 93 85 326509 0 0 0
-4381 5654 53 70 147147 0 0 0
1360 1815 88 67 801400 0 0 0
869 2165 53 82 797548 0 0 0
700 2330 99 62 701280 0 0 0
802 2422 97 47 862323 0 0 0
723 2831 94 51 215547 0 0 0
732 2824 80 88 908824 0 0 0
281 3116 74 64 587336 0 0 0
-260 3023 77 65 154684 0 0 0
-679 2699 76 84 988590 0 0 0
-1133 3033 55 70 352743 0 0 0
-1328 3291 55 67 924427 0 0 0
-951 3444 51 79 327093 0 0 0
-777 3564 71 73 465783 0 0 0
-956 3712 71 62 535008 0 0 0
-517 3226 83 79 211615 0 0 0
-987 3352 93 69 251746 0 0 0
-660 2885 51 63 348782 0 0 0
-971 2855 69 75 210597 0 0 0
-425 3308 102 58 317823 0 0 0
-940 3206 71 84 719988 0 0 0
-557 3267 66 71 329196 0 0 0
-187 2781 90 46 953194 0 0 0
81 3262 75 77 563175 0 0 0
349 3576 66 71 251632 0 0 0
566 3793 62 66 629570 0 0 0
713 3742 94 60 120380 0 0 0
1084 3237 82 57 413243 0 0 0
1005 2968 71 64 584826 0 0 0
1071 2779 51 55 883987 0 0 0
617 3267 52 82 410207 0 0 0
449 3083 102 85 856352 0 0 0
868 3003 81 78 253845 0 0 0
342 2817 61 69 235976 0 0 0
-24 2604 96 50 398437 0 0 0
324 2069 94 64 762808 0 0 0
448 1632 73 87 969878 0 0 0
745 2093 77 55 480693 0 0 0
1129 1960 68 56 428204 0 0 0
1602 1553 57 51 530954 0 0 0
1187 1191 64 83 987310 0 0 0
1462 1252 61 64 148243 0 0 0
1570 1666 91 80 166168 0 0 0
1618 1420 55 53 599788 0 0 0
1719 879 54 52 231259 0 0 0
1899 1039 57 80 690834 0 0 0
2434 1116 92 58 927872 0 0 0
2933 980 95 75 865109 0 0 0
3398 1379 94 63 593479 0 0 0
3744 1495 51 72 460499 0 0 0
4109 1019 90 48 453223 0 0 0
4082 1158 56 52 829526 0 0 0
4615 901 53 62 240806 0 0 0
5052 1334 88 45 571779 0 0 0
5375 1192 58 51 315728 0 0 0
5732 1270 64 52 250741 0 0 0
5682 1391 55 69 371480 0 0 0
5931 1680 54 57 515817 0 0 0
5562 1231 73 68 615067 0 0 0
5170 1604 55 86 837171 0 0 0
4748 1362 75 50 144547 0 0 0
5241 1206 96 50 496899 0 0 0
5511 816 95 57 229508 0 0 0
5562 906 71 48 634442 0 0 0
5938 474 60 69 218978 0 0 0
6325 574 52 56 505053 0 0 0
6280 800 102 48 941051 0 0 0
6141 995 54 48 580541 0 0 0
6134 1121 78 61 619770 0 0 0
6273 1404 62 86 129482 0 0 0
6061 1339 84 89 406928 0 0 0
5929 1061 62 77 387538 0 0 0
5936 1446 99 78 542646 0 0 0
5576 1337 84 54 595963 0 0 0
5724 1593 80 69 774525 0 0 0
5878 1960 67 67 777467 0 0 0
6264 2180 73 67 712198 0 0 0
5723 2612 93 54 201762 0 0 0
5883 2639 52 80 756712 0 0 0
5561 2543 89 70 737334 0 0 0
5945 2382 102 55 671298 0 0 0
5656 2579 79 89 432838 0 0 0
5818 2951 62 63 879476 0 0 0
349 1550 82 54 629752 0 0 0
373 1652 55 63 397261 0 0 0
523 2028 60 85 772622 0 0 0
272 2203 63 78 335950 0 0 0
306 2105 56 49 453463 0 0 0
278 2540 93 52 649673 0 0 0
547 2417 70 72 654695 0 0 0
246 1934 70 83 353923 0 0 0
381 2180 70 83 880985 0 0 0
139 1810 86 88 315795 0 0 0
400 1845 70 65 495414 0 0 0
-298 -1105 97 69 403911 0 0 0
-727 -1407 84 73 707479 0 0 0
-931 -1177 67 56 543118 0 0 0
-448 -651 53 46 472522 0 0 0
-288 -455 86 82 157377 0 0 0
244 -519 63 55 674276 0 0 0
446 -1028 79 87 176772 0 0 0
949 -784 99 79 691901 0 0 0
929 -783 86 80 968776 0 0 0
391 -961 66 56 126700 0 0 0
367 -1362 56 59 489375 0 0 0
315 -1308 78 65 675566 0 0 0
111 -1814 79 62 132928 0 0 0
-114 -2126 52 58 247621 0 0 0
409 -1875 70 56 704329 0 0 0
184 -1662 93 49 843860 0 0 0
185 -1609 53 51 739009 0 0 0
515 -1265 76 79 972343 0 0 0
12 -1230 77 85 921682 0 0 0
-380 -1470 99 74 883810 0 0 0
-384 -1861 62 82 300834 0 0 0
-805 -1875 72 78 143296 0 0 0
-784 -1593 98 78 937209 0 0 0
-676 -1427 91 78 537762 0 0 0
-469 -933 88 72 211285 0 0 0
-118 -1296 64 47 577400 0 0 0
-40 -1282 88 77 725168 0 0 0
-97 -1049 53 79 715582 0 0 0
-428 -712 83 58 675968 0 0 0
71 -623 59 57 502885 0 0 0
219 -383 83 57 281232 0 0 0
396 -670 91 65 319562 0 0 0
564 -964 89 72 438065 0 0 0
1097 -1193 67 67 261440 0 0 0
890 -1179 89 78 953445 0 0 0
669 -765 51 87 463945 0 0 0
1058 -272 102 49 585260 0 0 0
1226 -706 70 59 211012 0 0 0
1736 -215 53 60 683195 0 0 0
2157 -297 92 89 522030 0 0 0
2349 -383 84 72 372393 0 0 0
1806 -600 62 46 185972 0 0 0
1377 -151 59 55 929732 0 0 0
994 -266 69 52 257877 0 0 0
479 -388 65 53 600310 0 0 0
541 -658 94 50 641496 0 0 0
229 -986 79 67 768281 0 0 0
-215 -1512 65 86 468941 0 0 0
40 -1342 58 87 377338 0 0 0
-418 -1572 87 71 520767 0 0 0
-860 -1336 87 60 272289 0 0 0
-549 -1050 81 88 453678 0 0 0
-916 -1515 70 47 104186 0 0 0
-1231 -1035 61 60 112725 0 0 0
-1642 -1581 65 45 752337 0 0 0
-2090 -2098 61 71 549090 0 0 0
-1813 -2324 59 66 705311 0 0 0
-2191 -2446 77 61 289687 0 0 0
-2631 -2115 62 74 354465 0 0 0
-2559 -1795 68 57 663494 0 0 0
-2995 -2098 85 54 477867 0 0 0
-2768 -2304 91 67 298318 0 0 0
-2617 -2662 89 68 146804 0 0 0
-2684 -3066 86 86 744993 0 0 0
-3224 -2590 54 72 689527 0 0 0
-3395 -2315 98 46 110261 0 0 0
-3819 -2438 78 61 708853 0 0 0
-3994 -2571 59 88 778706 0 0 0
-3790 -2851 81 46 976742 0 0 0
-4139 -2534 80 73 182157 0 0 0
-4616 -2532 96 80 252601 0 0 0
-4863 -2119 68 86 889888 0 0 0
-5172 -2145 85 70 446916 0 0 0
-5105 -2479 98 45 711914 0 0 0
-5190 -2661 62 84 356256 0 0 0
-5028 -2634 72 62 748674 0 0 0
57 119 52 78 204522 0 0 0
111 382 100 75 986663 0 0 0
-39 870 65 55 366321 0 0 0
363 1255 53 64 997289 0 0 0
690 866 99 51 483621 0 0 0
1135 1307 82 71 916018 0 0 0
1579 1769 78 65 144888 0 0 0
1110 1507 100 54 452046 0 0 0
963 1896 88 76 283894 0 0 0
508 1672 78 48 971081 0 0 0
122 2125 91 70 645046 0 0 0
-2 2376 97 72 376293 0 0 0
-345 2705 70 44 507540 0 0 0
-448 2643 66 66 587799 0 0 0
13 3011 89 78 452408 0 0 0
397 3407 95 68 213645 0 0 0
-151 3330 55 79 794247 0 0 0
-549 2845 100 65 707201 0 0 0
-722 2392 71 65 878831 0 0 0
-1183 2938 82 89 854742 0 0 0
-882 3217 70 89 319539 0 0 0
-665 3288 69 81 119619 0 0 0
-299 3572 98 75 367339 0 0 0
-62 3334 96 84 816870 0 0 0
-503 3393 95 66 268205 0 0 0
-413 3678 65 68 242827 0 0 0
-540 3879 92 67 979578 0 0 0
-954 4266 71 71 497003 0 0 0
-916 4065 78 70 808462 0 0 0
-564 4423 83 44 477418 0 0 0
-488 4635 71 59 164953 0 0 0
-978 4685 87 69 293109 0 0 0
-1142 4766 76 74 183938 0 0 0
-819 5246 89 79 606758 0 0 0
-685 5359 70 54 940297 0 0 0
-645 5071 60 48 763551 0 0 0
-924 4911 91 71 968765 0 0 0
-1367 5082 57 65 319678 0 0 0
-1473 4557 85 74 859978 0 0 0
-1042 4738 86 58 695234 0 0 0
-1118 4416 87 53 460984 0 0 0
-1640 4099 73 77 518875 0 0 0
-1331 3731 86 73 808361 0 0 0
-1755 3414 99 46 551389 0 0 0
-1976 3876 87 79 875668 0 0 0
-1970 3808 102 61 826619 0 0 0
-2461 4251 101 55 369692 0 0 0
-2614 4330 92 62 693470 0 0 0
-2536 4242 56 67 734281 0 0 0
-2550 4735 66 73 862811 0 0 0
-2107 4655 52 79 993588 0 0 0
-2063 4850 74 87 119002 0 0 0
-1758 5252 84 88 188473 0 0 0
-1224 5194 55 70 469014 0 0 0
-1084 4990 80 50 278619 0 0 0
-1276 4496 77 61 329721 0 0 0
-1673 4460 84 60 278235 0 0 0
-1692 4335 67 48 195862 0 0 0
-2205 4318 72 67 616247 0 0 0
-2293 4294 84 82 999537 0 0 0
-2666 4140 83 56 324149 0 0 0
-2461 3835 66 72 455983 0 0 0
-2133 4150 74 88 800245 0 0 0
-2655 3883 73 76 627047 0 0 0
-2231 3412 75 67 530929 0 0 0
-1830 3764 76 85 728632 0 0 0
-1689 4264 66 81 210102 0 0 0
-1882 4689 76 79 435724 0 0 0
-2135 4248 52 62 251364 0 0 0
-2268 3780 73 54 287092 0 0 0
-2049 3916 66 86 268626 0 0 0
-2173 4167 69 76 944253 0 0 0
-2715 4204 52 72 823612 0 0 0
-2604 3954 80 57 142440 0 0 0
-2735 4333 70 82 332474 0 0 0
-2840 4571 102 89 610246 0 0 0
-2475 4643 99 84 627292 0 0 0
-2811 4307 77 73 141711 0 0 0
-2507 4371 78 50 604634 0 0 0
-2574 4732 52 56 461912 0 0 0
-1004 -362 91 59 602482 0 0 0
-1397 74 91 65 765966 0 0 0
-1493 -178 85 47 842763 0 0 0
-979 -166 97 61 400780 0 0 0
-563 -182 64 61 344364 0 0 0
-42 -535 97 88 313653 0 0 0
200 -138 65 89 649287 0 0 0
99 -560 83 66 316335 0 0 0
-313 -663 53 77 685073 0 0 0
-454 -773 87 73 774377 0 0 0
-216 -610 68 60 684223 0 0 0
316 -993 93 81 404105 0 0 0
785 -515 65 48 205127 0 0 0
879 -530 83 57 152495 0 0 0
587 -348 63 81 692764 0 0 0
478 -624 83 87 505784 0 0 0
281 -1128 81 44 303537 0 0 0
14 -939 81 77 559396 0 0 0
45 -925 63 63 102717 0 0 0
379 -452 71 85 108919 0 0 0
11 -583 86 64 932402 0 0 0
296 -501 66 69 683971 0 0 0
353 -908 73 59 597052 0 0 0
149 -1270 63 72 368609 0 0 0
113 -955 63 55 615263 0 0 0
442 -420 60 80 424135 0 0 0
383 -581 89 88 234996 0 0 0
-1 -777 80 67 987909 0 0 0
-167 -1155 59 74 452375 0 0 0
332 -885 73 81 932017 0 0 0
355 -1346 99 75 132543 0 0 0
545 -1845 80 45 587813 0 0 0
596 -2377 76 58 158989 0 0 0
930 -2779 73 80 425632 0 0 0
461 -2730 82 55 362527 0 0 0
293 -3111 55 88 960446 0 0 0
498 -2728 76 68 352223 0 0 0
-50 -2942 97 70 359324 0 0 0
-383 -2398 72 75 452266 0 0 0
164 -2878 70 79 952868 0 0 0
-245 -3265 74 85 619005 0 0 0
224 -3075 98 83 611428 0 0 0
-1990 -1212 67 74 277417 0 0 0
-1509 -848 76 60 682008 0 0 0
-1680 -483 77 63 342255 0 0 0
-1322 -970 102 65 412480 0 0 0
-1119 -976 59 88 454393 0 0 0
-640 -1434 89 52 157116 0 0 0
-360 -1569 68 60 363468 0 0 0
-143 -1607 54 70 380897 0 0 0
152 -1422 68 55 157701 0 0 0
-294 -1836 95 85 485377 0 0 0
-583 -1620 84 53 612925 0 0 0
-155 -1733 71 63 734952 0 0 0
-350 -1513 88 46 685976 0 0 0
130 -1100 61 82 244759 0 0 0
564 -592 52 54 289127 0 0 0
167 -194 70 64 807384 0 0 0
-248 251 52 55 710733 0 0 0
-702 260 87 54 406640 0 0 0
-892 283 75 52 193514 0 0 0
-1052 223 99 87 185373 0 0 0
-658 -129 85 50 541196 0 0 0
-294 -81 80 69 380222 0 0 0
-616 409 59 46 240194 0 0 0
735 -1901 75 81 514663 0 0 0
563 -1946 70 80 819320 0 0 0
861 -2185 101 70 211710 0 0 0
499 -1795 68 85 115311 0 0 0
56 -2080 66 63 542622 0 0 0
267 -1620 69 58 428904 0 0 0
725 -2039 101 71 695128 0 0 0
701 -2010 67 63 654413 0 0 0
870 -2547 56 64 180710 0 0 0
337 -2228 65 64 446470 0 0 0
335 -1978 88 54 538571 0 0 0
-121 -1791 78 77 591454 0 0 0
-292 -1629 73 57 683085 0 0 0
-287 -2026 94 71 854038 0 0 0
-656 -2326 92 51 862580 0 0 0
-637 -2149 80 59 995272 0 0 0
-88 -2376 59 49 262299 0 0 0
-60 -2381 78 59 375631 0 0 0
31 -1941 85 85 959201 0 0 0
-230 -1662 56 81 909303 0 0 0
-552 -1694 78 45 681566 0 0 0
-387 -1698 83 72 908064 0 0 0
-430 -2191 70 74 901699 0 0 0
-47 -1886 94 65 732641 0 0 0
-40 -2068 74 65 624399 0 0 0
156 -2010 68 71 747443 0 0 0
399 -1568 81 84 161674 0 0 0
549 -1470 90 61 495064 0 0 0
641 -1730 54 76 494967 0 0 0
391 -1385 82 80 439035 0 0 0
580 -1053 77 57 167546 0 0 0
110 -967 75 56 255499 0 0 0
126 -519 72 66 820801 0 0 0
280 -96 80 73 786604 0 0 0
-138 181 83 73 546105 0 0 0
399 676 97 88 139283 0 0 0
488 892 80 74 672308 0 0 0
349 345 73 72 550229 0 0 0
327 611 64 51 539129 0 0 0
540 144 87 60 248087 0 0 0
905 -114 72 85 885339 0 0 0
1221 105 63 81 790695 0 0 0
1058 209 63 82 154399 0 0 0
585 655 70 60 545896 0 0 0
930 1057 96 71 514621 0 0 0
1268 917 90 62 838118 0 0 0
1527 548 82 55 759084 0 0 0
1702 491 51 71 784417 0 0 0
1841 206 92 87 116541 0 0 0
2374 78 71 50 880989 0 0 0
2308 232 91 75 627430 0 0 0
2134 310 57 78 899447 0 0 0
2298 47 80 60 433998 0 0 0
2445 -313 87 56 420815 0 0 0
2499 -397 80 84 166162 0 0 0
2246 -311 61 85 978673 0 0 0
2189 182 98 67 970957 0 0 0
2458 -81 56 76 508431 0 0 0
2734 -77 89 66 619200 0 0 0
-1086 -829 73 61 479959 0 0 0
-1080 -1022 87 50 593663 0 0 0
-1147 -1341 60 65 662543 0 0 0
-1010 -959 87 46 501253 0 0 0
-746 -1365 59 81 750740 0 0 0
-498 -1347 81 44 441714 0 0 0
-778 -1005 98 60 811662 0 0 0
-1111 -1016 60 65 785034 0 0 0
-1357 -1183 76 55 962567 0 0 0
-1028 -1575 89 59 325356 0 0 0
-844 -1760 82 79 186870 0 0 0
-731 -2279 62 75 864101 0 0 0
-631 -2292 84 81 372691 0 0 0
-393 -2454 54 85 900981 0 0 0
-698 -2192 51 78 646440 0 0 0
-286 -2138 64 84 518963 0 0 0
-51 -2197 98 76 824351 0 0 0
-258 -2538 88 63 729923 0 0 0
-33 -2137 70 59 986669 0 0 0
-79 -1631 76 68 429953 0 0 0
-2163 -1000 55 57 642550 0 0 0
-2688 -572 92 64 508560 0 0 0
-3137 -80 95 80 966267 0 0 0
-3565 -522 102 77 464886 0 0 0
-4084 -425 69 49 954673 0 0 0
-3742 -925 79 78 252118 0 0 0
-4180 -531 80 65 846262 0 0 0
-4632 -715 88 49 523391 0 0 0
-4431 -606 63 89 769464 0 0 0
-4845 -689 99 68 150631 0 0 0
-5274 -671 53 83 642671 0 0 0
-5755 -122 66 61 545360 0 0 0
-5692 218 64 46 750509 0 0 0
-5372 183 76 76 768997 0 0 0
-5069 -145 86 75 833649 0 0 0
-5402 273 93 50 358556 0 0 0
-5318 -104 89 58 486219 0 0 0
-5046 207 70 64 974796 0 0 0
-5137 688 65 59 716346 0 0 0
-5132 1118 78 76 101231 0 0 0
-5293 936 88 50 568147 0 0 0
-5555 1244 67 66 219455 0 0 0
-5737 1547 74 48 331952 0 0 0
-5652 1530 70 83 622858 0 0 0
-5974 1625 83 68 479091 0 0 0
-6415 1927 57 73 252103 0 0 0
-5930 1729 75 85 834529 0 0 0
-5665 1788 65 88 432439 0 0 0
-6062 2049 76 53 643827 0 0 0
-6307 1671 92 73 173765 0 0 0
-6426 1545 89 87 944169 0 0 0
-6809 2054 86 81 959782 0 0 0
-7009 1634 53 74 952838 0 0 0
-7456 1778 97 59 750113 0 0 0
-7946 1657 96 55 331603 0 0 0
-7591 1813 90 69 733907 0 0 0
-7386 1926 60 62 639501 0 0 0
-7605 1709 101 45 254935 0 0 0
-7325 2162 85 79 329432 0 0 0
-6911 2672 99 66 530077 0 0 0
1038 2108 88 73 527001 0 0 0
993 2051 89 88 845845 0 0 0
457 2041 71 79 240479 0 0 0
169 1791 69 50 345950 0 0 0
638 1413 94 75 775867 0 0 0
920 1653 62 63 573129 0 0 0
1443 1832 95 77 471071 0 0 0
1638 1923 51 76 519687 0 0 0
1486 1465 94 63 217306 0 0 0
1469 1788 86 77 398422 0 0 0
1273 2217 87 57 681488 0 0 0
850 2249 94 76 204280 0 0 0
790 1708 63 84 271622 0 0 0
574 1983 102 46 325323 0 0 0
813 2128 65 65 737521 0 0 0
1148 2308 73 51 434660 0 0 0
1517 2467 80 71 556333 0 0 0
1449 2280 59 86 441069 0 0 0
1344 2620 53 44 258864 0 0 0
1850 2951 101 78 151443 0 0 0
1999 3072 75 48 947306 0 0 0
1474 2981 86 68 669228 0 0 0
1565 3524 79 58 176975 0 0 0
1279 4020 53 61 431123 0 0 0
807 4252 70 80 874018 0 0 0
1345 4744 70 48 255821 0 0 0
1593 4238 90 65 158490 0 0 0
1135 4616 100 44 448560 0 0 0
748 4731 67 48 761708 0 0 0
616 4688 82 61 302111 0 0 0
699 4923 77 74 756569 0 0 0
357 4794 91 76 136100 0 0 0
173 4283 77 48 979721 0 0 0
308 4115 94 51 606150 0 0 0
-20 4481 74 85 764005 0 0 0
26 4046 59 80 763811 0 0 0
-337 4188 53 73 742053 0 0 0
164 4195 88 66 249533 0 0 0
-351 3694 57 49 741940 0 0 0
117 3635 91 54 353041 0 0 0
-377 4057 72 63 932937 0 0 0
97 4325 62 54 548622 0 0 0
-144 4369 58 80 323596 0 0 0
-238 3892 57 55 722011 0 0 0
-84 3749 56 59 580188 0 0 0
96 3950 76 68 775310 0 0 0
-109 3484 96 78 737156 0 0 0
414 3150 83 63 682822 0 0 0
700 2998 75 71 394336 0 0 0
1157 3047 54 71 268715 0 0 0
1513 2961 57 69 497610 0 0 0
1841 3357 64 83 804247 0 0 0
1481 3295 79 84 714660 0 0 0
1015 3173 75 58 792893 0 0 0
710 3117 93 68 789146 0 0 0
980 3348 60 49 890494 0 0 0
673 3106 88 54 343257 0 0 0
362 3077 92 81 523771 0 0 0
151 3283 84 83 706942 0 0 0
-186 2887 98 79 866939 0 0 0
-160 2675 64 60 979825 0 0 0
-606 2637 57 73 594767 0 0 0
-470 2862 55 46 209212 0 0 0
-21 2800 62 79 625953 0 0 0
-78 2920 70 58 596678 0 0 0
-561 3022 91 64 776560 0 0 0
-740 2740 79 69 119248 0 0 0
-976 2717 84 54 430558 0 0 0
-1156 2352 62 69 640889 0 0 0
-686 1853 87 57 966117 0 0 0
-176 1866 68 66 365384 0 0 0
-722 1893 66 47 430327 0 0 0
-1083 1797 93 68 128974 0 0 0
-594 1789 80 86 370272 0 0 0
-878 2056 76 83 447696 0 0 0
-1331 2075 54 86 876160 0 0 0
-1079 2478 73 59 151868 0 0 0
-1351 2864 94 65 655511 0 0 0
-1309 2925 60 56 593167 0 0 0
-1705 2987 73 57 228755 0 0 0
-2126 3036 83 82 988741 0 0 0
-2131 3434 84 60 329105 0 0 0
-2311 3799 70 60 272189 0 0 0
-1824 3529 68 78 770368 0 0 0
-2104 3721 80 71 378075 0 0 0
-1665 3269 84 47 224047 0 0 0
-1806 3478 102 53 774126 0 0 0
-2196 3104 100 82 148081 0 0 0
-2541 3222 51 56 155411 0 0 0
-2707 3334 73 71 167021 0 0 0
-2610 2902 53 73 495426 0 0 0
-2622 3023 51 46 388660 0 0 0
-2644 2650 58 64 993098 0 0 0
-2606 3128 83 74 473259 0 0 0
-2060 3147 102 81 465616 0 0 0
-1969 3471 83 55 812488 0 0 0
-2173 3435 72 53 991671 0 0 0
-2164 3417 86 70 533210 0 0 0
-1658 3027 95 72 763941 0 0 0
-1346 2818 58 48 613595 0 0 0
-1836 2962 84 53 393799 0 0 0
-2263 2816 79 74 388003 0 0 0
-2205 2502 60 89 745778 0 0 0
-1857 2764 90 65 638243 0 0 0
-1764 2963 68 60 400767 0 0 0
-1424 2744 74 73 601971 0 0 0
-1001 2701 79 89 786911 0 0 0
1733 -1111 88 51 701170 0 0 0
1895 -1223 85 45 260300 0 0 0
1623 -1266 63 74 307090 0 0 0
1938 -1665 58 75 149472 0 0 0
2171 -1488 72 61 829864 0 0 0
2588 -1608 56 65 890197 0 0 0
2351 -1062 70 46 810608 0 0 0
2088 -525 76 59 623579 0 0 0
2198 -925 56 86 238159 0 0 0
2624 -803 87 48 119124 0 0 0
3160 -1046 101 81 274183 0 0 0
2697 -1151 82 69 710770 0 0 0
3068 -1654 79 76 568208 0 0 0
3516 -1768 61 67 589808 0 0 0
3934 -1735 82 87 313787 0 0 0
4355 -2088 63 67 614888 0 0 0
4123 -1563 73 73 414019 0 0 0
3830 -1656 57 45 105640 0 0 0
3880 -1446 102 72 524795 0 0 0
3874 -990 51 78 304117 0 0 0
3793 -1431 101 50 773541 0 0 0
3909 -1221 83 78 607478 0 0 0
3659 -1116 59 77 849204 0 0 0
3781 -1207 64 62 317092 0 0 0
3663 -937 82 73 760891 0 0 0
4008 -1454 60 47 553254 0 0 0
4498 -1005 51 85 381946 0 0 0
4308 -574 86 85 512661 0 0 0
3889 -465 82 69 117392 0 0 0
4092 -926 88 45 668846 0 0 0
3555 -586 74 85 954974 0 0 0
3868 -612 73 65 956595 0 0 0
4381 -722 100 67 960414 0 0 0
4014 -503 63 76 199928 0 0 0
4420 -171 72 75 870870 0 0 0
4748 -259 87 88 612435 0 0 0
4993 -342 92 65 381197 0 0 0
4817 -149 55 54 328814 0 0 0
5017 138 82 50 826473 0 0 0
5419 489 93 50 284853 0 0 0
5710 -27 95 65 885667 0 0 0
5807 -43 94 84 377674 0 0 0
5937 -148 89 60 707865 0 0 0
6264 -172 96 88 989630 0 0 0
6388 32 69 44 290702 0 0 0
6161 -473 90 81 741141 0 0 0
5737 -400 80 54 831458 0 0 0
5541 33 90 70 640580 0 0 0
5548 119 97 86 175889 0 0 0
5361 362 86 60 394234 0 0 0
5659 170 89 83 236820 0 0 0
5242 213 89 81 395368 0 0 0
5023 176 96 57 296019 0 0 0
4736 34 88 85 716165 0 0 0
5252 319 77 62 789759 0 0 0
4858 796 89 80 609624 0 0 0
4624 715 90 46 311664 0 0 0
-245 -1725 56 62 671908 0 0 0
136 -1419 65 51 322285 0 0 0
-277 -1501 81 75 804263 0 0 0
-655 -1275 82 44 388109 0 0 0
-329 -1663 98 73 771841 0 0 0
35 -1580 76 72 996552 0 0 0
343 -1651 59 76 142032 0 0 0
186 -1604 69 75 943226 0 0 0
-78 -2135 74 72 825833 0 0 0
276 -2667 91 44 583808 0 0 0
603 -2429 83 51 443031 0 0 0
450 -2260 55 44 243359 0 0 0
782 -2757 54 61 514766 0 0 0
949 -2638 53 87 302324 0 0 0
1380 -3153 94 82 792993 0 0 0
1914 -3344 90 85 829073 0 0 0
1655 -3750 56 55 572459 0 0 0
1732 -3339 59 45 765944 0 0 0
1437 -3440 60 71 611608 0 0 0
1193 -3692 94 65 583625 0 0 0
1043 -4015 54 70 910411 0 0 0
563 -4331 83 83 159444 0 0 0
464 -4706 57 66 622711 0 0 0
744 -4423 83 60 496586 0 0 0
406 -3940 94 59 724178 0 0 0
-120 -4466 89 55 191820 0 0 0
-435 -4512 69 65 519239 0 0 0
-887 -4645 52 69 351258 0 0 0
-733 -4514 52 73 392060 0 0 0
-1039 -4140 85 69 837423 0 0 0
-717 -4600 94 84 389469 0 0 0
-496 -5132 74 62 441941 0 0 0
-620 -5502 90 49 509418 0 0 0
-564 -5831 51 54 486273 0 0 0
-468 -6058 98 63 106401 0 0 0
-895 -6107 54 73 209150 0 0 0
-659 -6197 75 65 197851 0 0 0
-736 -5715 71 53 934295 0 0 0
-877 -5210 63 86 441356 0 0 0
-1404 -5224 57 55 559102 0 0 0
-1040 -5164 85 68 213103 0 0 0
-1209 1153 66 53 355251 0 0 0
-1271 918 61 53 344601 0 0 0
-1004 1326 72 64 183783 0 0 0
-740 1197 68 78 692186 0 0 0
-826 1315 53 70 875332 0 0 0
-308 1672 101 50 959284 0 0 0
-705 2056 83 87 327261 0 0 0
-541 1678 85 57 765910 0 0 0
-66 1646 61 57 843095 0 0 0
-210 1382 80 75 365885 0 0 0
77 1831 66 49 744719 0 0 0
219 1315 67 71 387263 0 0 0
563 949 81 72 380509 0 0 0
197 862 52 89 234424 0 0 0
-61 322 59 62 476031 0 0 0
-304 -5 89 60 261731 0 0 0
211 351 73 64 320227 0 0 0
694 -84 61 86 815280 0 0 0
1019 432 88 67 717507 0 0 0
1079 22 55 51 750371 0 0 0
619 307 96 80 245041 0 0 0
73 -201 77 49 487590 0 0 0
-159 -723 58 70 545988 0 0 0
-627 -1194 61 66 165810 0 0 0
-739 -1308 86 68 230701 0 0 0
-487 -844 65 52 884581 0 0 0
-564 -1324 57 85 823589 0 0 0
-951 -1815 66 64 938750 0 0 0
-966 -1790 62 80 911166 0 0 0
-1404 -1678 71 59 401669 0 0 0
-1409 -1818 92 64 789711 0 0 0
-1576 -2088 77 83 951828 0 0 0
-1345 -2496 93 82 776144 0 0 0
-992 -2619 70 87 345589 0 0 0
-1058 -2919 83 67 713980 0 0 0
-567 -3362 90 53 204281 0 0 0
-1097 -3072 82 60 113997 0 0 0
-1036 -3620 52 68 923780 0 0 0
-822 -3457 71 85 484194 0 0 0
-641 -3785 72 64 840146 0 0 0
-478 -3780 72 66 477323 0 0 0
-983 -3513 97 66 542960 0 0 0
-587 -3371 57 70 982509 0 0 0
-2197 -1487 101 61 511876 0 0 0
-2236 -1818 71 72 339826 0 0 0
-2504 -2276 56 75 217462 0 0 0
-2791 -1980 91 68 107521 0 0 0
-2280 -2291 97 51 249397 0 0 0
-2773 -1752 87 73 932478 0 0 0
-2706 -1645 60 50 669712 0 0 0
-3210 -1389 94 89 122597 0 0 0
-3309 -1336 61 76 192800 0 0 0
-3556 -1452 102 69 331554 0 0 0
-3661 -1893 89 80 956102 0 0 0
-3981 -1966 72 66 999651 0 0 0
-4024 -1689 96 75 874374 0 0 0
-4063 -1722 58 71 902319 0 0 0
-4101 -2255 79 52 936676 0 0 0
-4309 -1984 52 85 667177 0 0 0
-4595 -1644 69 65 298530 0 0 0
-4760 -1427 53 62 412717 0 0 0
-5270 -1429 78 60 969357 0 0 0
-4872 -1759 68 69 936427 0 0 0
-5362 -1986 102 76 921990 0 0 0
-5779 -2188 52 80 359836 0 0 0
-6106 -1767 96 76 478133 0 0 0
-6317 -1846 68 72 490838 0 0 0
-6683 -1298 76 78 390083 0 0 0
-6590 -759 99 84 468081 0 0 0
-6097 -812 54 75 726698 0 0 0
-6590 -1347 65 67 770580 0 0 0
-6971 -1383 63 67 965172 0 0 0
-6708 -1819 80 67 330442 0 0 0
-6514 -2279 68 77 370247 0 0 0
-6300 -2214 82 65 198987 0 0 0
-6405 -1722 94 80 266905 0 0 0
-6636 -1411 96 45 697089 0 0 0
-6422 -1049 54 75 629273 0 0 0
-6711 -1164 66 72 636411 0 0 0
-6386 -989 85 89 116557 0 0 0
-6331 -1193 96 54 313740 0 0 0
-5947 -1159 100 79 840040 0 0 0
-6473 -1048 75 73 336221 0 0 0
-7012 -906 89 67 927943 0 0 0
-1646 -1759 81 45 608972 0 0 0
-2105 -2304 79 80 311498 0 0 0
-2655 -2004 58 62 591153 0 0 0
-2570 -1540 55 55 930499 0 0 0
-2962 -1061 61 72 701762 0 0 0
-3148 -1464 64 65 915529 0 0 0
-3084 -1854 70 54 853629 0 0 0
-2807 -2354 75 63 518236 0 0 0
-2322 -2456 77 84 848798 0 0 0
-1899 -2076 90 86 720019 0 0 0
-2264 -2600 102 50 278468 0 0 0
-2801 -3096 86 84 931929 0 0 0
-2916 -3604 60 71 336948 0 0 0
-2731 -3511 52 73 867018 0 0 0
-2855 -2972 87 63 934997 0 0 0
-2327 -2474 93 71 560876 0 0 0
-2028 -2109 79 45 504276 0 0 0
-1692 -2275 60 56 714275 0 0 0
-2007 -2291 59 80 664586 0 0 0
-2391 -2125 95 61 718744 0 0 0
-2432 -1664 100 64 875502 0 0 0
-2684 -1395 53 82 817186 0 0 0
-2834 -1811 95 63 749094 0 0 0
-2390 -1443 78 86 299343 0 0 0
-1963 -1382 81 53 901034 0 0 0
-2093 -974 83 68 318077 0 0 0
-1547 -1383 79 68 188216 0 0 0
-1690 -1461 65 85 680471 0 0 0
-1766 -1865 80 69 571690 0 0 0
-1334 -1788 91 57 527595 0 0 0
-1607 -2259 51 58 582278 0 0 0
-1821 -2795 83 44 230533 0 0 0
-1734 -2963 52 55 723932 0 0 0
-1477 -3039 98 52 799240 0 0 0
-1270 -2506 99 62 998527 0 0 0
-1296 -2519 58 80 484184 0 0 0
-1243 -2369 75 65 326281 0 0 0
-135 1414 62 85 340142 0 0 0
9 1503 88 51 660593 0 0 0
-540 1879 77 54 542996 0 0 0
-919 2271 58 44 982566 0 0 0
-532 2694 95 51 589553 0 0 0
14 2745 81 60 147618 0 0 0
-304 2743 91 47 833852 0 0 0
117 2526 58 62 454538 0 0 0
-134 2663 67 80 588385 0 0 0
258 2162 91 87 596733 0 0 0
-224 2646 89 54 690902 0 0 0
-13 2151 97 55 347924 0 0 0
-331 1979 86 71 283553 0 0 0
185 2007 74 49 554385 0 0 0
401 1572 61 81 538924 0 0 0
816 1701 95 80 724823 0 0 0
390 1451 102 81 336476 0 0 0
315 913 59 46 899338 0 0 0
-2164 -1720 94 69 917955 0 0 0
-1883 -1652 60 87 659343 0 0 0
-2414 -1469 72 50 319924 0 0 0
-2264 -1667 72 81 228203 0 0 0
-2483 -2094 66 82 867196 0 0 0
-2684 -2240 54 70 542915 0 0 0
-2171 -2354 98 85 873574 0 0 0
-2090 -2658 89 71 915539 0 0 0
-1944 -2247 63 85 721053 0 0 0
-2377 -2591 74 63 657324 0 0 0
-1988 -2306 76 50 889716 0 0 0
-1609 -2728 67 65 204042 0 0 0
-2039 -2685 87 61 936781 0 0 0
-1677 -2538 65 62 982290 0 0 0
-2190 -2809 72 49 438569 0 0 0
-2736 -2294 87 68 202703 0 0 0
-2656 -1915 96 51 781246 0 0 0
-2281 -1621 80 68 465591 0 0 0
-2192 -1380 83 64 714641 0 0 0
-1971 -1348 96 56 110052 0 0 0
-1985 -1398 65 87 112102 0 0 0
-1858 -956 71 57 270903 0 0 0
-1778 -923 56 54 259070 0 0 0
-2192 -523 85 58 131404 0 0 0
-2694 -876 83 51 534968 0 0 0
-2571 -937 80 70 209442 0 0 0
-2214 -723 64 69 444272 0 0 0
-2640 -1245 95 62 269197 0 0 0
-2451 -1390 99 67 728841 0 0 0
1473 -150 85 58 828567 0 0 0
1017 -460 60 49 249914 0 0 0
518 -419 51 53 395401 0 0 0
198 38 90 49 726937 0 0 0
-106 148 83 69 464346 0 0 0
-94 393 100 52 175976 0 0 0
-2 115 56 73 535681 0 0 0
-275 552 95 59 618864 0 0 0
-121 577 69 80 839472 0 0 0
196 110 98 73 646159 0 0 0
91 340 68 71 321301 0 0 0
435 756 85 84 322201 0 0 0
-99 508 90 68 635062 0 0 0
-240 277 57 60 958237 0 0 0
-481 72 58 84 958830 0 0 0
-638 -265 84 89 908433 0 0 0
-516 -593 76 64 584349 0 0 0
-440 -317 60 86 869559 0 0 0
-211 -95 102 85 677071 0 0 0
186 265 100 60 482298 0 0 0
505 -169 97 47 726401 0 0 0
241 -33 101 64 375548 0 0 0
-168 -9 82 77 621495 0 0 0
-125 120 83 80 989021 0 0 0
-482 -344 63 51 335427 0 0 0
-342 206 60 60 150917 0 0 0
-97 668 80 65 544860 0 0 0
-73 1218 86 63 161126 0 0 0
405 921 96 72 860589 0 0 0
533 1030 54 48 741590 0 0 0
468 1492 90 52 468951 0 0 0
587 1133 62 47 961127 0 0 0
441 611 86 55 422702 0 0 0
968 642 98 84 701879 0 0 0
1063 208 70 58 739792 0 0 0
1611 578 73 66 547546 0 0 0
2079 244 56 45 908530 0 0 0
1952 748 97 74 426530 0 0 0
1728 334 97 60 967859 0 0 0
1552 821 94 89 821098 0 0 0
-630 -180 99 71 403697 0 0 0
-585 121 65 82 609469 0 0 0
-390 530 82 47 238100 0 0 0
-250 433 78 60 639580 0 0 0
-333 502 86 78 659256 0 0 0
-710 77 71 74 642001 0 0 0
-1062 271 68 66 806135 0 0 0
-1374 -168 51 73 359694 0 0 0
-1877 -335 93 52 345461 0 0 0
-1542 -520 79 78 780882 0 0 0
-1448 -816 80 80 146342 0 0 0
-1318 -389 86 56 992922 0 0 0
-790 -742 90 66 648352 0 0 0
-1190 -1240 60 71 440584 0 0 0
-1270 -1551 88 54 199895 0 0 0
-923 -1248 88 61 417407 0 0 0
-472 -1643 72 75 446243 0 0 0
-631 -1297 76 71 444410 0 0 0
-136 -777 71 52 128235 0 0 0
-97 -930 54 57 888627 0 0 0
443 -1065 58 86 437042 0 0 0
445 -644 95 54 994417 0 0 0
168 -847 76 67 309168 0 0 0
39 -798 59 67 152308 0 0 0
269 -1196 91 87 260054 0 0 0
602 -1659 86 73 420263 0 0 0
177 -1186 71 67 185792 0 0 0
305 -1374 80 75 341653 0 0 0
441 -966 78 86 418633 0 0 0
825 -825 97 45 478807 0 0 0
773 -1040 85 87 872278 0 0 0
1117 -648 68 67 821904 0 0 0
591 -1161 81 76 963270 0 0 0
872 -1261 56 48 299589 0 0 0
1198 -1795 100 53 309620 0 0 0
1342 -1580 83 76 378836 0 0 0
1071 -1135 76 72 917468 0 0 0
