2200
1883 360 87 46 772660 0 0 0
2397 -155 101 77 918994 0 0 0
2809 -29 68 69 763935 0 0 0
3073 -50 83 65 922669 0 0 0
2527 -178 64 51 287584 0 0 0
2029 -601 60 55 755946 0 0 0
2415 -193 93 74 348759 0 0 0
2279 -738 52 58 568185 0 0 0
2536 -1024 53 61 101676 0 0 0
2145 -726 82 72 764748 0 0 0
2082 -1222 70 57 411229 0 0 0
1654 -1334 71 58 842899 0 0 0
1835 -1034 53 70 239771 0 0 0
2318 -1361 92 75 492216 0 0 0
1886 -1143 54 79 972745 0 0 0
1972 -1451 63 60 300696 0 0 0
2150 -1727 72 52 328090 0 0 0
1883 -2084 83 52 791672 0 0 0
2391 -1617 94 46 946768 0 0 0
2704 -1215 77 61 367419 0 0 0
3094 -1438 76 75 762206 0 0 0
2879 -1258 60 52 275512 0 0 0
2885 -1160 70 68 124344 0 0 0
2773 -1116 57 83 238216 0 0 0
2681 -1111 87 44 974687 0 0 0
2491 -1350 84 78 335467 0 0 0
2531 -1299 98 47 101706 0 0 0
2047 -1324 86 84 824655 0 0 0
1649 -1373 62 54 277028 0 0 0
2082 -1321 68 89 576162 0 0 0
2026 -780 64 44 155676 0 0 0
2177 -1077 102 78 947048 0 0 0
2719 -711 60 83 523813 0 0 0
2290 -711 84 75 187435 0 0 0
2143 -1023 66 71 198932 0 0 0
2651 -718 64 56 613653 0 0 0
3200 -739 83 44 953021 0 0 0
3617 -775 70 78 269380 0 0 0
3892 -641 52 64 513754 0 0 0
3828 -1134 55 70 323442 0 0 0
4106 -1673 51 71 499569 0 0 0
4194 -1993 63 84 833463 0 0 0
4192 -1635 77 70 717970 0 0 0
4498 -2139 94 66 242628 0 0 0
4128 -1598 86 54 862247 0 0 0
4216 -1224 81 55 982244 0 0 0
4080 -875 56 76 445118 0 0 0
3941 -403 101 64 939661 0 0 0
4235 -515 69 89 700781 0 0 0
3882 -697 92 63 515128 0 0 0
3708 -148 51 64 743005 0 0 0
3946 33 84 66 919053 0 0 0
4320 97 97 73 261969 0 0 0
4274 -349 56 50 656067 0 0 0
4073 -502 91 60 654044 0 0 0
4128 -907 83 47 306908 0 0 0
4000 -1350 72 74 771076 0 0 0
4338 -1450 62 51 863312 0 0 0
4878 -1760 85 61 507178 0 0 0
4533 -1569 61 83 575333 0 0 0
5022 -1342 95 55 424333 0 0 0
4488 -1385 92 63 612297 0 0 0
4895 -1904 72 84 242222 0 0 0
5220 -1600 69 47 547327 0 0 0
5648 -1683 57 89 676176 0 0 0
5927 -1709 74 56 419469 0 0 0
6216 -2070 92 62 385691 0 0 0
6595 -1627 72 61 300447 0 0 0
6770 -2046 73 82 467361 0 0 0
6782 -2379 66 75 690522 0 0 0
6707 -2396 99 56 673333 0 0 0
7214 -2098 80 76 827426 0 0 0
6979 -1926 92 70 971510 0 0 0
7199 -1613 71 68 142577 0 0 0
7001 -1739 52 80 124027 0 0 0
7076 -1949 76 44 916676 0 0 0
7518 -2402 70 77 119578 0 0 0
7151 -2460 100 79 998106 0 0 0
7054 -2756 89 83 963127 0 0 0
7283 -2368 73 87 559581 0 0 0
-1971 -1142 60 66 181009 0 0 0
-1693 -1445 51 69 284648 0 0 0
-1704 -1281 56 52 783908 0 0 0
-1657 -1492 99 65 894222 0 0 0
-2194 -1207 83 73 750373 0 0 0
-1936 -1087 98 83 807390 0 0 0
-2053 -1250 75 81 151905 0 0 0
-2029 -900 87 83 620785 0 0 0
-2317 -866 96 62 939891 0 0 0
-1949 -727 61 84 366780 0 0 0
-1884 -394 80 85 762116 0 0 0
-1934 -870 58 49 940151 0 0 0
-1705 -360 80 79 489845 0 0 0
-1948 103 94 65 321378 0 0 0
-1472 399 62 64 641086 0 0 0
-1087 935 99 81 484174 0 0 0
-1304 505 92 44 583688 0 0 0
-1694 31 102 86 595084 0 0 0
-1743 -130 78 45 510571 0 0 0
-1721 -363 94 60 981867 0 0 0
-1833 -851 73 65 285634 0 0 0
-1424 -795 67 67 419194 0 0 0
-1849 -838 54 54 784034 0 0 0
-1520 -1250 80 82 245934 0 0 0
-1381 -702 102 89 699120 0 0 0
-964 -777 81 66 312579 0 0 0
-1458 -584 54 79 802778 0 0 0
-983 -347 78 72 866400 0 0 0
-1451 -668 101 50 515551 0 0 0
-1126 -974 53 66 419617 0 0 0
-1648 -1385 101 45 455793 0 0 0
-2027 -1566 75 49 536280 0 0 0
-1717 -1554 93 85 693403 0 0 0
-1692 -1162 80 81 968418 0 0 0
-1867 -922 59 64 156130 0 0 0
-2067 -719 68 85 255221 0 0 0
-2443 -542 101 68 761437 0 0 0
-2806 -1043 51 53 413002 0 0 0
-2862 -660 90 89 275940 0 0 0
-3306 -1194 98 61 307485 0 0 0
-3252 -1695 87 69 344745 0 0 0
-3206 -1619 56 71 903031 0 0 0
-3569 -1734 93 70 929344 0 0 0
-3048 -1854 86 66 802207 0 0 0
-2906 -1706 98 68 839378 0 0 0
-2892 -1378 85 47 843508 0 0 0
586 -1652 52 59 402055 0 0 0
619 -1735 89 72 634990 0 0 0
1119 -1742 60 65 583646 0 0 0
1367 -1623 83 70 853257 0 0 0
1723 -1282 71 47 822523 0 0 0
1212 -1196 97 82 921901 0 0 0
1104 -1260 64 58 233311 0 0 0
1407 -1298 93 82 438669 0 0 0
1183 -1230 72 66 410371 0 0 0
1027 -1388 75 88 462543 0 0 0
499 -995 58 78 215204 0 0 0
976 -489 62 77 919352 0 0 0
1310 -490 75 58 155811 0 0 0
1610 -92 90 53 506119 0 0 0
1081 -38 57 56 851007 0 0 0
678 -438 65 74 475575 0 0 0
251 92 65 49 435419 0 0 0
682 608 82 83 398986 0 0 0
552 832 92 50 329319 0 0 0
591 -1550 55 46 127216 0 0 0
372 -1610 93 77 573317 0 0 0
726 -1369 74 68 450926 0 0 0
1024 -1052 54 74 688566 0 0 0
1190 -1544 99 69 343954 0 0 0
1324 -1115 65 70 678892 0 0 0
-1867 -1767 78 60 227683 0 0 0
-2316 -2247 54 88 670012 0 0 0
-2306 -2449 81 59 265134 0 0 0
-2049 -2259 70 65 316643 0 0 0
-2337 -2028 59 64 438591 0 0 0
-2286 -2397 91 75 549059 0 0 0
-2417 -2526 91 71 525423 0 0 0
-2714 -2451 96 78 498466 0 0 0
-2524 -2094 87 63 871368 0 0 0
-2173 -1988 66 45 120315 0 0 0
-2704 -1522 75 84 878517 0 0 0
-3076 -1661 85 65 693867 0 0 0
-3500 -1707 63 63 521541 0 0 0
-3415 -1464 53 85 158759 0 0 0
-3660 -914 99 49 590862 0 0 0
-3285 -1427 81 88 161440 0 0 0
-3147 -1037 86 55 231997 0 0 0
-3522 -1413 78 44 499483 0 0 0
-3366 -1174 67 53 371474 0 0 0
-362 -96 61 45 486762 0 0 0
95 214 87 62 588827 0 0 0
149 248 98 70 523383 0 0 0
-143 -17 68 56 437028 0 0 0
-470 -380 51 74 214751 0 0 0
-437 -455 51 48 972981 0 0 0
-702 -33 51 76 140809 0 0 0
-329 377 68 44 658409 0 0 0
-246 379 75 70 488368 0 0 0
-455 901 65 60 772211 0 0 0
-136 1300 97 45 379129 0 0 0
21 1416 65 45 607145 0 0 0
366 1356 83 48 863344 0 0 0
522 1873 53 64 275130 0 0 0
17 1659 69 65 284017 0 0 0
-144 1237 87 58 726630 0 0 0
-417 863 99 83 620355 0 0 0
-239 1291 68 79 378531 0 0 0
217 1179 102 50 614047 0 0 0
58 1227 52 54 452075 0 0 0
114 1710 98 80 102552 0 0 0
-370 1979 74 52 469932 0 0 0
80 2347 68 67 380296 0 0 0
237 2884 61 45 179196 0 0 0
-118 3127 101 57 619179 0 0 0
-25 3436 85 77 524884 0 0 0
338 3509 56 82 940754 0 0 0
621 3553 58 84 114005 0 0 0
1017 3937 60 54 100776 0 0 0
1107 3937 64 65 184519 0 0 0
1446 4396 60 80 188890 0 0 0
1777 4614 94 89 699489 0 0 0
1521 4993 68 47 529671 0 0 0
1667 4748 100 63 784301 0 0 0
2213 5210 96 78 327388 0 0 0
2085 4835 90 69 319127 0 0 0
2182 4317 79 78 128069 0 0 0
2261 4755 64 65 668580 0 0 0
1866 4941 75 47 432946 0 0 0
1931 5301 77 58 282473 0 0 0
2077 5326 99 75 159879 0 0 0
1615 5415 92 69 586105 0 0 0
1642 4910 90 51 464043 0 0 0
1453 4477 51 47 579831 0 0 0
1239 3967 75 73 637536 0 0 0
1071 4135 91 69 168166 0 0 0
1356 4614 79 85 121385 0 0 0
1282 4531 52 68 426153 0 0 0
1706 4921 62 51 886736 0 0 0
1198 4520 58 81 939483 0 0 0
1407 4491 86 48 312069 0 0 0
1891 4394 95 71 580846 0 0 0
2377 4238 96 77 652316 0 0 0
2695 3975 85 52 283338 0 0 0
2565 3625 96 57 467839 0 0 0
2069 3804 57 84 942489 0 0 0
2058 4178 101 55 757923 0 0 0
1793 4544 92 67 573814 0 0 0
2002 4093 81 88 480506 0 0 0
2012 4345 92 70 926181 0 0 0
1756 3883 55 71 580128 0 0 0
1477 4189 89 60 969260 0 0 0
1572 4001 94 60 744841 0 0 0
2027 3471 98 86 739554 0 0 0
2317 3150 90 84 989107 0 0 0
2859 2839 67 50 860755 0 0 0
2747 2975 87 58 425202 0 0 0
3154 3101 71 65 340190 0 0 0
3658 3491 87 70 287881 0 0 0
3596 3736 94 57 609425 0 0 0
3052 4255 66 88 400523 0 0 0
3374 4738 60 49 188818 0 0 0
3591 4750 72 60 711340 0 0 0
3828 5231 79 85 964655 0 0 0
3326 5163 74 57 231008 0 0 0
3145 5127 83 65 406795 0 0 0
3354 4818 70 81 419018 0 0 0
3795 5192 102 72 240332 0 0 0
3430 4810 56 73 595553 0 0 0
3970 4406 84 83 307577 0 0 0
3537 4090 63 58 148217 0 0 0
3467 4261 81 48 757570 0 0 0
3017 4200 88 75 212720 0 0 0
3147 3976 92 50 712658 0 0 0
3615 3607 91 55 675774 0 0 0
3492 3326 63 53 941468 0 0 0
3810 3166 55 50 698080 0 0 0
3926 3692 70 46 325695 0 0 0
3557 3495 56 56 175675 0 0 0
3739 3061 55 57 290512 0 0 0
3426 3044 82 48 744942 0 0 0
3231 2803 70 57 312717 0 0 0
-1839 3 95 78 644913 0 0 0
-2006 -326 52 64 591090 0 0 0
-2069 -571 98 48 955745 0 0 0
-2455 -565 52 75 338510 0 0 0
-2274 -966 62 89 381771 0 0 0
-2093 -847 68 67 218141 0 0 0
-1904 -627 91 49 947489 0 0 0
-1835 -228 74 69 883028 0 0 0
-1764 322 87 61 346359 0 0 0
-1766 -94 87 51 558772 0 0 0
-2123 -60 71 72 686440 0 0 0
-1827 -322 71 53 359087 0 0 0
-1851 -14 67 71 653837 0 0 0
-2276 -366 94 81 752371 0 0 0
-2634 -390 73 47 107900 0 0 0
-2273 -729 90 49 814171 0 0 0
-2492 -718 64 57 643321 0 0 0
-2429 -1219 53 49 636649 0 0 0
-2423 -1101 78 54 844072 0 0 0
-2137 -1575 63 87 759675 0 0 0
-2015 -1784 91 75 667477 0 0 0
-1941 -2102 80 52 808948 0 0 0
-1775 -2074 61 68 911597 0 0 0
-1832 -1700 84 48 308441 0 0 0
-2212 -1226 93 51 860574 0 0 0
-2749 -812 74 56 267772 0 0 0
-2255 -1073 87 60 734641 0 0 0
-2062 -1290 88 80 139013 0 0 0
-1921 -1321 97 71 610114 0 0 0
-2233 -862 98 58 487226 0 0 0
-2311 -545 71 67 233386 0 0 0
-2710 -827 79 72 108779 0 0 0
1089 -509 64 47 140444 0 0 0
1398 -912 72 77 835698 0 0 0
1430 -563 83 79 613612 0 0 0
902 -139 51 75 507607 0 0 0
1216 150 72 89 505284 0 0 0
1268 -88 88 55 868909 0 0 0
1751 427 82 80 947980 0 0 0
1795 386 77 76 103434 0 0 0
1403 25 54 71 160528 0 0 0
950 -52 82 50 895278 0 0 0
1185 -559 81 62 172505 0 0 0
1487 -399 61 52 552373 0 0 0
1781 -676 83 44 848274 0 0 0
1521 -986 100 57 518827 0 0 0
1373 -979 82 63 220040 0 0 0
1225 -1069 74 68 483930 0 0 0
805 -1499 64 59 677676 0 0 0
1273 -1247 81 65 801047 0 0 0
977 -1735 77 75 384001 0 0 0
1011 -1321 68 79 624259 0 0 0
1145 -857 99 75 502329 0 0 0
1444 -381 91 68 498471 0 0 0
1807 -689 102 47 800578 0 0 0
1921 -355 59 69 608119 0 0 0
1455 -298 70 53 479282 0 0 0
1244 -131 55 60 411792 0 0 0
814 -196 72 52 147937 0 0 0
804 -564 81 70 884194 0 0 0
786 -198 87 85 307842 0 0 0
495 46 101 83 516573 0 0 0
1000 75 81 81 700325 0 0 0
1163 -344 65 70 956012 0 0 0
1329 78 100 82 358795 0 0 0
1404 158 79 77 464078 0 0 0
1286 75 57 72 147703 0 0 0
1552 -109 77 66 383555 0 0 0
1991 108 87 66 392418 0 0 0
-1175 -720 97 45 381301 0 0 0
-884 -1036 66 72 680172 0 0 0
-639 -546 60 85 362644 0 0 0
-1013 -205 98 59 527122 0 0 0
-561 222 52 59 913111 0 0 0
-621 760 88 89 977042 0 0 0
-960 588 87 53 402905 0 0 0
-1483 141 65 87 980401 0 0 0
-1097 290 70 74 663852 0 0 0
-1428 801 53 49 990886 0 0 0
-1580 660 67 78 777828 0 0 0
-1976 630 65 53 566178 0 0 0
-1973 144 56 67 517155 0 0 0
-2377 211 80 67 183108 0 0 0
-2537 482 74 77 847186 0 0 0
-2684 97 80 71 745111 0 0 0
-2706 -125 55 49 795226 0 0 0
-2532 -251 90 47 551593 0 0 0
-2024 288 58 74 536362 0 0 0
-2383 832 55 53 196551 0 0 0
-2835 1054 89 70 259950 0 0 0
-3120 1318 74 76 641153 0 0 0
-2825 1715 75 48 397533 0 0 0
-2356 1312 93 60 849095 0 0 0
-2517 1509 65 76 728670 0 0 0
-2989 1192 82 79 677146 0 0 0
-2967 1007 58 58 548632 0 0 0
-3139 658 81 73 144339 0 0 0
-3598 971 68 74 215808 0 0 0
-3056 1335 73 61 875223 0 0 0
-2975 1818 90 50 444655 0 0 0
-3109 1979 91 64 977758 0 0 0
-3086 1700 65 68 564604 0 0 0
-3028 1881 102 52 356847 0 0 0
-3284 1353 74 50 686043 0 0 0
-2902 1300 52 61 643332 0 0 0
-2852 789 60 75 940890 0 0 0
-3374 1138 87 88 750064 0 0 0
-2912 1385 82 53 578437 0 0 0
-2383 1268 97 59 538934 0 0 0
-1909 994 75 79 910406 0 0 0
-2106 1530 89 73 393697 0 0 0
-1811 1953 87 66 921797 0 0 0
-1977 1965 57 44 953895 0 0 0
-1540 1763 59 70 558387 0 0 0
-1621 1235 97 84 858130 0 0 0
-1690 1470 82 55 247272 0 0 0
-2171 1800 55 70 144429 0 0 0
-2564 1730 67 70 364394 0 0 0
-2349 1559 66 84 868941 0 0 0
-2443 1661 60 83 465810 0 0 0
-2316 1856 101 53 812502 0 0 0
-239 2189 94 56 214376 0 0 0
-724 2223 57 63 930288 0 0 0
-364 2268 68 72 598843 0 0 0
-131 1775 78 48 140452 0 0 0
-540 1871 69 51 372179 0 0 0
-698 1673 68 88 284644 0 0 0
-1026 2205 62 49 683714 0 0 0
-1464 2139 89 86 256201 0 0 0
-1948 1760 65 49 914075 0 0 0
-2268 1951 102 76 950539 0 0 0
-1899 2426 74 82 495170 0 0 0
-2136 2471 92 67 728081 0 0 0
-1712 2047 52 45 530317 0 0 0
-1342 1516 51 60 962647 0 0 0
-1554 1888 55 72 849675 0 0 0
-1260 2323 75 88 624897 0 0 0
-833 2859 99 82 761370 0 0 0
-840 2914 97 67 568478 0 0 0
-397 2466 76 88 227392 0 0 0
-614 2274 92 53 867543 0 0 0
-1103 1788 88 82 307014 0 0 0
-850 1559 74 52 228956 0 0 0
-878 1330 88 70 461358 0 0 0
-1318 1511 59 62 245137 0 0 0
-1552 2029 78 62 317182 0 0 0
-1385 1605 93 51 953087 0 0 0
-1345 1446 76 58 404372 0 0 0
-1743 1282 99 51 573667 0 0 0
-1944 1640 61 53 312784 0 0 0
-2344 1744 84 69 796830 0 0 0
-2608 2250 53 56 277800 0 0 0
-2986 2454 65 57 838642 0 0 0
-2657 2209 84 88 665355 0 0 0
-3038 1982 56 81 561577 0 0 0
-2648 1655 73 79 320178 0 0 0
-2505 1968 98 53 940026 0 0 0
-2278 1904 101 84 327621 0 0 0
1490 -325 102 70 136231 0 0 0
2036 -111 88 77 402994 0 0 0
1534 -519 87 85 535817 0 0 0
1591 -748 73 86 136606 0 0 0
1491 -834 72 88 434186 0 0 0
957 -1174 74 79 115897 0 0 0
1014 -1083 80 57 125773 0 0 0
867 -686 101 82 664312 0 0 0
574 -774 96 67 351189 0 0 0
454 -864 84 71 891329 0 0 0
669 -818 78 88 545637 0 0 0
1084 -1148 85 49 387692 0 0 0
548 -1049 66 79 858365 0 0 0
319 -934 88 67 471735 0 0 0
-181 -598 57 79 717965 0 0 0
-8 -905 65 46 504644 0 0 0
-146 -1286 61 89 821773 0 0 0
-580 -1431 76 73 913393 0 0 0
-535 -1123 64 70 830921 0 0 0
-548 -612 63 71 255147 0 0 0
-811 -447 88 45 828540 0 0 0
-612 -261 84 73 343333 0 0 0
-1081 4 66 81 947777 0 0 0
-1084 485 90 88 570241 0 0 0
-1065 828 78 59 294317 0 0 0
-1444 494 51 68 902964 0 0 0
-1970 1031 82 47 670979 0 0 0
-1560 1502 91 65 358932 0 0 0
-1657 1474 94 68 253275 0 0 0
-2124 1809 57 54 408952 0 0 0
-1723 1532 90 60 467153 0 0 0
-2202 1350 64 83 482712 0 0 0
-2322 1422 79 81 954372 0 0 0
2102 -1558 94 49 349053 0 0 0
2264 -1838 62 81 570534 0 0 0
2533 -1648 77 60 573976 0 0 0
2789 -1687 59 66 152585 0 0 0
3025 -1327 62 85 420441 0 0 0
2520 -1188 69 87 299413 0 0 0
2724 -975 57 51 171835 0 0 0
3184 -1239 61 78 457541 0 0 0
3725 -1158 63 50 741980 0 0 0
3590 -914 66 52 162192 0 0 0
3203 -731 51 75 986543 0 0 0
2762 -1276 101 59 150372 0 0 0
3144 -878 84 88 531863 0 0 0
3427 -1410 60 83 328698 0 0 0
3802 -1647 84 72 783685 0 0 0
4224 -1295 52 60 232969 0 0 0
4661 -1626 69 47 713518 0 0 0
4307 -1081 64 73 430592 0 0 0
4337 -616 55 82 523633 0 0 0
4512 -1062 77 78 709385 0 0 0
4115 -1163 57 76 785202 0 0 0
3581 -1105 58 82 693848 0 0 0
4082 -722 54 84 611545 0 0 0
3943 -600 51 46 752216 0 0 0
3790 -716 51 54 589314 0 0 0
3531 -676 102 51 802449 0 0 0
3267 -788 76 53 174058 0 0 0
3701 -1041 87 51 402940 0 0 0
3871 -1075 62 48 520713 0 0 0
3738 -1462 87 46 676079 0 0 0
3884 -1593 70 50 588297 0 0 0
3991 -1815 98 58 347093 0 0 0
4481 -1639 72 73 782264 0 0 0
4036 -2042 55 67 304411 0 0 0
4107 -2187 97 82 274650 0 0 0
4260 -1779 51 80 729549 0 0 0
4246 -1671 97 71 658868 0 0 0
4565 -1695 52 80 918006 0 0 0
4124 -2174 87 62 154571 0 0 0
3574 -2350 99 73 183932 0 0 0
4070 -2239 79 66 270948 0 0 0
3840 -2725 76 65 947717 0 0 0
3593 -2604 87 58 369106 0 0 0
3067 -2350 99 47 603014 0 0 0
3166 -1875 100 74 280529 0 0 0
3569 -2419 100 52 613927 0 0 0
3055 -2275 98 85 193173 0 0 0
2707 -1859 72 49 236387 0 0 0
2847 -1839 87 66 395325 0 0 0
3294 -1827 70 50 854313 0 0 0
3103 -2004 94 45 455623 0 0 0
3253 -2285 78 70 929664 0 0 0
3266 -2288 63 54 354746 0 0 0
3378 -2731 73 50 600148 0 0 0
3859 -3034 63 56 848738 0 0 0
3949 -3434 87 88 319802 0 0 0
4182 -3856 96 52 171025 0 0 0
3914 -4315 79 76 221830 0 0 0
-1000 -512 82 59 875643 0 0 0
-1058 -434 85 86 788471 0 0 0
-649 -360 95 77 327945 0 0 0
-1048 -539 59 45 649057 0 0 0
-693 -810 98 83 938569 0 0 0
-1216 -1109 74 73 860538 0 0 0
-1029 -1511 66 80 230997 0 0 0
-627 -1436 95 61 605042 0 0 0
-1052 -1001 84 82 965506 0 0 0
-1599 -744 84 72 980039 0 0 0
-2039 -708 61 44 973773 0 0 0
-1568 -598 92 71 570359 0 0 0
-1282 -145 75 48 184322 0 0 0
-1481 -332 62 46 989317 0 0 0
-1080 178 57 65 709072 0 0 0
-966 695 89 80 135400 0 0 0
-1060 1047 55 61 213828 0 0 0
-1496 643 78 81 947066 0 0 0
-1216 578 83 81 847476 0 0 0
-1608 418 66 79 514349 0 0 0
-1965 170 68 66 764655 0 0 0
-1607 481 61 65 593652 0 0 0
-1832 480 75 60 773478 0 0 0
-1933 -53 66 79 824033 0 0 0
-1859 200 87 65 201874 0 0 0
-2233 225 52 75 250207 0 0 0
-2378 110 69 45 421276 0 0 0
-2401 640 99 79 431762 0 0 0
-2239 493 70 46 587426 0 0 0
-1695 718 67 84 297919 0 0 0
-1352 723 67 73 531878 0 0 0
-1544 396 77 73 103466 0 0 0
-1166 846 90 52 551650 0 0 0
-1438 949 52 51 710001 0 0 0
-1349 581 53 55 818088 0 0 0
-1514 992 81 65 624955 0 0 0
-1287 1246 73 60 949709 0 0 0
-996 1757 89 70 610126 0 0 0
-757 1468 92 53 622440 0 0 0
-674 1921 93 75 719453 0 0 0
-1058 2379 62 49 407728 0 0 0
-522 2307 89 53 527261 0 0 0
-574 2389 99 44 569677 0 0 0
-952 2252 88 47 647236 0 0 0
-659 2649 101 46 335342 0 0 0
-1167 3118 69 55 790045 0 0 0
-833 3073 61 50 132144 0 0 0
-935 3281 63 71 882788 0 0 0
-1038 2846 75 53 350240 0 0 0
-797 3299 94 70 940383 0 0 0
-264 3465 90 57 336545 0 0 0
189 3892 57 76 503741 0 0 0
827 1458 94 67 711615 0 0 0
980 1047 85 48 165383 0 0 0
608 1042 92 62 664107 0 0 0
538 1256 79 73 211011 0 0 0
479 1045 87 75 503926 0 0 0
504 -2113 83 52 104011 0 0 0
834 -1839 80 48 974176 0 0 0
305 -1311 94 78 719043 0 0 0
539 -1080 69 60 593015 0 0 0
153 -635 86 61 967202 0 0 0
-112 -757 94 69 128221 0 0 0
37 -427 67 70 468823 0 0 0
171 -962 84 60 578201 0 0 0
549 -828 77 65 686897 0 0 0
917 -673 54 78 908108 0 0 0
1319 -526 87 55 906143 0 0 0
1473 -431 61 81 296707 0 0 0
1684 -14 102 88 176511 0 0 0
1805 -455 75 49 728219 0 0 0
1921 -547 95 61 311237 0 0 0
1803 -935 97 87 243646 0 0 0
1459 -641 65 77 788651 0 0 0
1103 -849 98 44 164921 0 0 0
933 -714 68 55 868310 0 0 0
894 -251 68 69 886953 0 0 0
469 -45 73 44 174950 0 0 0
327 -205 99 65 848399 0 0 0
-32 262 87 80 836599 0 0 0
-129 380 92 58 576937 0 0 0
-17 848 62 59 428202 0 0 0
481 480 55 84 458832 0 0 0
430 676 77 45 221872 0 0 0
-57 1161 96 56 894123 0 0 0
-113 876 100 50 958431 0 0 0
68 557 91 70 319844 0 0 0
-287 78 64 51 419490 0 0 0
29 -20 95 63 748977 0 0 0
-328 450 68 50 358185 0 0 0
-794 565 98 89 720241 0 0 0
-373 307 81 76 544308 0 0 0
143 351 99 55 355364 0 0 0
409 201 98 48 750940 0 0 0
553 -206 76 87 387904 0 0 0
810 -651 55 71 867708 0 0 0
1236 -633 80 52 769377 0 0 0
1666 -679 72 65 101134 0 0 0
1971 -557 94 50 799878 0 0 0
1854 -74 99 55 665692 0 0 0
393 -1143 52 67 862933 0 0 0
-101 -1550 58 56 479536 0 0 0
287 -1780 100 72 575064 0 0 0
611 -1411 53 44 925191 0 0 0
563 -1518 76 74 833870 0 0 0
684 -1866 52 58 846855 0 0 0
1042 -1546 78 58 876784 0 0 0
1206 -1412 54 60 240032 0 0 0
1596 -1750 101 80 163949 0 0 0
1321 -2197 63 52 755780 0 0 0
1468 -2699 87 83 515009 0 0 0
1980 -3021 87 56 169099 0 0 0
1492 -3105 96 52 666854 0 0 0
1611 -2703 97 52 441068 0 0 0
1469 -2202 80 89 239768 0 0 0
1172 -2504 68 69 449905 0 0 0
1419 -2322 75 61 975096 0 0 0
10 -2114 69 59 620431 0 0 0
176 -1937 67 62 763379 0 0 0
-171 -2390 95 88 896855 0 0 0
378 -2057 55 44 684254 0 0 0
-50 -2036 81 88 189396 0 0 0
-481 -2529 74 53 669850 0 0 0
-281 -2608 65 64 889094 0 0 0
-617 -2229 97 56 274651 0 0 0
-719 -2625 76 75 899624 0 0 0
-1252 -2895 76 86 279931 0 0 0
-828 -2683 102 51 388949 0 0 0
-958 -2292 72 48 480754 0 0 0
-1409 -2600 65 61 946256 0 0 0
-1290 -2684 86 71 266138 0 0 0
-1203 -2625 56 53 972050 0 0 0
-868 -2379 68 72 987532 0 0 0
-378 -2895 67 81 674333 0 0 0
-486 -3360 89 88 180216 0 0 0
-669 -2850 97 47 830615 0 0 0
-756 -3072 87 67 658316 0 0 0
-837 -3397 83 69 994493 0 0 0
-1313 -3136 73 64 766045 0 0 0
-1340 -2764 69 61 375959 0 0 0
-1518 -2967 73 50 473233 0 0 0
-1207 -3373 71 69 605546 0 0 0
-1380 -3887 95 48 800461 0 0 0
-1725 -3712 67 73 512558 0 0 0
-1536 -4085 64 60 689934 0 0 0
-1115 -3880 88 47 584613 0 0 0
-639 -4250 101 69 449410 0 0 0
-145 -4775 58 88 126622 0 0 0
-296 -5050 87 57 820931 0 0 0
-584 -4571 73 53 665768 0 0 0
-1089 -4738 96 71 311814 0 0 0
-999 -4756 82 52 324941 0 0 0
2019 1804 92 78 830498 0 0 0
2447 2209 93 74 420268 0 0 0
2865 1900 96 68 201816 0 0 0
2990 1936 91 68 377299 0 0 0
3358 2402 71 76 952641 0 0 0
2934 2334 97 80 944717 0 0 0
3331 2773 53 74 505595 0 0 0
3749 3129 74 53 289829 0 0 0
3772 2806 82 81 723977 0 0 0
3496 2441 102 80 457600 0 0 0
3713 2747 71 60 663194 0 0 0
3458 2748 53 48 476548 0 0 0
3338 2235 80 53 869268 0 0 0
3817 2381 78 85 549717 0 0 0
3920 1956 100 69 955120 0 0 0
4193 2259 75 58 894896 0 0 0
3882 1862 96 60 415459 0 0 0
3382 1980 99 61 337463 0 0 0
3281 2250 72 74 841777 0 0 0
3132 2114 101 82 171663 0 0 0
2671 1876 75 67 350918 0 0 0
2726 1711 74 74 831443 0 0 0
2277 1658 101 71 724114 0 0 0
1794 1930 70 47 952814 0 0 0
1771 1976 58 74 917841 0 0 0
1864 2407 92 56 690235 0 0 0
2034 2319 58 80 222693 0 0 0
2170 2724 99 84 344937 0 0 0
2594 2251 51 44 791096 0 0 0
2746 2295 87 75 353655 0 0 0
2694 1879 68 71 644073 0 0 0
2150 2135 95 77 327336 0 0 0
1811 1644 87 84 819945 0 0 0
1643 1957 55 46 772817 0 0 0
1621 2455 96 75 194729 0 0 0
1484 2759 62 50 697222 0 0 0
1603 2686 68 64 232671 0 0 0
1219 3224 73 79 343604 0 0 0
1438 2989 94 46 553180 0 0 0
1528 2680 93 81 212044 0 0 0
1566 3054 100 45 777975 0 0 0
1341 3306 89 44 651201 0 0 0
991 3626 85 48 800738 0 0 0
1242 3781 54 72 613541 0 0 0
1687 3967 76 68 647802 0 0 0
2086 3672 84 72 242105 0 0 0
1683 4146 100 46 160395 0 0 0
2049 4190 65 52 365443 0 0 0
2453 3748 100 56 392162 0 0 0
2766 3868 86 81 480216 0 0 0
2378 4139 79 58 341425 0 0 0
2525 4194 83 82 706196 0 0 0
2057 4424 102 67 869494 0 0 0
1737 4937 97 52 886659 0 0 0
2040 5311 77 51 918448 0 0 0
2513 4919 65 76 907571 0 0 0
2427 4708 69 81 133528 0 0 0
2136 4989 90 77 675286 0 0 0
2119 4512 85 74 833308 0 0 0
1914 4611 65 55 753500 0 0 0
2395 4734 61 52 736061 0 0 0
2652 4436 70 77 356636 0 0 0
2567 4525 80 50 953167 0 0 0
2351 4830 87 77 916158 0 0 0
1847 5165 68 74 954406 0 0 0
1815 5365 76 56 309947 0 0 0
1339 5702 89 46 953789 0 0 0
1187 6189 52 63 542826 0 0 0
978 6104 61 45 453066 0 0 0
715 6478 57 60 396093 0 0 0
1167 7020 92 46 383322 0 0 0
1708 6821 91 76 100684 0 0 0
1929 6412 66 67 501745 0 0 0
1894 6263 68 66 383639 0 0 0
1752 6576 102 69 675301 0 0 0
1627 6904 62 68 312731 0 0 0
2080 7148 81 78 879062 0 0 0
2267 7142 82 80 774107 0 0 0
2815 7524 60 66 662859 0 0 0
3203 7276 64 75 776181 0 0 0
2895 7302 86 79 650407 0 0 0
2795 7356 55 46 943487 0 0 0
2853 7069 64 55 866205 0 0 0
3040 6788 74 62 285550 0 0 0
2691 6498 77 53 872929 0 0 0
2405 6929 93 71 890580 0 0 0
2746 6832 66 75 935522 0 0 0
2933 6547 71 69 189139 0 0 0
2573 6199 100 84 203217 0 0 0
3071 6568 57 57 770823 0 0 0
3002 6861 81 44 631212 0 0 0
3414 6674 89 66 603724 0 0 0
3281 7162 79 61 349974 0 0 0
3315 7263 90 53 877659 0 0 0
-898 14 91 81 816607 0 0 0
-735 191 76 67 794365 0 0 0
-1253 698 86 62 816792 0 0 0
-1274 249 58 69 919965 0 0 0
-1053 752 85 47 809881 0 0 0
-1278 310 73 61 287572 0 0 0
-807 754 101 88 367463 0 0 0
-694 805 72 45 148223 0 0 0
-518 578 101 63 762285 0 0 0
-769 113 62 66 976529 0 0 0
-1128 248 93 50 316638 0 0 0
-765 -165 58 87 284356 0 0 0
-722 -385 71 83 710834 0 0 0
-253 -579 81 68 713373 0 0 0
176 -200 76 61 436641 0 0 0
27 -608 96 83 394652 0 0 0
65 -426 73 89 788951 0 0 0
-306 -293 96 66 382463 0 0 0
-283 -297 85 70 647217 0 0 0
-668 -843 99 76 842736 0 0 0
-814 -1119 76 55 480555 0 0 0
-798 -798 83 65 864095 0 0 0
-1186 -1271 81 58 151961 0 0 0
-795 -1099 76 70 175655 0 0 0
-469 -689 75 72 732978 0 0 0
-873 -874 71 59 939639 0 0 0
-478 -905 91 51 651981 0 0 0
-423 -1008 55 64 832504 0 0 0
-972 -1415 74 86 635142 0 0 0
1918 -1186 68 75 343848 0 0 0
1563 -1222 83 78 267552 0 0 0
1465 -1270 69 82 774831 0 0 0
995 -1322 73 54 721547 0 0 0
953 -977 90 68 650998 0 0 0
634 -666 65 54 738200 0 0 0
656 -432 100 45 565745 0 0 0
431 -941 55 68 936818 0 0 0
598 -519 71 72 413796 0 0 0
276 -723 97 64 180455 0 0 0
15 -520 52 80 897961 0 0 0
108 -797 90 75 809984 0 0 0
-322 -662 90 75 749187 0 0 0
-746 -929 62 56 390949 0 0 0
-576 -400 58 72 155401 0 0 0
-375 44 62 51 615478 0 0 0
-736 40 102 66 450484 0 0 0
-1239 156 101 89 132340 0 0 0
-1133 161 63 66 971163 0 0 0
-1132 698 74 76 632297 0 0 0
-1584 1011 96 70 655598 0 0 0
-1263 882 101 81 441146 0 0 0
-1453 1009 72 62 813533 0 0 0
-1268 1227 78 84 563609 0 0 0
-759 1026 93 59 389602 0 0 0
-926 1083 73 62 814034 0 0 0
-401 1322 70 69 605184 0 0 0
-281 1728 71 67 298099 0 0 0
-309 1777 58 84 694626 0 0 0
-61 1508 79 46 314959 0 0 0
348 1180 69 66 793659 0 0 0
640 631 81 71 447968 0 0 0
839 1072 65 66 559702 0 0 0
611 1396 74 74 581830 0 0 0
861 1051 73 51 418379 0 0 0
1348 1409 60 47 904691 0 0 0
1652 1946 58 63 120279 0 0 0
1517 1450 79 69 281096 0 0 0
1499 1613 73 87 527986 0 0 0
2011 1841 83 68 518068 0 0 0
2317 1881 53 81 184156 0 0 0
2371 1372 78 68 833774 0 0 0
2195 1382 62 70 372687 0 0 0
2327 1310 86 76 572708 0 0 0
2047 1115 76 87 277767 0 0 0
1919 600 59 74 917292 0 0 0
1689 405 92 76 564792 0 0 0
2176 -55 72 81 246552 0 0 0
1954 -371 93 57 794300 0 0 0
1869 -807 67 48 251606 0 0 0
1924 2121 66 86 938656 0 0 0
1606 2559 101 75 525669 0 0 0
1985 2307 67 72 666104 0 0 0
1739 2428 97 77 684380 0 0 0
2146 2487 85 66 661881 0 0 0
2607 2737 72 55 724738 0 0 0
2965 3053 59 74 511065 0 0 0
2713 2555 59 77 666959 0 0 0
3178 2371 65 77 419461 0 0 0
2948 2842 67 67 928800 0 0 0
3120 2671 68 48 898309 0 0 0
2685 2717 89 84 249166 0 0 0
2416 3169 77 49 546808 0 0 0
2330 3327 95 77 232075 0 0 0
2084 3210 79 44 661196 0 0 0
2020 3167 94 48 341674 0 0 0
1907 3714 78 56 163886 0 0 0
1411 3745 101 89 231803 0 0 0
1393 4278 61 46 550729 0 0 0
1697 3770 78 80 834297 0 0 0
1867 4135 68 45 598243 0 0 0
2335 4045 54 57 158919 0 0 0
2272 3921 90 88 318462 0 0 0
1992 3796 98 52 357246 0 0 0
1648 3663 85 74 274663 0 0 0
1703 3122 56 67 481200 0 0 0
1223 2935 65 58 392974 0 0 0
1218 2951 81 51 129092 0 0 0
1073 3222 99 54 383377 0 0 0
1612 3675 69 73 447700 0 0 0
1759 3187 71 84 637990 0 0 0
1505 3535 87 87 736054 0 0 0
1084 3256 70 46 853660 0 0 0
1448 3792 75 73 770765 0 0 0
1064 4100 90 60 591144 0 0 0
956 3685 53 86 844057 0 0 0
972 3150 65 86 513006 0 0 0
711 3574 78 53 806218 0 0 0
1109 3188 69 63 658919 0 0 0
850 3133 70 73 487952 0 0 0
875 2946 56 46 687486 0 0 0
589 3170 63 56 905183 0 0 0
734 3196 65 68 842505 0 0 0
1215 3311 76 75 975803 0 0 0
1230 2924 88 49 293430 0 0 0
1488 2567 62 62 251937 0 0 0
1990 2870 80 87 612167 0 0 0
2108 2902 99 59 640991 0 0 0
1764 2932 101 53 829001 0 0 0
1785 3188 81 58 357756 0 0 0
1785 -1101 96 50 806436 0 0 0
1315 -1251 64 48 349027 0 0 0
1566 -797 94 76 961676 0 0 0
1704 -1224 89 67 338397 0 0 0
2232 -1424 102 73 493845 0 0 0
2554 -917 61 84 253275 0 0 0
2570 -987 82 73 439872 0 0 0
2434 -1030 65 62 560036 0 0 0
2387 -897 75 50 179067 0 0 0
2236 -939 90 54 895745 0 0 0
2560 -1128 87 53 894900 0 0 0
3002 -1571 94 86 830187 0 0 0
3355 -2102 80 56 852262 0 0 0
2947 -2115 80 48 198170 0 0 0
2687 -2482 88 59 285516 0 0 0
2459 -2540 102 69 527024 0 0 0
1947 -2774 53 76 815580 0 0 0
1875 -2726 56 46 789080 0 0 0
1332 -2456 98 44 238548 0 0 0
1799 -2177 88 70 504872 0 0 0
2287 -1869 62 53 622401 0 0 0
2129 -1636 64 87 147705 0 0 0
2679 -1714 53 79 303960 0 0 0
2154 -1625 73 78 598775 0 0 0
1925 -1543 63 46 386525 0 0 0
2130 -1798 91 64 195914 0 0 0
1758 -2296 102 71 960029 0 0 0
1879 -1849 93 49 960184 0 0 0
1886 -1569 87 89 825713 0 0 0
1534 -1424 94 83 564590 0 0 0
1150 -1612 95 75 953233 0 0 0
1059 -1744 94 87 128977 0 0 0
1551 -2212 69 66 950930 0 0 0
1019 -2144 57 72 352405 0 0 0
1081 -1870 53 88 584197 0 0 0
1028 -1884 75 62 796956 0 0 0
1076 -1492 86 63 782494 0 0 0
1346 -1860 92 69 286126 0 0 0
1450 -2236 101 74 548765 0 0 0
1553 -2297 58 74 669303 0 0 0
2086 -1995 98 78 297762 0 0 0
2536 -1564 81 61 720437 0 0 0
2601 -1831 72 60 671202 0 0 0
2052 -1825 72 65 159614 0 0 0
1935 -1901 89 55 632979 0 0 0
1809 -1377 93 61 410415 0 0 0
1454 -1152 100 57 860280 0 0 0
1032 -844 74 61 201850 0 0 0
500 -539 90 85 208296 0 0 0
76 -482 65 50 549308 0 0 0
-356 -232 83 56 756355 0 0 0
-206 -168 100 61 618519 0 0 0
-255 375 99 71 199340 0 0 0
207 9 100 76 462462 0 0 0
547 139 52 62 203566 0 0 0
881 366 100 46 152615 0 0 0
1387 -71 71 46 368414 0 0 0
1826 -42 52 89 992247 0 0 0
1759 -245 86 81 283983 0 0 0
1551 -378 93 57 678633 0 0 0
1650 -163 78 52 217672 0 0 0
1469 -379 99 65 859352 0 0 0
1657 -152 101 67 513460 0 0 0
1742 5 94 86 126328 0 0 0
1219 -231 65 55 407244 0 0 0
901 -445 64 63 412401 0 0 0
966 -115 56 84 896828 0 0 0
884 -461 54 57 773515 0 0 0
548 -486 66 55 996166 0 0 0
612 39 63 71 969787 0 0 0
365 -317 62 79 709562 0 0 0
-21 -514 99 58 877221 0 0 0
-559 -108 79 68 495457 0 0 0
-330 -564 53 63 337559 0 0 0
-777 -290 99 81 814981 0 0 0
-1254 130 75 83 265912 0 0 0
-1496 -359 63 56 529184 0 0 0
-1813 -22 90 65 657307 0 0 0
-2067 -108 51 83 101042 0 0 0
-2121 -67 89 67 551590 0 0 0
-2399 236 95 72 172146 0 0 0
-2010 649 87 75 602735 0 0 0
-1532 274 96 84 938597 0 0 0
-1206 771 95 60 979004 0 0 0
-1011 725 51 44 428672 0 0 0
-1035 911 83 58 117209 0 0 0
-874 674 74 71 605492 0 0 0
-850 733 97 46 363641 0 0 0
-1017 1165 86 47 131121 0 0 0
-1339 1111 54 81 514086 0 0 0
-897 824 63 82 300212 0 0 0
-808 839 95 45 392179 0 0 0
-985 438 52 61 390493 0 0 0
-648 252 55 75 748622 0 0 0
-581 368 94 68 249477 0 0 0
-137 402 100 88 575145 0 0 0
300 24 84 48 394421 0 0 0
58 1865 86 80 726190 0 0 0
263 1915 71 44 706055 0 0 0
664 2135 73 75 674346 0 0 0
191 2427 82 56 382643 0 0 0
739 2048 76 86 705097 0 0 0
1000 2422 63 75 149996 0 0 0
1059 1961 70 59 755210 0 0 0
1559 1790 57 49 408238 0 0 0
1569 1592 66 70 323829 0 0 0
1459 2048 86 51 489919 0 0 0
1045 1640 97 78 395771 0 0 0
604 2115 67 88 438914 0 0 0
1065 1956 97 58 595287 0 0 0
1444 2134 52 82 895433 0 0 0
1806 2211 64 48 379826 0 0 0
1726 2285 92 53 278857 0 0 0
1553 1787 96 63 896967 0 0 0
1340 1424 64 52 185983 0 0 0
1445 1521 100 87 762118 0 0 0
908 1497 64 55 582761 0 0 0
997 1429 65 86 722470 0 0 0
638 987 92 48 705009 0 0 0
729 1235 85 55 494286 0 0 0
352 1518 98 73 391968 0 0 0
30 1741 86 55 503474 0 0 0
-238 1347 57 78 128645 0 0 0
-222 1580 65 54 681086 0 0 0
-361 1190 51 62 198190 0 0 0
-126 1047 66 74 631702 0 0 0
-598 1466 90 87 559194 0 0 0
-222 1284 79 70 341046 0 0 0
-516 1640 91 44 144488 0 0 0
-1392 2191 58 74 199893 0 0 0
-1891 2453 62 78 372030 0 0 0
-1529 1906 98 89 143444 0 0 0
-1183 1914 56 45 903288 0 0 0
-1557 1690 65 66 622935 0 0 0
-1813 1398 87 62 301799 0 0 0
-2057 877 90 85 465066 0 0 0
-2026 1212 55 65 145855 0 0 0
-1792 1007 74 73 786681 0 0 0
-1373 596 99 51 661597 0 0 0
-1831 293 65 54 554287 0 0 0
-2307 490 94 75 645783 0 0 0
-2499 882 57 73 816210 0 0 0
-2876 1378 69 80 917141 0 0 0
-3335 1148 101 79 793785 0 0 0
-2912 1369 101 82 392612 0 0 0
-3024 1791 86 84 145920 0 0 0
-3368 2126 76 77 843558 0 0 0
-3050 1654 75 83 559006 0 0 0
-3057 1476 53 47 382054 0 0 0
-3363 1725 91 73 600630 0 0 0
-3154 1956 75 58 766282 0 0 0
-2675 1967 94 68 259933 0 0 0
-2698 1778 65 82 376426 0 0 0
-3170 1990 93 60 713157 0 0 0
-3118 2024 84 59 937628 0 0 0
-3463 2150 74 65 140908 0 0 0
-3295 2214 87 74 760688 0 0 0
-3567 1666 53 81 500397 0 0 0
-3394 1586 63 45 936239 0 0 0
-3136 1797 97 76 245420 0 0 0
-3148 1620 82 79 967138 0 0 0
-2808 1461 94 61 563791 0 0 0
-2948 1598 101 68 216200 0 0 0
-2899 1790 101 45 273613 0 0 0
-2688 1397 88 48 378612 0 0 0
-2478 1921 70 79 627590 0 0 0
-2281 2342 65 73 462221 0 0 0
-2437 2420 94 69 172474 0 0 0
-1973 1917 56 70 593721 0 0 0
-2246 2181 55 71 722124 0 0 0
-1920 1674 76 46 813421 0 0 0
-1606 1203 71 89 327825 0 0 0
-1200 843 67 57 407643 0 0 0
-1715 1151 67 57 829079 0 0 0
-1339 1096 64 75 842512 0 0 0
-1422 1301 85 61 430093 0 0 0
-1909 944 101 63 966265 0 0 0
-2039 408 60 61 714867 0 0 0
-2424 540 95 50 656200 0 0 0
-2913 478 68 77 935454 0 0 0
-2470 562 86 79 372030 0 0 0
-2217 864 91 85 132270 0 0 0
-2113 397 87 48 856136 0 0 0
-2244 428 70 88 172038 0 0 0
-2407 403 90 85 390511 0 0 0
-2667 -58 70 51 169343 0 0 0
-3101 396 67 85 134317 0 0 0
-2817 51 82 45 503642 0 0 0
-3231 329 97 66 543667 0 0 0
-3133 348 71 89 214051 0 0 0
-2867 215 97 67 545897 0 0 0
-2883 230 72 81 549824 0 0 0
-2928 384 81 53 302881 0 0 0
-3047 409 85 63 500514 0 0 0
-384 1591 75 51 868890 0 0 0
-746 1074 86 85 577990 0 0 0
-979 1281 57 76 684411 0 0 0
-660 1224 63 77 516923 0 0 0
-541 1216 90 71 926726 0 0 0
-422 1586 64 49 103178 0 0 0
-573 2121 89 57 623467 0 0 0
-493 2643 82 88 297263 0 0 0
-177 2924 91 68 445423 0 0 0
-574 3380 65 70 251096 0 0 0
-1123 3221 94 71 798968 0 0 0
214 494 60 63 355309 0 0 0
288 687 72 63 374813 0 0 0
-16 696 101 63 967741 0 0 0
109 408 74 58 825208 0 0 0
418 365 81 49 312651 0 0 0
647 833 101 60 332762 0 0 0
367 1106 78 84 836222 0 0 0
470 1381 87 81 918792 0 0 0
-6 1072 65 77 666533 0 0 0
246 1621 101 63 227283 0 0 0
-273 1736 90 47 767014 0 0 0
-242 1361 72 66 760162 0 0 0
73 1550 90 83 178335 0 0 0
-237 1047 102 84 310645 0 0 0
-523 873 67 59 671288 0 0 0
-219 545 94 59 599688 0 0 0
-702 770 53 62 717498 0 0 0
-731 500 70 57 844820 0 0 0
-268 334 83 76 643442 0 0 0
-805 115 82 63 887372 0 0 0
-653 131 74 45 155162 0 0 0
-778 248 78 73 265778 0 0 0
-468 248 58 83 109052 0 0 0
-604 454 57 54 248293 0 0 0
-754 436 95 66 808604 0 0 0
-288 622 77 58 291970 0 0 0
-173 732 55 63 795213 0 0 0
-408 423 53 77 946604 0 0 0
84 541 96 75 899427 0 0 0
413 53 96 45 410227 0 0 0
345 -403 71 56 374030 0 0 0
550 -148 93 76 803171 0 0 0
436 257 74 52 291081 0 0 0
796 409 74 56 662899 0 0 0
865 114 62 86 481406 0 0 0
579 269 74 76 248218 0 0 0
62 128 66 81 522315 0 0 0
515 -341 59 72 802142 0 0 0
238 -103 84 77 800117 0 0 0
710 59 85 76 645575 0 0 0
1106 -392 88 59 313077 0 0 0
1424 -665 68 78 669193 0 0 0
1208 -127 97 64 317898 0 0 0
1148 -58 51 79 232015 0 0 0
675 190 75 56 315347 0 0 0
603 138 55 85 336828 0 0 0
234 188 90 60 401979 0 0 0
-111 -198 62 81 530853 0 0 0
-442 -105 55 83 757323 0 0 0
-671 -50 93 78 682830 0 0 0
-881 465 69 47 543868 0 0 0
-1317 934 83 57 158425 0 0 0
-1451 1331 53 71 721081 0 0 0
-934 902 53 89 868552 0 0 0
-1234 1302 67 46 524224 0 0 0
-1040 1542 69 50 515875 0 0 0
-710 1688 63 69 492772 0 0 0
-1182 1996 64 63 842341 0 0 0
-1144 1487 89 88 233597 0 0 0
-1211 1465 100 66 102000 0 0 0
-896 -802 81 88 146217 0 0 0
-1292 -1104 54 72 797122 0 0 0
-1436 -1435 66 74 194011 0 0 0
-1947 -1340 85 68 329430 0 0 0
-2026 -1033 68 61 141352 0 0 0
-2326 -1233 59 74 399230 0 0 0
-2342 -1671 82 87 472496 0 0 0
-2536 -2031 57 50 402018 0 0 0
-3052 -1606 65 60 977161 0 0 0
-3475 -1205 93 82 288866 0 0 0
-3353 -1715 70 70 393537 0 0 0
-3408 -1721 95 76 194349 0 0 0
-3166 -2034 65 50 721847 0 0 0
-2875 -2128 59 71 719270 0 0 0
-2512 -2660 94 78 280146 0 0 0
-2811 -2330 101 52 612735 0 0 0
-2885 -2030 95 79 881145 0 0 0
-2787 -2079 77 65 784823 0 0 0
-2398 -2591 71 72 202019 0 0 0
-2361 -2924 99 55 283561 0 0 0
-1874 -2435 73 54 947203 0 0 0
-1811 -2645 63 76 151977 0 0 0
-1937 -2933 91 55 777391 0 0 0
-1387 -2717 82 78 360651 0 0 0
-1907 -2759 90 86 584428 0 0 0
-1457 -2593 54 67 609617 0 0 0
-964 -2175 66 81 504480 0 0 0
-778 -2511 55 59 941797 0 0 0
-728 -2996 88 72 361127 0 0 0
-401 -2480 87 67 884113 0 0 0
-910 -2995 74 53 459640 0 0 0
-1285 -2674 65 53 884825 0 0 0
-1484 -2289 66 81 370002 0 0 0
-1305 -2542 55 67 820508 0 0 0
-1761 -2006 67 54 514154 0 0 0
-1293 -1975 84 78 967707 0 0 0
-1721 -2044 52 82 983765 0 0 0
-1950 -1554 76 67 520899 0 0 0
-2385 -1432 69 68 853295 0 0 0
-2891 -932 85 52 891374 0 0 0
-3084 -1424 77 76 458179 0 0 0
-2580 -1253 70 67 395732 0 0 0
-2969 -1158 91 75 930343 0 0 0
-2975 -672 75 61 946593 0 0 0
-1290 1018 74 70 412117 0 0 0
-861 642 74 51 822882 0 0 0
-442 160 99 64 903949 0 0 0
-295 507 101 53 596539 0 0 0
151 781 78 69 453881 0 0 0
554 612 80 75 715411 0 0 0
32 299 71 78 801215 0 0 0
18 364 99 62 300577 0 0 0
-204 316 57 53 566734 0 0 0
-109 37 91 85 958190 0 0 0
-356 269 100 58 757037 0 0 0
157 493 62 78 610614 0 0 0
-355 503 73 84 893830 0 0 0
-466 520 56 58 110175 0 0 0
-821 832 101 79 950758 0 0 0
-327 832 63 65 839161 0 0 0
-657 1075 92 77 225150 0 0 0
-1059 1467 60 81 274923 0 0 0
-732 1071 59 65 484060 0 0 0
-1099 1515 80 51 141923 0 0 0
-742 967 54 44 322957 0 0 0
-606 660 99 88 150274 0 0 0
-1103 1206 68 56 399944 0 0 0
-601 1689 63 61 314718 0 0 0
-231 1883 76 56 805826 0 0 0
265 1827 93 57 450720 0 0 0
340 1941 82 61 731718 0 0 0
718 2481 61 85 398120 0 0 0
1101 2959 97 66 779775 0 0 0
994 3445 94 45 569708 0 0 0
1394 3572 75 84 621305 0 0 0
1441 3466 86 53 834220 0 0 0
1491 3590 66 70 826155 0 0 0
980 3910 101 50 695545 0 0 0
896 3890 77 75 646370 0 0 0
348 4403 93 85 965371 0 0 0
346 4282 98 55 834278 0 0 0
118 4230 95 67 375889 0 0 0
2102 -560 67 47 691808 0 0 0
1933 -844 78 85 831426 0 0 0
2194 -409 96 65 991313 0 0 0
1695 -348 97 85 711011 0 0 0
2182 59 91 60 654330 0 0 0
2009 -101 56 89 846923 0 0 0
1735 -597 61 75 829033 0 0 0
1982 -330 57 54 906919 0 0 0
1766 -174 62 78 310274 0 0 0
2020 -10 64 85 119162 0 0 0
1707 -381 99 60 212236 0 0 0
1224 -671 56 85 518809 0 0 0
1340 -802 66 59 263866 0 0 0
1272 -978 63 65 802566 0 0 0
1053 -990 52 80 584226 0 0 0
741 -904 77 81 856510 0 0 0
688 -575 76 57 294330 0 0 0
873 -927 85 48 318329 0 0 0
1148 -1306 97 80 170992 0 0 0
1056 -814 90 78 665654 0 0 0
958 -694 77 80 624751 0 0 0
655 -1033 101 49 577866 0 0 0
928 -818 66 50 874931 0 0 0
736 -1279 101 49 780894 0 0 0
682 -1178 84 82 611716 0 0 0
891 -700 75 69 657926 0 0 0
1116 -1250 58 62 282299 0 0 0
668 -1661 75 78 417746 0 0 0
1029 -1530 60 75 999495 0 0 0
1281 -1131 93 69 366807 0 0 0
1462 -1379 58 65 626881 0 0 0
1340 -1919 90 65 730366 0 0 0
1071 -2027 55 45 318106 0 0 0
1337 -1590 62 88 221245 0 0 0
1498 -2114 69 67 705153 0 0 0
1609 -2310 89 73 951221 0 0 0
1062 -1772 80 84 416732 0 0 0
918 1435 82 59 363635 0 0 0
381 1197 62 66 539714 0 0 0
-67 1094 72 84 110260 0 0 0
-320 983 54 61 876891 0 0 0
-130 1072 99 78 184034 0 0 0
-63 1296 65 60 911097 0 0 0
172 768 69 59 390895 0 0 0
201 1035 68 77 306699 0 0 0
177 1579 97 72 323793 0 0 0
473 1824 60 75 242957 0 0 0
439 2252 51 53 766296 0 0 0
97 2312 78 84 182771 0 0 0
-103 2812 100 73 620128 0 0 0
-303 3283 65 89 296775 0 0 0
-513 2940 65 51 867712 0 0 0
-461 3046 59 81 700634 0 0 0
-779 3425 100 66 443708 0 0 0
-984 3766 78 56 705024 0 0 0
-1400 4296 68 81 719100 0 0 0
-1708 4827 67 58 820753 0 0 0
-2120 4844 76 56 527595 0 0 0
-2249 4847 78 44 990924 0 0 0
-2791 5253 92 51 566454 0 0 0
-2797 5057 102 70 586237 0 0 0
-3329 4625 102 89 987386 0 0 0
-3487 4819 74 45 224195 0 0 0
-3974 4753 86 87 335295 0 0 0
-3807 4825 56 51 515367 0 0 0
-4152 5242 77 77 692255 0 0 0
-4640 4721 74 59 656659 0 0 0
-5145 4268 68 74 768805 0 0 0
-5121 4805 72 53 624945 0 0 0
-5602 5338 56 67 638615 0 0 0
-5259 5873 92 87 517170 0 0 0
-4802 5422 98 71 378864 0 0 0
-4981 5693 95 44 882033 0 0 0
-5095 5521 64 72 952758 0 0 0
-4792 5542 60 78 960034 0 0 0
-4891 5701 89 84 810690 0 0 0
-4556 6172 97 65 909255 0 0 0
-4166 5995 68 84 466882 0 0 0
-3722 5703 86 64 899499 0 0 0
-4180 5689 88 65 491484 0 0 0
-3964 5163 81 68 310192 0 0 0
-3442 5696 71 60 204192 0 0 0
-3335 5754 64 50 994799 0 0 0
-3583 6035 64 82 817481 0 0 0
-3157 5574 73 59 172192 0 0 0
-3425 5374 84 72 496518 0 0 0
-3808 5645 77 81 155185 0 0 0
-3660 5330 65 65 993917 0 0 0
-3826 4949 57 55 380321 0 0 0
-4322 4758 75 58 794697 0 0 0
-4543 4795 57 87 935353 0 0 0
76 1150 72 44 234775 0 0 0
426 1335 69 57 559961 0 0 0
820 1386 89 77 159050 0 0 0
480 1787 94 52 830586 0 0 0
904 1758 75 44 505604 0 0 0
492 1613 56 82 866241 0 0 0
562 1421 82 45 786999 0 0 0
450 1849 89 48 501927 0 0 0
508 2323 57 80 373229 0 0 0
586 2645 51 68 382737 0 0 0
1056 3180 86 55 962817 0 0 0
507 3173 99 70 429652 0 0 0
263 3145 67 77 192838 0 0 0
49 3455 67 46 954102 0 0 0
-35 3522 63 72 727414 0 0 0
316 3584 86 74 223927 0 0 0
488 3282 76 57 168250 0 0 0
742 2789 63 60 152227 0 0 0
650 3286 91 78 124612 0 0 0
121 3071 77 53 164030 0 0 0
657 3014 53 87 290695 0 0 0
304 3208 77 47 198010 0 0 0
476 3447 63 86 330384 0 0 0
934 3498 93 78 240220 0 0 0
1416 3373 60 44 438524 0 0 0
1034 2911 61 62 745566 0 0 0
1418 2909 77 67 693152 0 0 0
1510 2572 65 85 979779 0 0 0
1410 2718 59 75 293986 0 0 0
1273 2383 86 73 670528 0 0 0
1271 2825 80 80 400860 0 0 0
1319 2446 79 56 710543 0 0 0
1768 2059 99 45 201738 0 0 0
2049 2505 98 67 872798 0 0 0
1555 2118 67 47 585772 0 0 0
2085 2393 88 87 815264 0 0 0
2178 1915 78 67 156463 0 0 0
2425 1900 74 85 713694 0 0 0
2562 1925 56 83 360541 0 0 0
2967 1651 65 83 842870 0 0 0
2561 1957 51 81 616705 0 0 0
2061 2291 57 68 823227 0 0 0
1778 1956 95 61 315798 0 0 0
1297 1890 73 59 573191 0 0 0
1354 1549 68 78 372186 0 0 0
1116 1219 93 72 134848 0 0 0
1491 1249 86 72 291745 0 0 0
1621 1591 73 54 389577 0 0 0
2129 1267 81 61 646575 0 0 0
2482 1264 77 57 534513 0 0 0
1985 1731 67 70 587339 0 0 0
1896 2088 62 47 774817 0 0 0
1483 2146 83 55 676942 0 0 0
1143 1675 53 54 206580 0 0 0
725 2084 64 56 178879 0 0 0
910 1561 94 83 612440 0 0 0
-85 -872 76 57 148391 0 0 0
-573 -1170 71 58 117038 0 0 0
-944 -792 66 89 853874 0 0 0
-490 -386 66 74 468962 0 0 0
-821 -803 84 48 160474 0 0 0
-748 -300 92 77 358774 0 0 0
-914 -300 95 77 896234 0 0 0
-1113 234 92 77 988175 0 0 0
-1587 -89 62 89 688066 0 0 0
-1642 -161 102 79 382461 0 0 0
-1491 -192 59 79 994638 0 0 0
-1629 -445 54 63 773375 0 0 0
-1931 -675 54 83 115249 0 0 0
-1806 -295 54 52 588777 0 0 0
-2282 55 51 59 391057 0 0 0
-2335 513 68 83 393659 0 0 0
-1839 856 55 67 337861 0 0 0
-1836 906 53 74 936773 0 0 0
-1613 630 83 72 594891 0 0 0
-1889 176 87 51 190303 0 0 0
-2206 -131 69 67 526858 0 0 0
-1809 -116 75 74 628758 0 0 0
-2059 38 53 88 511616 0 0 0
-2180 -334 98 46 743387 0 0 0
-1840 -677 51 67 214994 0 0 0
-1556 -896 53 58 671193 0 0 0
-1058 -1016 91 70 499392 0 0 0
-535 -891 85 47 649072 0 0 0
-700 -857 60 82 835442 0 0 0
-512 -1074 91 81 410136 0 0 0
-418 -1371 75 61 910275 0 0 0
-440 -1855 53 62 187635 0 0 0
100 -1432 58 51 468581 0 0 0
289 -1056 91 89 348499 0 0 0
527 -870 67 80 842021 0 0 0
227 -684 87 74 447545 0 0 0
-55 -716 89 59 570763 0 0 0
490 -389 73 51 529028 0 0 0
535 -315 99 65 846747 0 0 0
415 -470 63 83 599332 0 0 0
17 -666 70 46 597046 0 0 0
-201 -1018 79 70 863596 0 0 0
346 -1463 75 60 424913 0 0 0
64 -1013 77 72 144684 0 0 0
-41 -1258 76 86 289153 0 0 0
305 -1114 98 47 193677 0 0 0
511 -599 72 76 576174 0 0 0
98 -563 68 84 987570 0 0 0
578 -1041 67 69 189535 0 0 0
664 -1369 88 77 194422 0 0 0
191 -1769 92 82 783650 0 0 0
372 -1935 83 64 431189 0 0 0
252 -2413 70 70 160114 0 0 0
250 -2318 57 53 863519 0 0 0
47 -2179 90 45 635157 0 0 0
-324 -1673 52 70 217445 0 0 0
-172 -1556 59 67 488473 0 0 0
-241 -1812 78 58 815493 0 0 0
283 -2222 56 61 365725 0 0 0
821 -2214 56 48 524528 0 0 0
332 -2286 92 52 124057 0 0 0
277 -1970 87 81 198750 0 0 0
707 -1502 60 60 226232 0 0 0
825 -1069 59 69 485829 0 0 0
463 -693 98 60 703408 0 0 0
578 -537 97 65 799393 0 0 0
954 -509 83 80 446544 0 0 0
1451 -9 63 87 430764 0 0 0
1168 103 102 76 555380 0 0 0
1258 239 87 66 741728 0 0 0
1123 185 97 84 242201 0 0 0
899 475 81 83 130402 0 0 0
846 607 56 69 734041 0 0 0
1150 1008 77 68 306903 0 0 0
882 1028 78 77 895707 0 0 0
782 901 88 78 564829 0 0 0
975 1065 99 77 140024 0 0 0
1119 610 58 83 994022 0 0 0
1122 1111 89 47 395003 0 0 0
917 1442 84 53 698496 0 0 0
435 1565 71 45 275086 0 0 0
227 1195 98 54 753944 0 0 0
8 1558 68 88 289449 0 0 0
460 1570 92 79 406551 0 0 0
-16 1353 69 59 801875 0 0 0
-276 1715 88 55 912538 0 0 0
174 2084 87 85 755192 0 0 0
-228 2159 79 58 567707 0 0 0
-259 2564 60 86 959967 0 0 0
-491 2939 54 67 930990 0 0 0
-592 3050 62 61 606499 0 0 0
-106 3170 73 63 690364 0 0 0
195 2783 59 62 572429 0 0 0
251 3271 88 71 330700 0 0 0
291 2721 95 67 472342 0 0 0
273 2640 60 63 277964 0 0 0
638 3051 54 45 219156 0 0 0
1097 2550 100 56 439612 0 0 0
1622 3072 58 69 276519 0 0 0
1914 3445 97 61 856507 0 0 0
1861 3062 55 63 397470 0 0 0
1937 2980 70 83 743383 0 0 0
2420 3174 91 78 762400 0 0 0
2870 2799 53 62 168834 0 0 0
2663 3298 60 56 944507 0 0 0
2255 3621 94 64 398648 0 0 0
2069 3279 87 86 309331 0 0 0
1690 3413 86 66 179846 0 0 0
1715 3704 62 80 360872 0 0 0
2211 4013 76 76 590786 0 0 0
2186 4523 55 70 411046 0 0 0
1850 4306 101 57 806244 0 0 0
1425 3896 84 65 343221 0 0 0
1416 4318 51 57 115151 0 0 0
1600 3985 98 67 339501 0 0 0
1992 3863 81 57 527998 0 0 0
1921 3533 99 59 653230 0 0 0
1593 3388 66 54 406074 0 0 0
1764 3909 81 71 956845 0 0 0
1488 3391 55 89 261546 0 0 0
1974 3115 55 57 677963 0 0 0
1799 2604 93 65 230289 0 0 0
1593 2617 98 62 153346 0 0 0
1660 2613 61 59 471942 0 0 0
2150 2510 54 63 347641 0 0 0
1666 2086 64 60 938184 0 0 0
1403 2392 74 84 797003 0 0 0
1770 2413 102 61 902701 0 0 0
2297 1955 76 51 659012 0 0 0
2473 2364 76 85 236619 0 0 0
2997 1933 60 83 553385 0 0 0
3019 1673 62 72 517442 0 0 0
2526 1945 76 71 665261 0 0 0
2518 1722 74 57 177604 0 0 0
2788 1640 65 83 874862 0 0 0
2946 1564 78 48 658332 0 0 0
2726 1031 74 75 953760 0 0 0
2954 949 98 53 354513 0 0 0
2472 1338 60 86 441686 0 0 0
2166 1278 84 67 650421 0 0 0
1717 816 88 54 703409 0 0 0
1617 1018 79 51 824237 0 0 0
1870 1296 71 70 135282 0 0 0
2275 1003 99 75 927815 0 0 0
2389 871 96 61 477067 0 0 0
2638 1045 58 51 174217 0 0 0
2242 1291 88 59 309100 0 0 0
2702 1104 72 75 158639 0 0 0
2415 1500 77 71 365987 0 0 0
1871 1073 74 59 420244 0 0 0
1574 1462 91 56 102777 0 0 0
1473 1621 81 63 821511 0 0 0
935 1769 88 66 267013 0 0 0
1212 1546 74 84 489715 0 0 0
1018 2018 92 63 135424 0 0 0
-2179 1793 89 76 539922 0 0 0
-2604 2220 51 55 988299 0 0 0
-2807 2479 80 53 886540 0 0 0
-2627 2818 75 63 248169 0 0 0
-2971 3291 101 52 845361 0 0 0
-3086 3306 61 85 240896 0 0 0
-2856 3310 61 54 307732 0 0 0
-3052 3304 65 75 532664 0 0 0
-2984 2797 79 68 770994 0 0 0
-3477 2596 95 66 680382 0 0 0
-3579 2861 84 83 681995 0 0 0
-3343 2479 90 71 313326 0 0 0
-3108 2233 92 50 856651 0 0 0
-3601 2448 84 77 320062 0 0 0
-3402 2688 57 53 950789 0 0 0
-2950 2423 84 86 945258 0 0 0
-2890 2586 65 66 204293 0 0 0
-2877 3088 72 75 941944 0 0 0
-3037 2777 70 66 706007 0 0 0
-2857 2407 52 66 467034 0 0 0
-2577 2379 79 89 167944 0 0 0
-2445 2158 62 46 244321 0 0 0
-2243 2301 87 60 236522 0 0 0
-1942 2815 54 58 345907 0 0 0
-1788 2759 60 46 904979 0 0 0
-2080 2808 80 46 565005 0 0 0
-2041 3170 70 75 833315 0 0 0
-1898 2751 73 61 715122 0 0 0
-1937 -282 76 86 788103 0 0 0
-2357 157 70 52 987199 0 0 0
-2016 -283 68 53 463067 0 0 0
-2052 -815 81 79 741123 0 0 0
-1704 -444 101 64 466162 0 0 0
-2027 -884 93 45 134731 0 0 0
-2404 -943 70 87 496860 0 0 0
-2907 -830 86 44 654054 0 0 0
-3425 -683 55 82 668176 0 0 0
-3033 -1162 59 83 260615 0 0 0
-2859 -709 71 52 433708 0 0 0
-3010 -1009 66 63 328369 0 0 0
-3544 -1508 78 54 676797 0 0 0
-3430 -1444 84 79 443597 0 0 0
-3579 -1479 91 84 523626 0 0 0
-3763 -1378 72 56 624606 0 0 0
-3437 -1325 88 88 964045 0 0 0
-3260 -1774 89 84 903249 0 0 0
-3666 -1845 102 73 901571 0 0 0
-3346 -1496 92 60 706613 0 0 0
-3875 -1632 81 59 333516 0 0 0
-3865 -1610 88 61 179849 0 0 0
-3610 -1280 85 59 323407 0 0 0
-4141 -841 85 50 602919 0 0 0
-4660 -646 69 48 274422 0 0 0
-4848 -732 79 72 849664 0 0 0
-4951 -813 64 76 389433 0 0 0
-5085 -564 63 52 246321 0 0 0
-4657 -724 90 55 880883 0 0 0
-4372 -596 100 83 806837 0 0 0
-4646 -868 62 87 571158 0 0 0
-4743 -411 57 88 165534 0 0 0
-4254 -247 69 53 127847 0 0 0
-4777 229 94 47 246034 0 0 0
-4251 -187 66 72 259652 0 0 0
-3787 -106 79 65 662931 0 0 0
-3935 -214 52 72 861894 0 0 0
-3957 -33 68 55 355015 0 0 0
-3738 -353 94 57 645059 0 0 0
-4183 -546 73 62 682065 0 0 0
-4499 -843 92 88 211928 0 0 0
-4700 -1211 88 68 743214 0 0 0
-4258 -927 101 69 368462 0 0 0
-3867 -1399 62 45 688627 0 0 0
-4177 -899 55 75 699451 0 0 0
-4123 -1268 92 77 912662 0 0 0
-3935 -1206 67 53 280301 0 0 0
-4354 -1251 99 55 544331 0 0 0
-4068 -1155 92 64 839536 0 0 0
-3966 -1410 92 51 614930 0 0 0
-4439 -1801 88 78 757929 0 0 0
-4438 -2276 94 70 574517 0 0 0
1966 854 101 51 599649 0 0 0
2148 660 61 52 742389 0 0 0
2334 1045 94 54 202088 0 0 0
2391 1278 101 78 194699 0 0 0
2170 1486 90 86 175902 0 0 0
2427 1232 99 78 116011 0 0 0
2869 1004 55 47 784276 0 0 0
2659 1107 95 80 507933 0 0 0
2886 1512 60 47 351955 0 0 0
2528 1157 84 82 227447 0 0 0
2999 1595 91 75 761363 0 0 0
3192 1193 86 59 847820 0 0 0
3581 1260 54 89 644520 0 0 0
3068 1478 96 80 158264 0 0 0
3306 998 79 70 463571 0 0 0
3385 649 67 68 759669 0 0 0
3598 745 62 46 783502 0 0 0
3828 1190 70 50 231027 0 0 0
3552 1445 94 63 115164 0 0 0
3057 972 96 79 384678 0 0 0
2545 1136 59 87 409415 0 0 0
2003 1080 53 70 679219 0 0 0
2460 1291 95 61 666759 0 0 0
2382 1122 102 48 392707 0 0 0
1929 1609 90 87 913430 0 0 0
2242 2152 82 61 516810 0 0 0
2109 1838 65 77 969790 0 0 0
1933 1710 53 59 882861 0 0 0
1526 1713 64 51 553396 0 0 0
990 1267 96 67 309539 0 0 0
1190 1111 78 46 447264 0 0 0
1515 656 58 51 576490 0 0 0
1917 997 78 56 769115 0 0 0
2273 626 60 88 269823 0 0 0
2244 391 89 69 883688 0 0 0
1995 314 98 87 224564 0 0 0
2478 310 60 89 160097 0 0 0
2938 -126 83 75 832763 0 0 0
2824 195 80 63 963946 0 0 0
2933 629 61 89 794820 0 0 0
2959 260 90 46 319075 0 0 0
2785 274 89 82 626862 0 0 0
2536 163 99 81 221643 0 0 0
2507 680 82 89 154713 0 0 0
2019 165 77 63 931990 0 0 0
2102 136 71 75 681383 0 0 0
2227 -106 62 65 649453 0 0 0
2506 284 52 47 198009 0 0 0
2352 501 76 49 478051 0 0 0
2525 622 55 69 518045 0 0 0
2274 1171 80 88 266503 0 0 0
2581 1258 59 44 500188 0 0 0
2691 1383 91 65 579907 0 0 0
2724 1534 65 53 281431 0 0 0
2346 1762 59 47 113445 0 0 0
2003 1294 84 81 553607 0 0 0
2474 1367 90 83 914958 0 0 0
1935 902 73 72 594081 0 0 0
1488 1347 58 46 896631 0 0 0
1765 1018 86 46 376184 0 0 0
1545 699 96 70 848953 0 0 0
380 -2100 92 48 222324 0 0 0
275 -2420 82 61 441202 0 0 0
-9 -2827 53 85 826080 0 0 0
-446 -2956 83 76 469518 0 0 0
-124 -3506 65 77 119839 0 0 0
216 -3831 75 60 771272 0 0 0
-311 -4280 92 71 842816 0 0 0
-385 -4428 54 51 755292 0 0 0
-443 -4624 80 88 605527 0 0 0
-541 -4882 61 84 626225 0 0 0
-25 -5289 97 67 253637 0 0 0
379 -5182 101 70 100086 0 0 0
167 -5565 91 82 178707 0 0 0
621 -5752 82 81 353700 0 0 0
419 -5395 94 53 989549 0 0 0
314 -5304 76 76 145146 0 0 0
717 -5667 89 76 196665 0 0 0
683 -5401 97 66 890741 0 0 0
1067 -5881 53 60 739913 0 0 0
930 -5541 82 81 413845 0 0 0
689 -5215 51 58 266811 0 0 0
354 -4977 78 50 275772 0 0 0
-88 -5366 53 59 296222 0 0 0
-306 -4860 96 56 350404 0 0 0
-333 -4942 55 53 428280 0 0 0
-179 -4767 58 65 994407 0 0 0
70 -4370 75 70 165396 0 0 0
282 -4535 75 75 677712 0 0 0
793 -4406 75 73 553515 0 0 0
385 -4765 55 74 450725 0 0 0
609 -4540 100 85 825898 0 0 0
529 -4313 96 54 176026 0 0 0
826 -4203 71 86 865987 0 0 0
1258 -4513 97 60 454913 0 0 0
1209 -4053 75 72 220026 0 0 0
1144 -4134 82 52 385786 0 0 0
882 -4285 82 45 520054 0 0 0
781 -4248 55 85 234329 0 0 0
1040 -3839 78 59 556610 0 0 0
1354 1740 87 80 284764 0 0 0
872 1921 53 47 359037 0 0 0
1052 1787 93 57 207663 0 0 0
1028 2038 57 59 767253 0 0 0
717 1718 68 89 494354 0 0 0
794 1238 100 44 872718 0 0 0
875 1625 87 79 924338 0 0 0
536 1734 55 83 828663 0 0 0
290 1826 99 57 966190 0 0 0
-5 1330 55 89 452134 0 0 0
4 961 85 59 306568 0 0 0
131 1263 75 67 117274 0 0 0
413 1322 83 47 781811 0 0 0
375 1685 69 57 941466 0 0 0
-78 1505 73 81 444488 0 0 0
250 1185 74 53 353290 0 0 0
-262 843 60 56 921605 0 0 0
215 1145 89 60 611399 0 0 0
-222 1268 92 48 796330 0 0 0
-283 1111 85 62 917428 0 0 0
-584 993 53 65 583596 0 0 0
-1023 897 100 49 892731 0 0 0
-1446 714 54 47 782803 0 0 0
-1361 402 98 59 487337 0 0 0
-1220 874 66 45 397357 0 0 0
-1124 762 89 55 828895 0 0 0
-1519 1052 63 66 238811 0 0 0
-1159 750 61 55 439901 0 0 0
-1141 895 90 80 128174 0 0 0
-771 1098 93 68 457005 0 0 0
-1276 759 78 77 917392 0 0 0
-1811 216 75 74 370744 0 0 0
-2184 725 74 75 136206 0 0 0
-1784 1243 79 65 369808 0 0 0
-2189 1030 93 80 157549 0 0 0
-290 -967 95 75 433773 0 0 0
-639 -586 85 80 998200 0 0 0
-115 -709 56 45 240293 0 0 0
80 -611 93 54 481166 0 0 0
398 -429 53 64 667364 0 0 0
784 -379 79 51 490657 0 0 0
517 -884 89 81 462955 0 0 0
290 -1080 75 57 163085 0 0 0
-84 -1371 98 80 437682 0 0 0
-78 -877 71 57 122566 0 0 0
-110 -770 69 60 985138 0 0 0
117 -417 85 50 451142 0 0 0
202 -524 88 88 524499 0 0 0
-304 -729 63 56 382206 0 0 0
-614 -1089 54 86 709253 0 0 0
-538 -1138 68 45 667452 0 0 0
-153 -821 89 69 156284 0 0 0
-261 -396 53 87 492291 0 0 0
211 -834 74 86 473687 0 0 0
294 -1294 65 67 211035 0 0 0
323 -1513 52 75 916878 0 0 0
73 -1905 83 50 733939 0 0 0
285 -1450 70 64 700789 0 0 0
688 -1960 86 68 333306 0 0 0
551 -2412 70 50 849842 0 0 0
773 -1961 53 60 212437 0 0 0
1297 -1620 93 80 401129 0 0 0
922 -1177 101 71 325599 0 0 0
1253 -1295 51 52 249809 0 0 0
887 -1163 62 72 498813 0 0 0
1094 -1544 53 52 982544 0 0 0
1452 -1593 51 47 827762 0 0 0
1901 -1194 63 67 544237 0 0 0
2261 -1625 102 48 419426 0 0 0
2389 -1335 77 87 412112 0 0 0
2633 -833 54 67 156028 0 0 0
2422 -1381 56 68 940992 0 0 0
2076 -918 76 51 853152 0 0 0
2540 -1275 71 79 957204 0 0 0
2794 -1127 99 58 831205 0 0 0
2838 -621 101 78 496022 0 0 0
2823 -238 67 75 403854 0 0 0
2600 -170 74 49 261766 0 0 0
2789 -573 89 57 513039 0 0 0
2435 -601 79 45 745327 0 0 0
2267 -633 87 73 964059 0 0 0
2517 -928 88 45 795577 0 0 0
1991 -421 86 47 759420 0 0 0
1681 -47 52 82 105200 0 0 0
1244 136 55 49 422431 0 0 0
933 -296 52 46 734424 0 0 0
1383 -86 96 77 744576 0 0 0
1536 -622 59 83 473655 0 0 0
1162 -936 58 74 356908 0 0 0
1662 -1286 64 45 971150 0 0 0
1655 -1080 69 66 685308 0 0 0
2150 -1046 87 76 428324 0 0 0
1960 -800 76 53 748555 0 0 0
2254 -932 98 81 220689 0 0 0
2717 -1182 61 89 918898 0 0 0
2394 -1508 101 65 769034 0 0 0
2875 -1602 75 59 279570 0 0 0
3101 -1615 91 77 659018 0 0 0
2822 -1067 85 87 154441 0 0 0
2831 -756 56 63 354652 0 0 0
3148 -582 91 75 140932 0 0 0
3029 -767 100 57 527093 0 0 0
3294 -1263 68 49 542298 0 0 0
3141 -719 51 87 713160 0 0 0
3285 -905 93 47 760317 0 0 0
3834 -623 90 89 263530 0 0 0
4110 -1059 96 44 697863 0 0 0
4624 -1225 74 59 390518 0 0 0
4602 -730 100 84 891130 0 0 0
4144 -769 87 66 355263 0 0 0
4579 -600 86 78 289380 0 0 0
4847 -249 65 72 430853 0 0 0
4899 225 88 70 605765 0 0 0
4748 -74 54 60 720420 0 0 0
4383 -217 98 86 663355 0 0 0
4177 -566 92 67 842234 0 0 0
3703 -295 97 45 945478 0 0 0
3471 38 82 55 572967 0 0 0
3683 -137 88 77 674768 0 0 0
3973 210 51 79 639390 0 0 0
3729 244 84 80 715637 0 0 0
3206 632 81 86 238784 0 0 0
2835 949 55 71 461188 0 0 0
3269 407 71 51 381868 0 0 0
3051 168 51 60 472532 0 0 0
2777 388 55 82 308010 0 0 0
2505 626 68 59 790487 0 0 0
2369 847 82 86 703960 0 0 0
2333 1051 92 61 678862 0 0 0
2842 614 58 47 541706 0 0 0
-1507 -567 70 63 881509 0 0 0
-1653 -765 95 59 228544 0 0 0
-1646 -490 52 87 100726 0 0 0
-1870 -469 68 74 314469 0 0 0
-1525 -942 62 65 393742 0 0 0
-1773 -1018 70 67 295334 0 0 0
-1667 -1066 99 87 752674 0 0 0
-1803 -1596 95 46 698836 0 0 0
-1546 -1516 100 53 230382 0 0 0
-1698 -1120 56 71 851143 0 0 0
-1222 -1166 90 66 562522 0 0 0
-1350 -803 51 51 943306 0 0 0
-1882 -1130 95 67 239124 0 0 0
-2204 -1650 88 55 856876 0 0 0
-2231 -2179 84 67 505190 0 0 0
-2049 -1689 52 51 266480 0 0 0
-1780 -1515 96 76 847957 0 0 0
-1333 -2016 58 82 839168 0 0 0
-1385 -1702 86 58 987404 0 0 0
-847 -1450 69 85 476078 0 0 0
-568 -1592 84 64 997049 0 0 0
-84 -1923 102 58 515179 0 0 0
-88 -1542 85 72 647819 0 0 0
329 -1620 80 53 729732 0 0 0
300 -1489 62 68 878617 0 0 0
317 -1774 76 77 703828 0 0 0
768 -2065 51 67 342483 0 0 0
732 -1968 65 84 503005 0 0 0
1059 -2163 60 84 372827 0 0 0
616 -1753 70 56 743276 0 0 0
368 -2068 55 68 240163 0 0 0
155 -2521 52 80 691409 0 0 0
-359 -2541 61 49 769392 0 0 0
-137 -2441 57 82 608083 0 0 0
-598 -2076 59 70 107494 0 0 0
-974 -2197 87 61 903360 0 0 0
-1401 -1780 81 79 566909 0 0 0
-933 -1744 84 89 281050 0 0 0
-1325 -2224 94 62 481542 0 0 0
-1353 -2385 61 84 151083 0 0 0
-1382 -2137 65 73 826956 0 0 0
-1839 -2232 58 89 742291 0 0 0
-1426 -2731 83 64 369259 0 0 0
-1820 -3064 82 79 149241 0 0 0
-2331 -3314 88 56 469895 0 0 0
-2242 -3179 63 45 909872 0 0 0
-1973 -3415 81 87 584808 0 0 0
-2376 -2974 99 74 879742 0 0 0
-2546 -3269 97 82 839319 0 0 0
-2307 -3727 77 71 533006 0 0 0
-2510 -4125 102 87 850935 0 0 0
-2986 -4433 88 73 470906 0 0 0
-3409 -4736 92 61 715019 0 0 0
-3082 -4862 76 87 742359 0 0 0
-3134 -4366 64 44 970305 0 0 0
-3212 -4403 53 55 845485 0 0 0
-2713 -4832 82 86 673029 0 0 0
-2780 -5324 63 79 675720 0 0 0
-2917 -5622 99 59 401949 0 0 0
-1522 -2165 74 46 520146 0 0 0
-1518 -1928 87 75 507739 0 0 0
-1295 -1527 72 55 483287 0 0 0
-1468 -1372 79 62 916432 0 0 0
-1113 -1160 92 58 210021 0 0 0
-1426 -1376 71 72 270533 0 0 0
-1158 -1349 93 76 525832 0 0 0
-1002 -1147 99 57 335063 0 0 0
-1349 -639 79 54 928765 0 0 0
-1846 -491 86 77 656609 0 0 0
-1661 -148 84 56 971824 0 0 0
-2092 -21 101 62 750753 0 0 0
-2433 -41 75 85 424791 0 0 0
-1190 -855 65 70 897717 0 0 0
-937 -1066 57 70 176832 0 0 0
-1138 -1291 85 80 401565 0 0 0
-931 -849 75 44 897254 0 0 0
-559 -1166 87 55 795673 0 0 0
-405 -1080 100 53 468173 0 0 0
16 -657 88 69 898658 0 0 0
-462 -1108 88 59 198618 0 0 0
-166 -1290 62 87 448593 0 0 0
-21 -1213 85 45 469737 0 0 0
23 -1213 52 76 456246 0 0 0
100 -1525 92 52 920131 0 0 0
-319 -1467 51 87 487395 0 0 0
12 -1548 73 54 500355 0 0 0
188 -1030 85 75 636316 0 0 0
422 -1258 87 51 852303 0 0 0
897 -1453 77 54 304344 0 0 0
484 -958 68 60 566029 0 0 0
358 -1443 92 82 258147 0 0 0
735 -1969 53 69 801873 0 0 0
381 -1840 61 46 605852 0 0 0
369 -1651 75 86 685958 0 0 0
621 -1547 67 63 158324 0 0 0
714 -1930 74 72 925142 0 0 0
598 -1754 65 51 575233 0 0 0
665 -1213 83 78 597062 0 0 0
1000 -1616 58 75 457794 0 0 0
1187 -1238 85 69 492508 0 0 0
1539 -1700 100 44 478836 0 0 0
1459 -1637 102 52 272911 0 0 0
1849 -1103 59 67 658236 0 0 0
2152 -1254 57 60 396352 0 0 0
2163 -1103 68 52 580425 0 0 0
2497 -1179 78 88 802845 0 0 0
-1517 -1673 95 81 852867 0 0 0
-1345 -2199 88 61 193207 0 0 0
-1235 -2218 61 62 666842 0 0 0
-718 -2266 99 86 974072 0 0 0
-641 -2132 69 58 290699 0 0 0
-1091 -2179 76 58 208065 0 0 0
-601 -1744 85 69 532337 0 0 0
-925 -1504 101 60 976722 0 0 0
-1392 -1658 75 85 129588 0 0 0
-1776 -2111 87 46 223343 0 0 0
-1547 -2020 72 87 431977 0 0 0
-1603 -2330 79 61 914728 0 0 0
-1464 -2010 54 72 213020 0 0 0
-1203 -2403 71 53 341049 0 0 0
-1582 -2198 70 62 712993 0 0 0
-2014 -2030 53 86 344176 0 0 0
-1492 -1897 77 52 437297 0 0 0
-1313 -1633 87 63 306694 0 0 0
-892 -1898 62 79 909039 0 0 0
-551 -2338 97 53 852249 0 0 0
-1088 -2809 58 65 629003 0 0 0
-600 -2484 70 84 234766 0 0 0
-924 -2676 68 74 206532 0 0 0
-1034 -2441 90 75 512906 0 0 0
-901 -2702 101 62 941744 0 0 0
-1122 -2293 82 64 167149 0 0 0
-765 -2354 72 81 787981 0 0 0
-1113 -2316 70 84 545549 0 0 0
-1153 -2307 54 60 434703 0 0 0
-1494 -2630 89 68 769827 0 0 0
-1166 -3055 63 67 928392 0 0 0
-1213 -3583 80 70 614022 0 0 0
-1609 -3706 96 77 791691 0 0 0
-1543 -3596 62 48 994906 0 0 0
-1261 -3340 78 86 113768 0 0 0
-1034 -3324 91 77 646628 0 0 0
-975 -3836 64 71 808040 0 0 0
-871 -4262 51 83 163055 0 0 0
-680 -4261 91 70 863812 0 0 0
-1039 -4806 60 75 154821 0 0 0
-657 -4833 92 48 839513 0 0 0
-588 -4529 58 69 864470 0 0 0
-120 -4008 84 80 407041 0 0 0
-598 -4433 95 44 711403 0 0 0
-1144 -4308 59 85 765504 0 0 0
-1007 -4851 52 59 439422 0 0 0
-972 -4976 61 64 656189 0 0 0
-911 -5467 76 83 765904 0 0 0
-777 -5621 57 54 947658 0 0 0
-1173 -5250 89 72 996734 0 0 0
-1149 -5390 97 49 902271 0 0 0
-1610 -5247 53 54 644204 0 0 0
-1447 -5113 68 66 869484 0 0 0
-997 -4778 91 66 451236 0 0 0
-981 -4799 64 56 480200 0 0 0
-1149 -4956 91 68 539787 0 0 0
-913 -5286 77 57 406506 0 0 0
-598 -5342 60 46 444238 0 0 0
-610 -5787 94 60 857933 0 0 0
-477 -5510 96 62 863068 0 0 0
-113 339 97 71 965619 0 0 0
255 210 88 44 592161 0 0 0
602 -216 71 79 913355 0 0 0
696 -461 66 46 545174 0 0 0
240 -509 80 83 869206 0 0 0
-290 -31 99 82 767924 0 0 0
-492 154 70 47 433137 0 0 0
-430 241 97 87 218363 0 0 0
-391 715 56 60 847147 0 0 0
-850 1020 94 89 667333 0 0 0
-538 1379 62 74 615243 0 0 0
1497 -1644 69 82 414121 0 0 0
1014 -2077 77 70 843389 0 0 0
595 -1636 73 70 905684 0 0 0
375 -1420 71 70 236849 0 0 0
-144 -1809 54 54 801181 0 0 0
95 -2225 75 71 242185 0 0 0
233 -1741 99 85 655647 0 0 0
309 -2089 95 88 596918 0 0 0
574 -1731 86 87 968974 0 0 0
141 -2141 61 45 834636 0 0 0
-331 -2418 71 48 309114 0 0 0
-242 -2191 71 63 122222 0 0 0
239 -1875 68 59 536333 0 0 0
718 -2376 87 81 744071 0 0 0
785 -2419 93 84 982170 0 0 0
953 -2202 68 47 498381 0 0 0
504 -2139 98 76 291788 0 0 0
555 -1654 58 49 165141 0 0 0
1004 -1206 71 72 346102 0 0 0
474 -864 78 47 199375 0 0 0
591 -686 95 59 106065 0 0 0
1001 -1047 99 68 993244 0 0 0
1006 -1139 72 47 651614 0 0 0
1238 -1505 79 58 452373 0 0 0
1021 -1541 54 71 466061 0 0 0
779 -1909 84 64 869282 0 0 0
1201 -1789 90 53 285849 0 0 0
1340 -2236 80 80 389073 0 0 0
1861 -2136 54 82 714509 0 0 0
2116 -1797 98 53 899597 0 0 0
2437 -1663 60 76 956530 0 0 0
2412 -1751 98 71 659659 0 0 0
2386 -1522 65 85 991629 0 0 0
2890 -1851 66 86 822909 0 0 0
2899 -1407 84 74 320995 0 0 0
2839 -1114 96 57 839913 0 0 0
863 31 91 44 967150 0 0 0
1119 -147 98 48 229851 0 0 0
689 -211 55 56 795421 0 0 0
457 -275 77 48 492629 0 0 0
-31 15 91 82 563853 0 0 0
-371 -171 81 82 839497 0 0 0
56 -617 64 48 241542 0 0 0
-193 -506 64 70 484146 0 0 0
-136 -966 101 51 361434 0 0 0
-410 -661 65 72 957490 0 0 0
-660 -556 73 54 759988 0 0 0
-444 -1071 65 63 398476 0 0 0
-618 -745 59 56 901833 0 0 0
-334 -513 83 49 829193 0 0 0
-639 -876 87 62 134554 0 0 0
-585 -1006 71 53 127041 0 0 0
-503 -1304 71 44 913047 0 0 0
-167 -1068 65 72 684659 0 0 0
131 -1508 69 87 435877 0 0 0
341 -2055 56 83 520455 0 0 0
780 -2367 55 47 394243 0 0 0
431 -2433 83 56 602607 0 0 0
771 -2299 65 63 325667 0 0 0
805 -2045 75 62 891858 0 0 0
778 -2166 75 49 450848 0 0 0
1403 -1418 67 47 714274 0 0 0
1767 -1139 77 76 638026 0 0 0
1769 -722 74 77 336791 0 0 0
1506 -1054 80 82 118639 0 0 0
1248 -1135 95 51 341317 0 0 0
1006 -1072 57 89 395340 0 0 0
1170 -1320 59 65 558655 0 0 0
668 -1284 86 74 948674 0 0 0
794 -1603 58 44 774123 0 0 0
1158 -2056 85 84 368828 0 0 0
1610 -2454 85 84 710969 0 0 0
1510 -2527 93 56 133036 0 0 0
1204 -2044 93 89 762059 0 0 0
1727 -1574 96 45 930235 0 0 0
1932 -1703 102 72 354391 0 0 0
2328 -1463 64 68 549416 0 0 0
1967 -1883 75 53 675813 0 0 0
1636 -1827 85 86 868174 0 0 0
1368 -1730 94 65 274035 0 0 0
1425 -1608 101 59 238354 0 0 0
1572 -1580 77 68 630563 0 0 0
1549 -1077 81 88 655023 0 0 0
1566 -1451 58 46 971114 0 0 0
1171 -1077 82 89 956815 0 0 0
1227 -1570 97 85 874722 0 0 0
1573 -1588 58 59 308286 0 0 0
1143 -1842 79 62 655504 0 0 0
1265 -2315 96 81 482394 0 0 0
1427 -2308 69 63 917368 0 0 0
1934 -2238 83 63 219730 0 0 0
1973 -2508 101 50 537304 0 0 0
1790 -2255 56 65 456562 0 0 0
1615 -2218 88 79 644802 0 0 0
1828 -2034 80 57 739054 0 0 0
1369 -2274 97 66 228688 0 0 0
1241 -2081 85 51 495992 0 0 0
843 -2344 74 55 277755 0 0 0
1126 -2183 83 76 122634 0 0 0
1158 -2299 89 67 649347 0 0 0
1060 -2157 65 60 332242 0 0 0
1523 1214 93 67 413843 0 0 0
1447 1077 84 75 769897 0 0 0
1359 1376 79 51 333914 0 0 0
1624 1875 71 61 857930 0 0 0
1968 1590 51 66 928456 0 0 0
1520 2107 82 86 539449 0 0 0
1674 2124 89 70 955609 0 0 0
1446 2621 87 52 473651 0 0 0
1427 2496 51 71 383106 0 0 0
1535 2080 95 82 459179 0 0 0
1198 2406 80 75 680744 0 0 0
1510 2564 66 82 862790 0 0 0
1824 2912 68 66 477182 0 0 0
1517 2569 85 53 365142 0 0 0
1550 2037 69 66 139187 0 0 0
1815 2360 92 47 103074 0 0 0
1433 2681 75 81 171729 0 0 0
1114 2541 90 68 331415 0 0 0
855 2378 58 67 210357 0 0 0
1217 2154 100 69 851511 0 0 0
1495 2508 97 44 620805 0 0 0
2035 2253 74 44 632573 0 0 0
2398 2337 97 57 846532 0 0 0
2870 2358 78 84 521222 0 0 0
2447 1908 62 66 573763 0 0 0
2086 2440 61 56 323398 0 0 0
1620 2199 52 86 708909 0 0 0
1118 2250 85 67 483102 0 0 0
1181 2009 72 65 142804 0 0 0
983 2425 82 64 741653 0 0 0
1384 2117 68 56 169917 0 0 0
1665 1838 66 81 676510 0 0 0
1289 1924 78 59 942316 0 0 0
1056 1932 68 76 994436 0 0 0
982 2433 72 45 409516 0 0 0
1060 2126 51 76 263160 0 0 0
691 2612 102 59 589638 0 0 0
217 2815 66 61 836668 0 0 0
696 2733 56 89 889305 0 0 0
544 3165 92 54 258132 0 0 0
1030 1522 66 87 941313 0 0 0
1541 1106 75 59 228772 0 0 0
1322 1083 55 72 641692 0 0 0
1111 671 51 51 710477 0 0 0
933 866 78 45 898024 0 0 0
383 367 73 79 934618 0 0 0
208 341 76 85 979703 0 0 0
247 56 58 56 641596 0 0 0
758 -139 77 58 507757 0 0 0
293 -243 54 62 831545 0 0 0
444 290 68 50 216322 0 0 0
576 -253 64 51 640579 0 0 0
829 -569 82 79 975004 0 0 0
392 -228 102 87 692484 0 0 0
-80 1 84 80 153021 0 0 0
-69 233 101 51 311668 0 0 0
98 56 61 79 896112 0 0 0
-346 287 59 60 524459 0 0 0
-688 418 91 69 420503 0 0 0
-846 794 72 75 801532 0 0 0
-359 355 74 83 492448 0 0 0
-451 -92 75 57 257425 0 0 0
-815 -187 54 60 188594 0 0 0
-904 -37 84 57 271812 0 0 0
-924 75 67 75 929074 0 0 0
-832 -194 94 72 900007 0 0 0
-1376 9 75 48 792301 0 0 0
-1839 86 55 78 447370 0 0 0
-1515 266 98 88 460331 0 0 0
-992 -156 59 52 712889 0 0 0
-1431 -516 79 85 669224 0 0 0
-1587 -7 59 66 365748 0 0 0
-2041 -251 90 67 566102 0 0 0
-2054 -95 85 45 210339 0 0 0
-1948 235 81 67 844146 0 0 0
-1441 -276 73 74 646817 0 0 0
-1080 194 58 86 390926 0 0 0
