2400
-472 -1850 95 65 572643 0 0 0
-621 -1742 108 87 158284 0 0 0
-896 -2153 90 70 363240 0 0 0
-627 -2262 99 60 803794 0 0 0
-31 -2161 77 92 967399 0 0 0
154 -2487 64 60 292539 0 0 0
-190 -2327 96 49 339606 0 0 0
-760 -2747 81 60 544173 0 0 0
-347 -3043 80 93 113463 0 0 0
-343 -2743 70 57 738069 0 0 0
189 -3122 85 84 243179 0 0 0
-318 -3614 68 79 355365 0 0 0
-555 -3628 92 79 808472 0 0 0
20 -3946 70 68 400226 0 0 0
454 -4004 58 88 772692 0 0 0
361 -3903 96 56 917602 0 0 0
561 -3583 107 77 366925 0 0 0
231 -4062 83 70 444322 0 0 0
169 -4158 105 90 771346 0 0 0
-23 -4586 89 96 701940 0 0 0
-402 -4560 96 74 445989 0 0 0
-164 -4377 97 74 266438 0 0 0
197 -4151 96 53 772488 0 0 0
292 -4174 83 87 731346 0 0 0
661 -4763 94 61 133728 0 0 0
782 -5143 90 53 129501 0 0 0
669 -4660 84 77 465041 0 0 0
801 -4978 84 54 512791 0 0 0
1214 -4479 63 70 167937 0 0 0
-1849 -718 56 58 808207 0 0 0
-1869 -751 83 95 867330 0 0 0
-1416 -1325 104 61 238828 0 0 0
-1459 -1726 54 85 245808 0 0 0
-1798 -1874 101 66 966195 0 0 0
-1602 -1480 59 66 902797 0 0 0
-1271 -1452 97 78 824406 0 0 0
-1404 -1751 82 77 702921 0 0 0
-873 -1752 101 56 759950 0 0 0
-671 -1666 90 86 926792 0 0 0
-1092 -1534 76 89 403297 0 0 0
-694 -1919 73 49 676856 0 0 0
-1139 -1900 93 59 372812 0 0 0
-586 -1305 68 57 287017 0 0 0
-1079 -1183 80 69 550936 0 0 0
-626 -1132 91 72 248815 0 0 0
-922 -1108 69 90 574654 0 0 0
-845 -764 86 85 572048 0 0 0
-703 -1006 91 55 601687 0 0 0
-1043 -1396 95 59 790841 0 0 0
-1642 -1432 60 59 686543 0 0 0
-1846 -2003 92 64 873029 0 0 0
-1597 -2239 88 81 467587 0 0 0
-1618 -2701 100 88 624115 0 0 0
-2149 -2741 61 61 310572 0 0 0
-2622 -2293 108 60 705230 0 0 0
-3067 -2010 78 95 192453 0 0 0
-3474 -2020 101 95 297504 0 0 0
-3486 -2474 71 63 895222 0 0 0
-3979 -2062 79 48 628591 0 0 0
-4101 -2560 62 52 601291 0 0 0
-3935 -2356 69 84 465651 0 0 0
-3821 -2822 70 49 338672 0 0 0
-4197 -2415 90 73 937067 0 0 0
-3702 -2169 65 69 981291 0 0 0
-3431 -2166 71 53 963604 0 0 0
-3707 -2431 61 72 106190 0 0 0
-4219 -2353 81 49 626049 0 0 0
-4260 -2038 63 71 903928 0 0 0
-4159 -2523 88 61 248994 0 0 0
-4296 -2508 54 79 920285 0 0 0
-4782 -2447 100 60 632414 0 0 0
-4588 -2219 89 94 442010 0 0 0
-4802 -2167 74 56 246960 0 0 0
-5142 -1756 71 95 847058 0 0 0
-5156 -2099 65 85 424149 0 0 0
-5081 -2459 67 67 648546 0 0 0
-4499 -1871 65 78 586263 0 0 0
-4782 -1317 56 95 274862 0 0 0
-4794 -1222 93 91 861209 0 0 0
-4943 -987 61 87 299054 0 0 0
-4715 -693 69 84 461619 0 0 0
-4590 -809 102 76 339425 0 0 0
-5031 -1311 62 60 336656 0 0 0
-4648 -1223 67 81 633354 0 0 0
-4351 -1107 64 58 300547 0 0 0
-4006 -1018 80 72 739578 0 0 0
-3630 -1100 54 57 374004 0 0 0
-4026 -998 66 53 441274 0 0 0
-3953 -1237 75 77 554106 0 0 0
-4181 -955 66 79 982405 0 0 0
-3860 -1425 88 86 149352 0 0 0
-4132 -1763 96 48 123615 0 0 0
-3685 -1511 80 79 650245 0 0 0
-4016 -1487 73 92 101263 0 0 0
-3865 -1846 90 54 681120 0 0 0
-3675 -2152 54 96 840191 0 0 0
-3329 -2726 61 79 372978 0 0 0
-3290 -2730 72 96 142378 0 0 0
-3252 -3228 84 93 995685 0 0 0
-3703 -3018 61 91 850961 0 0 0
-3532 -2938 79 61 139406 0 0 0
-3790 -3282 60 77 278007 0 0 0
-3257 -3353 60 88 192692 0 0 0
-3353 -2894 103 66 672958 0 0 0
-2945 -3415 73 84 715151 0 0 0
-2498 -2840 99 49 299659 0 0 0
-3013 -2908 82 62 177276 0 0 0
-2620 -2621 89 74 849585 0 0 0
-2703 -2523 98 57 588121 0 0 0
-2546 -2086 54 64 259786 0 0 0
-2312 -1540 68 96 683596 0 0 0
-2326 -1373 84 57 286868 0 0 0
-2696 -1314 97 70 281253 0 0 0
-3292 -1904 103 86 829583 0 0 0
-3007 -2128 64 49 726135 0 0 0
-3566 -2060 80 52 146149 0 0 0
-2975 -2422 67 83 999744 0 0 0
1101 2191 71 58 171819 0 0 0
648 2722 77 62 105772 0 0 0
706 2696 66 66 626338 0 0 0
1101 3129 102 78 911788 0 0 0
801 3177 55 80 603438 0 0 0
1188 2689 79 75 672939 0 0 0
845 2737 64 66 101153 0 0 0
283 2569 101 78 884488 0 0 0
802 1991 99 70 271195 0 0 0
603 1480 70 59 454873 0 0 0
120 1173 109 67 396538 0 0 0
-396 1742 107 81 141124 0 0 0
-953 2261 58 85 696235 0 0 0
-920 1835 106 64 987973 0 0 0
-1234 1706 59 48 330159 0 0 0
-1757 1871 78 62 393178 0 0 0
-1345 1798 79 76 535271 0 0 0
-1711 1965 82 92 904141 0 0 0
-1924 1977 59 75 529077 0 0 0
-1970 2300 75 51 858137 0 0 0
-2308 1766 64 72 593998 0 0 0
-2610 2340 98 49 503304 0 0 0
-2481 2381 105 79 891930 0 0 0
-2766 1990 104 67 292060 0 0 0
-2429 1813 106 96 274627 0 0 0
-2155 1559 93 74 360004 0 0 0
-1994 1625 66 62 381146 0 0 0
-1772 1060 104 58 842773 0 0 0
-2207 974 105 67 905599 0 0 0
-2533 1448 106 67 139684 0 0 0
-2387 1421 93 66 347813 0 0 0
-2722 1309 59 70 188683 0 0 0
-2151 930 61 48 922756 0 0 0
-2216 491 69 92 981142 0 0 0
-1738 738 82 69 660550 0 0 0
-1614 343 91 73 407281 0 0 0
-1932 -90 64 71 520741 0 0 0
-1341 314 64 74 335184 0 0 0
-1769 912 97 91 205614 0 0 0
-2092 589 58 58 336071 0 0 0
-2075 835 104 58 251888 0 0 0
-2138 493 90 63 580343 0 0 0
-2669 704 72 49 706404 0 0 0
-3167 1174 71 64 533130 0 0 0
-3347 1475 90 88 542085 0 0 0
-3615 1854 87 75 638191 0 0 0
-3882 1872 108 79 245700 0 0 0
-4447 1599 105 91 199132 0 0 0
907 524 55 64 850354 0 0 0
521 549 104 86 850528 0 0 0
205 809 109 74 914527 0 0 0
724 745 96 58 972300 0 0 0
403 573 77 68 928909 0 0 0
41 941 56 69 200197 0 0 0
-229 1042 81 95 102444 0 0 0
-736 909 73 77 731623 0 0 0
-1110 1276 104 80 418125 0 0 0
-810 1773 109 88 658206 0 0 0
-1388 1293 101 84 849580 0 0 0
-910 955 80 80 246821 0 0 0
-594 961 91 94 759058 0 0 0
-578 1514 60 61 576249 0 0 0
-801 1330 66 94 845228 0 0 0
-1174 1129 55 56 934834 0 0 0
-1309 1716 75 84 319583 0 0 0
-1565 1728 97 54 496206 0 0 0
-1245 1539 108 92 492348 0 0 0
-1562 1910 86 60 422953 0 0 0
-2001 2346 72 64 720293 0 0 0
-1944 2575 87 71 508661 0 0 0
-1421 2748 65 82 428647 0 0 0
-968 2671 54 84 703452 0 0 0
-443 2957 106 51 579823 0 0 0
-342 3401 66 63 309502 0 0 0
-802 3237 88 74 527478 0 0 0
-555 3681 75 84 998465 0 0 0
-681 3973 66 95 876767 0 0 0
-840 3408 57 78 562600 0 0 0
-535 3237 66 74 439126 0 0 0
-899 3821 55 50 667021 0 0 0
-957 3391 109 87 987077 0 0 0
-444 3621 85 86 150225 0 0 0
-593 4151 91 59 449715 0 0 0
-584 4001 104 74 598952 0 0 0
-100 4073 63 58 712351 0 0 0
-604 3867 107 72 381206 0 0 0
-551 3299 95 53 584391 0 0 0
-100 3275 56 55 547978 0 0 0
-2219 -1196 102 52 561793 0 0 0
-2256 -1373 91 60 439289 0 0 0
-2584 -1889 92 71 375546 0 0 0
-3011 -1570 90 89 333991 0 0 0
-2991 -975 84 91 293067 0 0 0
-3446 -1116 80 65 111868 0 0 0
-3578 -685 85 68 421850 0 0 0
-4146 -533 72 73 367967 0 0 0
-4272 -1061 103 73 972284 0 0 0
-4096 -1254 89 73 643254 0 0 0
-3914 -1485 87 84 430834 0 0 0
-4402 -1283 103 54 165966 0 0 0
-4644 -916 84 78 449182 0 0 0
-4733 -1486 91 48 415440 0 0 0
-4174 -1699 67 57 241353 0 0 0
-4318 -1513 86 68 426764 0 0 0
-4296 -1669 92 82 131722 0 0 0
-3982 -1254 90 57 317302 0 0 0
-4376 -848 102 88 698328 0 0 0
-4636 -517 59 51 368916 0 0 0
-4988 59 99 55 553903 0 0 0
-4587 -475 93 84 520342 0 0 0
-4555 -338 72 55 463961 0 0 0
-4240 -236 66 69 306079 0 0 0
-4690 -577 67 86 153044 0 0 0
-4829 -767 81 89 399931 0 0 0
-4932 -709 70 78 972326 0 0 0
-5493 -1259 92 48 514305 0 0 0
-5069 -1271 67 95 255838 0 0 0
-5327 -1125 100 61 972820 0 0 0
-4772 -620 79 62 159662 0 0 0
-4989 -750 72 77 575479 0 0 0
-5537 -417 93 92 743415 0 0 0
-5946 -648 84 54 112461 0 0 0
-5698 -734 106 64 233156 0 0 0
-5748 -933 62 95 365594 0 0 0
-5383 -748 54 54 506788 0 0 0
-4976 -1197 104 88 708969 0 0 0
-5502 -1416 85 70 143605 0 0 0
-5150 -1778 91 95 707254 0 0 0
-4859 -2017 92 65 360365 0 0 0
-4292 -2295 108 80 924049 0 0 0
-4262 -2478 107 91 389111 0 0 0
-4333 -2241 58 53 623424 0 0 0
-4395 -1867 82 76 323889 0 0 0
-3979 -2160 90 68 440282 0 0 0
-3917 -2745 78 79 453665 0 0 0
-3859 -3136 105 67 410287 0 0 0
-4443 -3474 77 85 315887 0 0 0
-5014 -3618 97 59 413211 0 0 0
-5066 -3934 57 82 310792 0 0 0
-4544 -3942 100 63 319405 0 0 0
-4539 -3846 101 94 871180 0 0 0
-4237 -3472 97 71 454524 0 0 0
-3894 -3731 64 83 800540 0 0 0
-4041 -4325 80 54 545706 0 0 0
-47 476 70 77 240037 0 0 0
169 773 58 72 922450 0 0 0
-343 917 109 54 360924 0 0 0
-594 755 68 91 612211 0 0 0
-136 803 58 78 355048 0 0 0
-649 496 94 52 112965 0 0 0
-589 290 62 57 357739 0 0 0
-4 118 107 75 658811 0 0 0
-568 -376 108 61 557839 0 0 0
11 -702 96 86 941122 0 0 0
304 -1046 92 91 718478 0 0 0
377 -704 96 54 303529 0 0 0
-42 -1150 85 63 954427 0 0 0
281 -1527 100 73 239388 0 0 0
663 -1668 94 90 534154 0 0 0
333 -1121 76 58 182656 0 0 0
-150 -951 93 69 400411 0 0 0
-648 -1137 69 49 877833 0 0 0
-1098 -734 59 69 206084 0 0 0
-1637 -861 91 96 515061 0 0 0
-1343 -756 102 59 958769 0 0 0
-1422 -1055 86 73 581064 0 0 0
-1747 -1021 63 88 293249 0 0 0
-1295 -1505 62 75 439906 0 0 0
-1053 -1104 71 58 759573 0 0 0
-1285 -612 68 95 390507 0 0 0
-874 -1094 93 69 150305 0 0 0
-1426 -596 60 94 570983 0 0 0
-1750 -656 63 87 590292 0 0 0
-1435 -745 98 71 295537 0 0 0
-929 -253 59 55 130426 0 0 0
-937 -383 89 48 939606 0 0 0
-625 -103 54 58 964077 0 0 0
-296 407 97 89 677914 0 0 0
10 361 81 63 313603 0 0 0
162 -104 93 80 821192 0 0 0
461 46 72 69 594200 0 0 0
1013 97 104 69 907344 0 0 0
1222 474 60 85 847340 0 0 0
1783 831 72 49 155958 0 0 0
1763 1241 58 80 343000 0 0 0
2095 800 59 77 569895 0 0 0
1866 764 106 67 872431 0 0 0
1950 860 56 82 646785 0 0 0
1438 1325 63 70 484884 0 0 0
1791 1010 70 51 595525 0 0 0
2280 1472 77 92 477600 0 0 0
2190 1611 105 65 864948 0 0 0
2685 1435 67 72 370206 0 0 0
3045 1641 55 82 924930 0 0 0
3306 1394 102 88 111763 0 0 0
2961 1093 108 74 270103 0 0 0
2403 858 77 88 310473 0 0 0
2717 705 84 88 735774 0 0 0
2236 144 97 68 475230 0 0 0
2591 626 69 50 522609 0 0 0
2536 908 59 57 179738 0 0 0
3037 726 71 68 492422 0 0 0
3194 721 108 54 423875 0 0 0
2867 665 66 60 697206 0 0 0
3030 1086 99 84 968600 0 0 0
2451 1217 107 93 208130 0 0 0
1953 1210 97 74 253317 0 0 0
2247 626 69 68 906819 0 0 0
2367 128 82 92 769446 0 0 0
1867 689 73 77 474271 0 0 0
1683 175 63 89 320591 0 0 0
1601 648 79 93 412487 0 0 0
2046 151 65 83 805417 0 0 0
2305 331 67 85 352526 0 0 0
-1408 1368 65 50 799965 0 0 0
-844 1541 99 92 449835 0 0 0
-1350 2065 59 49 902184 0 0 0
-897 2103 75 66 792731 0 0 0
-1316 1783 67 68 551390 0 0 0
-890 1476 102 49 207077 0 0 0
-462 1423 101 49 735839 0 0 0
-595 1922 88 80 145150 0 0 0
-374 2126 65 87 812055 0 0 0
-630 1683 103 62 376232 0 0 0
-430 1774 56 71 300856 0 0 0
-997 2233 89 84 689833 0 0 0
-924 2675 100 74 968422 0 0 0
-896 3176 108 65 811546 0 0 0
-723 2924 86 91 561748 0 0 0
-860 2838 95 54 689090 0 0 0
-948 2557 66 58 398298 0 0 0
-1017 2115 62 56 129098 0 0 0
-1428 2639 63 58 932679 0 0 0
-1987 3186 103 78 944333 0 0 0
-1532 2827 104 80 152191 0 0 0
-1232 2551 66 96 330112 0 0 0
-896 2213 70 55 451064 0 0 0
-659 2707 59 72 819505 0 0 0
-418 2542 73 72 477620 0 0 0
-978 2305 91 49 314024 0 0 0
-428 2063 82 73 121750 0 0 0
165 2453 86 78 486015 0 0 0
-66 2545 71 92 798108 0 0 0
142 2256 107 62 556515 0 0 0
308 1714 61 86 951109 0 0 0
643 1647 102 96 158916 0 0 0
1118 1701 100 78 970567 0 0 0
1663 2010 68 73 758331 0 0 0
1908 1962 57 88 313668 0 0 0
1707 2252 60 49 667697 0 0 0
1639 2570 59 57 693487 0 0 0
1347 3092 77 91 418267 0 0 0
1192 3003 64 81 593324 0 0 0
1525 3535 96 80 358063 0 0 0
1437 3777 87 77 843999 0 0 0
1020 3631 86 53 187560 0 0 0
647 1142 79 95 804698 0 0 0
520 1013 82 49 470264 0 0 0
1052 1002 97 56 772326 0 0 0
495 1411 79 70 467028 0 0 0
908 814 54 64 121196 0 0 0
1417 862 104 80 320782 0 0 0
1335 676 105 85 435345 0 0 0
1924 737 61 78 755813 0 0 0
2320 414 59 68 607313 0 0 0
1818 633 94 53 342383 0 0 0
2293 202 55 63 531698 0 0 0
2093 419 64 59 525508 0 0 0
2310 265 72 95 377904 0 0 0
1849 665 54 53 634655 0 0 0
2347 327 54 78 393766 0 0 0
2857 82 107 73 376850 0 0 0
3198 107 103 62 126853 0 0 0
3763 237 106 76 879045 0 0 0
3316 -263 77 54 705999 0 0 0
2987 -174 87 55 783033 0 0 0
3239 242 89 70 659118 0 0 0
3402 -65 67 66 801857 0 0 0
3443 492 62 85 987751 0 0 0
3447 250 81 77 569909 0 0 0
3446 -166 90 92 505558 0 0 0
2974 -625 69 81 839485 0 0 0
2379 -47 55 52 394958 0 0 0
2722 -496 96 48 575370 0 0 0
2610 -161 102 95 720824 0 0 0
3167 -208 108 61 749265 0 0 0
3166 299 58 88 265840 0 0 0
2879 111 57 56 828724 0 0 0
2597 489 85 49 724439 0 0 0
2222 934 62 95 723237 0 0 0
2740 653 84 48 566846 0 0 0
2795 938 88 48 930438 0 0 0
2792 558 58 73 411271 0 0 0
2858 834 100 65 702076 0 0 0
2753 1091 72 72 746234 0 0 0
3313 1289 94 67 595340 0 0 0
3391 1375 88 54 836574 0 0 0
3347 1062 107 71 732346 0 0 0
2793 536 95 87 138986 0 0 0
3004 17 59 54 549910 0 0 0
3502 567 63 56 634445 0 0 0
2995 113 88 61 260447 0 0 0
3293 119 60 86 204067 0 0 0
2951 -172 90 83 677964 0 0 0
2827 -104 92 78 789120 0 0 0
2619 -271 74 57 155861 0 0 0
2506 199 61 63 199000 0 0 0
2310 436 78 91 936094 0 0 0
2086 919 91 79 200659 0 0 0
2094 499 85 72 512232 0 0 0
2611 865 70 90 343243 0 0 0
2667 288 69 91 573598 0 0 0
3165 583 99 69 398376 0 0 0
2672 955 99 53 865460 0 0 0
2235 1029 55 59 921395 0 0 0
2131 474 79 64 847377 0 0 0
1818 160 56 73 860855 0 0 0
1626 -143 75 78 344448 0 0 0
1779 -164 104 68 943366 0 0 0
1733 -529 84 76 922001 0 0 0
1509 -218 73 89 417404 0 0 0
1123 -622 106 95 388356 0 0 0
1259 -1200 72 93 952997 0 0 0
1275 -909 55 70 325005 0 0 0
1033 -444 98 76 429474 0 0 0
512 -709 78 67 107560 0 0 0
1105 -1081 60 69 380684 0 0 0
1067 -546 60 73 323426 0 0 0
1138 -417 88 81 627670 0 0 0
1619 -455 85 62 873474 0 0 0
1779 -892 59 90 434837 0 0 0
2263 -673 101 82 235916 0 0 0
2065 -593 90 79 225353 0 0 0
1470 -732 63 83 120529 0 0 0
1627 -163 61 64 292007 0 0 0
1552 -711 67 67 970229 0 0 0
979 -1193 85 84 602388 0 0 0
1469 -839 54 75 309286 0 0 0
1128 -1134 72 86 948734 0 0 0
1725 -933 96 76 386943 0 0 0
1773 -498 94 85 887009 0 0 0
1303 -239 66 62 754200 0 0 0
1192 -649 87 64 971841 0 0 0
1538 -1038 80 67 245950 0 0 0
1055 -1377 106 80 812906 0 0 0
1083 -1135 60 59 531884 0 0 0
709 -800 81 71 529898 0 0 0
414 -950 101 72 717896 0 0 0
789 -1119 108 53 172867 0 0 0
1070 -1183 100 71 329823 0 0 0
1562 -1230 70 51 501070 0 0 0
1702 -1658 95 89 668654 0 0 0
-454 -1476 104 81 973794 0 0 0
-598 -1108 62 81 733859 0 0 0
-380 -634 64 85 243933 0 0 0
47 -289 109 68 138678 0 0 0
556 -49 65 87 890259 0 0 0
191 -355 66 70 315869 0 0 0
-399 -265 70 92 967496 0 0 0
-244 -387 92 60 906568 0 0 0
158 -298 104 48 257062 0 0 0
-66 -563 63 96 597482 0 0 0
-613 -341 90 60 975064 0 0 0
-771 -541 67 66 668969 0 0 0
-238 -347 92 84 638249 0 0 0
-615 -756 63 58 149375 0 0 0
-141 -560 76 65 186545 0 0 0
-614 -1021 66 85 231315 0 0 0
-642 -739 101 59 980673 0 0 0
-151 -661 108 60 426253 0 0 0
153 -495 64 49 646750 0 0 0
-236 18 94 60 776372 0 0 0
-242 42 102 92 794737 0 0 0
-438 467 54 77 169429 0 0 0
-608 650 57 61 230683 0 0 0
-665 1062 99 90 693746 0 0 0
-1064 1142 58 72 947132 0 0 0
-740 902 105 82 312474 0 0 0
-1173 796 80 89 169901 0 0 0
-1680 1266 56 60 494937 0 0 0
-1828 735 75 63 618305 0 0 0
-1480 1173 90 68 638809 0 0 0
-1386 1616 79 79 466351 0 0 0
-1335 1108 96 57 356058 0 0 0
-963 1154 97 93 812552 0 0 0
-925 620 69 63 382417 0 0 0
-1435 1099 86 62 902260 0 0 0
-1565 638 88 88 749102 0 0 0
-1668 537 102 48 448214 0 0 0
-1162 890 84 54 582072 0 0 0
-919 1233 55 71 198974 0 0 0
-422 1492 103 87 616989 0 0 0
-405 1685 68 48 842209 0 0 0
82 1107 76 92 781355 0 0 0
454 704 102 78 289091 0 0 0
-61 882 64 81 576847 0 0 0
-302 582 91 56 667591 0 0 0
-211 215 82 81 849670 0 0 0
-253 300 65 67 322992 0 0 0
261 671 87 63 915442 0 0 0
816 1186 103 68 987493 0 0 0
786 1150 81 49 796096 0 0 0
1060 1323 85 84 831017 0 0 0
730 1633 69 92 541905 0 0 0
832 1758 86 59 192180 0 0 0
1268 1539 60 67 156585 0 0 0
1388 1925 98 63 320767 0 0 0
1929 1496 95 71 146330 0 0 0
2250 1235 72 64 607088 0 0 0
1747 1047 87 89 996668 0 0 0
1263 515 59 89 197506 0 0 0
-554 -321 94 66 405771 0 0 0
-855 -536 57 51 416366 0 0 0
-356 -1056 66 93 922556 0 0 0
-391 -1374 100 81 130965 0 0 0
58 -1425 82 74 167266 0 0 0
613 -1524 109 78 652851 0 0 0
1199 -2033 75 57 545583 0 0 0
658 -1985 90 68 353368 0 0 0
77 -2264 79 56 345924 0 0 0
-102 -2293 77 59 666476 0 0 0
119 -1779 54 65 198353 0 0 0
-316 -1660 54 51 302812 0 0 0
-424 -1238 86 58 132538 0 0 0
-515 -1316 107 67 551606 0 0 0
-644 -961 79 73 713938 0 0 0
-752 -511 80 78 890917 0 0 0
-1043 -496 56 83 994427 0 0 0
-1440 -180 98 71 797449 0 0 0
-1192 -108 104 54 440491 0 0 0
-1305 244 105 48 569760 0 0 0
-1869 669 80 88 716950 0 0 0
-1682 319 85 90 140922 0 0 0
-1529 543 80 54 478698 0 0 0
-1110 249 107 52 527228 0 0 0
-1588 -245 87 52 942805 0 0 0
-1809 277 78 63 382930 0 0 0
-2169 332 78 58 649665 0 0 0
-1836 155 56 52 249346 0 0 0
-1322 365 107 74 573266 0 0 0
-1529 -24 67 72 885758 0 0 0
2087 -234 104 87 231627 0 0 0
1984 41 104 62 213974 0 0 0
2526 572 68 94 371361 0 0 0
2115 1128 77 74 741706 0 0 0
2277 1418 57 76 603721 0 0 0
2598 1125 74 60 891307 0 0 0
2615 852 109 50 552482 0 0 0
-1984 -1037 78 95 504536 0 0 0
-2292 -1545 88 87 631578 0 0 0
-1996 -1478 100 90 707857 0 0 0
-1635 -1717 79 55 978459 0 0 0
-1251 -1659 101 76 554512 0 0 0
-662 -1549 67 79 333006 0 0 0
-436 -1151 66 90 576266 0 0 0
46 -1519 94 56 674103 0 0 0
-205 -1887 69 75 826021 0 0 0
-274 -1943 99 54 591950 0 0 0
-309 -1709 106 49 429101 0 0 0
-138 -1451 59 87 878462 0 0 0
-345 -1979 78 50 439305 0 0 0
-532 -1606 107 74 335816 0 0 0
905 2167 94 48 486348 0 0 0
1364 2310 71 60 416937 0 0 0
974 2749 86 51 679502 0 0 0
1514 2274 93 85 531726 0 0 0
1029 2514 74 93 841570 0 0 0
1313 2188 80 70 258148 0 0 0
1216 2197 62 53 246469 0 0 0
1758 2038 56 96 155521 0 0 0
2254 2195 99 96 265053 0 0 0
2378 2411 96 58 274258 0 0 0
2397 2031 101 82 892839 0 0 0
2565 2262 95 94 141948 0 0 0
2202 2331 80 60 214014 0 0 0
2429 1876 94 54 636268 0 0 0
2279 1948 104 88 163453 0 0 0
2194 2106 60 88 876059 0 0 0
2582 1856 94 73 200601 0 0 0
2468 2391 97 64 130080 0 0 0
2592 2154 94 66 170929 0 0 0
2728 1780 103 87 572976 0 0 0
3215 1459 56 66 759465 0 0 0
3337 1863 55 55 772766 0 0 0
3351 2021 86 78 634310 0 0 0
-344 185 54 60 873891 0 0 0
-473 213 99 78 747738 0 0 0
-666 635 54 91 802807 0 0 0
-289 311 70 73 957652 0 0 0
-613 580 78 61 716389 0 0 0
-1201 762 106 49 591117 0 0 0
-1757 711 109 71 308417 0 0 0
-2063 193 98 79 933351 0 0 0
-2215 493 86 91 722032 0 0 0
-2008 412 61 52 482406 0 0 0
-2091 161 82 52 196505 0 0 0
-2030 -179 71 55 495331 0 0 0
-2421 -257 103 71 587589 0 0 0
-2895 338 57 81 488383 0 0 0
-2805 365 83 68 583989 0 0 0
-2893 369 66 96 589290 0 0 0
-3156 673 82 66 204497 0 0 0
-3136 542 56 90 922276 0 0 0
-3619 -27 83 66 435014 0 0 0
-3865 -440 109 58 312448 0 0 0
-3330 -501 68 93 653959 0 0 0
-3303 -242 63 62 295921 0 0 0
-3481 -435 74 82 131264 0 0 0
-3473 -718 83 82 517347 0 0 0
-3420 -370 70 48 601681 0 0 0
-3540 -94 91 58 586977 0 0 0
-3769 -31 106 61 695667 0 0 0
-3681 -216 89 78 683068 0 0 0
-3129 -760 76 76 848551 0 0 0
-3061 -283 98 85 723559 0 0 0
-3330 -468 77 79 458379 0 0 0
-2925 -126 64 58 238134 0 0 0
-2959 328 64 57 376449 0 0 0
-3337 561 80 84 307565 0 0 0
-3838 591 106 86 605409 0 0 0
-3936 337 104 89 809083 0 0 0
-3968 422 62 56 434163 0 0 0
-4369 951 62 70 398636 0 0 0
-4919 896 90 83 567631 0 0 0
-4580 614 107 92 908076 0 0 0
-4538 473 94 90 699457 0 0 0
1997 -882 93 91 494880 0 0 0
2343 -1326 63 82 201730 0 0 0
1751 -1029 61 77 631817 0 0 0
2181 -1531 57 51 724494 0 0 0
1923 -1572 100 55 762008 0 0 0
1869 -1511 65 58 797374 0 0 0
1957 -1404 75 78 917100 0 0 0
2527 -1298 75 72 171023 0 0 0
2750 -1063 96 76 969200 0 0 0
2302 -1431 92 79 732887 0 0 0
2130 -1993 105 73 359432 0 0 0
2470 -2106 109 79 461912 0 0 0
2278 -2434 103 74 132769 0 0 0
1738 -2666 102 49 954504 0 0 0
1163 -3243 68 54 150182 0 0 0
1235 -818 86 50 502214 0 0 0
689 -658 81 64 486846 0 0 0
672 -330 89 83 605937 0 0 0
737 227 95 71 957472 0 0 0
1286 64 65 72 640618 0 0 0
1164 331 64 94 584863 0 0 0
733 574 91 59 238407 0 0 0
988 740 105 60 435929 0 0 0
1478 696 57 53 878034 0 0 0
1253 679 70 67 258319 0 0 0
1407 450 105 59 402626 0 0 0
1949 71 57 59 687947 0 0 0
2313 643 56 66 148054 0 0 0
2857 396 82 76 550571 0 0 0
2781 249 59 68 891274 0 0 0
3270 841 91 89 253666 0 0 0
3298 320 64 92 734810 0 0 0
3413 -63 98 69 101856 0 0 0
2922 -108 80 59 336494 0 0 0
2635 440 77 51 170036 0 0 0
2898 882 108 94 505556 0 0 0
2723 1438 107 79 988961 0 0 0
3132 1830 94 53 203776 0 0 0
3217 2225 104 75 523392 0 0 0
3493 2490 98 76 129190 0 0 0
3841 2043 103 70 914710 0 0 0
3426 1510 64 56 892131 0 0 0
3522 2067 65 49 250693 0 0 0
2922 1628 87 57 286423 0 0 0
2803 1314 58 95 461010 0 0 0
2865 1636 95 96 430321 0 0 0
3220 1868 108 87 729628 0 0 0
3050 1675 106 50 941650 0 0 0
3494 1862 107 64 191685 0 0 0
3509 2448 98 64 916698 0 0 0
3894 3048 81 69 366533 0 0 0
4220 3353 61 69 188248 0 0 0
4364 2925 86 91 649480 0 0 0
4192 3105 104 85 400976 0 0 0
4124 3432 78 70 974824 0 0 0
4703 2856 109 66 480927 0 0 0
4166 2348 88 94 194557 0 0 0
4561 2565 75 57 182679 0 0 0
4128 3132 85 78 963030 0 0 0
3875 3103 63 72 734876 0 0 0
-344 -2256 64 62 680055 0 0 0
-712 -1806 88 54 850821 0 0 0
-724 -2324 75 65 668871 0 0 0
-374 -2137 84 57 858875 0 0 0
-357 -2222 61 79 670976 0 0 0
-243 -2384 84 57 827984 0 0 0
-289 -2188 79 70 828909 0 0 0
-257 -1598 102 79 984183 0 0 0
-268 -1128 60 63 184501 0 0 0
-51 -1620 109 54 305816 0 0 0
-590 -1311 90 92 482104 0 0 0
-514 -911 61 79 308218 0 0 0
-188 -540 108 95 299449 0 0 0
55 -582 67 81 127301 0 0 0
310 -232 71 82 735544 0 0 0
186 18 56 94 885497 0 0 0
251 553 60 56 431390 0 0 0
110 202 78 71 915932 0 0 0
75 -24 87 63 207818 0 0 0
463 6 78 70 303084 0 0 0
-43 -296 83 58 732069 0 0 0
-475 -176 102 60 765388 0 0 0
118 231 64 64 142385 0 0 0
293 432 88 61 557044 0 0 0
72 50 103 53 655069 0 0 0
546 367 58 73 142167 0 0 0
338 384 54 88 825480 0 0 0
867 736 59 67 225947 0 0 0
373 720 103 52 126325 0 0 0
581 820 60 61 359366 0 0 0
561 475 79 59 210055 0 0 0
1137 106 84 63 682550 0 0 0
1403 146 89 74 938179 0 0 0
1658 -426 73 89 240170 0 0 0
1858 -522 107 76 119357 0 0 0
1800 -819 83 83 309211 0 0 0
2390 -1295 102 88 149575 0 0 0
2177 -1325 90 55 328883 0 0 0
2604 -969 85 69 842247 0 0 0
2317 -994 104 67 741968 0 0 0
2150 -1230 102 77 126944 0 0 0
-2351 -1404 64 56 786173 0 0 0
-1828 -1535 89 87 833290 0 0 0
-1275 -1954 109 50 195501 0 0 0
-722 -2085 79 88 806710 0 0 0
-987 -2527 56 79 456188 0 0 0
-1540 -3066 98 57 637169 0 0 0
-1915 -3196 106 95 518921 0 0 0
-1903 -3325 102 78 111148 0 0 0
-1869 -3750 92 77 623677 0 0 0
-1436 -3664 82 70 184636 0 0 0
-1116 -3799 105 63 538663 0 0 0
-1506 -3377 100 69 717448 0 0 0
-1814 -2971 54 48 732901 0 0 0
-2289 -2442 105 67 431624 0 0 0
-2236 -2063 65 76 503773 0 0 0
862 2168 75 64 508780 0 0 0
1213 2692 65 70 804936 0 0 0
1267 2538 70 51 206671 0 0 0
1394 2918 108 64 887264 0 0 0
1478 2613 90 70 628746 0 0 0
1391 2657 58 50 564031 0 0 0
791 2758 89 81 692813 0 0 0
362 2795 96 59 881280 0 0 0
-221 3005 97 57 762056 0 0 0
354 3100 58 48 418747 0 0 0
730 2623 59 63 826194 0 0 0
657 3018 63 69 861894 0 0 0
1113 3382 77 69 529468 0 0 0
1292 3543 56 78 311587 0 0 0
1808 3528 106 76 104239 0 0 0
2101 3274 78 74 439557 0 0 0
2466 2696 67 55 278389 0 0 0
1946 2622 98 60 422639 0 0 0
1732 2744 63 61 932935 0 0 0
2284 3007 86 73 619635 0 0 0
2348 2734 65 94 373991 0 0 0
2913 3042 94 75 725798 0 0 0
2509 2656 80 92 562461 0 0 0
2431 3087 60 80 803303 0 0 0
2128 2524 56 82 794968 0 0 0
2387 3004 79 62 681100 0 0 0
1833 3297 68 69 224259 0 0 0
1459 2856 98 91 557498 0 0 0
1543 2859 75 69 618833 0 0 0
1469 2290 80 82 519284 0 0 0
1992 2725 109 53 554272 0 0 0
-755 -683 61 80 891517 0 0 0
-1341 -345 70 93 311871 0 0 0
-1214 -342 108 75 377427 0 0 0
-1096 -620 60 76 224226 0 0 0
-598 -217 95 72 282519 0 0 0
-1064 -350 68 51 563459 0 0 0
-502 104 75 54 807067 0 0 0
48 257 94 78 575363 0 0 0
128 -190 77 54 683013 0 0 0
327 81 72 62 171401 0 0 0
425 264 104 48 841862 0 0 0
607 421 86 83 668409 0 0 0
751 354 109 65 178213 0 0 0
877 617 58 48 185465 0 0 0
1288 844 72 62 386751 0 0 0
1685 1175 71 60 145908 0 0 0
1240 1356 69 88 203425 0 0 0
1728 1081 81 50 672194 0 0 0
2030 1385 81 84 314788 0 0 0
1884 1034 92 69 810545 0 0 0
2133 1487 93 75 161908 0 0 0
-929 -419 59 54 327652 0 0 0
-1203 -148 100 59 394808 0 0 0
-1115 167 76 56 529265 0 0 0
-1461 -347 98 58 318870 0 0 0
-1078 -594 54 72 108777 0 0 0
-592 -425 68 52 132967 0 0 0
-698 -34 79 86 950963 0 0 0
-1026 -130 95 95 471302 0 0 0
-908 -27 97 93 498963 0 0 0
-354 60 73 89 809709 0 0 0
-316 -28 67 57 637427 0 0 0
-659 417 91 60 903043 0 0 0
-631 -86 101 89 871036 0 0 0
-840 -47 73 66 934295 0 0 0
-589 92 79 63 779121 0 0 0
-1100 -490 67 77 470590 0 0 0
-769 -1054 98 76 131859 0 0 0
-210 -1317 79 59 793628 0 0 0
388 -1701 64 73 591849 0 0 0
787 -1955 69 94 533429 0 0 0
394 -2406 74 54 467948 0 0 0
293 -2994 97 94 131647 0 0 0
-304 -2555 100 81 757982 0 0 0
-145 -3143 92 52 419878 0 0 0
427 -3164 84 70 667863 0 0 0
213 -3035 79 79 507333 0 0 0
-165 -3236 83 57 950102 0 0 0
-725 -3812 85 91 325910 0 0 0
-1227 -3684 81 74 215857 0 0 0
-782 -3835 83 57 831617 0 0 0
-898 -3912 77 81 710679 0 0 0
-789 -4347 76 58 427614 0 0 0
-879 -4831 82 95 761182 0 0 0
-784 -4949 101 72 926483 0 0 0
-470 -5369 85 79 637897 0 0 0
-518 -5791 72 63 745230 0 0 0
-452 -5481 107 83 188456 0 0 0
127 -5329 80 52 913834 0 0 0
126 -5275 82 50 413999 0 0 0
-417 -5594 90 61 299901 0 0 0
-265 -5695 61 63 819330 0 0 0
-626 -5625 57 58 281930 0 0 0
-1087 -5995 71 53 279740 0 0 0
-931 -5405 96 81 908764 0 0 0
-1908 1872 54 73 702017 0 0 0
-1483 2344 75 65 693085 0 0 0
-995 2806 88 89 874696 0 0 0
-591 2300 103 51 293657 0 0 0
-745 1875 73 84 687917 0 0 0
-476 1344 91 89 143314 0 0 0
12 1168 76 72 117927 0 0 0
-66 1394 97 57 928779 0 0 0
37 1451 102 83 674328 0 0 0
120 1603 108 48 923245 0 0 0
96 2008 87 75 699569 0 0 0
614 2160 73 86 483908 0 0 0
201 1567 61 68 197989 0 0 0
39 1974 89 54 441901 0 0 0
-157 1872 106 58 833861 0 0 0
348 1817 93 65 679138 0 0 0
277 1307 62 81 648995 0 0 0
368 743 79 60 494729 0 0 0
-21 425 88 76 231717 0 0 0
-455 496 75 53 439816 0 0 0
81 1053 82 50 540298 0 0 0
623 936 54 74 819060 0 0 0
606 667 66 69 971998 0 0 0
121 886 109 96 970597 0 0 0
-67 384 65 61 299805 0 0 0
55 -61 97 91 967936 0 0 0
585 536 79 83 947436 0 0 0
712 43 99 66 666911 0 0 0
805 447 97 52 908344 0 0 0
377 355 68 85 147702 0 0 0
525 287 81 55 944695 0 0 0
-5 778 104 50 170989 0 0 0
-70 1179 107 87 511524 0 0 0
-351 1169 105 65 754123 0 0 0
232 1749 92 84 899184 0 0 0
750 1688 109 70 309220 0 0 0
918 2238 68 90 162297 0 0 0
686 2508 89 73 391374 0 0 0
861 2427 70 96 186718 0 0 0
402 2860 66 67 995091 0 0 0
263 2284 81 69 547309 0 0 0
654 2056 58 71 667059 0 0 0
555 2075 68 54 291532 0 0 0
1125 2401 73 56 555269 0 0 0
2175 771 55 93 639371 0 0 0
1800 1171 55 72 803175 0 0 0
2293 1042 57 79 315635 0 0 0
2624 1373 75 87 299929 0 0 0
2083 1623 56 90 936909 0 0 0
2177 1720 80 63 815334 0 0 0
2188 1612 101 64 102269 0 0 0
1964 1918 95 78 663766 0 0 0
2123 1531 77 50 122006 0 0 0
1732 1694 99 76 257344 0 0 0
2142 1856 64 55 299460 0 0 0
1848 1837 60 84 989414 0 0 0
2210 1512 85 72 419214 0 0 0
2301 944 78 57 987016 0 0 0
2086 379 85 62 666604 0 0 0
1763 -37 77 58 632030 0 0 0
1250 118 95 84 828254 0 0 0
1788 -113 56 48 270126 0 0 0
2155 189 60 81 269336 0 0 0
2633 722 88 74 792462 0 0 0
2274 255 86 56 763050 0 0 0
2756 -122 79 96 810934 0 0 0
2185 476 86 50 142447 0 0 0
2490 172 90 80 780971 0 0 0
2724 187 69 51 902889 0 0 0
2565 -30 55 50 282895 0 0 0
2258 75 103 92 159318 0 0 0
2707 -231 102 52 991812 0 0 0
2180 132 98 76 408905 0 0 0
1725 163 55 73 619908 0 0 0
-1546 -2284 98 58 206078 0 0 0
-1396 -2477 101 51 383653 0 0 0
-1326 -2932 78 89 151203 0 0 0
-1163 -2418 72 71 535241 0 0 0
-1419 -2493 90 64 861549 0 0 0
-981 -2070 79 59 866598 0 0 0
-1476 -2451 84 68 149508 0 0 0
-1373 -2790 108 48 671228 0 0 0
-1878 -2565 104 91 682123 0 0 0
-1648 -2162 107 54 900885 0 0 0
-1813 -1701 88 90 478920 0 0 0
-2402 -2149 55 48 320958 0 0 0
-2689 -2012 62 86 626641 0 0 0
-3181 -2332 88 51 260626 0 0 0
-3735 -1750 85 85 596541 0 0 0
-4051 -2010 104 79 872646 0 0 0
-4302 -1535 85 48 233292 0 0 0
-3812 -1244 98 56 572907 0 0 0
-3873 -1254 93 53 756874 0 0 0
596 1023 109 61 331975 0 0 0
804 1471 73 89 664050 0 0 0
1313 1632 85 58 356039 0 0 0
903 1130 76 78 953371 0 0 0
1401 604 60 50 218664 0 0 0
1370 626 58 78 863848 0 0 0
1032 267 58 84 583455 0 0 0
1531 -95 83 51 740057 0 0 0
1488 -317 65 73 863178 0 0 0
976 127 98 75 754852 0 0 0
1392 72 103 67 329312 0 0 0
817 665 81 83 543676 0 0 0
1148 867 84 63 962455 0 0 0
980 304 83 48 142125 0 0 0
673 221 65 90 529004 0 0 0
289 -36 104 56 847810 0 0 0
309 -292 108 63 217342 0 0 0
493 -873 99 58 562550 0 0 0
91 -1444 92 57 216389 0 0 0
418 -1784 61 62 359110 0 0 0
304 -1333 83 91 173439 0 0 0
618 -1314 94 70 273051 0 0 0
45 -1847 94 59 850774 0 0 0
504 -2350 87 83 527736 0 0 0
590 -2748 90 96 146832 0 0 0
288 -2467 57 73 655956 0 0 0
436 -2085 77 88 132705 0 0 0
44 -1623 76 55 130591 0 0 0
-497 -1381 70 72 381623 0 0 0
-88 -1366 69 71 796977 0 0 0
-268 -1017 97 59 296937 0 0 0
-449 -570 61 85 954201 0 0 0
-585 -83 64 84 101255 0 0 0
-100 -664 76 96 508005 0 0 0
-132 -190 95 60 115855 0 0 0
245 -402 103 52 180494 0 0 0
-172 -553 61 71 889550 0 0 0
-504 1987 78 88 793790 0 0 0
-212 1845 90 55 766326 0 0 0
186 1347 63 51 950712 0 0 0
667 1868 91 77 949662 0 0 0
75 1595 100 75 912729 0 0 0
359 1753 105 70 116660 0 0 0
-103 1327 78 49 178226 0 0 0
-132 1784 74 89 511675 0 0 0
313 2279 70 92 190988 0 0 0
847 2821 99 65 722077 0 0 0
867 2938 64 86 169623 0 0 0
802 2427 107 50 484768 0 0 0
508 2383 102 82 184259 0 0 0
654 1802 97 85 103105 0 0 0
706 1605 107 52 246874 0 0 0
961 1688 72 95 770839 0 0 0
620 2061 89 64 630291 0 0 0
1208 1998 88 56 378959 0 0 0
1787 1971 103 72 593067 0 0 0
1590 1881 65 82 908829 0 0 0
2001 1708 79 52 382172 0 0 0
1496 1215 75 79 953253 0 0 0
950 1794 101 61 231132 0 0 0
1292 2254 60 54 639690 0 0 0
1385 2321 89 65 162691 0 0 0
1541 2104 81 82 994623 0 0 0
1258 2501 91 56 100358 0 0 0
1013 2497 84 50 760864 0 0 0
732 1938 70 86 869865 0 0 0
962 1592 58 96 709504 0 0 0
1168 1978 80 73 516779 0 0 0
607 1395 66 90 341052 0 0 0
417 1432 59 53 629162 0 0 0
165 1489 88 65 607247 0 0 0
-110 1193 87 64 161386 0 0 0
-594 1591 69 60 962141 0 0 0
-879 1131 86 63 522670 0 0 0
-487 765 107 88 235578 0 0 0
-715 1131 75 89 652005 0 0 0
702 -1487 67 61 202439 0 0 0
186 -1345 106 94 743672 0 0 0
190 -1283 77 84 911526 0 0 0
316 -1080 61 88 588971 0 0 0
760 -1288 61 73 418034 0 0 0
752 -1415 54 92 823044 0 0 0
872 -944 85 66 221989 0 0 0
527 -1306 63 94 190437 0 0 0
1097 -1616 69 84 636756 0 0 0
1315 -1850 104 80 726312 0 0 0
1750 -1976 97 90 137219 0 0 0
1272 -2477 65 74 274189 0 0 0
1314 -2789 61 66 948207 0 0 0
1573 -3255 65 80 420800 0 0 0
1045 -3032 82 67 298999 0 0 0
1513 -2738 99 48 727054 0 0 0
1873 -2321 94 60 909726 0 0 0
2364 -2202 87 79 223944 0 0 0
1818 -2568 62 66 118867 0 0 0
2228 -2609 60 86 919409 0 0 0
2711 -2434 70 73 522915 0 0 0
2221 -2333 96 71 919931 0 0 0
2238 -1927 101 76 224481 0 0 0
1774 -2250 61 80 484894 0 0 0
1935 -2255 85 60 275454 0 0 0
2207 -1810 86 80 922763 0 0 0
2252 -1684 87 62 941513 0 0 0
2753 -1146 67 73 233971 0 0 0
2405 -1254 74 77 490441 0 0 0
2130 -765 91 72 968038 0 0 0
2558 -1207 59 60 918025 0 0 0
2985 -833 61 55 643834 0 0 0
3192 -1394 54 90 811681 0 0 0
3068 -1247 85 94 119069 0 0 0
3259 -1172 77 82 694172 0 0 0
3622 -1348 109 77 566356 0 0 0
3901 -1921 107 85 740557 0 0 0
3505 -1491 103 57 138033 0 0 0
3837 -1622 83 80 974334 0 0 0
3532 -1212 97 61 317714 0 0 0
3566 -1477 86 50 573060 0 0 0
2995 -1762 76 85 750059 0 0 0
2613 -1390 79 78 897457 0 0 0
2702 -1718 95 62 286596 0 0 0
2749 -1759 81 75 177800 0 0 0
2566 -1350 59 58 978870 0 0 0
3065 -1726 106 82 430150 0 0 0
2881 -2310 106 49 911440 0 0 0
2728 -1805 93 81 508269 0 0 0
2300 -1533 90 83 731121 0 0 0
2619 -1578 101 79 291374 0 0 0
2351 -1438 57 57 592908 0 0 0
2846 -1509 95 79 847837 0 0 0
2470 -1207 55 67 945332 0 0 0
2839 -799 109 67 109506 0 0 0
2362 -1319 70 86 191793 0 0 0
2470 -875 58 49 837173 0 0 0
2888 -1226 77 50 368088 0 0 0
2415 -959 76 61 730095 0 0 0
2612 -952 90 51 705273 0 0 0
2482 -643 81 72 874979 0 0 0
2247 -260 91 50 857141 0 0 0
2829 -88 54 96 728195 0 0 0
2274 -144 98 70 334235 0 0 0
1782 -718 98 64 484348 0 0 0
1202 -864 108 63 869826 0 0 0
896 -1336 61 58 111296 0 0 0
1081 -1285 103 50 634902 0 0 0
1081 -1183 108 79 118761 0 0 0
1056 -1394 79 51 517376 0 0 0
1278 -1655 66 72 759370 0 0 0
789 -1903 86 51 377046 0 0 0
193 -1326 63 75 748409 0 0 0
-376 -1560 54 48 495555 0 0 0
-37 -1134 104 63 918276 0 0 0
85 -577 88 92 512803 0 0 0
-432 -120 59 95 653830 0 0 0
-540 -257 63 64 790317 0 0 0
-813 -476 92 58 205093 0 0 0
-383 -568 98 76 184880 0 0 0
-857 -125 91 93 682414 0 0 0
-1208 -721 73 66 812021 0 0 0
-689 -733 69 75 285767 0 0 0
1594 -2098 73 87 878950 0 0 0
1726 -2598 85 77 358067 0 0 0
2085 -1999 80 60 136396 0 0 0
2309 -1998 62 58 504907 0 0 0
2084 -1599 81 58 941683 0 0 0
2080 -1842 103 51 621075 0 0 0
1624 -1460 56 85 920955 0 0 0
1637 -1735 76 94 875537 0 0 0
1361 -1428 106 50 569943 0 0 0
1770 -968 108 96 795368 0 0 0
1865 -1376 93 87 665261 0 0 0
2365 -1475 106 49 833521 0 0 0
2088 -917 69 73 925732 0 0 0
1785 -1269 87 83 461225 0 0 0
1953 -1739 75 50 386510 0 0 0
2529 -2069 57 80 490586 0 0 0
1942 -2323 62 76 903650 0 0 0
1363 -1998 104 92 866636 0 0 0
1600 -1851 83 80 194560 0 0 0
1815 -2385 60 94 857406 0 0 0
1980 -2191 68 67 381236 0 0 0
2032 -2157 89 68 906217 0 0 0
1967 -2650 68 85 941774 0 0 0
1577 -2687 109 66 328990 0 0 0
1922 -2159 78 77 825984 0 0 0
1603 -1664 70 61 188097 0 0 0
1537 -1519 81 64 409484 0 0 0
1963 -1887 61 73 874039 0 0 0
1507 -1456 77 52 216579 0 0 0
1176 -896 98 57 864289 0 0 0
1395 -1476 93 69 425791 0 0 0
1317 -1038 95 92 698831 0 0 0
1538 -779 105 76 503244 0 0 0
1503 -249 54 88 716677 0 0 0
940 346 71 84 781074 0 0 0
820 537 86 87 209507 0 0 0
798 282 80 86 748863 0 0 0
244 -186 65 86 379907 0 0 0
577 -347 86 56 163003 0 0 0
663 -666 63 69 325084 0 0 0
1214 -330 80 66 794651 0 0 0
789 -362 55 59 869994 0 0 0
337 -378 73 52 957459 0 0 0
71 -895 66 65 500933 0 0 0
113 -645 88 75 165506 0 0 0
-12 -1191 66 88 166585 0 0 0
283 -1516 89 81 966123 0 0 0
814 -1293 56 71 601496 0 0 0
1399 -1812 57 67 826511 0 0 0
1168 -1265 106 88 503302 0 0 0
755 -1339 96 94 433098 0 0 0
1237 -835 78 65 640917 0 0 0
697 -1095 71 56 377592 0 0 0
959 -1254 84 68 913667 0 0 0
1488 -1557 79 60 628583 0 0 0
1942 -1485 85 75 320158 0 0 0
2463 -1461 102 53 752336 0 0 0
2048 -875 68 71 287770 0 0 0
2162 -1171 92 71 311856 0 0 0
1885 -942 103 64 369787 0 0 0
1721 -1350 97 72 122205 0 0 0
1406 -1591 67 61 548089 0 0 0
1755 -1589 69 91 745836 0 0 0
1956 -1767 100 57 441793 0 0 0
2268 -1428 78 94 190924 0 0 0
1674 -1627 107 49 533658 0 0 0
2014 -1733 72 80 182714 0 0 0
2089 -1377 97 62 352126 0 0 0
1509 -1460 92 96 964062 0 0 0
1351 -1619 102 64 885838 0 0 0
1312 -1922 77 62 195348 0 0 0
1016 -2177 59 50 220149 0 0 0
843 -2323 83 64 694653 0 0 0
1412 -2841 77 59 350550 0 0 0
1990 -2394 95 88 484346 0 0 0
2167 -2660 81 75 366179 0 0 0
1981 -2933 59 53 351607 0 0 0
1659 -3252 92 57 227376 0 0 0
2123 -3323 71 54 104349 0 0 0
2248 -3135 93 63 698019 0 0 0
2559 -2565 105 48 708560 0 0 0
2663 -2533 59 63 833584 0 0 0
2464 -3047 102 66 653402 0 0 0
2659 -3302 56 56 109518 0 0 0
2231 -3039 108 79 227723 0 0 0
2641 -2864 60 94 704087 0 0 0
2961 -2468 81 89 803437 0 0 0
2421 -2722 63 77 151136 0 0 0
2971 -2471 59 51 604208 0 0 0
3449 -2545 93 57 817315 0 0 0
3382 -2863 58 55 378060 0 0 0
3135 -3178 67 91 231456 0 0 0
3053 -2785 108 73 676187 0 0 0
3596 -2237 78 92 736879 0 0 0
3898 -2193 80 73 359252 0 0 0
4173 -2649 102 51 160784 0 0 0
4502 -2424 88 57 124114 0 0 0
4105 -2521 57 94 425203 0 0 0
4448 -1933 96 49 865127 0 0 0
4109 -1897 97 68 174988 0 0 0
4068 -2206 74 83 444931 0 0 0
4585 -2707 83 66 390526 0 0 0
4582 -3129 75 60 488284 0 0 0
5032 -2925 62 66 450152 0 0 0
5470 -2428 74 82 958791 0 0 0
5915 -2727 71 50 239452 0 0 0
5650 -2351 66 79 508125 0 0 0
5885 -1816 104 59 238472 0 0 0
6373 -2037 74 73 289583 0 0 0
5995 -1946 64 83 518798 0 0 0
5915 -2066 60 80 904452 0 0 0
5581 -1795 101 89 582179 0 0 0
5991 -2306 60 58 519482 0 0 0
5617 -2383 66 57 652686 0 0 0
6081 -1843 66 70 515191 0 0 0
6587 -2402 97 82 768540 0 0 0
6209 -2419 75 88 972705 0 0 0
5886 -1894 55 92 621014 0 0 0
6256 -2472 79 53 342076 0 0 0
5786 -3054 68 57 543341 0 0 0
5273 -2508 73 96 101339 0 0 0
5801 -2939 77 61 410101 0 0 0
6094 -3393 54 86 423764 0 0 0
6164 -2878 108 48 171543 0 0 0
6728 -2826 61 84 403625 0 0 0
-21 -2110 66 81 100852 0 0 0
538 -2436 104 50 402182 0 0 0
193 -2457 90 91 381394 0 0 0
427 -2508 84 90 877178 0 0 0
75 -3072 79 54 246484 0 0 0
330 -3064 64 52 569741 0 0 0
77 -3172 87 61 461873 0 0 0
-234 -3699 62 78 392647 0 0 0
-266 -3973 93 63 388924 0 0 0
237 -4011 95 48 969570 0 0 0
317 -4531 75 68 272486 0 0 0
499 -3956 96 49 608311 0 0 0
177 -3791 71 56 797843 0 0 0
-410 -3685 98 83 643326 0 0 0
181 -3443 66 77 765692 0 0 0
261 -3170 105 65 259849 0 0 0
-40 -3037 77 94 946201 0 0 0
-536 -2927 89 60 631273 0 0 0
-544 -2392 96 94 866723 0 0 0
-516 -2108 99 91 225473 0 0 0
-492 -2352 57 71 323103 0 0 0
-335 -2013 62 59 919056 0 0 0
-452 -2073 87 80 283811 0 0 0
-1014 -2016 86 53 267214 0 0 0
-847 -1739 62 64 431255 0 0 0
-373 -2274 105 62 246834 0 0 0
-109 -1906 65 77 879460 0 0 0
-181 -1868 93 75 669857 0 0 0
-458 -2058 62 73 326353 0 0 0
59 -2248 105 86 706703 0 0 0
-488 -2614 92 67 683029 0 0 0
-322 -2557 99 83 527715 0 0 0
28 -2513 108 62 207412 0 0 0
488 -2555 73 57 954581 0 0 0
276 -2146 61 66 398957 0 0 0
-2276 890 93 78 315837 0 0 0
-2679 1278 76 65 712287 0 0 0
-2188 1120 82 60 988375 0 0 0
-2411 1518 88 79 303861 0 0 0
-2339 1508 59 94 731943 0 0 0
-2881 1923 74 50 919842 0 0 0
-2577 2233 75 90 348387 0 0 0
-2694 1738 98 62 643656 0 0 0
57 168 95 54 226757 0 0 0
-476 -137 89 94 640914 0 0 0
-838 -733 86 62 126375 0 0 0
-546 -808 85 68 757190 0 0 0
-1067 -1033 67 82 339684 0 0 0
-1397 -568 75 52 378628 0 0 0
-1034 -1084 57 49 447013 0 0 0
-1438 -938 57 68 460856 0 0 0
-1458 -469 71 73 530782 0 0 0
-1719 -295 72 94 202542 0 0 0
-1991 -708 71 77 492647 0 0 0
-2363 -915 63 86 780299 0 0 0
-2746 -761 97 74 123964 0 0 0
-2975 -651 82 94 255600 0 0 0
-2593 -134 61 69 902228 0 0 0
-2833 131 92 50 534379 0 0 0
-2834 -8 73 77 744290 0 0 0
-2629 468 88 65 539957 0 0 0
-3039 -130 97 86 864049 0 0 0
-3203 -68 65 54 761742 0 0 0
-3629 -546 87 54 488859 0 0 0
-3991 -652 96 69 583150 0 0 0
-4102 -1054 65 51 589824 0 0 0
-4628 -1613 80 55 550039 0 0 0
-4374 -1833 103 59 872365 0 0 0
-3901 -2041 55 75 107398 0 0 0
-4019 -1839 72 87 292662 0 0 0
-4075 -1254 67 82 653545 0 0 0
-3539 -1633 79 50 390570 0 0 0
-3734 -1167 78 88 208354 0 0 0
-4290 -628 88 69 760094 0 0 0
-4824 -452 74 95 565607 0 0 0
-5208 -998 54 87 503086 0 0 0
-5235 -1162 69 57 288139 0 0 0
-5293 -1426 68 89 737795 0 0 0
-5764 -1432 104 90 854862 0 0 0
-6226 -1655 89 90 739989 0 0 0
-6383 -1372 102 72 896883 0 0 0
-5875 -1181 66 73 931513 0 0 0
-6176 -842 60 78 800379 0 0 0
-5952 -465 106 92 804805 0 0 0
-5686 -111 85 82 304011 0 0 0
-6191 94 104 64 616097 0 0 0
-5699 -172 66 86 583496 0 0 0
-5153 -318 105 49 394774 0 0 0
-5341 208 104 76 544515 0 0 0
-5724 -274 58 79 409767 0 0 0
-6129 264 65 64 985494 0 0 0
-6032 184 58 57 984134 0 0 0
-6271 432 107 56 626248 0 0 0
-6204 585 106 78 535825 0 0 0
-5868 696 68 96 146591 0 0 0
-6172 489 105 78 201183 0 0 0
-6375 148 74 61 649139 0 0 0
-6407 652 108 54 402756 0 0 0
-5862 118 102 82 937505 0 0 0
-5529 473 65 70 270653 0 0 0
-6110 1007 100 80 350074 0 0 0
-5909 809 70 90 452162 0 0 0
-5457 1321 100 67 879713 0 0 0
-5122 1697 102 79 306907 0 0 0
-5640 1673 106 73 186778 0 0 0
-5294 1266 88 62 485556 0 0 0
-5865 1193 69 79 168228 0 0 0
-6278 1381 67 88 619561 0 0 0
-6413 1520 87 59 231329 0 0 0
-5871 1596 90 84 945923 0 0 0
-5527 1547 56 85 972931 0 0 0
-5820 1695 104 77 379912 0 0 0
-5742 2213 65 81 555134 0 0 0
-5398 1760 93 59 883482 0 0 0
-5276 1784 97 72 282013 0 0 0
-5434 1390 105 79 829401 0 0 0
-5988 1860 65 49 613416 0 0 0
-5896 1901 105 63 449546 0 0 0
-5612 1820 66 69 193801 0 0 0
42 1881 88 91 720809 0 0 0
621 2103 85 60 748295 0 0 0
28 1708 103 74 370771 0 0 0
218 1619 72 81 606029 0 0 0
-312 1586 104 72 756052 0 0 0
-30 1164 103 48 418144 0 0 0
242 990 85 86 280376 0 0 0
731 1241 61 91 880277 0 0 0
702 1808 97 75 931385 0 0 0
415 2142 88 85 433255 0 0 0
400 2663 93 59 416404 0 0 0
384 2923 99 54 584682 0 0 0
353 2830 108 73 756159 0 0 0
-187 3339 86 74 979752 0 0 0
-10 3494 58 89 963638 0 0 0
-580 3965 76 81 608551 0 0 0
-1036 4516 66 86 907648 0 0 0
-1591 5076 94 78 425877 0 0 0
-1973 5634 96 57 903997 0 0 0
-1889 5246 99 78 413622 0 0 0
-2441 5451 86 52 909299 0 0 0
-2682 4892 79 59 972362 0 0 0
-2579 4795 65 54 189098 0 0 0
-2558 4852 100 58 497204 0 0 0
-2151 4946 96 81 686128 0 0 0
-2277 5283 82 79 432346 0 0 0
-2095 5165 84 67 608330 0 0 0
-2320 5207 90 91 447514 0 0 0
-1909 5806 104 88 903795 0 0 0
-1681 5469 83 89 805978 0 0 0
-2190 5953 66 91 517929 0 0 0
-2024 6378 89 62 757856 0 0 0
-1558 6570 73 85 525949 0 0 0
-1017 6801 75 93 117870 0 0 0
-635 7108 99 65 499489 0 0 0
-1175 7503 79 59 200209 0 0 0
-1241 7287 71 63 169835 0 0 0
-800 6720 55 51 189447 0 0 0
-246 6205 59 61 417511 0 0 0
-811 6326 105 91 112896 0 0 0
-1088 6045 54 60 465713 0 0 0
-1181 6586 72 92 675275 0 0 0
-1038 6601 95 49 798849 0 0 0
-918 6724 60 58 475498 0 0 0
-344 7250 65 77 419497 0 0 0
-279 6899 86 66 905942 0 0 0
-836 7289 87 64 669649 0 0 0
-679 6749 104 66 649578 0 0 0
-743 6598 63 79 668515 0 0 0
-303 6201 92 91 195830 0 0 0
-761 5640 70 84 246389 0 0 0
-942 5496 73 72 727110 0 0 0
-921 5462 99 59 913214 0 0 0
-1292 5875 74 62 976497 0 0 0
-921 5331 84 48 960812 0 0 0
-724 5705 100 54 685953 0 0 0
1700 -2123 65 52 108393 0 0 0
1735 -1766 80 53 452645 0 0 0
1881 -1641 62 53 492952 0 0 0
1637 -1647 75 95 577798 0 0 0
1273 -1984 84 66 306846 0 0 0
1467 -2515 80 77 259545 0 0 0
908 -2034 88 92 503659 0 0 0
960 -1902 68 70 622132 0 0 0
834 -2321 88 58 639701 0 0 0
1122 -2738 91 78 908522 0 0 0
1026 -3115 77 86 404399 0 0 0
1160 -3540 106 50 981721 0 0 0
1114 -3391 58 76 471691 0 0 0
1686 -3856 70 95 223086 0 0 0
1878 -4102 60 60 551843 0 0 0
2148 -3784 108 67 180275 0 0 0
1858 -3754 81 71 722810 0 0 0
2118 -4029 85 85 285726 0 0 0
443 -1974 70 87 264509 0 0 0
694 -2440 98 76 377041 0 0 0
1163 -1892 76 60 821329 0 0 0
1736 -1474 91 53 765612 0 0 0
1666 -2068 84 68 779756 0 0 0
2007 -1613 96 94 580447 0 0 0
1896 -1688 61 92 978068 0 0 0
1349 -1955 83 75 726562 0 0 0
1102 -2366 80 86 158585 0 0 0
1361 -2422 78 83 860908 0 0 0
1799 -2795 81 59 448157 0 0 0
1815 -2460 61 80 508219 0 0 0
2022 -1995 83 84 674821 0 0 0
2518 -1480 90 52 643170 0 0 0
2285 -1569 104 89 588585 0 0 0
2528 -1272 95 95 720571 0 0 0
2658 -1352 103 76 900322 0 0 0
2512 -1942 55 57 103597 0 0 0
2957 -1567 107 66 332781 0 0 0
3159 -1202 71 50 612748 0 0 0
2622 -1281 101 71 207812 0 0 0
2180 -1104 77 94 914998 0 0 0
2143 -1212 56 63 630000 0 0 0
2638 -1110 61 78 246916 0 0 0
3086 -520 55 48 362404 0 0 0
3192 -10 74 73 925690 0 0 0
2899 -61 106 74 597107 0 0 0
3499 -326 104 93 217216 0 0 0
299 961 109 65 148804 0 0 0
470 691 68 71 801960 0 0 0
121 934 83 58 377161 0 0 0
-34 1417 60 56 974724 0 0 0
-344 1018 101 67 572549 0 0 0
-513 1199 101 65 701992 0 0 0
-84 1069 54 92 736570 0 0 0
456 1240 86 62 599932 0 0 0
26 1688 64 58 405819 0 0 0
512 2240 87 82 847414 0 0 0
-43 2209 70 51 264517 0 0 0
-179 1871 74 67 292319 0 0 0
-162 1993 55 67 814471 0 0 0
-320 2129 89 86 659611 0 0 0
-249 1651 92 48 638720 0 0 0
317 1572 80 67 113629 0 0 0
902 1615 68 67 322981 0 0 0
942 1954 94 90 838226 0 0 0
808 2226 73 75 230913 0 0 0
552 2085 78 65 276123 0 0 0
623 2016 96 89 601571 0 0 0
134 1737 104 85 868084 0 0 0
-38 1923 66 94 259661 0 0 0
-76 2506 107 71 436276 0 0 0
-235 2766 100 53 787962 0 0 0
-830 2323 103 56 800603 0 0 0
-481 2285 79 69 818193 0 0 0
826 1518 109 68 898090 0 0 0
646 1872 77 56 132470 0 0 0
1058 2233 65 86 758484 0 0 0
855 1839 58 80 373069 0 0 0
578 1811 66 96 319301 0 0 0
783 2292 98 63 596974 0 0 0
1167 2814 79 72 847158 0 0 0
819 2860 86 85 846573 0 0 0
782 2344 69 58 719926 0 0 0
1061 2584 60 87 461291 0 0 0
1022 2985 69 78 423933 0 0 0
681 3556 77 75 835999 0 0 0
1118 3535 71 85 557560 0 0 0
893 3950 58 95 595558 0 0 0
1346 3956 108 49 650799 0 0 0
1636 3607 109 75 701352 0 0 0
1576 3720 108 78 244846 0 0 0
1764 3714 79 89 658752 0 0 0
1826 3738 91 66 163274 0 0 0
1399 3886 83 71 773970 0 0 0
1524 3473 105 65 283473 0 0 0
1428 3721 62 61 744837 0 0 0
1073 4303 73 81 663434 0 0 0
1026 4579 89 57 902738 0 0 0
961 4419 79 58 809602 0 0 0
1303 4043 59 67 121402 0 0 0
1426 3767 67 58 813817 0 0 0
1632 3360 77 82 302840 0 0 0
1656 3370 80 74 697469 0 0 0
1618 3254 61 54 896816 0 0 0
1817 3126 86 66 503578 0 0 0
1404 2700 72 78 548487 0 0 0
1057 2830 109 61 270137 0 0 0
1209 2990 68 75 993919 0 0 0
679 2431 96 78 313761 0 0 0
440 2378 75 66 642047 0 0 0
6 2211 106 52 763810 0 0 0
-504 1968 68 79 870417 0 0 0
-1029 2136 83 80 226115 0 0 0
-943 2577 105 66 490602 0 0 0
-681 2023 91 81 610256 0 0 0
-152 2411 106 71 491612 0 0 0
-302 1985 108 96 529746 0 0 0
-436 2523 80 65 491066 0 0 0
-650 1839 97 58 195476 0 0 0
-692 1932 100 55 772636 0 0 0
-1011 2475 91 81 858945 0 0 0
-1333 2208 70 73 303169 0 0 0
-813 1776 56 73 482308 0 0 0
-641 1679 62 65 686581 0 0 0
-639 1678 89 88 791297 0 0 0
-1145 1313 73 82 689227 0 0 0
-1606 776 55 72 973292 0 0 0
-1587 498 67 91 489662 0 0 0
-2040 27 85 77 138157 0 0 0
-1918 -365 81 65 159894 0 0 0
-2139 -670 77 73 208810 0 0 0
-2090 -151 76 69 955087 0 0 0
-2291 65 88 57 331170 0 0 0
-2253 659 93 51 608382 0 0 0
-2673 302 63 48 259758 0 0 0
-3227 206 92 76 680272 0 0 0
-3113 560 96 77 637366 0 0 0
-3107 638 108 92 169983 0 0 0
-2611 62 91 84 921532 0 0 0
-2383 431 60 65 447523 0 0 0
-2635 -47 80 77 801875 0 0 0
-2048 -38 74 94 806085 0 0 0
-2275 -459 70 81 820886 0 0 0
-2509 -109 79 85 619927 0 0 0
-2848 -422 67 51 380740 0 0 0
-2830 -672 104 77 803240 0 0 0
-2660 -499 86 77 696489 0 0 0
-2302 -558 64 52 578131 0 0 0
-2149 -341 85 51 977304 0 0 0
-1811 -389 55 64 726959 0 0 0
-1563 -696 59 92 294592 0 0 0
-1053 -167 105 76 150515 0 0 0
-1602 -160 71 93 759753 0 0 0
-1649 -485 109 61 911610 0 0 0
-2102 -839 106 89 394708 0 0 0
-2095 -689 92 52 632498 0 0 0
-1787 -726 93 85 628863 0 0 0
-2216 -185 93 85 777310 0 0 0
-2150 -282 87 49 565786 0 0 0
689 265 85 55 193205 0 0 0
1235 864 90 57 405331 0 0 0
934 352 66 64 530827 0 0 0
892 339 92 79 441217 0 0 0
399 494 72 59 524357 0 0 0
612 41 77 78 739415 0 0 0
975 11 63 49 350068 0 0 0
995 -406 101 83 256498 0 0 0
995 94 74 87 543375 0 0 0
833 355 67 69 792376 0 0 0
922 93 96 60 262975 0 0 0
1327 490 102 58 630276 0 0 0
1204 1042 54 51 186917 0 0 0
988 791 81 88 202839 0 0 0
1362 389 83 77 687086 0 0 0
1585 191 89 91 401912 0 0 0
1487 367 109 68 676109 0 0 0
1918 381 80 86 682000 0 0 0
2503 884 75 60 435058 0 0 0
2890 672 89 50 797101 0 0 0
2806 900 64 77 348299 0 0 0
2842 301 62 78 567328 0 0 0
2881 -70 74 53 687651 0 0 0
2542 477 100 92 621944 0 0 0
2940 625 90 62 458415 0 0 0
2902 806 71 73 686935 0 0 0
2533 547 82 57 957223 0 0 0
2183 631 61 50 873118 0 0 0
2631 471 93 79 646607 0 0 0
2369 485 55 71 387862 0 0 0
2143 534 98 96 376846 0 0 0
2111 473 76 63 685084 0 0 0
2097 727 87 65 603473 0 0 0
2119 1132 94 50 758998 0 0 0
2211 683 83 59 646989 0 0 0
1680 562 87 72 553100 0 0 0
1711 1083 80 91 696484 0 0 0
1453 761 88 74 537297 0 0 0
1058 1129 76 87 163235 0 0 0
812 631 76 67 225125 0 0 0
998 683 103 95 453824 0 0 0
680 1034 61 49 159024 0 0 0
1118 640 100 67 695346 0 0 0
1521 117 66 73 851187 0 0 0
2047 409 70 69 204666 0 0 0
1526 788 83 76 910891 0 0 0
1432 941 83 79 112348 0 0 0
1137 721 60 62 236228 0 0 0
772 311 87 92 214607 0 0 0
395 33 87 91 691798 0 0 0
-78 -401 64 69 108020 0 0 0
-627 124 83 81 109407 0 0 0
-57 386 86 51 600430 0 0 0
249 595 85 80 813846 0 0 0
-266 620 97 55 314737 0 0 0
110 886 104 91 973202 0 0 0
392 1301 66 50 354663 0 0 0
34 1077 69 64 728141 0 0 0
235 887 100 84 549230 0 0 0
156 484 80 65 602687 0 0 0
638 546 109 67 716867 0 0 0
176 411 96 61 328325 0 0 0
-311 544 80 77 410843 0 0 0
-759 835 70 79 402149 0 0 0
-215 601 103 53 592578 0 0 0
-400 662 102 64 361794 0 0 0
-258 209 86 96 980517 0 0 0
-555 157 80 52 342432 0 0 0
-965 55 58 49 738523 0 0 0
-958 123 101 68 220658 0 0 0
-1142 9 54 56 817228 0 0 0
-1552 508 100 52 275532 0 0 0
-1186 771 96 81 145672 0 0 0
-895 1176 87 53 547118 0 0 0
-1302 1096 62 88 834731 0 0 0
-1773 1521 104 84 260460 0 0 0
-2295 1544 107 77 985829 0 0 0
-1272 1071 55 58 216421 0 0 0
-846 1184 101 59 351803 0 0 0
-306 1698 105 76 279070 0 0 0
-224 2003 89 48 810020 0 0 0
-692 2007 87 58 856765 0 0 0
-1204 2268 95 62 108370 0 0 0
-1654 2158 79 92 656731 0 0 0
-1943 1609 68 66 785088 0 0 0
-1743 1270 60 57 166042 0 0 0
-1461 681 64 81 122326 0 0 0
-1311 1187 72 77 200435 0 0 0
-1072 1263 66 83 733796 0 0 0
-1468 958 96 84 641176 0 0 0
-1780 852 103 54 632124 0 0 0
-1269 1038 99 51 132767 0 0 0
-1662 1336 100 66 497898 0 0 0
-1693 1017 80 89 416992 0 0 0
-1184 1489 77 75 840499 0 0 0
-1202 1401 93 61 788798 0 0 0
-1171 1735 100 92 982749 0 0 0
-1344 1596 105 58 714143 0 0 0
-1257 1667 83 96 858068 0 0 0
-1043 2070 95 93 567796 0 0 0
-1478 1646 99 72 679691 0 0 0
700 -56 88 77 990046 0 0 0
566 -191 76 48 437414 0 0 0
904 -150 92 76 433637 0 0 0
1100 -22 70 58 423988 0 0 0
976 53 69 72 779242 0 0 0
615 -306 71 77 253940 0 0 0
502 -481 98 69 956112 0 0 0
545 -663 108 85 571903 0 0 0
870 -707 108 81 147144 0 0 0
687 -864 75 58 164124 0 0 0
969 -594 82 74 314528 0 0 0
861 -701 93 80 692611 0 0 0
724 -263 68 60 271039 0 0 0
178 -43 62 85 807697 0 0 0
394 3 64 72 539624 0 0 0
814 117 79 94 189320 0 0 0
880 -449 82 85 477210 0 0 0
758 -859 78 50 149562 0 0 0
366 -1426 88 88 559924 0 0 0
-31 -1196 108 51 211832 0 0 0
283 -601 61 94 652881 0 0 0
587 -791 80 79 242211 0 0 0
93 -1158 86 58 318354 0 0 0
-121 -1755 80 49 274076 0 0 0
86 -2008 78 82 209024 0 0 0
430 -1823 62 83 102634 0 0 0
272 -1990 102 69 671548 0 0 0
422 -2075 97 94 737476 0 0 0
526 -2529 99 66 107753 0 0 0
657 -1982 66 73 422982 0 0 0
68 -2035 69 67 325826 0 0 0
564 -2392 76 84 722706 0 0 0
925 -2904 104 62 212287 0 0 0
619 -2843 67 87 690327 0 0 0
371 -2417 108 83 451803 0 0 0
789 -2621 67 48 188461 0 0 0
525 -2150 100 49 323107 0 0 0
262 -2386 94 80 923116 0 0 0
218 -1909 64 91 173694 0 0 0
-180 -1399 83 49 891596 0 0 0
295 -1276 76 54 970362 0 0 0
887 -1345 71 91 583182 0 0 0
779 -1190 82 52 189654 0 0 0
1143 -787 68 81 398594 0 0 0
698 -564 94 80 579238 0 0 0
1140 -184 93 63 885286 0 0 0
611 22 58 88 436289 0 0 0
318 -418 95 96 152496 0 0 0
627 -399 89 90 698475 0 0 0
235 -532 107 86 254351 0 0 0
308 -739 108 66 113497 0 0 0
-89 -1087 67 76 682386 0 0 0
-123 -1186 108 80 179046 0 0 0
-705 -826 76 83 336567 0 0 0
-1013 -636 65 72 596271 0 0 0
-1357 -448 60 63 310920 0 0 0
-1064 -554 58 57 919037 0 0 0
-1425 -293 108 79 275368 0 0 0
-1138 -253 94 48 128733 0 0 0
-1606 79 56 55 646651 0 0 0
-2068 247 61 60 539046 0 0 0
-2516 -18 59 83 185185 0 0 0
-2623 -134 89 64 435347 0 0 0
-2658 -441 75 93 328137 0 0 0
-2280 -180 79 68 523900 0 0 0
-2817 -357 100 80 829499 0 0 0
-2266 -751 96 86 314425 0 0 0
-2716 -760 89 95 656914 0 0 0
-2540 -537 102 92 610630 0 0 0
-2460 -606 70 53 196539 0 0 0
1380 433 101 77 571091 0 0 0
1609 -128 95 70 419027 0 0 0
1966 -694 66 51 298291 0 0 0
2202 -597 106 58 661790 0 0 0
2534 -83 98 83 588209 0 0 0
3010 -422 68 62 840707 0 0 0
3010 -340 81 83 565714 0 0 0
3516 -314 81 87 155230 0 0 0
3501 -73 100 80 500135 0 0 0
3913 87 103 81 767910 0 0 0
3865 -488 85 55 212521 0 0 0
3679 -54 94 92 748752 0 0 0
3409 -614 66 84 131437 0 0 0
3860 -1091 98 75 594600 0 0 0
4325 -1307 58 59 191356 0 0 0
4446 -734 101 50 824190 0 0 0
4970 -649 54 81 215977 0 0 0
5067 -396 80 66 786738 0 0 0
5484 189 60 90 389283 0 0 0
5518 -258 69 55 721889 0 0 0
6048 -104 56 74 801690 0 0 0
6532 -391 83 80 165306 0 0 0
6251 -111 105 89 615092 0 0 0
5873 -248 61 49 526258 0 0 0
5419 -667 80 84 981688 0 0 0
5206 -1255 98 96 655567 0 0 0
5525 -891 107 80 940364 0 0 0
5770 -298 100 67 248014 0 0 0
5295 -130 100 82 722598 0 0 0
5516 245 82 68 834993 0 0 0
5007 785 98 90 922348 0 0 0
4751 1049 100 84 328404 0 0 0
4743 1422 57 63 500272 0 0 0
4846 1573 63 90 876328 0 0 0
4773 1634 98 89 427119 0 0 0
4719 1361 64 69 355206 0 0 0
5041 1868 66 92 567462 0 0 0
5170 2074 78 96 704550 0 0 0
5654 2005 82 58 817399 0 0 0
5083 1751 98 86 997497 0 0 0
4908 1555 105 48 415053 0 0 0
5330 2012 95 50 458743 0 0 0
5592 1511 109 57 640429 0 0 0
5531 1395 101 66 812239 0 0 0
5005 1893 54 71 661426 0 0 0
5430 2435 80 70 927231 0 0 0
5679 2280 71 73 771386 0 0 0
5542 2709 69 93 877776 0 0 0
5123 2358 105 60 895452 0 0 0
5190 2370 70 79 407848 0 0 0
5336 1859 82 54 807579 0 0 0
4861 1908 91 72 358076 0 0 0
4398 1355 82 85 968081 0 0 0
4726 959 67 83 652338 0 0 0
4682 1417 68 83 275558 0 0 0
-1203 -2337 96 77 457609 0 0 0
-896 -1759 103 58 539745 0 0 0
-1359 -1796 85 94 560611 0 0 0
-1069 -2322 101 52 769707 0 0 0
-1323 -2060 59 81 146311 0 0 0
-1763 -2307 66 71 886660 0 0 0
-1956 -2558 68 96 610571 0 0 0
-1736 -2894 99 87 999481 0 0 0
-2027 -2874 55 94 708466 0 0 0
-2427 -2602 107 91 128733 0 0 0
-2812 -2447 72 73 503584 0 0 0
-2459 -2029 67 82 322910 0 0 0
-2413 -2330 74 95 537708 0 0 0
-2998 -2332 69 60 486158 0 0 0
-3200 -1908 69 68 637701 0 0 0
-3083 -2121 60 74 567014 0 0 0
-3115 -2194 86 53 612730 0 0 0
-2772 -2039 104 63 377996 0 0 0
-2871 -2324 85 89 448060 0 0 0
-2636 -2149 78 64 522227 0 0 0
-2600 -2326 75 61 647932 0 0 0
-2113 -2723 105 62 824634 0 0 0
-1733 -2851 94 89 688768 0 0 0
-1225 -2479 66 86 611938 0 0 0
-757 -2196 95 53 850993 0 0 0
-304 -2163 60 69 613298 0 0 0
-27 -2171 103 57 248482 0 0 0
-570 -1587 88 84 317349 0 0 0
-287 -1216 84 74 257857 0 0 0
23 -1692 68 71 603530 0 0 0
-495 -1909 67 64 763475 0 0 0
-447 -1919 75 94 190532 0 0 0
-457 -1573 100 88 962262 0 0 0
-384 -1684 75 88 542294 0 0 0
-257 -1432 93 57 504341 0 0 0
-129 -1047 60 60 159995 0 0 0
-83 -1413 95 93 103677 0 0 0
-378 -974 70 89 195644 0 0 0
-47 -1422 77 67 381408 0 0 0
520 -1667 102 72 909696 0 0 0
892 -2116 77 68 678854 0 0 0
1331 -1800 94 69 963104 0 0 0
989 -2175 56 66 584724 0 0 0
1372 -2088 85 59 810954 0 0 0
1538 -2238 69 87 633096 0 0 0
1801 -2682 66 94 123607 0 0 0
1335 -2874 107 65 157115 0 0 0
1138 -2399 76 55 962498 0 0 0
1216 -1885 100 71 765932 0 0 0
-1225 1769 63 54 412142 0 0 0
-1447 2271 87 73 605099 0 0 0
-1396 2241 73 49 234117 0 0 0
-1984 2762 70 95 430219 0 0 0
-1587 3003 72 89 321662 0 0 0
-2057 2481 60 77 539531 0 0 0
-1670 2145 77 61 196340 0 0 0
-1487 2146 69 62 280126 0 0 0
-1188 2629 88 51 158071 0 0 0
-685 3078 83 64 507055 0 0 0
-408 3361 80 60 301080 0 0 0
-441 3951 103 95 612963 0 0 0
-841 4436 100 76 512420 0 0 0
-29 694 99 86 989023 0 0 0
62 1293 102 76 350873 0 0 0
-159 980 92 62 760817 0 0 0
333 1294 61 48 903586 0 0 0
762 1769 61 92 107089 0 0 0
1277 1250 63 79 200791 0 0 0
1630 669 91 49 171376 0 0 0
2090 295 101 93 256361 0 0 0
2387 331 91 71 339529 0 0 0
2134 49 98 77 980609 0 0 0
2577 -358 106 66 259400 0 0 0
2089 -815 80 88 144163 0 0 0
2515 -400 82 84 851557 0 0 0
2010 -790 69 83 538842 0 0 0
2396 -1263 87 89 913233 0 0 0
2120 -895 87 70 340367 0 0 0
2406 -751 102 86 866870 0 0 0
2871 -768 101 73 816437 0 0 0
2982 -1252 62 81 391453 0 0 0
2446 -1809 79 96 599898 0 0 0
2370 -2095 54 82 814586 0 0 0
2826 -1961 92 52 145136 0 0 0
2243 -1934 108 91 515756 0 0 0
2063 -2187 68 77 331234 0 0 0
2348 -2502 73 92 110676 0 0 0
2262 -2461 99 54 603327 0 0 0
1990 -3023 107 54 169276 0 0 0
1452 -3576 83 73 797069 0 0 0
1743 -3787 91 86 104518 0 0 0
1351 -3663 101 56 451630 0 0 0
1654 -3661 80 48 545922 0 0 0
1607 -3372 63 79 122776 0 0 0
1815 -3910 76 86 471333 0 0 0
1629 -4246 108 87 699594 0 0 0
1513 -4287 69 94 560534 0 0 0
1664 -4563 63 56 930956 0 0 0
1847 -4747 101 74 378652 0 0 0
1522 -5275 75 51 300984 0 0 0
1982 -5388 98 91 228525 0 0 0
1432 -5420 69 64 608684 0 0 0
1398 -5676 80 62 689858 0 0 0
1400 -5483 107 86 434266 0 0 0
1800 -5058 73 64 552146 0 0 0
2175 -5537 74 82 958861 0 0 0
1646 -5759 99 65 362422 0 0 0
1404 -6019 101 55 137189 0 0 0
1950 -6044 76 77 729777 0 0 0
2163 -6480 100 64 823013 0 0 0
2555 -7034 60 55 251785 0 0 0
2536 -6809 65 48 285906 0 0 0
2832 -6351 109 54 735732 0 0 0
3170 -5955 84 83 676555 0 0 0
3541 -5460 83 61 189736 0 0 0
3535 -5526 84 87 331243 0 0 0
3549 -5098 88 60 167386 0 0 0
2975 -4867 74 80 272247 0 0 0
2750 -5152 87 75 655958 0 0 0
2375 -4764 85 75 598473 0 0 0
2701 -5290 71 79 534341 0 0 0
3286 -5788 109 83 824738 0 0 0
3001 -5270 100 68 791076 0 0 0
3140 -4775 97 61 412415 0 0 0
2658 -4483 63 54 136792 0 0 0
2927 -4845 79 51 372699 0 0 0
2391 -4290 97 89 521200 0 0 0
1969 -4733 85 61 339829 0 0 0
2166 -5046 92 77 778382 0 0 0
2512 -5265 101 70 185170 0 0 0
2986 -4944 55 80 900401 0 0 0
2931 -5506 57 74 488423 0 0 0
3346 -5199 70 93 240431 0 0 0
3388 -5195 106 81 796193 0 0 0
2861 -5385 73 68 301705 0 0 0
2634 -5049 96 85 457793 0 0 0
2466 -5145 72 65 677735 0 0 0
2216 -5656 84 88 243661 0 0 0
2706 -6067 92 82 406968 0 0 0
2600 -5830 75 79 481372 0 0 0
2986 -6295 63 86 832168 0 0 0
2877 -5756 75 94 716247 0 0 0
2983 -5557 79 86 483991 0 0 0
2427 -5858 101 81 313971 0 0 0
2481 -6021 103 84 796435 0 0 0
2122 -5493 103 75 987757 0 0 0
1865 -5274 90 76 446070 0 0 0
-1810 1091 89 91 773071 0 0 0
-2244 1320 82 75 207060 0 0 0
-2031 1123 105 52 928084 0 0 0
-2140 583 109 80 825141 0 0 0
-1801 307 65 65 124729 0 0 0
-1491 2 81 76 665695 0 0 0
-1464 -290 85 73 639468 0 0 0
-1906 -738 106 93 967509 0 0 0
-2270 -1039 62 48 195972 0 0 0
-2467 -1089 86 87 659236 0 0 0
-1977 -1134 67 87 870386 0 0 0
-2396 -659 107 80 398793 0 0 0
-2648 -163 98 56 926639 0 0 0
-2115 -327 108 67 665112 0 0 0
-1853 -836 95 82 425896 0 0 0
-2220 -859 99 85 314863 0 0 0
-2410 -550 67 81 942012 0 0 0
-2564 -454 109 49 732035 0 0 0
-2388 -37 95 79 966666 0 0 0
-2104 -31 72 90 139617 0 0 0
-2408 -224 95 72 310654 0 0 0
-2758 16 68 78 102349 0 0 0
-2507 -550 94 96 533963 0 0 0
-2382 -840 101 61 138220 0 0 0
-2330 -1202 90 81 355411 0 0 0
-2414 -1610 65 72 621321 0 0 0
-2368 -1707 91 52 918629 0 0 0
-1936 -1614 81 96 752788 0 0 0
-2527 -1851 106 62 159672 0 0 0
-2990 -2200 99 75 999850 0 0 0
-2679 -2696 109 63 554150 0 0 0
-2871 -2461 77 67 380620 0 0 0
-3195 -2681 100 93 581782 0 0 0
-3318 -2793 104 59 276841 0 0 0
-3742 -2315 63 75 828336 0 0 0
-3642 -2225 67 81 783816 0 0 0
-3718 -1786 63 83 987350 0 0 0
-3989 -2361 87 92 962826 0 0 0
-4122 -2375 71 72 459701 0 0 0
-4546 -2635 98 70 977435 0 0 0
-5082 -2122 69 81 297929 0 0 0
-4503 -2212 66 71 551680 0 0 0
-4895 -2093 92 91 812872 0 0 0
-5368 -1507 89 82 656723 0 0 0
-5914 -1024 107 67 287370 0 0 0
-6354 -1308 63 83 210197 0 0 0
-6728 -1576 85 79 328011 0 0 0
-7098 -1800 59 82 244300 0 0 0
-7192 -2400 100 56 116830 0 0 0
-7238 -2350 87 52 950717 0 0 0
-7788 -2164 101 60 233973 0 0 0
-7354 -2615 77 57 553039 0 0 0
-7004 -3170 56 93 656971 0 0 0
-6654 -2617 90 61 660474 0 0 0
-6283 -2321 61 78 197378 0 0 0
-6537 -2916 65 58 772666 0 0 0
-6667 -2806 103 59 196924 0 0 0
-6256 -2393 94 50 718036 0 0 0
-6729 -2906 68 64 820830 0 0 0
-7319 -3216 72 86 274749 0 0 0
-7715 -3316 103 54 528018 0 0 0
-7189 -2764 58 76 916944 0 0 0
-7489 -2286 64 55 719337 0 0 0
-7539 -1785 61 69 878154 0 0 0
-1124 -1220 71 80 689396 0 0 0
-1519 -1311 82 54 870703 0 0 0
-1568 -1277 90 70 384817 0 0 0
-1787 -691 95 52 461176 0 0 0
-1921 -855 83 86 822850 0 0 0
-1494 -1393 80 79 306726 0 0 0
-1756 -1025 60 57 636379 0 0 0
-2167 -763 74 73 713284 0 0 0
-2500 -415 62 73 590887 0 0 0
-3075 -624 79 69 205764 0 0 0
-3262 -629 76 73 143147 0 0 0
-2763 -286 62 51 938355 0 0 0
-2881 -569 77 54 293409 0 0 0
-2982 -60 98 76 411579 0 0 0
-2783 340 68 49 431453 0 0 0
-2971 798 61 95 868671 0 0 0
-3391 873 88 63 947904 0 0 0
-3821 979 107 64 729306 0 0 0
-3724 1294 81 95 447589 0 0 0
-3553 814 87 96 923770 0 0 0
-3739 1260 69 91 106133 0 0 0
-3804 1031 101 86 664580 0 0 0
-4144 569 79 92 691024 0 0 0
-3854 354 98 52 993174 0 0 0
-4399 219 98 83 263768 0 0 0
-4341 392 79 58 560066 0 0 0
-4305 140 60 74 348267 0 0 0
-3827 154 72 68 345185 0 0 0
-4426 620 67 83 680699 0 0 0
-4615 763 62 68 992579 0 0 0
-4741 732 78 81 282282 0 0 0
-4810 325 73 77 915049 0 0 0
-5110 853 98 61 576401 0 0 0
-5655 573 80 56 953534 0 0 0
-5310 119 56 94 382095 0 0 0
-4811 98 56 88 207846 0 0 0
-5369 347 85 77 614615 0 0 0
-5906 126 95 67 219470 0 0 0
-5370 -331 101 72 434364 0 0 0
-4924 -95 70 56 549004 0 0 0
-5206 -131 67 56 290288 0 0 0
-5579 76 94 71 473958 0 0 0
-6128 -252 72 81 568185 0 0 0
-5991 -607 78 82 935271 0 0 0
-5982 -1064 97 78 295006 0 0 0
-6424 -1074 90 76 316458 0 0 0
-6392 -873 56 60 100983 0 0 0
-6522 -1392 54 76 996146 0 0 0
-6787 -1452 61 70 910289 0 0 0
-6305 -1516 62 89 965055 0 0 0
1871 1583 94 58 857161 0 0 0
2322 1343 98 51 595979 0 0 0
2870 1006 83 70 660050 0 0 0
3313 543 93 84 557198 0 0 0
2767 789 73 86 820480 0 0 0
2626 343 103 52 723582 0 0 0
2662 -80 107 86 713683 0 0 0
2929 -579 59 61 181404 0 0 0
2912 -465 101 86 552093 0 0 0
2760 -972 71 81 744103 0 0 0
3103 -1175 101 59 321388 0 0 0
2890 -1408 100 66 668403 0 0 0
3327 -1206 57 78 461842 0 0 0
-666 -6 92 96 287027 0 0 0
-884 -331 94 64 616344 0 0 0
-380 146 92 68 928837 0 0 0
-563 -251 95 51 497628 0 0 0
-917 -725 107 65 462050 0 0 0
-1459 -316 93 78 995763 0 0 0
-931 -749 95 62 739561 0 0 0
-1511 -1187 88 52 681958 0 0 0
-1391 -791 75 67 193274 0 0 0
-1765 -1217 72 59 432488 0 0 0
-1958 -1650 65 62 754752 0 0 0
-2543 -1950 103 88 122926 0 0 0
-2433 -2475 64 76 832583 0 0 0
-2603 -2336 67 88 280076 0 0 0
-2798 -1969 107 55 755442 0 0 0
-2414 -1699 102 63 228923 0 0 0
-2269 -1279 71 70 483965 0 0 0
-2463 -1432 109 61 554937 0 0 0
-2280 -1610 62 83 520520 0 0 0
-2115 -1292 81 94 831388 0 0 0
-1797 -1305 102 63 352585 0 0 0
-1562 -706 85 94 135557 0 0 0
-966 -1077 104 96 196395 0 0 0
2374 -71 81 79 328361 0 0 0
2466 -661 62 79 459165 0 0 0
1950 -957 67 66 743373 0 0 0
1830 -1220 70 67 732331 0 0 0
1940 -935 59 89 783267 0 0 0
1397 -738 64 52 956277 0 0 0
1352 -650 56 89 716972 0 0 0
1517 -407 103 87 607847 0 0 0
1926 -270 107 78 468517 0 0 0
1869 -203 59 66 622997 0 0 0
1441 -117 69 55 525507 0 0 0
1024 -101 96 79 948648 0 0 0
1208 273 104 80 731869 0 0 0
1008 -203 101 68 650310 0 0 0
706 -514 68 69 470762 0 0 0
982 -1112 81 93 666035 0 0 0
636 -996 77 72 283605 0 0 0
744 -902 96 65 913306 0 0 0
614 -1004 84 91 835686 0 0 0
562 -610 94 54 267413 0 0 0
597 -755 98 53 109693 0 0 0
495 -1103 64 90 976150 0 0 0
172 -1543 97 86 309800 0 0 0
483 -1338 71 57 301695 0 0 0
1827 1733 96 66 427905 0 0 0
1562 1897 61 76 228313 0 0 0
1310 2076 75 92 421696 0 0 0
1202 2504 93 72 997313 0 0 0
830 2393 104 79 884970 0 0 0
2057 -1362 109 73 674816 0 0 0
1499 -1598 101 86 697041 0 0 0
948 -1796 109 52 118385 0 0 0
1027 -1805 80 48 456226 0 0 0
671 -1438 101 51 763412 0 0 0
968 -1678 58 74 743673 0 0 0
1471 -1356 73 93 312617 0 0 0
1804 -847 101 94 680316 0 0 0
2317 -1135 103 56 306833 0 0 0
1770 -1677 101 50 821755 0 0 0
1894 -1137 109 80 269817 0 0 0
2241 -994 75 56 456604 0 0 0
1710 -1235 81 74 602330 0 0 0
2247 -1624 106 54 604803 0 0 0
2578 -1221 64 58 989488 0 0 0
2680 -1814 87 82 267023 0 0 0
2349 -1813 61 80 352406 0 0 0
2880 -2095 88 48 875927 0 0 0
2553 -2365 68 70 635066 0 0 0
2908 -1891 77 75 183134 0 0 0
2870 -2237 78 86 201361 0 0 0
3264 -1739 104 94 320643 0 0 0
3236 -1516 70 64 532183 0 0 0
2815 -1784 97 88 664439 0 0 0
2807 -2048 80 74 417468 0 0 0
2669 -1606 65 49 807004 0 0 0
2817 -1386 74 93 325339 0 0 0
3213 -1134 103 79 950302 0 0 0
3804 -1489 83 76 534947 0 0 0
3932 -1314 76 55 679327 0 0 0
3711 -1829 103 94 464813 0 0 0
3653 -1501 102 49 451312 0 0 0
3225 -1060 78 84 625673 0 0 0
3056 -1187 87 73 397410 0 0 0
3413 -1081 99 87 194955 0 0 0
3219 -740 88 54 441723 0 0 0
1585 1916 98 90 916353 0 0 0
1561 1672 75 51 971234 0 0 0
1095 1209 107 85 330594 0 0 0
687 719 90 69 248633 0 0 0
983 1278 94 71 234110 0 0 0
1223 1174 84 64 467029 0 0 0
649 728 107 75 632084 0 0 0
107 732 76 64 926714 0 0 0
665 648 68 85 740360 0 0 0
665 635 55 86 656820 0 0 0
932 755 54 64 502408 0 0 0
1303 896 66 91 274595 0 0 0
1225 1315 88 61 513262 0 0 0
1303 1593 85 91 959636 0 0 0
1580 1749 100 96 738022 0 0 0
1193 1482 100 75 260972 0 0 0
1542 1389 63 66 618200 0 0 0
1795 940 108 85 551613 0 0 0
1907 1069 58 50 248508 0 0 0
1569 658 90 52 407685 0 0 0
1532 1232 91 76 965570 0 0 0
1974 738 76 79 829306 0 0 0
2117 585 92 83 634314 0 0 0
1250 -236 97 50 759274 0 0 0
1415 179 94 70 220261 0 0 0
1810 -214 67 93 344372 0 0 0
1787 180 81 58 282406 0 0 0
2236 597 84 48 697620 0 0 0
1761 174 78 82 437383 0 0 0
2243 -355 69 54 384415 0 0 0
2741 -474 102 96 153601 0 0 0
2615 -318 62 81 190494 0 0 0
2259 -541 73 67 913149 0 0 0
2206 -538 109 89 232157 0 0 0
2635 -898 86 52 414575 0 0 0
3039 -818 109 52 969059 0 0 0
2455 -805 62 62 658311 0 0 0
2213 -1337 81 82 569184 0 0 0
2218 -1031 78 62 648291 0 0 0
1719 -849 56 63 930952 0 0 0
1829 -1316 81 50 396732 0 0 0
1662 -1432 94 91 451457 0 0 0
1491 -1696 57 57 728141 0 0 0
1667 -1737 60 85 935641 0 0 0
2155 -1723 75 86 314739 0 0 0
1784 -2079 78 72 792844 0 0 0
1760 -2361 76 71 749725 0 0 0
1389 -2957 54 74 679928 0 0 0
1957 -2749 71 52 778616 0 0 0
1563 -2195 66 83 376128 0 0 0
1965 -2339 86 80 662630 0 0 0
1848 -2197 55 61 921826 0 0 0
1544 -2194 92 63 108070 0 0 0
1674 -2154 67 56 544281 0 0 0
1941 -2380 109 50 870679 0 0 0
1834 -2951 65 81 534919 0 0 0
1551 -3460 56 60 572603 0 0 0
1699 -4017 58 85 132855 0 0 0
2294 -3654 79 90 681116 0 0 0
2114 -4198 91 66 887632 0 0 0
1953 -3662 68 54 481076 0 0 0
2297 -4251 54 58 135522 0 0 0
2445 -4209 82 74 783975 0 0 0
2451 -3642 106 88 823570 0 0 0
2162 -3567 75 85 204129 0 0 0
1616 -4108 61 86 447995 0 0 0
1319 -3631 82 58 925254 0 0 0
858 -3638 103 96 909548 0 0 0
613 -3505 70 88 383190 0 0 0
1085 -3039 61 66 524041 0 0 0
1362 -3067 103 85 826552 0 0 0
1750 -2564 68 57 605131 0 0 0
1583 -2978 101 58 491938 0 0 0
1453 -3385 95 65 816202 0 0 0
1983 -3741 64 56 942056 0 0 0
1489 -3474 91 52 605387 0 0 0
1494 -2923 81 69 628808 0 0 0
1845 -2593 60 79 726625 0 0 0
1548 -2811 89 60 421361 0 0 0
1711 -3072 80 65 707269 0 0 0
1396 -3615 77 66 276407 0 0 0
1015 -3397 100 82 326305 0 0 0
1549 -3831 72 87 297803 0 0 0
1026 -4225 57 58 584991 0 0 0
824 -4121 62 94 245012 0 0 0
1284 -3691 61 55 186113 0 0 0
1323 -3667 64 89 442362 0 0 0
1644 -4063 96 68 664999 0 0 0
1299 -3969 105 68 253045 0 0 0
973 -4524 106 51 542659 0 0 0
973 -4295 78 90 242564 0 0 0
1223 -4555 101 52 517573 0 0 0
1357 -4103 88 85 161035 0 0 0
1292 -4120 74 78 170025 0 0 0
1608 -3752 64 85 589855 0 0 0
1017 -4156 82 65 889033 0 0 0
1409 -4179 105 90 963868 0 0 0
1022 -4544 54 64 893070 0 0 0
470 -4453 97 49 571042 0 0 0
168 -3994 90 91 654220 0 0 0
-181 -4115 63 82 869783 0 0 0
-573 -4698 68 60 211960 0 0 0
-924 -5103 70 69 959727 0 0 0
-506 -5507 87 89 832945 0 0 0
-1 -5647 81 76 155985 0 0 0
-376 -5783 86 73 693885 0 0 0
-872 -5212 70 58 891296 0 0 0
-428 -5040 74 87 241611 0 0 0
-235 -5359 89 75 683885 0 0 0
-19 -5828 107 72 583829 0 0 0
-351 -6218 66 74 245574 0 0 0
83 -6603 79 82 827701 0 0 0
160 -6432 83 86 736341 0 0 0
-218 -6892 84 61 294016 0 0 0
371 -7013 73 80 429674 0 0 0
392 -6657 55 92 647510 0 0 0
632 -7094 99 55 602397 0 0 0
257 -7057 97 79 443780 0 0 0
-49 -6909 84 64 108576 0 0 0
-173 -6921 64 74 233171 0 0 0
422 -7052 90 49 386421 0 0 0
393 -6970 88 54 403220 0 0 0
455 -6826 91 59 636118 0 0 0
576 -7228 74 54 140298 0 0 0
969 -6899 95 63 678779 0 0 0
1565 -6506 106 84 706258 0 0 0
-1153 -2001 83 60 873236 0 0 0
-1566 -1604 105 57 805285 0 0 0
-1360 -1298 88 59 609624 0 0 0
-1451 -1634 87 76 736690 0 0 0
-2045 -1182 105 83 159919 0 0 0
-1772 -1323 103 49 246266 0 0 0
-1230 -1704 58 66 613773 0 0 0
-1195 -1969 84 71 958066 0 0 0
-952 -1889 86 71 222857 0 0 0
-458 -1493 72 62 134055 0 0 0
-413 -1087 63 50 794268 0 0 0
-985 -1375 65 50 934842 0 0 0
-1476 -1346 68 87 220176 0 0 0
-1455 -1603 88 86 652018 0 0 0
-1511 -1902 94 82 896933 0 0 0
-1639 -2301 64 69 513504 0 0 0
-1431 -2562 80 62 152298 0 0 0
-1190 -2872 107 76 731094 0 0 0
-1248 -2853 65 88 978956 0 0 0
-1643 -3416 103 53 677531 0 0 0
-1439 -3089 56 85 328739 0 0 0
-1849 -3296 96 84 907740 0 0 0
-1780 -3747 83 57 761240 0 0 0
-1447 -3583 57 53 744495 0 0 0
-1968 -3520 80 84 801143 0 0 0
-2270 -3642 100 63 176145 0 0 0
-2743 -3916 57 85 883281 0 0 0
-2484 -3505 107 89 304055 0 0 0
-2586 -3145 104 60 726925 0 0 0
-2274 -3550 87 76 584343 0 0 0
-1876 -3341 72 66 795166 0 0 0
-1886 -3812 78 71 857719 0 0 0
-1876 -4352 108 77 521121 0 0 0
-1895 -3761 79 95 645685 0 0 0
-2421 -3779 70 70 492399 0 0 0
-2596 -3858 71 66 738123 0 0 0
-2120 -4359 79 79 855646 0 0 0
-2624 -4818 69 54 919721 0 0 0
-646 1226 73 54 607199 0 0 0
-73 1494 77 90 196343 0 0 0
280 1734 59 92 711087 0 0 0
564 1624 67 92 590345 0 0 0
612 1579 76 57 354303 0 0 0
101 1347 99 90 487928 0 0 0
162 854 59 92 995860 0 0 0
53 1233 72 68 529028 0 0 0
342 1114 98 90 566577 0 0 0
610 1462 86 59 664322 0 0 0
1104 1573 97 79 772280 0 0 0
1292 1210 103 94 944067 0 0 0
1293 1015 56 90 372523 0 0 0
1487 1457 87 72 372990 0 0 0
1689 1404 75 86 143081 0 0 0
1507 910 95 78 928731 0 0 0
1264 500 86 64 555024 0 0 0
1561 689 84 65 388372 0 0 0
1824 477 109 67 297921 0 0 0
2041 275 80 60 523444 0 0 0
2459 -296 58 63 382915 0 0 0
2595 205 83 77 309286 0 0 0
2986 586 109 86 460314 0 0 0
3106 152 69 50 607228 0 0 0
3499 469 60 51 357601 0 0 0
4061 631 93 89 911430 0 0 0
4316 231 72 96 438289 0 0 0
4336 507 65 70 284912 0 0 0
4570 737 57 76 247834 0 0 0
4466 665 94 55 540226 0 0 0
4316 815 86 51 604251 0 0 0
3863 446 74 96 316934 0 0 0
3521 473 60 50 937858 0 0 0
3293 196 100 85 396072 0 0 0
2845 758 108 96 993867 0 0 0
2606 178 79 91 412351 0 0 0
2261 358 88 92 786086 0 0 0
2775 884 54 67 868322 0 0 0
3154 1288 98 73 590194 0 0 0
3101 763 100 71 460189 0 0 0
2677 1290 97 52 391837 0 0 0
3004 787 61 74 418838 0 0 0
3571 1113 79 96 389980 0 0 0
3147 542 89 64 226877 0 0 0
3088 23 90 87 133066 0 0 0
3326 617 103 86 624449 0 0 0
2800 517 103 92 114230 0 0 0
2946 271 54 89 646215 0 0 0
3061 -112 97 69 233061 0 0 0
3562 390 61 64 854446 0 0 0
3139 48 59 94 869562 0 0 0
3220 464 94 87 103490 0 0 0
3303 -55 89 69 883462 0 0 0
3512 -142 108 82 121779 0 0 0
3553 -282 87 62 510974 0 0 0
3346 -115 79 67 912059 0 0 0
2836 189 58 84 317694 0 0 0
1068 1470 55 53 313816 0 0 0
541 1398 55 89 331488 0 0 0
128 1728 88 88 583988 0 0 0
307 1971 106 96 912506 0 0 0
602 1944 97 51 322255 0 0 0
791 1969 54 74 905688 0 0 0
1290 1850 61 75 828651 0 0 0
1351 2249 85 59 224958 0 0 0
1528 1851 76 50 546243 0 0 0
1599 2176 91 80 744161 0 0 0
2193 2047 54 60 365637 0 0 0
2553 2391 76 68 126708 0 0 0
3038 2411 75 91 422012 0 0 0
2519 1995 106 66 863035 0 0 0
2673 2319 98 49 216936 0 0 0
2225 2551 94 75 233851 0 0 0
1947 2603 105 69 841026 0 0 0
2111 2568 102 92 361329 0 0 0
2278 2654 78 74 249392 0 0 0
2039 2261 64 77 543899 0 0 0
2054 1675 108 86 540615 0 0 0
2595 1316 71 69 638273 0 0 0
3161 1552 81 81 529942 0 0 0
3458 1944 61 56 889529 0 0 0
3027 1479 101 75 871299 0 0 0
3005 1393 62 48 989267 0 0 0
