2400
-254 -1310 74 76 511052 0 0 0
-804 -1706 71 62 981725 0 0 0
-1312 -1309 64 64 971725 0 0 0
-1387 -1260 84 63 623543 0 0 0
-1563 -1557 54 93 116277 0 0 0
-2040 -1289 69 87 552051 0 0 0
-2264 -1462 69 84 357901 0 0 0
-2230 -1332 91 49 423798 0 0 0
-1768 -1218 83 96 581558 0 0 0
-1731 -1350 75 65 364446 0 0 0
-1799 -1048 73 94 715314 0 0 0
-1313 -1325 88 61 168762 0 0 0
-933 -1639 78 79 152974 0 0 0
-1483 -1594 95 75 816896 0 0 0
-1928 -1225 94 84 613972 0 0 0
-2213 -1193 76 76 525656 0 0 0
-1654 -1639 94 58 721095 0 0 0
-1386 -1586 72 90 234064 0 0 0
-1348 -1869 102 94 891696 0 0 0
-1086 -1908 78 79 694713 0 0 0
-986 -2226 80 65 155348 0 0 0
-743 -1910 69 90 636226 0 0 0
-1126 -1486 58 79 123571 0 0 0
-744 -1684 56 90 757495 0 0 0
-682 -1843 102 84 425444 0 0 0
-1087 -2007 106 72 295762 0 0 0
-601 -2473 73 95 921127 0 0 0
-973 -2913 99 84 777522 0 0 0
-1039 -2844 80 65 304877 0 0 0
-1206 -2256 95 65 785924 0 0 0
-727 -1696 85 84 611718 0 0 0
-1086 -2233 80 70 940499 0 0 0
-1294 -2307 84 72 969437 0 0 0
-1223 -2693 79 78 224782 0 0 0
-1001 -2994 54 57 469648 0 0 0
-930 -2465 80 51 814245 0 0 0
-406 -2572 97 93 302161 0 0 0
-978 -2113 93 81 350716 0 0 0
-1451 -2462 99 91 911282 0 0 0
-1064 -2196 98 69 605447 0 0 0
-529 -2770 88 94 689305 0 0 0
-231 -2941 74 73 347476 0 0 0
-400 -2685 83 59 437568 0 0 0
-492 -2539 64 70 627300 0 0 0
-314 -2602 63 67 177928 0 0 0
-207 -2900 99 60 342142 0 0 0
-77 -2634 58 66 597522 0 0 0
-195 -2966 72 87 801852 0 0 0
276 -3096 101 61 294155 0 0 0
-50 -2846 63 62 216773 0 0 0
-381 -3248 75 92 452532 0 0 0
-271 -3684 67 53 275873 0 0 0
-359 -3373 87 85 733082 0 0 0
-80 -3502 59 96 318437 0 0 0
-438 -3555 93 68 823855 0 0 0
-654 -3425 60 90 765114 0 0 0
-1192 -2948 106 67 540046 0 0 0
-1058 -3244 57 72 669702 0 0 0
-1238 -2776 91 67 243932 0 0 0
-942 -2277 100 61 113876 0 0 0
-474 -2116 62 81 463899 0 0 0
-294 -1968 74 66 441028 0 0 0
-188 -2428 75 61 546924 0 0 0
-22 -2111 93 75 868317 0 0 0
-11 -2221 93 92 124950 0 0 0
553 -2691 91 66 845742 0 0 0
385 -2854 100 53 721155 0 0 0
402 -2641 94 67 211875 0 0 0
147 -2116 96 50 245837 0 0 0
727 -2685 85 64 955878 0 0 0
354 -2096 70 82 642780 0 0 0
281 -1703 104 80 280304 0 0 0
747 -1476 57 60 250222 0 0 0
1037 -1748 57 82 444712 0 0 0
456 -2034 67 64 718148 0 0 0
110 -2277 63 76 854709 0 0 0
117 -1784 87 82 743740 0 0 0
36 -1420 104 92 860989 0 0 0
-230 -1231 78 59 379074 0 0 0
-530 -1737 62 96 880434 0 0 0
-60 -1454 72 83 704626 0 0 0
321 -1766 108 88 550224 0 0 0
-251 -1935 96 82 470599 0 0 0
-249 -1527 84 56 499979 0 0 0
-842 -1590 78 64 668117 0 0 0
-407 -1071 104 85 159301 0 0 0
-626 -568 100 68 628532 0 0 0
-836 -1090 77 95 526124 0 0 0
-107 -356 97 74 378442 0 0 0
-644 -718 66 95 730642 0 0 0
-1208 -169 101 87 262224 0 0 0
-1272 -80 91 79 931091 0 0 0
-1768 -428 83 71 668261 0 0 0
-1375 26 109 73 533325 0 0 0
-1605 249 66 91 157087 0 0 0
-2168 -118 101 74 778743 0 0 0
-2104 54 88 72 470261 0 0 0
-2477 160 101 78 109160 0 0 0
-2979 29 65 65 646942 0 0 0
-2856 537 57 72 499256 0 0 0
-2942 436 69 48 941547 0 0 0
-2379 797 61 62 410870 0 0 0
-2058 298 89 54 628360 0 0 0
-2519 380 61 68 272721 0 0 0
-2050 119 84 69 615776 0 0 0
-2555 -303 81 89 141477 0 0 0
-2957 -151 80 49 802517 0 0 0
-3331 -444 59 93 757750 0 0 0
-3373 92 108 75 363776 0 0 0
-2797 8 78 78 574827 0 0 0
-3183 -244 66 57 158851 0 0 0
-3544 -510 75 91 116375 0 0 0
-3127 -562 54 67 474318 0 0 0
-3657 -838 102 83 935987 0 0 0
-737 642 97 60 885068 0 0 0
-735 365 84 78 787815 0 0 0
-171 -180 103 72 127579 0 0 0
-416 81 89 82 198368 0 0 0
123 -317 87 59 362972 0 0 0
261 -263 97 96 228592 0 0 0
316 -126 92 86 951402 0 0 0
566 341 88 75 897825 0 0 0
978 822 64 59 239765 0 0 0
679 730 93 67 245714 0 0 0
1178 208 105 54 874710 0 0 0
744 -77 99 77 517719 0 0 0
231 179 99 48 535294 0 0 0
-166 676 82 85 993643 0 0 0
130 506 67 77 833005 0 0 0
181 631 57 83 942728 0 0 0
142 655 76 86 626846 0 0 0
64 910 61 96 495743 0 0 0
-499 378 92 60 256930 0 0 0
-336 846 85 63 244903 0 0 0
-844 1280 56 76 813510 0 0 0
-865 1056 76 50 553425 0 0 0
-1180 1646 70 78 144888 0 0 0
-1615 1129 60 79 213520 0 0 0
-2061 863 62 87 215022 0 0 0
-1896 914 107 78 423071 0 0 0
-1601 1496 74 93 801493 0 0 0
-1096 2082 71 58 338730 0 0 0
-1330 1613 90 96 356723 0 0 0
-749 1036 67 49 245402 0 0 0
-495 1174 78 55 115949 0 0 0
-789 1564 68 74 528280 0 0 0
-1145 1669 79 56 861571 0 0 0
-1663 1128 61 77 657286 0 0 0
-1529 1721 84 61 669262 0 0 0
-1227 1626 91 64 633850 0 0 0
-1004 1097 76 73 757763 0 0 0
-891 1370 82 65 815355 0 0 0
-603 1229 74 59 123235 0 0 0
-241 1593 102 72 781255 0 0 0
-104 1435 83 56 130091 0 0 0
-561 1852 87 88 899307 0 0 0
-112 1454 63 85 809629 0 0 0
-486 1861 54 84 327807 0 0 0
-663 1598 61 96 948758 0 0 0
-292 1866 79 75 852964 0 0 0
-701 2116 90 54 963220 0 0 0
-1222 1898 76 72 495197 0 0 0
-649 2281 93 75 424127 0 0 0
-172 2550 63 90 674003 0 0 0
-1200 416 102 93 816090 0 0 0
-818 1007 65 63 560364 0 0 0
-1151 1158 61 81 225374 0 0 0
-1099 1246 55 75 597924 0 0 0
-784 1358 97 86 221820 0 0 0
-899 1551 60 57 975568 0 0 0
-464 2030 81 56 214482 0 0 0
-61 1830 80 92 239489 0 0 0
287 2090 109 72 650311 0 0 0
89 2182 59 65 318574 0 0 0
605 2355 75 92 386080 0 0 0
773 2502 79 86 229468 0 0 0
970 2732 93 70 565839 0 0 0
969 2765 93 76 974532 0 0 0
1562 3360 80 78 782563 0 0 0
1838 3367 78 56 224454 0 0 0
1347 3523 99 84 914406 0 0 0
1456 3336 90 72 970232 0 0 0
1361 3917 109 76 832342 0 0 0
1204 3979 63 95 123791 0 0 0
886 4090 71 50 796928 0 0 0
1343 3839 105 56 607866 0 0 0
1872 3742 66 58 395197 0 0 0
2152 3378 97 64 634370 0 0 0
2377 3703 67 93 826080 0 0 0
1820 3560 81 58 529777 0 0 0
1896 3984 81 48 970158 0 0 0
1872 4158 98 84 329921 0 0 0
1400 4564 66 79 977485 0 0 0
1080 4848 102 64 916525 0 0 0
536 5245 89 73 967692 0 0 0
101 4649 76 64 208606 0 0 0
624 4573 91 78 792492 0 0 0
707 4897 95 55 218567 0 0 0
428 5227 62 96 512680 0 0 0
670 4830 107 73 709367 0 0 0
219 4308 72 54 880224 0 0 0
180 4070 68 88 619455 0 0 0
-419 3596 88 71 397441 0 0 0
-14 3464 101 64 747399 0 0 0
-533 3909 84 72 626253 0 0 0
-631 4278 67 93 482470 0 0 0
-536 4761 86 62 613052 0 0 0
-461 5226 77 58 965080 0 0 0
-582 5751 74 71 175078 0 0 0
-30 5601 105 88 527888 0 0 0
51 5664 104 49 375300 0 0 0
-1084 1278 60 53 538651 0 0 0
-701 1007 86 69 720446 0 0 0
-152 476 69 53 733364 0 0 0
210 -58 66 76 304854 0 0 0
221 255 71 91 691009 0 0 0
-222 -291 101 52 331670 0 0 0
-686 -288 84 67 569630 0 0 0
-1149 151 80 81 688372 0 0 0
-1311 -154 100 93 559671 0 0 0
-1184 184 66 66 564350 0 0 0
-638 683 61 62 812996 0 0 0
-673 753 56 73 865521 0 0 0
-1138 361 61 73 637202 0 0 0
-1195 197 74 75 325410 0 0 0
-1760 -124 70 93 563553 0 0 0
-1502 -254 99 69 987375 0 0 0
-1279 -832 91 95 165521 0 0 0
-1793 -993 98 96 204929 0 0 0
-1954 -1448 100 90 430791 0 0 0
-2137 -1660 95 79 999279 0 0 0
-2420 -2037 104 60 343077 0 0 0
-2507 -1889 88 59 225405 0 0 0
-2062 -2018 65 73 905433 0 0 0
-2054 -1943 99 92 600557 0 0 0
-2460 -2098 54 81 821547 0 0 0
-2598 -2649 101 84 571364 0 0 0
-2993 -3029 104 56 924470 0 0 0
-2757 -2726 91 84 698502 0 0 0
-3317 -2819 61 62 634360 0 0 0
-2961 -2866 62 72 504508 0 0 0
-3529 -3012 64 71 860784 0 0 0
-3183 -3516 99 76 424790 0 0 0
-3329 -3514 74 69 557931 0 0 0
-3085 -3764 91 55 126293 0 0 0
-2695 -4288 109 75 191438 0 0 0
-2219 -4888 86 68 858230 0 0 0
-2767 -5299 108 63 727218 0 0 0
-3073 -5889 73 68 144043 0 0 0
-3444 -5591 77 59 851415 0 0 0
-3191 -5784 54 60 485333 0 0 0
-2803 -5756 69 76 841763 0 0 0
-3363 -5316 95 61 641487 0 0 0
-2965 -5154 55 85 325316 0 0 0
-3327 -4818 81 69 980780 0 0 0
-3008 -4510 104 65 438073 0 0 0
-3182 -3986 75 65 758295 0 0 0
-3181 -3950 86 65 712452 0 0 0
-3169 -4412 98 94 946984 0 0 0
-3353 -4058 109 57 159595 0 0 0
-3450 -4190 104 82 161973 0 0 0
-3559 -3702 56 50 736103 0 0 0
-3627 -3421 54 91 255733 0 0 0
-3973 -3853 54 85 775607 0 0 0
-4260 -4031 94 60 836251 0 0 0
-4315 -3735 108 55 669159 0 0 0
-3911 -4216 89 48 198387 0 0 0
-3766 -4559 90 80 206270 0 0 0
-4250 -4068 97 63 762439 0 0 0
-3741 -4487 101 50 135397 0 0 0
-3586 -4317 58 56 865017 0 0 0
-4155 -4174 66 69 331600 0 0 0
-3677 -4422 93 57 411305 0 0 0
-3769 -4736 108 77 630262 0 0 0
-3915 -4179 66 76 223843 0 0 0
-4407 -4082 93 88 615480 0 0 0
-4495 -3621 99 50 598737 0 0 0
-4028 -3138 92 85 237120 0 0 0
-3608 -2567 105 91 750925 0 0 0
-3622 -2392 83 73 973067 0 0 0
-3971 -1847 67 53 601019 0 0 0
-3848 -2086 104 94 708403 0 0 0
-3850 -1560 80 63 155631 0 0 0
-3911 -1601 99 48 823613 0 0 0
-4459 -1178 63 91 436612 0 0 0
-4727 -1002 77 85 504100 0 0 0
-4521 -1250 86 83 812433 0 0 0
-4116 -1102 105 65 222297 0 0 0
-3666 -1262 81 94 153577 0 0 0
-3279 -1832 77 92 159347 0 0 0
-2827 -2091 71 82 701708 0 0 0
-2447 -2283 66 54 904668 0 0 0
-2571 -1863 96 85 922327 0 0 0
-2398 -1828 73 74 209224 0 0 0
-2289 -1548 66 96 677764 0 0 0
-2118 -1816 79 86 857749 0 0 0
-2426 -1773 85 76 871627 0 0 0
-2467 -1700 74 57 277298 0 0 0
-2278 -2157 62 93 395639 0 0 0
-2432 -2301 89 83 489285 0 0 0
-2150 -2201 87 65 552561 0 0 0
-1902 -2222 73 59 417188 0 0 0
-2424 -2807 104 49 943895 0 0 0
-1979 -2890 96 61 490140 0 0 0
-1741 -3282 82 58 179092 0 0 0
-1555 -2982 60 87 373034 0 0 0
-1256 -2658 108 54 261450 0 0 0
-667 -2406 109 94 316682 0 0 0
-438 -2240 67 58 606687 0 0 0
-315 -2489 109 88 758233 0 0 0
-372 -2117 73 83 518030 0 0 0
-892 -2251 96 51 175842 0 0 0
-1317 -1663 92 92 400908 0 0 0
-1349 -1734 75 53 864878 0 0 0
-1293 -1397 109 81 428062 0 0 0
-1338 -1733 54 60 572817 0 0 0
-875 -2249 58 64 472750 0 0 0
-1086 -2037 68 92 637338 0 0 0
-567 -2629 73 48 546898 0 0 0
-729 -2651 94 71 570278 0 0 0
-187 -3251 60 71 992932 0 0 0
-403 -2935 87 75 537551 0 0 0
-23 -3280 102 91 492129 0 0 0
-328 -999 65 78 152866 0 0 0
-560 -451 95 86 820428 0 0 0
-209 -913 60 49 303026 0 0 0
223 -1210 101 69 164111 0 0 0
679 -1298 69 58 877240 0 0 0
1275 -1418 103 79 266127 0 0 0
1177 -1711 82 62 274912 0 0 0
1535 -1553 100 70 791901 0 0 0
1058 -1642 61 72 766199 0 0 0
1098 -1767 96 85 903310 0 0 0
886 -2321 81 88 513097 0 0 0
565 -1901 54 74 421109 0 0 0
257 -1919 99 51 255060 0 0 0
805 -1371 86 72 775738 0 0 0
282 -1437 86 83 621884 0 0 0
-295 -1436 60 77 228112 0 0 0
42 -910 60 70 889687 0 0 0
-98 -765 60 62 449790 0 0 0
-215 -414 74 77 314517 0 0 0
242 -412 92 73 712363 0 0 0
273 -396 68 79 863329 0 0 0
548 -266 87 87 438810 0 0 0
230 -599 59 92 146838 0 0 0
803 -9 66 66 479520 0 0 0
309 -112 72 61 791773 0 0 0
660 216 54 67 957969 0 0 0
727 557 102 94 541485 0 0 0
483 -30 54 70 494874 0 0 0
683 -325 96 77 448639 0 0 0
1133 76 60 67 485467 0 0 0
723 229 95 84 528012 0 0 0
998 -340 102 85 875448 0 0 0
597 -563 73 89 186022 0 0 0
481 -722 97 72 982622 0 0 0
119 -168 103 82 347139 0 0 0
288 -619 107 59 504550 0 0 0
562 -408 56 84 921738 0 0 0
597 59 75 71 959623 0 0 0
985 -487 89 66 750275 0 0 0
484 71 98 53 385789 0 0 0
781 525 108 66 224615 0 0 0
199 805 105 64 432062 0 0 0
670 -59 96 79 894322 0 0 0
176 -424 105 72 400824 0 0 0
66 -280 93 85 218733 0 0 0
-141 -220 93 71 678536 0 0 0
-735 -422 60 65 638724 0 0 0
-1311 142 92 54 410505 0 0 0
-1598 268 105 90 503549 0 0 0
-1502 458 57 77 623519 0 0 0
-1381 574 79 48 482447 0 0 0
-1634 938 90 56 918281 0 0 0
-1613 686 90 68 988561 0 0 0
-2186 1095 78 73 262180 0 0 0
-1586 725 56 64 259230 0 0 0
-1117 758 88 62 269267 0 0 0
-1585 305 65 91 118018 0 0 0
-1518 282 75 57 743165 0 0 0
-1880 -161 55 68 823557 0 0 0
-1599 206 71 84 907573 0 0 0
-1457 672 105 51 627678 0 0 0
-1671 126 65 92 641156 0 0 0
-1102 310 108 64 504630 0 0 0
-521 623 96 81 604658 0 0 0
-386 471 108 55 530359 0 0 0
-870 424 56 87 502416 0 0 0
-1261 63 85 61 780487 0 0 0
-1259 -123 97 71 753931 0 0 0
-684 322 99 63 782865 0 0 0
-553 413 64 76 566782 0 0 0
-128 207 107 81 837640 0 0 0
262 613 109 67 383352 0 0 0
683 1062 92 88 394630 0 0 0
710 981 81 96 232190 0 0 0
892 1486 84 53 626228 0 0 0
1381 1270 84 74 286799 0 0 0
1705 1555 59 91 799676 0 0 0
2171 1332 104 72 896018 0 0 0
1768 1744 69 87 244862 0 0 0
1565 1851 79 79 231197 0 0 0
974 1820 61 66 243554 0 0 0
613 1400 68 58 910987 0 0 0
175 1997 55 49 664744 0 0 0
419 2099 94 51 968210 0 0 0
970 2004 89 54 530948 0 0 0
1216 2540 64 74 218333 0 0 0
1277 2384 76 85 554602 0 0 0
1620 2509 90 65 757856 0 0 0
1253 1969 97 78 603026 0 0 0
1752 2286 78 71 527541 0 0 0
1210 1733 81 48 624370 0 0 0
779 1905 77 69 187205 0 0 0
1379 2313 61 80 958292 0 0 0
1243 2329 72 85 817878 0 0 0
1753 2438 72 53 674672 0 0 0
1535 2789 93 50 905403 0 0 0
1181 2867 79 95 718811 0 0 0
1665 3076 68 50 923250 0 0 0
1081 3638 57 77 382258 0 0 0
992 4064 65 85 307667 0 0 0
1314 4038 78 63 196541 0 0 0
1695 3832 108 79 704022 0 0 0
1822 3624 95 51 906419 0 0 0
1993 4120 54 76 543379 0 0 0
2308 4179 75 56 974573 0 0 0
1955 4765 107 60 627125 0 0 0
1564 5023 79 83 522362 0 0 0
1672 4883 97 79 529518 0 0 0
2064 5466 92 63 794285 0 0 0
2538 4956 91 66 901225 0 0 0
2380 5118 66 80 278080 0 0 0
2681 5534 66 54 329938 0 0 0
2488 5845 99 86 894680 0 0 0
2101 5982 59 67 183330 0 0 0
1928 5825 95 65 894169 0 0 0
1328 5756 90 63 763188 0 0 0
1614 6341 102 57 451951 0 0 0
1080 5983 86 69 680505 0 0 0
582 6477 74 95 456652 0 0 0
2 6060 98 89 796680 0 0 0
-325 5965 58 87 952958 0 0 0
-399 5425 58 51 450410 0 0 0
-379 4931 62 78 451044 0 0 0
-175 4902 61 53 702690 0 0 0
-733 4882 88 48 406744 0 0 0
-1189 5278 87 63 689086 0 0 0
-1746 5077 60 77 850808 0 0 0
-1378 5013 62 83 926678 0 0 0
-852 5398 86 57 803215 0 0 0
-264 4846 96 79 876135 0 0 0
279 4896 91 56 847632 0 0 0
194 5090 98 52 671890 0 0 0
315 4636 62 53 270496 0 0 0
358 5231 86 63 916321 0 0 0
903 4637 57 85 219006 0 0 0
568 4056 59 81 660750 0 0 0
518 3947 96 49 880480 0 0 0
814 3572 80 72 201765 0 0 0
1247 3504 68 68 585021 0 0 0
1357 3096 58 94 474307 0 0 0
1369 3452 108 63 465830 0 0 0
1348 3098 83 51 448688 0 0 0
947 3679 105 51 499260 0 0 0
1374 3413 79 73 443555 0 0 0
-791 -92 104 68 440351 0 0 0
-335 -495 73 75 616075 0 0 0
236 -300 62 58 805655 0 0 0
466 -108 79 95 185412 0 0 0
76 30 83 60 249456 0 0 0
-36 155 94 75 536532 0 0 0
876 343 101 90 184300 0 0 0
1165 831 87 54 399636 0 0 0
1239 1226 94 83 980658 0 0 0
1181 1680 76 85 283935 0 0 0
1018 1536 74 91 485763 0 0 0
619 1046 55 90 179236 0 0 0
123 711 102 72 644167 0 0 0
610 518 56 95 494684 0 0 0
269 13 91 66 136843 0 0 0
775 94 108 59 525410 0 0 0
750 496 92 75 374774 0 0 0
541 498 109 65 101822 0 0 0
506 111 78 69 430800 0 0 0
772 -385 80 73 967650 0 0 0
222 -536 66 67 326867 0 0 0
433 -788 108 85 835563 0 0 0
42 -1098 60 85 286694 0 0 0
244 -608 69 65 464825 0 0 0
-237 -560 59 71 930409 0 0 0
238 -158 98 79 315316 0 0 0
266 432 82 91 210517 0 0 0
-273 406 101 94 374497 0 0 0
-534 513 93 68 987684 0 0 0
-687 522 79 74 940706 0 0 0
-914 1103 75 79 506135 0 0 0
-1494 790 74 65 693077 0 0 0
-1780 1355 105 66 729178 0 0 0
-1207 1159 59 93 939833 0 0 0
-915 1538 75 76 590569 0 0 0
-467 1907 90 71 280264 0 0 0
-669 2341 65 52 580899 0 0 0
-845 1914 74 59 161902 0 0 0
-545 1544 87 70 393327 0 0 0
-986 1157 57 69 746122 0 0 0
-672 1696 91 85 552654 0 0 0
-1085 2068 60 85 808380 0 0 0
-1607 2573 65 48 814571 0 0 0
-2031 3072 98 82 237918 0 0 0
-2537 2478 104 89 224637 0 0 0
-2476 1995 98 77 710420 0 0 0
-2091 2150 87 74 909976 0 0 0
-2590 1918 74 74 640017 0 0 0
-2802 2085 60 75 279760 0 0 0
-2848 2096 96 90 699156 0 0 0
-2394 1817 72 95 459893 0 0 0
-2747 1455 96 61 892238 0 0 0
-2186 1265 91 63 417020 0 0 0
-2786 1222 63 88 272967 0 0 0
-3210 1052 89 67 154788 0 0 0
-3534 651 101 63 711184 0 0 0
-3677 851 60 88 785540 0 0 0
-4065 714 54 91 396112 0 0 0
-4237 206 70 79 935282 0 0 0
-3926 63 86 76 502502 0 0 0
-4443 -164 102 75 791458 0 0 0
-4464 -102 60 75 692156 0 0 0
-4877 -456 77 80 363289 0 0 0
-5111 -217 89 86 994050 0 0 0
-5315 -518 69 67 326859 0 0 0
-5587 -1029 105 92 825852 0 0 0
-5775 -1097 101 65 800099 0 0 0
-5374 -758 78 75 373165 0 0 0
-5820 -1049 100 91 247951 0 0 0
-5289 -691 81 78 504321 0 0 0
-557 1857 100 68 963253 0 0 0
-675 1298 109 92 520131 0 0 0
-677 1633 93 60 572659 0 0 0
-1088 1338 100 91 809364 0 0 0
-645 1052 102 52 907984 0 0 0
-833 882 71 95 921623 0 0 0
-1396 583 60 65 272466 0 0 0
-975 1044 102 61 208085 0 0 0
-659 735 106 75 303206 0 0 0
-906 1296 84 77 320769 0 0 0
-586 1107 55 90 856901 0 0 0
-338 1678 79 53 343567 0 0 0
-744 2070 82 93 866623 0 0 0
-379 1633 56 72 757325 0 0 0
-397 1982 79 80 928720 0 0 0
-150 1427 106 65 471091 0 0 0
-179 920 90 77 596458 0 0 0
380 919 73 88 518701 0 0 0
272 1016 88 52 881991 0 0 0
759 619 75 63 877545 0 0 0
775 312 77 52 587632 0 0 0
356 323 87 66 507829 0 0 0
507 350 95 96 455536 0 0 0
572 934 69 79 818594 0 0 0
83 789 69 67 358533 0 0 0
38 287 60 56 666139 0 0 0
106 797 99 61 920524 0 0 0
673 921 103 54 588678 0 0 0
1094 936 105 90 298847 0 0 0
1489 589 94 90 515271 0 0 0
1673 228 59 95 421832 0 0 0
1835 267 94 73 471228 0 0 0
1636 -84 64 61 785116 0 0 0
1805 446 86 95 903873 0 0 0
1547 1030 95 92 209009 0 0 0
1383 1586 59 58 561295 0 0 0
939 1356 77 56 817646 0 0 0
691 889 88 84 283361 0 0 0
725 632 67 72 991465 0 0 0
1017 386 90 84 945114 0 0 0
1373 14 101 71 568273 0 0 0
902 -446 96 95 216404 0 0 0
1152 -940 54 69 967706 0 0 0
1365 -1119 88 87 563210 0 0 0
836 -716 81 95 496186 0 0 0
907 -428 58 69 773663 0 0 0
1308 -808 109 64 127786 0 0 0
1233 -487 109 75 425421 0 0 0
1599 -369 71 64 760996 0 0 0
2018 -685 66 58 242642 0 0 0
1788 -351 75 54 805775 0 0 0
1850 168 101 79 652188 0 0 0
2221 209 61 92 178284 0 0 0
1877 15 69 81 390172 0 0 0
1613 -558 69 68 194822 0 0 0
2023 -326 109 95 484881 0 0 0
1823 -137 76 66 760926 0 0 0
2083 -219 81 77 765454 0 0 0
2163 86 84 65 775959 0 0 0
2376 -381 88 88 404557 0 0 0
2894 -473 88 65 482747 0 0 0
3337 -160 73 57 708553 0 0 0
3198 -468 101 63 850992 0 0 0
2788 23 82 71 394818 0 0 0
2809 -305 91 83 280567 0 0 0
2863 -36 71 52 943103 0 0 0
2690 -13 94 72 733794 0 0 0
2882 137 64 69 360446 0 0 0
2823 83 86 69 507592 0 0 0
3202 502 55 57 153079 0 0 0
3137 430 73 90 655358 0 0 0
3610 738 59 86 682011 0 0 0
3253 1228 81 65 156738 0 0 0
2908 978 108 94 271369 0 0 0
2985 1254 83 82 655689 0 0 0
3469 1560 55 77 592114 0 0 0
3272 2048 81 69 965611 0 0 0
3120 1704 88 92 890844 0 0 0
2600 1705 95 96 949758 0 0 0
2240 1312 96 79 939527 0 0 0
2359 1445 99 75 745961 0 0 0
2764 1978 89 53 890012 0 0 0
2472 1541 82 93 917933 0 0 0
2687 1305 108 91 729913 0 0 0
2205 1505 95 49 503130 0 0 0
1624 1877 109 56 987852 0 0 0
1385 1531 59 94 507089 0 0 0
1141 1964 106 61 795440 0 0 0
1302 1774 81 84 826846 0 0 0
-485 -2076 65 76 971031 0 0 0
-399 -1799 72 63 461241 0 0 0
-862 -1481 93 94 133179 0 0 0
-862 -1108 106 51 330762 0 0 0
-890 -1117 104 60 925898 0 0 0
-1171 -1498 72 89 560082 0 0 0
-1197 -938 93 75 988193 0 0 0
-982 -530 54 65 159059 0 0 0
-1273 -1024 69 77 706776 0 0 0
-1548 -1110 84 78 578110 0 0 0
-1922 -1658 109 82 395730 0 0 0
-1784 -1083 105 61 866529 0 0 0
-2093 -1470 72 80 254179 0 0 0
-1927 -1564 102 76 754071 0 0 0
-1622 -1604 56 79 268942 0 0 0
-2142 -2132 106 55 274881 0 0 0
-2273 -2614 89 72 472951 0 0 0
-2059 -2198 95 68 251450 0 0 0
-2202 -1734 74 94 229872 0 0 0
-1773 -1638 92 95 674410 0 0 0
-2191 -2118 96 60 915265 0 0 0
-2088 -2046 103 92 450435 0 0 0
-2300 -1463 56 96 501074 0 0 0
-2626 -1561 97 69 105626 0 0 0
-2246 -1686 108 88 788788 0 0 0
-2276 -1595 74 57 124303 0 0 0
-2613 -2078 61 92 514036 0 0 0
-2433 -1799 59 86 535582 0 0 0
-1881 -1515 84 92 132986 0 0 0
-2382 -1685 76 61 733857 0 0 0
-2633 -1470 102 53 135042 0 0 0
-2307 -1467 68 57 268042 0 0 0
-1762 -1706 74 77 763503 0 0 0
-2180 -1366 103 89 577569 0 0 0
-2676 -1600 78 66 326581 0 0 0
-2686 -1294 102 85 835352 0 0 0
-2356 -1793 81 94 356438 0 0 0
-2649 -1624 77 65 520241 0 0 0
-2063 -1227 63 67 841935 0 0 0
-1875 -1655 104 50 386558 0 0 0
-1988 -1614 87 90 650984 0 0 0
-1715 -1477 64 78 173985 0 0 0
-2299 -1760 93 52 687731 0 0 0
-2004 -1679 85 58 849796 0 0 0
-2106 -1192 79 51 538078 0 0 0
-2411 -1397 85 70 895270 0 0 0
-1992 -1718 85 67 136038 0 0 0
-1527 -2212 84 74 820141 0 0 0
-1426 -1695 84 53 243996 0 0 0
-1733 -2177 83 81 794633 0 0 0
-1913 -2067 66 86 529824 0 0 0
-1650 -1890 94 50 471291 0 0 0
-1138 -2181 104 89 588188 0 0 0
-1659 -2705 100 79 414659 0 0 0
-2255 -2605 58 87 938813 0 0 0
-2311 -2252 84 96 372688 0 0 0
-2613 -2263 71 54 672310 0 0 0
-2091 -2285 90 57 595667 0 0 0
-2140 -1811 109 95 714736 0 0 0
-2552 -1960 69 54 148136 0 0 0
-2070 -1867 100 68 508569 0 0 0
-1633 -1952 78 89 967827 0 0 0
-1094 -1755 105 82 539823 0 0 0
-1097 -2047 63 79 980222 0 0 0
-1190 -1935 90 88 562695 0 0 0
-1135 -1858 77 74 114745 0 0 0
-1643 -1832 81 65 693667 0 0 0
-176 321 54 62 115159 0 0 0
-410 693 79 75 930787 0 0 0
-376 547 103 50 578841 0 0 0
-538 1101 74 88 205883 0 0 0
-322 847 89 87 364747 0 0 0
-516 1413 65 61 102461 0 0 0
-344 1725 57 67 234317 0 0 0
-123 2222 62 82 839197 0 0 0
390 1734 61 64 764645 0 0 0
91 1910 92 93 391518 0 0 0
-180 2133 56 64 838342 0 0 0
-150 1986 68 96 944057 0 0 0
-624 2206 64 90 783120 0 0 0
-215 2587 97 56 918305 0 0 0
174 2509 93 66 778650 0 0 0
758 2659 57 53 617628 0 0 0
605 2797 92 67 909019 0 0 0
497 2753 77 57 897124 0 0 0
745 2640 81 93 922855 0 0 0
422 2560 97 89 696892 0 0 0
432 2954 58 55 349644 0 0 0
1019 3153 104 66 693446 0 0 0
962 3732 88 83 218496 0 0 0
523 4205 94 67 147570 0 0 0
100 4765 69 94 425874 0 0 0
-53 4817 101 96 548334 0 0 0
-436 4434 108 64 196582 0 0 0
-859 4065 98 71 452229 0 0 0
-813 3824 81 86 883235 0 0 0
-1049 3391 108 95 268116 0 0 0
-571 3762 100 76 953602 0 0 0
-601 4125 105 75 666220 0 0 0
-441 4121 102 72 858412 0 0 0
-757 3672 76 65 828419 0 0 0
-938 3958 86 55 997343 0 0 0
-773 4133 82 82 971927 0 0 0
-750 3916 79 82 939360 0 0 0
-207 4349 88 70 952623 0 0 0
-753 4785 73 48 656494 0 0 0
-891 5290 60 69 145745 0 0 0
-445 5445 106 93 458798 0 0 0
18 5151 95 55 678938 0 0 0
-9 5709 80 56 854518 0 0 0
-459 5871 108 48 841267 0 0 0
-687 5607 82 51 605705 0 0 0
-344 5323 65 59 275383 0 0 0
-867 4977 95 52 275379 0 0 0
-1170 5447 69 68 143774 0 0 0
-665 4930 70 92 454074 0 0 0
-1070 5384 95 60 424189 0 0 0
-1644 5106 67 51 981226 0 0 0
-2202 4775 59 77 105889 0 0 0
-2445 5100 65 51 215345 0 0 0
-3037 4721 59 63 284766 0 0 0
-2881 4563 70 61 159591 0 0 0
-2977 3986 64 55 490500 0 0 0
-2410 4444 85 67 795029 0 0 0
-2487 4487 56 65 321022 0 0 0
-2262 4572 85 68 370169 0 0 0
-2728 4999 93 66 203828 0 0 0
-2456 4906 71 91 700221 0 0 0
-3027 5030 64 66 332788 0 0 0
-3347 5559 87 67 608526 0 0 0
-3478 5872 105 69 994844 0 0 0
-3748 6094 56 65 954203 0 0 0
-3294 6624 89 81 194895 0 0 0
-3206 6750 77 65 454905 0 0 0
-2910 6842 58 77 313439 0 0 0
-3033 6982 72 49 675985 0 0 0
-3608 7030 66 64 834162 0 0 0
-3348 7393 106 68 455527 0 0 0
-3355 7757 89 89 793272 0 0 0
-3839 8107 87 88 651163 0 0 0
-3635 8413 74 70 865441 0 0 0
-1994 -1310 104 95 622195 0 0 0
-1722 -799 74 85 237714 0 0 0
-1839 -306 82 65 373104 0 0 0
-1745 -242 78 73 948708 0 0 0
-1794 -551 88 96 699001 0 0 0
-1698 -1118 107 74 685242 0 0 0
-2253 -1287 79 87 187783 0 0 0
-2453 -1816 108 56 545692 0 0 0
-2917 -1758 64 70 850002 0 0 0
-2318 -2353 70 94 802883 0 0 0
-2466 -2078 77 65 159479 0 0 0
-2505 -2479 63 91 649727 0 0 0
-2368 -1959 61 64 362309 0 0 0
-1831 -2113 93 52 263196 0 0 0
-1914 -1861 109 94 685915 0 0 0
-2079 -2096 80 77 397662 0 0 0
-1558 -2343 78 80 846616 0 0 0
-1756 -2271 62 65 758021 0 0 0
-1653 -2853 92 76 772987 0 0 0
-1086 -2875 106 52 270610 0 0 0
-503 -2482 61 48 573986 0 0 0
-545 -3075 61 83 380838 0 0 0
-514 -3474 67 61 903679 0 0 0
-565 -3123 71 56 391492 0 0 0
-789 -3355 98 65 778293 0 0 0
-636 -2859 70 72 331227 0 0 0
-555 -2388 63 57 185809 0 0 0
-201 -2252 92 80 942118 0 0 0
-685 -1872 67 72 457887 0 0 0
-206 -2139 63 88 898737 0 0 0
-505 -2316 64 75 388260 0 0 0
-955 -2202 95 68 274610 0 0 0
-1078 -1798 84 62 460296 0 0 0
-1389 -1843 83 62 570346 0 0 0
-885 -1803 87 93 449811 0 0 0
-829 -1622 101 49 356544 0 0 0
-1133 -1255 70 48 279271 0 0 0
-1548 -1059 54 80 766170 0 0 0
-1903 -526 106 92 131723 0 0 0
-2318 -619 68 80 891788 0 0 0
-2415 -608 75 60 931627 0 0 0
-2915 -79 81 76 358798 0 0 0
-2322 429 65 69 140661 0 0 0
-2673 800 69 52 842416 0 0 0
-2700 1368 77 51 548755 0 0 0
-2542 846 74 84 635334 0 0 0
-2877 1102 82 78 521436 0 0 0
-2651 1131 76 62 954411 0 0 0
-2412 613 85 93 429464 0 0 0
-2283 285 60 60 931336 0 0 0
-2601 225 96 50 605762 0 0 0
-3107 -108 100 57 644442 0 0 0
-2535 -350 85 60 567443 0 0 0
-2785 -752 95 51 138650 0 0 0
-2856 -1136 98 69 425177 0 0 0
-2382 -1048 87 62 293146 0 0 0
-2323 -787 73 76 257199 0 0 0
-2152 -417 99 55 357468 0 0 0
-2037 176 62 56 420132 0 0 0
-2342 102 82 79 924503 0 0 0
-2675 367 83 69 970425 0 0 0
-2039 -1707 108 93 481405 0 0 0
-1544 -1400 60 80 274799 0 0 0
-1433 -1325 97 68 730888 0 0 0
-1088 -1703 99 77 969201 0 0 0
-1057 -1112 92 55 533792 0 0 0
-1354 -630 69 58 698897 0 0 0
-1893 -720 89 67 233115 0 0 0
-2066 -269 54 68 307582 0 0 0
-2428 -511 85 94 673520 0 0 0
-2821 -34 109 88 108823 0 0 0
-3418 -166 87 51 126855 0 0 0
-2970 337 81 65 953501 0 0 0
-3217 613 60 81 901280 0 0 0
-3404 643 71 61 663737 0 0 0
-3269 159 96 61 615413 0 0 0
-3588 207 109 83 286583 0 0 0
-3763 -280 73 79 192497 0 0 0
-3787 -453 108 75 442526 0 0 0
-3842 -440 74 80 912826 0 0 0
-3719 -19 95 74 632134 0 0 0
-3862 572 108 65 842725 0 0 0
-4262 1139 78 75 743799 0 0 0
-4123 716 66 73 680523 0 0 0
-4285 195 64 93 833817 0 0 0
-4843 23 100 51 609634 0 0 0
-5114 -237 86 85 503562 0 0 0
-5329 52 79 65 218653 0 0 0
-5030 141 77 87 135212 0 0 0
-5451 82 100 63 529365 0 0 0
-5897 240 83 83 132262 0 0 0
-6322 176 89 87 159366 0 0 0
-6218 -253 75 66 571294 0 0 0
-6814 43 104 75 815599 0 0 0
-6462 -240 108 74 268411 0 0 0
-6428 -134 90 69 955773 0 0 0
-6748 78 68 53 870076 0 0 0
-6479 -432 63 54 670797 0 0 0
-6058 -768 57 56 553438 0 0 0
-6459 -417 73 71 382311 0 0 0
-6289 -819 86 62 467731 0 0 0
-6535 -585 78 53 769174 0 0 0
-6486 -849 108 94 984538 0 0 0
-6757 -1223 61 76 812806 0 0 0
-6789 -1155 60 96 521834 0 0 0
-6573 -943 55 85 432907 0 0 0
-6600 -437 83 48 523952 0 0 0
-6689 138 58 89 788365 0 0 0
-6267 175 73 91 327652 0 0 0
-6139 136 56 65 730042 0 0 0
-5995 -89 109 76 706500 0 0 0
-5444 -634 61 73 541967 0 0 0
-5176 -1227 67 95 115819 0 0 0
58 1559 79 71 177833 0 0 0
644 1150 75 78 715532 0 0 0
248 624 72 93 318412 0 0 0
541 910 61 69 676481 0 0 0
889 941 68 80 884280 0 0 0
975 513 100 57 538145 0 0 0
807 269 93 79 877523 0 0 0
1214 -26 78 87 645445 0 0 0
1129 324 95 70 274718 0 0 0
1590 -238 85 50 744846 0 0 0
1680 162 94 80 570306 0 0 0
1927 406 82 60 679180 0 0 0
2436 326 72 71 718210 0 0 0
2507 811 77 95 535077 0 0 0
2869 628 82 73 492384 0 0 0
2939 474 99 73 359365 0 0 0
1861 -846 105 66 976232 0 0 0
1858 -1265 61 77 738085 0 0 0
1910 -1490 77 80 254991 0 0 0
1746 -1679 81 74 923703 0 0 0
1537 -1133 55 71 671922 0 0 0
1761 -548 86 92 724792 0 0 0
1650 -480 101 86 789767 0 0 0
1421 -162 90 81 998601 0 0 0
1400 438 97 69 588647 0 0 0
1057 953 56 92 900857 0 0 0
1332 1143 102 60 151887 0 0 0
1655 930 78 60 630246 0 0 0
1442 1123 95 53 400342 0 0 0
1000 1113 91 79 599918 0 0 0
1184 1551 101 85 714303 0 0 0
697 1034 93 68 477348 0 0 0
1271 1069 76 77 696647 0 0 0
1613 1213 104 66 921024 0 0 0
1635 1251 64 89 850098 0 0 0
1233 1755 108 56 440450 0 0 0
1033 1790 63 86 893886 0 0 0
1429 2214 84 49 735995 0 0 0
1882 2235 54 66 112722 0 0 0
2157 1818 73 90 356530 0 0 0
2375 2242 84 95 593377 0 0 0
2216 2269 88 87 349542 0 0 0
1839 2005 100 66 585543 0 0 0
2409 1574 58 95 561617 0 0 0
2399 1081 107 66 559593 0 0 0
2888 1050 91 52 512367 0 0 0
3122 827 82 89 989262 0 0 0
1696 2330 101 64 500030 0 0 0
1538 2254 99 65 163413 0 0 0
1897 2658 83 81 503096 0 0 0
1417 2863 60 91 132231 0 0 0
1858 2467 99 57 408243 0 0 0
1677 2061 68 87 591856 0 0 0
2080 2493 73 59 643003 0 0 0
2459 3012 75 62 446436 0 0 0
3030 3062 64 72 674118 0 0 0
2525 3001 79 95 340551 0 0 0
2303 2720 66 83 566977 0 0 0
1866 2196 69 89 612452 0 0 0
1667 1922 54 54 268574 0 0 0
1868 2020 104 91 768387 0 0 0
2067 2046 91 75 538831 0 0 0
2094 1510 66 84 328910 0 0 0
1558 1016 80 55 482400 0 0 0
1140 1431 89 80 554381 0 0 0
1097 923 88 53 835878 0 0 0
872 1042 75 56 753460 0 0 0
1226 1426 74 70 668947 0 0 0
907 1057 94 66 633348 0 0 0
1285 853 59 78 582041 0 0 0
1711 647 55 49 826976 0 0 0
1523 151 102 64 769484 0 0 0
1339 -386 78 83 530152 0 0 0
1628 -603 95 66 500574 0 0 0
1488 -572 84 50 607680 0 0 0
1100 -85 106 74 138458 0 0 0
818 277 83 58 629165 0 0 0
978 631 76 77 339607 0 0 0
671 275 100 81 553362 0 0 0
159 812 63 89 188870 0 0 0
-357 580 91 84 107497 0 0 0
-332 1168 103 56 825682 0 0 0
-47 1764 68 50 357989 0 0 0
-3 1489 96 71 616864 0 0 0
571 1191 81 53 493395 0 0 0
1069 1478 70 65 679707 0 0 0
980 1217 109 87 287860 0 0 0
349 1988 105 68 341297 0 0 0
361 1974 62 96 367843 0 0 0
125 1749 54 66 475386 0 0 0
-48 1356 86 81 757341 0 0 0
-173 1668 80 80 243775 0 0 0
-347 1734 67 66 477624 0 0 0
-174 1349 72 85 354242 0 0 0
-650 880 76 49 830994 0 0 0
-67 581 62 70 484822 0 0 0
-410 813 101 91 844274 0 0 0
-489 1146 65 68 498008 0 0 0
-225 852 85 65 601948 0 0 0
-675 861 55 53 377346 0 0 0
-1192 1069 55 51 388329 0 0 0
-1155 1485 94 80 633332 0 0 0
-1561 1890 62 79 590691 0 0 0
-1637 2080 92 95 236181 0 0 0
-1391 1901 91 77 917023 0 0 0
-1963 2237 62 73 384110 0 0 0
-1455 1751 91 85 944963 0 0 0
-958 1658 64 93 616732 0 0 0
-392 1452 99 76 768329 0 0 0
-392 1817 68 73 913366 0 0 0
-249 1301 76 64 410590 0 0 0
-337 1736 91 77 193539 0 0 0
-610 1775 70 89 712921 0 0 0
-364 1420 84 75 520614 0 0 0
62 1503 106 85 163833 0 0 0
-252 1609 98 93 504099 0 0 0
274 1832 67 71 592801 0 0 0
581 1831 85 57 577420 0 0 0
511 1427 107 61 115576 0 0 0
637 1153 62 74 228264 0 0 0
402 1251 102 82 701491 0 0 0
862 727 58 94 856893 0 0 0
570 642 80 76 303139 0 0 0
471 841 104 73 648958 0 0 0
389 648 58 62 163211 0 0 0
279 549 65 58 761665 0 0 0
-37 812 96 68 667805 0 0 0
86 495 109 87 155783 0 0 0
535 219 100 90 418223 0 0 0
744 349 88 95 468193 0 0 0
692 -178 107 79 100227 0 0 0
1275 -227 107 80 638745 0 0 0
1859 -141 75 92 106619 0 0 0
2216 -689 90 94 755542 0 0 0
2281 -209 106 81 955551 0 0 0
2306 -503 81 73 520508 0 0 0
2692 -255 63 68 838964 0 0 0
2216 24 76 50 779171 0 0 0
1840 -268 109 60 762719 0 0 0
2083 -678 76 67 283205 0 0 0
2542 -969 88 93 595445 0 0 0
3101 -1403 58 85 660861 0 0 0
3617 -1418 61 74 921096 0 0 0
3930 -1184 74 74 632536 0 0 0
4270 -1497 73 73 827877 0 0 0
4663 -1971 106 88 988098 0 0 0
4467 -2360 66 93 778736 0 0 0
4326 -2765 67 71 702647 0 0 0
4025 -2854 57 59 392121 0 0 0
3479 -3041 107 95 872454 0 0 0
2966 -2631 90 91 347373 0 0 0
2957 -2984 81 60 401011 0 0 0
3100 -2523 72 58 729414 0 0 0
3213 -2950 90 71 278311 0 0 0
2722 -2563 54 58 125419 0 0 0
2903 -2459 55 80 248516 0 0 0
3382 -2503 100 49 187833 0 0 0
3325 -2063 61 61 798101 0 0 0
3010 -1698 57 83 738076 0 0 0
3035 -1125 64 74 362023 0 0 0
2896 -1462 73 87 689174 0 0 0
2584 -1556 104 59 839058 0 0 0
2892 -1859 79 73 586729 0 0 0
3124 -1339 96 76 428492 0 0 0
3020 -992 64 51 364065 0 0 0
2776 -988 79 69 549453 0 0 0
-1204 -1033 59 91 526375 0 0 0
-1740 -1089 56 70 749679 0 0 0
-2239 -577 106 72 331207 0 0 0
-1922 -532 58 75 920738 0 0 0
-1348 -903 69 68 213234 0 0 0
-1196 -993 107 72 950686 0 0 0
-997 -537 68 65 392504 0 0 0
-424 -66 87 78 189380 0 0 0
167 -326 57 69 915813 0 0 0
519 -440 105 49 269730 0 0 0
82 92 82 90 299762 0 0 0
14 668 89 86 158986 0 0 0
-182 1004 79 75 261776 0 0 0
-575 677 67 66 831779 0 0 0
-933 404 70 52 643291 0 0 0
2205 -1773 95 89 120370 0 0 0
1884 -1222 71 92 971714 0 0 0
1612 -1087 101 94 370986 0 0 0
1309 -1471 71 81 411309 0 0 0
837 -1731 84 68 397271 0 0 0
1164 -1285 72 53 225299 0 0 0
1449 -1180 80 79 237222 0 0 0
894 -1218 89 71 715986 0 0 0
1353 -895 95 89 936445 0 0 0
759 -420 75 79 637680 0 0 0
1203 -999 65 86 962181 0 0 0
1527 -685 100 86 235865 0 0 0
2083 -841 108 53 620622 0 0 0
2022 -1411 103 89 127473 0 0 0
2408 -852 88 85 750285 0 0 0
2520 -1308 108 60 808049 0 0 0
1971 -1024 95 75 180846 0 0 0
2040 -999 73 87 649725 0 0 0
1586 -784 108 59 853674 0 0 0
2104 -399 74 92 279794 0 0 0
1542 -490 62 65 127004 0 0 0
1119 -882 57 68 279899 0 0 0
1650 -520 85 89 127936 0 0 0
1399 -768 105 49 723560 0 0 0
1577 -1315 61 69 399412 0 0 0
1915 -1231 86 54 895029 0 0 0
2023 -931 82 78 392048 0 0 0
2589 -985 91 67 487995 0 0 0
2593 -987 55 95 351452 0 0 0
2126 -578 70 49 469767 0 0 0
1995 -683 80 66 569536 0 0 0
1940 -1059 98 62 587899 0 0 0
2269 -865 92 88 190372 0 0 0
2170 -800 77 74 789726 0 0 0
1742 -510 81 52 155782 0 0 0
1406 -624 69 76 324503 0 0 0
1343 -60 92 75 748576 0 0 0
1192 -421 73 63 983323 0 0 0
1456 -231 99 91 743201 0 0 0
2024 -319 106 79 580853 0 0 0
2402 203 85 59 553312 0 0 0
2916 54 63 95 639866 0 0 0
3395 -77 97 57 107400 0 0 0
3348 -584 69 74 550604 0 0 0
2816 -329 96 92 154941 0 0 0
3042 -188 75 75 666711 0 0 0
2800 383 106 87 652303 0 0 0
2233 807 86 73 843268 0 0 0
2730 606 78 87 529201 0 0 0
2936 1187 89 73 524612 0 0 0
3113 1112 102 54 481756 0 0 0
3353 1655 92 82 711063 0 0 0
3179 1256 54 75 893484 0 0 0
2760 1645 68 67 859157 0 0 0
2419 1105 67 50 482804 0 0 0
2482 1156 101 57 713591 0 0 0
2344 894 75 56 171680 0 0 0
2307 1292 96 76 388984 0 0 0
2702 1709 100 77 527347 0 0 0
3074 1620 84 69 121619 0 0 0
3192 1494 56 52 289323 0 0 0
3397 921 58 80 476447 0 0 0
3062 1514 61 89 244530 0 0 0
3175 1951 59 87 100804 0 0 0
2901 2478 55 88 528294 0 0 0
3391 2282 62 89 292961 0 0 0
-1746 2064 74 63 421047 0 0 0
-2260 1595 88 79 200814 0 0 0
-2200 2070 89 51 280589 0 0 0
-1821 2463 107 90 332878 0 0 0
-2244 2865 64 70 810982 0 0 0
-1753 3210 100 95 787639 0 0 0
-2113 3379 101 62 625718 0 0 0
-1886 3245 74 64 795545 0 0 0
-2380 3382 89 56 728668 0 0 0
-2661 3874 79 76 199053 0 0 0
-2389 3857 68 90 243599 0 0 0
-2135 3804 58 69 363550 0 0 0
-2308 3962 88 59 451816 0 0 0
-2186 3501 85 49 233973 0 0 0
-1748 3592 102 52 431951 0 0 0
-1637 3449 89 55 849874 0 0 0
-1782 3207 94 49 791188 0 0 0
-2295 3537 77 87 525639 0 0 0
-2213 3609 90 78 390424 0 0 0
-2121 4103 72 68 303242 0 0 0
-1885 3892 84 94 240633 0 0 0
-2363 4222 63 77 348809 0 0 0
-1918 4000 59 80 980900 0 0 0
-1515 4490 91 83 810774 0 0 0
-1161 4858 58 63 650616 0 0 0
-796 4607 56 53 268698 0 0 0
-735 5118 68 94 509774 0 0 0
-1309 5238 58 82 396713 0 0 0
-1801 5248 81 72 719400 0 0 0
-1308 5607 81 65 237055 0 0 0
-1889 5646 96 94 566922 0 0 0
-2298 5891 73 86 936291 0 0 0
-2726 5618 80 91 881315 0 0 0
-2964 5564 109 61 387234 0 0 0
-2925 5695 83 67 373001 0 0 0
-2410 5222 67 64 989199 0 0 0
-1813 5626 101 95 201595 0 0 0
-2156 5830 68 75 630543 0 0 0
-2458 5632 100 83 611053 0 0 0
-2463 5397 66 91 565605 0 0 0
-2439 5530 61 82 200741 0 0 0
-2387 5240 55 86 595301 0 0 0
-1877 5648 99 80 649358 0 0 0
-1836 5393 91 73 292717 0 0 0
-2427 5813 81 80 207573 0 0 0
-2835 5691 103 76 600114 0 0 0
-2326 6087 100 48 179684 0 0 0
-2348 6614 76 83 630631 0 0 0
-1887 6874 70 90 136045 0 0 0
-2309 7308 101 95 871550 0 0 0
-2712 7272 80 74 947425 0 0 0
-3110 7590 58 70 512586 0 0 0
-2512 7673 82 61 809787 0 0 0
-2632 8011 86 79 162378 0 0 0
-2858 7436 105 92 351685 0 0 0
-2399 7755 61 48 727732 0 0 0
-2174 8051 73 70 196245 0 0 0
-2106 7771 108 87 550068 0 0 0
-2630 7228 73 63 726067 0 0 0
-3157 7632 96 83 119064 0 0 0
-3507 7987 95 84 754643 0 0 0
-4103 8199 108 83 457845 0 0 0
-4025 8148 100 72 317664 0 0 0
-4300 8317 74 94 476059 0 0 0
-4526 8556 89 67 588428 0 0 0
-4412 8510 62 92 178230 0 0 0
-4294 8250 97 70 325813 0 0 0
-3958 8111 67 81 258586 0 0 0
-3761 8611 80 48 159517 0 0 0
1287 -1106 81 49 676837 0 0 0
1530 -836 66 58 740021 0 0 0
1319 -1130 70 66 151802 0 0 0
1768 -1683 64 54 362428 0 0 0
1530 -2134 78 64 762698 0 0 0
1882 -1842 73 52 747105 0 0 0
2332 -2201 90 90 427890 0 0 0
2221 -2794 62 62 561291 0 0 0
1948 -2851 97 94 350968 0 0 0
1888 -2854 88 86 541302 0 0 0
2071 -2858 83 69 736050 0 0 0
2417 -2767 74 82 454890 0 0 0
2859 -2726 105 81 757969 0 0 0
3381 -2961 94 61 645357 0 0 0
3934 -3363 106 64 283549 0 0 0
3799 -3689 107 71 414594 0 0 0
3934 -3692 85 76 405954 0 0 0
4442 -3183 86 55 450942 0 0 0
4511 -3076 92 67 839997 0 0 0
4806 -3454 96 83 251694 0 0 0
4457 -3531 64 95 447786 0 0 0
4470 -3547 57 94 865792 0 0 0
1494 -2168 61 90 906776 0 0 0
1481 -2473 58 54 239614 0 0 0
1485 -2539 96 54 543055 0 0 0
927 -3127 74 86 182806 0 0 0
1482 -3485 96 87 675419 0 0 0
1558 -3170 77 74 949718 0 0 0
1915 -3300 60 70 952938 0 0 0
2003 -3582 97 92 990636 0 0 0
2069 -3738 69 83 488880 0 0 0
1977 -3711 88 66 789990 0 0 0
1731 -3132 57 58 760082 0 0 0
2142 -3268 56 63 754715 0 0 0
2364 -3063 59 60 562027 0 0 0
1840 -3626 103 61 530595 0 0 0
2233 -3426 89 73 561042 0 0 0
2290 -3728 93 91 416662 0 0 0
578 2279 61 94 428837 0 0 0
13 1754 77 51 418275 0 0 0
149 2172 66 54 839718 0 0 0
-207 2406 64 61 945270 0 0 0
-490 2879 56 52 392367 0 0 0
-510 2877 88 69 119112 0 0 0
-747 3036 69 51 290174 0 0 0
-360 3428 65 82 967725 0 0 0
-319 3252 77 78 198967 0 0 0
-516 3675 103 54 586776 0 0 0
-313 4146 78 62 583920 0 0 0
-330 4229 57 69 693606 0 0 0
-365 3668 61 54 820154 0 0 0
62 4047 89 56 392389 0 0 0
235 3602 93 72 547681 0 0 0
616 3009 70 96 415839 0 0 0
886 3385 88 52 137600 0 0 0
987 3282 82 75 508332 0 0 0
830 2815 107 71 598524 0 0 0
365 2737 85 92 309297 0 0 0
367 2495 100 84 737142 0 0 0
255 2911 86 83 809703 0 0 0
-237 2906 79 85 705617 0 0 0
213 2855 92 64 329589 0 0 0
670 2657 83 56 578443 0 0 0
246 2440 105 86 146010 0 0 0
9 1888 108 50 921772 0 0 0
-252 1769 87 48 374210 0 0 0
-203 2249 100 55 825229 0 0 0
-453 2407 106 88 844596 0 0 0
-338 1889 103 66 311316 0 0 0
261 1451 100 63 723447 0 0 0
-161 1782 69 69 704805 0 0 0
-384 1982 94 89 393063 0 0 0
-565 2420 73 83 262364 0 0 0
-613 2276 84 74 818931 0 0 0
-188 2519 80 55 533271 0 0 0
-342 1931 106 61 563378 0 0 0
-327 2252 86 78 434453 0 0 0
5 1763 99 49 218015 0 0 0
-215 2321 102 52 707080 0 0 0
25 2835 109 85 936772 0 0 0
563 3196 54 59 753296 0 0 0
747 2925 103 81 943711 0 0 0
850 3039 55 60 961007 0 0 0
644 3182 59 85 440554 0 0 0
1127 2905 104 57 197005 0 0 0
1446 2556 102 94 503897 0 0 0
1341 2878 54 81 483405 0 0 0
818 2934 102 81 424823 0 0 0
944 3173 92 50 466021 0 0 0
550 3013 57 87 413393 0 0 0
334 3502 94 48 155856 0 0 0
97 3909 109 71 740114 0 0 0
1080 2034 55 65 786359 0 0 0
1108 2036 59 51 476834 0 0 0
1510 1795 84 95 514278 0 0 0
2055 1198 85 54 665200 0 0 0
2598 1509 70 59 968754 0 0 0
2799 1223 92 83 307773 0 0 0
2338 635 87 83 749812 0 0 0
1936 196 108 71 236302 0 0 0
1584 646 84 52 759131 0 0 0
1108 750 89 87 946255 0 0 0
819 959 62 52 102834 0 0 0
638 1208 105 73 121987 0 0 0
237 1522 89 92 435984 0 0 0
735 2101 102 57 158370 0 0 0
438 1714 93 60 170897 0 0 0
515 2013 76 88 718950 0 0 0
361 2274 104 96 296612 0 0 0
79 2691 64 72 809207 0 0 0
165 2606 94 79 382525 0 0 0
-42 2555 98 90 681361 0 0 0
-349 2900 61 88 683282 0 0 0
243 2551 59 96 196179 0 0 0
800 3045 105 53 970136 0 0 0
1165 2959 101 60 872707 0 0 0
1486 3078 94 96 984503 0 0 0
1920 2517 82 48 182078 0 0 0
2181 1932 64 73 177039 0 0 0
1979 2387 89 57 168174 0 0 0
2463 2203 55 59 912659 0 0 0
2266 1704 99 51 566889 0 0 0
1749 1691 56 85 131784 0 0 0
2286 1634 107 90 220099 0 0 0
2472 1458 84 96 861099 0 0 0
2393 1752 65 92 714852 0 0 0
2528 1657 99 96 284592 0 0 0
2096 1441 80 66 997921 0 0 0
1904 1558 106 91 914548 0 0 0
2495 1310 66 81 920906 0 0 0
2177 1885 104 52 462184 0 0 0
2438 1782 79 89 502260 0 0 0
2221 1932 109 81 795532 0 0 0
1950 1806 68 92 321287 0 0 0
1621 2047 86 65 506361 0 0 0
1082 2078 86 71 985447 0 0 0
1435 2678 65 84 262809 0 0 0
-900 -107 54 78 382303 0 0 0
-658 -640 98 61 491654 0 0 0
-889 -575 107 80 554608 0 0 0
-302 -23 86 85 246228 0 0 0
-268 -122 78 62 689792 0 0 0
-8 -167 88 61 338616 0 0 0
68 -709 68 86 730382 0 0 0
-222 -1030 65 83 318045 0 0 0
-267 -1085 101 54 312349 0 0 0
63 -777 75 72 561989 0 0 0
368 -830 93 53 445633 0 0 0
700 -1429 55 73 179965 0 0 0
318 -1791 75 93 575552 0 0 0
238 -2255 101 55 102985 0 0 0
349 -1765 91 70 442405 0 0 0
917 -1966 84 51 674531 0 0 0
965 -1899 95 65 893506 0 0 0
936 -2496 56 80 464279 0 0 0
1434 -2202 87 86 503813 0 0 0
1554 -2607 56 96 893263 0 0 0
1938 -2522 54 60 572204 0 0 0
2493 -2965 108 72 693215 0 0 0
3061 -2634 84 94 418142 0 0 0
3591 -2157 71 89 709940 0 0 0
3610 -2633 80 59 942547 0 0 0
3224 -2688 99 76 252528 0 0 0
3816 -3124 100 73 706724 0 0 0
4284 -2742 74 85 708494 0 0 0
3824 -2434 65 67 843992 0 0 0
4293 -2280 69 73 967269 0 0 0
4187 -2718 58 76 685871 0 0 0
4087 -3152 97 61 791579 0 0 0
4169 -3235 55 79 364117 0 0 0
4283 -2656 54 73 433858 0 0 0
3701 -2521 60 93 652403 0 0 0
3366 -2583 93 92 523433 0 0 0
2920 -2721 71 87 584183 0 0 0
2911 -2255 106 91 679205 0 0 0
2756 -2077 108 81 545652 0 0 0
2639 -1533 97 60 125812 0 0 0
-589 2328 81 54 787858 0 0 0
-898 2320 92 50 557005 0 0 0
-1462 2062 88 84 844970 0 0 0
-1620 2061 106 86 485353 0 0 0
-2034 1812 108 57 962798 0 0 0
-2241 2244 68 89 696586 0 0 0
-2207 1663 58 54 990191 0 0 0
-1902 1739 55 57 877245 0 0 0
-1811 1915 90 61 147927 0 0 0
-2122 2316 80 72 485123 0 0 0
-1758 2755 66 56 437798 0 0 0
-1397 3054 93 52 823464 0 0 0
-1882 2728 108 68 852631 0 0 0
-2395 2803 88 89 491941 0 0 0
-1841 2714 60 79 694864 0 0 0
-1878 2977 67 64 520968 0 0 0
-1700 2777 63 93 701259 0 0 0
-1572 2615 72 73 332367 0 0 0
-1338 2467 109 90 594006 0 0 0
-1544 2120 106 51 820641 0 0 0
-1327 1834 71 70 961962 0 0 0
-1911 1239 93 50 337894 0 0 0
-1427 1254 66 87 399187 0 0 0
-1897 1327 86 63 321943 0 0 0
-1439 754 107 86 121910 0 0 0
-994 922 64 73 647090 0 0 0
-986 1274 72 48 903999 0 0 0
-1531 782 56 90 471532 0 0 0
-1998 801 94 55 891072 0 0 0
-1642 1303 89 61 324306 0 0 0
-2219 843 57 73 437803 0 0 0
-2143 1108 87 80 423765 0 0 0
-2061 647 105 50 197734 0 0 0
-1503 831 104 83 885987 0 0 0
-1211 273 77 55 461105 0 0 0
-711 217 89 83 950149 0 0 0
-971 487 86 84 605566 0 0 0
-1488 959 82 59 236974 0 0 0
-1919 654 56 49 629632 0 0 0
-2436 445 101 58 392732 0 0 0
-2630 937 85 50 355920 0 0 0
-2600 802 55 70 622354 0 0 0
-2986 309 76 58 277451 0 0 0
-2502 -262 56 54 981301 0 0 0
-2584 -196 78 54 730794 0 0 0
-2839 228 74 48 809043 0 0 0
-2876 127 71 64 473302 0 0 0
-1167 -2385 105 72 227021 0 0 0
-658 -2811 85 54 265343 0 0 0
-492 -2854 99 64 473488 0 0 0
-1040 -2768 89 85 488272 0 0 0
-743 -2314 54 65 102749 0 0 0
-1084 -2316 86 64 896440 0 0 0
-526 -2752 87 89 249383 0 0 0
-371 -3068 56 53 722822 0 0 0
-919 -3318 79 69 530049 0 0 0
-1456 -3705 80 48 882882 0 0 0
-1117 -3777 98 93 543743 0 0 0
-980 -3187 105 58 743177 0 0 0
-1211 -3709 108 60 341464 0 0 0
-892 -4143 61 56 944205 0 0 0
-1271 -4155 94 73 395506 0 0 0
-855 -4221 91 62 404951 0 0 0
-280 -3922 101 54 699693 0 0 0
-668 -3868 91 70 417339 0 0 0
-650 -4292 107 69 486674 0 0 0
-1180 -4838 84 82 262798 0 0 0
-1452 -4706 101 84 433521 0 0 0
-1008 -4951 97 76 603486 0 0 0
-828 -5120 92 83 293337 0 0 0
-943 -5342 79 92 546217 0 0 0
-1035 -4771 95 52 405025 0 0 0
-536 -4860 68 70 992899 0 0 0
-1093 -4907 89 80 428663 0 0 0
-633 -5046 87 93 496916 0 0 0
-1183 -4531 58 78 617921 0 0 0
-1333 -4801 62 56 387019 0 0 0
-809 -4395 67 57 580103 0 0 0
-284 -4676 78 85 790953 0 0 0
-551 -5246 92 87 612411 0 0 0
-174 -5786 71 53 918378 0 0 0
-77 -6327 59 85 159381 0 0 0
-662 -5750 90 94 122963 0 0 0
-857 -5901 94 78 880036 0 0 0
-1320 -5374 102 83 858882 0 0 0
-1793 -5165 54 86 237516 0 0 0
-1990 -5715 83 87 801753 0 0 0
-1975 -6055 80 50 714951 0 0 0
-1482 -5485 55 52 126363 0 0 0
-1405 -5337 70 54 464589 0 0 0
-268 2195 90 80 745234 0 0 0
-421 1809 63 63 898012 0 0 0
-617 1225 79 48 887590 0 0 0
-632 945 68 57 381764 0 0 0
-883 453 96 64 190057 0 0 0
-1084 875 73 53 627708 0 0 0
-1361 603 100 82 571774 0 0 0
-1357 767 69 72 522618 0 0 0
-980 582 90 53 580987 0 0 0
-1012 588 60 78 929232 0 0 0
-421 578 81 86 874519 0 0 0
-373 887 93 73 734088 0 0 0
-25 433 98 49 332917 0 0 0
-137 1028 73 72 421438 0 0 0
-654 792 101 80 752199 0 0 0
-908 602 90 94 671323 0 0 0
-1342 13 69 79 652338 0 0 0
-1093 399 82 89 873539 0 0 0
-1646 -137 62 75 686114 0 0 0
-2023 -37 77 81 949000 0 0 0
-1814 -236 75 90 778165 0 0 0
-1724 -93 59 53 891585 0 0 0
-1456 -177 87 56 544377 0 0 0
-1851 177 109 94 249190 0 0 0
-2121 -21 61 84 198991 0 0 0
-2151 -286 100 54 960606 0 0 0
-2324 -427 105 92 458662 0 0 0
-2056 -139 96 55 760738 0 0 0
-2372 -68 72 90 261757 0 0 0
-2759 -68 82 72 388576 0 0 0
-2185 130 104 85 162439 0 0 0
-2340 -241 93 69 190209 0 0 0
-2094 -707 61 86 223758 0 0 0
-2644 -199 69 62 763011 0 0 0
-2092 -527 91 61 202386 0 0 0
-2472 -821 74 92 643324 0 0 0
-2200 -1311 87 48 576979 0 0 0
-2745 -1415 103 75 523925 0 0 0
-2524 -1556 60 67 640254 0 0 0
-2476 -2063 102 80 436637 0 0 0
-1991 -2567 54 73 482467 0 0 0
-1539 -2538 79 49 602839 0 0 0
-1216 -2882 88 59 522446 0 0 0
-1574 -2952 102 63 774843 0 0 0
-1429 -3224 97 57 828231 0 0 0
1851 344 90 52 971612 0 0 0
2051 775 62 50 694750 0 0 0
2422 221 102 68 260641 0 0 0
1891 -112 73 94 265952 0 0 0
1421 -296 65 83 669884 0 0 0
1721 -568 106 57 735961 0 0 0
1935 -474 73 89 637875 0 0 0
1835 -311 59 93 318341 0 0 0
2023 -331 89 60 537584 0 0 0
2262 -117 64 67 317486 0 0 0
1787 145 73 65 796454 0 0 0
2068 -161 95 57 890781 0 0 0
1992 108 102 77 310796 0 0 0
1834 -232 99 60 181468 0 0 0
2422 -665 103 91 308863 0 0 0
2583 -669 87 65 425748 0 0 0
3118 -1029 61 64 958932 0 0 0
2539 -1257 89 55 899080 0 0 0
-1614 975 66 52 390526 0 0 0
-1660 1311 95 84 623889 0 0 0
-1962 1533 61 66 162955 0 0 0
-2221 1888 88 95 121954 0 0 0
-2756 1989 75 65 146395 0 0 0
-3275 1884 70 82 609663 0 0 0
-3597 2261 61 58 611668 0 0 0
-3182 1917 91 72 237190 0 0 0
-2826 2004 62 77 109332 0 0 0
-2488 1729 109 68 906747 0 0 0
-2091 1597 70 89 728594 0 0 0
-2384 1375 77 83 754721 0 0 0
-1949 1927 57 56 507636 0 0 0
-1523 2490 59 53 282862 0 0 0
-1981 2652 105 75 269251 0 0 0
-2516 2738 82 56 991918 0 0 0
-2985 3115 96 77 459187 0 0 0
-3118 3445 95 63 141505 0 0 0
-2701 3524 104 65 241319 0 0 0
-2303 3263 69 70 593329 0 0 0
-2151 3818 74 85 109714 0 0 0
-2282 4061 83 95 233332 0 0 0
-1730 4534 58 85 518685 0 0 0
-2086 4119 109 74 734721 0 0 0
-1493 3834 73 53 102290 0 0 0
-1282 4006 72 50 401975 0 0 0
-1562 3873 64 73 542182 0 0 0
-1374 4290 91 72 762029 0 0 0
-1745 4227 57 70 640974 0 0 0
-1988 4318 107 65 182873 0 0 0
-1634 4340 104 77 627491 0 0 0
-2013 4839 61 88 998611 0 0 0
-2366 5369 106 71 605093 0 0 0
-2827 5009 78 82 674439 0 0 0
-3190 4807 79 81 263392 0 0 0
-3644 5021 96 62 290443 0 0 0
-4020 5256 58 96 865918 0 0 0
-3916 5620 59 49 115692 0 0 0
-3601 6046 60 77 755929 0 0 0
-3088 5954 102 90 443291 0 0 0
-3462 6478 98 78 533934 0 0 0
-3265 6501 90 50 228638 0 0 0
-2738 6860 85 75 297258 0 0 0
-3037 7265 105 55 856370 0 0 0
-2721 7522 59 57 370280 0 0 0
-2686 7398 68 58 922433 0 0 0
-3135 7995 96 73 208070 0 0 0
-2700 7753 108 63 916078 0 0 0
-2985 8293 103 68 558717 0 0 0
-2696 7898 69 54 572560 0 0 0
-3166 8226 106 84 205379 0 0 0
-3765 8298 74 50 245770 0 0 0
-3948 8793 74 69 896197 0 0 0
-3757 9105 103 91 983112 0 0 0
-4177 8527 106 95 141439 0 0 0
-4634 8272 106 78 645666 0 0 0
-2119 -392 61 88 412775 0 0 0
-2051 55 80 56 500814 0 0 0
-1700 -536 101 96 509573 0 0 0
-1588 -920 88 49 413315 0 0 0
-2015 -387 83 77 357152 0 0 0
-1567 -525 75 65 838163 0 0 0
-1117 -1065 68 61 591070 0 0 0
-954 -1335 91 71 941400 0 0 0
-1434 -1090 99 54 775029 0 0 0
-1082 -1531 77 54 914471 0 0 0
-1568 -1526 93 54 115424 0 0 0
-1570 -1770 88 67 416253 0 0 0
-1286 -1188 75 76 745890 0 0 0
-997 -1181 60 50 412263 0 0 0
-1451 -1310 79 75 505268 0 0 0
-1339 -1512 62 62 158238 0 0 0
-969 -2068 103 83 183415 0 0 0
-1113 -1838 105 96 563418 0 0 0
-634 -1305 88 55 349049 0 0 0
-440 -1120 65 77 589274 0 0 0
153 -861 108 73 965706 0 0 0
-5 -825 107 73 608409 0 0 0
218 -784 75 60 420333 0 0 0
431 -1079 93 88 377312 0 0 0
553 -1615 88 76 779405 0 0 0
122 -1839 59 57 916778 0 0 0
390 -1771 75 64 495209 0 0 0
-116 -1243 62 57 366854 0 0 0
111 -802 65 85 855066 0 0 0
566 -249 98 83 588479 0 0 0
488 -68 74 90 631227 0 0 0
-102 -394 107 70 858523 0 0 0
130 -163 79 75 282795 0 0 0
-2 94 105 88 175331 0 0 0
131 275 67 90 407522 0 0 0
136 796 63 69 484947 0 0 0
687 809 57 77 692845 0 0 0
1155 698 107 82 220642 0 0 0
1129 386 62 60 462498 0 0 0
1677 732 100 65 529897 0 0 0
2061 1063 86 94 931484 0 0 0
2101 874 98 72 796656 0 0 0
2573 942 94 61 717696 0 0 0
2283 1430 55 92 752839 0 0 0
2762 1193 59 95 530804 0 0 0
2996 1205 104 54 189726 0 0 0
3569 1647 98 76 808150 0 0 0
3282 1126 105 49 715911 0 0 0
3795 1439 76 67 332333 0 0 0
4247 1927 71 48 641494 0 0 0
4331 2327 100 75 923061 0 0 0
4257 2518 82 51 322615 0 0 0
-1723 551 63 70 821398 0 0 0
-1183 -20 55 62 542896 0 0 0
-1476 -592 100 84 195987 0 0 0
-950 -356 77 55 615527 0 0 0
-1217 -386 62 84 975784 0 0 0
-1416 -618 101 77 771836 0 0 0
-2000 -185 57 74 265854 0 0 0
-2516 -512 62 64 785286 0 0 0
-2151 -773 73 69 359504 0 0 0
-2071 -1227 106 94 512979 0 0 0
-2131 -687 82 76 471797 0 0 0
-1866 -143 57 89 960599 0 0 0
-2190 -564 54 64 912700 0 0 0
-2703 18 89 66 682880 0 0 0
-2893 544 109 93 638390 0 0 0
-3264 995 102 72 577363 0 0 0
-3423 1080 92 81 510834 0 0 0
-3791 823 93 88 468674 0 0 0
-4194 1145 103 49 928166 0 0 0
-3808 1276 60 53 845279 0 0 0
-4110 1443 86 58 673056 0 0 0
-4287 1659 68 66 168135 0 0 0
-4151 1959 106 49 453100 0 0 0
-3759 2042 66 48 101188 0 0 0
-3898 2295 107 79 905766 0 0 0
-4373 2591 61 57 810106 0 0 0
-4575 2135 56 93 848878 0 0 0
-4257 2094 90 85 739478 0 0 0
-3757 1518 81 68 777639 0 0 0
-3388 1351 71 69 537403 0 0 0
-3737 896 90 50 242073 0 0 0
-4034 530 88 88 797500 0 0 0
-3503 512 68 54 320705 0 0 0
-3939 702 97 66 511898 0 0 0
-4124 687 96 48 435148 0 0 0
-3893 762 79 70 924877 0 0 0
-3731 661 72 68 246679 0 0 0
-3190 914 107 55 433644 0 0 0
-2824 1214 95 81 628875 0 0 0
-2464 1155 55 95 393199 0 0 0
-2166 1359 97 48 477320 0 0 0
-1635 843 64 51 868693 0 0 0
-1888 1425 93 84 911210 0 0 0
-1644 1165 58 60 943392 0 0 0
-1909 1391 73 92 391486 0 0 0
-2342 1589 71 76 255077 0 0 0
-2038 1974 79 53 802284 0 0 0
-2150 2229 98 51 466710 0 0 0
-2180 1906 108 96 294617 0 0 0
-2033 1724 54 96 800357 0 0 0
-1623 2037 54 92 552346 0 0 0
-1356 2496 105 61 708005 0 0 0
-1140 2699 98 53 219971 0 0 0
-1206 2949 77 87 520451 0 0 0
-996 2406 82 63 213917 0 0 0
-793 2315 73 96 630318 0 0 0
-952 2394 94 67 542595 0 0 0
-381 2263 81 74 241515 0 0 0
-877 2729 97 81 322391 0 0 0
-1303 2590 72 75 282178 0 0 0
-1857 3150 106 69 426718 0 0 0
-1831 2765 78 54 737115 0 0 0
-1374 2254 88 64 256488 0 0 0
-1679 2259 89 89 247546 0 0 0
-2224 2486 81 70 253933 0 0 0
-1679 2761 104 84 896061 0 0 0
-1788 3080 86 77 973990 0 0 0
-2306 3086 99 93 582897 0 0 0
-2698 3586 77 66 194764 0 0 0
-2248 3360 77 75 493349 0 0 0
-1763 3769 100 86 304156 0 0 0
-1777 4178 62 66 316548 0 0 0
-1765 3676 109 94 880736 0 0 0
-1371 4223 80 67 151313 0 0 0
-1403 4443 72 86 854106 0 0 0
-1646 4864 83 84 510496 0 0 0
-1104 4445 64 70 807762 0 0 0
-1278 4208 106 50 475962 0 0 0
-1847 4638 80 66 837128 0 0 0
-1771 4877 83 79 662080 0 0 0
-1852 4576 86 70 200769 0 0 0
-2293 -2259 78 90 880434 0 0 0
-2537 -2159 103 94 897707 0 0 0
-2187 -2429 70 55 885568 0 0 0
-2260 -2270 82 70 776702 0 0 0
-1823 -1936 103 82 122075 0 0 0
-1299 -2057 76 96 739631 0 0 0
-1207 -2306 85 73 420776 0 0 0
-983 -1986 86 59 518016 0 0 0
-556 -2241 55 88 277472 0 0 0
-21 -1841 78 85 842906 0 0 0
-334 -1362 97 86 966462 0 0 0
-467 -1827 82 63 954837 0 0 0
125 -2039 81 93 504600 0 0 0
243 -1851 97 90 904263 0 0 0
-314 -1683 96 80 694919 0 0 0
-891 -1235 92 67 573525 0 0 0
-515 -1360 87 83 222148 0 0 0
-323 -1160 54 49 806475 0 0 0
-154 -1521 91 95 741045 0 0 0
-630 -2120 72 89 682310 0 0 0
-203 -2595 58 76 218402 0 0 0
-335 -2991 65 70 923145 0 0 0
-576 -3143 101 93 772333 0 0 0
-609 -2652 96 82 880988 0 0 0
-440 -2485 71 89 760912 0 0 0
-69 -2813 54 58 295716 0 0 0
-392 -2434 105 75 307417 0 0 0
4 -2710 72 65 841914 0 0 0
523 1536 109 73 833575 0 0 0
908 1917 87 72 565677 0 0 0
1484 2386 77 58 411097 0 0 0
2007 2204 86 52 252915 0 0 0
1452 2452 101 69 832051 0 0 0
1068 2936 90 65 694228 0 0 0
1619 3391 64 87 933054 0 0 0
1482 3574 63 84 509022 0 0 0
1442 3104 80 69 161290 0 0 0
1530 2802 67 77 703153 0 0 0
1953 3006 65 64 654653 0 0 0
1607 3254 90 62 176299 0 0 0
1238 2685 85 91 184595 0 0 0
965 2220 75 54 650473 0 0 0
834 2271 54 75 808079 0 0 0
1189 1932 97 82 857819 0 0 0
1405 1936 57 68 499120 0 0 0
1689 2303 93 89 701494 0 0 0
1967 2219 94 55 683668 0 0 0
2520 2398 64 61 108462 0 0 0
2072 2496 87 83 753205 0 0 0
1509 2543 99 57 195010 0 0 0
985 1959 69 48 571930 0 0 0
470 2549 95 50 224107 0 0 0
250 2853 108 48 765347 0 0 0
78 2921 97 66 994441 0 0 0
-67 2954 103 83 567298 0 0 0
-532 2726 94 96 147486 0 0 0
-506 2345 75 66 932096 0 0 0
-561 1831 64 67 351716 0 0 0
-135 2172 62 56 365944 0 0 0
-702 2008 79 64 571764 0 0 0
-1195 1821 54 86 790956 0 0 0
-888 105 108 76 622232 0 0 0
-646 463 67 93 611323 0 0 0
-720 -26 81 76 821382 0 0 0
-939 268 104 70 847658 0 0 0
-1505 148 74 59 796009 0 0 0
-1871 -113 84 89 901893 0 0 0
-2135 -243 70 68 231719 0 0 0
-1630 -798 105 90 392629 0 0 0
-2103 -764 81 50 695390 0 0 0
-2417 -1347 55 89 254021 0 0 0
-1942 -1144 98 54 621514 0 0 0
-2334 -1494 101 72 643054 0 0 0
-2396 -1587 56 94 368098 0 0 0
-2229 -1420 64 60 469510 0 0 0
-1803 -1229 71 49 688577 0 0 0
-1954 -1181 79 73 521232 0 0 0
-1735 -1233 74 66 521206 0 0 0
-1144 -1701 68 51 244884 0 0 0
-830 -1329 93 89 811523 0 0 0
-596 -1280 101 94 530073 0 0 0
-707 -1213 67 63 328249 0 0 0
-792 -1086 102 93 757223 0 0 0
-1034 -736 76 54 844012 0 0 0
-797 -373 76 59 475281 0 0 0
-1282 76 104 83 564389 0 0 0
-1357 343 85 92 952631 0 0 0
-1179 -144 95 68 804637 0 0 0
1389 2222 94 51 833879 0 0 0
928 1936 62 81 640824 0 0 0
937 2308 64 75 762479 0 0 0
532 2785 109 61 681602 0 0 0
1124 2453 72 85 619227 0 0 0
1209 2135 92 77 131956 0 0 0
1231 1722 81 71 591183 0 0 0
695 1990 91 95 488983 0 0 0
656 1857 75 58 848919 0 0 0
1230 1972 93 91 894796 0 0 0
1807 1459 109 69 531204 0 0 0
1731 1097 70 62 679623 0 0 0
2231 650 80 60 995525 0 0 0
1896 102 88 57 643809 0 0 0
2259 -364 91 75 400650 0 0 0
2803 -559 108 95 822610 0 0 0
2919 -24 105 83 722015 0 0 0
2739 -196 100 58 591094 0 0 0
3300 -209 106 59 172347 0 0 0
2947 -129 96 77 842007 0 0 0
2730 -542 83 66 391108 0 0 0
2421 -985 59 65 576078 0 0 0
1889 -1524 107 83 678054 0 0 0
1480 -1543 92 51 306558 0 0 0
1005 -1939 108 63 969951 0 0 0
885 -1581 101 83 301481 0 0 0
296 -1295 88 69 751301 0 0 0
782 -1458 75 87 448612 0 0 0
441 -1280 93 54 164151 0 0 0
710 -1463 67 54 809531 0 0 0
1226 -1447 70 66 341591 0 0 0
1580 -1766 86 63 121156 0 0 0
1559 -1948 62 54 429998 0 0 0
1885 -2279 84 95 442170 0 0 0
1726 -1905 63 60 364744 0 0 0
2233 -1967 104 69 320342 0 0 0
2076 -2071 73 90 331398 0 0 0
1853 -1582 56 95 542859 0 0 0
2057 -1333 101 63 401004 0 0 0
2017 -1596 68 81 264048 0 0 0
2540 -2145 55 73 298918 0 0 0
2334 -2495 88 84 855358 0 0 0
2642 -2895 70 72 511051 0 0 0
2843 -3255 77 78 405216 0 0 0
2425 -2744 78 53 901732 0 0 0
2252 -2711 60 62 896033 0 0 0
1841 -2868 96 84 567340 0 0 0
1508 -2336 64 66 456489 0 0 0
1754 -1986 80 59 241824 0 0 0
2215 -2538 77 55 130152 0 0 0
2708 -3042 91 55 321796 0 0 0
2890 -2598 97 91 986525 0 0 0
3456 -2258 90 72 130943 0 0 0
3536 -2689 66 72 450273 0 0 0
3281 -2849 57 68 630947 0 0 0
3206 -2865 59 74 380783 0 0 0
2879 -3331 92 78 110495 0 0 0
2430 -3188 95 59 299761 0 0 0
2774 -3317 90 84 186536 0 0 0
2891 -3232 78 67 780164 0 0 0
2311 -3466 57 63 836817 0 0 0
1950 -3736 105 88 406357 0 0 0
2015 -3585 58 94 320943 0 0 0
1685 -3459 80 71 121345 0 0 0
-180 -1173 56 82 481989 0 0 0
420 -1489 81 93 504576 0 0 0
-18 -1560 69 65 858617 0 0 0
499 -1097 74 51 269571 0 0 0
665 -1523 70 84 332244 0 0 0
887 -1466 87 64 985367 0 0 0
1389 -1010 89 63 507027 0 0 0
1726 -1479 76 95 844395 0 0 0
1751 -1096 75 78 773770 0 0 0
2115 -1478 64 87 391135 0 0 0
2028 -905 83 50 852210 0 0 0
2137 -1151 105 86 323231 0 0 0
2170 -1280 72 49 261388 0 0 0
1981 -810 61 79 638877 0 0 0
1530 -1143 61 65 111643 0 0 0
1461 -1081 75 64 657041 0 0 0
930 -715 88 93 718147 0 0 0
1462 -972 82 85 550278 0 0 0
928 -478 73 84 239143 0 0 0
1202 -295 75 51 235674 0 0 0
807 -234 106 75 178345 0 0 0
1126 -622 63 56 202463 0 0 0
759 -1221 64 74 756095 0 0 0
1205 -1243 68 88 980063 0 0 0
1349 -735 55 88 939636 0 0 0
860 -340 106 88 876832 0 0 0
746 -539 66 52 376946 0 0 0
1120 -841 76 59 988843 0 0 0
826 -440 97 73 757753 0 0 0
489 -1015 80 53 756594 0 0 0
1017 -1189 80 85 922728 0 0 0
1509 -883 58 65 719781 0 0 0
1659 -648 101 95 881371 0 0 0
1535 -231 69 65 101605 0 0 0
1856 -300 96 79 623790 0 0 0
1660 -846 63 82 654387 0 0 0
1886 -717 82 48 153002 0 0 0
1292 -404 60 65 876082 0 0 0
1233 -428 74 92 799871 0 0 0
1375 -521 101 57 773144 0 0 0
1886 -480 105 84 779211 0 0 0
1601 -158 99 78 942296 0 0 0
1842 -590 85 48 653881 0 0 0
1424 -521 61 80 385544 0 0 0
1259 -611 84 73 677848 0 0 0
1034 -917 75 72 253271 0 0 0
1510 -341 93 82 385738 0 0 0
1084 -653 98 83 296654 0 0 0
1152 -395 82 50 248980 0 0 0
1191 -189 81 61 528831 0 0 0
1136 -171 103 79 898204 0 0 0
864 -612 80 81 685867 0 0 0
1449 -1027 78 63 149840 0 0 0
1060 -1099 75 85 920933 0 0 0
561 -997 67 91 701323 0 0 0
518 -834 73 94 325440 0 0 0
144 -761 96 55 117972 0 0 0
-371 -337 94 56 702583 0 0 0
-474 -144 104 50 843770 0 0 0
-494 137 80 83 964938 0 0 0
-396 -416 84 69 756117 0 0 0
-919 50 75 95 723208 0 0 0
-421 -69 107 63 990547 0 0 0
-735 -429 56 83 355154 0 0 0
-583 45 70 68 861566 0 0 0
-893 99 73 50 716381 0 0 0
-1448 -456 60 63 557611 0 0 0
-1605 -450 57 62 909538 0 0 0
-2135 -28 66 57 915054 0 0 0
-1638 446 73 56 198083 0 0 0
-1579 -120 93 95 121665 0 0 0
-2128 -315 84 78 594719 0 0 0
-2200 -769 59 65 771962 0 0 0
-2613 -291 96 48 153541 0 0 0
-2210 -721 83 56 632238 0 0 0
-2488 -345 84 59 895936 0 0 0
-2619 -490 103 77 107122 0 0 0
-2094 -505 83 77 131734 0 0 0
-2316 -529 92 89 412990 0 0 0
-2605 -157 74 69 394758 0 0 0
-2564 -735 93 73 884862 0 0 0
-2310 -396 66 51 225594 0 0 0
-2533 -226 73 48 995978 0 0 0
-2193 48 84 64 547147 0 0 0
-2249 -414 75 52 755857 0 0 0
-2137 -730 84 84 351060 0 0 0
-2142 -198 83 81 614826 0 0 0
-2281 -224 102 63 538796 0 0 0
-2197 -751 102 90 978884 0 0 0
-2358 -617 65 71 862936 0 0 0
-2059 -510 70 72 825364 0 0 0
-2274 910 54 53 300078 0 0 0
-1716 506 108 59 792464 0 0 0
-2291 -94 95 56 875457 0 0 0
-2693 -40 56 55 694623 0 0 0
-2266 -560 108 68 916595 0 0 0
-2322 -798 68 94 224627 0 0 0
-2158 -1262 96 89 985850 0 0 0
-1611 -859 88 66 980755 0 0 0
-1147 -728 64 67 801237 0 0 0
-1519 -735 85 86 580447 0 0 0
-1565 1572 77 63 532594 0 0 0
-2156 1863 108 84 931072 0 0 0
-2667 2234 73 80 886606 0 0 0
-3192 2563 99 94 754162 0 0 0
-2785 2825 107 54 218194 0 0 0
-2902 3265 95 77 139157 0 0 0
-2536 2975 82 79 283524 0 0 0
-1960 2706 59 82 562260 0 0 0
-2255 3132 95 70 834585 0 0 0
-2708 3708 97 64 239302 0 0 0
-2217 3305 54 72 616414 0 0 0
-1827 2863 109 86 722991 0 0 0
-1508 3023 102 50 763811 0 0 0
-1325 3014 64 75 185671 0 0 0
-817 2733 106 88 772921 0 0 0
-798 2484 80 49 648760 0 0 0
-322 2438 80 95 180967 0 0 0
5 2575 56 52 833733 0 0 0
393 2568 106 55 949579 0 0 0
-10 2534 75 53 102378 0 0 0
580 3064 81 53 607540 0 0 0
679 2976 68 95 320789 0 0 0
1232 3537 62 66 305581 0 0 0
1012 3092 70 57 701287 0 0 0
1044 3686 93 92 295408 0 0 0
838 3501 70 56 293653 0 0 0
1407 3443 72 49 113599 0 0 0
1123 2972 55 59 826396 0 0 0
589 3413 94 84 719907 0 0 0
223 3014 75 87 550343 0 0 0
704 3016 83 56 387705 0 0 0
1089 3050 63 90 596775 0 0 0
1644 3535 80 65 362547 0 0 0
1280 3670 84 56 264879 0 0 0
-1376 -1901 71 95 687880 0 0 0
-1523 -1405 107 69 514447 0 0 0
-1274 -1234 100 89 247632 0 0 0
-1375 -1797 84 51 344391 0 0 0
-1406 -1393 58 80 771541 0 0 0
-1249 -1364 72 75 767598 0 0 0
-719 -1449 67 60 244537 0 0 0
-671 -1854 59 89 335188 0 0 0
-537 -1607 86 83 199880 0 0 0
-860 -1728 103 56 424168 0 0 0
-778 -1335 73 60 503914 0 0 0
-568 -1275 72 66 291036 0 0 0
-568 -799 72 65 351592 0 0 0
-304 -929 65 70 945284 0 0 0
-72 -954 93 90 548632 0 0 0
-91 -1135 105 58 147469 0 0 0
294 -1427 106 74 856257 0 0 0
-241 -924 80 77 557767 0 0 0
-194 -1286 66 53 998877 0 0 0
-685 -1307 75 69 327586 0 0 0
-1050 -1061 96 54 811635 0 0 0
-1119 -1097 61 65 506303 0 0 0
-898 -600 94 65 881950 0 0 0
-332 -300 98 75 267903 0 0 0
-723 -457 107 62 485836 0 0 0
-1133 -801 64 79 639554 0 0 0
-814 -1067 62 64 774534 0 0 0
-1174 -976 87 86 524446 0 0 0
-677 -1408 81 88 504566 0 0 0
-1098 -1295 56 48 373430 0 0 0
-848 -763 74 74 386836 0 0 0
-631 -167 107 60 467059 0 0 0
-87 -215 72 78 121513 0 0 0
237 172 90 88 584760 0 0 0
201 423 59 77 375546 0 0 0
461 904 57 70 607034 0 0 0
436 516 98 71 565959 0 0 0
838 570 56 88 441584 0 0 0
564 386 96 96 985112 0 0 0
486 -116 81 92 605089 0 0 0
237 -340 109 79 753140 0 0 0
39 -657 94 77 520181 0 0 0
2159 -1492 90 92 178015 0 0 0
2109 -1410 70 78 350096 0 0 0
2327 -1664 91 96 480351 0 0 0
2742 -2014 67 49 118513 0 0 0
3306 -1683 92 85 420991 0 0 0
3419 -2226 105 87 705456 0 0 0
3112 -2324 55 69 562725 0 0 0
3650 -2206 59 88 467765 0 0 0
3599 -2380 77 62 981234 0 0 0
3042 -1964 85 87 220581 0 0 0
3157 -1742 103 69 768846 0 0 0
3373 -1441 95 60 119716 0 0 0
3117 -2014 109 66 223179 0 0 0
3707 -2549 56 86 341359 0 0 0
4277 -2851 77 81 316972 0 0 0
4302 -3359 83 52 957047 0 0 0
3765 -3718 71 79 315541 0 0 0
4360 -4255 57 64 220748 0 0 0
4019 -4345 64 88 856980 0 0 0
4320 -3941 94 79 233120 0 0 0
4640 -4058 108 91 536666 0 0 0
4755 -3951 60 83 136148 0 0 0
4909 -3840 56 82 754267 0 0 0
5131 -3367 102 55 960984 0 0 0
5496 -3553 77 59 273471 0 0 0
5424 -3016 63 59 266584 0 0 0
5503 -2992 70 75 543079 0 0 0
5948 -2894 57 65 611386 0 0 0
5989 -2408 57 76 924503 0 0 0
5539 -2731 57 65 192775 0 0 0
5437 -3004 83 53 243045 0 0 0
5453 -2750 76 78 489948 0 0 0
5906 -2428 67 86 937473 0 0 0
6135 -2249 106 50 256578 0 0 0
6425 -2155 54 68 964036 0 0 0
5868 -2188 109 61 888807 0 0 0
5504 -2590 75 84 459829 0 0 0
5637 -2033 84 48 248451 0 0 0
6007 -2038 69 88 635212 0 0 0
5846 -2044 61 58 660569 0 0 0
5675 -1563 61 51 425247 0 0 0
5118 -1855 78 90 866604 0 0 0
5020 -2434 77 53 280459 0 0 0
5453 -2813 67 72 716173 0 0 0
4870 -2550 63 89 943648 0 0 0
4777 -3032 91 56 273253 0 0 0
4709 -2578 99 88 525484 0 0 0
4975 -2723 81 63 995438 0 0 0
4888 -3172 98 92 171470 0 0 0
4717 -3719 83 64 252821 0 0 0
1531 1930 57 86 928991 0 0 0
2067 1610 94 94 750759 0 0 0
2103 1765 109 63 539354 0 0 0
1740 1419 66 78 924657 0 0 0
1592 1543 62 60 977480 0 0 0
1321 2130 68 94 500103 0 0 0
1295 2213 60 96 989825 0 0 0
765 1806 77 91 453983 0 0 0
940 1380 98 57 955371 0 0 0
942 1184 81 64 341446 0 0 0
1277 1621 61 90 280657 0 0 0
1088 1225 96 49 394749 0 0 0
1317 719 88 56 449426 0 0 0
1411 805 86 95 840661 0 0 0
1796 399 60 53 116759 0 0 0
2089 970 82 90 544656 0 0 0
1621 753 68 62 807544 0 0 0
1808 423 100 84 807680 0 0 0
1876 478 55 71 956956 0 0 0
2143 -18 82 77 524190 0 0 0
2664 -436 55 88 327946 0 0 0
3222 -219 73 63 392992 0 0 0
3194 -164 55 77 395467 0 0 0
3213 -189 104 86 833499 0 0 0
2874 -318 84 85 811624 0 0 0
2734 -661 67 63 520746 0 0 0
2753 -708 98 50 448848 0 0 0
3219 -587 66 93 715665 0 0 0
3501 -739 54 85 294667 0 0 0
3609 -712 74 79 728654 0 0 0
3746 -274 57 81 176553 0 0 0
4070 -699 88 80 398009 0 0 0
4218 -754 101 94 211146 0 0 0
4604 -951 62 94 499494 0 0 0
4531 -1037 64 88 729503 0 0 0
4819 -1225 108 83 346956 0 0 0
4223 -997 102 74 343021 0 0 0
4402 -459 93 78 797731 0 0 0
4961 -117 94 85 895242 0 0 0
5284 -677 66 85 457003 0 0 0
4741 -847 81 83 975534 0 0 0
4270 -1263 102 61 755521 0 0 0
4015 -1186 70 69 381733 0 0 0
4159 -1010 55 78 353372 0 0 0
4295 -893 92 57 943383 0 0 0
4259 -748 69 78 291840 0 0 0
3927 -641 94 50 526116 0 0 0
3396 -209 80 75 557424 0 0 0
3763 -528 79 88 801412 0 0 0
4249 44 82 78 791733 0 0 0
4380 417 59 84 970742 0 0 0
4508 -120 64 52 743712 0 0 0
3911 -406 84 92 317658 0 0 0
3867 48 55 51 897106 0 0 0
3570 576 79 56 591477 0 0 0
4109 307 84 48 901240 0 0 0
3819 630 90 78 723815 0 0 0
3330 774 75 93 916786 0 0 0
3784 221 59 67 974343 0 0 0
3908 -136 88 55 793695 0 0 0
4399 -383 93 88 481026 0 0 0
3971 124 59 68 524678 0 0 0
3838 167 90 55 294503 0 0 0
3877 224 66 69 838060 0 0 0
4013 656 69 91 453451 0 0 0
3910 748 85 49 571860 0 0 0
3646 980 65 93 875839 0 0 0
3619 892 58 50 614030 0 0 0
3481 453 66 82 328087 0 0 0
270 -773 55 69 632723 0 0 0
-329 -217 94 75 115272 0 0 0
122 -30 88 67 354008 0 0 0
-288 427 79 58 913993 0 0 0
-665 828 86 95 220666 0 0 0
-549 406 57 84 864539 0 0 0
-581 -12 81 82 985508 0 0 0
-996 175 76 64 546633 0 0 0
-1423 172 104 88 458907 0 0 0
-969 -109 66 49 450923 0 0 0
-910 -320 55 69 696136 0 0 0
-683 -68 73 88 237963 0 0 0
-978 -107 89 96 184803 0 0 0
-460 -328 98 87 142638 0 0 0
-355 -664 73 77 720661 0 0 0
210 -366 64 66 957679 0 0 0
52 -222 56 76 224467 0 0 0
-524 -332 103 78 866920 0 0 0
-530 -861 78 56 849556 0 0 0
-303 -450 94 96 858405 0 0 0
112 -773 82 95 126935 0 0 0
503 -1100 103 73 142002 0 0 0
20 -757 91 93 639563 0 0 0
598 -304 55 91 882051 0 0 0
609 -347 54 92 243928 0 0 0
871 -660 98 59 849489 0 0 0
570 -913 61 67 600522 0 0 0
75 -1270 74 48 137210 0 0 0
-85 -795 77 94 232685 0 0 0
493 -363 101 49 379419 0 0 0
1007 -475 78 59 251876 0 0 0
444 -357 72 91 930929 0 0 0
399 -899 104 60 539903 0 0 0
179 -440 108 69 520446 0 0 0
488 -1037 106 78 453543 0 0 0
668 -681 103 81 938758 0 0 0
499 -615 86 57 173278 0 0 0
524 -909 74 63 537574 0 0 0
56 -1130 96 77 908684 0 0 0
-349 -1193 108 72 696483 0 0 0
-132 -1646 103 89 940865 0 0 0
-128 -1281 109 94 694847 0 0 0
448 -872 84 80 313946 0 0 0
527 -749 97 64 143890 0 0 0
366 -916 87 48 970499 0 0 0
-82 -1272 100 54 607172 0 0 0
-187 -1645 102 95 229986 0 0 0
-762 -1244 77 72 247527 0 0 0
-412 -1081 81 87 139823 0 0 0
-420 -625 98 68 324570 0 0 0
-311 -569 71 60 885039 0 0 0
-404 -399 67 55 251715 0 0 0
2259 1943 108 67 403843 0 0 0
2646 1877 82 73 642262 0 0 0
2334 1587 95 72 794941 0 0 0
2520 1322 60 56 981262 0 0 0
2693 1525 65 63 683006 0 0 0
2550 1712 84 61 798816 0 0 0
3124 1856 105 60 352248 0 0 0
3286 2355 85 82 828342 0 0 0
3381 2419 98 51 251244 0 0 0
3204 1971 82 48 437435 0 0 0
3789 1437 79 83 646734 0 0 0
4198 1197 85 92 200898 0 0 0
3947 1036 97 48 417865 0 0 0
3832 682 83 90 268865 0 0 0
3778 1140 59 67 717102 0 0 0
3251 1736 100 92 237715 0 0 0
3664 2231 96 70 485776 0 0 0
4260 1663 85 78 790359 0 0 0
3932 1342 76 60 815722 0 0 0
4168 1530 64 89 952572 0 0 0
4534 2016 109 60 906309 0 0 0
4547 1903 82 74 309346 0 0 0
4774 1943 97 73 175625 0 0 0
4991 2327 65 85 117546 0 0 0
5302 2267 88 73 210782 0 0 0
5628 2032 59 92 766328 0 0 0
5574 2583 74 54 704029 0 0 0
4985 2296 76 66 216520 0 0 0
4676 2228 90 68 833886 0 0 0
-860 -1489 64 49 982602 0 0 0
-794 -1419 97 54 375831 0 0 0
-1118 -1790 86 57 877971 0 0 0
-1014 -1963 82 62 794110 0 0 0
-1002 -1872 105 93 343314 0 0 0
-1529 -1958 70 71 905406 0 0 0
-1731 -2213 64 71 236550 0 0 0
-1901 -2764 107 96 413288 0 0 0
-1971 -2859 73 87 277598 0 0 0
-2115 -3186 68 83 918545 0 0 0
-1758 -3206 87 63 278594 0 0 0
-2174 -3173 74 73 979936 0 0 0
-2400 -3184 97 74 446573 0 0 0
-2568 -3190 93 62 400081 0 0 0
-2446 -3033 82 59 108060 0 0 0
-2817 -3076 69 63 222851 0 0 0
-2921 -3280 55 58 519668 0 0 0
-3255 -3588 65 88 497714 0 0 0
-3528 -3424 93 76 497912 0 0 0
-3391 -3756 68 73 223865 0 0 0
-3524 -3496 78 48 753640 0 0 0
-4046 -2936 61 93 966308 0 0 0
-4271 -2475 65 78 405766 0 0 0
-4202 -2321 68 93 395346 0 0 0
-4757 -2064 92 76 836096 0 0 0
-4476 -2179 66 88 670716 0 0 0
-4875 -1602 92 89 809503 0 0 0
-5326 -1338 99 53 298388 0 0 0
-5053 -1094 65 68 838091 0 0 0
-5228 -767 99 59 759813 0 0 0
-4924 -487 104 64 292315 0 0 0
-5502 -581 90 87 706273 0 0 0
-5025 -301 68 86 466754 0 0 0
-4869 -723 74 78 118576 0 0 0
-5017 -1236 81 85 874825 0 0 0
-4839 -1697 84 74 685065 0 0 0
-4803 -1681 105 64 818694 0 0 0
-4842 -1537 105 91 746236 0 0 0
-4921 -1109 106 60 591280 0 0 0
-5368 -778 107 80 521999 0 0 0
-4780 -1064 67 54 131254 0 0 0
-4941 -1611 79 63 381271 0 0 0
-1885 1512 106 65 720984 0 0 0
-2109 1147 71 48 691729 0 0 0
-1993 1486 56 63 821149 0 0 0
-2437 1180 82 50 128198 0 0 0
-2259 1208 109 72 797803 0 0 0
-2792 1768 95 93 926259 0 0 0
-2614 1514 103 93 859496 0 0 0
-2223 1405 85 57 497022 0 0 0
-2716 975 62 55 236616 0 0 0
-2559 380 73 69 855739 0 0 0
-2624 562 63 80 845281 0 0 0
-2279 351 71 54 491310 0 0 0
-1980 93 57 85 691585 0 0 0
-2169 185 101 91 370053 0 0 0
-2769 -17 93 83 625284 0 0 0
-3105 -515 64 94 962038 0 0 0
-2532 -668 84 93 106927 0 0 0
-2079 -897 54 96 836037 0 0 0
-2368 -724 73 70 919727 0 0 0
-2418 -486 99 70 596669 0 0 0
-2422 -671 81 64 897938 0 0 0
-2755 -382 60 83 418375 0 0 0
-3067 -546 96 81 216967 0 0 0
-2934 -527 94 90 697686 0 0 0
-2468 -59 72 67 550393 0 0 0
-1963 -650 54 56 263540 0 0 0
-1473 -101 79 62 438073 0 0 0
-1115 424 106 83 934810 0 0 0
-1178 158 78 48 159832 0 0 0
-951 409 107 95 775754 0 0 0
-1430 442 90 94 205119 0 0 0
-1251 746 55 93 695389 0 0 0
2330 1029 69 91 705494 0 0 0
2102 1555 89 78 686938 0 0 0
2455 1130 78 71 547126 0 0 0
2698 970 92 69 907174 0 0 0
2905 1154 61 61 927534 0 0 0
3324 1067 77 87 196816 0 0 0
3562 887 78 77 526139 0 0 0
2970 1062 102 67 466645 0 0 0
2873 683 78 66 757809 0 0 0
2559 150 92 66 892292 0 0 0
2269 488 104 65 390666 0 0 0
2283 -74 61 69 303870 0 0 0
2554 4 56 90 484549 0 0 0
2523 528 73 94 187673 0 0 0
2285 1095 106 88 509385 0 0 0
1846 862 94 87 193613 0 0 0
1500 1243 74 58 761958 0 0 0
995 1199 75 82 159751 0 0 0
1019 770 101 60 947536 0 0 0
1543 467 102 72 376762 0 0 0
1778 875 57 93 139296 0 0 0
1793 1313 56 96 946496 0 0 0
1220 1303 66 68 363617 0 0 0
1274 2034 85 89 432678 0 0 0
1579 2103 90 95 734817 0 0 0
1682 2149 95 72 960759 0 0 0
1298 1945 81 74 650636 0 0 0
1794 1570 108 48 762312 0 0 0
1969 1109 54 78 141204 0 0 0
1565 623 72 57 739110 0 0 0
1311 285 84 67 954292 0 0 0
1762 119 72 71 702278 0 0 0
391 2063 95 56 864845 0 0 0
-81 2014 77 96 223703 0 0 0
314 1931 74 91 520187 0 0 0
392 1803 56 85 524495 0 0 0
496 1329 72 53 757950 0 0 0
567 1921 72 88 479915 0 0 0
680 1325 71 82 734787 0 0 0
98 1631 75 74 572094 0 0 0
296 2102 87 83 236122 0 0 0
590 2541 89 58 718560 0 0 0
1152 2945 68 69 211036 0 0 0
1420 2702 89 77 516552 0 0 0
1560 2341 104 87 274928 0 0 0
1619 1985 76 91 815481 0 0 0
1621 1447 79 78 254629 0 0 0
1671 985 78 52 841454 0 0 0
1944 1539 100 83 122650 0 0 0
1808 2014 102 78 466503 0 0 0
2082 2601 95 50 599084 0 0 0
2224 2783 84 91 976545 0 0 0
2124 2277 77 48 664529 0 0 0
1588 2362 64 94 358794 0 0 0
2075 2322 73 73 740423 0 0 0
2343 2033 78 94 469786 0 0 0
2222 1585 55 48 207495 0 0 0
2787 1263 94 94 489762 0 0 0
2970 1409 71 71 345158 0 0 0
3182 1387 58 73 481150 0 0 0
2832 1857 54 81 474069 0 0 0
2632 1725 60 80 668146 0 0 0
2907 1724 83 57 208685 0 0 0
2389 2271 89 50 105279 0 0 0
2530 2377 108 92 860517 0 0 0
2779 2095 88 59 617536 0 0 0
2676 2561 61 63 627704 0 0 0
2149 3106 94 59 833061 0 0 0
1975 2993 88 90 957586 0 0 0
2169 3033 64 87 164674 0 0 0
1725 2488 92 87 289195 0 0 0
878 -878 61 65 379178 0 0 0
477 -446 78 49 356020 0 0 0
797 -335 86 90 249421 0 0 0
932 -186 76 82 491134 0 0 0
766 361 60 74 754577 0 0 0
425 507 85 57 715633 0 0 0
168 892 57 85 913236 0 0 0
763 1178 74 80 333998 0 0 0
913 1765 96 76 789296 0 0 0
819 2119 81 70 723500 0 0 0
428 2193 104 69 549588 0 0 0
