2500
-2214 -960 58 69 529875 0 0 0
-2223 -1306 87 71 397831 0 0 0
-2845 -1685 102 94 868809 0 0 0
-2374 -1305 101 88 201698 0 0 0
-1767 -904 87 54 805994 0 0 0
-2234 -881 77 82 834209 0 0 0
-2254 -668 107 59 760090 0 0 0
-1680 -1203 60 89 644531 0 0 0
-2141 -1646 83 70 218322 0 0 0
-2058 -1267 73 52 888167 0 0 0
-2091 -1559 102 59 545409 0 0 0
-1784 -1569 83 66 536546 0 0 0
-1207 -2083 78 65 743269 0 0 0
-1710 -2299 96 65 194255 0 0 0
-1142 -1694 79 76 157511 0 0 0
-1427 -1441 89 66 813446 0 0 0
-1326 -1010 58 73 855568 0 0 0
-1629 -673 96 57 742009 0 0 0
-1366 -512 72 94 719727 0 0 0
-1363 -616 77 71 515179 0 0 0
-1868 -395 92 54 858945 0 0 0
-1347 -712 77 77 992439 0 0 0
-1586 -290 57 91 963228 0 0 0
-1761 228 61 67 479416 0 0 0
-1587 24 68 61 354287 0 0 0
-1174 -352 100 80 950211 0 0 0
-1322 -466 81 97 187601 0 0 0
-1261 -776 65 96 150277 0 0 0
-731 -345 74 83 338207 0 0 0
-975 251 77 54 603977 0 0 0
-986 -238 60 51 865654 0 0 0
-1521 -163 79 94 910075 0 0 0
-1483 135 100 58 188288 0 0 0
-1859 682 106 49 149641 0 0 0
-1540 1096 77 74 481143 0 0 0
-1101 731 99 81 150722 0 0 0
-1128 655 104 93 802990 0 0 0
-955 349 72 92 787160 0 0 0
-1313 152 94 83 442347 0 0 0
-1518 -360 93 54 395109 0 0 0
-1277 -63 97 99 206900 0 0 0
-1339 213 86 81 695791 0 0 0
-902 370 83 87 254227 0 0 0
-914 566 62 63 284761 0 0 0
-568 619 85 98 546307 0 0 0
-126 695 65 51 202747 0 0 0
-224 1047 77 93 474093 0 0 0
-845 753 62 76 914432 0 0 0
-1016 1016 87 85 794978 0 0 0
-1362 1423 94 88 394762 0 0 0
-948 2047 100 89 131718 0 0 0
-601 1622 91 56 474561 0 0 0
-319 1069 86 80 604797 0 0 0
-131 1304 74 49 697406 0 0 0
-432 729 109 55 263361 0 0 0
-454 1011 68 87 780709 0 0 0
-439 1398 76 76 206151 0 0 0
-474 2002 62 85 153310 0 0 0
-672 2501 64 87 231416 0 0 0
-686 2027 94 89 575302 0 0 0
-737 2302 73 70 562065 0 0 0
-740 2412 60 52 810423 0 0 0
-1184 2596 69 98 482376 0 0 0
-1466 2528 70 76 164788 0 0 0
-1701 2678 75 52 749780 0 0 0
-1453 2561 77 68 756258 0 0 0
-1750 3050 96 83 836890 0 0 0
-1550 2888 106 94 918610 0 0 0
-1861 3462 58 94 746324 0 0 0
-2018 3556 111 99 375574 0 0 0
-2542 3635 81 66 251716 0 0 0
-2108 4244 81 62 353771 0 0 0
-1747 3989 76 69 906620 0 0 0
-1148 4595 70 77 706287 0 0 0
-696 5162 69 77 546770 0 0 0
-522 5696 102 55 261604 0 0 0
-5 5216 73 92 693740 0 0 0
-587 5840 69 49 827158 0 0 0
-161 5371 93 94 675846 0 0 0
27 5701 94 74 994899 0 0 0
-452 5737 57 80 463611 0 0 0
85 6337 111 76 590293 0 0 0
341 5958 67 50 803839 0 0 0
144 5789 97 49 432628 0 0 0
227 5492 68 64 743636 0 0 0
-391 5670 56 94 384976 0 0 0
565 953 59 80 839168 0 0 0
593 1053 73 92 308747 0 0 0
559 998 92 84 168719 0 0 0
543 552 77 89 487476 0 0 0
2 975 93 79 650999 0 0 0
-116 1568 58 49 993921 0 0 0
96 1974 77 54 531599 0 0 0
-130 2353 85 63 160193 0 0 0
409 2756 109 88 688776 0 0 0
514 2412 101 74 260735 0 0 0
549 2585 61 73 435349 0 0 0
1122 2902 79 51 172346 0 0 0
984 3410 108 79 770111 0 0 0
1523 3340 57 98 680509 0 0 0
1284 3810 80 76 417181 0 0 0
1811 3679 101 79 488524 0 0 0
1906 4270 62 92 994344 0 0 0
1514 3831 84 63 428001 0 0 0
1261 3651 66 66 482838 0 0 0
1375 3343 77 85 240681 0 0 0
1410 3330 64 97 425476 0 0 0
1056 3488 109 89 696275 0 0 0
1560 3270 103 95 734948 0 0 0
1645 2824 110 60 545738 0 0 0
1360 2721 79 58 341271 0 0 0
1494 2676 95 63 474324 0 0 0
1012 3041 82 71 686472 0 0 0
1217 2825 68 82 905769 0 0 0
-2226 225 84 93 188766 0 0 0
-2450 331 107 56 218954 0 0 0
-2364 14 93 59 676120 0 0 0
-2190 375 67 89 570529 0 0 0
-1952 924 61 54 489630 0 0 0
-1818 452 96 56 816353 0 0 0
-1940 167 96 88 464602 0 0 0
-1318 524 90 67 130244 0 0 0
-1378 454 83 75 932011 0 0 0
-1220 575 85 86 853371 0 0 0
-1587 317 59 83 400178 0 0 0
-2112 362 84 59 263950 0 0 0
-2441 734 112 95 205535 0 0 0
-2192 1151 69 66 643008 0 0 0
-2453 860 72 99 321191 0 0 0
-2117 1284 81 59 161296 0 0 0
-1724 1253 76 90 535037 0 0 0
-1467 848 80 77 838735 0 0 0
-1136 971 58 61 981737 0 0 0
-513 812 88 79 177042 0 0 0
-599 1221 61 85 801414 0 0 0
-668 1748 75 53 795857 0 0 0
-518 2107 102 64 548110 0 0 0
-871 2570 96 66 111178 0 0 0
-1412 2488 100 98 115710 0 0 0
-1784 2698 92 90 858764 0 0 0
-1985 2901 103 92 454335 0 0 0
-2318 2928 86 97 708052 0 0 0
-2079 3306 86 62 904975 0 0 0
-1955 3327 92 53 449567 0 0 0
-1420 3237 96 98 243662 0 0 0
-1767 3749 112 54 287128 0 0 0
-1241 3267 111 69 248448 0 0 0
-1188 3546 84 97 431632 0 0 0
-1226 3133 69 72 848059 0 0 0
-1454 2884 56 96 474959 0 0 0
-1661 2378 68 64 183812 0 0 0
-1612 1753 84 54 712672 0 0 0
-1182 1432 106 76 380238 0 0 0
-667 1163 101 76 689063 0 0 0
-1265 1748 111 63 334255 0 0 0
-906 1965 103 53 840737 0 0 0
-1370 2107 69 93 617382 0 0 0
-1100 2619 89 59 381252 0 0 0
-1150 2413 104 95 570996 0 0 0
-906 2515 63 67 417550 0 0 0
-1090 2526 61 65 109147 0 0 0
-1487 2040 62 64 290176 0 0 0
-890 1685 104 85 316723 0 0 0
2181 1231 94 52 450610 0 0 0
2096 1645 89 92 416741 0 0 0
2194 1902 75 83 573885 0 0 0
2213 2240 92 60 509024 0 0 0
2264 2710 57 82 458838 0 0 0
2286 3006 83 89 996430 0 0 0
2226 2533 92 62 612856 0 0 0
2622 1921 86 93 523400 0 0 0
3037 2093 105 73 136180 0 0 0
2997 2192 105 80 639685 0 0 0
3240 2532 90 75 463822 0 0 0
3029 2302 101 59 832186 0 0 0
2682 2909 59 78 729369 0 0 0
2253 2594 98 55 589776 0 0 0
2112 2430 75 56 250532 0 0 0
2132 1941 87 71 788463 0 0 0
1989 2401 78 94 260849 0 0 0
1477 2322 71 55 457432 0 0 0
1499 2209 112 75 628002 0 0 0
954 1605 98 94 344435 0 0 0
809 1920 70 68 846650 0 0 0
1050 2071 64 69 578281 0 0 0
564 1642 78 99 527341 0 0 0
386 2075 98 77 781818 0 0 0
6 1849 91 92 765433 0 0 0
404 1301 63 96 760378 0 0 0
625 740 77 67 389954 0 0 0
967 1252 56 58 481463 0 0 0
782 1226 108 63 188648 0 0 0
201 1004 105 97 971718 0 0 0
-178 455 72 56 663906 0 0 0
271 868 86 92 416539 0 0 0
819 499 68 99 783303 0 0 0
889 40 102 82 932431 0 0 0
814 173 76 92 322322 0 0 0
665 668 108 79 928742 0 0 0
563 309 63 95 535893 0 0 0
699 276 85 90 512284 0 0 0
998 641 77 91 929716 0 0 0
1432 232 87 98 324676 0 0 0
2054 438 71 51 280367 0 0 0
1503 -6 74 71 628643 0 0 0
1911 -514 90 88 287004 0 0 0
2203 -662 111 98 154578 0 0 0
1982 -1112 90 73 820158 0 0 0
2292 -827 99 63 837799 0 0 0
2607 -1404 91 81 630317 0 0 0
2361 -901 99 81 774710 0 0 0
2211 -460 74 95 299900 0 0 0
2064 -337 67 53 266284 0 0 0
2207 -343 82 69 457540 0 0 0
2040 193 99 80 248945 0 0 0
2592 -50 103 85 775129 0 0 0
2261 -157 76 62 314594 0 0 0
1424 97 71 77 698741 0 0 0
1389 685 88 87 389416 0 0 0
1165 273 97 49 339040 0 0 0
1251 136 79 81 361776 0 0 0
1838 -103 72 76 514209 0 0 0
1337 124 84 66 958100 0 0 0
812 135 112 98 318208 0 0 0
1319 -312 85 70 108914 0 0 0
847 54 109 80 404831 0 0 0
726 -249 75 90 476513 0 0 0
816 277 68 74 585642 0 0 0
1088 54 67 69 505050 0 0 0
1590 106 84 57 382649 0 0 0
1681 213 64 66 252748 0 0 0
2241 82 103 50 403114 0 0 0
2856 449 76 95 500876 0 0 0
3021 597 65 58 969698 0 0 0
3437 24 77 56 845265 0 0 0
3555 -32 93 84 673205 0 0 0
3383 -412 87 53 843081 0 0 0
3451 -881 78 56 654701 0 0 0
3799 -863 99 53 970943 0 0 0
3323 -1265 89 97 487090 0 0 0
3035 -719 76 83 289791 0 0 0
3005 -1010 105 61 804111 0 0 0
3046 -1551 64 62 496072 0 0 0
2575 -1507 108 64 712042 0 0 0
3009 -1541 88 49 267250 0 0 0
3216 -1914 94 66 604484 0 0 0
2807 -1830 60 59 213085 0 0 0
3126 -1597 88 80 988946 0 0 0
2562 -1245 62 83 115559 0 0 0
2123 -1276 105 76 636125 0 0 0
1939 -1099 56 89 993607 0 0 0
1600 -629 73 85 172402 0 0 0
2082 -920 58 90 843817 0 0 0
1837 -323 96 78 415202 0 0 0
1712 -658 88 64 186677 0 0 0
1657 -187 107 78 823443 0 0 0
1934 184 99 72 942930 0 0 0
1750 -74 80 94 544442 0 0 0
1407 457 62 61 952395 0 0 0
1737 250 79 75 173466 0 0 0
1120 190 63 83 288793 0 0 0
1308 389 105 80 721001 0 0 0
1343 237 108 75 574450 0 0 0
1387 -108 82 62 104121 0 0 0
1607 -146 59 90 529803 0 0 0
1355 -618 67 79 429799 0 0 0
792 -45 67 91 311718 0 0 0
647 -520 82 56 382386 0 0 0
1157 -689 91 59 157342 0 0 0
1495 -519 85 58 624049 0 0 0
878 -235 94 54 996467 0 0 0
534 1542 106 93 459327 0 0 0
301 982 76 52 899740 0 0 0
410 1294 83 91 110920 0 0 0
750 1597 111 56 521439 0 0 0
1163 1374 111 80 548442 0 0 0
652 1564 109 74 985921 0 0 0
182 2091 66 70 549286 0 0 0
-12 1643 61 98 840991 0 0 0
474 2204 67 52 786476 0 0 0
193 2166 88 95 920272 0 0 0
16 2492 78 69 195345 0 0 0
-363 2508 87 49 721034 0 0 0
-568 2065 72 68 435914 0 0 0
-323 1449 74 59 821600 0 0 0
70 1318 58 67 121950 0 0 0
320 879 84 50 275676 0 0 0
567 1274 66 96 167798 0 0 0
207 1816 63 50 165148 0 0 0
-69 1889 58 75 614630 0 0 0
-83 2370 106 77 884279 0 0 0
-397 1844 61 59 225056 0 0 0
-639 1491 73 92 479245 0 0 0
-405 1601 61 92 688434 0 0 0
-788 1540 57 88 132073 0 0 0
-845 1876 73 70 767644 0 0 0
-373 2395 93 54 526736 0 0 0
4 2934 81 69 794658 0 0 0
-216 3366 95 51 430867 0 0 0
-51 3768 100 81 830798 0 0 0
560 3835 99 75 730372 0 0 0
369 4239 98 59 384044 0 0 0
84 3989 61 98 314549 0 0 0
-427 3929 83 76 911715 0 0 0
-952 4039 57 70 371457 0 0 0
-439 3785 59 96 226836 0 0 0
109 4039 78 71 333506 0 0 0
1 3640 107 90 233003 0 0 0
-45 4247 108 58 381519 0 0 0
-629 4373 89 97 468524 0 0 0
-129 4300 57 75 992371 0 0 0
473 4791 86 61 394613 0 0 0
755 4272 66 76 433900 0 0 0
284 4629 60 63 913624 0 0 0
607 4161 67 72 755904 0 0 0
-2408 711 77 88 539441 0 0 0
-2709 305 65 94 856650 0 0 0
-2186 196 60 83 178428 0 0 0
-2144 -415 69 64 830666 0 0 0
-2037 -697 78 82 913483 0 0 0
-2410 -449 76 50 158800 0 0 0
-2782 -737 65 67 673410 0 0 0
-2845 -322 85 84 988741 0 0 0
-3234 277 90 77 480681 0 0 0
-3099 744 81 95 128599 0 0 0
-3523 1025 82 95 739483 0 0 0
-3438 965 97 51 429785 0 0 0
-3862 1374 103 51 294850 0 0 0
-4013 1454 108 99 206268 0 0 0
-4123 1621 87 67 359902 0 0 0
-4640 1800 84 67 854745 0 0 0
-4091 1783 70 67 965970 0 0 0
-4574 1759 86 79 126818 0 0 0
-4688 1245 97 59 526544 0 0 0
-4561 1481 70 83 622439 0 0 0
-4908 1122 68 66 410091 0 0 0
-4823 1291 90 97 898361 0 0 0
-4631 1698 111 61 332198 0 0 0
-4999 2209 95 73 438460 0 0 0
-5325 2158 93 86 689508 0 0 0
-4830 2058 71 82 575711 0 0 0
-4322 1601 106 95 887146 0 0 0
-3899 1510 80 77 823277 0 0 0
-4471 1343 56 94 259539 0 0 0
-4788 1352 91 63 352407 0 0 0
-4811 1229 74 63 161715 0 0 0
-4979 797 111 54 800067 0 0 0
-5168 680 104 90 649122 0 0 0
-4911 263 60 57 563438 0 0 0
-4735 691 110 82 595271 0 0 0
-4691 255 108 93 104208 0 0 0
-5015 -11 69 72 745764 0 0 0
-4838 -533 82 84 923320 0 0 0
-4564 -467 94 49 477560 0 0 0
-3968 -379 61 90 521389 0 0 0
-3937 -231 109 87 789162 0 0 0
-3852 -511 97 88 973514 0 0 0
-3972 -922 82 74 398274 0 0 0
-3564 -724 106 83 271323 0 0 0
-3446 -167 64 78 140647 0 0 0
-2857 309 95 89 551395 0 0 0
-2546 27 82 74 994203 0 0 0
-3023 -76 87 84 999215 0 0 0
-3560 337 64 83 134849 0 0 0
-3779 888 60 68 911923 0 0 0
-3627 1328 91 77 968020 0 0 0
-3901 804 98 98 617362 0 0 0
-3508 580 96 81 377347 0 0 0
-3197 532 85 57 828540 0 0 0
-3499 315 58 96 508465 0 0 0
-3886 94 111 90 142693 0 0 0
-4053 113 73 76 472302 0 0 0
-4359 410 73 61 264292 0 0 0
-2414 -2195 108 58 572702 0 0 0
-2527 -2351 107 85 348478 0 0 0
-2353 -2207 94 77 501098 0 0 0
-2171 -1790 76 94 330664 0 0 0
-2681 -2021 89 96 501831 0 0 0
-2457 -1520 106 69 616426 0 0 0
-2832 -1748 68 97 873920 0 0 0
-2480 -1158 100 87 180306 0 0 0
-2293 -1579 85 72 894540 0 0 0
-2203 -1932 81 51 939039 0 0 0
-2144 -2251 67 66 394030 0 0 0
-2344 -2248 71 94 532160 0 0 0
-2849 -2198 91 53 251766 0 0 0
-2614 -2033 73 80 214093 0 0 0
-2916 -2064 90 68 706851 0 0 0
-2631 -2315 102 50 563856 0 0 0
-3209 -1810 108 66 622971 0 0 0
-3634 -1626 74 74 685811 0 0 0
-3437 -1191 77 71 760196 0 0 0
-3177 -1311 61 52 222652 0 0 0
-2749 -829 62 75 973451 0 0 0
-2645 -492 101 57 257163 0 0 0
-2309 -440 67 97 825985 0 0 0
-2751 -145 57 71 530752 0 0 0
-2804 313 94 58 491929 0 0 0
-2299 187 59 63 149124 0 0 0
-2035 586 103 91 461526 0 0 0
-1460 1135 108 51 496183 0 0 0
-1820 788 86 58 719712 0 0 0
-2145 1136 63 82 995869 0 0 0
-1602 1621 88 96 179765 0 0 0
-1101 1614 95 86 456774 0 0 0
-1726 2063 110 98 682058 0 0 0
-1848 2271 76 79 740610 0 0 0
-2444 2557 66 95 832918 0 0 0
-2202 2630 106 88 345339 0 0 0
-2123 3170 96 85 431948 0 0 0
-1983 3577 75 94 495459 0 0 0
-1907 3773 101 57 355663 0 0 0
-2324 3967 61 97 769757 0 0 0
-2636 3435 87 88 917662 0 0 0
-2371 2946 87 77 108483 0 0 0
-2064 2328 107 64 592457 0 0 0
-1462 2813 70 96 930651 0 0 0
-1507 2280 74 56 127120 0 0 0
-1850 1728 75 94 293009 0 0 0
-2321 1967 95 76 241043 0 0 0
-1857 2515 95 56 480126 0 0 0
-1608 2502 100 92 787486 0 0 0
1595 66 58 59 882840 0 0 0
1548 432 82 86 198996 0 0 0
1384 1024 75 49 495352 0 0 0
1046 1481 92 53 676075 0 0 0
1393 1681 107 80 805058 0 0 0
1498 1185 67 96 911896 0 0 0
1188 999 112 92 367669 0 0 0
1541 1008 65 80 205932 0 0 0
1720 595 90 86 983483 0 0 0
1424 834 95 60 671521 0 0 0
1556 322 93 72 547770 0 0 0
1613 542 74 87 310806 0 0 0
1519 855 107 51 398902 0 0 0
1068 1339 57 94 559372 0 0 0
1306 792 62 62 616532 0 0 0
1855 1149 102 85 379798 0 0 0
2391 981 60 49 828744 0 0 0
1897 450 74 55 639951 0 0 0
2451 802 107 55 872950 0 0 0
-2089 -1240 106 73 511491 0 0 0
-1817 -1500 64 76 610071 0 0 0
-2328 -1425 56 94 413279 0 0 0
-2592 -2015 56 93 777417 0 0 0
-3068 -2471 59 55 260382 0 0 0
-2532 -2078 61 90 580373 0 0 0
-1933 -2094 58 61 928552 0 0 0
-2485 -2051 95 74 787134 0 0 0
-3052 -2093 105 68 686925 0 0 0
-3454 -2487 78 57 841212 0 0 0
-3353 -2745 60 86 793096 0 0 0
-2947 -2857 85 74 980499 0 0 0
-2956 -3244 101 85 919049 0 0 0
-2708 -3184 99 85 386198 0 0 0
-2423 -3616 107 59 632959 0 0 0
-2848 -3334 102 58 880133 0 0 0
-3357 -2975 74 83 956371 0 0 0
-3592 -3319 92 91 279023 0 0 0
-3720 -3004 99 96 422166 0 0 0
-4317 -3111 111 98 938186 0 0 0
-4071 -3715 110 62 511357 0 0 0
-4069 -3094 96 51 409451 0 0 0
-4044 -2771 106 90 660396 0 0 0
-4434 -2368 79 70 331073 0 0 0
-4681 -2015 69 82 954592 0 0 0
-5231 -1461 111 77 395039 0 0 0
-5779 -1890 89 82 129515 0 0 0
-5876 -2486 101 59 203935 0 0 0
-5420 -2308 79 76 527729 0 0 0
-5343 -1856 94 80 431481 0 0 0
-5554 -2160 110 94 685934 0 0 0
-6070 -2084 67 82 510656 0 0 0
-6157 -1707 67 56 305610 0 0 0
-6083 -1936 69 96 827586 0 0 0
-6047 -1888 107 95 814570 0 0 0
-5938 -2279 60 76 396536 0 0 0
-6014 -2012 102 57 740141 0 0 0
-5741 -2344 65 54 942064 0 0 0
-5254 -2363 75 80 544743 0 0 0
-4904 -2189 64 61 219017 0 0 0
-5416 -1818 108 89 381336 0 0 0
-5340 -1879 77 89 697914 0 0 0
-5863 -2232 65 88 359020 0 0 0
-5717 -1815 106 87 529260 0 0 0
-5906 -1368 72 74 376276 0 0 0
-5865 -1008 106 69 372467 0 0 0
-5989 -1441 56 55 549263 0 0 0
-6367 -2007 111 84 618034 0 0 0
-6057 -1560 78 99 258427 0 0 0
-5507 -1389 74 67 252857 0 0 0
-5346 -1218 100 79 201535 0 0 0
-4810 -857 64 58 249604 0 0 0
-2438 843 96 53 325248 0 0 0
-2882 753 57 70 671307 0 0 0
-3248 625 109 55 309643 0 0 0
-3016 1126 69 60 564842 0 0 0
-2877 823 73 93 504355 0 0 0
-3221 281 58 86 905757 0 0 0
-3585 862 88 78 544066 0 0 0
-3258 541 92 60 867311 0 0 0
-2990 1102 59 52 367796 0 0 0
-2684 756 80 95 682647 0 0 0
-2152 1121 70 94 120959 0 0 0
-1544 1652 92 85 631322 0 0 0
-1472 1562 64 92 489473 0 0 0
-983 1769 65 58 858112 0 0 0
-1122 2208 80 80 114126 0 0 0
-1405 2236 68 72 610447 0 0 0
-1376 1708 96 98 160110 0 0 0
-1918 1225 60 56 540034 0 0 0
-1796 766 102 61 780680 0 0 0
-1217 855 99 66 230657 0 0 0
-1802 1424 112 78 886003 0 0 0
-1888 1041 56 88 805405 0 0 0
-2344 714 92 49 765030 0 0 0
-2603 470 80 58 546330 0 0 0
-3125 162 112 74 685563 0 0 0
-3352 -383 104 63 457994 0 0 0
-3144 -687 68 61 687035 0 0 0
-2597 -644 104 63 116141 0 0 0
-2053 -446 68 70 484253 0 0 0
-2557 -574 111 96 406537 0 0 0
-2619 -891 57 66 576977 0 0 0
-2609 -975 63 50 434522 0 0 0
-2841 -874 57 64 192852 0 0 0
-2363 -1427 69 70 346231 0 0 0
-2650 -1566 88 97 324797 0 0 0
-2171 -1674 92 85 942909 0 0 0
-2399 -1916 85 79 312386 0 0 0
-2185 -2075 91 87 161506 0 0 0
-2289 -1988 88 52 551410 0 0 0
-2711 -2371 104 93 366720 0 0 0
-3184 -2315 56 69 595426 0 0 0
-2589 -2626 60 75 788596 0 0 0
-2504 -2566 108 68 172739 0 0 0
-2705 -2128 99 53 635930 0 0 0
-3157 -2644 76 94 384188 0 0 0
-3288 -2613 58 91 187462 0 0 0
-2907 -2598 74 65 618010 0 0 0
-2540 -2937 96 67 429261 0 0 0
-2612 -2326 67 56 305625 0 0 0
-2822 -1851 100 76 798772 0 0 0
-3323 -1946 86 81 991452 0 0 0
-3626 -1604 96 66 441168 0 0 0
-3150 -1544 69 60 910076 0 0 0
-2554 -920 111 57 433459 0 0 0
-2457 -660 65 65 228389 0 0 0
-1584 -1478 87 83 640615 0 0 0
-1793 -1233 91 88 389947 0 0 0
-2308 -1376 95 58 235979 0 0 0
-2884 -1099 70 83 869846 0 0 0
-3231 -1014 86 76 406467 0 0 0
-3623 -1366 67 87 814325 0 0 0
-3672 -1573 109 75 209675 0 0 0
-3446 -2134 74 50 485153 0 0 0
-2984 -1802 93 61 370687 0 0 0
-3408 -1899 109 96 208791 0 0 0
-3136 -1649 66 68 308121 0 0 0
-3512 -2200 107 83 304128 0 0 0
-3192 -2422 71 90 109864 0 0 0
-3761 -2733 104 66 888079 0 0 0
-3885 -3099 85 77 366657 0 0 0
-3372 -3358 79 76 987531 0 0 0
-3423 -3653 93 53 379459 0 0 0
-3488 -4028 64 54 503124 0 0 0
-4029 -3728 89 54 195103 0 0 0
-4508 -4034 89 72 251217 0 0 0
-4703 -3516 87 67 699355 0 0 0
-4533 -3233 88 92 668079 0 0 0
-4611 -2761 101 92 486270 0 0 0
-4820 -2964 108 99 343297 0 0 0
-5232 -3509 106 87 752179 0 0 0
-5612 -3448 68 88 334606 0 0 0
-5866 -3027 106 53 981123 0 0 0
-318 1589 86 69 926284 0 0 0
-803 1718 110 50 159769 0 0 0
-422 2252 57 76 370459 0 0 0
-769 2754 63 50 470266 0 0 0
-922 2852 79 75 522723 0 0 0
-509 3331 77 62 684417 0 0 0
-691 3815 104 84 658136 0 0 0
-601 4180 87 62 140448 0 0 0
-476 4381 90 59 424113 0 0 0
-641 4075 64 98 274682 0 0 0
-1028 3579 98 60 106956 0 0 0
-514 3596 66 55 965963 0 0 0
19 3494 77 91 863353 0 0 0
528 2995 87 54 692647 0 0 0
187 2415 91 77 569656 0 0 0
-111 1977 60 69 877424 0 0 0
-67 2541 56 62 286276 0 0 0
353 2323 82 94 534386 0 0 0
445 2766 98 83 180091 0 0 0
1006 2507 66 49 972255 0 0 0
1399 2949 69 64 614622 0 0 0
976 3494 95 60 960283 0 0 0
645 3314 69 67 352352 0 0 0
487 3653 84 99 845055 0 0 0
983 3612 110 62 499411 0 0 0
828 3605 106 82 137689 0 0 0
1027 3249 79 85 742584 0 0 0
1270 3755 93 83 178486 0 0 0
1297 3634 107 88 453540 0 0 0
738 3602 107 76 425478 0 0 0
140 3705 59 94 668657 0 0 0
-173 4064 109 81 387525 0 0 0
-668 3554 104 86 762437 0 0 0
-729 3250 102 64 398442 0 0 0
-844 3748 75 76 627830 0 0 0
-337 4006 71 98 915043 0 0 0
227 4506 111 54 370529 0 0 0
-397 4256 77 78 426154 0 0 0
-867 4427 95 71 614082 0 0 0
-1283 4577 112 79 302800 0 0 0
-1016 4968 86 60 630804 0 0 0
-814 4599 74 96 693482 0 0 0
-835 4278 69 82 344917 0 0 0
-1250 4588 98 73 367009 0 0 0
-1240 4441 106 88 847753 0 0 0
-998 4668 70 98 741975 0 0 0
-677 4414 61 59 514438 0 0 0
-363 3955 100 52 262513 0 0 0
-952 3334 83 77 255632 0 0 0
-628 3348 63 61 484714 0 0 0
-243 3934 71 93 662830 0 0 0
218 3374 96 53 339443 0 0 0
-88 3975 77 53 521167 0 0 0
-700 3598 112 67 901701 0 0 0
-655 3062 94 80 369793 0 0 0
-699 3654 69 99 730895 0 0 0
-241 3065 56 81 842181 0 0 0
-195 3468 104 86 245152 0 0 0
344 3542 99 96 332705 0 0 0
-5 3949 89 64 560368 0 0 0
2253 -553 103 62 771862 0 0 0
1797 -1087 101 96 720277 0 0 0
2220 -1411 74 63 246149 0 0 0
1879 -870 107 58 612460 0 0 0
1419 -1142 87 73 983039 0 0 0
2036 -1572 58 56 676174 0 0 0
1645 -1769 87 81 698737 0 0 0
2077 -2046 82 58 753512 0 0 0
1706 -1822 94 73 144441 0 0 0
2004 -1636 57 61 904365 0 0 0
2021 -1234 71 50 988106 0 0 0
2113 -1787 67 85 194613 0 0 0
1621 -1824 64 86 588278 0 0 0
1732 -1213 98 57 931124 0 0 0
1167 -1164 80 49 996571 0 0 0
722 -1713 106 93 717439 0 0 0
723 -1720 62 79 344660 0 0 0
-447 2370 62 96 441201 0 0 0
-157 2728 98 75 158558 0 0 0
179 2148 74 89 792343 0 0 0
427 2591 91 99 408610 0 0 0
655 2306 80 65 578901 0 0 0
139 2601 112 52 468778 0 0 0
-124 2305 90 76 197839 0 0 0
58 2120 87 71 486854 0 0 0
400 1775 64 66 233743 0 0 0
979 1452 79 58 271087 0 0 0
880 1218 90 95 410546 0 0 0
347 1326 87 49 303131 0 0 0
-194 868 106 74 690603 0 0 0
276 530 86 67 264167 0 0 0
546 674 72 59 948077 0 0 0
387 1015 68 85 909777 0 0 0
898 1615 98 62 998033 0 0 0
1109 1721 76 93 209220 0 0 0
971 1983 69 78 274844 0 0 0
1180 2174 72 50 597781 0 0 0
1604 1966 84 53 599413 0 0 0
1458 1500 60 79 571574 0 0 0
920 889 61 97 492686 0 0 0
717 648 71 73 151606 0 0 0
654 722 61 63 989717 0 0 0
682 811 103 93 984761 0 0 0
147 1386 95 58 323634 0 0 0
465 779 83 76 460422 0 0 0
170 590 86 96 899457 0 0 0
-278 758 59 52 378421 0 0 0
-214 525 66 81 845661 0 0 0
-458 182 80 67 312337 0 0 0
-425 202 105 73 544424 0 0 0
92 -384 112 69 637259 0 0 0
444 -581 103 63 976755 0 0 0
465 -72 84 71 833000 0 0 0
-94 -305 103 68 195909 0 0 0
-231 -822 96 93 515344 0 0 0
-748 -962 111 84 910061 0 0 0
-524 -431 105 76 486302 0 0 0
-498 -906 66 82 652389 0 0 0
-475 -823 79 85 840712 0 0 0
-419 -1326 74 70 738858 0 0 0
-797 -1253 109 77 613019 0 0 0
-468 -990 109 76 864511 0 0 0
11 -1464 108 62 592598 0 0 0
-359 -1919 79 73 877628 0 0 0
-340 -1559 102 74 136726 0 0 0
-141 -1926 111 97 583997 0 0 0
-168 -1718 73 95 920221 0 0 0
5 -1187 73 94 686485 0 0 0
-28 -1676 64 66 851383 0 0 0
-526 -1063 83 61 268899 0 0 0
-108 -1183 83 67 454192 0 0 0
176 -678 77 80 178761 0 0 0
294 -803 64 91 364328 0 0 0
530 -214 96 71 752383 0 0 0
743 35 94 74 214740 0 0 0
416 519 112 61 752837 0 0 0
529 -91 65 82 532054 0 0 0
960 -97 98 49 634031 0 0 0
380 153 86 91 118357 0 0 0
133 178 71 93 708897 0 0 0
-30 178 93 92 728411 0 0 0
-18 -239 64 99 612712 0 0 0
2248 1478 64 54 475059 0 0 0
2365 1502 67 58 220512 0 0 0
2867 1411 88 59 880461 0 0 0
3391 1273 84 77 241057 0 0 0
3654 1159 106 76 274939 0 0 0
3038 1109 93 75 636350 0 0 0
3317 1029 72 77 649503 0 0 0
3818 979 112 58 185107 0 0 0
3195 1466 87 71 392692 0 0 0
3643 2089 83 76 397171 0 0 0
4190 2207 111 95 935021 0 0 0
3612 1756 75 94 993102 0 0 0
3820 2187 96 57 777493 0 0 0
4269 2579 67 64 807959 0 0 0
4257 2596 71 92 233601 0 0 0
4760 2227 79 87 730302 0 0 0
5306 2797 69 93 600164 0 0 0
4702 3065 64 93 801662 0 0 0
4885 3245 57 63 994391 0 0 0
4534 3191 97 59 493184 0 0 0
5024 2997 77 89 706436 0 0 0
5074 2723 107 83 143613 0 0 0
5603 2745 62 57 624075 0 0 0
5423 2692 96 97 175389 0 0 0
4912 3235 72 71 585322 0 0 0
4971 2688 61 86 624086 0 0 0
4635 2230 96 68 222708 0 0 0
4028 1646 112 80 837505 0 0 0
4051 1775 79 92 156925 0 0 0
3621 2032 64 85 108084 0 0 0
4079 1722 81 63 318363 0 0 0
4653 1741 105 85 744850 0 0 0
5055 1368 61 96 946969 0 0 0
4724 974 89 93 859999 0 0 0
4766 958 97 50 431624 0 0 0
4505 843 74 97 396446 0 0 0
4963 612 103 99 414714 0 0 0
5481 603 104 55 405634 0 0 0
4929 798 107 68 944896 0 0 0
4700 440 76 90 277369 0 0 0
5295 -131 60 85 935797 0 0 0
5401 -388 105 99 947028 0 0 0
5333 -567 79 75 443946 0 0 0
5410 -666 102 81 944725 0 0 0
5344 -1059 71 68 165043 0 0 0
5386 -911 62 78 695712 0 0 0
4991 -1394 65 98 712865 0 0 0
4949 -1918 86 49 619816 0 0 0
5392 -1369 104 50 654782 0 0 0
5091 -1399 67 76 409624 0 0 0
4682 -1718 69 90 681559 0 0 0
4582 -1654 77 89 721182 0 0 0
4580 -1394 82 67 815182 0 0 0
4253 -1639 90 84 988857 0 0 0
4804 -1572 92 91 553199 0 0 0
5074 -1338 92 99 882246 0 0 0
5552 -745 91 59 177207 0 0 0
5730 -658 79 57 915758 0 0 0
6289 -828 94 56 679030 0 0 0
6884 -896 75 60 225889 0 0 0
6780 -433 72 67 865407 0 0 0
6301 -978 77 62 601501 0 0 0
6661 -551 72 66 176414 0 0 0
7023 -179 86 54 138835 0 0 0
7026 -447 73 53 539729 0 0 0
7585 98 61 68 577221 0 0 0
7081 672 98 98 118636 0 0 0
6955 113 88 97 991080 0 0 0
6780 -135 69 76 489614 0 0 0
7309 -446 68 81 821744 0 0 0
6933 -247 74 70 545695 0 0 0
7011 160 89 76 849897 0 0 0
6869 781 66 67 931342 0 0 0
6564 452 73 77 824110 0 0 0
-627 1697 89 74 105993 0 0 0
-901 1387 84 89 660881 0 0 0
-1254 1246 64 93 275893 0 0 0
-715 1261 70 82 843114 0 0 0
-263 1097 79 96 795099 0 0 0
47 1550 84 87 676425 0 0 0
-160 954 85 93 737411 0 0 0
-213 703 91 78 145133 0 0 0
-292 827 96 90 282010 0 0 0
-22 1187 89 83 189533 0 0 0
538 1549 86 75 603657 0 0 0
563 1178 75 84 504935 0 0 0
305 1384 57 78 250029 0 0 0
801 1531 87 91 884520 0 0 0
1373 1309 68 88 557561 0 0 0
1032 1848 111 85 342390 0 0 0
1653 1859 97 80 935753 0 0 0
1780 1343 85 73 211343 0 0 0
1485 1153 93 53 914858 0 0 0
1258 747 86 61 713147 0 0 0
811 769 74 68 370239 0 0 0
279 520 103 99 178615 0 0 0
301 537 71 93 771003 0 0 0
204 702 92 74 799822 0 0 0
219 909 63 59 398778 0 0 0
-297 1242 79 71 469403 0 0 0
-636 1032 75 49 539505 0 0 0
-1047 979 61 80 825195 0 0 0
1323 88 112 97 533525 0 0 0
1113 -288 112 73 846473 0 0 0
876 22 80 96 485945 0 0 0
731 515 73 78 253243 0 0 0
986 -11 112 87 259043 0 0 0
657 604 80 69 501595 0 0 0
722 905 58 75 987506 0 0 0
882 1526 89 74 234912 0 0 0
287 1220 63 77 285698 0 0 0
823 780 63 91 689250 0 0 0
779 1099 101 97 615887 0 0 0
1370 1131 57 73 254215 0 0 0
1065 1166 86 90 372651 0 0 0
1048 833 99 49 549347 0 0 0
1323 676 79 77 848054 0 0 0
1462 728 91 72 368545 0 0 0
1124 272 61 66 834145 0 0 0
1069 725 77 83 891590 0 0 0
531 917 105 71 900209 0 0 0
1052 928 102 49 904782 0 0 0
1162 386 56 83 239214 0 0 0
1116 826 95 49 775050 0 0 0
1412 1175 81 62 179593 0 0 0
1765 1229 61 91 428107 0 0 0
2161 1726 89 70 321193 0 0 0
1566 1724 89 83 926170 0 0 0
972 1544 87 52 167673 0 0 0
1208 1933 59 49 132781 0 0 0
1004 1382 58 79 907209 0 0 0
565 783 60 92 908413 0 0 0
536 1040 99 61 323503 0 0 0
205 1022 69 58 895265 0 0 0
-163 422 73 49 870310 0 0 0
-55 756 72 59 540246 0 0 0
13 609 87 78 920172 0 0 0
203 517 85 71 725736 0 0 0
773 766 95 97 896866 0 0 0
565 626 100 89 928078 0 0 0
935 1006 100 50 430561 0 0 0
1172 567 95 60 151631 0 0 0
669 181 98 62 211174 0 0 0
891 261 112 69 617518 0 0 0
468 -21 60 80 768560 0 0 0
719 241 66 96 177261 0 0 0
1302 13 62 78 326303 0 0 0
1319 -216 92 96 578128 0 0 0
1569 -390 112 77 183118 0 0 0
1979 81 92 91 521763 0 0 0
2563 -67 70 55 553788 0 0 0
2426 454 74 49 881207 0 0 0
1850 161 76 76 961058 0 0 0
1977 764 65 75 429009 0 0 0
1520 974 83 85 337798 0 0 0
1212 577 94 52 175081 0 0 0
1119 306 85 69 278384 0 0 0
1291 539 90 84 959735 0 0 0
1326 297 64 84 288671 0 0 0
775 294 107 76 180479 0 0 0
203 -18 61 72 264152 0 0 0
302 592 88 98 977587 0 0 0
-1405 538 91 82 775351 0 0 0
-1894 498 94 77 549282 0 0 0
-1711 955 90 83 484084 0 0 0
-1461 452 96 81 339170 0 0 0
-1908 931 99 76 514188 0 0 0
-1779 621 60 76 805065 0 0 0
-2080 943 67 63 213910 0 0 0
-2307 738 102 92 384158 0 0 0
-2008 1267 59 67 742578 0 0 0
-2087 873 102 94 251753 0 0 0
-1993 733 72 73 287994 0 0 0
-1741 1052 104 88 155388 0 0 0
-1491 1594 93 73 301612 0 0 0
-1614 2082 108 98 564194 0 0 0
-1736 1735 92 59 984319 0 0 0
-1902 2246 91 84 540633 0 0 0
-2483 2083 90 64 814130 0 0 0
-2719 1558 92 76 704369 0 0 0
-2500 1823 56 66 895559 0 0 0
-2519 2217 106 96 209141 0 0 0
-2418 1601 60 87 252775 0 0 0
-2634 1121 83 97 363314 0 0 0
-2859 891 75 63 392933 0 0 0
-2881 539 77 59 331216 0 0 0
-2630 588 76 66 493462 0 0 0
-3225 66 100 63 407364 0 0 0
-2915 338 89 88 976222 0 0 0
-2327 808 77 85 268979 0 0 0
-2805 1048 85 70 661790 0 0 0
-2299 831 111 78 727518 0 0 0
-2715 953 61 70 804219 0 0 0
-3166 717 88 99 184559 0 0 0
-3310 1223 66 95 113841 0 0 0
-3337 1620 59 73 655048 0 0 0
-3541 1509 84 90 817705 0 0 0
-2941 1806 60 68 614234 0 0 0
-2472 1243 110 92 821514 0 0 0
-2426 1314 77 49 194447 0 0 0
-1849 1244 71 62 193187 0 0 0
-2254 1569 81 49 619737 0 0 0
-1898 1828 60 56 998353 0 0 0
-2296 1739 82 65 971830 0 0 0
-2485 2147 91 78 886552 0 0 0
-3021 1812 91 92 272146 0 0 0
-3599 1465 105 49 743971 0 0 0
-3206 1925 68 57 768886 0 0 0
-3253 2116 64 83 580482 0 0 0
-3598 1805 78 91 511367 0 0 0
-3568 2376 84 85 945569 0 0 0
-3516 2299 79 98 110720 0 0 0
-3081 2868 92 97 730430 0 0 0
-2951 2399 80 51 782533 0 0 0
-2516 2412 75 91 503561 0 0 0
-2983 2744 66 91 593211 0 0 0
-2964 2351 109 71 999106 0 0 0
-3315 2256 86 72 512569 0 0 0
-3419 2549 84 63 880330 0 0 0
-3616 1993 63 59 314866 0 0 0
-3030 2216 75 96 996054 0 0 0
-2885 2245 72 74 677202 0 0 0
-3239 2248 85 52 661841 0 0 0
-2842 1910 72 52 835379 0 0 0
-3282 2460 82 69 842289 0 0 0
-2918 2075 85 53 956565 0 0 0
-3102 1878 99 75 226499 0 0 0
-2524 1376 75 82 104334 0 0 0
-3144 1824 86 80 670183 0 0 0
-3227 2014 102 65 566415 0 0 0
-3062 2372 89 82 745859 0 0 0
-3079 2573 65 68 181411 0 0 0
-2677 2962 56 64 811574 0 0 0
-2310 2842 108 54 251916 0 0 0
-2612 2243 64 51 682660 0 0 0
-2393 2336 60 75 835760 0 0 0
-2516 1847 97 67 284148 0 0 0
-2853 1946 60 91 751836 0 0 0
-2546 2552 88 80 103485 0 0 0
-2105 2583 63 89 885960 0 0 0
-2139 2205 109 59 808997 0 0 0
-1994 -1927 90 91 867044 0 0 0
-2039 -2332 103 69 253073 0 0 0
-2408 -2501 69 69 693323 0 0 0
-2215 -2274 88 73 813396 0 0 0
-1864 -1755 105 97 104395 0 0 0
-1980 -2001 93 58 864325 0 0 0
-2068 -1856 81 85 982243 0 0 0
-2062 -2145 94 50 499992 0 0 0
-2050 -2654 69 75 785895 0 0 0
-1443 -2299 56 79 244139 0 0 0
-861 -2437 108 88 970999 0 0 0
-1310 -3002 62 72 717155 0 0 0
-1642 -2888 111 58 270148 0 0 0
-1277 -2360 78 74 660895 0 0 0
-909 -2981 61 49 479504 0 0 0
-1165 -2520 87 70 749251 0 0 0
-804 -2333 89 77 566256 0 0 0
-946 -1720 102 97 452966 0 0 0
-658 -1631 106 84 127229 0 0 0
-1178 -1685 57 85 593056 0 0 0
-1220 -1212 105 51 235361 0 0 0
-1663 -708 111 86 931984 0 0 0
-1568 -460 89 97 787989 0 0 0
-1118 -58 78 89 865146 0 0 0
-687 508 94 52 704447 0 0 0
-123 471 95 61 144418 0 0 0
-512 -25 58 68 733058 0 0 0
-367 -459 103 84 965233 0 0 0
-552 -861 69 93 189894 0 0 0
-261 -498 85 75 188044 0 0 0
-607 -207 79 61 159282 0 0 0
-2 -393 73 63 586641 0 0 0
489 -36 56 50 383045 0 0 0
614 -485 79 52 761271 0 0 0
357 138 63 78 976583 0 0 0
881 -200 108 55 537701 0 0 0
139 -1140 65 96 395617 0 0 0
227 -1240 98 74 981241 0 0 0
-11 -643 96 55 808298 0 0 0
560 -562 104 80 204315 0 0 0
80 -376 56 93 721595 0 0 0
-75 -698 110 84 672883 0 0 0
-241 -1002 72 78 616705 0 0 0
27 -777 96 77 864239 0 0 0
636 -1184 110 67 954614 0 0 0
169 -864 59 58 218350 0 0 0
-189 -1139 62 95 689168 0 0 0
253 -1030 81 65 192870 0 0 0
844 -727 74 53 820373 0 0 0
522 -1293 82 84 655695 0 0 0
322 -761 91 65 683896 0 0 0
815 -398 90 66 712525 0 0 0
967 -927 71 82 777703 0 0 0
752 -667 70 74 521703 0 0 0
142 -964 108 71 133627 0 0 0
-410 -732 65 84 432456 0 0 0
-304 -619 73 88 350665 0 0 0
-637 -595 64 80 987828 0 0 0
-742 5 67 59 404218 0 0 0
-704 -573 106 95 245548 0 0 0
-1163 -783 112 94 689443 0 0 0
-1115 -1378 104 69 831096 0 0 0
-520 -1333 61 75 954657 0 0 0
-362 -1150 105 55 965876 0 0 0
-586 -786 83 55 686932 0 0 0
-707 -829 71 97 683456 0 0 0
-352 -276 83 51 104663 0 0 0
46 -159 91 78 980303 0 0 0
317 202 100 54 217189 0 0 0
600 -302 83 98 378226 0 0 0
1553 1436 111 66 385147 0 0 0
1066 1458 78 92 267841 0 0 0
807 1110 66 73 398681 0 0 0
1145 1457 86 60 204902 0 0 0
1193 1298 96 90 922641 0 0 0
1376 1010 93 70 629572 0 0 0
1447 1183 111 75 648808 0 0 0
2067 1711 106 95 327579 0 0 0
1707 2287 67 67 251244 0 0 0
1110 1724 86 70 842030 0 0 0
1263 1324 79 89 687974 0 0 0
1579 1283 100 95 539932 0 0 0
2129 1316 73 51 772088 0 0 0
1657 1015 74 70 645757 0 0 0
1946 628 72 94 751362 0 0 0
2539 551 100 79 673956 0 0 0
1978 730 65 96 208308 0 0 0
1359 940 88 86 328265 0 0 0
1155 763 93 65 399267 0 0 0
741 1009 105 49 138032 0 0 0
451 770 96 90 191796 0 0 0
8 1244 62 76 522542 0 0 0
200 1727 84 79 211494 0 0 0
188 2075 62 83 263105 0 0 0
43 2430 87 85 550043 0 0 0
-466 2090 61 55 825310 0 0 0
-983 1515 76 88 749868 0 0 0
-1154 1844 111 86 608158 0 0 0
-536 1416 78 99 131127 0 0 0
-897 1379 109 74 682134 0 0 0
-428 1363 79 73 187994 0 0 0
-61 1199 66 75 934580 0 0 0
465 1702 106 58 404478 0 0 0
660 2324 85 49 735363 0 0 0
1214 1836 110 56 619064 0 0 0
1583 2346 93 51 519732 0 0 0
1703 1818 108 64 428787 0 0 0
2163 1360 56 54 651245 0 0 0
2049 1688 69 89 137286 0 0 0
2093 1472 60 51 325029 0 0 0
1727 2011 75 78 395745 0 0 0
1758 1609 71 72 723711 0 0 0
1829 2182 91 99 205568 0 0 0
2246 2723 107 86 535362 0 0 0
2086 2503 85 58 903470 0 0 0
1820 2403 92 60 413878 0 0 0
2373 1903 81 52 784064 0 0 0
2160 2352 70 82 365561 0 0 0
1994 2900 58 71 477807 0 0 0
1978 3469 97 66 622564 0 0 0
2539 3627 62 78 273348 0 0 0
2592 4046 72 51 585703 0 0 0
2033 3601 79 61 227196 0 0 0
2258 3408 58 87 985693 0 0 0
2155 3769 99 98 305332 0 0 0
2773 3398 77 72 950869 0 0 0
-2243 -1037 111 51 450599 0 0 0
-2454 -533 109 62 503931 0 0 0
-2545 -343 91 53 662908 0 0 0
-2514 -268 82 79 288249 0 0 0
-2035 -682 94 93 788441 0 0 0
-1914 -428 58 96 301340 0 0 0
-2419 -2 85 84 256194 0 0 0
-1857 287 68 93 489362 0 0 0
-1474 -99 108 92 222388 0 0 0
-1691 -688 108 60 431615 0 0 0
-2042 -1251 109 93 509628 0 0 0
-1794 -878 61 96 935739 0 0 0
-1608 -1351 60 83 136302 0 0 0
-1449 -1848 75 84 364987 0 0 0
-1759 -2186 102 84 895538 0 0 0
-1519 -1620 105 97 577730 0 0 0
-2067 -997 78 86 780685 0 0 0
-2596 -689 96 71 806063 0 0 0
-2830 -816 78 91 496474 0 0 0
-2369 -1038 106 77 733821 0 0 0
-2071 -953 90 50 839782 0 0 0
-2646 -376 58 53 160180 0 0 0
-3121 99 69 61 606764 0 0 0
-3072 675 86 67 917957 0 0 0
-2476 87 71 90 878208 0 0 0
-1912 -179 62 76 933023 0 0 0
-1556 83 104 62 190193 0 0 0
-1902 14 62 54 774678 0 0 0
-1415 -574 63 56 136762 0 0 0
-1965 -905 112 98 687362 0 0 0
-1716 -1447 82 70 265537 0 0 0
-1878 -1009 94 85 958563 0 0 0
-1483 -405 56 85 240331 0 0 0
-926 -211 75 89 224440 0 0 0
-444 -705 63 77 119629 0 0 0
135 -466 60 89 834648 0 0 0
138 111 104 76 459889 0 0 0
-331 341 62 71 391504 0 0 0
288 343 66 60 702277 0 0 0
-252 332 75 49 729550 0 0 0
-21 -210 83 86 516112 0 0 0
222 -748 69 79 953550 0 0 0
505 -1309 82 64 278384 0 0 0
943 -968 111 86 333514 0 0 0
2273 714 80 88 753084 0 0 0
2204 957 75 73 573859 0 0 0
2774 1355 64 58 116450 0 0 0
2820 1745 72 91 170607 0 0 0
3018 2010 71 55 110471 0 0 0
2868 1693 68 67 860314 0 0 0
2488 2262 112 62 500364 0 0 0
2871 1812 72 75 624800 0 0 0
3380 1364 104 67 619272 0 0 0
3100 1370 85 78 316921 0 0 0
3629 1757 76 62 744814 0 0 0
3585 1192 72 64 442558 0 0 0
3859 1756 58 49 457611 0 0 0
3744 1348 71 63 961104 0 0 0
3834 1001 111 72 140694 0 0 0
4192 716 108 79 100827 0 0 0
4358 930 111 78 639574 0 0 0
4751 473 105 72 400686 0 0 0
4323 428 73 91 717121 0 0 0
4299 995 80 78 292744 0 0 0
4060 1127 97 96 178343 0 0 0
3777 1644 75 70 973845 0 0 0
3875 1228 76 90 373890 0 0 0
4321 1177 78 60 454505 0 0 0
4146 592 80 50 823241 0 0 0
3996 1192 61 65 585774 0 0 0
4303 1378 58 64 427645 0 0 0
4365 1136 103 94 984972 0 0 0
4310 1471 63 58 108817 0 0 0
4199 1511 80 74 154740 0 0 0
3733 1596 69 52 648592 0 0 0
3404 1112 68 80 225738 0 0 0
3590 925 79 60 117696 0 0 0
3823 1355 61 88 123543 0 0 0
3524 1071 90 61 192372 0 0 0
3438 469 103 64 796208 0 0 0
2923 -31 84 77 179577 0 0 0
3401 -96 87 91 108184 0 0 0
3803 -233 60 52 719792 0 0 0
3491 -297 107 82 522658 0 0 0
3792 -879 112 79 867432 0 0 0
4232 -771 87 61 987064 0 0 0
4126 -1285 77 89 317652 0 0 0
4237 -1063 110 67 854094 0 0 0
4565 -920 102 51 262728 0 0 0
4987 -951 80 83 264913 0 0 0
5231 -1349 64 53 500452 0 0 0
5100 -1907 99 60 883559 0 0 0
4670 -1306 95 91 281702 0 0 0
5207 -1315 92 97 431003 0 0 0
4803 -1061 81 50 541635 0 0 0
5006 -974 68 96 238203 0 0 0
4596 -455 64 89 763349 0 0 0
5182 48 85 61 272065 0 0 0
5545 151 103 60 359905 0 0 0
5733 169 97 73 157727 0 0 0
5838 -120 108 86 783700 0 0 0
5718 310 98 94 234289 0 0 0
5863 732 86 70 818785 0 0 0
5523 1252 73 98 576140 0 0 0
4900 1394 108 97 469216 0 0 0
4387 1077 69 99 367706 0 0 0
3855 1581 92 98 580977 0 0 0
4283 1364 82 50 483920 0 0 0
4618 1128 63 71 104627 0 0 0
4982 796 97 56 281142 0 0 0
5358 499 57 60 555436 0 0 0
4752 589 59 75 310320 0 0 0
5199 360 89 81 300863 0 0 0
5661 551 57 69 772163 0 0 0
5792 571 82 89 437084 0 0 0
6408 138 65 84 795772 0 0 0
5999 -204 94 65 738715 0 0 0
6004 -15 82 64 368980 0 0 0
5695 333 72 71 302393 0 0 0
6141 100 106 53 554397 0 0 0
6411 -168 76 58 908810 0 0 0
6374 -60 85 95 443949 0 0 0
810 -897 110 58 812986 0 0 0
756 -482 89 69 168639 0 0 0
1245 -540 100 89 462666 0 0 0
1591 -877 64 79 663993 0 0 0
1224 -899 101 65 321837 0 0 0
1678 -723 100 78 884568 0 0 0
1455 -121 71 50 848327 0 0 0
1823 -540 83 75 436585 0 0 0
2052 -834 92 60 370533 0 0 0
2581 -611 58 69 701963 0 0 0
2282 -612 74 61 561276 0 0 0
2275 -275 103 52 828692 0 0 0
2737 -475 78 87 126664 0 0 0
2642 -50 69 72 791507 0 0 0
2450 -439 71 54 423129 0 0 0
2785 -321 104 67 862929 0 0 0
3135 -591 70 57 896506 0 0 0
3422 -509 68 80 886998 0 0 0
3653 -619 75 54 108108 0 0 0
3280 -1112 100 92 493533 0 0 0
39 -381 89 73 929289 0 0 0
213 -248 68 52 555676 0 0 0
188 -665 91 97 397242 0 0 0
521 -203 72 64 824408 0 0 0
177 40 100 63 413512 0 0 0
529 -352 78 86 107468 0 0 0
642 -12 111 64 191292 0 0 0
1249 -597 81 86 855710 0 0 0
1387 -1098 77 97 304025 0 0 0
1440 -702 107 56 108159 0 0 0
934 -974 68 73 802798 0 0 0
989 -829 109 53 917422 0 0 0
924 -823 57 94 889715 0 0 0
1310 -1239 108 91 618414 0 0 0
1781 -1841 84 97 649404 0 0 0
1891 -1731 111 98 312136 0 0 0
2098 -1947 100 77 537304 0 0 0
2722 -1546 83 77 252032 0 0 0
2355 -981 104 98 418049 0 0 0
2388 -1399 92 60 827097 0 0 0
2581 -1556 56 65 509267 0 0 0
3040 -1281 111 80 204969 0 0 0
3222 -1562 108 84 433497 0 0 0
3528 -2014 107 93 141235 0 0 0
3115 -2304 105 94 252066 0 0 0
2753 -2592 75 80 875786 0 0 0
3156 -2587 79 56 817231 0 0 0
3701 -2034 76 80 485012 0 0 0
3828 -1665 80 75 437870 0 0 0
4410 -1938 80 79 202102 0 0 0
4439 -1387 99 99 945812 0 0 0
4931 -992 56 67 891836 0 0 0
5300 -1398 98 60 598457 0 0 0
5443 -1749 78 96 700965 0 0 0
4984 -2165 64 83 367564 0 0 0
4747 -2523 78 86 499185 0 0 0
4968 -2994 81 80 654476 0 0 0
5080 -3587 107 79 189348 0 0 0
4471 -3549 87 58 767371 0 0 0
4774 -3748 65 93 137067 0 0 0
5197 -3650 111 63 418876 0 0 0
-349 -70 74 54 858996 0 0 0
41 -523 65 65 880565 0 0 0
-455 -898 64 78 746268 0 0 0
37 -995 89 88 549748 0 0 0
201 -978 93 53 531789 0 0 0
-49 -456 101 75 592929 0 0 0
-615 -621 110 83 820027 0 0 0
-640 -646 112 65 757201 0 0 0
-850 -141 64 72 341979 0 0 0
-913 -752 109 50 238506 0 0 0
-345 -628 56 51 130938 0 0 0
115 -252 96 59 411546 0 0 0
-8 140 59 98 562838 0 0 0
-143 -80 87 54 953063 0 0 0
-450 -635 79 87 449630 0 0 0
-869 -323 87 77 174014 0 0 0
-682 -247 90 86 469404 0 0 0
-717 47 62 75 717433 0 0 0
-1214 -59 75 61 812277 0 0 0
-1214 387 108 93 749924 0 0 0
-1421 154 79 94 530636 0 0 0
-1666 339 63 64 976589 0 0 0
-1623 -282 110 56 862998 0 0 0
-2169 -735 67 85 416152 0 0 0
-2034 -126 99 65 958274 0 0 0
-1995 -686 59 69 309172 0 0 0
-1827 -1016 104 74 161695 0 0 0
-2194 -1520 60 69 474766 0 0 0
-1744 -1713 60 61 411921 0 0 0
-1927 -2024 68 77 904460 0 0 0
-1718 -2619 106 53 181229 0 0 0
-1398 -3089 86 90 906615 0 0 0
-1629 -2797 79 94 502390 0 0 0
-1235 -2597 62 59 849405 0 0 0
-618 -2984 79 62 484496 0 0 0
-1015 -3463 107 91 387314 0 0 0
-422 -3434 60 79 517292 0 0 0
-135 -3474 70 91 558823 0 0 0
-244 -3481 92 97 138496 0 0 0
-161 -3471 95 66 768801 0 0 0
-497 -3647 67 71 129936 0 0 0
-66 -3044 85 94 293571 0 0 0
-198 -3287 58 88 960328 0 0 0
-71 -3444 57 83 958011 0 0 0
285 -3857 96 76 371756 0 0 0
172 -3357 67 75 707240 0 0 0
-1235 1553 109 61 432085 0 0 0
-991 1309 75 69 726951 0 0 0
-1544 822 86 51 826989 0 0 0
-1648 1132 85 60 861674 0 0 0
-1966 850 72 54 883373 0 0 0
-2442 380 107 74 960591 0 0 0
-2502 524 76 77 712971 0 0 0
-2023 -27 62 77 986527 0 0 0
-1453 406 68 61 422846 0 0 0
-1134 122 88 90 811183 0 0 0
-850 298 104 82 525016 0 0 0
-986 2 77 96 830048 0 0 0
-680 418 91 81 425488 0 0 0
-236 472 102 68 974782 0 0 0
-428 47 107 51 373550 0 0 0
-421 -109 70 83 703246 0 0 0
203 96 106 73 714808 0 0 0
825 -13 70 95 111887 0 0 0
-833 2061 110 59 393290 0 0 0
-1253 1806 97 90 422550 0 0 0
-869 2088 63 73 770561 0 0 0
-1376 2299 70 75 847869 0 0 0
-1521 2336 90 52 541553 0 0 0
-1215 2141 96 78 299272 0 0 0
-1803 1636 106 91 905991 0 0 0
-1981 1091 75 81 702349 0 0 0
-1784 870 72 98 192945 0 0 0
-1956 656 62 51 413645 0 0 0
-1396 660 66 73 162127 0 0 0
-1123 607 56 77 502818 0 0 0
-1111 808 77 96 683313 0 0 0
-754 428 70 66 703221 0 0 0
-579 28 68 58 579620 0 0 0
-626 646 97 78 918759 0 0 0
-25 830 107 77 700060 0 0 0
234 379 89 67 911725 0 0 0
96 299 102 49 807611 0 0 0
184 -326 56 75 234597 0 0 0
259 -558 87 96 460219 0 0 0
190 -418 102 74 473100 0 0 0
-240 -1028 67 89 431447 0 0 0
-27 -431 108 51 240543 0 0 0
-432 -64 67 67 850894 0 0 0
-528 -652 102 97 868456 0 0 0
-716 -1121 68 68 351198 0 0 0
-1290 -1511 56 71 734051 0 0 0
-922 -1639 107 98 850973 0 0 0
-711 -1549 56 90 155261 0 0 0
-353 -933 91 89 194695 0 0 0
-120 -1158 80 72 501350 0 0 0
274 -1728 112 71 554499 0 0 0
-20 -1569 100 86 311972 0 0 0
169 -2188 105 96 363131 0 0 0
377 -2056 61 95 916618 0 0 0
-124 -2560 111 79 613921 0 0 0
-308 -2894 80 78 624459 0 0 0
251 -3215 57 74 581863 0 0 0
192 -2968 68 91 945950 0 0 0
218 -3555 67 68 211835 0 0 0
429 -3761 78 82 678579 0 0 0
654 -3644 84 97 468888 0 0 0
518 -3053 81 72 802766 0 0 0
46 -2653 65 78 491819 0 0 0
-34 -2723 80 85 823215 0 0 0
69 -2582 102 79 456588 0 0 0
-402 -2092 109 72 802708 0 0 0
-20 -2519 104 83 405666 0 0 0
48 -2750 78 68 622240 0 0 0
568 -3126 106 82 274219 0 0 0
1123 -2826 65 79 265833 0 0 0
635 -3088 95 65 169830 0 0 0
28 -2749 108 83 348005 0 0 0
620 -2242 101 55 331512 0 0 0
968 -2218 86 55 576042 0 0 0
561 -2240 85 56 979329 0 0 0
779 -2533 101 70 314486 0 0 0
223 -2110 103 71 231995 0 0 0
373 -1905 87 86 895093 0 0 0
-207 -1968 77 51 804223 0 0 0
-93 -1383 91 60 106541 0 0 0
-470 -1902 75 52 137382 0 0 0
-472 -1803 103 97 868122 0 0 0
-292 -2258 107 86 802262 0 0 0
-301 -1776 65 58 822907 0 0 0
-680 -2289 101 98 950095 0 0 0
-549 -1675 64 89 846621 0 0 0
-598 -1715 67 77 666094 0 0 0
14 -1617 68 82 210033 0 0 0
-152 -1603 88 65 587539 0 0 0
-209 -1023 84 92 776512 0 0 0
256 -576 92 70 411444 0 0 0
434 -620 58 62 194684 0 0 0
192 -216 58 85 639139 0 0 0
73 -121 100 54 634320 0 0 0
-416 -14 80 70 171357 0 0 0
-132 76 109 54 417764 0 0 0
34 224 103 92 643161 0 0 0
100 61 66 99 301688 0 0 0
107 -477 106 98 922055 0 0 0
1245 1362 104 72 558875 0 0 0
1810 1134 69 95 844606 0 0 0
1820 1495 93 72 151841 0 0 0
2327 1757 89 75 976395 0 0 0
2257 1749 103 54 864657 0 0 0
2222 2158 84 68 495909 0 0 0
2223 1611 62 84 120350 0 0 0
-615 -1735 81 93 927935 0 0 0
-1094 -1986 62 78 701051 0 0 0
-1463 -2179 81 95 418185 0 0 0
-1865 -2622 109 75 307950 0 0 0
-2427 -2815 98 91 580928 0 0 0
-2866 -2759 68 49 359266 0 0 0
-2625 -2306 84 51 655049 0 0 0
-2553 -2258 81 63 395348 0 0 0
-2349 -1900 88 98 944415 0 0 0
-2035 -1762 98 66 310396 0 0 0
-2008 -2233 100 96 485088 0 0 0
-2617 -2323 70 91 907181 0 0 0
-3197 -2639 68 87 166014 0 0 0
-3594 -2610 74 53 855301 0 0 0
-3619 -2910 61 82 786966 0 0 0
-3253 -2287 64 87 356432 0 0 0
-2831 -2269 71 97 329657 0 0 0
-2861 -2558 96 61 125201 0 0 0
-2449 -2651 110 52 680417 0 0 0
-2912 -2267 103 64 166115 0 0 0
-2540 -2807 102 81 505185 0 0 0
-2921 -2264 103 76 319262 0 0 0
-2642 -2826 105 77 663405 0 0 0
-2856 -2964 109 91 356613 0 0 0
-2356 -2853 75 56 498947 0 0 0
-2866 -2933 91 83 512887 0 0 0
-2693 -3364 69 98 541156 0 0 0
-2915 -3850 101 89 573647 0 0 0
-3251 -3709 101 93 872183 0 0 0
-3087 -4183 92 80 516518 0 0 0
-3622 -3774 96 55 516705 0 0 0
-3392 -3847 92 86 461514 0 0 0
-3668 -3610 99 49 890961 0 0 0
-3969 -3314 94 97 628216 0 0 0
-4514 -2871 80 51 151724 0 0 0
-4960 -3492 66 52 695984 0 0 0
-5433 -4042 79 53 243132 0 0 0
-5966 -4068 97 99 681654 0 0 0
-6008 -4218 72 50 654212 0 0 0
-5454 -4223 87 84 301696 0 0 0
-5773 -4765 97 88 258339 0 0 0
-5168 -5366 76 79 849964 0 0 0
-5007 -5029 110 70 694525 0 0 0
-5549 -5539 58 70 518049 0 0 0
-5356 -5494 92 90 916483 0 0 0
-5972 -5748 56 83 418331 0 0 0
-6260 -5378 92 81 355886 0 0 0
-5706 -5252 97 83 205762 0 0 0
-5236 -4824 74 58 206070 0 0 0
-5269 -5019 80 79 972912 0 0 0
-5456 -5006 68 66 964233 0 0 0
-5515 -4922 101 94 894399 0 0 0
-6077 -4758 90 83 529119 0 0 0
-6352 -4187 93 94 860720 0 0 0
-6071 -4111 69 65 407806 0 0 0
-5472 -4698 85 52 651734 0 0 0
-5274 -4879 98 77 254285 0 0 0
-146 1181 105 72 638339 0 0 0
162 1503 58 86 158799 0 0 0
144 1983 61 55 454401 0 0 0
96 2279 78 52 679279 0 0 0
600 1958 111 50 138827 0 0 0
569 1581 105 67 268558 0 0 0
758 1255 91 92 717263 0 0 0
416 1358 91 90 104484 0 0 0
-106 1033 98 99 499647 0 0 0
161 898 59 62 111700 0 0 0
426 1373 93 49 646475 0 0 0
826 784 87 72 560544 0 0 0
239 727 96 61 274399 0 0 0
-85 1184 105 91 468313 0 0 0
-363 764 66 77 926271 0 0 0
-264 1357 77 62 168323 0 0 0
-734 768 92 92 780164 0 0 0
-1262 982 61 62 682499 0 0 0
-1072 1195 79 54 198611 0 0 0
-1516 701 100 71 923530 0 0 0
-1106 813 85 57 879078 0 0 0
-701 707 78 63 584411 0 0 0
-1007 749 83 60 806085 0 0 0
-705 1212 92 69 294002 0 0 0
271 -1080 61 78 528841 0 0 0
707 -963 96 56 364820 0 0 0
881 -1531 105 59 590487 0 0 0
474 -1892 61 56 945958 0 0 0
934 -2447 107 84 671805 0 0 0
830 -3011 65 53 165154 0 0 0
1298 -2560 102 92 767771 0 0 0
904 -2398 97 68 379424 0 0 0
1171 -1970 87 99 722706 0 0 0
1383 -2528 90 61 143084 0 0 0
1630 -2537 109 50 694200 0 0 0
2227 -3004 112 49 558862 0 0 0
2209 -3317 102 55 200568 0 0 0
1979 -3084 107 75 606092 0 0 0
1827 -2839 74 49 258000 0 0 0
2079 -2632 59 93 310210 0 0 0
1649 -2421 66 96 502636 0 0 0
2054 -2178 63 96 503486 0 0 0
2454 -2766 111 56 240206 0 0 0
2713 -2283 64 97 576966 0 0 0
2224 -2485 102 77 380837 0 0 0
2670 -2097 66 58 950323 0 0 0
3223 -2498 79 61 366453 0 0 0
3328 -2801 69 73 721191 0 0 0
2735 -3130 80 63 804910 0 0 0
3254 -2976 91 75 630798 0 0 0
3787 -3163 82 70 769115 0 0 0
4271 -3695 105 58 270110 0 0 0
3782 -3336 100 80 660538 0 0 0
3967 -2903 58 85 782026 0 0 0
3547 -2762 82 63 635513 0 0 0
3065 -3261 61 73 628647 0 0 0
3518 -2885 102 95 687800 0 0 0
2928 -3360 56 61 390820 0 0 0
-218 -688 58 95 384869 0 0 0
280 -604 94 55 232314 0 0 0
182 -663 71 82 934183 0 0 0
405 -176 103 51 548216 0 0 0
857 -69 90 91 909186 0 0 0
685 430 79 97 442538 0 0 0
928 -102 69 52 245517 0 0 0
804 330 89 81 185345 0 0 0
479 767 83 86 377167 0 0 0
738 502 86 72 904477 0 0 0
1087 352 75 60 385043 0 0 0
594 776 65 59 309660 0 0 0
654 1010 96 54 524429 0 0 0
982 486 61 85 254485 0 0 0
798 764 95 64 579993 0 0 0
253 976 72 91 268768 0 0 0
527 1388 102 51 503238 0 0 0
547 902 74 83 926774 0 0 0
352 1159 112 63 496966 0 0 0
670 997 102 70 921508 0 0 0
759 1355 88 72 944583 0 0 0
1019 977 65 61 614186 0 0 0
1333 1287 103 72 571296 0 0 0
1150 1050 66 55 387622 0 0 0
1697 1202 85 59 298374 0 0 0
1159 1657 92 76 188492 0 0 0
1064 2247 91 51 893626 0 0 0
761 2580 77 53 720253 0 0 0
565 3029 63 84 153866 0 0 0
600 3243 99 69 494558 0 0 0
121 3677 73 81 747399 0 0 0
210 3638 88 58 889498 0 0 0
373 3807 109 65 231226 0 0 0
212 3695 93 76 139812 0 0 0
799 4261 112 58 412605 0 0 0
619 4127 88 97 848096 0 0 0
1152 4663 81 63 608845 0 0 0
630 4686 108 87 870902 0 0 0
1153 4568 57 88 469318 0 0 0
-2305 1413 86 97 357723 0 0 0
-1730 1113 69 72 835984 0 0 0
-2172 827 87 75 936071 0 0 0
-2635 560 84 99 375656 0 0 0
-2876 863 74 70 496244 0 0 0
-3165 593 63 57 303291 0 0 0
-3562 25 71 95 769938 0 0 0
-3511 -525 112 85 288536 0 0 0
-3596 -745 64 80 487888 0 0 0
-3547 -461 94 66 835931 0 0 0
-3431 -62 101 84 603118 0 0 0
-3054 135 82 51 833446 0 0 0
-3609 595 109 89 786818 0 0 0
-3005 555 80 64 999874 0 0 0
-2733 -34 69 94 715272 0 0 0
-3201 85 106 81 235636 0 0 0
-3214 -402 57 80 579812 0 0 0
-2836 -189 92 59 466462 0 0 0
-2590 327 112 59 297287 0 0 0
-2086 841 108 89 805271 0 0 0
-342 287 69 79 419233 0 0 0
-381 93 88 92 407631 0 0 0
-161 59 76 91 715266 0 0 0
-452 0 99 78 697626 0 0 0
-251 -198 84 69 250494 0 0 0
-640 149 111 79 301593 0 0 0
-529 538 61 91 361006 0 0 0
-198 425 102 53 789908 0 0 0
-480 405 71 57 451320 0 0 0
-17 617 90 49 725913 0 0 0
18 584 75 88 443831 0 0 0
471 914 80 98 484939 0 0 0
156 950 77 61 219958 0 0 0
563 1133 93 87 379772 0 0 0
791 1380 68 76 486462 0 0 0
502 1072 59 54 639630 0 0 0
128 1222 93 73 264955 0 0 0
661 816 59 70 775653 0 0 0
538 227 95 89 915550 0 0 0
-726 1281 99 87 676354 0 0 0
-1147 1355 57 77 597246 0 0 0
-1145 1832 79 64 398193 0 0 0
-721 1750 69 81 175828 0 0 0
-831 1768 87 96 372755 0 0 0
-1430 2314 58 52 246922 0 0 0
-1284 1857 61 97 408520 0 0 0
-1519 2338 73 89 165362 0 0 0
-2045 2681 86 65 984107 0 0 0
-2240 2440 83 92 643669 0 0 0
-2460 2613 58 79 798982 0 0 0
-2636 2865 75 58 676092 0 0 0
-2823 2589 88 71 774968 0 0 0
-2939 2949 65 90 582537 0 0 0
-3330 3011 83 77 385605 0 0 0
-3583 2522 67 93 664834 0 0 0
-3924 2573 102 63 676544 0 0 0
-4102 2968 98 94 614961 0 0 0
-4246 2429 92 76 851367 0 0 0
-4606 2857 76 59 111250 0 0 0
-5220 2552 61 68 702678 0 0 0
-5579 2493 78 86 112891 0 0 0
-5540 2236 108 87 400395 0 0 0
-5472 2215 98 67 701103 0 0 0
-5408 2721 101 77 788453 0 0 0
-5834 3032 82 54 573473 0 0 0
-6163 3189 74 82 304944 0 0 0
-6319 3657 106 55 493292 0 0 0
-6030 3848 59 72 542672 0 0 0
-5788 4415 73 63 437176 0 0 0
484 1929 72 89 574076 0 0 0
39 1808 96 58 646086 0 0 0
-77 1951 108 92 321383 0 0 0
-141 1691 100 59 745892 0 0 0
-173 2184 95 55 461387 0 0 0
55 2128 98 85 864457 0 0 0
-84 2546 90 95 964533 0 0 0
22 2964 76 93 367562 0 0 0
-483 3156 83 77 801061 0 0 0
-576 3166 57 57 672250 0 0 0
-470 2820 89 98 984889 0 0 0
-633 2926 76 77 148326 0 0 0
-1219 2339 69 74 836915 0 0 0
-1220 2142 86 50 228819 0 0 0
-816 1727 88 70 226826 0 0 0
-860 1959 66 81 412255 0 0 0
-1048 2045 112 61 565566 0 0 0
-1017 1646 89 89 440805 0 0 0
-1437 1387 62 96 654556 0 0 0
-1499 1061 78 55 574123 0 0 0
-1517 1280 75 55 489768 0 0 0
-2004 677 71 55 704689 0 0 0
-2267 472 96 91 572023 0 0 0
-2586 601 99 69 884977 0 0 0
-2343 808 71 59 874566 0 0 0
-2945 482 106 91 961434 0 0 0
-2628 913 86 87 240011 0 0 0
-2934 1400 97 52 314972 0 0 0
-3273 804 109 58 278617 0 0 0
-2716 1295 58 89 422220 0 0 0
-2650 1906 75 53 547974 0 0 0
-3186 2467 111 55 991676 0 0 0
-2990 3070 112 71 571685 0 0 0
-3343 3627 84 65 609415 0 0 0
-3649 4045 105 58 315799 0 0 0
-3689 4461 93 63 370790 0 0 0
-3890 4916 57 56 334791 0 0 0
-4396 4376 101 51 438465 0 0 0
-4747 4955 91 77 406276 0 0 0
-5237 5386 111 68 593078 0 0 0
-5108 4826 86 69 904686 0 0 0
-4904 4249 110 59 169880 0 0 0
-4456 4598 100 59 389754 0 0 0
-3837 4019 100 59 684154 0 0 0
-4258 4325 81 89 731460 0 0 0
-3751 4767 98 85 812726 0 0 0
-3268 5222 67 80 607781 0 0 0
-3659 4756 98 92 463831 0 0 0
-2373 1040 104 73 540269 0 0 0
-2835 490 74 73 439452 0 0 0
-2383 1042 84 51 356290 0 0 0
-2636 952 80 80 356129 0 0 0
-3053 382 79 61 802711 0 0 0
-3363 308 63 66 401112 0 0 0
-3047 631 99 99 866625 0 0 0
-2682 652 109 60 132836 0 0 0
-3000 409 68 57 391480 0 0 0
-3188 478 77 67 932718 0 0 0
-2631 195 102 74 682661 0 0 0
-2289 -430 81 66 927834 0 0 0
-1732 -424 82 86 653663 0 0 0
-1765 -135 81 82 830093 0 0 0
-2063 213 101 51 449135 0 0 0
-1940 643 70 60 237473 0 0 0
-2461 1015 76 84 226421 0 0 0
-2153 1317 59 60 208667 0 0 0
-1659 865 74 93 135583 0 0 0
-2272 747 82 58 987708 0 0 0
-2444 327 71 50 229320 0 0 0
-2802 173 64 93 945556 0 0 0
-3389 71 83 54 708378 0 0 0
-3220 -155 80 67 999264 0 0 0
-2851 -763 77 59 351295 0 0 0
-3294 -1128 112 76 210517 0 0 0
-3696 -1475 112 74 751177 0 0 0
-3397 -1662 70 89 695462 0 0 0
-3587 -1778 79 64 325791 0 0 0
-3016 -2206 86 94 828426 0 0 0
-3226 -2013 62 88 405388 0 0 0
-3401 -2636 67 61 375554 0 0 0
-3954 -2522 78 77 304997 0 0 0
-3678 -2565 58 57 824851 0 0 0
-3336 -2146 106 74 555800 0 0 0
-3929 -1979 92 80 438148 0 0 0
-4385 -1534 64 59 740218 0 0 0
-3933 -1341 102 77 614632 0 0 0
-4402 -1096 86 67 582982 0 0 0
-5007 -590 108 70 419295 0 0 0
-5376 -943 84 72 957770 0 0 0
-5932 -1320 101 93 889177 0 0 0
-6490 -1544 110 99 580175 0 0 0
-6429 -1417 111 70 604119 0 0 0
-6764 -1162 100 96 975892 0 0 0
-6210 -1336 104 62 719077 0 0 0
-6454 -1701 98 96 844800 0 0 0
-6289 -1970 77 60 793486 0 0 0
-5867 -1715 58 50 699430 0 0 0
-5690 -1799 82 66 507614 0 0 0
-5208 -2340 85 79 879723 0 0 0
-5512 -1908 67 55 531263 0 0 0
-5614 -1454 87 77 207319 0 0 0
-5395 -1105 75 89 894856 0 0 0
-5645 -796 73 59 142819 0 0 0
-5614 -1212 73 61 292394 0 0 0
-5528 -1229 94 76 223833 0 0 0
-5712 -1747 111 77 934022 0 0 0
-6139 -2260 88 62 620480 0 0 0
-6651 -2145 105 59 336211 0 0 0
-7255 -2670 112 59 675280 0 0 0
-7201 -2916 103 59 819908 0 0 0
-7156 -3393 61 54 397168 0 0 0
-6993 -3713 75 85 694224 0 0 0
-7499 -3779 105 87 872837 0 0 0
-7229 -4370 87 85 579907 0 0 0
-7173 -3809 81 86 945174 0 0 0
-6704 -3189 85 92 546143 0 0 0
-7167 -2589 69 91 103676 0 0 0
2039 1662 61 52 469344 0 0 0
2181 1491 66 51 810964 0 0 0
1824 1281 61 80 839362 0 0 0
1390 695 100 79 600419 0 0 0
1819 324 65 60 765469 0 0 0
2247 785 71 81 436726 0 0 0
2455 458 112 84 225711 0 0 0
2146 73 75 79 931503 0 0 0
1601 666 101 89 813154 0 0 0
1892 511 60 89 545700 0 0 0
1312 -25 91 52 500381 0 0 0
1854 -632 79 64 971709 0 0 0
1267 -1085 67 98 115260 0 0 0
1309 -1369 84 81 591703 0 0 0
1424 -785 89 73 812261 0 0 0
1289 -580 72 80 642895 0 0 0
1747 -811 64 58 509412 0 0 0
2001 -366 105 70 221621 0 0 0
2318 177 112 61 189897 0 0 0
-2253 722 101 97 232999 0 0 0
-1864 368 61 55 768655 0 0 0
-2313 841 59 82 684327 0 0 0
-2743 1067 89 73 400843 0 0 0
-2590 1623 68 85 812855 0 0 0
-2750 1564 90 87 683620 0 0 0
-2587 1538 63 54 721152 0 0 0
-3190 1375 111 84 256542 0 0 0
-3727 1706 105 70 472326 0 0 0
-4063 1666 68 60 307586 0 0 0
-4441 1334 56 72 182689 0 0 0
-4879 1839 87 84 663166 0 0 0
-5170 2133 110 88 188894 0 0 0
-4812 2693 106 94 152823 0 0 0
-4826 3219 110 58 615756 0 0 0
-4296 3621 111 78 381197 0 0 0
-4283 3283 58 67 801714 0 0 0
-3818 2756 77 49 103702 0 0 0
-3991 2512 107 60 589273 0 0 0
-4169 2354 93 89 436211 0 0 0
-4603 2349 75 60 549029 0 0 0
-4604 2838 107 95 195963 0 0 0
-4121 3400 77 51 343761 0 0 0
-4226 3584 70 68 890301 0 0 0
-3740 4066 98 51 196989 0 0 0
-3698 3744 98 85 736850 0 0 0
-3709 3683 81 98 394848 0 0 0
-4145 4146 94 90 255198 0 0 0
-4761 3937 112 76 500960 0 0 0
-4766 3959 81 68 683820 0 0 0
-5267 3789 73 80 877814 0 0 0
-5678 3952 78 75 383047 0 0 0
-5767 4340 68 59 759322 0 0 0
-5863 4118 103 62 538778 0 0 0
-5792 4345 64 51 563700 0 0 0
-5671 4538 89 89 518602 0 0 0
-5869 4272 62 64 736637 0 0 0
-6202 4371 107 89 479176 0 0 0
-6410 4468 99 50 265435 0 0 0
-6883 5023 83 86 903482 0 0 0
-6819 4728 90 94 497054 0 0 0
-6404 5309 63 85 612930 0 0 0
-6612 4802 84 62 201704 0 0 0
-7031 4377 102 75 526274 0 0 0
-6645 4779 80 77 986323 0 0 0
-6400 5218 79 53 362580 0 0 0
-6703 4595 57 71 242621 0 0 0
-7277 5113 57 96 212377 0 0 0
-7466 5294 79 92 174184 0 0 0
-7452 5283 88 96 578990 0 0 0
-7605 5096 64 93 223593 0 0 0
-7452 4815 91 73 532036 0 0 0
-7358 5398 87 52 120327 0 0 0
-6831 5988 75 99 636117 0 0 0
-7185 6293 60 85 663342 0 0 0
-6699 6175 111 70 813072 0 0 0
-6414 5862 58 51 348904 0 0 0
-6361 5684 96 90 930589 0 0 0
-6490 6175 67 55 248269 0 0 0
-6905 6490 112 66 426874 0 0 0
-7031 6115 72 69 351149 0 0 0
-7119 5536 100 49 203906 0 0 0
-6608 5515 91 78 601357 0 0 0
-6895 6131 112 84 694067 0 0 0
-7274 5775 80 74 811984 0 0 0
-7143 5713 78 81 711427 0 0 0
-7625 5527 112 57 396913 0 0 0
-7226 5348 79 76 495895 0 0 0
-7058 5726 82 87 213895 0 0 0
-7133 5103 71 64 441027 0 0 0
-6907 5342 73 85 597882 0 0 0
-7011 5793 80 95 956116 0 0 0
-253 1612 72 70 919566 0 0 0
223 1717 98 79 193242 0 0 0
591 2013 106 60 448519 0 0 0
229 2446 93 75 638326 0 0 0
-43 2983 105 87 273070 0 0 0
259 3449 68 91 464710 0 0 0
283 3950 58 76 836756 0 0 0
869 3627 76 95 662315 0 0 0
811 3539 73 62 179815 0 0 0
300 3533 76 56 166263 0 0 0
111 3610 78 49 414547 0 0 0
-312 3968 110 54 532308 0 0 0
-761 4506 102 58 821464 0 0 0
-205 4978 96 66 795914 0 0 0
253 5492 79 86 283272 0 0 0
277 4972 77 81 680534 0 0 0
21 5102 81 78 688101 0 0 0
-276 4536 112 94 710121 0 0 0
-241 4507 75 70 440502 0 0 0
-739 4515 95 73 655255 0 0 0
-310 5111 84 68 218013 0 0 0
32 5323 59 90 709056 0 0 0
179 4975 102 86 207379 0 0 0
-27 5366 73 77 791049 0 0 0
520 4871 95 84 164590 0 0 0
887 5143 74 61 289590 0 0 0
437 5532 83 97 568938 0 0 0
-22 5128 74 97 618685 0 0 0
32 5005 101 87 737792 0 0 0
253 5510 87 98 564951 0 0 0
106 5483 58 59 548512 0 0 0
-813 229 76 52 856057 0 0 0
-1258 -81 91 56 619071 0 0 0
-920 -95 101 73 679924 0 0 0
-782 52 68 53 489882 0 0 0
-943 577 74 68 358915 0 0 0
-432 638 102 57 685397 0 0 0
-817 137 98 90 440758 0 0 0
-1238 -352 68 49 355401 0 0 0
-692 -325 96 83 813639 0 0 0
-225 -950 81 64 744140 0 0 0
3 -1535 58 61 582580 0 0 0
409 -1223 83 63 691420 0 0 0
1003 -766 92 80 418061 0 0 0
1478 -913 61 99 944042 0 0 0
1113 -1023 69 68 246962 0 0 0
810 -443 60 76 776317 0 0 0
728 112 96 53 112934 0 0 0
172 -391 70 81 832363 0 0 0
-124 -868 103 82 608006 0 0 0
-43 -406 74 73 436438 0 0 0
572 -584 94 82 304880 0 0 0
788 -322 91 87 738327 0 0 0
711 127 93 81 855289 0 0 0
883 404 67 95 482366 0 0 0
456 397 71 54 342854 0 0 0
464 305 111 75 211799 0 0 0
498 746 68 76 462295 0 0 0
210 367 85 87 242176 0 0 0
289 819 74 69 882610 0 0 0
-227 543 56 74 618414 0 0 0
161 1064 70 90 246992 0 0 0
341 1665 99 56 587801 0 0 0
424 2241 110 82 770145 0 0 0
857 2661 111 92 742287 0 0 0
785 2390 99 74 639543 0 0 0
477 2439 85 80 684276 0 0 0
-61 2078 67 88 995090 0 0 0
416 2203 98 96 879178 0 0 0
-148 2195 74 98 163156 0 0 0
-126 1891 89 80 238555 0 0 0
-430 1669 56 85 152004 0 0 0
-510 1126 77 87 555820 0 0 0
-703 679 108 58 730088 0 0 0
-550 389 68 60 198666 0 0 0
-812 300 78 60 136330 0 0 0
-1468 -501 56 51 362329 0 0 0
-1752 -1057 81 60 353512 0 0 0
-1283 -543 79 81 436583 0 0 0
-1190 -60 64 92 995332 0 0 0
-1432 -67 75 62 728440 0 0 0
-1267 -620 98 56 459681 0 0 0
-1419 -150 96 80 596419 0 0 0
-1051 -392 91 60 163683 0 0 0
-972 -459 73 81 890376 0 0 0
-1267 5 107 99 210932 0 0 0
-1045 93 93 78 453436 0 0 0
-746 -97 99 79 213087 0 0 0
-753 15 97 55 227726 0 0 0
-297 136 65 93 676777 0 0 0
-706 -421 96 90 654180 0 0 0
-1204 -907 73 59 879157 0 0 0
-1251 -926 94 71 864101 0 0 0
-740 -1248 64 60 917044 0 0 0
-1155 -1371 90 80 457264 0 0 0
-939 -927 66 95 830915 0 0 0
-987 -319 62 56 393533 0 0 0
-876 -222 63 59 874200 0 0 0
-507 -345 73 50 319133 0 0 0
-76 -448 62 87 668291 0 0 0
-631 -221 85 77 134704 0 0 0
-270 -480 102 58 899015 0 0 0
-259 30 96 86 786615 0 0 0
-840 -516 56 53 571657 0 0 0
-991 -1050 105 58 545048 0 0 0
-661 -853 88 90 604456 0 0 0
-518 -336 65 66 975465 0 0 0
37 19 80 51 447608 0 0 0
-251 -601 63 83 787192 0 0 0
344 -620 69 76 757320 0 0 0
31 -909 73 50 866470 0 0 0
-291 -604 63 80 341664 0 0 0
-312 -992 93 87 973280 0 0 0
-223 -1372 58 93 547474 0 0 0
-659 -794 77 89 427441 0 0 0
-73 -475 76 69 748661 0 0 0
-659 -936 94 70 592021 0 0 0
-114 -1110 69 54 323568 0 0 0
138 -1503 70 53 473053 0 0 0
-315 -1340 69 99 113042 0 0 0
275 -868 92 96 182265 0 0 0
700 -1043 77 62 235203 0 0 0
439 -443 98 76 623226 0 0 0
468 -728 74 84 638842 0 0 0
311 -1158 100 80 580717 0 0 0
-199 -707 104 81 449001 0 0 0
-516 -1079 85 76 597303 0 0 0
-215 -566 63 59 953143 0 0 0
-322 -234 107 97 829662 0 0 0
-224 -447 87 53 328513 0 0 0
-225 154 102 90 320996 0 0 0
-154 745 110 51 270584 0 0 0
-273 1290 97 54 904430 0 0 0
-577 1027 84 80 492437 0 0 0
-381 1204 73 61 500353 0 0 0
10 1022 65 61 856591 0 0 0
252 1201 76 81 644501 0 0 0
-60 1712 86 68 862059 0 0 0
352 2256 96 74 883379 0 0 0
829 2829 75 78 238057 0 0 0
499 2515 102 59 577007 0 0 0
430 2868 105 83 823031 0 0 0
435 2704 110 56 228168 0 0 0
902 2780 112 86 956568 0 0 0
626 2374 70 91 349377 0 0 0
-1520 2490 69 51 286311 0 0 0
-1132 2320 85 54 776681 0 0 0
-1105 2838 94 97 315785 0 0 0
-1173 3116 108 80 577108 0 0 0
-699 3317 67 94 227838 0 0 0
-434 3305 104 64 740663 0 0 0
-4 3912 63 90 956094 0 0 0
264 3654 86 82 630111 0 0 0
182 3054 57 67 180783 0 0 0
-152 3417 88 56 362214 0 0 0
-177 3166 94 58 973233 0 0 0
383 3495 91 69 687103 0 0 0
77 3374 108 82 582504 0 0 0
-455 3230 109 66 492452 0 0 0
-731 2966 68 83 808462 0 0 0
-463 2808 88 57 769572 0 0 0
-549 2193 92 54 220469 0 0 0
-304 1649 85 99 377047 0 0 0
-708 1111 111 58 346918 0 0 0
-452 540 81 51 709686 0 0 0
-530 298 65 61 488441 0 0 0
-755 308 57 66 660458 0 0 0
-412 657 106 78 227102 0 0 0
-701 702 89 61 518380 0 0 0
-461 1219 64 93 529711 0 0 0
-48 818 67 79 402706 0 0 0
-461 706 95 49 644097 0 0 0
157 1233 110 70 863655 0 0 0
64 1010 83 50 516809 0 0 0
-209 1477 67 74 331362 0 0 0
130 1910 74 55 163423 0 0 0
52 1601 82 67 255554 0 0 0
311 1985 104 76 154760 0 0 0
98 1817 90 99 964595 0 0 0
21 1880 92 76 788314 0 0 0
608 1419 82 62 729650 0 0 0
997 908 93 63 260331 0 0 0
753 1509 99 53 576846 0 0 0
393 1585 105 54 216956 0 0 0
639 1385 103 65 492130 0 0 0
1204 950 75 96 831657 0 0 0
705 1095 111 54 449742 0 0 0
1151 1398 64 81 466521 0 0 0
1724 1972 75 52 214780 0 0 0
1158 1603 111 79 946576 0 0 0
1400 1140 70 66 610816 0 0 0
1367 1014 111 85 885659 0 0 0
1281 1041 106 87 929752 0 0 0
1727 1304 74 64 403841 0 0 0
2318 1740 68 54 531116 0 0 0
2321 1469 57 51 409533 0 0 0
1985 1280 112 91 925585 0 0 0
1689 1374 98 80 847909 0 0 0
2222 1451 57 94 748731 0 0 0
2718 1485 58 77 237176 0 0 0
2160 1069 84 80 869423 0 0 0
2236 952 101 51 651368 0 0 0
2363 687 72 99 501655 0 0 0
1961 442 73 69 424376 0 0 0
1422 328 72 74 613908 0 0 0
844 928 86 80 234894 0 0 0
1415 863 109 75 539537 0 0 0
984 409 92 93 591626 0 0 0
1196 -77 91 59 421942 0 0 0
1469 439 71 51 381859 0 0 0
885 501 80 83 230118 0 0 0
1303 967 67 58 382343 0 0 0
746 766 87 51 929737 0 0 0
695 490 58 87 984172 0 0 0
1025 -87 63 53 389393 0 0 0
1483 -422 78 84 890198 0 0 0
966 -534 61 86 552570 0 0 0
652 -133 85 90 447651 0 0 0
433 -145 104 78 248440 0 0 0
671 380 108 96 598542 0 0 0
180 723 105 93 589471 0 0 0
-335 1305 94 61 567703 0 0 0
3 1335 92 49 642176 0 0 0
10 1915 60 87 311203 0 0 0
186 1431 97 89 963180 0 0 0
430 1683 72 87 280806 0 0 0
263 1255 112 79 482208 0 0 0
856 -2117 88 51 325124 0 0 0
513 -2618 95 51 967787 0 0 0
903 -2105 77 69 510921 0 0 0
1125 -1568 75 97 989839 0 0 0
891 -1968 75 56 545187 0 0 0
773 -2398 92 63 524492 0 0 0
271 -2793 107 70 538526 0 0 0
349 -3128 101 73 538048 0 0 0
713 -2708 84 53 148017 0 0 0
1222 -2180 108 96 546964 0 0 0
961 -1904 64 90 441556 0 0 0
1187 -2452 109 81 794191 0 0 0
899 -1867 104 73 839750 0 0 0
551 -2185 100 92 291710 0 0 0
426 -2539 91 96 511689 0 0 0
410 -2862 90 83 309155 0 0 0
-1 -2361 65 78 957237 0 0 0
460 -2751 93 52 912074 0 0 0
-53 -2752 75 66 795628 0 0 0
496 -3328 75 57 878008 0 0 0
-43 -2778 106 65 943835 0 0 0
383 -2321 107 63 403187 0 0 0
727 -2251 80 95 856049 0 0 0
990 -2216 70 94 937644 0 0 0
1553 -2675 102 68 126766 0 0 0
2053 -2987 105 65 904829 0 0 0
1998 -3595 107 49 452880 0 0 0
1711 -3968 110 97 548192 0 0 0
1493 -3894 65 89 610509 0 0 0
1026 -3597 105 56 913267 0 0 0
567 -4144 109 94 772351 0 0 0
858 -3983 101 93 972705 0 0 0
395 -3705 87 57 566627 0 0 0
182 -3762 82 84 572936 0 0 0
204 -3725 104 75 472851 0 0 0
779 -4141 62 84 452633 0 0 0
1236 -4247 98 89 921987 0 0 0
1550 -4012 66 49 116768 0 0 0
1402 -4393 89 91 591803 0 0 0
1060 -4346 108 75 314578 0 0 0
1029 -4400 61 80 368181 0 0 0
1195 -4597 60 61 867620 0 0 0
1013 -4546 103 83 584388 0 0 0
409 -4030 66 59 486253 0 0 0
792 -4235 98 50 524978 0 0 0
572 -4136 81 70 364320 0 0 0
823 -4732 76 94 863807 0 0 0
283 -5119 89 62 571409 0 0 0
92 -4847 64 56 425253 0 0 0
-193 -4501 90 79 903714 0 0 0
239 -4905 71 75 569878 0 0 0
105 -4349 91 86 393117 0 0 0
172 -4252 84 51 831626 0 0 0
493 -4550 101 57 820084 0 0 0
642 -5014 106 96 784608 0 0 0
580 -4529 104 63 541047 0 0 0
324 -4115 107 63 337315 0 0 0
71 -3630 91 90 970656 0 0 0
160 -3403 79 60 299396 0 0 0
378 -3558 66 51 733894 0 0 0
30 -3160 69 94 123481 0 0 0
47 -3715 104 62 261914 0 0 0
166 -3832 98 60 663416 0 0 0
213 -4159 61 51 736511 0 0 0
659 -4361 73 63 693714 0 0 0
550 -4275 75 72 795748 0 0 0
822 -4429 80 51 375292 0 0 0
1134 -4969 84 91 234832 0 0 0
1700 -4636 101 94 421621 0 0 0
1833 -4734 102 66 265680 0 0 0
1312 -4755 69 68 717186 0 0 0
1314 -4916 73 86 789508 0 0 0
1178 -5174 87 90 502806 0 0 0
839 -4602 77 52 693050 0 0 0
729 -4084 109 52 343329 0 0 0
190 -3704 71 94 963063 0 0 0
1825 2482 107 67 729985 0 0 0
1290 2791 108 63 376913 0 0 0
1227 2839 85 57 254406 0 0 0
892 2503 69 53 293598 0 0 0
1011 2026 92 53 370483 0 0 0
767 1832 112 49 877295 0 0 0
417 1470 90 58 489577 0 0 0
246 982 62 77 758497 0 0 0
14 1586 72 60 361596 0 0 0
-443 1203 62 91 869294 0 0 0
70 1236 105 97 481726 0 0 0
-31 1374 89 78 387991 0 0 0
-390 1166 105 92 377284 0 0 0
-141 1146 65 98 625954 0 0 0
-159 1011 96 89 939198 0 0 0
-430 945 71 88 865012 0 0 0
-737 561 106 98 285780 0 0 0
-464 768 90 83 683511 0 0 0
-1 1065 92 98 146730 0 0 0
-391 1082 58 94 361772 0 0 0
-144 872 107 60 773371 0 0 0
-604 1037 79 85 805010 0 0 0
-548 1518 87 86 818529 0 0 0
-431 1845 79 53 152246 0 0 0
-413 1436 72 70 596590 0 0 0
39 1201 102 49 460804 0 0 0
-27 722 71 74 338536 0 0 0
-273 922 72 90 617177 0 0 0
-585 1383 73 59 358114 0 0 0
-365 1721 109 68 319882 0 0 0
-543 2102 56 80 218288 0 0 0
-454 2275 94 62 289900 0 0 0
-459 2049 71 61 350671 0 0 0
-617 2051 88 90 564212 0 0 0
-796 2265 90 49 833928 0 0 0
-982 2716 88 86 809577 0 0 0
-1306 2098 103 63 503024 0 0 0
-1577 1797 86 79 343369 0 0 0
-1770 2164 64 60 121135 0 0 0
-2170 2074 74 57 208672 0 0 0
-2443 1765 85 65 773412 0 0 0
-2041 1186 112 69 647473 0 0 0
2349 1945 110 72 478108 0 0 0
2880 1748 64 97 931701 0 0 0
2261 1634 65 81 738745 0 0 0
1834 1502 86 99 374084 0 0 0
2342 1915 106 75 505773 0 0 0
2566 2082 105 87 709644 0 0 0
2114 1867 111 85 537077 0 0 0
1678 1372 93 99 717256 0 0 0
2000 1658 83 71 944664 0 0 0
1990 1247 75 77 620390 0 0 0
1689 1029 76 70 595941 0 0 0
1747 1560 102 85 576979 0 0 0
2292 1992 104 78 856375 0 0 0
2635 1534 59 60 107161 0 0 0
2647 2134 105 90 963222 0 0 0
2093 1603 74 49 321441 0 0 0
2247 2141 104 55 971124 0 0 0
2674 2142 91 63 790177 0 0 0
2154 2132 103 51 169254 0 0 0
2646 1571 84 51 232683 0 0 0
2182 1549 87 66 448091 0 0 0
1601 1058 69 66 527111 0 0 0
1085 567 80 56 949901 0 0 0
296 -182 105 61 104464 0 0 0
34 -506 81 65 844804 0 0 0
-268 -192 111 56 725241 0 0 0
-233 271 80 79 123917 0 0 0
-72 402 92 71 824221 0 0 0
-495 638 65 65 287545 0 0 0
-601 1095 98 90 992386 0 0 0
-768 1633 82 88 786238 0 0 0
-494 1549 95 84 569612 0 0 0
-295 1313 92 80 254669 0 0 0
-12 1852 68 62 595642 0 0 0
143 2273 97 68 542850 0 0 0
680 2289 68 93 816909 0 0 0
224 2612 91 99 420696 0 0 0
718 2843 106 71 365365 0 0 0
1203 3243 88 94 196839 0 0 0
731 2744 96 88 329701 0 0 0
999 3150 100 82 288380 0 0 0
1621 3299 95 92 292258 0 0 0
1386 3785 77 62 883521 0 0 0
881 3632 72 82 527801 0 0 0
806 4226 82 56 472468 0 0 0
363 4070 107 54 264887 0 0 0
274 4067 111 85 774581 0 0 0
25 3986 60 62 937165 0 0 0
421 3983 79 71 726485 0 0 0
805 3363 93 65 312605 0 0 0
1112 3706 57 86 290554 0 0 0
1042 3885 110 64 518945 0 0 0
1648 3709 65 86 548149 0 0 0
1231 3842 98 50 486715 0 0 0
1445 3547 83 97 571986 0 0 0
1235 3332 97 72 187309 0 0 0
1489 2989 104 75 917628 0 0 0
1179 3017 69 62 309296 0 0 0
598 3139 96 93 509738 0 0 0
181 3626 92 92 659188 0 0 0
658 3611 68 98 848870 0 0 0
268 4030 110 78 866362 0 0 0
500 4555 108 78 919001 0 0 0
604 4686 57 53 778748 0 0 0
814 4272 95 58 312263 0 0 0
1220 3849 71 67 288977 0 0 0
1743 4067 84 92 785181 0 0 0
1439 3684 73 67 510494 0 0 0
2039 4097 77 73 807261 0 0 0
1617 3570 110 75 858101 0 0 0
2209 3220 79 74 984090 0 0 0
1675 3005 64 63 231864 0 0 0
1181 2893 65 89 663195 0 0 0
718 2652 70 71 476958 0 0 0
1225 2456 86 93 808480 0 0 0
916 3018 92 83 557810 0 0 0
539 3444 64 51 211817 0 0 0
15 3357 60 56 505801 0 0 0
241 3644 103 54 893764 0 0 0
816 4046 105 76 329136 0 0 0
492 3891 76 53 999712 0 0 0
595 3370 99 97 973583 0 0 0
341 3136 62 62 942121 0 0 0
683 3309 62 60 681701 0 0 0
1288 3666 66 96 778619 0 0 0
1470 3350 101 95 977662 0 0 0
1617 3381 76 90 235290 0 0 0
1309 2825 81 86 680450 0 0 0
911 2286 70 74 365726 0 0 0
312 2557 111 88 227205 0 0 0
454 2709 85 88 122471 0 0 0
706 2548 62 76 693210 0 0 0
700 2858 75 58 595282 0 0 0
346 3372 67 99 497327 0 0 0
291 3854 72 88 906437 0 0 0
485 3630 79 56 685113 0 0 0
-60 3481 72 98 102384 0 0 0
433 3550 85 80 976852 0 0 0
-145 3563 98 96 833300 0 0 0
-722 3217 92 63 479735 0 0 0
-451 2615 112 65 528192 0 0 0
-677 2121 106 68 407941 0 0 0
-105 2063 93 90 220296 0 0 0
-27 -1934 86 59 704370 0 0 0
-22 -2362 60 55 184908 0 0 0
26 -2422 84 61 756197 0 0 0
147 -2633 97 72 474450 0 0 0
242 -3017 67 63 243549 0 0 0
58 -3308 104 78 213501 0 0 0
-480 -3456 70 85 535585 0 0 0
-694 -3888 91 67 137902 0 0 0
-92 -4161 105 68 771539 0 0 0
359 -4601 112 83 431501 0 0 0
911 -4526 112 51 850651 0 0 0
1145 -4571 99 89 500072 0 0 0
1754 -3990 95 78 655007 0 0 0
1943 -3779 59 75 799792 0 0 0
2116 -3191 75 88 730089 0 0 0
2146 -3441 81 84 420975 0 0 0
2075 -3611 77 53 269136 0 0 0
1824 -3507 91 88 913706 0 0 0
1328 -3058 101 94 646396 0 0 0
1845 -3332 94 83 479835 0 0 0
2384 -3661 98 68 269047 0 0 0
-1525 -1966 57 52 705476 0 0 0
-2055 -2238 98 73 226415 0 0 0
-2315 -2289 109 89 913336 0 0 0
-2497 -1961 96 82 978329 0 0 0
-2147 -1684 97 99 775322 0 0 0
-1745 -2199 102 67 874600 0 0 0
-1885 -2345 80 73 729475 0 0 0
-1823 -2137 69 96 835017 0 0 0
-2222 -2187 62 62 354359 0 0 0
-2641 -2727 83 75 576778 0 0 0
-2098 -2658 89 65 524268 0 0 0
-2074 -3255 71 87 816245 0 0 0
-2401 -3215 98 59 127320 0 0 0
-2228 -3792 106 79 294295 0 0 0
-2589 -3973 90 99 304558 0 0 0
-2734 -3454 73 61 967086 0 0 0
-3222 -2927 85 94 676809 0 0 0
-3033 -3142 97 64 495265 0 0 0
-3578 -2867 76 69 348865 0 0 0
-3312 -3422 97 97 523278 0 0 0
-2767 -3141 102 51 113055 0 0 0
-2383 -2754 101 75 723511 0 0 0
-2233 -2206 90 94 596772 0 0 0
-2287 -2091 83 49 895778 0 0 0
-2363 -1703 98 64 477112 0 0 0
-1756 -1924 109 83 235538 0 0 0
-1734 -1659 109 74 368020 0 0 0
-1452 -1179 105 70 614257 0 0 0
-1912 -1578 86 78 406735 0 0 0
-1995 -1706 85 64 365447 0 0 0
-1805 -2243 102 67 656196 0 0 0
-1890 -2005 76 73 172135 0 0 0
-1846 -2470 98 65 993492 0 0 0
-2106 -2522 66 89 194412 0 0 0
-2551 -2276 112 75 829276 0 0 0
-2627 -2176 63 69 783595 0 0 0
-2188 -1803 60 69 270281 0 0 0
-2784 -1861 76 49 200131 0 0 0
-2244 -1822 75 97 126656 0 0 0
-1866 -2447 79 70 474913 0 0 0
-1569 -2755 69 80 872967 0 0 0
-1213 -2686 112 60 868115 0 0 0
-944 -2267 97 65 480013 0 0 0
-1421 -2547 81 82 855118 0 0 0
-1798 -3075 111 81 148940 0 0 0
-1243 -3638 88 51 234467 0 0 0
-1459 -3911 78 53 772493 0 0 0
-1645 -4037 68 80 296449 0 0 0
-1082 -3971 89 65 231672 0 0 0
-1356 -4066 87 72 920220 0 0 0
-1830 -3474 102 68 324630 0 0 0
-1960 -3935 91 54 501820 0 0 0
-2321 -3499 66 89 599613 0 0 0
-2367 -3399 79 64 376454 0 0 0
-1819 -3400 112 60 562563 0 0 0
-1610 -3773 60 99 577106 0 0 0
-1788 -4156 62 72 998743 0 0 0
-1544 -4510 104 98 590585 0 0 0
-2106 -4202 60 95 911952 0 0 0
-2141 -4382 75 80 925608 0 0 0
-2077 -4426 63 58 939915 0 0 0
-2660 -4413 57 52 711517 0 0 0
-3208 -4537 82 52 583441 0 0 0
-3051 -4086 60 58 581636 0 0 0
-3665 -4253 91 67 109048 0 0 0
-3927 -4662 105 76 560856 0 0 0
-4143 -5085 86 61 969004 0 0 0
-4368 -5626 82 65 634064 0 0 0
-4915 -5791 80 64 806475 0 0 0
-4888 -5854 81 66 877144 0 0 0
-4488 -6272 60 92 823739 0 0 0
-4212 -6828 101 82 974328 0 0 0
-4181 -7134 96 68 190989 0 0 0
-4200 -7150 80 96 966041 0 0 0
-4426 -7099 72 91 657239 0 0 0
-4315 -6927 83 96 645294 0 0 0
-3851 -7484 62 87 812887 0 0 0
-3933 -7907 66 81 341634 0 0 0
-3647 -7754 106 78 881065 0 0 0
-3214 -7609 112 71 513232 0 0 0
-3687 -8076 80 87 272988 0 0 0
-4217 -7922 65 52 199153 0 0 0
-4565 -8088 70 54 797964 0 0 0
-4430 -8002 109 59 412110 0 0 0
-3946 -7838 86 59 163468 0 0 0
-3626 -8457 105 54 398364 0 0 0
-3027 -9044 107 68 249849 0 0 0
-3543 -8799 86 70 442573 0 0 0
-3852 -8444 93 95 611592 0 0 0
-3470 -7923 93 51 181613 0 0 0
-3581 -8282 93 92 809707 0 0 0
-3774 -7736 103 66 733009 0 0 0
-3711 -7393 93 73 586377 0 0 0
-4055 -7863 96 74 592668 0 0 0
-4030 -7299 89 88 139519 0 0 0
-4010 -7154 79 83 611240 0 0 0
-4079 -7242 59 50 641871 0 0 0
-3539 -7130 84 69 547455 0 0 0
-3043 -7295 110 69 743216 0 0 0
-2628 -7546 78 85 507607 0 0 0
-2871 -7658 65 68 846423 0 0 0
-2785 -7843 87 49 127590 0 0 0
-3025 -7649 101 82 407643 0 0 0
-2537 -7603 108 53 790858 0 0 0
-1160 -1797 107 81 820997 0 0 0
-632 -1962 77 89 855248 0 0 0
-742 -2408 98 79 439473 0 0 0
-909 -2359 97 85 741219 0 0 0
-611 -2615 68 99 128427 0 0 0
-14 -2917 104 69 302873 0 0 0
36 -2397 91 62 649421 0 0 0
73 -2838 73 78 422432 0 0 0
-411 -2565 57 82 387053 0 0 0
-960 -1980 61 72 995590 0 0 0
-969 -2077 79 72 884084 0 0 0
-745 -2094 85 68 111492 0 0 0
-554 -1968 110 64 206735 0 0 0
-285 -2215 60 70 691215 0 0 0
-474 -2830 78 50 158199 0 0 0
-896 -3393 85 73 538278 0 0 0
-1080 -3403 97 86 104015 0 0 0
-1156 -3297 90 95 235282 0 0 0
-1261 -3312 83 92 220505 0 0 0
-1854 -3327 88 68 450313 0 0 0
-1930 -3382 100 59 798645 0 0 0
-1999 -3310 90 86 229914 0 0 0
-2039 -3414 76 99 641192 0 0 0
-1623 -2926 84 64 457920 0 0 0
-1323 -2964 91 52 786241 0 0 0
-1403 -2748 98 98 475008 0 0 0
-1160 -3141 95 60 635860 0 0 0
-775 -3303 102 84 895306 0 0 0
-634 -3227 90 97 248841 0 0 0
-1085 -2624 71 49 688807 0 0 0
-1223 -2184 89 90 486498 0 0 0
-1383 -2054 106 79 893633 0 0 0
-848 -1898 100 67 895345 0 0 0
-1036 -2452 83 55 134806 0 0 0
-1451 -2536 89 96 551218 0 0 0
-1478 -2889 62 89 777100 0 0 0
-993 -2550 76 67 293160 0 0 0
-1118 -2488 90 50 997784 0 0 0
-1319 -2328 101 50 953635 0 0 0
-1653 -2408 64 90 638275 0 0 0
-1264 -2281 79 67 361256 0 0 0
-1749 -1873 85 71 331443 0 0 0
-1150 -2187 85 77 472865 0 0 0
-801 -1980 78 74 456743 0 0 0
-1277 -1997 63 77 729711 0 0 0
-1530 -1426 56 88 796394 0 0 0
-1119 -1430 96 57 101019 0 0 0
-506 -1366 82 70 218129 0 0 0
-627 -1072 99 69 724797 0 0 0
-698 -488 82 63 149445 0 0 0
-1302 -680 104 77 955766 0 0 0
-992 -973 76 97 917891 0 0 0
-1488 -1212 85 70 786186 0 0 0
-1512 -719 79 57 243257 0 0 0
-1793 -237 70 97 471943 0 0 0
-1720 -68 69 69 169051 0 0 0
-2199 -179 64 52 895681 0 0 0
-2182 187 93 88 958024 0 0 0
-2677 527 57 70 985869 0 0 0
-2378 73 90 49 513263 0 0 0
-2211 528 70 75 895681 0 0 0
-2190 627 92 98 673180 0 0 0
-1622 131 61 77 193890 0 0 0
-2101 332 72 91 530257 0 0 0
-2475 266 90 74 161552 0 0 0
-2943 -89 100 90 706645 0 0 0
-2722 -495 105 72 814642 0 0 0
-3011 -971 102 86 228998 0 0 0
-3180 -1551 110 50 854690 0 0 0
-3729 -1854 68 97 397132 0 0 0
-3859 -1418 109 89 297225 0 0 0
-4333 -1219 81 90 657422 0 0 0
-4541 -1767 70 74 700509 0 0 0
-1209 1285 65 70 531450 0 0 0
-972 1582 107 82 740447 0 0 0
-624 1385 96 73 803307 0 0 0
-482 809 66 52 894216 0 0 0
