2500
2480 2420 77 91 769448 0 0 0
2228 1969 102 51 346426 0 0 0
2565 2432 71 92 160943 0 0 0
2131 2970 105 84 538506 0 0 0
2367 3132 66 89 914511 0 0 0
2945 3563 92 81 351304 0 0 0
2832 3945 56 75 640316 0 0 0
2643 3477 70 77 292516 0 0 0
2481 2909 87 79 705794 0 0 0
1875 2821 96 94 473896 0 0 0
1928 2416 64 81 497143 0 0 0
1835 1904 78 97 446699 0 0 0
1919 2347 70 89 831183 0 0 0
2202 1921 90 91 900284 0 0 0
1740 1751 93 84 757782 0 0 0
2341 2312 62 96 500695 0 0 0
2769 2687 102 72 325863 0 0 0
2494 2645 65 57 673774 0 0 0
2453 2214 108 55 372707 0 0 0
2646 2825 103 59 952778 0 0 0
2760 2907 77 86 730494 0 0 0
3264 3019 111 74 692614 0 0 0
2793 2412 66 62 854109 0 0 0
3172 2744 86 78 230859 0 0 0
2578 2184 89 95 476111 0 0 0
2685 2323 70 65 245041 0 0 0
2498 2148 66 84 537990 0 0 0
2220 2516 97 97 250637 0 0 0
2098 2347 71 76 146546 0 0 0
2360 1800 99 68 863527 0 0 0
1783 2233 63 64 744511 0 0 0
2014 1663 73 91 940125 0 0 0
2453 2086 76 87 734185 0 0 0
2552 2549 72 93 586749 0 0 0
2864 2927 65 87 587026 0 0 0
3346 3264 85 52 923886 0 0 0
3618 2724 89 84 252645 0 0 0
3016 2833 79 67 889097 0 0 0
3045 2392 64 71 218766 0 0 0
2545 2675 101 95 899341 0 0 0
2791 2843 103 58 256685 0 0 0
2793 2810 91 50 158982 0 0 0
2342 2924 60 95 318056 0 0 0
1990 3535 102 84 719437 0 0 0
1750 3599 77 83 381742 0 0 0
2018 3392 101 73 118948 0 0 0
1455 3194 101 63 877695 0 0 0
1791 3391 86 94 657043 0 0 0
2097 3942 84 89 504302 0 0 0
1573 3910 77 96 867038 0 0 0
1047 4210 60 96 231284 0 0 0
937 4430 99 89 870627 0 0 0
922 1257 105 76 992064 0 0 0
1295 1442 109 64 458341 0 0 0
1425 1083 61 68 589855 0 0 0
1914 1012 99 83 915700 0 0 0
2509 1381 67 63 399955 0 0 0
3018 825 59 92 560066 0 0 0
2592 871 67 50 295413 0 0 0
2817 1017 60 99 746424 0 0 0
3220 653 109 95 873820 0 0 0
3102 551 80 66 923101 0 0 0
2483 1117 79 57 124198 0 0 0
2366 1304 68 89 683057 0 0 0
1933 1752 106 80 946000 0 0 0
1648 1912 99 57 479267 0 0 0
1118 2439 105 70 409224 0 0 0
536 2520 106 96 923267 0 0 0
906 2670 56 60 331263 0 0 0
305 3227 65 57 101126 0 0 0
412 3241 80 84 825312 0 0 0
166 3515 84 92 803124 0 0 0
-352 3089 70 87 571318 0 0 0
-302 3478 98 61 437656 0 0 0
-927 3288 109 63 147159 0 0 0
-536 3150 101 91 598299 0 0 0
17 2826 103 77 687906 0 0 0
279 2485 101 58 816362 0 0 0
702 3069 64 76 130916 0 0 0
287 3029 108 71 262260 0 0 0
-300 2405 66 49 970059 0 0 0
-227 1811 83 50 976179 0 0 0
-608 1959 77 61 739311 0 0 0
-1140 2120 80 57 347153 0 0 0
-1188 2471 98 50 277022 0 0 0
-1489 2140 89 89 904918 0 0 0
-1495 2042 65 85 964089 0 0 0
-1972 1424 93 72 442065 0 0 0
-2219 837 89 56 162439 0 0 0
-2637 1063 85 87 623311 0 0 0
-3039 573 85 85 800748 0 0 0
-2553 1016 110 67 322001 0 0 0
-2014 1201 78 50 918636 0 0 0
-1526 1327 98 67 375716 0 0 0
-1230 1444 100 66 772740 0 0 0
-1736 1935 107 70 333567 0 0 0
-2314 1420 106 85 558749 0 0 0
-1862 904 76 93 345458 0 0 0
-2389 449 59 73 757116 0 0 0
-2250 -58 84 91 654509 0 0 0
-1800 -647 93 66 223357 0 0 0
-2278 -946 96 85 148572 0 0 0
-1852 -1510 105 52 876699 0 0 0
-2135 -996 109 90 416675 0 0 0
-2071 -1186 90 88 954566 0 0 0
-1945 -1559 102 82 452802 0 0 0
-1680 -1820 88 97 529954 0 0 0
-1946 -1336 81 50 131513 0 0 0
-2442 -1582 103 95 577582 0 0 0
-2604 -1749 76 76 630758 0 0 0
-2071 -1478 76 95 149248 0 0 0
-1735 -1342 94 57 318334 0 0 0
-2203 -1273 69 78 749915 0 0 0
-1655 -1702 90 59 633053 0 0 0
-2000 -1874 83 72 986056 0 0 0
-1826 -1348 76 73 620972 0 0 0
-1266 -819 73 72 339324 0 0 0
-1883 -873 72 98 372340 0 0 0
-1523 -1157 70 61 123796 0 0 0
-1672 -1376 79 76 760668 0 0 0
-1853 -995 68 99 451930 0 0 0
-2356 -1289 103 77 551712 0 0 0
-2221 -971 72 57 898271 0 0 0
-2488 -1339 95 79 931750 0 0 0
-2149 -990 93 90 502733 0 0 0
-1781 -1610 86 78 122095 0 0 0
-2113 -1790 98 53 860760 0 0 0
-2294 -1322 65 83 255031 0 0 0
-2325 -757 73 80 457002 0 0 0
-2678 -149 79 93 957058 0 0 0
-2390 -298 84 93 363020 0 0 0
-2544 -59 96 83 820083 0 0 0
-2582 454 65 70 954410 0 0 0
-1990 30 64 88 910233 0 0 0
-1575 289 70 73 765248 0 0 0
-1860 59 110 80 386337 0 0 0
-2477 -412 81 58 220534 0 0 0
-1928 -11 58 98 170736 0 0 0
-2368 316 92 49 556118 0 0 0
-2597 -186 99 97 834013 0 0 0
-2111 -364 65 94 737319 0 0 0
-2463 -783 84 83 229040 0 0 0
-1868 -346 84 99 995955 0 0 0
-2286 -522 76 62 136171 0 0 0
-2578 -1060 101 94 559454 0 0 0
-3008 -1091 68 61 200235 0 0 0
-2427 -1381 71 50 782546 0 0 0
-2816 -1520 107 67 385674 0 0 0
-2931 -1911 104 60 919040 0 0 0
-2926 -1701 63 67 641350 0 0 0
-2438 -1530 77 79 274911 0 0 0
-2041 -1557 95 79 399548 0 0 0
-1886 -2130 92 68 130626 0 0 0
-2298 -2537 68 51 496184 0 0 0
-2581 -2772 73 84 683162 0 0 0
-2651 -2393 58 62 942616 0 0 0
-2229 -2600 93 63 735517 0 0 0
-2313 -2652 62 82 797708 0 0 0
-2353 -3104 72 80 519492 0 0 0
-2216 -3076 112 88 973655 0 0 0
-2343 -2737 84 52 967690 0 0 0
-1942 -2992 102 92 927405 0 0 0
-1577 -2827 83 98 590368 0 0 0
-1139 -2811 80 97 542580 0 0 0
-1500 -2339 74 60 816399 0 0 0
-1864 -2917 107 77 360648 0 0 0
-1492 -3160 58 98 923169 0 0 0
-1616 -355 101 87 222508 0 0 0
-1453 225 82 94 683927 0 0 0
-1621 -71 92 87 831773 0 0 0
-1582 -280 95 69 791276 0 0 0
-1466 -569 96 53 624189 0 0 0
-1338 -797 107 59 868520 0 0 0
-772 -643 103 68 241411 0 0 0
-799 -1173 83 67 300304 0 0 0
-674 -1748 67 89 403375 0 0 0
-1120 -1255 74 59 820562 0 0 0
-736 -1726 99 95 427275 0 0 0
-378 -2161 70 55 334550 0 0 0
-373 -2290 93 58 662094 0 0 0
23 -2320 83 50 553017 0 0 0
453 -2252 76 73 408134 0 0 0
181 -1760 86 96 517125 0 0 0
-61 -2290 83 65 967911 0 0 0
165 -2422 100 52 716072 0 0 0
776 -2301 83 80 870245 0 0 0
1257 -2375 76 82 989490 0 0 0
932 -2901 87 79 702550 0 0 0
1242 -2607 57 99 568226 0 0 0
1332 -2396 57 74 234009 0 0 0
959 -2289 59 72 623084 0 0 0
1336 -2838 58 95 634083 0 0 0
987 -2789 86 89 978783 0 0 0
806 -2762 108 55 916965 0 0 0
559 -2449 61 86 325738 0 0 0
683 -2094 111 81 845095 0 0 0
1208 -1594 87 50 771738 0 0 0
1014 -2045 108 77 453368 0 0 0
686 -1908 84 90 720111 0 0 0
787 -2334 95 86 245546 0 0 0
1012 -2932 70 75 668084 0 0 0
450 -3293 87 94 534604 0 0 0
316 -2706 110 89 297351 0 0 0
596 -2958 106 83 718556 0 0 0
763 -3558 104 49 413863 0 0 0
514 -3062 77 94 920486 0 0 0
-43 -3455 109 97 502953 0 0 0
218 -3128 78 99 589667 0 0 0
554 -2728 111 70 970146 0 0 0
804 -2638 64 52 339535 0 0 0
484 -2612 63 92 194651 0 0 0
-694 1239 67 96 622157 0 0 0
-240 1308 73 72 258348 0 0 0
-693 1662 59 58 153335 0 0 0
-1142 1553 106 83 224670 0 0 0
-1351 2177 98 98 712956 0 0 0
-1903 1640 109 84 669433 0 0 0
-1740 2114 100 57 670120 0 0 0
-1999 1908 98 89 385396 0 0 0
-1868 2382 90 72 595267 0 0 0
-1496 2910 76 58 797571 0 0 0
-1496 2341 102 51 591195 0 0 0
-1830 1803 58 58 145451 0 0 0
-1237 1637 72 76 871180 0 0 0
-1733 2152 98 82 605057 0 0 0
-1667 1570 83 70 685780 0 0 0
-1642 2172 72 89 354335 0 0 0
-1352 2653 66 51 200128 0 0 0
-1363 2285 88 63 778707 0 0 0
-1148 2120 62 58 880440 0 0 0
-1546 2192 103 51 226982 0 0 0
-955 1716 67 72 503328 0 0 0
-515 1743 70 63 833096 0 0 0
-406 2221 92 70 463631 0 0 0
-176 1605 69 69 770514 0 0 0
-416 1843 86 79 733284 0 0 0
-906 2073 112 50 190548 0 0 0
-1522 1703 76 99 695537 0 0 0
-1241 1440 78 70 953538 0 0 0
-1168 1807 90 83 681700 0 0 0
-1034 2258 107 86 742128 0 0 0
-1145 2841 93 78 449303 0 0 0
-786 3379 100 83 171614 0 0 0
-766 3366 80 99 956981 0 0 0
-682 2825 69 67 145142 0 0 0
-1175 2417 108 71 502944 0 0 0
-1395 2695 107 59 347609 0 0 0
-1818 2940 73 65 800864 0 0 0
-2191 3390 60 99 486252 0 0 0
-2677 2892 91 53 229749 0 0 0
-3198 2331 84 94 718409 0 0 0
-2805 2803 69 78 997095 0 0 0
-2298 3213 95 49 769870 0 0 0
-2632 3701 94 73 105535 0 0 0
-2255 3508 66 99 222658 0 0 0
-1817 2959 68 60 291428 0 0 0
-1340 2606 76 77 325111 0 0 0
-1134 2246 58 73 960513 0 0 0
-1297 2220 81 84 506678 0 0 0
-1697 2315 66 81 939681 0 0 0
-2182 1912 84 78 501477 0 0 0
-2580 1561 56 60 216671 0 0 0
-1966 1516 81 69 128539 0 0 0
-2448 980 85 70 923126 0 0 0
-2960 712 100 88 832541 0 0 0
-3312 211 102 69 586413 0 0 0
-2987 249 94 82 181848 0 0 0
-2881 844 80 82 856303 0 0 0
-2502 566 67 93 831260 0 0 0
-2879 14 110 94 129934 0 0 0
-3485 448 79 89 288168 0 0 0
-3668 871 59 98 581737 0 0 0
-3501 412 68 75 477057 0 0 0
-3508 -154 71 97 375456 0 0 0
-3007 -387 87 87 501496 0 0 0
-3530 -521 67 67 415258 0 0 0
-3106 -115 86 90 481897 0 0 0
-3568 21 57 75 109510 0 0 0
-3522 260 95 53 359758 0 0 0
-3109 34 91 52 779836 0 0 0
950 726 88 75 908085 0 0 0
1021 828 92 72 670247 0 0 0
1392 239 96 84 650142 0 0 0
1127 -151 112 90 661470 0 0 0
526 -480 56 95 393920 0 0 0
629 -833 66 95 400766 0 0 0
870 -357 62 98 777292 0 0 0
1098 -203 62 62 884092 0 0 0
804 -225 79 53 514194 0 0 0
950 -196 61 80 328533 0 0 0
1256 -394 79 78 973715 0 0 0
1637 -603 71 53 970577 0 0 0
1232 -1151 95 61 796210 0 0 0
727 -805 89 49 978539 0 0 0
1164 -966 91 71 588648 0 0 0
548 -1578 112 87 916632 0 0 0
310 -1737 94 86 206934 0 0 0
-154 -1611 104 68 510021 0 0 0
-510 -1746 83 68 488741 0 0 0
-473 -1427 73 92 125252 0 0 0
87 -1333 56 82 921250 0 0 0
-302 -1351 81 88 702274 0 0 0
-283 -1316 88 63 514343 0 0 0
-194 -1447 104 72 895254 0 0 0
-789 -1960 105 66 213762 0 0 0
-476 -2213 63 66 237665 0 0 0
-440 -2029 95 80 319807 0 0 0
-683 -1700 94 76 379129 0 0 0
-1260 -2110 69 73 164019 0 0 0
-1579 -1732 97 65 881221 0 0 0
-1201 -1771 63 65 698600 0 0 0
-1073 -1910 57 96 748146 0 0 0
-1319 -2189 94 50 341351 0 0 0
-789 -1697 103 65 481679 0 0 0
-570 -1295 67 64 919763 0 0 0
-443 -1088 96 93 848331 0 0 0
-619 -689 85 49 669703 0 0 0
-155 -171 57 55 829539 0 0 0
-165 -567 112 65 526463 0 0 0
294 -1087 68 97 639422 0 0 0
398 -580 107 73 819618 0 0 0
197 -341 87 81 965902 0 0 0
193 259 62 75 962577 0 0 0
-214 632 111 82 839608 0 0 0
299 1128 110 73 286009 0 0 0
715 1414 75 67 999139 0 0 0
459 1409 84 90 433889 0 0 0
373 1706 86 89 810994 0 0 0
60 2220 69 56 468967 0 0 0
-282 2681 102 69 667847 0 0 0
-252 2807 105 93 874152 0 0 0
-161 3095 62 83 836925 0 0 0
5 3392 84 85 417229 0 0 0
622 3437 75 50 624082 0 0 0
61 3639 97 50 501109 0 0 0
54 3870 88 62 260954 0 0 0
54 3944 74 70 803647 0 0 0
531 4400 109 89 855543 0 0 0
954 4156 62 63 645791 0 0 0
992 4204 72 93 780710 0 0 0
873 4227 67 95 551156 0 0 0
1359 3912 109 97 355523 0 0 0
1147 3741 69 74 201642 0 0 0
1545 3209 80 79 360416 0 0 0
1795 2979 99 55 971485 0 0 0
2201 2862 73 61 496559 0 0 0
2063 3344 102 63 187530 0 0 0
2328 2786 94 85 629044 0 0 0
2213 2168 100 70 149909 0 0 0
-813 -1498 83 68 462171 0 0 0
-455 -942 96 54 896122 0 0 0
-307 -578 95 53 448535 0 0 0
-474 -695 86 56 753716 0 0 0
-737 -796 69 99 662982 0 0 0
-482 -1332 96 63 754649 0 0 0
-469 -1586 59 82 293877 0 0 0
-763 -1256 104 76 193742 0 0 0
-715 -1226 62 51 730760 0 0 0
-447 -1689 104 78 440680 0 0 0
-830 -1893 100 63 375251 0 0 0
-371 -1365 64 54 296541 0 0 0
-572 -824 109 49 430291 0 0 0
-963 -939 75 72 402020 0 0 0
-1420 -1254 111 59 554139 0 0 0
-1239 -1782 97 77 516690 0 0 0
-1293 -1363 60 80 305186 0 0 0
-1396 -1003 105 54 239052 0 0 0
-1029 -1522 107 61 760076 0 0 0
-827 -1060 92 62 368393 0 0 0
-549 -1562 86 71 141302 0 0 0
-50 -1922 64 89 632434 0 0 0
515 -1466 112 49 742287 0 0 0
-49 -1971 95 84 226521 0 0 0
-115 -2566 102 96 492215 0 0 0
491 -2227 66 90 127702 0 0 0
838 -2703 100 96 656864 0 0 0
567 -2492 105 79 738246 0 0 0
757 -2137 73 93 297329 0 0 0
1220 -2642 61 75 834959 0 0 0
1364 -2147 65 88 176787 0 0 0
1296 -2536 112 78 823727 0 0 0
1394 -2347 105 72 877613 0 0 0
1646 -2671 81 94 225199 0 0 0
1437 -2889 61 78 263666 0 0 0
1579 -2901 68 76 802493 0 0 0
1443 -2629 57 92 871199 0 0 0
999 -3153 89 59 741953 0 0 0
1238 -3422 81 85 110024 0 0 0
1062 -3480 88 55 455029 0 0 0
829 -3832 68 77 488545 0 0 0
1055 -3276 58 56 766690 0 0 0
1528 -3091 99 74 347965 0 0 0
1735 -3515 108 79 604003 0 0 0
2207 -3554 71 63 557212 0 0 0
2609 -3071 70 52 386758 0 0 0
2136 -2686 86 71 321282 0 0 0
2206 -2499 95 97 896533 0 0 0
2487 -2013 105 96 943966 0 0 0
-585 199 99 93 304373 0 0 0
-182 -98 75 53 793535 0 0 0
-405 -198 111 58 101675 0 0 0
104 -426 100 51 462973 0 0 0
446 49 105 57 748183 0 0 0
453 -10 110 74 965379 0 0 0
118 -590 70 97 895995 0 0 0
-283 -862 77 70 276984 0 0 0
159 -420 85 68 192734 0 0 0
95 -690 88 77 823223 0 0 0
696 -797 99 83 460208 0 0 0
570 -654 93 68 795907 0 0 0
319 -595 58 69 500416 0 0 0
237 -721 91 97 893540 0 0 0
-317 -635 57 59 783761 0 0 0
279 -279 79 81 923785 0 0 0
35 -810 66 65 229659 0 0 0
98 -1121 73 99 864850 0 0 0
-1196 911 90 91 814053 0 0 0
-1341 386 56 90 873370 0 0 0
-1017 211 65 91 404556 0 0 0
-853 392 68 83 218077 0 0 0
-1019 -220 67 66 407920 0 0 0
-523 -15 83 94 694668 0 0 0
-518 -221 79 53 292539 0 0 0
-260 95 58 78 908544 0 0 0
339 633 99 82 974072 0 0 0
206 858 93 97 927789 0 0 0
249 607 79 55 618305 0 0 0
660 161 86 85 974675 0 0 0
303 783 96 91 728191 0 0 0
-283 323 94 82 327384 0 0 0
-72 452 61 60 288531 0 0 0
253 325 83 84 945834 0 0 0
-302 379 108 86 117506 0 0 0
-558 -209 102 90 762327 0 0 0
47 -806 80 76 301254 0 0 0
-381 -747 91 87 510550 0 0 0
-390 -1036 104 61 903409 0 0 0
-936 -830 61 61 352565 0 0 0
-690 -962 102 85 798218 0 0 0
-689 -1483 91 94 446047 0 0 0
-837 -1394 68 62 406501 0 0 0
-237 -1784 94 99 995419 0 0 0
323 -1515 112 98 593881 0 0 0
-33 -930 87 67 986413 0 0 0
-132 -361 85 74 904010 0 0 0
-647 -628 63 62 407647 0 0 0
-186 -310 93 70 486317 0 0 0
-691 195 66 94 525467 0 0 0
-1022 626 85 89 561476 0 0 0
-1459 1140 75 83 138772 0 0 0
-1673 1296 105 93 483365 0 0 0
-1456 1729 101 60 870151 0 0 0
-1232 2074 57 86 850960 0 0 0
-1168 1861 112 79 179799 0 0 0
-1484 1821 111 85 846043 0 0 0
-1638 2072 112 75 995887 0 0 0
-1858 2094 78 82 428433 0 0 0
-2244 2475 91 70 554486 0 0 0
-1752 2685 102 64 257117 0 0 0
-1543 2667 104 51 974192 0 0 0
-1016 2174 101 61 971666 0 0 0
-754 2069 63 71 996867 0 0 0
-512 1566 58 70 617978 0 0 0
-356 1385 85 74 183415 0 0 0
119 1704 64 67 868420 0 0 0
-437 2263 80 71 780254 0 0 0
-156 2740 83 99 402073 0 0 0
-71 2324 90 53 699251 0 0 0
-407 2561 63 68 191617 0 0 0
17 2101 109 56 154822 0 0 0
233 2083 81 94 288860 0 0 0
-230 2631 83 93 173015 0 0 0
-371 2952 91 94 313660 0 0 0
1883 1316 94 82 186111 0 0 0
1582 1065 97 89 989128 0 0 0
2072 811 74 75 969991 0 0 0
2468 1144 107 90 666339 0 0 0
1887 910 105 66 622201 0 0 0
1452 1337 108 59 746796 0 0 0
1565 1525 62 69 254044 0 0 0
2038 1227 108 89 877665 0 0 0
1637 1010 99 49 193274 0 0 0
1810 605 98 87 598289 0 0 0
1544 293 88 63 431425 0 0 0
1927 -289 87 86 788141 0 0 0
1599 27 99 75 799716 0 0 0
1252 -489 65 68 344057 0 0 0
846 -603 99 53 848102 0 0 0
1134 -101 57 72 252626 0 0 0
730 253 60 55 470146 0 0 0
1168 412 77 80 802049 0 0 0
917 287 94 49 963972 0 0 0
724 486 107 72 542630 0 0 0
385 1063 96 97 802982 0 0 0
296 565 97 97 248263 0 0 0
508 874 99 49 917817 0 0 0
150 459 72 62 129904 0 0 0
752 492 78 81 280365 0 0 0
807 513 110 75 171699 0 0 0
276 1078 71 93 388479 0 0 0
230 1479 89 55 161826 0 0 0
-89 2017 111 56 851366 0 0 0
119 2512 105 80 871973 0 0 0
-146 2688 62 70 308332 0 0 0
-123 3182 88 92 469411 0 0 0
163 3195 106 80 210064 0 0 0
327 3552 76 70 402233 0 0 0
351 3216 101 72 200150 0 0 0
-132 3710 76 59 393917 0 0 0
-528 3592 97 93 959439 0 0 0
-676 3371 69 81 928256 0 0 0
-822 3157 103 65 988004 0 0 0
-461 3609 94 54 667196 0 0 0
-677 4215 70 67 186026 0 0 0
-466 4770 57 60 269879 0 0 0
2001 968 59 68 514252 0 0 0
2210 735 105 71 735840 0 0 0
2584 391 77 89 465865 0 0 0
2970 714 87 89 950067 0 0 0
2647 358 80 84 848702 0 0 0
2182 289 79 96 596571 0 0 0
2333 399 89 71 457062 0 0 0
2320 754 82 97 261279 0 0 0
1984 589 76 62 818479 0 0 0
1556 1086 66 52 164239 0 0 0
1788 1284 104 92 571797 0 0 0
1256 1757 58 95 678442 0 0 0
1099 1708 89 76 439453 0 0 0
1545 2198 79 72 531507 0 0 0
1359 2637 102 70 581303 0 0 0
1602 3113 91 90 435580 0 0 0
1570 3081 105 51 227361 0 0 0
1580 3270 74 85 549448 0 0 0
1677 3207 95 56 395392 0 0 0
1586 3621 84 62 181219 0 0 0
1645 3842 82 69 702664 0 0 0
1720 3488 94 99 739958 0 0 0
2282 3282 74 74 670974 0 0 0
2064 3866 68 58 712360 0 0 0
1589 4304 62 79 995776 0 0 0
1000 4685 81 70 182552 0 0 0
977 5243 94 62 170359 0 0 0
1237 5260 60 55 344660 0 0 0
879 4914 65 76 928103 0 0 0
387 4602 78 97 537946 0 0 0
-196 4212 67 86 215026 0 0 0
-232 4336 104 91 365594 0 0 0
154 4634 78 89 231765 0 0 0
94 5251 100 72 346815 0 0 0
255 5541 112 60 411575 0 0 0
277 4964 112 61 665765 0 0 0
116 5171 69 86 419476 0 0 0
614 5568 69 85 448299 0 0 0
284 6063 98 65 169768 0 0 0
306 6091 84 98 913820 0 0 0
318 6395 56 94 161659 0 0 0
297 6052 67 79 610153 0 0 0
792 5447 78 91 366862 0 0 0
647 4952 82 89 843092 0 0 0
1245 4849 89 72 986439 0 0 0
1149 4377 56 95 711565 0 0 0
1553 4560 104 96 692816 0 0 0
1625 4375 102 55 927493 0 0 0
2149 4598 77 89 246910 0 0 0
1555 5000 89 83 894755 0 0 0
1098 4545 69 98 610300 0 0 0
1528 4242 56 58 498530 0 0 0
1425 4379 94 55 620349 0 0 0
1638 4335 85 88 638041 0 0 0
1899 4388 105 67 736059 0 0 0
1668 4438 98 79 352835 0 0 0
1246 5001 99 57 656272 0 0 0
1486 5122 107 67 755601 0 0 0
1967 4977 80 58 546216 0 0 0
2198 4803 93 49 196123 0 0 0
2661 4807 100 55 316439 0 0 0
2523 5289 103 63 575542 0 0 0
2690 5726 101 54 620814 0 0 0
2158 5834 111 72 382204 0 0 0
1624 6275 72 96 644646 0 0 0
1215 6230 85 76 888475 0 0 0
898 6787 99 97 474536 0 0 0
1703 1417 89 52 325784 0 0 0
1516 1956 103 88 321288 0 0 0
1440 1691 111 68 382804 0 0 0
1301 1587 77 60 181917 0 0 0
905 1063 106 94 940694 0 0 0
469 1165 65 74 380161 0 0 0
632 842 93 56 132987 0 0 0
928 334 64 64 182082 0 0 0
870 59 79 58 621777 0 0 0
1131 -230 86 90 868487 0 0 0
1715 -47 81 60 119076 0 0 0
2279 210 69 53 911060 0 0 0
2088 746 70 90 596181 0 0 0
2708 812 69 90 490133 0 0 0
2941 1046 58 96 869379 0 0 0
2829 549 90 57 625438 0 0 0
2619 1095 97 88 594862 0 0 0
2873 514 106 95 465379 0 0 0
2672 243 80 49 934365 0 0 0
2687 646 92 70 826728 0 0 0
3133 757 90 56 262841 0 0 0
3183 256 72 61 900246 0 0 0
3150 861 112 97 198793 0 0 0
2965 1418 106 99 107355 0 0 0
2537 1012 107 81 485034 0 0 0
2726 846 64 92 254716 0 0 0
2236 561 75 63 789437 0 0 0
2819 686 100 98 855832 0 0 0
2461 741 111 84 723230 0 0 0
2001 259 60 79 651783 0 0 0
1692 208 68 68 704711 0 0 0
1457 58 88 74 680521 0 0 0
1197 658 71 58 567241 0 0 0
1726 291 107 53 692446 0 0 0
2073 135 71 96 555638 0 0 0
-50 633 75 53 944269 0 0 0
372 831 70 52 371796 0 0 0
623 1004 106 94 346071 0 0 0
497 482 99 54 740057 0 0 0
298 428 105 67 985875 0 0 0
191 441 74 81 945621 0 0 0
-82 187 89 59 960981 0 0 0
-208 792 76 53 638685 0 0 0
-216 333 74 75 984592 0 0 0
329 677 96 56 431308 0 0 0
858 661 68 63 242169 0 0 0
1067 897 91 71 531233 0 0 0
1225 892 62 50 674490 0 0 0
1458 770 56 77 683213 0 0 0
1256 744 80 81 580858 0 0 0
1219 1175 94 56 683652 0 0 0
695 554 91 81 723849 0 0 0
866 859 75 79 477756 0 0 0
639 837 63 67 157220 0 0 0
1069 737 89 81 398628 0 0 0
603 591 95 87 586443 0 0 0
442 135 98 68 997710 0 0 0
-101 -230 92 53 568719 0 0 0
-62 -90 82 92 818452 0 0 0
536 -140 63 65 345691 0 0 0
108 -365 99 67 757349 0 0 0
298 -157 64 94 438335 0 0 0
780 -768 108 54 400124 0 0 0
906 -1192 84 52 737177 0 0 0
899 -571 64 56 236480 0 0 0
805 -245 63 70 727433 0 0 0
449 -198 78 62 560654 0 0 0
271 366 103 98 939591 0 0 0
-48 428 101 92 616166 0 0 0
-444 340 87 75 356126 0 0 0
-833 927 56 79 668983 0 0 0
-1353 1430 112 96 599941 0 0 0
-793 1358 95 49 341123 0 0 0
-1087 1799 101 58 575389 0 0 0
-822 1372 107 74 375802 0 0 0
-338 1201 76 52 323129 0 0 0
-444 1188 57 87 826179 0 0 0
-670 1782 91 62 305561 0 0 0
-153 2166 81 99 220830 0 0 0
255 2514 87 88 407543 0 0 0
707 1986 79 87 116626 0 0 0
879 1496 71 56 692920 0 0 0
1095 1496 83 93 169658 0 0 0
1185 1909 67 75 448290 0 0 0
1346 2318 79 68 456072 0 0 0
838 2673 71 51 701147 0 0 0
1406 3005 71 50 988202 0 0 0
855 2866 109 64 691162 0 0 0
898 3157 68 98 954681 0 0 0
1417 3047 80 63 648532 0 0 0
1948 3576 56 65 802444 0 0 0
1881 2951 66 65 230246 0 0 0
1612 2961 97 59 434292 0 0 0
1024 3014 90 61 461789 0 0 0
924 2912 90 51 501816 0 0 0
1487 1471 107 97 880704 0 0 0
1422 1533 100 59 163970 0 0 0
1672 1285 79 95 769277 0 0 0
2051 946 65 91 395291 0 0 0
2435 1106 86 75 159309 0 0 0
2314 1128 74 76 358076 0 0 0
2505 829 95 93 443526 0 0 0
1958 790 62 83 612576 0 0 0
2014 1153 106 57 510074 0 0 0
2459 1193 62 66 634134 0 0 0
2944 1530 100 66 639097 0 0 0
3554 1743 62 54 706562 0 0 0
3489 1762 92 93 689290 0 0 0
3462 1759 78 54 954327 0 0 0
3078 1505 92 91 848770 0 0 0
2521 1665 69 64 902995 0 0 0
2301 1409 94 51 742586 0 0 0
2366 1130 103 82 239314 0 0 0
2817 1704 94 80 259295 0 0 0
3009 1964 90 87 107784 0 0 0
2401 1343 77 83 893422 0 0 0
3004 1884 104 96 922183 0 0 0
2571 1736 67 79 558755 0 0 0
2900 2311 84 88 151456 0 0 0
2727 2179 79 56 530747 0 0 0
2720 1966 68 97 724129 0 0 0
2986 2544 108 83 195784 0 0 0
2566 3090 79 71 642224 0 0 0
2373 2553 89 98 997870 0 0 0
2625 2955 89 59 443540 0 0 0
3056 3138 105 62 535775 0 0 0
3198 3497 63 73 839099 0 0 0
3321 3866 65 84 662970 0 0 0
3324 3811 110 64 499206 0 0 0
2804 3987 88 62 474962 0 0 0
2635 4562 104 58 353640 0 0 0
2995 5025 105 64 104374 0 0 0
2548 4866 59 60 771599 0 0 0
3154 4469 78 87 797013 0 0 0
2629 4393 100 67 141964 0 0 0
2480 4970 91 52 285136 0 0 0
-2094 -1915 102 69 262446 0 0 0
-2277 -2419 104 99 267639 0 0 0
-2535 -2764 99 52 668826 0 0 0
-2885 -2720 68 98 225148 0 0 0
-2769 -2945 67 92 701127 0 0 0
-2951 -2443 111 99 168271 0 0 0
-3369 -3039 94 71 442920 0 0 0
-3694 -3122 90 85 650659 0 0 0
-3906 -3196 68 82 950901 0 0 0
-4070 -3672 88 53 256694 0 0 0
-4155 -3416 81 67 269178 0 0 0
-4185 -3436 72 89 350144 0 0 0
-4109 -3230 68 70 509463 0 0 0
-3928 -3636 93 54 691116 0 0 0
-4298 -3238 110 51 824970 0 0 0
-4227 -2625 106 76 154567 0 0 0
-4399 -2373 95 62 471324 0 0 0
-3883 -2308 75 60 898430 0 0 0
-4321 -1978 112 78 544231 0 0 0
-3843 -1909 88 87 641518 0 0 0
-4411 -2023 105 58 515713 0 0 0
-4292 -2401 107 70 353752 0 0 0
-3908 -2147 59 97 941433 0 0 0
-3907 -1956 68 51 749138 0 0 0
-3364 -1725 72 94 479864 0 0 0
-3602 -1846 81 94 359906 0 0 0
-3862 -2410 62 83 323311 0 0 0
-3779 -2964 67 95 670744 0 0 0
-3309 -3355 79 95 490420 0 0 0
-3367 -3882 70 63 824005 0 0 0
-3911 -4434 62 76 512209 0 0 0
-3816 -4063 77 87 267072 0 0 0
-4105 -4539 56 58 748627 0 0 0
-4167 -3997 109 57 843260 0 0 0
-3583 -4438 98 69 934831 0 0 0
-3977 -4147 62 90 834841 0 0 0
-4073 -4461 91 63 955621 0 0 0
-3979 -4540 61 83 223802 0 0 0
-4419 -4835 108 95 193769 0 0 0
-4337 -5233 82 55 976081 0 0 0
-4954 -5400 70 66 674667 0 0 0
-5217 -4843 79 99 155090 0 0 0
-5570 -4341 111 96 187261 0 0 0
-5921 -4759 74 58 870966 0 0 0
-6490 -5175 58 55 241125 0 0 0
-6740 -4714 61 77 784217 0 0 0
-7050 -5297 57 92 918693 0 0 0
-7463 -5416 73 64 722934 0 0 0
1507 -2477 77 95 581708 0 0 0
1132 -2483 99 83 433098 0 0 0
826 -2472 112 59 184581 0 0 0
1264 -2923 102 50 705928 0 0 0
1480 -2451 69 49 644546 0 0 0
1252 -3045 77 65 415470 0 0 0
1538 -3307 95 59 701532 0 0 0
1598 -3166 77 62 463687 0 0 0
2119 -3347 74 67 436341 0 0 0
2216 -2941 107 49 427216 0 0 0
2421 -3327 78 57 949940 0 0 0
2383 -2996 86 64 356405 0 0 0
1997 -2677 82 54 518136 0 0 0
2334 -3056 91 52 354601 0 0 0
2547 -2591 81 63 704607 0 0 0
3096 -2058 74 63 128153 0 0 0
3478 -1456 96 85 872030 0 0 0
3693 -1934 75 94 131623 0 0 0
3149 -2152 83 69 206869 0 0 0
2942 -1774 100 86 325500 0 0 0
2953 -2265 56 70 626461 0 0 0
2929 -2534 76 63 340790 0 0 0
2434 2171 78 73 203217 0 0 0
2186 2112 95 59 329302 0 0 0
2097 2626 110 89 642286 0 0 0
1561 2007 112 72 185384 0 0 0
1853 1646 85 99 806322 0 0 0
2109 1561 88 81 648223 0 0 0
1810 1473 62 87 924801 0 0 0
1202 1245 82 65 865563 0 0 0
1665 920 60 87 207430 0 0 0
1719 587 102 52 611510 0 0 0
1470 613 62 66 236527 0 0 0
897 170 75 61 973823 0 0 0
550 -2 79 72 585134 0 0 0
1152 150 74 97 343039 0 0 0
532 565 76 96 268017 0 0 0
538 392 56 96 131388 0 0 0
1149 34 94 49 646850 0 0 0
1599 -217 85 91 491413 0 0 0
1371 -642 100 56 305088 0 0 0
753 -1014 83 98 644942 0 0 0
462 -890 95 72 865511 0 0 0
183 -1334 76 77 877224 0 0 0
-387 -715 103 53 392097 0 0 0
-540 -319 60 59 529830 0 0 0
-556 -895 79 61 761687 0 0 0
-419 -1278 68 97 642630 0 0 0
201 -670 107 92 280378 0 0 0
390 -892 59 92 126151 0 0 0
844 -1077 81 79 469366 0 0 0
1466 -1545 106 64 446859 0 0 0
1663 -1663 67 50 767600 0 0 0
1263 -2010 81 50 166982 0 0 0
976 -1681 74 84 496876 0 0 0
954 -1507 102 56 793084 0 0 0
1541 -1366 105 92 278360 0 0 0
1612 -1631 65 54 752235 0 0 0
2061 -2004 102 88 914180 0 0 0
2472 -1576 110 57 346507 0 0 0
2549 -1916 71 90 159686 0 0 0
3163 -1396 80 66 565482 0 0 0
3566 -889 70 98 281486 0 0 0
3396 -827 71 56 643469 0 0 0
3614 -722 112 84 365938 0 0 0
3437 -703 85 60 700090 0 0 0
3319 -1195 73 59 350325 0 0 0
3191 -732 76 79 838997 0 0 0
3038 -1137 72 63 637113 0 0 0
2447 -1467 64 95 720565 0 0 0
2796 -1585 86 92 468423 0 0 0
2829 -1558 65 82 710709 0 0 0
3445 -2030 100 63 577901 0 0 0
2852 -1816 90 54 672349 0 0 0
2988 -1729 73 68 377835 0 0 0
2864 -1728 82 75 528168 0 0 0
3441 -1775 67 59 192568 0 0 0
3511 -1609 95 70 889152 0 0 0
3625 -1618 108 59 262841 0 0 0
3948 -1080 99 83 386388 0 0 0
3732 -1372 107 92 936953 0 0 0
3718 -1012 109 88 174422 0 0 0
3979 -1596 81 62 391614 0 0 0
3629 -1286 69 94 742919 0 0 0
3046 -1573 64 85 768609 0 0 0
2903 -960 63 50 413888 0 0 0
3434 -672 102 77 206834 0 0 0
3384 -1033 71 95 638605 0 0 0
3103 -1434 58 68 387058 0 0 0
2819 -1034 98 53 352815 0 0 0
2775 -1401 60 94 913097 0 0 0
2823 -1755 82 51 512027 0 0 0
2552 -1837 79 95 607814 0 0 0
2339 -1431 93 59 303750 0 0 0
2947 -1527 103 53 738810 0 0 0
2681 -934 95 50 479200 0 0 0
2221 -1467 74 50 443090 0 0 0
1936 -1590 73 87 241377 0 0 0
2323 -1149 70 89 912693 0 0 0
2676 -959 81 69 250482 0 0 0
3212 -942 110 96 283342 0 0 0
3218 -319 66 72 650000 0 0 0
3305 -856 56 67 266407 0 0 0
3313 -1154 93 71 326726 0 0 0
3347 -1026 58 95 886421 0 0 0
3161 -766 112 59 389243 0 0 0
2546 -1009 77 71 738275 0 0 0
2655 -1491 110 66 393090 0 0 0
2841 -1774 70 54 266946 0 0 0
3407 -2127 104 94 706747 0 0 0
1899 1829 61 80 529023 0 0 0
2182 1410 85 75 586586 0 0 0
1621 1379 65 84 670370 0 0 0
1424 1480 66 73 665035 0 0 0
1406 1097 78 66 574784 0 0 0
1835 1366 67 67 366430 0 0 0
2247 1286 92 55 470387 0 0 0
1670 1250 75 76 277785 0 0 0
2104 1860 65 75 892618 0 0 0
2030 2022 82 96 294457 0 0 0
1648 1938 73 62 531914 0 0 0
1449 2153 62 63 479165 0 0 0
1058 2646 99 60 595740 0 0 0
1101 2721 58 56 580449 0 0 0
1680 3019 82 77 119969 0 0 0
2242 2821 63 99 488436 0 0 0
1916 2349 112 56 258662 0 0 0
2414 2498 66 72 398778 0 0 0
1987 2500 89 95 178701 0 0 0
1939 1985 111 93 853413 0 0 0
1701 2032 80 89 413589 0 0 0
1863 2274 56 63 413871 0 0 0
1295 1818 102 86 559915 0 0 0
1803 1560 106 62 918229 0 0 0
2385 2095 78 67 422986 0 0 0
2048 2502 99 67 863461 0 0 0
1488 3044 85 90 531509 0 0 0
1725 3363 65 71 595239 0 0 0
1709 3705 85 59 798283 0 0 0
1636 3531 83 53 664712 0 0 0
1977 3866 103 89 602286 0 0 0
2072 3990 88 82 757382 0 0 0
2455 4318 59 75 227319 0 0 0
2874 4614 100 54 271691 0 0 0
2763 4401 93 89 626958 0 0 0
2707 4327 61 79 460215 0 0 0
3073 4569 66 70 297518 0 0 0
3288 4574 95 75 317282 0 0 0
3205 4759 96 50 413709 0 0 0
3772 4417 86 55 507837 0 0 0
4116 3811 92 70 181809 0 0 0
4402 4230 75 93 819385 0 0 0
4495 4306 110 51 749358 0 0 0
4909 4701 92 77 945133 0 0 0
5391 4644 104 95 471114 0 0 0
5696 4266 97 69 687363 0 0 0
5823 3721 73 86 594661 0 0 0
5225 3485 99 98 469304 0 0 0
4737 3000 61 67 367965 0 0 0
4797 3106 66 76 805127 0 0 0
-1069 -259 90 54 779855 0 0 0
-1045 -54 87 61 737655 0 0 0
-1228 -58 108 92 406674 0 0 0
-1500 -43 112 74 327183 0 0 0
-1915 -648 90 53 337962 0 0 0
-1458 -127 68 90 608572 0 0 0
-916 42 61 89 703725 0 0 0
-1415 112 60 62 713254 0 0 0
-989 530 105 54 567685 0 0 0
-770 537 68 69 646556 0 0 0
-253 284 110 84 838527 0 0 0
53 608 96 95 855209 0 0 0
209 420 83 54 863330 0 0 0
119 -145 73 71 485576 0 0 0
234 -114 111 89 979599 0 0 0
623 -222 100 96 185716 0 0 0
757 -492 107 93 881126 0 0 0
815 -702 93 86 631798 0 0 0
480 -233 75 96 665802 0 0 0
129 -497 67 63 565750 0 0 0
94 -972 88 53 135498 0 0 0
-2405 2411 76 62 982644 0 0 0
-1968 2587 91 96 668255 0 0 0
-1492 2124 94 96 884196 0 0 0
-1498 2009 99 72 549049 0 0 0
-1603 2506 72 62 567680 0 0 0
-2212 2920 106 69 888545 0 0 0
-2797 3218 75 68 552818 0 0 0
-2746 3641 92 77 552539 0 0 0
-2556 3694 101 60 518488 0 0 0
-2992 3582 67 87 869870 0 0 0
-2451 3963 112 67 996613 0 0 0
-2142 4447 104 78 419532 0 0 0
-2070 4833 87 81 184083 0 0 0
-2089 4829 98 52 467386 0 0 0
-1962 4758 110 50 608889 0 0 0
-1664 5030 74 83 736557 0 0 0
-2064 4846 95 76 843718 0 0 0
-1619 4684 60 73 572837 0 0 0
-2190 4752 93 57 111208 0 0 0
-1869 4173 72 80 888822 0 0 0
-1383 4168 69 92 259260 0 0 0
-1294 3829 71 94 482792 0 0 0
-1784 4052 66 87 617184 0 0 0
-1595 4354 83 84 721689 0 0 0
-1302 3984 102 50 808295 0 0 0
-1346 3945 72 52 232396 0 0 0
-1438 3512 84 55 489548 0 0 0
-1863 3181 59 68 807484 0 0 0
-1695 3398 58 63 171378 0 0 0
-1089 3921 65 66 795331 0 0 0
-563 3663 92 53 101869 0 0 0
-917 3243 75 99 428956 0 0 0
-1145 2740 81 53 350254 0 0 0
-941 2344 90 75 203071 0 0 0
-811 1843 62 70 976286 0 0 0
-455 2300 58 56 638147 0 0 0
-128 2465 106 86 740129 0 0 0
289 2012 96 66 275835 0 0 0
-48 2228 83 57 146204 0 0 0
-655 1844 91 92 839669 0 0 0
-1053 1319 97 56 537768 0 0 0
-631 903 98 64 435349 0 0 0
-20 449 63 74 339796 0 0 0
-561 1 106 61 250943 0 0 0
-363 272 66 61 762055 0 0 0
-685 14 90 92 243425 0 0 0
-360 -44 103 75 643594 0 0 0
-836 381 70 49 191790 0 0 0
-1240 4 70 90 305901 0 0 0
-1453 -180 108 97 137103 0 0 0
-1394 -139 65 75 209306 0 0 0
-2016 -344 101 66 562205 0 0 0
-1462 -72 72 78 955799 0 0 0
-1822 282 99 53 848471 0 0 0
-1603 72 110 82 196145 0 0 0
-1824 202 79 74 161834 0 0 0
-1708 -333 85 53 477602 0 0 0
-1111 -658 98 81 860299 0 0 0
-1631 -408 77 77 884306 0 0 0
-1583 -521 74 88 657933 0 0 0
-1593 -159 61 57 956333 0 0 0
-1374 -332 76 87 345788 0 0 0
-1020 -722 108 88 812085 0 0 0
-997 -657 66 49 759084 0 0 0
-383 -67 87 50 894508 0 0 0
-709 366 68 93 845634 0 0 0
-97 -122 78 98 672042 0 0 0
449 403 99 80 737383 0 0 0
104 586 89 79 956033 0 0 0
330 589 98 92 729829 0 0 0
102 845 106 97 372005 0 0 0
151 488 62 89 566339 0 0 0
24 730 79 58 808678 0 0 0
-319 476 68 50 318853 0 0 0
-234 898 66 61 390262 0 0 0
-820 417 104 56 231069 0 0 0
-807 549 110 65 765283 0 0 0
289 2363 63 81 376566 0 0 0
-138 1960 95 57 405998 0 0 0
483 1371 91 86 248301 0 0 0
-51 1851 72 87 204099 0 0 0
-222 1305 112 56 392487 0 0 0
-401 1662 89 61 790981 0 0 0
-730 1447 65 89 729432 0 0 0
-619 1750 74 75 413215 0 0 0
-1141 2182 73 77 329769 0 0 0
-854 1719 78 61 565357 0 0 0
-1427 1504 67 84 686773 0 0 0
-1785 1187 107 71 957461 0 0 0
-1459 1701 82 75 235758 0 0 0
-1346 1985 107 73 664612 0 0 0
-1880 1976 67 63 906484 0 0 0
-1927 1633 103 60 164892 0 0 0
-1489 -1697 63 80 171604 0 0 0
-1376 -1559 85 94 524404 0 0 0
-753 -1105 74 83 686481 0 0 0
-1320 -1110 57 81 762775 0 0 0
-1250 -1535 110 88 367936 0 0 0
-945 -1726 102 49 593725 0 0 0
-879 -1749 65 71 995851 0 0 0
-1377 -1177 71 67 292669 0 0 0
-1427 -1384 97 99 894955 0 0 0
-1876 -1383 96 95 458761 0 0 0
-1906 -1910 102 94 831639 0 0 0
-1630 -1943 103 76 984657 0 0 0
-1311 -1476 105 56 285618 0 0 0
-965 -1897 112 98 427089 0 0 0
-1375 -1940 85 89 328219 0 0 0
-1596 -2234 85 60 412735 0 0 0
-1188 -1915 65 81 561725 0 0 0
-777 -1384 86 56 674744 0 0 0
-1174 -1401 86 87 707299 0 0 0
-1390 -1187 91 97 993709 0 0 0
-1246 -1279 104 82 554680 0 0 0
-1009 -1663 105 51 397279 0 0 0
-1019 -1181 56 54 588933 0 0 0
-1611 -1680 111 82 637730 0 0 0
-1683 -1401 78 69 579830 0 0 0
-1689 -1329 72 49 532816 0 0 0
-1669 -1949 105 97 393155 0 0 0
-1731 -1999 60 80 711781 0 0 0
-1893 -1790 100 76 402506 0 0 0
-2461 -1804 60 72 720713 0 0 0
-2221 -1273 93 69 372377 0 0 0
-2073 -1581 96 66 259609 0 0 0
-1988 -1578 104 55 962825 0 0 0
-1829 -1018 92 90 234075 0 0 0
-2009 -1489 95 87 150159 0 0 0
-1815 -1396 80 92 349024 0 0 0
-1806 -1555 60 80 118336 0 0 0
-1829 -1544 62 80 325030 0 0 0
-1756 -2130 81 81 384006 0 0 0
-1143 -2309 68 96 593844 0 0 0
-857 -1977 88 93 701650 0 0 0
-1048 -1877 66 86 280638 0 0 0
-570 -1973 105 50 672484 0 0 0
-380 -2468 101 74 933944 0 0 0
-3 -1981 63 86 186060 0 0 0
-468 -2373 71 66 607792 0 0 0
-989 -1830 76 64 155705 0 0 0
-922 -1281 78 64 629477 0 0 0
-1345 -1025 84 55 822310 0 0 0
-1126 -581 58 61 803306 0 0 0
-1435 -557 107 90 746441 0 0 0
-1440 2 94 49 450966 0 0 0
-1235 -188 96 86 715586 0 0 0
-1585 -555 75 51 250585 0 0 0
-1836 -518 94 90 221253 0 0 0
-2203 -499 100 79 236179 0 0 0
-2067 -23 98 93 629818 0 0 0
-2403 -122 109 95 814921 0 0 0
-2771 -335 74 77 868423 0 0 0
-3319 -826 72 68 531163 0 0 0
-3585 -820 110 78 945775 0 0 0
-3156 -336 78 68 638761 0 0 0
-3108 55 94 95 427108 0 0 0
-2735 -363 89 54 596900 0 0 0
-2619 -869 100 51 488078 0 0 0
-2457 -1222 60 89 677886 0 0 0
-2818 -965 93 74 494414 0 0 0
-2237 -1452 91 77 974194 0 0 0
-2698 -1726 70 97 235436 0 0 0
-3048 -2225 64 73 639976 0 0 0
-3058 -2112 93 51 806810 0 0 0
-2532 -2632 58 80 544693 0 0 0
-2231 -3019 104 66 533572 0 0 0
-1991 -2720 87 85 871184 0 0 0
-2392 -3089 63 87 645578 0 0 0
-2733 -3025 88 83 270561 0 0 0
-2607 -3180 75 94 788470 0 0 0
-2100 -3764 106 75 193309 0 0 0
-2239 -3197 67 97 317640 0 0 0
-1621 -3434 62 59 182564 0 0 0
-1082 -3805 70 94 140942 0 0 0
-966 -3518 112 56 600737 0 0 0
-1117 -3861 70 73 556082 0 0 0
-1253 -3923 100 70 254831 0 0 0
-1137 -4058 88 59 679389 0 0 0
-639 -3958 73 56 406730 0 0 0
-479 -4398 79 92 345703 0 0 0
22 -4972 84 97 256616 0 0 0
-441 -4502 64 95 202226 0 0 0
-771 -4621 77 60 756328 0 0 0
-289 -4998 108 82 507915 0 0 0
157 -4424 106 76 356823 0 0 0
1826 2473 66 85 518333 0 0 0
1722 3017 72 84 810922 0 0 0
1264 3405 76 63 981337 0 0 0
1208 3957 63 63 283295 0 0 0
1403 3703 109 51 528070 0 0 0
1933 3735 64 92 206318 0 0 0
1712 4045 58 60 942060 0 0 0
2101 3882 73 57 806884 0 0 0
1534 3445 72 67 266074 0 0 0
1876 2931 84 85 114896 0 0 0
1690 3266 78 76 333633 0 0 0
2080 2670 111 73 984003 0 0 0
1603 2727 95 94 167805 0 0 0
1862 2220 86 49 580833 0 0 0
1927 2168 105 68 371971 0 0 0
1734 2689 93 75 263607 0 0 0
1631 2109 107 51 443589 0 0 0
1788 1965 75 95 813789 0 0 0
1577 1926 57 80 935329 0 0 0
2179 2462 101 73 271532 0 0 0
1888 2505 68 98 430261 0 0 0
2121 3117 94 79 116155 0 0 0
2668 3255 103 58 563005 0 0 0
2792 3836 107 69 248737 0 0 0
2671 3839 68 59 873153 0 0 0
2781 4458 112 60 941328 0 0 0
3032 4052 80 57 800428 0 0 0
2981 3765 88 95 110783 0 0 0
3157 4197 109 67 701828 0 0 0
3047 4133 79 58 129417 0 0 0
2425 3685 81 53 938089 0 0 0
1876 4028 70 49 234633 0 0 0
2035 3664 90 85 321552 0 0 0
2470 3961 91 95 174864 0 0 0
2615 4285 66 87 374786 0 0 0
3143 4041 103 50 258661 0 0 0
2935 3803 87 78 472819 0 0 0
2593 3817 78 85 733098 0 0 0
2767 3482 88 88 520503 0 0 0
2696 3206 66 55 344708 0 0 0
3042 3306 80 66 147898 0 0 0
1942 1041 106 92 910483 0 0 0
1595 1033 65 90 346271 0 0 0
1397 1144 61 53 755342 0 0 0
1760 1301 83 96 169289 0 0 0
2381 947 78 73 886505 0 0 0
2819 391 62 90 812819 0 0 0
2824 725 67 94 544408 0 0 0
2237 733 104 73 590138 0 0 0
2327 1191 58 82 966391 0 0 0
2179 1178 81 52 811402 0 0 0
1773 738 104 90 921596 0 0 0
2075 407 94 88 650675 0 0 0
2539 361 96 64 105574 0 0 0
2353 741 57 60 567235 0 0 0
2419 131 105 55 794685 0 0 0
2793 -12 59 91 804133 0 0 0
2457 262 94 82 669655 0 0 0
1861 820 76 90 600631 0 0 0
1330 1223 58 54 568237 0 0 0
769 1033 84 74 940242 0 0 0
907 1044 62 98 895202 0 0 0
1348 1422 64 69 237598 0 0 0
1496 1033 81 71 401862 0 0 0
1316 580 103 81 837047 0 0 0
1895 1097 95 93 116148 0 0 0
2375 932 68 74 943313 0 0 0
2989 919 103 66 815719 0 0 0
3318 458 88 84 788835 0 0 0
3128 937 86 75 839574 0 0 0
3092 691 112 94 244789 0 0 0
2504 364 58 54 684204 0 0 0
2361 967 64 59 599863 0 0 0
2316 898 78 59 170892 0 0 0
2694 1295 111 90 732038 0 0 0
3079 1577 102 65 660966 0 0 0
3070 1448 81 84 924913 0 0 0
2703 1647 110 87 458038 0 0 0
2619 2211 70 87 728178 0 0 0
3070 2791 97 75 553531 0 0 0
2798 3388 57 96 346035 0 0 0
2584 3696 101 71 233372 0 0 0
2521 3507 83 87 135030 0 0 0
2977 3167 71 54 412026 0 0 0
2928 2909 75 53 225443 0 0 0
2940 3078 58 95 820185 0 0 0
2819 3551 90 92 218812 0 0 0
2218 3189 91 88 922567 0 0 0
935 -771 65 52 221786 0 0 0
845 -970 106 69 105393 0 0 0
943 -1283 58 68 464196 0 0 0
1340 -1656 65 92 262655 0 0 0
1518 -1348 104 59 146238 0 0 0
2136 -1948 72 94 880916 0 0 0
2684 -2122 98 76 962741 0 0 0
2420 -2401 85 80 613464 0 0 0
2520 -2214 91 89 510504 0 0 0
2568 -1657 111 93 568827 0 0 0
2883 -1572 72 59 236544 0 0 0
2474 -1352 61 75 898278 0 0 0
2337 -1841 75 78 585649 0 0 0
2945 -2315 104 87 444562 0 0 0
2831 -1927 111 68 346461 0 0 0
2343 -1728 106 80 121233 0 0 0
1777 -1365 98 85 926704 0 0 0
1216 -1006 69 95 467219 0 0 0
640 -1079 100 99 473308 0 0 0
1254 -759 98 88 633615 0 0 0
871 -768 91 90 951043 0 0 0
1071 -756 104 56 419475 0 0 0
1677 -1280 107 72 412581 0 0 0
2127 -1605 74 64 213393 0 0 0
2047 -1797 90 56 101202 0 0 0
1916 -1560 69 51 354307 0 0 0
1663 -1807 82 97 732935 0 0 0
1301 -1996 104 53 276268 0 0 0
1381 -2051 60 55 572929 0 0 0
1577 -1854 72 50 225156 0 0 0
1190 -2433 82 67 360174 0 0 0
656 -1844 111 96 192206 0 0 0
1100 2026 90 98 305008 0 0 0
1715 2612 103 55 753484 0 0 0
1434 2593 60 55 366153 0 0 0
1310 2687 67 98 969921 0 0 0
1880 2079 69 71 211262 0 0 0
2497 2447 95 52 977009 0 0 0
2157 2180 109 80 753724 0 0 0
2130 2115 58 70 589504 0 0 0
2408 2587 82 57 361729 0 0 0
2708 2289 84 60 215293 0 0 0
2354 2222 106 75 956238 0 0 0
2167 2578 109 75 762987 0 0 0
1934 3202 89 71 716793 0 0 0
1927 2869 78 75 710975 0 0 0
2086 2612 108 96 661785 0 0 0
2122 2346 109 55 423076 0 0 0
2024 2366 72 79 640000 0 0 0
1665 2194 82 77 241661 0 0 0
1901 2439 85 74 530991 0 0 0
1492 2648 93 95 958111 0 0 0
1934 2886 68 66 138745 0 0 0
2229 3063 59 49 386326 0 0 0
1859 3460 98 68 600378 0 0 0
1595 3686 111 94 641009 0 0 0
1298 3632 95 92 960763 0 0 0
1264 3293 85 69 716591 0 0 0
1618 3479 82 73 884402 0 0 0
1886 3456 100 90 120026 0 0 0
1648 3201 92 86 993438 0 0 0
1025 3533 60 91 193268 0 0 0
885 3472 103 81 697509 0 0 0
424 3039 73 70 219611 0 0 0
1030 2537 86 59 373307 0 0 0
1299 2511 90 71 890056 0 0 0
1592 2084 91 53 417434 0 0 0
1814 2522 108 74 169842 0 0 0
-973 608 112 66 516236 0 0 0
-1379 391 62 74 188823 0 0 0
-1808 767 68 75 328421 0 0 0
-1883 393 78 75 423086 0 0 0
-2397 898 71 90 892003 0 0 0
-2798 1410 62 96 807928 0 0 0
-2374 1821 66 59 905968 0 0 0
-2480 1920 103 64 872683 0 0 0
-2598 2403 56 62 355761 0 0 0
-2605 2459 95 67 126844 0 0 0
-2124 2118 79 91 771529 0 0 0
-2374 1813 92 49 461274 0 0 0
-2682 1839 79 57 663747 0 0 0
-2134 1570 69 79 327024 0 0 0
-2302 1374 76 53 341387 0 0 0
-2766 1739 59 80 427234 0 0 0
-2527 1257 112 93 618194 0 0 0
-2409 1387 87 84 385367 0 0 0
-2470 1206 56 57 581338 0 0 0
-2157 860 101 52 468634 0 0 0
-2025 926 86 56 248902 0 0 0
-1771 1108 97 67 154327 0 0 0
-1859 1050 83 77 349812 0 0 0
-1308 1543 62 93 473506 0 0 0
-1795 1737 100 84 324232 0 0 0
-2225 2043 80 63 326221 0 0 0
-2014 1766 100 70 564236 0 0 0
-1449 1997 69 92 108478 0 0 0
-1839 2244 103 95 168088 0 0 0
-2019 1888 86 69 796255 0 0 0
-2256 2207 106 98 327476 0 0 0
-1892 1947 82 49 752164 0 0 0
-2286 1340 83 71 228665 0 0 0
-2294 1813 112 56 982723 0 0 0
-1736 1656 110 99 956919 0 0 0
-1186 1398 100 72 603192 0 0 0
-1296 1697 102 91 684499 0 0 0
-1140 1084 69 66 532116 0 0 0
-987 1103 76 77 352803 0 0 0
-479 753 74 84 160001 0 0 0
-503 1330 58 58 816072 0 0 0
-7 1277 88 91 132746 0 0 0
338 1790 111 65 150424 0 0 0
-1476 -1721 101 49 728518 0 0 0
-1719 -1871 109 79 287645 0 0 0
-2029 -1676 94 70 434127 0 0 0
-2302 -1358 100 99 647490 0 0 0
-2661 -1200 66 94 794589 0 0 0
-2113 -1726 92 81 900436 0 0 0
-2500 -1458 97 55 814815 0 0 0
-2980 -1883 105 95 596350 0 0 0
-3251 -1571 76 82 628655 0 0 0
-3696 -1866 75 66 613495 0 0 0
-3871 -2328 64 91 807679 0 0 0
-4240 -1914 99 67 783979 0 0 0
-3626 -1648 83 88 130926 0 0 0
-3745 -1590 101 99 796088 0 0 0
-4075 -1793 91 87 944667 0 0 0
-3471 -2237 95 86 676930 0 0 0
-3536 -2418 80 69 283351 0 0 0
-3780 -2133 110 67 130152 0 0 0
-3573 -1553 56 51 800887 0 0 0
-3624 -1902 91 64 782669 0 0 0
-4238 -2379 78 63 239960 0 0 0
-4602 -2583 77 80 375694 0 0 0
1203 743 91 87 511462 0 0 0
1183 464 96 64 335000 0 0 0
850 669 57 61 753526 0 0 0
232 1044 107 84 261462 0 0 0
-302 1400 84 86 579896 0 0 0
-893 1141 102 55 265145 0 0 0
-300 593 76 61 840173 0 0 0
-907 1155 90 91 840468 0 0 0
-1098 1623 111 98 765948 0 0 0
-1137 1323 92 96 222286 0 0 0
-1563 911 73 98 763355 0 0 0
-1687 1193 80 63 357812 0 0 0
-1703 1454 75 94 450321 0 0 0
-2196 1318 71 92 878053 0 0 0
-2068 1825 93 71 694305 0 0 0
-2248 1559 60 90 615356 0 0 0
-1824 1464 77 55 444972 0 0 0
-1542 1172 92 89 770259 0 0 0
-923 1638 100 61 835246 0 0 0
-318 2176 112 49 526705 0 0 0
275 1798 57 94 744177 0 0 0
399 1620 72 65 722615 0 0 0
926 2169 103 84 199121 0 0 0
1548 2571 98 92 721464 0 0 0
1947 -2439 79 87 774016 0 0 0
2142 -2133 59 98 910473 0 0 0
2657 -1779 108 61 653023 0 0 0
2438 -1346 57 52 479847 0 0 0
2675 -1620 88 54 157981 0 0 0
2852 -1008 69 54 764576 0 0 0
2867 -865 59 62 231444 0 0 0
3177 -1442 104 93 544803 0 0 0
2689 -905 74 95 741912 0 0 0
2717 -814 85 68 135910 0 0 0
2142 -1046 92 79 568117 0 0 0
2753 -962 101 96 469253 0 0 0
2653 -1580 80 70 824176 0 0 0
2859 -1037 64 86 824140 0 0 0
3065 -485 103 79 966897 0 0 0
2824 -37 92 82 103030 0 0 0
2482 -550 95 75 392554 0 0 0
2742 -935 61 97 557150 0 0 0
2238 -1395 68 49 154061 0 0 0
1693 -1606 77 71 483398 0 0 0
2189 -2115 71 80 521535 0 0 0
2650 -1703 62 66 698095 0 0 0
2310 -1644 96 90 824569 0 0 0
2905 -2236 74 95 320613 0 0 0
2431 -2083 76 55 387024 0 0 0
2446 -2044 58 49 404507 0 0 0
2979 -2134 103 72 152970 0 0 0
2646 -2052 82 97 515847 0 0 0
2614 -1963 61 55 304812 0 0 0
3106 -1514 72 74 625811 0 0 0
3152 -1011 97 94 115953 0 0 0
3406 -878 98 50 636389 0 0 0
3050 -1281 108 90 265272 0 0 0
3436 -1694 88 49 849657 0 0 0
3473 -2045 74 81 981538 0 0 0
3055 -2078 90 90 167175 0 0 0
2974 -1652 69 93 930172 0 0 0
3433 -1353 96 73 964106 0 0 0
3125 -1509 99 95 518272 0 0 0
3367 -2034 101 53 800028 0 0 0
3061 -1962 56 49 604086 0 0 0
3486 -2019 67 96 628541 0 0 0
3903 -1893 102 86 946852 0 0 0
3517 -2502 89 60 279460 0 0 0
3354 -2163 106 84 626308 0 0 0
3867 -1657 102 53 234743 0 0 0
3288 -1224 70 71 588141 0 0 0
3557 -1403 101 52 767386 0 0 0
3581 -2006 110 97 205714 0 0 0
3403 -1548 78 70 915144 0 0 0
3461 -1960 100 55 810277 0 0 0
4063 -1962 71 55 120731 0 0 0
4103 -2355 86 67 429063 0 0 0
4372 -1923 77 86 575103 0 0 0
4806 -1490 81 94 333117 0 0 0
4839 -1679 73 85 756054 0 0 0
4433 -1439 78 98 981584 0 0 0
4900 -1459 109 93 604036 0 0 0
4602 -1806 67 83 780181 0 0 0
5157 -2039 80 74 179860 0 0 0
5528 -1711 66 70 606152 0 0 0
5717 -1141 106 99 221269 0 0 0
6165 -831 82 86 320048 0 0 0
6134 -1276 81 73 420559 0 0 0
6366 -857 73 99 765579 0 0 0
6517 -251 74 60 641244 0 0 0
6155 -580 101 65 733233 0 0 0
6030 -235 86 94 717738 0 0 0
5884 -713 79 98 660387 0 0 0
5605 -266 57 70 334209 0 0 0
6112 161 68 80 172440 0 0 0
5948 537 75 49 160425 0 0 0
5529 448 99 98 365304 0 0 0
5654 -159 109 86 219575 0 0 0
5140 -736 106 65 620861 0 0 0
5238 -1165 57 69 844410 0 0 0
5098 -1690 82 53 605035 0 0 0
4474 -1249 93 54 506621 0 0 0
4438 -791 103 67 363451 0 0 0
5009 -535 106 85 395638 0 0 0
5250 -634 71 73 567202 0 0 0
5871 -684 78 60 157234 0 0 0
5309 -1279 88 92 587868 0 0 0
5784 -937 74 49 706519 0 0 0
6077 -639 94 80 527872 0 0 0
5646 -53 73 71 485386 0 0 0
5996 77 83 67 999143 0 0 0
5715 -60 104 96 818679 0 0 0
5512 -57 66 93 819666 0 0 0
5315 -545 93 76 599533 0 0 0
5587 -1127 90 53 997342 0 0 0
5368 -1046 68 59 830537 0 0 0
4757 -1401 82 73 393575 0 0 0
4702 -1651 77 64 989892 0 0 0
936 1833 85 67 519115 0 0 0
1307 2239 81 54 650130 0 0 0
1837 2104 64 89 342635 0 0 0
1643 1638 69 74 593557 0 0 0
1353 1552 105 77 288052 0 0 0
752 1617 83 57 854841 0 0 0
1030 1254 107 94 922976 0 0 0
1267 1374 110 64 532418 0 0 0
1090 1549 87 69 519291 0 0 0
747 978 80 99 403566 0 0 0
1017 1042 112 93 415893 0 0 0
975 1548 87 49 339750 0 0 0
749 1507 110 50 885344 0 0 0
842 998 70 90 558593 0 0 0
1117 1538 96 53 789344 0 0 0
1651 1284 85 58 706943 0 0 0
1061 805 96 50 635396 0 0 0
960 743 103 97 207008 0 0 0
394 1059 93 76 294724 0 0 0
1016 1369 69 72 827848 0 0 0
425 1773 109 99 981414 0 0 0
281 2221 91 96 723572 0 0 0
173 2133 62 87 571514 0 0 0
592 2100 56 72 730610 0 0 0
1120 1833 104 60 280871 0 0 0
1399 1619 65 62 852691 0 0 0
1253 2244 109 52 696302 0 0 0
1843 2404 94 92 812128 0 0 0
2320 2968 74 59 612479 0 0 0
2234 3019 81 93 428292 0 0 0
2697 3593 110 89 853790 0 0 0
2199 3645 95 94 431518 0 0 0
2639 3916 99 68 865446 0 0 0
2020 3935 107 75 972678 0 0 0
2081 3926 99 75 646821 0 0 0
1518 3428 92 56 510144 0 0 0
2074 3420 80 76 901808 0 0 0
2661 2888 72 65 158031 0 0 0
3062 2342 69 69 770984 0 0 0
3282 2721 84 82 893392 0 0 0
3138 3197 73 55 174010 0 0 0
3021 3053 58 51 989080 0 0 0
2742 3267 84 74 583676 0 0 0
3219 3595 99 62 698990 0 0 0
3468 3103 101 83 880536 0 0 0
3416 3528 77 63 624131 0 0 0
3781 3690 79 90 471209 0 0 0
3923 3276 78 99 271675 0 0 0
4077 3228 90 92 982574 0 0 0
3776 2702 69 67 359857 0 0 0
3403 3302 70 60 375174 0 0 0
3425 3262 90 62 956223 0 0 0
3059 3614 102 81 807357 0 0 0
2680 3197 106 85 916942 0 0 0
2484 3472 109 70 269135 0 0 0
2508 2919 93 89 404396 0 0 0
2252 2487 83 67 851505 0 0 0
1740 3058 82 84 267321 0 0 0
1984 3076 106 67 688565 0 0 0
2258 3312 67 69 783808 0 0 0
2565 3639 68 89 511321 0 0 0
2685 3601 80 87 741179 0 0 0
2320 3540 80 54 287334 0 0 0
2243 3493 62 68 788724 0 0 0
2371 3104 88 51 575243 0 0 0
1867 3206 78 92 520950 0 0 0
1506 3684 63 76 454148 0 0 0
2052 3750 93 53 814985 0 0 0
1929 3417 96 62 260690 0 0 0
1735 2982 76 49 551163 0 0 0
1908 3095 77 86 999775 0 0 0
1463 3464 59 60 713475 0 0 0
1164 2949 81 55 448536 0 0 0
1300 2601 76 97 143336 0 0 0
821 3181 90 62 198665 0 0 0
630 2592 96 76 811275 0 0 0
819 2128 102 76 511148 0 0 0
281 1589 97 52 267058 0 0 0
171 2047 59 60 736744 0 0 0
648 2347 68 51 866906 0 0 0
124 2768 75 91 890066 0 0 0
633 3103 93 81 482618 0 0 0
527 3328 108 53 103971 0 0 0
777 3247 112 66 199334 0 0 0
613 3763 101 81 535838 0 0 0
925 4079 60 57 251916 0 0 0
419 4383 111 96 385775 0 0 0
291 4252 94 63 227704 0 0 0
756 4617 79 64 241645 0 0 0
733 5112 93 69 797671 0 0 0
1184 5478 60 56 900575 0 0 0
1435 6100 84 55 175235 0 0 0
1256 5620 102 53 363376 0 0 0
-1911 725 96 77 966228 0 0 0
-2249 448 95 63 439998 0 0 0
-2360 687 102 83 654097 0 0 0
-2039 561 64 84 536981 0 0 0
-2184 995 98 94 239947 0 0 0
-2563 830 71 79 183887 0 0 0
-2143 784 82 76 363391 0 0 0
-2140 1139 56 96 715688 0 0 0
-1705 1642 68 88 466957 0 0 0
-2048 1458 71 86 171372 0 0 0
-2022 1427 95 56 669771 0 0 0
-1674 1498 56 50 612341 0 0 0
-1276 1043 76 52 537838 0 0 0
-1324 856 75 98 709253 0 0 0
-1146 232 78 58 766509 0 0 0
-1041 20 102 74 298538 0 0 0
-1664 251 98 84 875503 0 0 0
-1995 420 112 97 915398 0 0 0
-2519 130 112 90 903787 0 0 0
-2250 -68 92 70 619151 0 0 0
-2624 9 97 52 850267 0 0 0
-2402 276 105 71 523946 0 0 0
-1809 106 97 70 261253 0 0 0
-2300 422 110 70 522952 0 0 0
-2177 849 66 63 612423 0 0 0
-2746 665 70 79 347274 0 0 0
-3162 1286 95 74 466440 0 0 0
-3401 1413 67 82 356028 0 0 0
-3362 1043 78 61 989589 0 0 0
-3027 937 112 80 972997 0 0 0
-2461 487 76 69 412939 0 0 0
-2295 45 85 77 189247 0 0 0
-1710 -393 70 85 215745 0 0 0
-1419 -1014 103 83 139256 0 0 0
-1248 -1068 105 92 195321 0 0 0
-1278 -1181 90 67 522731 0 0 0
-1082 -659 86 58 998836 0 0 0
-1255 -526 75 93 888948 0 0 0
-1446 -828 68 74 662107 0 0 0
-838 -679 69 72 683887 0 0 0
-687 -920 80 65 709619 0 0 0
-114 -313 91 83 327227 0 0 0
-200 -676 62 66 710522 0 0 0
235 -1123 71 94 648163 0 0 0
-220 -1093 94 64 680655 0 0 0
-413 -1069 72 86 116216 0 0 0
159 -883 101 58 955781 0 0 0
-83 -860 67 97 646376 0 0 0
530 -1146 104 82 765031 0 0 0
523 -1764 58 52 726481 0 0 0
1074 -1251 103 86 483335 0 0 0
1165 -1612 91 75 825477 0 0 0
1365 -2172 98 54 724328 0 0 0
1128 -2356 74 56 642438 0 0 0
542 -2575 99 71 299201 0 0 0
394 -3036 100 90 121312 0 0 0
614 -3470 57 67 398710 0 0 0
910 -2960 68 79 250059 0 0 0
543 -2573 89 55 908722 0 0 0
133 -3049 98 68 430516 0 0 0
304 -2599 72 90 272330 0 0 0
-484 1726 60 90 474045 0 0 0
-569 2262 106 87 284176 0 0 0
-468 2718 85 63 373175 0 0 0
42 2749 62 73 203275 0 0 0
743 -183 94 72 110309 0 0 0
829 422 108 88 466399 0 0 0
482 -132 80 87 962105 0 0 0
777 406 88 94 130774 0 0 0
923 -95 99 67 528092 0 0 0
529 40 73 93 285526 0 0 0
1087 501 58 86 909964 0 0 0
1583 1050 96 49 542108 0 0 0
2172 1408 93 69 651349 0 0 0
2579 926 95 95 462952 0 0 0
2362 1202 106 52 172661 0 0 0
2788 865 93 55 553329 0 0 0
2176 1007 75 66 344838 0 0 0
2377 447 87 67 929570 0 0 0
2986 920 104 66 480022 0 0 0
2908 546 72 55 333001 0 0 0
2352 1080 76 57 316467 0 0 0
2962 736 69 56 510866 0 0 0
2524 306 88 66 470881 0 0 0
2526 351 100 86 355641 0 0 0
2097 915 67 98 188725 0 0 0
2209 598 75 70 892313 0 0 0
1880 1034 58 56 626969 0 0 0
2461 1357 57 96 364052 0 0 0
2120 1635 74 95 823355 0 0 0
2268 1875 66 62 222239 0 0 0
2680 1732 89 93 294056 0 0 0
2479 1849 108 94 661555 0 0 0
2187 1468 93 61 573619 0 0 0
1696 1210 93 97 289381 0 0 0
1681 985 110 66 410413 0 0 0
1976 1180 101 99 231477 0 0 0
2508 1227 57 54 257931 0 0 0
2450 1178 70 67 835542 0 0 0
1915 1282 91 66 672467 0 0 0
2202 829 92 67 766816 0 0 0
1881 673 107 86 780593 0 0 0
1274 565 89 91 994483 0 0 0
1655 575 95 55 756321 0 0 0
1257 430 63 58 824892 0 0 0
1424 46 66 78 293563 0 0 0
852 -503 72 56 966216 0 0 0
562 -342 82 77 828426 0 0 0
61 -647 105 91 438730 0 0 0
373 -616 77 72 915755 0 0 0
-87 -430 91 68 727026 0 0 0
440 -619 104 99 912382 0 0 0
881 -899 69 87 542441 0 0 0
957 -343 83 70 929855 0 0 0
814 -453 96 90 224926 0 0 0
1056 168 77 71 505393 0 0 0
589 -328 68 65 431066 0 0 0
493 -557 87 63 980934 0 0 0
870 -759 90 71 942948 0 0 0
1186 -189 69 92 572674 0 0 0
1647 -629 65 73 183312 0 0 0
1156 -108 97 79 652564 0 0 0
1244 -405 112 93 943249 0 0 0
1524 -949 59 53 997292 0 0 0
952 -1031 107 69 858743 0 0 0
520 -1216 110 95 892052 0 0 0
347 -744 111 57 613313 0 0 0
494 -1088 69 51 125121 0 0 0
322 -1287 81 54 629128 0 0 0
-1029 1435 88 88 560803 0 0 0
-592 1362 89 49 517545 0 0 0
31 1579 71 76 650101 0 0 0
266 2092 83 99 959884 0 0 0
153 1543 63 79 717207 0 0 0
-408 926 99 85 303345 0 0 0
-722 402 100 91 823894 0 0 0
-579 412 104 92 202504 0 0 0
-1128 130 73 82 618319 0 0 0
-1689 148 57 95 456284 0 0 0
-2003 -18 65 92 934508 0 0 0
-2530 -354 68 54 590104 0 0 0
-2434 216 79 64 531322 0 0 0
-2870 229 66 70 679049 0 0 0
-2993 37 59 84 452016 0 0 0
-2445 -322 108 80 740677 0 0 0
-2332 -74 76 74 850088 0 0 0
-2721 -145 100 97 898397 0 0 0
-2911 -659 82 55 235319 0 0 0
-2566 -727 69 95 617693 0 0 0
-2890 -1090 62 88 305866 0 0 0
-2867 -532 76 75 830844 0 0 0
-2685 -308 102 79 198225 0 0 0
-2210 46 59 84 789309 0 0 0
-1935 618 102 86 124073 0 0 0
-1589 1022 108 69 360293 0 0 0
-2039 1091 90 79 982680 0 0 0
-1526 748 79 87 613077 0 0 0
-1655 169 60 83 603929 0 0 0
-1618 310 70 84 375588 0 0 0
-1758 -133 91 73 460623 0 0 0
-1952 -381 72 82 797565 0 0 0
-1498 -685 107 83 557145 0 0 0
-2061 -1185 76 85 377040 0 0 0
-2340 -847 74 82 365354 0 0 0
-2265 -1249 73 93 563927 0 0 0
-2869 -1619 86 62 723683 0 0 0
-2920 -1213 82 98 437164 0 0 0
-2614 -1650 62 65 415894 0 0 0
-2160 -1604 91 89 381139 0 0 0
-2074 -2148 93 90 330717 0 0 0
-2673 -1823 73 71 718988 0 0 0
-3282 -1792 57 70 271088 0 0 0
-3770 -2393 110 94 174099 0 0 0
-3424 -2397 70 98 173299 0 0 0
-3493 -1854 75 56 646118 0 0 0
-3766 -1436 85 76 287570 0 0 0
-3288 -1725 93 80 547144 0 0 0
-3060 -1821 73 79 175667 0 0 0
949 -1790 89 95 752655 0 0 0
1240 -1941 95 89 824525 0 0 0
1445 -2504 112 51 558735 0 0 0
914 -2653 103 54 473600 0 0 0
635 -2518 71 59 448473 0 0 0
27 -2967 82 72 904811 0 0 0
-120 -2976 108 56 851496 0 0 0
-744 -2920 94 53 238813 0 0 0
-1322 -3468 84 69 902044 0 0 0
-1007 -3972 90 91 430412 0 0 0
-1153 -4232 71 58 233325 0 0 0
-1261 -3837 106 56 219636 0 0 0
-1404 -3875 63 54 464830 0 0 0
-1907 -3573 89 94 658575 0 0 0
-1302 -3131 69 56 663000 0 0 0
-1900 -3302 87 92 843804 0 0 0
-2377 -2756 71 58 825360 0 0 0
-2592 -2321 108 75 512599 0 0 0
-2155 -2928 89 74 970181 0 0 0
-2103 -2903 70 54 931619 0 0 0
-1842 -2840 95 81 272048 0 0 0
-1538 -2887 65 93 648450 0 0 0
-1176 -2801 56 79 787849 0 0 0
-1075 -2816 87 89 770410 0 0 0
-1078 -2631 96 68 456736 0 0 0
-497 -2211 109 86 118291 0 0 0
-792 -2684 108 61 369421 0 0 0
-865 -2590 87 78 866571 0 0 0
-965 -2021 71 66 818297 0 0 0
-560 -1726 98 98 272852 0 0 0
-773 -1350 66 64 134092 0 0 0
-1302 -926 102 97 480955 0 0 0
-1278 -1548 102 75 306227 0 0 0
-1284 -2168 76 52 441827 0 0 0
-998 -1924 88 55 639452 0 0 0
-1326 -1692 67 89 111296 0 0 0
-1021 -2300 105 95 377309 0 0 0
-874 -2311 111 63 762568 0 0 0
-972 -2920 95 65 678439 0 0 0
-1193 -3305 67 81 457295 0 0 0
-1160 -3657 78 67 115703 0 0 0
-1603 -3708 60 50 484642 0 0 0
-978 -3649 63 61 840068 0 0 0
-752 -3389 89 69 859128 0 0 0
-266 -3248 101 96 355496 0 0 0
-80 -2848 80 76 714674 0 0 0
14 -3352 69 56 766366 0 0 0
-90 -3691 85 73 464139 0 0 0
-366 -4298 73 66 723351 0 0 0
-409 -4473 75 82 547388 0 0 0
86 -4108 112 63 981192 0 0 0
-286 -4175 93 79 433790 0 0 0
-91 -4107 100 80 632394 0 0 0
-15 -4471 71 75 716578 0 0 0
413 -4226 57 63 362742 0 0 0
904 -4809 58 91 711576 0 0 0
1459 -5214 88 86 504768 0 0 0
1070 -5442 60 86 803485 0 0 0
1288 -5222 58 96 322594 0 0 0
-151 -1640 80 77 928389 0 0 0
255 -2255 98 71 262616 0 0 0
459 -2277 104 79 861300 0 0 0
593 -1913 97 78 766827 0 0 0
554 -1679 72 69 980737 0 0 0
838 -1157 91 66 961965 0 0 0
1097 -758 95 89 770607 0 0 0
883 -1094 112 66 941749 0 0 0
335 -1562 58 50 355152 0 0 0
-140 -1425 58 59 274451 0 0 0
-557 -1790 85 97 111400 0 0 0
-371 -1953 58 70 878430 0 0 0
-919 -2517 64 57 531342 0 0 0
-917 -2934 67 70 384300 0 0 0
-1308 -2797 88 93 553587 0 0 0
-1443 -2262 84 53 494694 0 0 0
-969 -2644 69 95 958863 0 0 0
-972 -3011 95 60 246379 0 0 0
-908 -2620 62 72 737912 0 0 0
-1106 -2202 57 85 317368 0 0 0
-1537 -2556 71 65 999429 0 0 0
-1313 -2749 76 93 704510 0 0 0
-1866 -2447 106 87 994069 0 0 0
-2058 -1852 65 86 113771 0 0 0
1145 -2453 93 66 710449 0 0 0
887 -2533 61 78 828754 0 0 0
670 -2269 67 61 747681 0 0 0
1223 -2858 88 97 146782 0 0 0
1521 -2563 80 82 571777 0 0 0
1852 -2023 88 65 746568 0 0 0
1405 -2550 95 72 887473 0 0 0
1797 -2399 89 85 314406 0 0 0
1854 -2336 58 91 316650 0 0 0
1552 -1900 95 53 491457 0 0 0
1269 -2197 76 57 893333 0 0 0
1296 -1853 87 51 605222 0 0 0
1514 -1651 109 94 456713 0 0 0
2017 -2071 84 50 116955 0 0 0
1830 -1581 62 79 151884 0 0 0
2110 -1912 90 87 215403 0 0 0
2665 -2314 88 85 311601 0 0 0
2223 -2597 110 54 248179 0 0 0
2814 -2876 81 62 865097 0 0 0
2288 -3379 70 99 792439 0 0 0
2027 -2949 90 55 856524 0 0 0
2130 -3178 96 96 770571 0 0 0
2539 -3588 82 60 387397 0 0 0
2550 -3773 92 84 857028 0 0 0
2591 -3268 97 85 103442 0 0 0
2558 -3753 81 76 774517 0 0 0
3012 -3264 59 89 709538 0 0 0
3266 -3198 80 67 169347 0 0 0
3663 -3803 102 63 532879 0 0 0
3978 -3930 97 50 777860 0 0 0
4593 -3475 85 79 158666 0 0 0
4872 -3679 86 93 226846 0 0 0
4346 -4192 104 75 938783 0 0 0
3966 -4245 112 51 302236 0 0 0
4340 -4081 73 80 535788 0 0 0
4354 -4447 103 97 950805 0 0 0
4190 -4632 79 77 836201 0 0 0
4534 -5010 84 56 746114 0 0 0
4014 -4634 77 60 318358 0 0 0
4501 -4752 77 52 883955 0 0 0
4846 -4277 93 94 244847 0 0 0
-1882 1756 111 75 212149 0 0 0
-2148 1185 79 92 330992 0 0 0
-1581 1290 109 56 294259 0 0 0
-2142 1617 75 60 879492 0 0 0
-1672 1672 96 74 240937 0 0 0
-2027 1996 100 85 421470 0 0 0
-2170 2305 97 60 968129 0 0 0
-1690 2043 93 83 335613 0 0 0
-2054 2010 82 50 119637 0 0 0
-2552 1763 65 74 850006 0 0 0
-2231 2023 104 67 299424 0 0 0
-2388 1632 67 62 830502 0 0 0
-1851 1721 112 71 403156 0 0 0
-2144 2284 58 63 279560 0 0 0
-2436 2175 85 99 568710 0 0 0
-2454 2637 110 92 466702 0 0 0
-2980 2538 83 59 788837 0 0 0
-3098 2014 104 97 526676 0 0 0
-3525 2151 75 56 692692 0 0 0
-3946 2139 71 50 774574 0 0 0
-3649 1672 69 59 935163 0 0 0
-4051 1578 75 63 535900 0 0 0
-3533 1570 111 99 606665 0 0 0
-3193 1635 93 80 956652 0 0 0
-3462 1490 102 49 882592 0 0 0
-3541 1891 108 60 584952 0 0 0
-3456 2024 86 88 247632 0 0 0
-3504 1448 89 80 575303 0 0 0
-3083 1085 74 85 529716 0 0 0
-3682 585 66 70 454770 0 0 0
-4095 46 57 63 170433 0 0 0
-4022 606 84 49 345864 0 0 0
-4449 361 72 49 634967 0 0 0
-4763 -120 67 94 326588 0 0 0
-4280 -703 91 73 605692 0 0 0
-3889 -224 105 58 680383 0 0 0
-4060 349 69 87 420851 0 0 0
-3794 857 79 83 819938 0 0 0
-3653 1145 100 86 159090 0 0 0
-4212 650 84 53 310242 0 0 0
-4278 733 91 83 512966 0 0 0
-3926 727 101 77 520770 0 0 0
-4441 1245 72 65 811238 0 0 0
-4649 1270 63 51 253180 0 0 0
-5174 1613 57 75 468689 0 0 0
-5308 1089 59 63 274204 0 0 0
-4822 1395 106 73 787755 0 0 0
-5184 1913 78 72 536102 0 0 0
-5305 1587 68 60 201418 0 0 0
-5339 1521 111 89 148909 0 0 0
-5764 2015 62 89 623970 0 0 0
-6354 2126 102 65 583924 0 0 0
-6918 2218 67 66 563958 0 0 0
-7521 1757 84 95 202567 0 0 0
-7973 1647 63 98 822017 0 0 0
-7891 1837 81 77 231764 0 0 0
-7844 1989 66 77 909748 0 0 0
-8365 1789 73 94 430846 0 0 0
-8081 1669 108 52 725907 0 0 0
-8086 1530 74 60 966212 0 0 0
-8373 1057 65 85 551360 0 0 0
-7805 1649 57 79 432688 0 0 0
-8042 1327 86 75 691866 0 0 0
-7609 1157 98 78 288347 0 0 0
-7224 891 57 81 212658 0 0 0
-6604 907 61 91 780893 0 0 0
-7204 759 110 69 221835 0 0 0
-7548 496 104 95 697635 0 0 0
-6985 1040 82 53 773976 0 0 0
-7300 722 56 72 298017 0 0 0
-7644 393 83 93 624092 0 0 0
-7108 -68 97 63 401241 0 0 0
-6753 -665 106 53 401868 0 0 0
-38 -428 64 52 469892 0 0 0
201 -105 62 83 394938 0 0 0
-242 -651 75 97 327149 0 0 0
-615 -182 111 59 194046 0 0 0
-230 -369 65 93 657887 0 0 0
131 -948 88 73 451065 0 0 0
382 -695 102 67 703912 0 0 0
948 -711 66 64 469480 0 0 0
1247 -978 67 99 666165 0 0 0
1554 -1142 60 82 541899 0 0 0
1525 -565 101 78 395209 0 0 0
1074 -550 82 94 920511 0 0 0
516 -551 80 53 872957 0 0 0
1112 -158 70 74 917701 0 0 0
1649 437 104 58 355964 0 0 0
2220 901 80 84 591236 0 0 0
2761 1183 81 71 806908 0 0 0
2849 1012 64 99 905381 0 0 0
3203 1422 104 86 280221 0 0 0
2989 1216 88 55 983117 0 0 0
3192 923 63 60 985182 0 0 0
2622 1046 64 51 796481 0 0 0
2782 616 97 81 175195 0 0 0
3120 43 101 90 255928 0 0 0
3073 -392 109 83 925575 0 0 0
3133 -233 58 80 362638 0 0 0
2721 -390 57 86 653758 0 0 0
3220 -24 69 61 501372 0 0 0
3432 135 75 98 723652 0 0 0
3222 -114 77 90 194052 0 0 0
3643 185 57 72 409050 0 0 0
1479 -2393 72 57 361708 0 0 0
1609 -2787 59 68 400197 0 0 0
1306 -3372 64 71 773003 0 0 0
1624 -3888 71 61 924511 0 0 0
1954 -4082 62 50 994330 0 0 0
1627 -3697 108 72 414245 0 0 0
1526 -3700 98 56 542980 0 0 0
1809 -3158 70 84 122723 0 0 0
1382 -3488 71 75 898880 0 0 0
1142 -3684 102 61 290972 0 0 0
568 -4035 84 76 194776 0 0 0
16 -4065 70 65 611337 0 0 0
-338 -4558 81 83 472314 0 0 0
251 -4169 108 72 649218 0 0 0
203 -4573 106 77 773296 0 0 0
-296 -4822 109 72 923968 0 0 0
-405 -4468 93 82 767052 0 0 0
209 -4542 100 66 810190 0 0 0
417 -4865 63 56 235613 0 0 0
538 -4812 106 75 836718 0 0 0
191 -4887 97 72 176207 0 0 0
675 -4525 90 62 372657 0 0 0
1027 -5085 82 81 997145 0 0 0
890 -4846 112 58 709065 0 0 0
1234 -5209 56 51 354777 0 0 0
1186 -5201 56 95 430844 0 0 0
1525 -5479 100 76 839911 0 0 0
2070 -5644 99 81 467690 0 0 0
1594 -6228 100 70 652609 0 0 0
1435 -5841 71 85 377237 0 0 0
1460 -5978 98 90 463374 0 0 0
1105 -5573 57 53 294354 0 0 0
741 -5622 102 97 690757 0 0 0
580 -6081 101 72 557882 0 0 0
876 -6180 95 63 693709 0 0 0
1064 -6606 112 83 527918 0 0 0
1223 -6566 72 84 917109 0 0 0
951 -6156 103 57 838790 0 0 0
1304 -5827 87 88 816479 0 0 0
1129 -6417 69 49 412786 0 0 0
646 -6300 58 87 117647 0 0 0
710 -6333 105 54 863574 0 0 0
416 -5753 90 71 362498 0 0 0
695 -5330 76 87 896145 0 0 0
1157 -4793 67 52 700667 0 0 0
1255 -4751 80 86 800005 0 0 0
1413 -4588 94 58 559167 0 0 0
1811 -4623 90 49 130722 0 0 0
1595 -4765 65 72 344069 0 0 0
2037 -4821 87 72 833470 0 0 0
1788 -5367 77 83 614545 0 0 0
1421 -5264 73 94 696703 0 0 0
984 -4841 57 55 688933 0 0 0
1415 -4411 65 98 883274 0 0 0
1642 -4854 93 55 516883 0 0 0
-698 -1298 61 69 995397 0 0 0
-975 -971 72 74 859672 0 0 0
-1529 -409 100 63 914046 0 0 0
-1042 -314 66 72 684324 0 0 0
-591 -667 60 64 125229 0 0 0
-339 -948 107 61 106394 0 0 0
-581 -732 66 99 923015 0 0 0
-615 -1125 83 88 604129 0 0 0
-183 -533 87 74 244137 0 0 0
119 -357 106 50 330982 0 0 0
692 26 78 56 353472 0 0 0
375 38 89 88 167054 0 0 0
54 -324 108 78 432694 0 0 0
-331 -308 70 51 656368 0 0 0
-624 -184 71 78 879282 0 0 0
-411 -153 66 99 133099 0 0 0
156 -503 70 52 693916 0 0 0
-90 -115 67 90 684045 0 0 0
-466 457 61 65 789515 0 0 0
-303 321 98 69 793572 0 0 0
-113 222 80 83 758761 0 0 0
-240 -292 80 87 228920 0 0 0
108 211 67 67 938527 0 0 0
138 -386 102 71 193771 0 0 0
215 -17 69 50 797651 0 0 0
345 -104 84 84 367485 0 0 0
759 -565 77 76 861885 0 0 0
356 -463 74 68 649955 0 0 0
445 -281 112 66 200135 0 0 0
957 192 105 69 648564 0 0 0
617 665 67 81 266679 0 0 0
802 1066 96 98 665379 0 0 0
506 1311 78 69 205432 0 0 0
68 1825 75 55 746635 0 0 0
-491 2057 77 62 488840 0 0 0
-561 2256 89 51 949961 0 0 0
-205 1897 94 58 184435 0 0 0
211 1723 111 95 295161 0 0 0
-333 1677 87 58 410881 0 0 0
-316 1761 89 81 114727 0 0 0
-248 1434 87 80 732433 0 0 0
-487 1655 75 64 182290 0 0 0
-825 1305 56 69 491554 0 0 0
-839 1698 88 94 902130 0 0 0
-585 1444 72 60 381143 0 0 0
-544 1430 80 96 451635 0 0 0
15 1659 99 53 280953 0 0 0
-516 1329 86 95 483153 0 0 0
-52 1477 94 89 401599 0 0 0
-528 1740 76 55 756277 0 0 0
-901 1862 88 83 190391 0 0 0
-590 2380 89 72 671086 0 0 0
-563 2853 77 92 346056 0 0 0
-797 2269 61 55 456249 0 0 0
-220 2731 67 78 252510 0 0 0
-442 2839 103 63 196709 0 0 0
81 2491 95 51 139163 0 0 0
-36 2854 111 56 283432 0 0 0
-226 3136 77 96 324261 0 0 0
264 3204 81 58 501905 0 0 0
-114 3233 102 67 731650 0 0 0
397 3306 103 55 673132 0 0 0
-172 3417 78 98 426808 0 0 0
-585 3152 60 70 952785 0 0 0
-723 2551 79 53 452666 0 0 0
-387 2674 89 72 166364 0 0 0
-955 2899 110 56 141070 0 0 0
-921 3328 112 90 796044 0 0 0
-417 3100 94 76 958317 0 0 0
-291 2951 81 63 658906 0 0 0
-279 3530 82 83 797684 0 0 0
67 3778 75 73 912217 0 0 0
97 3548 69 55 409506 0 0 0
-230 3473 58 67 867457 0 0 0
169 3380 80 86 330761 0 0 0
-247 3806 63 59 372053 0 0 0
-411 3837 67 81 778759 0 0 0
-119 3558 97 75 885473 0 0 0
145 3624 76 78 349766 0 0 0
-195 4089 81 96 824193 0 0 0
-768 4318 72 63 683782 0 0 0
-1044 4550 62 83 187540 0 0 0
-1326 4234 86 62 496091 0 0 0
-1501 4314 82 80 220718 0 0 0
-939 4843 83 87 827325 0 0 0
-1061 5231 73 94 788861 0 0 0
-779 5704 90 52 480706 0 0 0
-460 5616 93 63 214318 0 0 0
-950 5422 64 87 661903 0 0 0
-1023 5766 79 77 327562 0 0 0
-1135 5817 86 87 733309 0 0 0
-1460 6086 91 72 178396 0 0 0
-1574 6391 66 86 705202 0 0 0
-1172 5988 99 98 286867 0 0 0
-737 5653 63 55 206915 0 0 0
-1190 5849 112 87 984133 0 0 0
-1487 -589 101 76 938035 0 0 0
-2090 -636 67 94 350804 0 0 0
-2063 -640 65 72 646792 0 0 0
-1740 -218 83 53 933383 0 0 0
-1353 -682 89 81 878503 0 0 0
-837 -635 74 99 410968 0 0 0
-359 -67 105 94 131010 0 0 0
192 -605 110 52 584000 0 0 0
-151 -1108 110 95 149047 0 0 0
342 -1158 65 66 112901 0 0 0
148 -1589 70 51 598195 0 0 0
-228 -1051 108 71 330082 0 0 0
-541 -797 71 97 320499 0 0 0
-839 -257 65 57 610304 0 0 0
-1301 -443 76 86 539791 0 0 0
-1380 -672 75 82 499696 0 0 0
-1139 -882 95 50 734545 0 0 0
-1719 -1098 87 68 894558 0 0 0
-1971 -473 108 89 681201 0 0 0
-2204 -160 65 65 684891 0 0 0
-2684 50 60 90 223361 0 0 0
-2458 -490 57 59 859947 0 0 0
-1835 -785 93 88 412749 0 0 0
-1690 -1036 64 73 162012 0 0 0
-1367 -1262 64 77 133173 0 0 0
-1366 -1754 104 93 197593 0 0 0
-1790 -2105 85 66 784000 0 0 0
-1827 -2558 70 55 353844 0 0 0
-1300 -2178 66 51 613318 0 0 0
-704 -1967 98 69 255178 0 0 0
-561 -2487 112 83 528082 0 0 0
1313 957 63 51 201994 0 0 0
1101 1097 77 86 302668 0 0 0
1068 912 59 75 698362 0 0 0
847 1178 59 75 366615 0 0 0
-2206 1196 103 72 352614 0 0 0
-2266 1142 85 72 320375 0 0 0
-2122 1233 85 56 127903 0 0 0
-1636 777 93 52 569978 0 0 0
-1576 1125 109 64 935660 0 0 0
-1854 1315 61 57 312195 0 0 0
-1792 1555 98 97 566464 0 0 0
-2225 1728 86 72 504336 0 0 0
-1762 1456 71 66 537316 0 0 0
-1342 1516 104 92 605148 0 0 0
-1761 929 97 88 861855 0 0 0
-1729 530 102 60 464397 0 0 0
-1566 743 83 81 474771 0 0 0
-1841 1206 56 88 123024 0 0 0
-2359 1178 109 82 484859 0 0 0
-2019 1374 58 52 161041 0 0 0
-2573 1106 58 54 879787 0 0 0
-2627 1375 110 68 851329 0 0 0
-2926 1698 86 80 285864 0 0 0
-2686 1373 79 68 679399 0 0 0
-2491 1968 98 87 313842 0 0 0
-2282 1524 72 65 137122 0 0 0
-2770 1500 65 73 478664 0 0 0
-2244 2104 75 52 502401 0 0 0
-2507 1616 77 96 224817 0 0 0
-2382 1681 63 59 736167 0 0 0
-2358 1398 90 76 559025 0 0 0
-2916 1237 101 95 604407 0 0 0
-2731 1491 71 87 287803 0 0 0
-2640 1724 75 91 102799 0 0 0
-2366 1805 68 81 617920 0 0 0
-1909 1680 82 86 323825 0 0 0
-1862 1972 98 63 827222 0 0 0
-1818 1504 79 76 382830 0 0 0
2287 -1592 111 72 742052 0 0 0
2482 -1800 103 55 938909 0 0 0
1865 -1620 89 93 576911 0 0 0
2165 -2113 64 75 754948 0 0 0
1835 -2208 107 69 255817 0 0 0
1604 -2623 76 76 220444 0 0 0
1169 -2228 78 74 851823 0 0 0
1320 -2469 96 81 182767 0 0 0
1873 -2794 81 70 109744 0 0 0
1603 -2666 108 70 168611 0 0 0
1354 -3228 81 74 464562 0 0 0
1613 -2734 106 73 764871 0 0 0
1012 -3270 69 87 441221 0 0 0
620 -2825 61 90 206496 0 0 0
617 -2388 90 54 385551 0 0 0
480 -2934 84 70 298805 0 0 0
373 -3329 97 82 660305 0 0 0
-182 -3183 97 85 882776 0 0 0
296 -3197 92 50 920950 0 0 0
111 -3742 93 89 882479 0 0 0
495 -3308 74 88 969569 0 0 0
74 -3641 83 67 818564 0 0 0
-393 -3053 75 59 810589 0 0 0
-849 -2666 107 63 234415 0 0 0
-1266 -3071 91 87 416700 0 0 0
-752 -2604 93 97 827149 0 0 0
-1139 -2696 103 66 163387 0 0 0
-1289 -2803 78 66 161322 0 0 0
-816 -2891 76 76 166220 0 0 0
-421 -2574 66 56 910102 0 0 0
-479 -3137 56 66 317927 0 0 0
-583 -3051 90 61 668435 0 0 0
-784 -3138 79 68 653589 0 0 0
-412 -3355 77 57 963805 0 0 0
-193 -3519 91 61 747261 0 0 0
150 -4144 67 93 743343 0 0 0
-397 -3653 78 79 963592 0 0 0
-247 -3995 79 84 438124 0 0 0
153 -4332 73 98 868357 0 0 0
137 -3845 101 96 642040 0 0 0
-73 -3337 104 92 387828 0 0 0
507 -3265 61 70 371183 0 0 0
939 -3278 70 71 950451 0 0 0
1510 -3590 78 80 343606 0 0 0
2046 -3883 87 97 883869 0 0 0
1536 -3911 103 78 954706 0 0 0
2056 -4536 91 71 464393 0 0 0
1988 -4731 96 54 769372 0 0 0
1935 -5276 106 61 120915 0 0 0
2364 -4966 80 73 814815 0 0 0
2289 -4678 58 74 289605 0 0 0
2408 -4616 75 70 758232 0 0 0
2323 -4413 103 99 857394 0 0 0
2827 -3948 74 57 367681 0 0 0
3409 -4131 96 91 643216 0 0 0
3911 -4160 66 64 674925 0 0 0
3556 -3538 69 99 146013 0 0 0
3767 -4051 63 68 515878 0 0 0
4116 -4495 65 52 918410 0 0 0
4496 -5023 70 67 423426 0 0 0
4070 -4663 90 95 222370 0 0 0
4592 -5184 60 82 928613 0 0 0
-229 -964 56 53 844896 0 0 0
-274 -1533 72 70 391603 0 0 0
162 -1148 91 62 903641 0 0 0
757 -938 88 69 619444 0 0 0
1218 -540 93 83 354132 0 0 0
960 -852 62 88 558668 0 0 0
497 -1231 105 75 474773 0 0 0
153 -1812 92 96 790429 0 0 0
301 -1672 97 93 264984 0 0 0
316 -1393 83 98 138879 0 0 0
501 -921 107 91 274545 0 0 0
-107 -1012 62 92 401897 0 0 0
151 -1267 66 63 496705 0 0 0
-411 -1290 91 63 579620 0 0 0
-964 -918 87 86 149496 0 0 0
-1248 -480 107 77 183942 0 0 0
-1015 -919 89 51 265165 0 0 0
-611 -575 73 53 959241 0 0 0
-902 -1086 100 98 810545 0 0 0
-1109 -530 59 86 248583 0 0 0
-808 -646 61 49 841796 0 0 0
-373 -608 79 93 683574 0 0 0
-464 -1152 66 97 156695 0 0 0
-494 -1580 99 62 946235 0 0 0
-218 -1913 82 71 908344 0 0 0
-381 -1982 98 92 219030 0 0 0
-259 -2044 94 90 451836 0 0 0
-626 -2036 69 49 221666 0 0 0
-701 -1943 65 56 197804 0 0 0
-530 -2399 77 79 546689 0 0 0
-211 -1980 96 74 984196 0 0 0
222 -1798 58 65 681895 0 0 0
782 -2204 94 90 134515 0 0 0
401 -558 106 68 571088 0 0 0
952 40 73 62 288875 0 0 0
522 544 80 61 651175 0 0 0
330 563 67 92 418542 0 0 0
582 552 72 53 739903 0 0 0
332 248 56 83 368528 0 0 0
177 91 108 56 411521 0 0 0
190 658 110 67 402784 0 0 0
666 142 101 90 738106 0 0 0
251 81 84 81 745167 0 0 0
528 -11 86 69 470675 0 0 0
158 -583 75 89 912686 0 0 0
692 -498 91 79 191617 0 0 0
77 -698 64 54 754741 0 0 0
-214 -1243 92 53 394861 0 0 0
-773 -1077 74 78 319909 0 0 0
-1321 -466 97 93 975271 0 0 0
-1463 49 82 65 829558 0 0 0
-1116 -303 59 57 210777 0 0 0
-1152 -732 95 98 960774 0 0 0
-915 -745 97 81 213658 0 0 0
-624 -935 57 78 607686 0 0 0
-73 -515 108 69 992389 0 0 0
330 -28 86 98 635724 0 0 0
254 -484 109 65 937141 0 0 0
504 -361 88 81 635093 0 0 0
351 109 60 68 279455 0 0 0
2441 2392 91 57 648365 0 0 0
2292 2661 109 93 981178 0 0 0
1729 2067 79 73 604155 0 0 0
1349 1487 95 76 888028 0 0 0
1672 1988 68 92 239753 0 0 0
1434 1852 96 96 455131 0 0 0
1740 1876 69 49 642898 0 0 0
1340 1993 79 72 568853 0 0 0
884 1772 104 53 357791 0 0 0
1044 2116 64 83 814042 0 0 0
567 2639 82 93 340936 0 0 0
504 2412 70 73 401305 0 0 0
-66 2641 81 68 780463 0 0 0
-543 3107 96 85 403507 0 0 0
-1012 3687 96 98 606521 0 0 0
-1242 3856 96 61 785243 0 0 0
-1359 4448 80 50 811560 0 0 0
-898 4679 103 91 729648 0 0 0
-273 4225 85 87 630974 0 0 0
-806 4223 59 64 309109 0 0 0
-1264 3627 87 93 571973 0 0 0
-1772 3729 56 92 145404 0 0 0
-1404 3608 107 79 893435 0 0 0
-1039 2993 63 67 829446 0 0 0
-922 2989 58 49 651531 0 0 0
-1378 3086 77 96 282044 0 0 0
-990 3469 92 52 815515 0 0 0
-1590 2940 108 87 162433 0 0 0
-1033 2698 76 52 506820 0 0 0
-662 2978 74 68 412680 0 0 0
-702 3426 74 71 965065 0 0 0
-450 3011 87 98 230047 0 0 0
-939 2798 85 54 505693 0 0 0
-1211 3350 90 96 227228 0 0 0
-667 3687 73 75 479262 0 0 0
-382 3133 109 82 282175 0 0 0
-255 3588 81 87 565943 0 0 0
-832 3685 71 54 679643 0 0 0
-259 4059 65 59 416131 0 0 0
286 4202 65 94 146730 0 0 0
594 4630 96 81 146616 0 0 0
286 4721 80 85 278346 0 0 0
85 4578 56 88 415281 0 0 0
490 4915 109 81 445357 0 0 0
166 5412 75 69 844651 0 0 0
517 5364 111 58 126986 0 0 0
167 5509 90 93 831169 0 0 0
790 5665 99 69 234628 0 0 0
589 6052 66 69 137795 0 0 0
24 5853 66 61 458078 0 0 0
94 5263 111 59 967320 0 0 0
450 5273 112 72 561703 0 0 0
836 5749 103 59 807696 0 0 0
318 5644 68 57 320089 0 0 0
696 5133 62 78 541545 0 0 0
1171 4807 59 77 300719 0 0 0
1257 4493 70 88 388371 0 0 0
912 4718 65 99 617327 0 0 0
1172 4822 78 54 305140 0 0 0
672 4452 104 54 407433 0 0 0
807 4923 57 55 650899 0 0 0
560 4479 91 62 632811 0 0 0
1399 -1017 78 84 885250 0 0 0
914 -1184 109 66 906485 0 0 0
1119 -1249 62 78 218742 0 0 0
907 -731 88 68 457384 0 0 0
301 -1069 71 75 625195 0 0 0
-11 -979 83 74 593555 0 0 0
542 -1182 95 95 124802 0 0 0
-11 2464 59 94 763602 0 0 0
413 2046 59 66 303350 0 0 0
851 1813 84 68 211136 0 0 0
948 1329 57 56 497346 0 0 0
1095 827 70 86 921831 0 0 0
1118 601 110 95 263324 0 0 0
1525 520 60 67 781599 0 0 0
1526 826 62 74 968821 0 0 0
1759 935 94 75 455683 0 0 0
1858 436 90 52 698545 0 0 0
1459 501 76 49 962096 0 0 0
1394 882 94 62 861408 0 0 0
1463 1093 85 96 512752 0 0 0
1406 1378 60 61 110634 0 0 0
1652 1978 72 96 658351 0 0 0
2112 1620 103 60 934678 0 0 0
2305 1807 93 70 969017 0 0 0
2187 1204 83 51 218944 0 0 0
1723 600 76 68 366596 0 0 0
1896 536 86 97 990954 0 0 0
2343 1072 98 98 308945 0 0 0
2152 1006 101 63 831304 0 0 0
2069 1124 87 66 724373 0 0 0
2177 528 110 68 891917 0 0 0
2615 700 92 85 491361 0 0 0
2510 1153 89 78 438889 0 0 0
3111 1351 65 91 309795 0 0 0
3504 1617 96 93 586521 0 0 0
2159 855 75 69 931252 0 0 0
2554 770 82 67 560315 0 0 0
2024 1370 112 85 945026 0 0 0
1615 959 89 64 433397 0 0 0
1932 1227 65 65 996437 0 0 0
2073 1297 105 69 176692 0 0 0
2200 1878 72 49 618883 0 0 0
2079 1452 105 78 821066 0 0 0
2012 987 88 61 955375 0 0 0
2513 1230 63 73 749453 0 0 0
1957 1639 108 64 926232 0 0 0
2279 2236 61 72 672003 0 0 0
1712 2197 105 69 189677 0 0 0
1414 2713 72 79 525201 0 0 0
1093 2847 85 94 357915 0 0 0
1663 2775 65 71 949884 0 0 0
2043 2154 81 71 556293 0 0 0
1596 2766 63 53 175276 0 0 0
1469 2915 95 71 638630 0 0 0
1181 2417 60 99 641548 0 0 0
663 2057 62 90 353151 0 0 0
455 2365 104 49 787346 0 0 0
719 2396 97 92 603840 0 0 0
319 2083 112 69 673256 0 0 0
672 1474 61 73 950159 0 0 0
403 1012 79 75 165008 0 0 0
161 604 57 92 487978 0 0 0
606 365 60 59 304841 0 0 0
1170 171 85 60 339132 0 0 0
921 -383 74 97 130969 0 0 0
943 111 85 94 606854 0 0 0
1297 -469 60 98 798738 0 0 0
1787 -658 78 51 471124 0 0 0
1697 -313 87 81 453147 0 0 0
2235 70 84 56 208617 0 0 0
2719 617 66 92 728661 0 0 0
2513 29 69 68 151623 0 0 0
2849 587 58 88 809120 0 0 0
3325 544 63 55 382316 0 0 0
3664 535 102 88 903561 0 0 0
4268 675 95 84 450269 0 0 0
4393 1037 88 71 735282 0 0 0
4925 804 101 61 531143 0 0 0
4792 214 74 70 457708 0 0 0
4875 -172 62 89 585364 0 0 0
4753 329 101 53 903054 0 0 0
4652 541 61 72 514383 0 0 0
4253 1145 70 97 307070 0 0 0
4488 1530 106 67 973007 0 0 0
4190 1900 94 72 604704 0 0 0
3659 1423 104 86 493135 0 0 0
3142 1041 77 88 774436 0 0 0
2869 1036 56 51 812740 0 0 0
2304 1003 62 96 752547 0 0 0
2388 1257 93 78 204342 0 0 0
2137 862 70 68 896421 0 0 0
1721 1302 88 56 696654 0 0 0
1958 1187 81 56 849294 0 0 0
1971 759 76 69 472954 0 0 0
1567 946 109 60 190989 0 0 0
1215 351 58 49 378177 0 0 0
1501 207 80 86 632608 0 0 0
1362 613 65 85 840363 0 0 0
768 595 102 60 816422 0 0 0
532 1075 59 66 661816 0 0 0
159 902 70 87 124451 0 0 0
649 568 60 88 305518 0 0 0
298 23 101 97 288259 0 0 0
864 -407 93 88 568066 0 0 0
273 -468 67 64 373527 0 0 0
-331 -940 73 62 960404 0 0 0
-203 -1469 107 91 604798 0 0 0
32 -942 105 95 894990 0 0 0
397 -1389 70 78 500077 0 0 0
282 -1363 72 93 774328 0 0 0
540 -1519 82 74 913371 0 0 0
959 -1018 106 85 812618 0 0 0
665 -748 104 95 377969 0 0 0
972 -1055 79 80 442091 0 0 0
1374 -1102 93 90 719482 0 0 0
1093 -1235 104 96 725443 0 0 0
647 -1223 62 92 435768 0 0 0
967 -1356 65 50 532344 0 0 0
1306 -1570 95 95 791892 0 0 0
1277 -1032 78 73 963594 0 0 0
710 -1538 109 63 355752 0 0 0
1068 -1483 56 69 897455 0 0 0
1137 -1805 74 69 607585 0 0 0
1497 -2372 84 63 856661 0 0 0
1758 -2314 107 94 480174 0 0 0
2091 -2610 65 82 178377 0 0 0
