2600
-285 1832 111 52 783307 0 0 0
200 2030 80 89 801157 0 0 0
382 1829 110 101 862286 0 0 0
-234 2163 111 84 778098 0 0 0
60 2257 78 91 976353 0 0 0
-217 2089 84 76 286089 0 0 0
389 1494 98 54 855529 0 0 0
977 861 93 69 721602 0 0 0
429 449 104 87 412761 0 0 0
418 897 97 69 644921 0 0 0
-126 706 61 101 937245 0 0 0
-580 307 100 80 866340 0 0 0
-124 34 64 51 633687 0 0 0
-396 487 74 70 436999 0 0 0
144 -127 89 97 558035 0 0 0
-491 -29 112 59 792042 0 0 0
-680 -604 61 94 403148 0 0 0
-1313 -920 100 68 403542 0 0 0
-1677 -404 116 63 792927 0 0 0
-1910 -649 62 101 631489 0 0 0
-1519 -806 71 87 984942 0 0 0
-2022 -1078 109 90 154424 0 0 0
-1554 -1234 109 67 907818 0 0 0
-1314 -706 72 59 943141 0 0 0
-1827 -1335 87 78 859721 0 0 0
-1502 -1299 83 73 722845 0 0 0
-1173 -768 106 66 391377 0 0 0
-1042 -634 92 63 467271 0 0 0
-1396 -334 64 51 331333 0 0 0
-1030 189 105 79 393114 0 0 0
-1257 783 100 75 777407 0 0 0
-1297 294 69 98 277928 0 0 0
-719 -304 63 61 718866 0 0 0
-69 -824 103 82 787973 0 0 0
-655 -1118 115 86 330102 0 0 0
-196 -853 100 74 917877 0 0 0
-343 -358 75 101 345161 0 0 0
7 -147 82 53 849861 0 0 0
-60 -653 106 69 413317 0 0 0
-184 -1227 58 58 887640 0 0 0
-71 -732 116 82 477944 0 0 0
-190 -164 102 85 477625 0 0 0
428 262 97 69 433275 0 0 0
-98 -172 80 68 415756 0 0 0
362 433 64 60 356763 0 0 0
-180 554 79 100 960224 0 0 0
376 54 85 59 533164 0 0 0
309 -445 60 80 608793 0 0 0
-1709 1940 104 61 484410 0 0 0
-2139 2183 76 66 186637 0 0 0
-1893 2514 98 88 376102 0 0 0
-1497 2062 91 66 522236 0 0 0
-1568 2546 106 86 367932 0 0 0
-1039 2971 85 99 958661 0 0 0
-871 2918 115 69 625263 0 0 0
-883 2888 68 60 138770 0 0 0
-1149 3020 76 81 660968 0 0 0
-794 3510 103 67 740761 0 0 0
-1045 3843 79 51 684763 0 0 0
-1373 3403 82 103 982414 0 0 0
-855 3069 68 80 568671 0 0 0
-1124 3313 82 59 334296 0 0 0
-1091 3103 70 96 206903 0 0 0
-946 3094 104 101 571269 0 0 0
-1322 3678 63 51 592056 0 0 0
-911 3935 77 68 984933 0 0 0
-1325 4211 109 85 150281 0 0 0
-1963 4547 106 71 688492 0 0 0
-1643 4015 93 85 484909 0 0 0
-1718 3762 81 101 306864 0 0 0
-353 -2106 76 97 637818 0 0 0
198 -1655 79 77 755157 0 0 0
359 -2089 68 89 887326 0 0 0
705 -2327 60 57 205655 0 0 0
1331 -2342 81 73 368596 0 0 0
1653 -1816 91 70 591242 0 0 0
1656 -1200 59 86 468110 0 0 0
2124 -1457 111 60 460371 0 0 0
2744 -1722 113 57 450836 0 0 0
2255 -1627 100 86 870992 0 0 0
2310 -1705 108 61 329856 0 0 0
1695 -1191 99 62 679204 0 0 0
1642 -1235 77 103 443817 0 0 0
2112 -975 109 89 394189 0 0 0
1840 -1529 96 95 499324 0 0 0
1748 -1227 111 65 501459 0 0 0
1477 -1183 114 84 750687 0 0 0
1220 -978 62 63 827112 0 0 0
1566 -1272 92 77 698788 0 0 0
1660 -1608 112 85 597477 0 0 0
1060 -1064 72 57 484295 0 0 0
818 -1043 91 95 963121 0 0 0
1422 -1113 77 71 304130 0 0 0
1158 -1225 80 53 335590 0 0 0
1506 -1588 94 80 922647 0 0 0
1531 -2235 108 63 348175 0 0 0
1346 -1922 84 55 278697 0 0 0
800 -1594 97 84 133520 0 0 0
1058 -1032 115 57 851798 0 0 0
1222 -623 74 95 687343 0 0 0
1419 -1058 112 66 289691 0 0 0
1285 -1203 88 55 386736 0 0 0
1504 -634 96 56 293294 0 0 0
1464 9 113 97 636509 0 0 0
1487 569 74 67 780629 0 0 0
-732 633 97 79 425915 0 0 0
-227 641 101 75 730390 0 0 0
-829 322 67 65 600151 0 0 0
-332 869 68 85 351673 0 0 0
-608 1136 109 56 341443 0 0 0
-684 748 71 71 214873 0 0 0
-130 610 87 92 631412 0 0 0
-773 1117 61 83 282127 0 0 0
-610 1554 77 51 607113 0 0 0
-214 1265 63 59 149620 0 0 0
-209 632 78 56 633251 0 0 0
355 713 78 58 727449 0 0 0
885 503 81 56 727052 0 0 0
243 720 109 62 546502 0 0 0
-171 1361 104 80 745691 0 0 0
424 859 65 62 628910 0 0 0
1050 706 99 82 126823 0 0 0
538 105 116 77 640197 0 0 0
464 204 115 102 783069 0 0 0
610 182 114 78 863365 0 0 0
307 120 89 82 536024 0 0 0
775 -140 107 72 883373 0 0 0
1328 -112 114 57 508867 0 0 0
1668 -150 102 51 200842 0 0 0
2195 -576 64 93 650043 0 0 0
2433 -1213 104 92 408080 0 0 0
2202 -1156 70 61 710277 0 0 0
2483 -948 110 57 967527 0 0 0
2962 -1466 65 59 476375 0 0 0
2478 -1909 96 67 690723 0 0 0
2836 -2002 79 80 222191 0 0 0
2955 -2534 67 79 796328 0 0 0
2526 -2192 115 68 588592 0 0 0
3045 -1882 67 76 219092 0 0 0
3028 -2458 85 77 308396 0 0 0
3270 -2220 108 53 190722 0 0 0
3261 -1846 92 90 855629 0 0 0
3100 -2465 62 72 944504 0 0 0
3306 -2827 83 97 667691 0 0 0
3502 -2432 100 64 306391 0 0 0
2879 -2472 97 95 802284 0 0 0
2534 -3049 90 85 773111 0 0 0
3177 -3052 79 81 147070 0 0 0
3352 -3381 100 74 288868 0 0 0
3243 -2756 101 101 627039 0 0 0
3639 -2757 86 81 172213 0 0 0
3126 -2903 89 55 215492 0 0 0
2926 -3524 91 76 733039 0 0 0
2709 -4009 65 82 930630 0 0 0
2694 -3658 80 54 403283 0 0 0
2566 -3353 81 60 671865 0 0 0
2601 -2736 61 88 969368 0 0 0
2042 -2171 116 98 656643 0 0 0
2548 -2162 88 63 677057 0 0 0
2893 -2229 78 101 682643 0 0 0
2383 -2539 101 80 899703 0 0 0
2775 -2324 69 60 716226 0 0 0
2467 -2717 97 63 554194 0 0 0
1924 -2332 99 63 434357 0 0 0
2535 -2111 108 52 345359 0 0 0
1958 -1950 84 54 947984 0 0 0
1509 -2512 75 91 506222 0 0 0
986 -2132 95 59 847767 0 0 0
1433 -1745 76 67 225831 0 0 0
1512 -2201 75 51 115167 0 0 0
2151 -1703 106 100 901759 0 0 0
2359 -2300 63 100 149810 0 0 0
2164 -2176 74 75 588746 0 0 0
1296 -1077 59 63 565743 0 0 0
1519 -1712 73 80 666101 0 0 0
1716 -2085 110 95 111853 0 0 0
1067 -1668 77 55 624975 0 0 0
668 -1392 114 56 971623 0 0 0
584 -989 113 68 220114 0 0 0
450 -1088 67 82 556802 0 0 0
65 -496 58 102 868932 0 0 0
-17 -607 84 70 651662 0 0 0
262 -1147 103 90 697190 0 0 0
625 -673 112 90 440174 0 0 0
942 -231 92 95 943971 0 0 0
1567 -379 92 83 349923 0 0 0
1242 -347 58 97 382094 0 0 0
792 -279 92 65 384433 0 0 0
1302 199 94 54 600334 0 0 0
1217 -59 86 85 947706 0 0 0
1396 -462 92 88 616942 0 0 0
871 -281 103 82 662651 0 0 0
411 -222 98 87 877055 0 0 0
273 68 62 97 550410 0 0 0
-125 -79 64 86 926182 0 0 0
-60 -539 87 76 495714 0 0 0
-623 -674 99 62 114172 0 0 0
-1077 -531 70 72 807776 0 0 0
-1523 -301 93 64 134549 0 0 0
-1875 51 95 58 690558 0 0 0
-2329 505 91 52 862210 0 0 0
-2151 527 71 84 282195 0 0 0
-2021 119 58 61 234734 0 0 0
-2003 -445 67 101 688328 0 0 0
-1832 13 66 66 492466 0 0 0
-1677 -298 113 62 515329 0 0 0
-1949 -727 104 88 237911 0 0 0
-1326 -848 105 58 202727 0 0 0
-1933 -725 97 103 171070 0 0 0
-2364 -1002 91 59 325392 0 0 0
-2801 -970 83 72 970304 0 0 0
-2588 -1334 74 72 446225 0 0 0
-2796 -1489 116 93 538280 0 0 0
-2551 -1074 113 80 185831 0 0 0
-2291 -1102 111 84 366375 0 0 0
-2804 -1232 69 92 772677 0 0 0
-3096 -1115 84 96 606978 0 0 0
-3613 -1608 114 56 433663 0 0 0
-4229 -1263 62 63 787887 0 0 0
-4359 -1553 65 89 616648 0 0 0
-4630 -1673 69 67 941582 0 0 0
-4587 -2226 92 68 191897 0 0 0
-4011 -1820 95 87 538537 0 0 0
1042 -1030 94 100 264270 0 0 0
869 -1432 80 72 826895 0 0 0
708 -1095 97 73 241242 0 0 0
695 -770 86 91 752402 0 0 0
272 -395 62 77 476418 0 0 0
-29 90 93 60 355554 0 0 0
385 -87 104 55 973985 0 0 0
665 -609 81 85 987938 0 0 0
353 -690 91 90 469829 0 0 0
600 -1186 98 63 441777 0 0 0
378 -1745 89 83 257263 0 0 0
-223 -1114 60 67 576885 0 0 0
-7 -1677 78 60 864707 0 0 0
518 -1559 94 86 853922 0 0 0
660 -1954 93 91 764345 0 0 0
289 -2534 111 89 249665 0 0 0
794 -2129 70 99 113421 0 0 0
681 -2301 104 87 200488 0 0 0
2550 2030 62 75 829025 0 0 0
2553 1943 92 86 660870 0 0 0
1972 2482 99 77 602478 0 0 0
1373 2123 61 88 381016 0 0 0
1546 2756 112 101 155554 0 0 0
1918 2756 97 95 742266 0 0 0
1706 3231 77 66 712081 0 0 0
1111 3175 70 58 471204 0 0 0
1462 2770 81 72 844730 0 0 0
1129 3242 90 70 189271 0 0 0
1195 2629 107 90 160121 0 0 0
1408 2144 58 101 727052 0 0 0
1069 2235 103 71 497398 0 0 0
852 2680 63 99 904261 0 0 0
814 3234 67 100 515663 0 0 0
1083 3242 108 73 368520 0 0 0
672 3529 107 70 815671 0 0 0
1157 3816 108 68 745119 0 0 0
788 4316 80 73 914710 0 0 0
277 4515 81 85 233513 0 0 0
90 4043 75 55 239483 0 0 0
88 3657 90 88 257892 0 0 0
564 3776 90 55 173384 0 0 0
-67 3387 88 89 642703 0 0 0
-384 2997 65 84 900111 0 0 0
-873 2707 102 87 777694 0 0 0
-1430 2736 91 58 162599 0 0 0
-912 2887 62 88 833784 0 0 0
-1332 2970 76 75 571150 0 0 0
-1302 3459 100 57 191768 0 0 0
-1437 4108 92 68 400426 0 0 0
-1067 3631 84 100 300754 0 0 0
-1407 4215 69 69 540154 0 0 0
-1099 4190 78 93 752803 0 0 0
-1451 4538 73 97 325800 0 0 0
-1596 4203 73 97 951001 0 0 0
-1856 4576 107 78 394653 0 0 0
-1434 4791 86 83 371122 0 0 0
-1989 4530 98 93 337036 0 0 0
-2195 4258 70 86 209608 0 0 0
-2463 4153 107 80 278375 0 0 0
-3053 4443 85 73 172329 0 0 0
-2821 4930 85 87 840401 0 0 0
-3195 5260 97 79 592002 0 0 0
-2662 4938 58 90 247634 0 0 0
-2693 4943 88 66 945071 0 0 0
-3054 5394 92 94 756337 0 0 0
-3389 5010 58 76 498728 0 0 0
-2953 4879 96 71 302502 0 0 0
-2937 4804 107 101 587715 0 0 0
-3477 4281 61 64 870593 0 0 0
-4094 4186 89 103 954479 0 0 0
-3577 4357 82 92 606180 0 0 0
-4112 4041 86 58 662670 0 0 0
-3752 4048 58 88 278084 0 0 0
-3578 3854 101 54 212538 0 0 0
-3545 3482 59 72 431506 0 0 0
-3590 3865 111 64 720418 0 0 0
-3823 4046 92 85 257192 0 0 0
-3620 4433 61 93 676820 0 0 0
-451 515 79 98 552359 0 0 0
-979 723 97 59 677980 0 0 0
-1065 1063 95 96 836799 0 0 0
-477 1304 70 93 771169 0 0 0
107 1726 99 62 858837 0 0 0
250 2098 75 76 842026 0 0 0
-301 1843 71 92 296793 0 0 0
-413 2159 72 96 283115 0 0 0
54 2001 103 91 966721 0 0 0
-396 2439 104 52 979110 0 0 0
-456 2602 64 70 373332 0 0 0
-450 2169 102 73 889651 0 0 0
-799 2222 67 90 320415 0 0 0
-382 2314 73 90 911279 0 0 0
-93 2385 78 78 223634 0 0 0
-654 2438 60 54 432930 0 0 0
-1124 1886 94 65 261332 0 0 0
-881 2454 80 92 470013 0 0 0
-440 2159 74 69 917765 0 0 0
-451 2049 94 95 313072 0 0 0
-91 2256 99 80 271478 0 0 0
-511 2783 72 89 876549 0 0 0
-214 2821 69 102 229609 0 0 0
-387 2299 84 89 189444 0 0 0
-195 2101 60 70 460338 0 0 0
-35 2004 73 60 393001 0 0 0
-424 2211 101 77 779959 0 0 0
-495 2746 58 80 560402 0 0 0
-737 2178 79 87 423717 0 0 0
-1193 2739 82 77 142465 0 0 0
-672 2933 63 75 216045 0 0 0
-1172 2480 113 68 779862 0 0 0
-890 2650 78 74 956681 0 0 0
-1512 2207 58 53 675373 0 0 0
-1403 2235 71 82 160055 0 0 0
-1966 2356 99 57 990422 0 0 0
-1963 2206 97 53 862217 0 0 0
-1567 2636 81 99 146804 0 0 0
-1126 3253 78 65 280107 0 0 0
-1009 3534 111 58 480826 0 0 0
-1594 3900 90 93 588177 0 0 0
-968 4021 107 60 920477 0 0 0
-713 3848 81 52 520423 0 0 0
-1025 3464 79 96 710016 0 0 0
-473 3216 71 56 795971 0 0 0
-1015 2789 87 72 293473 0 0 0
-366 2598 88 92 519433 0 0 0
-160 2361 70 90 535770 0 0 0
-669 1738 101 93 403393 0 0 0
-1077 1677 78 91 819256 0 0 0
-1177 1125 58 102 264575 0 0 0
-680 1332 86 101 737276 0 0 0
-830 1383 58 95 658455 0 0 0
-1361 1923 83 96 774949 0 0 0
-732 2236 85 74 492822 0 0 0
-610 1649 113 51 917915 0 0 0
-709 1973 99 98 615804 0 0 0
-1056 2076 95 70 136364 0 0 0
-877 1984 113 63 530282 0 0 0
-790 2370 105 89 759378 0 0 0
-1416 2896 107 99 456085 0 0 0
-834 3084 59 100 613947 0 0 0
-1239 2549 79 59 680503 0 0 0
-1757 2782 76 80 362594 0 0 0
-1228 2470 86 52 803975 0 0 0
-1464 2734 106 60 855801 0 0 0
-921 2513 94 89 124564 0 0 0
-1231 2690 80 68 558379 0 0 0
-617 2063 87 57 993005 0 0 0
-389 1823 113 53 363061 0 0 0
-669 1887 106 97 718313 0 0 0
-1084 1774 85 75 276598 0 0 0
-1563 2382 109 69 683585 0 0 0
-227 -1361 93 67 467212 0 0 0
-146 -1208 113 61 603559 0 0 0
-360 -947 111 77 162842 0 0 0
148 -847 71 60 775449 0 0 0
284 -382 105 58 182854 0 0 0
-143 -291 99 74 900960 0 0 0
-221 -618 98 67 361854 0 0 0
-317 -79 110 68 343462 0 0 0
-17 -127 58 61 291109 0 0 0
409 -155 68 92 721230 0 0 0
159 212 108 51 910606 0 0 0
612 548 92 83 325430 0 0 0
786 885 82 54 407938 0 0 0
198 1204 82 99 290154 0 0 0
-399 850 93 94 213841 0 0 0
54 511 66 61 140038 0 0 0
-155 -63 89 57 680299 0 0 0
-689 242 91 71 190220 0 0 0
-889 -398 85 76 250404 0 0 0
-487 209 72 90 540321 0 0 0
-494 719 94 67 239382 0 0 0
-706 590 79 67 137909 0 0 0
-144 1230 112 56 773203 0 0 0
-155 1498 101 61 245823 0 0 0
243 1809 73 60 338598 0 0 0
-360 2321 105 84 916782 0 0 0
-469 2528 96 60 686828 0 0 0
-1062 2069 91 81 414670 0 0 0
-1656 2257 66 67 919414 0 0 0
-1345 2740 103 101 137251 0 0 0
-1027 2721 99 72 290028 0 0 0
-1084 3175 63 88 887087 0 0 0
-845 3589 82 57 110984 0 0 0
-928 3319 79 91 860627 0 0 0
-999 3223 114 66 519827 0 0 0
-391 3186 71 79 225407 0 0 0
-212 3646 64 73 244193 0 0 0
-567 3363 106 90 559536 0 0 0
-627 3938 79 95 753619 0 0 0
-456 4517 90 57 781696 0 0 0
-704 3995 101 95 331182 0 0 0
-1342 3873 80 66 899066 0 0 0
-1604 3535 95 84 867588 0 0 0
-1995 3523 91 92 587748 0 0 0
-2494 4069 78 98 785471 0 0 0
-1913 3979 84 95 228394 0 0 0
-1559 4107 68 93 959070 0 0 0
-1655 4206 108 93 467389 0 0 0
-1399 4074 104 85 188479 0 0 0
-1412 3672 63 59 684513 0 0 0
-2039 3608 95 63 326430 0 0 0
-1832 3122 104 97 589549 0 0 0
-1183 3232 99 67 200257 0 0 0
-645 3453 59 71 783512 0 0 0
-1084 2926 81 66 910957 0 0 0
-1660 2621 100 93 371846 0 0 0
-1130 2932 112 76 493275 0 0 0
-651 2774 89 79 251194 0 0 0
-107 3021 64 55 303118 0 0 0
79 3487 59 67 581989 0 0 0
60 4088 65 77 511176 0 0 0
-524 3898 94 92 319590 0 0 0
-313 3873 92 60 435567 0 0 0
-60 3303 75 80 677363 0 0 0
-81 3719 87 103 339515 0 0 0
-213 3223 105 82 637742 0 0 0
180 3421 88 52 770950 0 0 0
318 2789 85 57 442204 0 0 0
423 2345 79 84 662371 0 0 0
1034 2814 83 65 390172 0 0 0
1035 3129 90 81 143099 0 0 0
603 3720 60 94 481466 0 0 0
347 4013 99 80 888495 0 0 0
277 4639 68 70 729542 0 0 0
139 5023 100 58 259750 0 0 0
515 5319 65 62 871271 0 0 0
60 4859 108 68 423475 0 0 0
191 4816 106 94 310435 0 0 0
-208 4986 60 57 203071 0 0 0
118 4448 94 79 764549 0 0 0
518 4795 63 51 831526 0 0 0
208 4987 59 61 972626 0 0 0
606 4946 86 51 667979 0 0 0
90 4526 78 52 511938 0 0 0
-134 5174 78 101 352548 0 0 0
245 4970 77 51 422488 0 0 0
536 5465 64 93 249175 0 0 0
911 4909 106 52 376250 0 0 0
-1401 372 92 69 438423 0 0 0
-1848 697 94 79 603693 0 0 0
-1853 187 99 75 545822 0 0 0
-2393 715 82 83 687752 0 0 0
-2335 398 65 86 878450 0 0 0
-2897 37 107 75 447831 0 0 0
-3473 -613 100 84 767743 0 0 0
-2975 -285 98 99 954173 0 0 0
-3464 -498 82 90 493547 0 0 0
-3896 -280 86 79 883748 0 0 0
-3322 -43 68 59 911802 0 0 0
-2772 -232 65 62 474617 0 0 0
-2994 -686 67 82 250545 0 0 0
-3337 -1216 73 86 478189 0 0 0
-3125 -768 114 88 972438 0 0 0
-3258 -429 61 65 554538 0 0 0
2330 -1880 78 80 177763 0 0 0
1877 -1434 105 71 880037 0 0 0
2032 -841 66 88 774479 0 0 0
1580 -699 102 67 309072 0 0 0
1602 -329 109 103 569252 0 0 0
1478 -487 65 78 928449 0 0 0
1196 -394 91 70 437964 0 0 0
1392 124 95 103 554101 0 0 0
1463 -130 66 65 544804 0 0 0
993 333 73 72 592067 0 0 0
1034 722 77 99 837188 0 0 0
771 1136 63 60 195368 0 0 0
834 961 68 72 889400 0 0 0
-113 338 86 83 256153 0 0 0
-681 -194 101 76 763069 0 0 0
-200 -828 101 71 574794 0 0 0
-650 -795 99 54 723124 0 0 0
-305 -1245 73 60 921013 0 0 0
-136 -1634 78 100 224887 0 0 0
-256 -1568 92 95 343616 0 0 0
-369 -1988 62 97 285734 0 0 0
-249 -2539 92 99 916340 0 0 0
182 -2794 97 100 224718 0 0 0
621 -3145 70 100 862398 0 0 0
243 -2810 110 71 122358 0 0 0
188 -2544 74 81 565278 0 0 0
83 -3084 98 76 747777 0 0 0
-119 -2824 115 100 741225 0 0 0
186 -3300 65 74 978144 0 0 0
-433 -3332 75 94 797823 0 0 0
217 -2870 106 75 128531 0 0 0
270 -2595 103 92 438799 0 0 0
753 -2339 85 88 857854 0 0 0
241 -2486 83 97 898347 0 0 0
535 -3087 94 83 677419 0 0 0
1071 -2708 64 68 307502 0 0 0
832 -2443 79 87 982900 0 0 0
544 -1945 65 102 554446 0 0 0
322 -2529 106 62 879968 0 0 0
99 -2273 80 88 583811 0 0 0
-252 -2521 113 89 945329 0 0 0
-374 -2872 75 82 360579 0 0 0
117 -3496 111 87 634064 0 0 0
-485 -4078 90 58 926450 0 0 0
-685 -4507 70 73 127401 0 0 0
-1170 -4460 68 59 132985 0 0 0
-668 -4187 99 56 770729 0 0 0
-278 -4776 93 87 568045 0 0 0
290 -4995 106 59 936422 0 0 0
115 -4717 60 90 398350 0 0 0
-382 -5274 98 53 555599 0 0 0
-895 -5371 67 62 375453 0 0 0
-1256 -5210 101 61 945397 0 0 0
-1881 -4663 87 63 306805 0 0 0
-1235 -5058 94 58 275104 0 0 0
-1796 -4857 90 84 298558 0 0 0
-2240 -5160 107 99 215717 0 0 0
-2647 -4844 92 73 646470 0 0 0
-2593 -5186 60 84 159325 0 0 0
-2367 -5699 97 89 508971 0 0 0
-2823 -5294 88 61 704552 0 0 0
-3394 -4901 61 73 816519 0 0 0
-3841 -5270 115 96 135394 0 0 0
-4157 -5183 104 100 456682 0 0 0
-4267 -4654 60 73 525404 0 0 0
-4908 -5111 116 93 240639 0 0 0
-5114 -5210 74 97 997412 0 0 0
-4511 -5474 75 73 740852 0 0 0
-4143 -5698 101 78 106060 0 0 0
-4043 -5323 116 66 114219 0 0 0
-4561 -5735 70 94 790523 0 0 0
-4524 -6351 101 70 656641 0 0 0
-4952 -6719 94 96 977964 0 0 0
-4334 -7240 61 86 106751 0 0 0
-3806 -7747 78 102 803760 0 0 0
-4320 -8111 70 67 953508 0 0 0
-4353 -8673 112 80 625357 0 0 0
-4322 -8399 97 76 346786 0 0 0
-3838 -8201 94 77 225683 0 0 0
-4258 -8122 76 56 950452 0 0 0
-4522 -7984 63 74 762280 0 0 0
-4027 -7360 84 69 313149 0 0 0
-4035 -7251 83 78 602518 0 0 0
-4309 -7572 106 58 871464 0 0 0
-4454 -8171 109 76 395360 0 0 0
-4654 -8471 95 54 391546 0 0 0
-4406 -8019 80 101 241269 0 0 0
-4622 -8629 77 84 387584 0 0 0
-4631 -8368 104 77 684432 0 0 0
-5077 -8755 93 88 897712 0 0 0
-5677 -9038 92 68 137945 0 0 0
-5862 -8705 110 97 801144 0 0 0
-5910 -8719 97 68 606029 0 0 0
-5558 -8529 62 91 505025 0 0 0
-5821 -9012 104 56 361788 0 0 0
-6054 -9397 94 93 377660 0 0 0
-6255 -9995 91 76 165341 0 0 0
-5993 -9943 80 56 983523 0 0 0
-5616 -10336 81 66 540983 0 0 0
-5880 -10236 61 63 446806 0 0 0
-5870 -9733 67 65 977862 0 0 0
-5529 -10001 102 56 215087 0 0 0
-4982 -9633 90 66 719646 0 0 0
-5018 -9385 107 96 687957 0 0 0
-4773 -9774 91 74 225009 0 0 0
-4980 -9737 103 66 715593 0 0 0
-4884 -9863 75 61 691443 0 0 0
-4822 -9733 89 85 511691 0 0 0
-5182 -9705 110 87 532460 0 0 0
-4756 -9926 96 86 964469 0 0 0
273 -902 74 62 579055 0 0 0
432 -1296 83 94 947800 0 0 0
441 -738 108 67 852290 0 0 0
253 -1167 87 84 796171 0 0 0
558 -840 95 89 384239 0 0 0
89 -847 76 100 587830 0 0 0
515 -581 103 98 246372 0 0 0
1081 -1048 71 81 144312 0 0 0
919 -1562 58 77 384519 0 0 0
667 -1366 96 51 636052 0 0 0
1175 -1548 81 59 266569 0 0 0
1359 -947 60 77 184470 0 0 0
1260 -835 115 92 503612 0 0 0
1696 -1375 94 84 570414 0 0 0
1141 -1287 80 55 103614 0 0 0
1495 -1837 108 100 905657 0 0 0
1390 -1738 114 76 865608 0 0 0
899 -1459 73 60 191144 0 0 0
1288 -1387 59 77 114618 0 0 0
1374 -1516 115 71 914479 0 0 0
1074 -1735 58 62 167663 0 0 0
1001 -2183 83 80 797626 0 0 0
985 -1712 71 95 625566 0 0 0
656 -1492 85 93 639637 0 0 0
957 -1050 68 52 971535 0 0 0
733 -607 61 94 264329 0 0 0
348 -1005 59 78 205508 0 0 0
896 -1516 89 90 280256 0 0 0
439 -1592 75 92 165970 0 0 0
605 -2162 78 52 146462 0 0 0
-1856 -1961 100 58 396843 0 0 0
-2026 -1566 105 94 572365 0 0 0
-2555 -1372 104 64 987313 0 0 0
-2776 -1667 91 77 740669 0 0 0
-3218 -1407 93 96 329681 0 0 0
-2760 -942 68 75 186470 0 0 0
-2519 -295 80 73 632370 0 0 0
-2979 6 76 87 758729 0 0 0
-3485 565 106 82 647185 0 0 0
-3507 806 73 83 651602 0 0 0
-3338 1025 87 81 339730 0 0 0
-3666 538 102 98 742874 0 0 0
-3545 610 62 83 404413 0 0 0
-3635 1112 105 99 745644 0 0 0
-3765 823 102 99 802764 0 0 0
-4315 1440 59 58 108390 0 0 0
-3845 1241 72 69 143533 0 0 0
-4303 1800 63 75 790125 0 0 0
-4734 1914 58 87 997706 0 0 0
-5292 1387 96 69 800139 0 0 0
-5708 956 58 82 705241 0 0 0
-5630 640 85 65 316863 0 0 0
-5167 879 75 94 843345 0 0 0
-5184 906 104 79 607873 0 0 0
-5118 329 116 79 654565 0 0 0
-4787 636 103 62 886523 0 0 0
-5206 15 80 88 627688 0 0 0
-5129 661 99 54 579295 0 0 0
-5529 243 88 56 657901 0 0 0
-4934 744 99 67 449760 0 0 0
-4456 676 64 57 383143 0 0 0
-4511 717 105 52 975801 0 0 0
-4556 550 88 88 618007 0 0 0
-4519 516 114 52 503364 0 0 0
-4205 1165 113 102 567864 0 0 0
-4502 558 85 51 120739 0 0 0
-4246 944 104 81 960296 0 0 0
-3979 772 74 83 664258 0 0 0
-3802 354 78 59 355929 0 0 0
-4059 903 61 66 744485 0 0 0
-3479 749 98 86 914695 0 0 0
-2975 113 81 95 679234 0 0 0
-2801 477 89 54 863705 0 0 0
-2977 -50 78 103 252148 0 0 0
-2421 358 100 89 424461 0 0 0
-2349 241 103 85 149975 0 0 0
-1863 408 93 99 988758 0 0 0
-1590 -230 107 93 465547 0 0 0
-1062 346 64 72 958001 0 0 0
-1606 447 94 80 403200 0 0 0
-1414 116 60 85 114989 0 0 0
-1725 291 98 94 204370 0 0 0
-1092 -251 101 78 791710 0 0 0
-1550 -569 94 71 227560 0 0 0
-1314 64 58 76 789810 0 0 0
-1425 -295 96 75 377474 0 0 0
-1822 123 98 69 343676 0 0 0
-1930 -393 80 103 373813 0 0 0
-1351 112 95 80 231886 0 0 0
-995 -213 109 51 101235 0 0 0
-826 -688 109 84 868855 0 0 0
-319 -475 81 95 942649 0 0 0
-765 -538 73 89 886617 0 0 0
-1068 32 66 55 580557 0 0 0
-848 661 80 52 704658 0 0 0
-1466 104 111 59 303846 0 0 0
-1064 182 60 73 438355 0 0 0
-1575 233 91 77 165527 0 0 0
-1010 -72 61 93 332414 0 0 0
-1628 513 69 81 682780 0 0 0
-1061 698 70 83 291049 0 0 0
-715 258 104 65 527332 0 0 0
-1006 -147 60 72 342612 0 0 0
-1040 -205 110 99 989816 0 0 0
-761 -386 115 94 150378 0 0 0
-1162 -961 98 87 741810 0 0 0
-1454 -1487 85 91 121379 0 0 0
-2049 -1919 77 91 514794 0 0 0
-2353 -2331 74 102 148505 0 0 0
-2567 -2695 79 99 184370 0 0 0
-2940 -2849 102 52 653398 0 0 0
-3041 -3378 89 51 170515 0 0 0
-2731 -3961 69 81 751082 0 0 0
-3195 -3987 75 58 135929 0 0 0
-3723 -4315 98 66 421524 0 0 0
-3880 -4151 95 54 279273 0 0 0
-3773 -3953 104 59 113942 0 0 0
-3960 -3356 100 71 716307 0 0 0
-4340 -3286 84 51 595665 0 0 0
-4230 -2752 89 81 679018 0 0 0
-3771 -2884 60 51 382947 0 0 0
-3132 -2679 78 53 305031 0 0 0
-3767 -2703 61 97 714585 0 0 0
-4402 -2382 74 77 297319 0 0 0
-4378 -1977 87 79 110484 0 0 0
-4654 -2040 92 83 443886 0 0 0
-4252 -1843 97 100 576715 0 0 0
-4628 -1650 82 99 990048 0 0 0
-4758 -1961 76 92 594178 0 0 0
-5392 -2196 89 96 278891 0 0 0
-5933 -1913 81 54 403333 0 0 0
-2453 -868 106 81 502351 0 0 0
-3024 -552 63 52 991927 0 0 0
-2711 -975 63 68 443057 0 0 0
-2316 -1574 62 96 888616 0 0 0
-2440 -1588 110 81 579876 0 0 0
-2249 -1595 111 64 567187 0 0 0
-1618 -1129 76 61 645566 0 0 0
-1813 -1708 102 95 535208 0 0 0
-1237 -1666 73 75 302942 0 0 0
-1549 -1531 82 78 698997 0 0 0
-1316 -1792 94 78 120031 0 0 0
-1796 -2339 83 78 234395 0 0 0
-1631 -2707 116 54 293489 0 0 0
-1180 -2207 108 62 860139 0 0 0
770 -537 58 91 268383 0 0 0
1178 -930 112 77 885649 0 0 0
1563 -1100 62 96 416156 0 0 0
2148 -1205 90 96 660086 0 0 0
1640 -1821 96 75 125140 0 0 0
1478 -1753 107 87 168869 0 0 0
1647 -1155 72 74 988893 0 0 0
1044 -1141 114 88 206485 0 0 0
1298 -1377 87 74 990014 0 0 0
1737 -861 77 102 834379 0 0 0
1658 -1232 106 103 643474 0 0 0
1266 -1358 63 67 454011 0 0 0
1031 -1126 94 57 105186 0 0 0
451 -1451 62 56 378261 0 0 0
333 -955 60 62 379922 0 0 0
922 -760 111 96 819910 0 0 0
383 -226 71 92 692541 0 0 0
449 355 92 63 309776 0 0 0
-183 64 60 101 487815 0 0 0
43 79 69 52 846021 0 0 0
255 465 116 98 495066 0 0 0
739 644 92 55 669875 0 0 0
1116 107 88 97 390386 0 0 0
1201 123 113 90 215266 0 0 0
1253 643 116 52 593437 0 0 0
1434 104 103 67 256368 0 0 0
1029 -134 79 95 415962 0 0 0
1598 -736 76 66 130004 0 0 0
1325 -575 72 68 677691 0 0 0
782 -491 110 80 474694 0 0 0
1239 -1136 87 54 950553 0 0 0
1753 -1251 106 101 381143 0 0 0
2274 -1721 74 83 962376 0 0 0
1775 -1510 108 85 191529 0 0 0
1395 -887 96 94 804282 0 0 0
1937 -563 116 100 501243 0 0 0
2503 -778 90 57 226817 0 0 0
2603 -1035 109 52 936028 0 0 0
2863 -1637 91 77 564694 0 0 0
2545 3 87 100 153641 0 0 0
1909 437 106 57 172848 0 0 0
2240 875 64 81 902170 0 0 0
2731 1078 91 98 860000 0 0 0
2707 503 102 90 509906 0 0 0
3171 486 104 97 935987 0 0 0
3425 666 68 71 737768 0 0 0
3752 575 79 65 881627 0 0 0
3798 991 102 84 194949 0 0 0
3528 1221 96 100 325406 0 0 0
4060 710 114 59 245094 0 0 0
4596 938 61 74 421308 0 0 0
5055 1266 83 76 503667 0 0 0
5378 744 80 69 840734 0 0 0
5877 1012 114 57 120571 0 0 0
6363 937 82 59 949706 0 0 0
6789 616 65 66 466910 0 0 0
7073 191 104 82 681998 0 0 0
6870 -293 90 96 312721 0 0 0
7498 -820 109 63 296455 0 0 0
6887 -1428 77 93 226729 0 0 0
7525 -1801 84 61 805630 0 0 0
7739 -1941 62 53 611379 0 0 0
8167 -2568 75 70 716697 0 0 0
8238 -2130 115 103 259982 0 0 0
8271 -1653 112 85 154754 0 0 0
7806 -1699 66 52 895897 0 0 0
7454 -1642 78 102 630714 0 0 0
8052 -1598 99 93 169881 0 0 0
8065 -1957 98 89 543020 0 0 0
8601 -1883 111 70 426324 0 0 0
9143 -2193 97 91 263105 0 0 0
9105 -2226 59 62 915249 0 0 0
8876 -1604 58 84 843140 0 0 0
8776 -1269 86 92 559319 0 0 0
8548 -1739 93 51 530661 0 0 0
8518 -1426 76 59 710143 0 0 0
8510 -1777 62 100 884041 0 0 0
8032 -1148 82 94 840065 0 0 0
8485 -1353 66 95 199212 0 0 0
8875 -1205 85 63 641916 0 0 0
8315 -1441 94 73 725383 0 0 0
8825 -1223 105 72 266257 0 0 0
8835 -1720 67 84 493401 0 0 0
8883 -1407 106 66 269755 0 0 0
8861 -1365 67 100 137565 0 0 0
8637 -1887 76 90 280295 0 0 0
8060 -1968 79 85 876129 0 0 0
8274 -2205 107 55 315025 0 0 0
7768 -2662 65 58 753153 0 0 0
7333 -2315 87 74 614441 0 0 0
7516 -2460 110 55 522209 0 0 0
7343 -3075 82 98 136672 0 0 0
7377 -2483 93 78 623618 0 0 0
7170 -2562 87 101 175544 0 0 0
7607 -2657 104 85 855682 0 0 0
8159 -3050 82 54 177396 0 0 0
-2109 -446 60 53 913159 0 0 0
-2054 -641 93 54 800207 0 0 0
-1867 -138 77 59 359266 0 0 0
-1601 -773 85 54 777690 0 0 0
-2100 -785 60 98 496208 0 0 0
-1682 -509 105 73 822731 0 0 0
-2182 134 90 78 998491 0 0 0
-2763 110 62 80 370324 0 0 0
-2425 716 115 87 949157 0 0 0
-2493 1080 107 64 893477 0 0 0
-2066 1152 61 97 771399 0 0 0
-1654 816 64 100 627743 0 0 0
-1931 228 92 73 651387 0 0 0
-2300 -226 86 76 649701 0 0 0
-2753 -476 100 76 998363 0 0 0
-2177 -53 92 96 281483 0 0 0
-2358 -675 90 78 316306 0 0 0
-2482 -1176 100 60 388288 0 0 0
-2134 -1770 58 61 864324 0 0 0
-1849 -1602 98 103 717227 0 0 0
-1412 -2085 62 55 460627 0 0 0
-1592 -2732 74 98 726584 0 0 0
-1107 -2798 114 100 464180 0 0 0
-1547 -2530 71 65 620953 0 0 0
-1163 -3159 84 92 782343 0 0 0
-1789 -2864 88 98 891691 0 0 0
-1597 -2673 103 89 760736 0 0 0
-1913 -3287 85 58 225703 0 0 0
-2013 -3787 80 89 422024 0 0 0
-2217 -3811 87 61 518707 0 0 0
-2391 -3292 91 89 677444 0 0 0
-2439 -3547 62 56 893574 0 0 0
-2445 -3958 80 83 335902 0 0 0
-2359 -4503 59 64 797948 0 0 0
-2591 -4825 93 102 713401 0 0 0
-2192 -5339 73 93 922049 0 0 0
-2495 -5805 60 69 326408 0 0 0
-2663 -5641 115 53 497819 0 0 0
-2741 -5293 108 52 806789 0 0 0
2597 -195 96 54 271592 0 0 0
2952 -35 87 58 479376 0 0 0
2782 -60 92 58 820550 0 0 0
2538 388 77 55 693532 0 0 0
3003 202 100 72 782707 0 0 0
2798 -374 112 76 216123 0 0 0
2491 -29 95 65 308037 0 0 0
3075 409 76 86 572021 0 0 0
2955 950 81 82 324473 0 0 0
3532 540 102 57 741221 0 0 0
3095 1059 70 61 900326 0 0 0
2727 1544 107 96 295565 0 0 0
2111 1061 88 75 912673 0 0 0
1507 635 115 86 573775 0 0 0
1481 788 88 56 989742 0 0 0
1064 1118 86 59 180328 0 0 0
1080 677 71 66 785871 0 0 0
1049 1111 78 81 498731 0 0 0
495 502 76 59 329851 0 0 0
-134 591 94 72 905341 0 0 0
11 36 68 64 829789 0 0 0
-540 -1 68 76 141323 0 0 0
-201 -450 91 70 290381 0 0 0
173 -620 75 68 500755 0 0 0
723 -264 99 81 114743 0 0 0
1233 -900 97 79 997417 0 0 0
1738 -856 99 56 227342 0 0 0
1213 -1090 72 85 217934 0 0 0
1247 -600 64 55 455644 0 0 0
685 -191 69 89 969987 0 0 0
1548 784 84 73 975804 0 0 0
1689 867 62 92 948885 0 0 0
2205 771 96 80 690529 0 0 0
1568 997 77 82 323809 0 0 0
2013 1556 85 84 907988 0 0 0
2200 1699 61 92 796454 0 0 0
2414 1167 89 65 776331 0 0 0
2880 1329 110 61 517479 0 0 0
2664 926 66 79 371683 0 0 0
2831 475 99 58 344235 0 0 0
3335 65 111 63 103001 0 0 0
3400 582 94 101 965898 0 0 0
3063 224 110 60 524916 0 0 0
2802 202 112 59 503694 0 0 0
2754 468 115 96 974499 0 0 0
2711 494 82 78 888420 0 0 0
2163 1088 96 77 696910 0 0 0
2810 981 72 52 169587 0 0 0
3030 1511 59 91 984575 0 0 0
3328 1600 63 81 638909 0 0 0
3126 1817 86 84 481442 0 0 0
3670 1357 73 97 472494 0 0 0
978 -2007 63 77 820949 0 0 0
628 -1893 115 87 349346 0 0 0
739 -2280 94 84 857652 0 0 0
671 -2259 77 92 754456 0 0 0
89 -1734 93 51 333237 0 0 0
624 -2178 106 56 358821 0 0 0
-21 -1675 82 94 485422 0 0 0
235 -1804 69 84 767678 0 0 0
373 -1580 70 53 392714 0 0 0
995 -1557 84 93 846706 0 0 0
1563 -1432 61 58 203773 0 0 0
1432 -1767 106 68 504484 0 0 0
1984 -1542 104 69 940877 0 0 0
2222 -2048 76 60 761481 0 0 0
2841 -1822 81 66 771740 0 0 0
2820 -1283 73 88 189899 0 0 0
2858 -1273 71 88 975483 0 0 0
2937 -979 108 68 336844 0 0 0
2760 -1305 88 98 920641 0 0 0
3198 -1383 88 55 633106 0 0 0
3287 -809 102 87 926441 0 0 0
2914 -838 66 95 162501 0 0 0
2280 -342 114 61 215064 0 0 0
1650 108 114 80 586533 0 0 0
1789 588 87 62 360731 0 0 0
1915 1062 72 66 167717 0 0 0
1693 1337 60 88 535291 0 0 0
1480 1298 69 74 394970 0 0 0
1120 805 97 51 564449 0 0 0
952 704 71 61 415287 0 0 0
897 1101 71 101 736564 0 0 0
1231 1014 74 93 495743 0 0 0
908 696 86 70 763080 0 0 0
879 625 115 80 384238 0 0 0
1181 17 58 81 243238 0 0 0
1722 243 90 60 615496 0 0 0
1592 14 95 62 887007 0 0 0
1425 514 90 61 561459 0 0 0
798 1094 94 59 857681 0 0 0
1003 1016 106 65 381868 0 0 0
526 1292 85 79 150883 0 0 0
461 1240 78 74 359130 0 0 0
-2600 771 94 92 410510 0 0 0
-2638 561 94 66 510649 0 0 0
-2508 969 84 62 159093 0 0 0
-2436 1455 71 61 445917 0 0 0
-2247 1354 61 95 585952 0 0 0
-2522 748 73 77 665890 0 0 0
-3127 486 82 87 169336 0 0 0
-3753 429 89 77 882868 0 0 0
-3284 716 86 71 645458 0 0 0
-3073 582 75 69 280779 0 0 0
-2788 1112 63 88 114847 0 0 0
-2825 1326 110 102 844415 0 0 0
-3370 1855 111 93 773112 0 0 0
-3097 2359 88 98 958629 0 0 0
-3487 2733 82 66 242909 0 0 0
-3676 2641 81 90 760642 0 0 0
-4301 2465 113 58 878257 0 0 0
-4623 1946 98 96 709405 0 0 0
-4103 1773 58 65 376300 0 0 0
-3698 2247 85 79 723870 0 0 0
-3239 1890 99 82 661172 0 0 0
-3661 2358 102 90 318159 0 0 0
-3726 2430 72 75 516329 0 0 0
-4176 2450 68 64 840677 0 0 0
-4245 2616 62 57 948849 0 0 0
-3917 2387 75 101 907782 0 0 0
-4379 2768 115 60 123987 0 0 0
-5008 2290 64 69 568184 0 0 0
-4531 2171 78 92 962619 0 0 0
-4377 2218 85 103 235938 0 0 0
-4348 1848 76 74 111384 0 0 0
-4014 1660 109 61 293373 0 0 0
-3723 1578 74 75 982521 0 0 0
-3342 1880 106 85 290052 0 0 0
-3796 2004 82 86 587224 0 0 0
-3681 1992 64 69 927723 0 0 0
-4090 2028 82 79 555139 0 0 0
-4740 2103 97 85 921004 0 0 0
-4903 2133 73 90 414403 0 0 0
-4838 1657 73 77 816630 0 0 0
-5144 1661 62 59 528830 0 0 0
-5554 1911 111 90 745516 0 0 0
-5551 1754 112 100 118474 0 0 0
-5285 1818 95 97 362209 0 0 0
-4752 2054 97 68 278472 0 0 0
-4389 2351 78 102 337733 0 0 0
-3823 2371 87 87 876567 0 0 0
-3623 2367 115 91 186492 0 0 0
-3848 2453 63 64 210158 0 0 0
-4324 2259 109 103 582738 0 0 0
-4815 1921 98 51 507877 0 0 0
-5243 1327 67 71 969214 0 0 0
-4843 806 64 81 136893 0 0 0
-4466 353 58 72 353383 0 0 0
-3917 105 75 88 861020 0 0 0
-3710 -396 89 56 557633 0 0 0
-2203 -1309 83 63 773961 0 0 0
-2809 -1729 65 57 408047 0 0 0
-2231 -1937 110 97 484415 0 0 0
-2558 -2085 66 91 853632 0 0 0
-3115 -1815 78 55 286868 0 0 0
-3258 -2165 95 60 640136 0 0 0
-3378 -2791 110 59 871812 0 0 0
-3769 -2810 87 91 102116 0 0 0
-3480 -2962 62 95 865116 0 0 0
-2994 -2476 78 101 576570 0 0 0
-2416 -2647 106 90 621994 0 0 0
-2946 -3264 80 62 829743 0 0 0
-3089 -2980 71 73 677000 0 0 0
-2982 -2672 112 96 972791 0 0 0
-2879 -2181 91 84 695254 0 0 0
-2905 -2504 87 92 678815 0 0 0
-2948 -2997 109 74 429989 0 0 0
-3404 -2966 75 53 638399 0 0 0
-3624 -3511 101 93 939056 0 0 0
-3493 -3700 66 62 567875 0 0 0
-2929 -4067 114 78 963616 0 0 0
-2624 -4587 102 84 957398 0 0 0
-2401 -4930 101 95 180618 0 0 0
-2653 -4405 79 56 306322 0 0 0
-2352 -4857 104 81 202348 0 0 0
-2276 -4657 61 57 890616 0 0 0
-2643 -5234 84 69 226796 0 0 0
-2818 -4994 97 54 991063 0 0 0
-3278 -5061 112 86 533273 0 0 0
-2741 -4607 87 76 937499 0 0 0
-2523 -4430 67 86 272529 0 0 0
-2992 -4688 69 63 896862 0 0 0
-2839 -5276 102 72 593177 0 0 0
-2696 -5044 95 91 948436 0 0 0
-2819 -5289 68 62 587218 0 0 0
-2685 -4719 86 56 913686 0 0 0
-2505 -4223 90 74 878604 0 0 0
-2340 -4587 93 54 147083 0 0 0
-2629 -4246 107 65 802561 0 0 0
-2171 -3869 116 82 830216 0 0 0
-1664 -3385 91 63 960556 0 0 0
-1291 -3623 71 69 148677 0 0 0
-1069 -3338 113 61 812450 0 0 0
-1161 -3598 89 71 717789 0 0 0
-2445 -856 93 90 899229 0 0 0
-2107 -241 67 63 590944 0 0 0
-1834 -337 97 97 712024 0 0 0
-2192 -972 74 51 717117 0 0 0
-1880 -634 115 64 179946 0 0 0
-2032 -752 115 59 489830 0 0 0
-1706 -314 111 75 893455 0 0 0
-2236 229 109 90 169876 0 0 0
-2369 767 62 84 707983 0 0 0
-2647 147 96 51 470315 0 0 0
-2236 -143 101 76 800537 0 0 0
-2244 -428 82 59 523841 0 0 0
-2831 -703 100 95 760471 0 0 0
-3359 -480 92 75 769257 0 0 0
-3329 -214 76 88 787593 0 0 0
-3274 -727 114 83 316210 0 0 0
-2932 -865 78 69 604217 0 0 0
-3362 -576 105 99 736627 0 0 0
-2913 -1162 105 75 933544 0 0 0
-2741 -831 92 67 163436 0 0 0
-2469 -412 91 70 109539 0 0 0
-2968 -605 110 75 521671 0 0 0
-3463 -63 107 88 571286 0 0 0
-1468 -2174 115 96 364610 0 0 0
-1939 -2367 108 52 677364 0 0 0
-1758 -2620 104 60 320125 0 0 0
-1959 -2871 83 59 571789 0 0 0
-2421 -3229 102 98 222767 0 0 0
-2058 -2979 105 72 973530 0 0 0
-2119 -3380 91 57 645015 0 0 0
-1770 -3301 98 98 306581 0 0 0
-2228 -3492 111 64 332078 0 0 0
-2334 -3933 108 54 440488 0 0 0
-2317 -4017 60 95 377540 0 0 0
-2930 -3440 68 85 410536 0 0 0
-2631 -2931 75 56 679181 0 0 0
-2570 -2388 69 85 659414 0 0 0
-1956 -2903 108 55 408246 0 0 0
-1686 -2806 85 63 401522 0 0 0
-1631 -3108 59 69 480771 0 0 0
-1691 -2594 99 79 946184 0 0 0
-1812 -2793 89 62 574945 0 0 0
-1227 -2758 81 73 148972 0 0 0
-1435 -2389 64 72 143199 0 0 0
-2000 -2885 79 79 389910 0 0 0
-1776 -3080 97 75 525132 0 0 0
-1511 -3235 100 97 960757 0 0 0
-1259 -3369 114 91 406413 0 0 0
-1888 -3709 73 100 799260 0 0 0
-2293 -3075 65 94 425383 0 0 0
-1861 -3240 107 81 256329 0 0 0
-1572 -3512 86 57 899781 0 0 0
-1713 -3677 84 57 878747 0 0 0
-2013 -4141 113 53 357877 0 0 0
-2067 -4302 104 94 355040 0 0 0
-2584 -3846 64 90 672995 0 0 0
-2902 -3987 100 61 184946 0 0 0
-2649 -4339 109 87 468810 0 0 0
-2719 -4110 112 53 578440 0 0 0
-3136 -4666 111 64 332155 0 0 0
-3169 -4936 85 81 814936 0 0 0
-3041 -4809 102 77 233879 0 0 0
-3593 -4252 59 98 185742 0 0 0
-3191 -4336 61 81 728493 0 0 0
-3433 -4252 68 96 546223 0 0 0
-2853 -4345 86 95 310424 0 0 0
-2834 -4907 62 54 839522 0 0 0
-2597 -4589 106 57 822559 0 0 0
-2935 -5173 96 63 455431 0 0 0
-2882 -4733 86 91 652154 0 0 0
-2849 -4505 59 89 490993 0 0 0
-3176 -4350 80 67 295539 0 0 0
-3400 -3855 114 69 634065 0 0 0
-3458 -3210 65 52 909590 0 0 0
-3792 -3651 112 98 136479 0 0 0
-3256 -3446 94 66 361318 0 0 0
-3677 -4041 72 97 893980 0 0 0
-3757 -4122 95 100 928532 0 0 0
-3915 -4361 78 94 153155 0 0 0
-4062 -4241 95 71 482321 0 0 0
-4159 -4681 95 80 706199 0 0 0
-4050 -5072 94 77 938386 0 0 0
-4581 -4895 76 60 443553 0 0 0
-4064 -5422 60 54 741819 0 0 0
-3771 -5239 85 86 466045 0 0 0
-3876 -5595 89 77 764959 0 0 0
-4438 -5054 81 85 906858 0 0 0
-3907 -5398 105 83 368916 0 0 0
-4391 -5688 89 57 776276 0 0 0
-4979 -5393 67 72 213036 0 0 0
-5066 -6012 113 93 190937 0 0 0
-4560 -6400 98 102 216637 0 0 0
-4712 -6116 81 60 991183 0 0 0
-5085 -5480 101 83 341034 0 0 0
-5682 -5888 96 90 385929 0 0 0
-5357 -6455 90 99 579487 0 0 0
-4714 -5873 116 60 341995 0 0 0
-4185 -6258 70 57 874061 0 0 0
-3823 -5670 59 90 381695 0 0 0
-4448 -5990 111 73 814364 0 0 0
-4905 -5966 116 74 940864 0 0 0
-726 -341 92 70 528746 0 0 0
-737 -24 98 67 937531 0 0 0
-709 -191 81 85 332380 0 0 0
-973 -398 76 74 869048 0 0 0
-962 -941 113 81 797068 0 0 0
-915 -936 98 87 851518 0 0 0
-1169 -702 105 75 525213 0 0 0
-526 -1292 88 59 193881 0 0 0
-77 -1617 63 57 869587 0 0 0
-127 -2042 108 54 859619 0 0 0
285 -1840 74 89 679014 0 0 0
253 -1432 84 91 184701 0 0 0
681 -1552 107 55 256135 0 0 0
640 -1049 95 80 867351 0 0 0
111 -836 104 55 700859 0 0 0
-502 -792 112 72 781089 0 0 0
-941 -490 98 80 240298 0 0 0
-981 -937 108 53 408086 0 0 0
-455 -596 101 69 181786 0 0 0
-240 -1243 69 86 157749 0 0 0
-204 -1415 94 78 322036 0 0 0
-785 -1564 74 99 279519 0 0 0
-331 -1918 65 77 642070 0 0 0
-458 -1661 61 74 518606 0 0 0
-520 -1105 65 63 959927 0 0 0
-108 -609 96 69 194822 0 0 0
-534 -1041 70 99 440286 0 0 0
1756 1266 81 51 859986 0 0 0
1454 664 70 63 184472 0 0 0
1910 848 96 67 876701 0 0 0
1374 283 83 57 629453 0 0 0
794 95 58 95 274712 0 0 0
895 638 73 100 660333 0 0 0
475 846 85 66 438282 0 0 0
159 941 73 101 768883 0 0 0
790 496 75 69 471744 0 0 0
1001 755 69 73 593110 0 0 0
365 171 96 80 400480 0 0 0
445 -60 70 79 467277 0 0 0
996 285 62 68 689933 0 0 0
1318 677 58 65 294323 0 0 0
892 821 110 65 255645 0 0 0
521 344 102 65 248327 0 0 0
-80 94 67 89 237243 0 0 0
-1429 -1755 108 85 597052 0 0 0
-1522 -1995 97 76 591921 0 0 0
-2090 -1698 100 59 685132 0 0 0
-1541 -1356 104 70 786879 0 0 0
-1815 -1264 93 100 288021 0 0 0
-1296 -1156 61 65 166677 0 0 0
-1866 -602 70 94 679626 0 0 0
-2029 -425 109 73 334956 0 0 0
-1615 -54 87 62 161561 0 0 0
-1229 -270 60 69 216794 0 0 0
-1375 305 110 53 871123 0 0 0
-1108 930 100 51 314477 0 0 0
-1323 1536 109 57 231332 0 0 0
-698 967 103 86 760784 0 0 0
-318 430 97 74 265969 0 0 0
-414 -145 59 62 397245 0 0 0
-685 287 60 100 995345 0 0 0
-996 394 63 61 537106 0 0 0
-1158 -204 92 102 870032 0 0 0
-819 44 102 80 741883 0 0 0
-503 184 79 55 975453 0 0 0
-308 553 106 62 854754 0 0 0
-421 25 60 52 923324 0 0 0
-202 -249 89 84 954607 0 0 0
403 -551 109 92 592055 0 0 0
-214 -1072 112 55 240708 0 0 0
-605 -534 70 54 868472 0 0 0
-276 -702 70 79 446032 0 0 0
1233 1659 65 102 287167 0 0 0
1199 1898 102 83 266225 0 0 0
1223 1718 65 53 936327 0 0 0
937 1986 108 103 840167 0 0 0
573 1539 78 91 887969 0 0 0
615 1270 87 102 794817 0 0 0
1146 1503 58 84 131798 0 0 0
1086 1940 95 88 853793 0 0 0
1320 2056 107 78 997264 0 0 0
975 1784 75 65 465012 0 0 0
1411 2115 110 82 927522 0 0 0
1978 1623 82 88 716215 0 0 0
1381 1151 102 96 597370 0 0 0
1297 541 58 74 977248 0 0 0
-1332 519 89 95 194045 0 0 0
-1966 464 58 54 225110 0 0 0
-2085 283 65 77 408115 0 0 0
-1670 395 87 86 830369 0 0 0
-2314 42 90 98 464202 0 0 0
-1971 -34 64 98 377821 0 0 0
-1816 -536 88 70 528810 0 0 0
-2173 -488 103 98 687164 0 0 0
-2478 -54 65 70 586657 0 0 0
-2354 353 70 54 845562 0 0 0
-1848 491 85 80 909727 0 0 0
-2105 56 113 97 436579 0 0 0
-1458 682 68 99 642576 0 0 0
-1452 121 63 98 107286 0 0 0
-1848 -426 91 86 965815 0 0 0
-1505 -850 62 79 805712 0 0 0
-946 -379 96 96 943477 0 0 0
-1388 -293 62 59 674527 0 0 0
-1825 -428 72 93 345092 0 0 0
-1961 -634 85 63 396997 0 0 0
-2546 -822 105 93 974586 0 0 0
-3029 -873 116 91 812829 0 0 0
-3322 -1122 116 83 528085 0 0 0
-3201 -920 116 87 823680 0 0 0
-2644 -1378 114 94 897067 0 0 0
-2611 -1017 76 97 457835 0 0 0
-2851 -1092 91 63 780201 0 0 0
-2939 -1172 61 78 818670 0 0 0
-2625 -1734 66 71 137428 0 0 0
-2563 -2373 69 66 209146 0 0 0
-2506 -2974 76 60 650335 0 0 0
-2854 -3086 93 55 179055 0 0 0
-2712 -3076 70 96 688300 0 0 0
-2985 -3518 66 79 566244 0 0 0
-2340 -3229 93 53 998825 0 0 0
-2304 -3577 78 54 699219 0 0 0
-1689 -3766 62 51 779964 0 0 0
-1855 -4126 73 70 975710 0 0 0
-1428 -4491 61 87 213352 0 0 0
-1197 -4484 106 53 408158 0 0 0
-891 -4383 75 53 919027 0 0 0
-1092 -4980 109 68 715985 0 0 0
-1033 -5219 111 83 427076 0 0 0
-1108 -5480 92 72 739897 0 0 0
-1818 769 96 77 505789 0 0 0
-2242 939 58 61 790876 0 0 0
-2293 674 96 55 968945 0 0 0
-1979 755 65 67 877584 0 0 0
-1513 533 75 64 513300 0 0 0
-1651 1181 62 82 825958 0 0 0
-1816 1514 115 102 515843 0 0 0
-2428 1652 104 78 280867 0 0 0
-2829 1760 99 85 846080 0 0 0
-3030 2349 84 66 194302 0 0 0
-2513 1830 92 54 116347 0 0 0
-2371 1746 101 84 490854 0 0 0
-2741 1172 116 74 136009 0 0 0
-3115 886 66 88 604671 0 0 0
-2594 1409 106 88 765572 0 0 0
-2084 1208 82 78 106668 0 0 0
-1739 785 88 102 543662 0 0 0
-1927 650 103 77 199618 0 0 0
-2494 1113 76 65 948867 0 0 0
-2125 1011 112 62 586302 0 0 0
-2705 637 108 74 155538 0 0 0
-2424 991 77 52 739843 0 0 0
-2662 670 63 72 554464 0 0 0
-2661 151 78 52 505308 0 0 0
-2982 -419 112 52 119762 0 0 0
-3103 40 89 69 857240 0 0 0
-3024 -191 105 52 548095 0 0 0
-3167 -465 63 63 941624 0 0 0
-3371 152 70 70 312822 0 0 0
-2928 734 116 70 839548 0 0 0
806 1420 79 56 347698 0 0 0
324 1901 86 76 322722 0 0 0
626 2232 111 62 201692 0 0 0
111 2006 88 68 682970 0 0 0
695 1874 102 97 218853 0 0 0
924 2273 87 91 396032 0 0 0
940 2204 97 98 701816 0 0 0
1344 2023 94 62 334858 0 0 0
1411 2656 100 52 893803 0 0 0
1278 2730 76 103 927130 0 0 0
1059 2388 77 102 389953 0 0 0
974 2328 58 65 358186 0 0 0
1308 1885 75 83 687022 0 0 0
1282 2513 109 53 825800 0 0 0
1640 2841 66 62 622527 0 0 0
1450 2770 99 94 568358 0 0 0
1347 3033 96 76 192214 0 0 0
1759 3629 100 58 396505 0 0 0
1211 3661 95 72 644167 0 0 0
1553 3102 96 101 195778 0 0 0
1136 3020 65 79 760399 0 0 0
839 3362 62 60 792716 0 0 0
1013 3975 95 53 830829 0 0 0
749 3679 93 94 896953 0 0 0
620 4009 84 87 766765 0 0 0
27 3976 93 83 420642 0 0 0
-318 4539 116 91 839728 0 0 0
72 4209 102 53 200348 0 0 0
1 4629 104 57 293056 0 0 0
-56 5077 111 100 748841 0 0 0
185 4885 58 85 454117 0 0 0
113 5175 112 55 431767 0 0 0
-502 5375 90 100 420846 0 0 0
131 5367 91 70 742758 0 0 0
179 5170 75 95 192824 0 0 0
429 4653 115 74 542744 0 0 0
626 5033 101 82 618124 0 0 0
1036 4866 90 97 348332 0 0 0
404 4461 75 82 212733 0 0 0
130 4199 104 72 933006 0 0 0
623 4402 60 99 529022 0 0 0
407 4800 91 57 317678 0 0 0
519 5064 95 66 210194 0 0 0
-126 4740 60 65 958537 0 0 0
-122 4428 95 54 935930 0 0 0
500 3790 109 79 690842 0 0 0
558 4336 86 51 344712 0 0 0
942 4560 88 87 662410 0 0 0
1464 4516 77 87 969281 0 0 0
1575 4076 85 86 241779 0 0 0
1252 4152 65 56 679223 0 0 0
625 4256 92 61 247695 0 0 0
532 3824 103 83 417136 0 0 0
940 3855 75 88 265328 0 0 0
905 3255 114 70 278812 0 0 0
1068 2891 101 54 593317 0 0 0
467 3193 93 66 827687 0 0 0
1105 3649 104 59 542639 0 0 0
756 3436 104 86 197697 0 0 0
751 4014 101 90 133266 0 0 0
984 3450 72 72 237821 0 0 0
439 3211 77 61 317291 0 0 0
290 2803 82 80 116138 0 0 0
-580 -1231 82 95 841648 0 0 0
-461 -1054 96 99 199882 0 0 0
-149 -1108 64 58 601683 0 0 0
441 -768 63 76 501532 0 0 0
535 -1232 87 99 103524 0 0 0
28 -852 104 93 158796 0 0 0
652 -519 61 58 424212 0 0 0
462 -398 100 55 644253 0 0 0
-49 -709 86 73 471080 0 0 0
164 -583 58 54 864797 0 0 0
297 -353 94 79 383149 0 0 0
436 -571 81 59 319286 0 0 0
517 -241 95 71 954596 0 0 0
-13 -499 114 58 420306 0 0 0
-8 -137 60 60 307365 0 0 0
-114 24 69 52 651644 0 0 0
373 -581 90 73 263894 0 0 0
75 -484 62 80 548901 0 0 0
-334 -870 95 102 110114 0 0 0
-26 -1166 96 86 783781 0 0 0
597 -1553 88 54 145188 0 0 0
277 -907 102 81 337338 0 0 0
782 -424 115 96 734000 0 0 0
1003 -998 78 55 354041 0 0 0
677 -608 105 75 717958 0 0 0
2192 907 115 69 642281 0 0 0
2119 1035 73 100 178191 0 0 0
2728 924 62 78 976954 0 0 0
3075 1392 81 103 857354 0 0 0
2871 1992 98 78 756385 0 0 0
3080 2189 86 100 178694 0 0 0
2925 1782 107 51 255618 0 0 0
2743 2319 89 74 838547 0 0 0
3292 1982 91 93 280938 0 0 0
3399 1542 84 92 557684 0 0 0
2822 1183 84 74 225094 0 0 0
3443 1244 102 95 960126 0 0 0
2831 697 86 84 377878 0 0 0
2939 871 83 87 568328 0 0 0
2947 420 113 99 532889 0 0 0
3198 568 60 78 106540 0 0 0
3026 903 84 73 183424 0 0 0
2706 1424 100 80 479572 0 0 0
2688 1630 113 63 396876 0 0 0
2069 1701 92 58 823921 0 0 0
2190 1157 89 92 353189 0 0 0
2433 1405 87 59 762294 0 0 0
2744 1708 103 60 354910 0 0 0
2707 2200 83 76 788700 0 0 0
2080 2156 112 67 671233 0 0 0
1471 2532 93 80 151329 0 0 0
996 2257 109 61 294438 0 0 0
1159 2415 105 74 254735 0 0 0
763 2899 114 84 294691 0 0 0
1138 2856 59 98 368352 0 0 0
836 2826 98 72 501993 0 0 0
518 3337 69 68 751021 0 0 0
994 -488 93 95 271717 0 0 0
688 -881 108 70 650834 0 0 0
847 -954 58 99 784866 0 0 0
1145 -1130 102 93 179594 0 0 0
855 -1343 69 68 295068 0 0 0
1022 -1429 93 99 167468 0 0 0
882 -802 112 73 202329 0 0 0
551 -615 78 69 843005 0 0 0
816 -316 65 66 805331 0 0 0
972 -303 68 88 952392 0 0 0
335 -646 80 51 736908 0 0 0
278 -706 68 90 743675 0 0 0
93 -295 71 53 723462 0 0 0
94 -538 79 83 952482 0 0 0
-234 -255 116 55 161991 0 0 0
-198 385 90 55 594671 0 0 0
83 543 104 94 440834 0 0 0
-102 538 89 96 773948 0 0 0
543 42 76 60 157485 0 0 0
671 -570 110 51 544314 0 0 0
612 -252 111 98 775717 0 0 0
1207 -403 73 86 998546 0 0 0
1320 -312 66 64 935124 0 0 0
1070 7 104 87 687304 0 0 0
1070 -413 110 61 445171 0 0 0
1246 -916 115 71 910038 0 0 0
1545 -272 62 99 151789 0 0 0
2016 -826 69 84 565983 0 0 0
1755 -449 86 98 428842 0 0 0
1797 -147 94 85 563388 0 0 0
2366 -651 96 96 856843 0 0 0
2117 -1141 96 59 444649 0 0 0
-41 -375 109 86 190761 0 0 0
-256 -972 104 52 247747 0 0 0
-14 -1111 85 79 817546 0 0 0
168 -1047 72 55 289908 0 0 0
160 -1091 59 80 701583 0 0 0
565 -627 76 68 447281 0 0 0
1057 -234 61 68 853133 0 0 0
1425 -146 82 77 156197 0 0 0
1443 -575 101 74 878632 0 0 0
1826 -246 98 66 539613 0 0 0
1462 -710 90 84 731699 0 0 0
918 -311 99 54 471799 0 0 0
1063 306 73 102 591448 0 0 0
1009 688 81 55 601461 0 0 0
556 243 99 65 770402 0 0 0
46 309 113 86 624033 0 0 0
-54 206 60 63 401744 0 0 0
-585 190 92 89 437330 0 0 0
-725 -51 87 68 624170 0 0 0
-300 340 111 65 885673 0 0 0
-154 -148 65 52 362283 0 0 0
-695 264 96 85 238934 0 0 0
-550 -104 80 56 467457 0 0 0
-989 -87 115 52 559906 0 0 0
-816 84 95 61 201478 0 0 0
-1326 210 81 72 420396 0 0 0
-1850 244 79 90 919246 0 0 0
-1409 3 75 60 956153 0 0 0
-1855 399 80 94 391606 0 0 0
-1496 270 101 73 624222 0 0 0
-1949 437 64 101 213103 0 0 0
-1794 1038 113 94 444935 0 0 0
-2307 477 68 53 243028 0 0 0
-2205 -150 81 54 250257 0 0 0
-2622 -236 87 90 496054 0 0 0
-2296 -153 105 53 115083 0 0 0
-2862 460 71 88 932205 0 0 0
-2329 1077 88 90 267425 0 0 0
-1852 698 98 53 813608 0 0 0
-1575 711 110 86 852339 0 0 0
-2078 990 58 86 857921 0 0 0
-2255 446 76 85 972391 0 0 0
-2555 1002 90 80 424706 0 0 0
-2389 753 111 85 147968 0 0 0
-2554 943 79 83 848841 0 0 0
-2771 306 98 76 628202 0 0 0
-2386 -18 99 87 738977 0 0 0
-2140 -124 105 65 370196 0 0 0
-2491 -694 97 83 225546 0 0 0
-2102 -1190 59 77 676096 0 0 0
-1676 -757 72 86 820263 0 0 0
-1197 -800 79 68 685157 0 0 0
-1624 -1397 84 82 790201 0 0 0
-2242 -1790 75 60 280545 0 0 0
-2598 -1191 86 77 247407 0 0 0
-2071 -1107 61 90 812059 0 0 0
-1862 -922 110 85 991725 0 0 0
-1814 -347 97 55 143726 0 0 0
-1492 -1746 110 66 296989 0 0 0
-1205 -2132 58 84 524315 0 0 0
-1512 -2501 85 97 100101 0 0 0
-1375 -2251 75 86 376215 0 0 0
-1774 -1885 106 64 276340 0 0 0
-1284 -2148 90 73 701468 0 0 0
-1433 -2022 88 63 194753 0 0 0
-1278 -1998 81 62 872870 0 0 0
-1398 -2384 64 90 440683 0 0 0
-962 -2618 70 68 900031 0 0 0
-1447 -2118 73 79 857446 0 0 0
-1805 -1821 78 82 545358 0 0 0
-1359 -1496 99 88 562712 0 0 0
-1087 -1213 88 57 810442 0 0 0
-741 -1568 99 59 210784 0 0 0
-578 -1248 82 59 721067 0 0 0
-872 -1036 69 62 492768 0 0 0
-721 -711 108 68 347039 0 0 0
-314 -700 69 51 238289 0 0 0
-189 -974 114 53 852057 0 0 0
453 -1115 103 101 519951 0 0 0
584 -586 110 92 769843 0 0 0
368 -833 76 103 509381 0 0 0
443 -451 58 92 667337 0 0 0
893 -797 113 91 318570 0 0 0
991 -924 103 98 443538 0 0 0
509 -584 99 60 829718 0 0 0
774 -826 114 56 933967 0 0 0
1279 -884 72 56 447364 0 0 0
1652 -1159 94 53 591483 0 0 0
1246 -680 112 70 140832 0 0 0
1774 -1071 95 75 512021 0 0 0
1254 -498 73 61 411126 0 0 0
944 -666 100 86 239951 0 0 0
728 -554 109 80 330949 0 0 0
877 -1119 81 76 271757 0 0 0
1337 -1404 85 99 820892 0 0 0
1841 -1438 89 82 260224 0 0 0
-388 1864 91 72 321949 0 0 0
-210 2237 71 102 386491 0 0 0
-35 1891 62 61 103503 0 0 0
-235 2287 92 96 561790 0 0 0
-840 1857 84 64 884793 0 0 0
-938 2061 74 96 706116 0 0 0
-1045 1487 62 90 513868 0 0 0
-985 1736 77 56 433981 0 0 0
-740 2217 109 66 470997 0 0 0
-1033 1909 112 69 123935 0 0 0
-1166 2109 91 88 902350 0 0 0
-684 1667 67 96 947530 0 0 0
-1018 1833 89 98 246075 0 0 0
-1054 2432 67 79 345438 0 0 0
-668 2819 75 60 923754 0 0 0
-220 2333 81 86 891492 0 0 0
-719 2656 103 52 497957 0 0 0
-1200 2666 101 83 900047 0 0 0
-900 2534 83 102 275922 0 0 0
-1355 2293 116 75 559305 0 0 0
-1812 2787 70 87 494588 0 0 0
-1580 2215 63 98 408860 0 0 0
-1932 2746 91 74 468799 0 0 0
-2179 2116 60 90 911884 0 0 0
-2013 2594 59 88 312873 0 0 0
-1813 2609 62 56 232102 0 0 0
-2058 2643 79 89 507516 0 0 0
-1978 2318 79 59 929083 0 0 0
-1387 2294 112 95 740262 0 0 0
-1832 2944 115 93 397622 0 0 0
-1927 2579 76 62 573187 0 0 0
-1350 2007 114 55 827839 0 0 0
-970 1708 94 94 429627 0 0 0
-1602 2357 58 82 984381 0 0 0
-1269 2233 108 81 984954 0 0 0
-1885 2848 72 96 673574 0 0 0
-1475 3019 71 62 120569 0 0 0
-1471 2812 101 75 826863 0 0 0
-2098 2374 78 69 161173 0 0 0
-2591 2399 63 58 265628 0 0 0
-2425 2163 88 87 763962 0 0 0
2265 -57 66 93 690029 0 0 0
2687 -17 77 58 370386 0 0 0
2527 -107 105 70 211500 0 0 0
2202 76 98 78 575863 0 0 0
1680 24 92 99 713714 0 0 0
1463 12 111 80 961354 0 0 0
1890 48 81 60 125283 0 0 0
1607 216 80 78 577407 0 0 0
1285 825 75 96 850586 0 0 0
840 1428 92 74 127491 0 0 0
1445 979 63 81 732227 0 0 0
1011 1018 87 53 278116 0 0 0
1600 411 85 51 488234 0 0 0
2205 369 91 52 769117 0 0 0
2502 986 61 64 978764 0 0 0
2724 1618 62 99 396563 0 0 0
2459 1845 93 63 677205 0 0 0
1982 2055 93 81 985621 0 0 0
2178 1601 63 103 823705 0 0 0
1892 1164 108 65 134239 0 0 0
1996 776 76 70 851700 0 0 0
2587 517 74 59 383467 0 0 0
2577 847 77 88 662309 0 0 0
2906 967 76 95 491907 0 0 0
3112 1245 113 61 554662 0 0 0
2567 1038 107 58 743027 0 0 0
2260 580 105 87 503361 0 0 0
2200 334 101 63 810389 0 0 0
2552 147 116 77 856087 0 0 0
2110 197 91 57 628454 0 0 0
2283 -151 113 70 928994 0 0 0
1934 48 95 78 197166 0 0 0
1606 328 84 77 477275 0 0 0
1407 -206 74 59 221821 0 0 0
949 -466 116 79 878209 0 0 0
330 -580 109 90 704381 0 0 0
872 -678 102 65 791782 0 0 0
1138 -255 84 81 793978 0 0 0
619 -340 107 81 400926 0 0 0
917 -904 67 79 352715 0 0 0
1145 -1462 80 100 861862 0 0 0
552 -2058 96 61 521857 0 0 0
586 -1825 60 75 533194 0 0 0
854 -2002 110 86 864705 0 0 0
1354 -2328 63 69 215955 0 0 0
1886 -2835 87 58 703241 0 0 0
1376 -2754 115 60 416092 0 0 0
731 -2600 91 65 571095 0 0 0
689 -2572 81 64 696541 0 0 0
54 -2590 114 103 708836 0 0 0
598 -3043 75 61 293420 0 0 0
205 -3500 71 59 657099 0 0 0
574 -3782 84 87 525994 0 0 0
777 -3590 105 63 273604 0 0 0
439 -3128 110 52 587070 0 0 0
915 -2608 115 73 343593 0 0 0
1345 -3041 74 77 209642 0 0 0
1712 -2525 86 58 579369 0 0 0
1222 -3032 59 95 876676 0 0 0
1679 -2718 86 62 264933 0 0 0
1686 -2186 99 52 175047 0 0 0
1352 -1970 89 72 524116 0 0 0
1492 -1484 102 99 572478 0 0 0
1615 -1653 84 73 138233 0 0 0
2189 -1140 94 98 978711 0 0 0
2217 -1185 84 59 546308 0 0 0
2704 -802 58 60 385544 0 0 0
3075 -1384 87 91 728903 0 0 0
2777 -1375 64 59 642238 0 0 0
2322 -830 79 64 330598 0 0 0
1771 -556 115 53 664856 0 0 0
1820 -573 114 62 596709 0 0 0
2370 -1179 100 82 361907 0 0 0
1904 -639 69 51 177939 0 0 0
1412 -924 63 78 633831 0 0 0
1875 -1277 104 53 592356 0 0 0
1304 -938 109 85 671038 0 0 0
1869 -1217 71 69 211950 0 0 0
1738 -759 83 90 773235 0 0 0
1588 -1233 72 92 985457 0 0 0
2165 -819 64 92 553040 0 0 0
2519 -703 71 97 474459 0 0 0
2840 -676 82 73 585863 0 0 0
2613 -559 98 51 135568 0 0 0
2001 -269 80 56 594414 0 0 0
1847 -28 69 86 758723 0 0 0
2009 177 90 91 614449 0 0 0
2219 633 83 99 352306 0 0 0
2034 874 59 67 257949 0 0 0
-1121 1281 101 87 383771 0 0 0
-981 1141 59 87 316087 0 0 0
-1203 1560 107 83 856522 0 0 0
-1811 1315 104 99 995399 0 0 0
-1516 1611 84 75 130097 0 0 0
-2006 2140 71 90 339670 0 0 0
-2138 2169 61 84 611049 0 0 0
-2549 2549 82 94 623421 0 0 0
-2776 2853 82 72 985907 0 0 0
-2449 2363 77 91 841727 0 0 0
-2916 2048 75 75 594158 0 0 0
-2853 2375 115 86 524812 0 0 0
-2216 2184 90 60 616090 0 0 0
-2277 2756 59 80 851167 0 0 0
-2021 2338 94 82 310018 0 0 0
-1635 2861 62 81 298257 0 0 0
-1438 3402 103 97 895937 0 0 0
-2051 3390 59 67 794394 0 0 0
-1762 3318 93 78 109613 0 0 0
-1910 3200 110 76 261649 0 0 0
-1680 3352 96 69 720551 0 0 0
-1229 3422 83 53 161176 0 0 0
-582 3651 61 82 644190 0 0 0
-485 4116 63 100 510052 0 0 0
-1128 4588 101 80 294914 0 0 0
-1197 5197 101 95 935641 0 0 0
-1166 4716 115 77 230692 0 0 0
-948 4281 86 89 453861 0 0 0
-341 4785 59 62 920299 0 0 0
-705 5219 98 85 819002 0 0 0
-878 5764 113 92 982685 0 0 0
-600 6206 100 73 685540 0 0 0
-1109 5719 69 85 593144 0 0 0
-1293 5681 79 88 361699 0 0 0
-1563 5384 106 92 566745 0 0 0
-1573 5127 91 103 751320 0 0 0
-2115 5362 69 101 732150 0 0 0
-1504 5869 116 91 121243 0 0 0
-1442 6184 110 64 274253 0 0 0
-1281 6832 87 75 434683 0 0 0
-861 6435 103 58 644669 0 0 0
-222 7056 96 82 980732 0 0 0
312 7493 72 86 130217 0 0 0
739 -2544 86 85 514772 0 0 0
500 -2852 78 68 842466 0 0 0
419 -2708 98 71 530740 0 0 0
391 -2732 74 55 789669 0 0 0
438 -2344 102 85 269896 0 0 0
393 -2183 86 57 302922 0 0 0
507 -2355 104 73 312532 0 0 0
-5 -1714 105 69 433595 0 0 0
89 -2188 94 92 685487 0 0 0
-127 -1627 92 67 159279 0 0 0
-358 -1693 107 90 656074 0 0 0
-211 -2219 113 75 908447 0 0 0
36 -2551 95 79 383812 0 0 0
-375 -3075 60 101 564787 0 0 0
77 -2650 78 95 443400 0 0 0
32 -2136 85 67 905094 0 0 0
508 -1895 110 84 345855 0 0 0
659 -2000 105 84 991121 0 0 0
654 -2112 59 98 378799 0 0 0
1194 -2723 84 71 410959 0 0 0
986 -2561 67 79 202249 0 0 0
768 -2320 76 56 562441 0 0 0
875 -2227 62 81 985223 0 0 0
1136 -1669 68 51 808452 0 0 0
1323 -1089 106 94 576993 0 0 0
682 -1251 87 59 957118 0 0 0
221 -715 79 76 689435 0 0 0
-228 -987 75 99 816368 0 0 0
32 -841 116 62 100823 0 0 0
-580 -536 92 60 971378 0 0 0
-612 -973 106 65 155467 0 0 0
-297 -752 114 59 681013 0 0 0
281 -938 72 58 685531 0 0 0
274 -986 70 58 237594 0 0 0
390 -1022 92 84 616062 0 0 0
328 -786 88 51 515501 0 0 0
185 -927 114 95 399763 0 0 0
-2305 -1647 63 56 993174 0 0 0
-2792 -1808 66 65 707601 0 0 0
-3044 -2350 62 54 905437 0 0 0
-3510 -1896 67 62 508102 0 0 0
-3201 -1337 72 57 351153 0 0 0
-2730 -1008 73 83 486793 0 0 0
-2708 -1009 85 83 993364 0 0 0
-2743 -1148 60 92 444433 0 0 0
-3123 -1472 107 96 502591 0 0 0
-3605 -1715 62 55 473572 0 0 0
-3370 -1939 80 96 736750 0 0 0
-3438 -1468 80 61 476714 0 0 0
-3248 -1975 83 60 579438 0 0 0
-3822 -1755 109 98 815435 0 0 0
-4130 -1796 66 74 631747 0 0 0
-4730 -1147 90 55 506862 0 0 0
-4184 -815 112 93 717899 0 0 0
-4462 -749 87 90 427299 0 0 0
-4543 -947 114 52 716888 0 0 0
-4854 -1128 60 92 682151 0 0 0
-5284 -875 86 96 307443 0 0 0
-5583 -717 114 101 943188 0 0 0
-6231 -966 77 90 822171 0 0 0
-5739 -345 87 103 744538 0 0 0
-5100 -687 105 73 640757 0 0 0
-4887 -1229 96 53 953065 0 0 0
-4852 -1707 103 99 450660 0 0 0
-4831 -2331 73 58 290555 0 0 0
-1745 2261 60 68 977775 0 0 0
-2362 2208 69 87 787756 0 0 0
-1777 2172 69 99 277776 0 0 0
-1683 2749 58 97 589228 0 0 0
-2304 2619 108 100 995630 0 0 0
-2245 2762 71 85 543582 0 0 0
-1661 3128 96 67 969970 0 0 0
-1307 3018 63 60 333334 0 0 0
-1611 2567 78 77 793176 0 0 0
-1711 2308 83 52 282346 0 0 0
-1916 2062 86 72 307997 0 0 0
-1364 2278 104 94 466743 0 0 0
-1508 2236 86 59 916953 0 0 0
-1935 1775 71 59 340557 0 0 0
-2010 2208 64 52 298681 0 0 0
-2174 1819 116 93 505324 0 0 0
-1805 1265 91 99 453698 0 0 0
-1465 1729 69 103 533951 0 0 0
-1376 1136 87 66 799898 0 0 0
-966 878 82 53 569129 0 0 0
-526 893 73 62 751256 0 0 0
-713 1413 103 62 875690 0 0 0
-230 851 98 93 818823 0 0 0
-89 296 89 80 478059 0 0 0
-700 100 84 70 822819 0 0 0
-707 123 74 93 919171 0 0 0
-590 210 102 85 662201 0 0 0
-216 -37 80 71 848553 0 0 0
168 343 100 90 740593 0 0 0
108 821 76 63 851086 0 0 0
54 707 79 98 797127 0 0 0
-557 903 114 64 283810 0 0 0
-590 1422 71 79 236942 0 0 0
-452 1505 73 94 155389 0 0 0
-419 1380 67 55 127213 0 0 0
-275 1343 96 60 769522 0 0 0
-290 1180 99 98 476072 0 0 0
-541 1213 74 87 267011 0 0 0
-712 1735 92 81 262281 0 0 0
-394 2119 80 100 180902 0 0 0
203 2445 96 87 642944 0 0 0
-22 2241 90 89 848547 0 0 0
-359 2666 71 68 398326 0 0 0
55 2359 76 103 796447 0 0 0
557 2481 78 56 885838 0 0 0
353 3088 110 59 980419 0 0 0
-190 2493 65 69 513898 0 0 0
377 2751 102 88 187840 0 0 0
-219 3069 86 71 328752 0 0 0
-861 3678 98 100 249784 0 0 0
114 2312 87 59 512493 0 0 0
-364 1744 59 64 489455 0 0 0
-96 2266 81 55 391515 0 0 0
-646 2171 61 101 266208 0 0 0
-494 1952 87 53 773937 0 0 0
-926 2601 68 87 761784 0 0 0
-1042 3217 95 87 285550 0 0 0
-649 2681 67 98 927459 0 0 0
-1206 2889 94 95 245892 0 0 0
-1760 2858 96 58 134961 0 0 0
-2409 3184 64 64 114724 0 0 0
-2688 2625 87 90 260614 0 0 0
-2552 2953 84 93 918015 0 0 0
-2595 2538 75 100 823219 0 0 0
-3161 2409 113 58 273168 0 0 0
-3485 2420 71 66 117186 0 0 0
-3989 1971 94 58 583690 0 0 0
-4069 2206 109 103 249770 0 0 0
-4358 2285 63 80 307691 0 0 0
-4061 2304 105 103 578415 0 0 0
-3997 1868 103 57 366297 0 0 0
-3438 1633 94 94 577908 0 0 0
-3220 1540 108 70 727145 0 0 0
-3689 1823 86 81 792455 0 0 0
-3100 1684 60 62 626303 0 0 0
-3293 2182 86 63 490967 0 0 0
-3491 2469 86 84 157158 0 0 0
-4086 2842 71 56 147724 0 0 0
-4620 3295 94 97 239536 0 0 0
-5237 2790 103 60 658851 0 0 0
-5538 2199 95 59 126332 0 0 0
-6032 2640 76 68 336129 0 0 0
-6125 2928 87 84 161758 0 0 0
-5490 2292 106 83 807884 0 0 0
-4948 2547 67 84 723689 0 0 0
-4872 2869 115 95 403283 0 0 0
-4517 2985 84 83 679997 0 0 0
-4984 2847 80 63 263376 0 0 0
-5538 3262 82 88 561588 0 0 0
-5135 3677 69 69 476686 0 0 0
-5072 3079 66 90 370645 0 0 0
-5299 2662 95 72 777416 0 0 0
-4697 2223 59 95 432015 0 0 0
-5241 2115 114 96 767176 0 0 0
-4859 1810 75 77 445055 0 0 0
-4697 1766 107 51 421747 0 0 0
-4725 1233 91 63 776580 0 0 0
-4094 1013 103 102 269792 0 0 0
-4383 1309 90 101 873093 0 0 0
-4575 1322 115 97 121674 0 0 0
-4464 1773 87 76 148259 0 0 0
-3961 1992 84 51 698027 0 0 0
-4593 1860 79 98 391095 0 0 0
-4527 2486 75 67 494309 0 0 0
-4569 2185 65 75 935837 0 0 0
-4514 2637 64 103 451733 0 0 0
-3984 2444 61 77 867683 0 0 0
-4199 3029 65 91 613048 0 0 0
-714 -1943 84 101 857395 0 0 0
-800 -1754 77 71 616682 0 0 0
-1431 -1469 98 74 738705 0 0 0
-1589 -1454 70 72 948805 0 0 0
-1239 -1261 66 69 580389 0 0 0
-1182 -1036 72 69 682392 0 0 0
-1692 -877 102 81 474806 0 0 0
-1989 -1223 112 84 228724 0 0 0
-2492 -816 101 86 175020 0 0 0
-1870 -238 68 90 895887 0 0 0
-2288 -850 82 100 190447 0 0 0
-2808 -1364 78 89 386211 0 0 0
-3152 -976 68 70 551447 0 0 0
-3506 -1152 82 63 712632 0 0 0
-3478 -1185 71 70 502212 0 0 0
-3124 -1012 94 68 509513 0 0 0
-3296 -888 97 84 773014 0 0 0
-3554 -1007 96 59 803054 0 0 0
-3542 -1116 101 97 638149 0 0 0
-3411 -1553 78 97 100614 0 0 0
-3492 -1620 101 58 338953 0 0 0
-4092 -1734 112 55 219033 0 0 0
-4558 -2336 82 78 678344 0 0 0
-4741 -2821 80 71 244603 0 0 0
-4710 -3362 65 76 568225 0 0 0
-4525 -3010 91 65 133983 0 0 0
-3976 -3307 64 86 699825 0 0 0
-4100 -2666 70 65 481033 0 0 0
-4498 -2286 111 58 763949 0 0 0
-3910 -1666 69 74 324584 0 0 0
-4047 -1086 114 80 734282 0 0 0
-4616 -1194 100 76 901062 0 0 0
-4748 -638 89 103 838869 0 0 0
-4277 -869 109 53 138563 0 0 0
-4393 -1195 116 61 806033 0 0 0
-4287 -1561 101 69 303192 0 0 0
-4529 -1595 73 86 253953 0 0 0
-4559 -2034 92 101 376096 0 0 0
-5209 -2602 101 74 935489 0 0 0
-5028 -2024 82 82 634919 0 0 0
-5525 -2490 79 93 708001 0 0 0
-6157 -2749 69 82 354831 0 0 0
-6481 -2621 95 97 851883 0 0 0
-6994 -3007 80 59 542370 0 0 0
-7459 -2879 65 76 888941 0 0 0
-7684 -3429 67 77 144236 0 0 0
-8140 -2956 72 71 673491 0 0 0
-8260 -3570 93 75 264902 0 0 0
-8167 -3702 116 60 430194 0 0 0
1780 -2137 92 84 110097 0 0 0
2000 -1840 69 56 632287 0 0 0
2154 -2236 71 52 453633 0 0 0
2074 -2364 77 73 481969 0 0 0
1688 -2845 115 81 554570 0 0 0
2110 -2781 78 56 410209 0 0 0
2483 -2208 71 95 788385 0 0 0
1878 -1841 66 54 447358 0 0 0
1748 -1619 73 74 350853 0 0 0
1764 -1917 105 95 332391 0 0 0
1630 -2108 114 53 555119 0 0 0
1208 -2257 111 62 803624 0 0 0
660 -2797 69 62 970229 0 0 0
404 -3209 62 101 622120 0 0 0
750 -3320 94 56 414582 0 0 0
191 -3848 61 97 636262 0 0 0
394 -4329 58 86 632781 0 0 0
637 -3739 91 60 144803 0 0 0
941 -4054 82 78 801993 0 0 0
485 -4502 76 90 352437 0 0 0
1130 -4340 105 54 232115 0 0 0
1417 -4752 101 85 591552 0 0 0
768 -5020 108 99 556949 0 0 0
189 -4947 60 76 347978 0 0 0
838 -4950 116 94 570246 0 0 0
1274 -5026 85 90 151758 0 0 0
1725 -4918 74 56 394944 0 0 0
1350 -4490 109 57 880211 0 0 0
1492 -4416 90 102 118965 0 0 0
1814 -3943 99 68 552003 0 0 0
1765 -4562 98 91 924948 0 0 0
2334 -4071 93 90 343397 0 0 0
2609 -4575 102 96 455630 0 0 0
2010 -4871 84 96 779383 0 0 0
2062 -4393 111 103 238032 0 0 0
1567 -3853 77 75 168390 0 0 0
2041 -3465 101 54 612469 0 0 0
1939 -3765 102 89 757938 0 0 0
1636 -4172 115 63 208062 0 0 0
1243 -3769 116 74 176037 0 0 0
733 -4283 63 64 226862 0 0 0
1026 -3940 107 75 592987 0 0 0
401 -4167 90 99 431312 0 0 0
-179 -3558 116 93 929289 0 0 0
-1581 -533 90 88 433146 0 0 0
-1772 -1042 76 95 565281 0 0 0
-2309 -1371 110 85 801920 0 0 0
-2438 -1921 95 81 716876 0 0 0
-2831 -2003 114 60 771011 0 0 0
-2751 -2204 60 92 418074 0 0 0
-3042 -2397 115 93 768331 0 0 0
-3239 -1996 116 63 821448 0 0 0
-3426 -2091 83 102 928533 0 0 0
-3860 -2270 108 71 326215 0 0 0
-3855 -2836 99 81 251545 0 0 0
-4038 -2632 114 86 902128 0 0 0
-4451 -2497 98 99 550997 0 0 0
-4706 -2770 104 78 249777 0 0 0
-4113 -3005 62 92 951394 0 0 0
-3952 -3011 91 84 745737 0 0 0
-3833 -2787 83 59 939123 0 0 0
-3865 -2151 93 81 122198 0 0 0
-3729 -2177 85 88 621638 0 0 0
-4313 -1814 97 93 207922 0 0 0
-3904 -1550 89 90 186878 0 0 0
-3805 -1454 100 91 762374 0 0 0
-4263 -981 110 94 740368 0 0 0
-4599 -730 114 91 143511 0 0 0
-4739 -819 101 70 168190 0 0 0
-5314 -267 102 78 498483 0 0 0
-5353 -230 113 69 465028 0 0 0
-5613 -657 113 87 711375 0 0 0
-5907 -1185 91 102 703449 0 0 0
-5550 -752 115 56 231554 0 0 0
-6149 -1053 66 90 629672 0 0 0
-6164 -1367 77 75 308556 0 0 0
-5898 -1411 60 88 241173 0 0 0
-6094 -1042 95 65 119509 0 0 0
-5706 -1564 116 61 931406 0 0 0
-6090 -1385 92 55 652941 0 0 0
-5651 -1864 96 88 449805 0 0 0
-5225 -2013 99 69 379334 0 0 0
-4741 -1474 80 96 819287 0 0 0
-4955 -1265 60 69 826308 0 0 0
-5010 -1557 99 78 678110 0 0 0
-4434 -1145 114 99 339420 0 0 0
79 -708 72 64 329534 0 0 0
161 -1239 102 91 832441 0 0 0
-338 -1307 67 70 600270 0 0 0
-19 -1504 109 101 154540 0 0 0
32 -1380 96 68 239703 0 0 0
489 -1044 104 86 626159 0 0 0
691 -667 110 103 713996 0 0 0
357 -41 102 73 103740 0 0 0
-138 350 93 51 792340 0 0 0
-103 666 93 87 426621 0 0 0
-670 34 79 58 168392 0 0 0
-1284 -452 93 51 675934 0 0 0
-1413 -733 99 93 175344 0 0 0
-1355 -401 102 90 299111 0 0 0
-991 -429 68 69 830001 0 0 0
-562 -972 91 102 974874 0 0 0
-443 -1082 116 77 389845 0 0 0
-1035 -440 82 56 370680 0 0 0
-768 -904 82 78 312704 0 0 0
-1076 -1503 95 61 174732 0 0 0
-1662 -863 91 51 709515 0 0 0
-2029 -518 104 55 402268 0 0 0
-1942 -844 78 54 230815 0 0 0
-1310 -674 73 68 274818 0 0 0
-1649 -88 100 73 332419 0 0 0
-1724 -98 82 87 835296 0 0 0
-1479 -256 102 55 141656 0 0 0
-2121 173 102 101 491293 0 0 0
-1828 97 84 66 214638 0 0 0
-1673 -171 62 98 913754 0 0 0
-1894 -367 116 90 362004 0 0 0
-2273 -748 71 68 750492 0 0 0
-2067 -299 88 91 459959 0 0 0
-1431 -144 61 74 972795 0 0 0
-1147 -444 68 74 354996 0 0 0
-1200 -391 71 53 944420 0 0 0
-737 -506 62 89 176990 0 0 0
-1209 -856 69 54 388011 0 0 0
-959 -619 58 103 218514 0 0 0
-1209 -564 77 88 460205 0 0 0
-1481 -1140 59 100 824988 0 0 0
-2108 -1018 75 90 135159 0 0 0
-2685 -1156 88 85 480282 0 0 0
-2159 -1563 84 61 958694 0 0 0
-2349 -1051 65 95 480169 0 0 0
-2464 -1523 105 82 530141 0 0 0
-1886 -2100 102 77 400481 0 0 0
-1563 -2167 100 84 967932 0 0 0
-1750 -1576 96 74 670216 0 0 0
-1123 -1473 74 52 185015 0 0 0
-1346 -1183 105 87 439738 0 0 0
-1689 -1093 69 56 546961 0 0 0
-2164 -1686 62 74 619707 0 0 0
-1592 -1315 101 78 533207 0 0 0
-1348 -988 77 77 947805 0 0 0
-1382 -1213 89 64 174572 0 0 0
-1917 -1818 95 61 801191 0 0 0
-1901 -2428 113 95 239669 0 0 0
-2543 -2242 59 62 773422 0 0 0
-2625 -2404 80 66 302798 0 0 0
-2429 -1808 101 93 686134 0 0 0
-2062 -1480 64 63 670264 0 0 0
-1676 -1771 115 54 863091 0 0 0
-1836 -2291 60 65 850838 0 0 0
-2389 -2862 98 75 570721 0 0 0
-2188 -3096 114 101 122571 0 0 0
-1617 -3127 92 88 134226 0 0 0
-2190 -2490 65 90 739490 0 0 0
-1829 -2354 106 73 674119 0 0 0
-1968 -2295 108 52 963167 0 0 0
-1956 -2060 99 92 708867 0 0 0
-1600 -1926 76 95 858308 0 0 0
-2141 -2531 70 79 210103 0 0 0
-2783 -2157 63 78 366045 0 0 0
-2160 -1894 69 72 848277 0 0 0
-1571 -1686 77 76 320604 0 0 0
-1208 -1572 95 70 542758 0 0 0
-1069 -1571 115 55 959016 0 0 0
-1084 -974 74 56 573895 0 0 0
-498 -1571 97 61 776214 0 0 0
1406 1183 99 56 367932 0 0 0
1114 588 105 54 386705 0 0 0
1618 440 83 99 970828 0 0 0
1881 796 100 88 135982 0 0 0
1804 341 107 79 599427 0 0 0
1543 485 65 74 390331 0 0 0
1849 956 61 65 826589 0 0 0
1975 1536 83 81 826959 0 0 0
1633 1538 91 61 815735 0 0 0
2024 975 110 79 992506 0 0 0
2300 942 65 69 953975 0 0 0
2643 1408 92 77 923176 0 0 0
3063 1756 86 74 994422 0 0 0
3568 1568 94 78 303516 0 0 0
4130 1768 59 74 423089 0 0 0
3514 1627 68 79 442667 0 0 0
2942 2258 90 51 804632 0 0 0
3503 1987 87 84 977342 0 0 0
3674 2124 90 68 480149 0 0 0
3205 2716 73 87 676157 0 0 0
3086 3044 68 92 260746 0 0 0
3189 2769 91 77 756658 0 0 0
3561 2452 115 64 631822 0 0 0
3665 3058 67 64 415073 0 0 0
3820 3564 82 70 731113 0 0 0
4111 3588 63 59 783153 0 0 0
3628 3740 87 66 879364 0 0 0
3934 3160 79 64 846228 0 0 0
3534 2868 96 96 499067 0 0 0
2999 2881 108 103 662623 0 0 0
2646 3284 63 81 889024 0 0 0
2883 3596 112 95 941211 0 0 0
2440 4086 89 68 115861 0 0 0
1952 4678 59 96 893132 0 0 0
2471 4286 88 88 418679 0 0 0
2823 4903 84 62 385701 0 0 0
3128 4705 116 74 440979 0 0 0
2997 4533 76 55 521811 0 0 0
3261 4813 109 74 894634 0 0 0
2740 4812 96 67 512608 0 0 0
2990 5063 104 99 395925 0 0 0
2646 4620 78 94 742460 0 0 0
3292 4568 82 76 342697 0 0 0
3314 4880 79 81 509088 0 0 0
3625 4307 67 57 429386 0 0 0
4243 3926 99 88 938973 0 0 0
3771 3820 81 85 418599 0 0 0
3504 4224 62 79 386928 0 0 0
3440 4348 96 67 322694 0 0 0
3804 4554 70 96 899797 0 0 0
3364 4332 111 72 238526 0 0 0
3064 4029 99 61 519567 0 0 0
3284 4559 110 65 116532 0 0 0
3867 4331 90 68 610998 0 0 0
3701 4536 96 84 575898 0 0 0
3085 3886 114 85 496634 0 0 0
2843 3482 58 58 905376 0 0 0
3090 3814 112 69 910677 0 0 0
2662 3191 60 87 105124 0 0 0
2093 3051 114 60 252842 0 0 0
-1334 617 61 87 603465 0 0 0
-1468 874 79 97 808927 0 0 0
-1935 1447 81 66 429594 0 0 0
-2521 1121 110 100 149037 0 0 0
-2780 724 64 77 657847 0 0 0
-2177 691 101 103 749814 0 0 0
-2005 1192 62 94 615547 0 0 0
-1766 793 66 53 727622 0 0 0
-1481 479 58 63 198070 0 0 0
-1117 103 94 55 994538 0 0 0
-701 339 110 78 227212 0 0 0
-596 640 106 102 370526 0 0 0
-958 852 95 77 207071 0 0 0
-1015 476 99 51 606475 0 0 0
-1416 -23 116 83 609909 0 0 0
-788 393 97 79 752129 0 0 0
-1201 -245 69 103 525520 0 0 0
-1533 -668 60 71 429190 0 0 0
-911 -695 106 64 405895 0 0 0
-317 -593 97 69 240900 0 0 0
85 -291 65 89 246792 0 0 0
379 -621 104 76 993168 0 0 0
587 -1090 112 102 801894 0 0 0
31 -462 59 98 449954 0 0 0
602 -46 115 85 367296 0 0 0
1014 185 65 60 602598 0 0 0
1002 411 81 84 552505 0 0 0
1452 878 72 98 945502 0 0 0
1925 928 83 62 725740 0 0 0
1361 549 86 94 413577 0 0 0
1620 566 93 90 504157 0 0 0
1179 936 91 59 464879 0 0 0
1338 1034 94 103 369648 0 0 0
1356 1639 97 67 682905 0 0 0
880 1815 59 64 961714 0 0 0
1160 1297 64 88 464700 0 0 0
594 1796 92 67 934944 0 0 0
799 2229 82 74 985881 0 0 0
1361 2597 92 65 773614 0 0 0
917 2243 94 99 138462 0 0 0
1200 2889 81 56 673959 0 0 0
1575 3118 75 54 723144 0 0 0
2124 3646 76 93 924830 0 0 0
2349 3314 98 71 992066 0 0 0
2697 3929 95 58 630588 0 0 0
2232 3778 115 65 818661 0 0 0
2841 3277 73 52 972908 0 0 0
2254 2792 78 82 342854 0 0 0
1612 2776 79 86 511961 0 0 0
1128 3120 69 85 456214 0 0 0
759 3221 67 87 327812 0 0 0
1224 3864 105 81 689950 0 0 0
1457 3352 80 69 531859 0 0 0
1572 3010 113 61 350150 0 0 0
1664 2724 102 93 984655 0 0 0
1424 2846 106 72 664153 0 0 0
-1092 186 115 55 326131 0 0 0
-1344 -395 65 62 728360 0 0 0
-737 -78 60 98 429857 0 0 0
-967 430 76 96 938778 0 0 0
-923 465 105 80 636994 0 0 0
-1101 1103 68 90 623141 0 0 0
-1082 458 112 90 671927 0 0 0
-1475 205 75 64 313642 0 0 0
-1271 414 108 78 690274 0 0 0
-1746 964 104 95 453951 0 0 0
-2042 986 108 78 421501 0 0 0
-2578 1456 107 102 419868 0 0 0
-3140 1759 112 90 909565 0 0 0
-3555 1353 70 55 207910 0 0 0
-3990 983 63 75 729117 0 0 0
-4037 1064 102 83 797183 0 0 0
-3508 1401 72 87 676045 0 0 0
-3206 1920 87 69 642556 0 0 0
-2971 1365 97 53 116026 0 0 0
-3206 1515 102 90 636406 0 0 0
-3826 1919 94 79 914499 0 0 0
-3489 1330 105 74 385116 0 0 0
-3647 1448 98 55 255830 0 0 0
-3321 1024 99 80 774249 0 0 0
-2912 739 82 57 673068 0 0 0
-2425 779 97 94 657336 0 0 0
-1984 1298 89 61 650909 0 0 0
-2386 846 93 61 612282 0 0 0
-2518 1447 116 54 192477 0 0 0
-2235 883 98 64 773743 0 0 0
-1996 1128 108 86 623428 0 0 0
-2569 777 112 66 265135 0 0 0
-3124 1140 73 89 999112 0 0 0
-2826 926 71 68 667073 0 0 0
-3097 680 95 58 200621 0 0 0
-3105 1089 80 53 662287 0 0 0
-3048 939 87 53 904871 0 0 0
-3375 1509 87 101 650916 0 0 0
-3752 1360 78 93 471134 0 0 0
-3252 849 112 83 625078 0 0 0
-2752 834 74 67 912095 0 0 0
-3241 489 109 53 395569 0 0 0
-2814 1067 102 62 754137 0 0 0
-3050 788 80 52 789152 0 0 0
-2632 768 85 72 485645 0 0 0
-2964 1142 99 72 200154 0 0 0
-2801 977 87 96 250277 0 0 0
-2546 1385 92 60 669703 0 0 0
-2302 1969 61 62 566947 0 0 0
-2032 1532 103 81 163543 0 0 0
-2452 1137 90 101 520708 0 0 0
-2952 1091 89 92 775588 0 0 0
-2342 571 67 59 938887 0 0 0
-2094 55 82 101 504304 0 0 0
-1710 -89 110 57 689253 0 0 0
-2189 12 83 75 914083 0 0 0
-1583 -636 81 95 330870 0 0 0
-2020 -1047 113 82 875287 0 0 0
-1559 -416 101 92 601343 0 0 0
-1865 -746 73 57 114596 0 0 0
-2171 -889 108 78 780841 0 0 0
-1625 -1243 100 97 952937 0 0 0
-1814 -1638 94 55 886082 0 0 0
-2311 -1765 107 54 174426 0 0 0
-2493 -1273 92 84 245841 0 0 0
-1948 -637 116 61 733958 0 0 0
-1811 -627 83 67 228531 0 0 0
-1217 -1222 75 65 463618 0 0 0
-1004 -1530 95 99 265169 0 0 0
-1337 -1785 78 103 862844 0 0 0
-1809 -1996 71 74 590111 0 0 0
-2085 -2269 78 66 101614 0 0 0
-1468 -2700 77 90 747755 0 0 0
-1306 -2957 86 66 209786 0 0 0
-764 -3046 59 75 552702 0 0 0
142 220 111 64 939712 0 0 0
686 702 78 69 414660 0 0 0
1032 737 95 60 129104 0 0 0
1078 656 73 81 976100 0 0 0
551 787 82 94 577521 0 0 0
890 1101 97 99 378992 0 0 0
728 1488 71 73 173700 0 0 0
838 1539 78 84 717242 0 0 0
194 1204 63 67 196945 0 0 0
590 985 113 71 734749 0 0 0
-8 1574 76 94 357427 0 0 0
359 2202 91 86 158384 0 0 0
427 1586 61 54 836560 0 0 0
454 1694 114 95 210476 0 0 0
194 2260 105 88 317210 0 0 0
94 2259 67 77 645810 0 0 0
193 2133 73 71 545833 0 0 0
483 2727 114 54 555935 0 0 0
1041 2952 71 101 692201 0 0 0
867 3086 79 52 998568 0 0 0
461 2658 67 81 611519 0 0 0
-134 2140 58 90 845463 0 0 0
-426 2026 100 64 350664 0 0 0
189 2013 73 62 803959 0 0 0
-365 1736 75 86 989987 0 0 0
-224 1635 105 81 656892 0 0 0
422 2153 101 81 451839 0 0 0
605 2179 104 96 717817 0 0 0
42 1648 84 51 165818 0 0 0
-139 1285 94 88 376435 0 0 0
-326 1618 79 87 291563 0 0 0
-876 1356 81 100 339534 0 0 0
-654 1119 65 73 109659 0 0 0
-1037 930 87 98 103706 0 0 0
-735 1316 61 83 734207 0 0 0
-677 927 97 55 290429 0 0 0
-753 1311 65 87 248557 0 0 0
-820 1793 103 85 587988 0 0 0
-180 1669 107 86 599883 0 0 0
332 1108 103 98 740577 0 0 0
492 473 113 73 195774 0 0 0
255 -70 114 68 382913 0 0 0
226 -503 68 81 618603 0 0 0
307 -667 76 100 862004 0 0 0
-320 -549 105 77 363622 0 0 0
-809 -1163 98 91 382675 0 0 0
-785 -1782 114 52 894830 0 0 0
-388 -1388 70 96 700597 0 0 0
-168 -1426 69 56 346548 0 0 0
-39 -1540 60 92 295440 0 0 0
-4 -1771 89 86 720806 0 0 0
-1669 345 116 70 523628 0 0 0
-1733 422 102 76 743177 0 0 0
-2339 83 91 96 644206 0 0 0
-2272 -243 58 53 429052 0 0 0
-2064 -799 68 70 357122 0 0 0
-1618 -1285 115 56 577849 0 0 0
-1963 -1539 84 73 321688 0 0 0
-1881 -1252 90 87 748779 0 0 0
-1971 -1847 111 70 258255 0 0 0
-1389 -1338 70 76 346893 0 0 0
-1777 -977 95 65 723849 0 0 0
-1701 -755 112 87 607767 0 0 0
-1374 -976 84 98 711532 0 0 0
-1569 -895 65 54 584908 0 0 0
-1992 -525 95 101 443809 0 0 0
-2181 -427 102 53 797555 0 0 0
-2448 -1044 80 61 653981 0 0 0
-2249 -565 115 58 637964 0 0 0
-2167 -209 84 99 209447 0 0 0
-2475 -717 70 61 124142 0 0 0
-1922 -1298 76 82 220663 0 0 0
-2076 -1630 74 102 115373 0 0 0
-2023 -1232 95 87 419527 0 0 0
-1591 -698 66 88 452921 0 0 0
-1198 -723 84 80 744428 0 0 0
-1721 -1277 81 76 619337 0 0 0
-1975 -767 95 86 608866 0 0 0
-1606 -408 100 76 711999 0 0 0
-2054 5 83 56 373216 0 0 0
-2608 -531 85 79 723151 0 0 0
-2320 -198 112 93 980736 0 0 0
-2784 377 66 58 247555 0 0 0
-2334 521 63 72 888111 0 0 0
-2226 1048 116 58 316384 0 0 0
-2055 1516 73 55 636686 0 0 0
-2170 1650 96 68 570280 0 0 0
-1630 2217 89 97 140829 0 0 0
-1840 2060 101 68 222234 0 0 0
-1203 2176 82 92 903663 0 0 0
-1154 2642 65 67 808739 0 0 0
-719 3017 108 102 306676 0 0 0
-967 2556 68 85 302770 0 0 0
2395 -1872 107 74 910031 0 0 0
1965 -2027 71 67 384377 0 0 0
1587 -2431 98 78 926725 0 0 0
1026 -2404 83 100 498878 0 0 0
1406 -2408 96 103 449847 0 0 0
1818 -2503 91 88 599404 0 0 0
1776 -2904 69 83 672284 0 0 0
2332 -3549 59 61 122140 0 0 0
1916 -3151 113 93 393480 0 0 0
1393 -3475 79 51 337121 0 0 0
1781 -3912 94 81 322533 0 0 0
1541 -3806 80 86 787862 0 0 0
1862 -4201 64 75 926711 0 0 0
2450 -4433 84 85 646920 0 0 0
2120 -4003 65 74 916668 0 0 0
2015 -3813 110 82 389028 0 0 0
1710 -4312 89 89 270682 0 0 0
2205 -4865 100 85 708538 0 0 0
1701 -4916 73 94 313558 0 0 0
1203 -5516 98 66 421824 0 0 0
596 -5234 66 67 633383 0 0 0
666 -5491 112 59 920436 0 0 0
337 -5122 111 103 133853 0 0 0
-192 -5645 89 67 518425 0 0 0
-199 -5550 101 73 588819 0 0 0
-730 -6172 63 59 887930 0 0 0
-141 -6104 89 56 688542 0 0 0
470 -6343 69 90 312852 0 0 0
766 -6707 102 87 504567 0 0 0
410 -6187 68 101 146473 0 0 0
550 -6239 83 67 502208 0 0 0
545 -6888 69 101 987561 0 0 0
1050 -7174 111 73 203663 0 0 0
408 -7156 59 80 603191 0 0 0
866 -6589 60 100 694787 0 0 0
219 -7001 65 98 879958 0 0 0
525 -6715 90 59 235848 0 0 0
33 -6841 84 64 785816 0 0 0
-426 -7460 85 85 768431 0 0 0
-773 -7715 90 79 386493 0 0 0
-216 -7998 106 66 134600 0 0 0
-519 -8439 109 65 685433 0 0 0
-957 -7837 69 76 157768 0 0 0
-1421 -7640 58 93 488563 0 0 0
-1735 -8201 93 77 277820 0 0 0
-1530 -8163 95 98 766766 0 0 0
-1141 -7657 91 75 512105 0 0 0
-1386 -7125 103 93 727354 0 0 0
-1426 -6889 90 56 175585 0 0 0
-1219 -6872 98 58 748446 0 0 0
-1567 -6730 99 60 201681 0 0 0
-1591 -6543 115 96 352123 0 0 0
-1882 -7000 106 64 895959 0 0 0
-2528 -7254 84 85 227516 0 0 0
-2349 -7129 60 80 453528 0 0 0
-2657 -6631 76 82 444840 0 0 0
-3099 -7268 104 96 638142 0 0 0
-3459 -7745 115 102 605703 0 0 0
-3264 -8118 107 78 840271 0 0 0
-3830 -7623 111 65 923012 0 0 0
-4339 -7774 102 74 369691 0 0 0
-4009 -8257 107 100 988916 0 0 0
-4518 -7961 61 90 272682 0 0 0
-4951 -8466 85 58 443233 0 0 0
-5369 -8361 111 69 467355 0 0 0
-5651 -8748 105 90 263625 0 0 0
-5267 -8471 77 102 536762 0 0 0
-5078 -8347 98 53 574090 0 0 0
-5296 -8552 97 63 569092 0 0 0
-4651 -9058 101 55 332558 0 0 0
-5125 -9358 65 98 499435 0 0 0
-5094 -9460 100 95 113521 0 0 0
-5007 -8816 66 60 936903 0 0 0
-4447 -9463 98 96 312846 0 0 0
-4060 -9354 92 84 234417 0 0 0
-1202 -912 73 100 739779 0 0 0
-1027 -493 116 75 528816 0 0 0
-1229 -922 87 92 792886 0 0 0
-929 -1286 62 82 904378 0 0 0
-1400 -1417 95 101 384749 0 0 0
-2004 -856 112 54 744261 0 0 0
-1973 -1265 93 100 196211 0 0 0
-2588 -1499 71 101 751730 0 0 0
-3091 -1374 82 74 458301 0 0 0
-3277 -830 81 91 359854 0 0 0
-2825 -888 73 88 781442 0 0 0
-2847 -777 97 98 274875 0 0 0
-3141 -994 105 76 477373 0 0 0
-3555 -493 93 55 105853 0 0 0
-3444 -1066 61 81 344143 0 0 0
-3127 -891 63 89 794617 0 0 0
-2499 -589 107 95 377548 0 0 0
-2027 -734 107 92 159278 0 0 0
-1722 -741 99 79 317259 0 0 0
-1702 -110 76 92 878143 0 0 0
-1180 -701 108 72 682823 0 0 0
-1012 -242 65 79 810884 0 0 0
-1237 357 116 103 315626 0 0 0
-1024 451 76 66 557104 0 0 0
-1304 11 73 66 142406 0 0 0
-857 -413 58 77 579732 0 0 0
-619 -607 58 53 575466 0 0 0
-595 -641 98 94 243574 0 0 0
-106 -328 105 92 392227 0 0 0
196 -704 84 93 127949 0 0 0
731 -681 77 58 687269 0 0 0
636 -706 110 83 293011 0 0 0
679 -1110 82 84 429699 0 0 0
1222 -1440 116 88 961743 0 0 0
1577 -920 68 87 265302 0 0 0
1114 -1025 109 73 197024 0 0 0
1599 -1616 64 55 439080 0 0 0
1246 -1797 76 62 986304 0 0 0
1356 -1653 102 102 363771 0 0 0
866 -1346 86 69 643601 0 0 0
270 -1808 109 92 859412 0 0 0
522 -2000 90 97 399643 0 0 0
711 -2248 67 88 914398 0 0 0
242 -2194 104 60 647667 0 0 0
-33 -2688 92 64 978111 0 0 0
-591 -3147 66 79 948148 0 0 0
-158 -3726 97 78 323362 0 0 0
3 -4188 97 79 667087 0 0 0
416 -4063 115 72 720985 0 0 0
679 -4182 82 93 902949 0 0 0
1210 -3781 66 89 820449 0 0 0
1520 -3663 89 86 364367 0 0 0
1706 -3925 80 60 339121 0 0 0
1631 -4462 94 68 171605 0 0 0
1355 -5056 100 73 314969 0 0 0
839 -4874 65 80 662736 0 0 0
538 -5163 87 81 320503 0 0 0
177 -5515 101 85 802507 0 0 0
291 -5871 104 101 518825 0 0 0
255 -5872 110 65 406167 0 0 0
517 -5554 84 82 144213 0 0 0
1161 -5402 110 98 769946 0 0 0
841 -5278 64 91 881296 0 0 0
986 -5453 112 78 878297 0 0 0
923 -5200 76 57 285283 0 0 0
2501 474 61 101 612247 0 0 0
3115 277 79 70 220258 0 0 0
2885 -357 61 59 280489 0 0 0
2363 -24 65 82 887041 0 0 0
2792 119 87 64 596036 0 0 0
2287 -501 100 102 321653 0 0 0
2419 -1082 78 98 389831 0 0 0
2301 -1075 76 65 850017 0 0 0
2534 -1261 71 89 603353 0 0 0
2421 -662 101 91 537514 0 0 0
2352 -164 100 95 100534 0 0 0
2425 -761 75 56 893040 0 0 0
2781 -436 88 67 350791 0 0 0
3013 -495 111 68 480400 0 0 0
2452 153 111 81 137183 0 0 0
2574 285 95 89 563148 0 0 0
2160 -184 97 60 144821 0 0 0
2757 -761 109 76 566922 0 0 0
2881 -142 73 101 601616 0 0 0
3153 -458 115 94 259615 0 0 0
3386 -116 83 66 405182 0 0 0
3821 -394 77 93 882968 0 0 0
4421 -968 60 63 424106 0 0 0
4595 -1017 110 81 846171 0 0 0
5112 -1632 106 74 701112 0 0 0
5374 -1543 73 90 734946 0 0 0
5573 -1575 115 83 705117 0 0 0
5602 -981 97 94 979693 0 0 0
5455 -1612 78 56 641082 0 0 0
4975 -1017 108 54 954815 0 0 0
5153 -772 104 66 407618 0 0 0
5801 -1193 69 65 612757 0 0 0
6244 -1301 86 87 343594 0 0 0
6288 -1850 82 84 229168 0 0 0
6420 -1212 67 66 842011 0 0 0
5899 -980 88 61 302092 0 0 0
-2473 1841 69 64 595046 0 0 0
-2915 1624 99 98 476238 0 0 0
-3128 1391 79 56 486385 0 0 0
-3534 1279 98 94 159748 0 0 0
-2981 943 70 59 692372 0 0 0
-3577 435 81 59 968978 0 0 0
-3970 607 79 58 459478 0 0 0
-3452 94 88 98 455875 0 0 0
