2700
2406 -1676 59 82 267621 0 0 0
2469 -1373 102 53 176906 0 0 0
2906 -777 75 80 733746 0 0 0
3132 -112 119 87 283342 0 0 0
3198 -288 91 94 535104 0 0 0
2944 206 78 69 300986 0 0 0
2644 515 86 84 648432 0 0 0
3232 351 99 64 451796 0 0 0
3864 968 59 63 668409 0 0 0
4279 511 77 54 336419 0 0 0
4816 255 80 92 796216 0 0 0
5383 352 60 61 429804 0 0 0
4718 509 80 97 241698 0 0 0
4242 225 97 62 807677 0 0 0
4538 551 90 83 379087 0 0 0
4025 1038 106 72 954459 0 0 0
4052 726 74 95 968637 0 0 0
4019 827 116 73 911339 0 0 0
4322 555 70 83 640781 0 0 0
3746 862 87 53 585693 0 0 0
3216 397 111 86 771718 0 0 0
2870 767 106 105 548244 0 0 0
2258 551 72 97 485138 0 0 0
2131 624 86 83 294171 0 0 0
2603 536 69 87 163425 0 0 0
2032 947 103 86 160030 0 0 0
1722 687 115 93 852900 0 0 0
1657 398 111 84 978709 0 0 0
2164 264 64 71 567911 0 0 0
2282 724 81 57 750888 0 0 0
1716 904 109 76 814407 0 0 0
1828 1555 93 61 296146 0 0 0
1709 1548 66 53 782690 0 0 0
1081 1518 98 84 589605 0 0 0
1033 1433 88 105 514062 0 0 0
1020 2011 90 85 222913 0 0 0
1066 2557 63 59 726747 0 0 0
1260 3159 79 66 747597 0 0 0
780 2638 88 93 210918 0 0 0
-1771 217 119 90 810334 0 0 0
-2304 -420 101 86 772341 0 0 0
-2470 -809 105 91 607208 0 0 0
-1966 -1315 102 67 725371 0 0 0
-1651 -1511 85 79 506150 0 0 0
-2046 -1047 119 53 863342 0 0 0
-1763 -401 79 93 584290 0 0 0
-1112 -209 69 74 726562 0 0 0
-1174 -71 104 82 215416 0 0 0
-622 -669 63 96 120975 0 0 0
-1091 -667 73 103 422637 0 0 0
-466 -1014 115 53 223880 0 0 0
-426 -980 99 90 672319 0 0 0
93 -535 81 92 100651 0 0 0
367 -1172 110 87 941711 0 0 0
388 -1805 92 83 439504 0 0 0
601 -2399 61 67 934587 0 0 0
128 -1824 94 79 327981 0 0 0
417 -2446 64 94 165746 0 0 0
1005 -2452 63 61 125092 0 0 0
1300 -3027 103 103 290546 0 0 0
1320 -3119 119 90 165086 0 0 0
1468 -2930 115 73 886401 0 0 0
1222 -2956 70 80 290499 0 0 0
710 -3321 75 85 933541 0 0 0
138 -3060 71 106 106889 0 0 0
-461 -2974 114 95 824995 0 0 0
-407 -2859 77 74 298259 0 0 0
-463 -3046 93 105 796978 0 0 0
-405 -3538 69 105 861726 0 0 0
220 -3302 112 87 442937 0 0 0
-164 -3856 111 60 926295 0 0 0
-782 -3449 109 96 750949 0 0 0
-976 -3449 101 67 742258 0 0 0
-1288 -3182 110 76 851663 0 0 0
-1292 -2567 80 61 117032 0 0 0
1901 -1883 114 99 201443 0 0 0
1308 -1792 105 70 127293 0 0 0
1286 -1817 118 104 102047 0 0 0
1791 -2447 67 64 403083 0 0 0
2108 -1971 78 91 662856 0 0 0
1996 -1518 113 99 214708 0 0 0
1946 -1741 69 94 894678 0 0 0
1973 -1543 119 80 114032 0 0 0
2023 -1456 107 106 596922 0 0 0
1979 -2089 94 66 130716 0 0 0
1741 -2055 109 90 813094 0 0 0
1490 -2393 101 76 959008 0 0 0
1415 -2106 106 100 447850 0 0 0
1682 -1451 101 92 563399 0 0 0
1971 -1770 110 81 870171 0 0 0
1518 -1464 109 53 969251 0 0 0
2128 -1396 61 97 943405 0 0 0
1456 -1342 114 68 410221 0 0 0
1614 -718 65 75 857735 0 0 0
1570 -1206 111 84 777821 0 0 0
1242 -1464 76 69 254817 0 0 0
1905 -1362 73 65 919199 0 0 0
1722 -1644 107 58 533912 0 0 0
1704 -2043 116 87 782013 0 0 0
2349 -1683 78 83 585260 0 0 0
2891 -1879 60 75 489060 0 0 0
2386 -1303 109 76 916165 0 0 0
2986 -1281 96 74 525559 0 0 0
2892 -663 69 53 462026 0 0 0
3292 -306 94 67 376500 0 0 0
3464 66 68 76 275837 0 0 0
3931 674 103 80 422569 0 0 0
3396 716 60 60 875711 0 0 0
2947 1325 69 58 795466 0 0 0
-1533 -1103 99 88 485686 0 0 0
-983 -1554 91 75 735885 0 0 0
-391 -1980 74 73 883710 0 0 0
-875 -2642 110 99 534553 0 0 0
-279 -2554 119 66 996972 0 0 0
-712 -2939 95 63 261695 0 0 0
-330 -2874 81 95 373485 0 0 0
115 -2580 96 88 965445 0 0 0
276 -3051 94 71 318978 0 0 0
-270 -2827 108 74 870427 0 0 0
-316 -2208 74 89 876710 0 0 0
37 -2674 88 66 168290 0 0 0
-178 -2979 115 72 721356 0 0 0
-348 -2981 83 70 749362 0 0 0
-259 -3649 81 84 828207 0 0 0
40 -3534 92 67 964784 0 0 0
-67 -3306 68 61 130924 0 0 0
135 -3969 96 73 141755 0 0 0
-19 -4171 79 78 722633 0 0 0
355 -3985 104 95 151079 0 0 0
440 -3362 79 94 357562 0 0 0
601 -3624 119 83 396954 0 0 0
1090 -3966 104 80 522602 0 0 0
1680 -4136 70 57 115408 0 0 0
1707 -4088 106 76 421378 0 0 0
1536 -3812 88 101 836331 0 0 0
2019 -3840 107 87 565790 0 0 0
1765 -4434 62 90 839867 0 0 0
1789 -5032 79 65 277754 0 0 0
1275 -4923 85 70 935926 0 0 0
667 -5530 98 98 301709 0 0 0
1018 -4894 107 106 913569 0 0 0
1021 -5065 82 89 840216 0 0 0
1159 -5525 106 59 337108 0 0 0
1803 -5445 119 92 177108 0 0 0
2108 -5382 81 83 236512 0 0 0
2423 -5984 85 62 109609 0 0 0
2122 -6211 66 67 768013 0 0 0
2250 -5687 63 53 400582 0 0 0
2252 -5842 86 66 607071 0 0 0
2317 -5772 90 62 296384 0 0 0
2388 -6094 75 77 893538 0 0 0
2216 -5921 60 78 705607 0 0 0
2728 -6047 116 65 980416 0 0 0
2507 -6069 71 105 733483 0 0 0
2707 -5472 118 105 742600 0 0 0
3189 -4953 82 54 649087 0 0 0
2657 -4989 64 60 166327 0 0 0
2963 -5062 67 65 342560 0 0 0
2291 -4500 77 100 235524 0 0 0
2824 -3904 62 56 428182 0 0 0
2839 -3309 62 95 801169 0 0 0
2983 -3366 104 99 704085 0 0 0
2308 -3705 82 55 256112 0 0 0
2800 -4070 75 88 746427 0 0 0
2388 -4651 92 67 663099 0 0 0
2905 -5084 79 60 590434 0 0 0
3300 -5118 112 58 917485 0 0 0
3357 -5242 100 78 992281 0 0 0
2705 -5562 76 65 920436 0 0 0
2076 -5527 115 61 682727 0 0 0
2138 -5644 105 59 960574 0 0 0
1773 -5612 81 53 571516 0 0 0
1271 -5572 75 82 579342 0 0 0
1317 -5076 100 90 371200 0 0 0
853 -4588 87 102 745307 0 0 0
811 -4069 102 95 295862 0 0 0
1059 -3434 96 59 731819 0 0 0
689 -3787 73 66 548896 0 0 0
46 -3514 78 92 917789 0 0 0
-392 -3304 99 93 187957 0 0 0
-534 -2867 119 58 549230 0 0 0
-604 -2400 78 53 251960 0 0 0
-1243 -2052 68 87 651305 0 0 0
-1822 -2634 62 80 996678 0 0 0
-1712 -2384 108 85 213687 0 0 0
-2120 -2802 105 74 878672 0 0 0
-2715 -2174 106 64 625096 0 0 0
-2748 -2251 70 68 216912 0 0 0
-2797 -1999 81 81 681723 0 0 0
-2587 -1136 95 94 127153 0 0 0
-2999 -1773 108 62 782018 0 0 0
-3483 -2405 118 73 593537 0 0 0
-3661 -2998 107 75 399987 0 0 0
-3436 -3513 101 97 359785 0 0 0
-3818 -3673 105 97 234419 0 0 0
-4002 -4185 63 102 938197 0 0 0
-4599 -4682 67 60 914146 0 0 0
-4169 -5332 80 94 708982 0 0 0
-4227 -5562 119 58 274666 0 0 0
-4527 -5389 89 67 889464 0 0 0
-4865 -5790 78 70 608937 0 0 0
-5047 -5797 98 92 935624 0 0 0
-5515 -6273 114 53 778162 0 0 0
-5126 -5707 67 63 629306 0 0 0
-5213 -5425 60 56 402297 0 0 0
-4800 -5851 61 92 118816 0 0 0
-5224 -6402 113 94 730484 0 0 0
-5893 -6190 116 83 882728 0 0 0
-5992 -5973 79 94 337689 0 0 0
-6013 -5761 90 57 385036 0 0 0
-6114 -5487 94 104 826489 0 0 0
-5476 -5223 90 87 256791 0 0 0
-5923 -5309 88 54 383280 0 0 0
-6026 -5541 74 98 279971 0 0 0
-6302 -5942 63 103 961611 0 0 0
-6956 -5771 74 101 419700 0 0 0
-7270 -5752 75 106 271563 0 0 0
-6766 -6290 85 77 909579 0 0 0
-7062 -6351 72 99 731099 0 0 0
-6565 -6023 105 97 390609 0 0 0
-6090 -5988 108 70 887630 0 0 0
-6017 -5340 73 69 579700 0 0 0
-5490 -5406 74 68 442107 0 0 0
-5424 -5063 89 88 100167 0 0 0
-5597 -4746 80 53 531108 0 0 0
-5309 -4586 78 61 473609 0 0 0
-5040 -4135 59 76 164914 0 0 0
-4501 -3633 71 86 696807 0 0 0
-4284 -3201 80 79 958183 0 0 0
-4859 -2550 109 71 719422 0 0 0
-4418 -2398 99 102 182420 0 0 0
-4027 -1971 117 97 905936 0 0 0
-3881 -1940 113 89 775156 0 0 0
-3495 -1588 103 66 635975 0 0 0
-4077 -1789 103 98 201163 0 0 0
-3538 -1776 109 100 719179 0 0 0
-3305 -2289 62 68 791407 0 0 0
-3980 -1849 67 96 860967 0 0 0
-4520 -2034 78 62 718203 0 0 0
-4259 -2212 81 55 853002 0 0 0
-3746 -2435 82 66 746779 0 0 0
-3163 -3027 66 105 561136 0 0 0
-3752 -3078 61 84 931857 0 0 0
-3895 -3492 71 62 867886 0 0 0
-3399 -3323 117 99 290084 0 0 0
-2944 -2760 91 78 708203 0 0 0
-2665 -3129 92 71 718080 0 0 0
-1990 -3459 73 61 857721 0 0 0
-2311 -3795 90 63 306489 0 0 0
-1727 -4268 113 92 226338 0 0 0
-1163 -4534 67 61 629514 0 0 0
-1345 -5052 68 75 849188 0 0 0
-1552 -4497 90 89 794798 0 0 0
-1460 -4092 99 101 681390 0 0 0
-1466 -4093 87 95 157868 0 0 0
-1938 -3860 89 76 814056 0 0 0
-2388 -3676 82 105 309803 0 0 0
-1784 -3247 119 58 834831 0 0 0
-1352 -3517 116 67 246541 0 0 0
-1756 -3702 64 89 872520 0 0 0
-2040 -4357 115 57 187129 0 0 0
-2080 -4589 90 106 809889 0 0 0
-2694 -5098 111 67 650910 0 0 0
-2345 -5515 62 70 991381 0 0 0
-2181 -4978 90 97 978592 0 0 0
-2606 -4382 77 99 159477 0 0 0
-3111 -4512 78 83 503203 0 0 0
-3361 -4274 61 55 949453 0 0 0
-3500 -4806 75 92 673752 0 0 0
-3775 -5399 111 55 388487 0 0 0
-3809 -5105 116 86 660050 0 0 0
-3230 -4745 70 63 972784 0 0 0
-3635 -4914 82 87 460179 0 0 0
-3141 -4247 99 53 755440 0 0 0
-2744 -4176 110 99 475574 0 0 0
-2738 -4209 112 95 716077 0 0 0
-3344 -3821 106 76 442966 0 0 0
-3325 -4316 81 59 270120 0 0 0
-2845 -4779 113 83 998089 0 0 0
-2987 -4534 67 83 961092 0 0 0
-3159 -4822 104 68 430634 0 0 0
-2933 -5062 90 92 788028 0 0 0
-3571 -5199 114 85 114992 0 0 0
-3872 -5514 62 92 333105 0 0 0
-3711 -5288 66 63 302646 0 0 0
-3378 -5147 69 94 363324 0 0 0
-3206 -5210 99 93 919071 0 0 0
-1797 -671 104 96 590133 0 0 0
-2426 -1099 84 104 670781 0 0 0
-2783 -652 67 91 989002 0 0 0
-3095 -605 77 87 267273 0 0 0
-2441 -339 60 64 562550 0 0 0
-2039 114 86 66 150991 0 0 0
-1610 -293 73 85 961556 0 0 0
-2033 312 105 93 238242 0 0 0
-2576 377 112 69 916346 0 0 0
-2755 276 109 105 658044 0 0 0
-2466 225 61 63 811578 0 0 0
-2418 -223 73 104 603767 0 0 0
-2187 308 115 75 977278 0 0 0
-1524 -278 110 65 304643 0 0 0
-1606 -659 59 53 890306 0 0 0
-1733 -719 119 106 320985 0 0 0
-1435 -1379 107 81 834919 0 0 0
-1926 -1763 87 55 739581 0 0 0
-1598 -1533 87 65 322897 0 0 0
-1447 -1520 70 58 223642 0 0 0
-1976 -1784 66 58 237744 0 0 0
-2616 -1624 68 91 866378 0 0 0
-3065 -1538 71 58 290670 0 0 0
-3479 -1684 98 79 934998 0 0 0
-3778 -2039 90 63 101476 0 0 0
-4112 -1485 91 101 855633 0 0 0
-4231 -842 73 79 376647 0 0 0
-3726 -224 91 74 134374 0 0 0
-3079 425 115 79 263617 0 0 0
-3474 878 105 93 995123 0 0 0
-3735 783 106 81 487417 0 0 0
-3148 413 111 104 436899 0 0 0
-3803 54 109 61 215580 0 0 0
-3444 -360 76 63 625281 0 0 0
-3564 -918 60 72 420322 0 0 0
-4090 -369 113 92 130245 0 0 0
-4492 206 101 100 979127 0 0 0
-4522 235 74 87 727886 0 0 0
-4487 -329 109 88 598915 0 0 0
-4083 147 78 98 107731 0 0 0
-4504 215 71 91 862117 0 0 0
-4860 660 84 87 964824 0 0 0
-4794 442 74 106 174312 0 0 0
-5401 633 107 86 107169 0 0 0
-5230 486 61 70 793596 0 0 0
-5900 21 103 98 296133 0 0 0
-5826 -229 68 96 837791 0 0 0
-6129 388 66 99 822926 0 0 0
-6124 543 104 92 322975 0 0 0
-5833 178 106 81 114104 0 0 0
-6328 846 66 69 336731 0 0 0
-6149 724 107 97 475158 0 0 0
-6135 861 73 81 285720 0 0 0
-5938 1398 93 56 608185 0 0 0
-6220 1153 113 104 295755 0 0 0
-6158 748 112 54 359656 0 0 0
-6445 725 102 75 220341 0 0 0
-6266 200 65 72 318400 0 0 0
-6350 253 67 78 560912 0 0 0
-6485 383 87 55 196780 0 0 0
-6996 619 114 78 766468 0 0 0
-6997 47 83 61 333318 0 0 0
-6412 394 107 65 102530 0 0 0
-5912 484 99 84 159475 0 0 0
-5432 277 76 68 191103 0 0 0
-5259 357 85 81 221347 0 0 0
-4729 -279 82 87 436222 0 0 0
-4465 -463 81 88 774941 0 0 0
-4189 -513 109 93 270040 0 0 0
-4146 -293 96 101 726824 0 0 0
-51 269 88 92 197272 0 0 0
-501 820 79 91 493546 0 0 0
-615 570 111 65 127957 0 0 0
-331 572 81 76 497910 0 0 0
-775 1074 65 73 526054 0 0 0
-164 1500 61 68 735752 0 0 0
-565 1279 74 79 689623 0 0 0
-551 1897 71 78 234201 0 0 0
-161 1281 117 70 342812 0 0 0
-327 1277 64 84 603967 0 0 0
-85 672 108 92 260347 0 0 0
-583 743 108 71 356925 0 0 0
-502 530 66 71 487247 0 0 0
-1071 771 100 70 322696 0 0 0
-1225 1156 74 74 738382 0 0 0
-936 1017 68 55 641235 0 0 0
-582 628 87 64 156970 0 0 0
-898 1132 69 86 402301 0 0 0
-635 1455 78 87 319467 0 0 0
-241 2025 78 88 612308 0 0 0
44 1962 85 102 269557 0 0 0
457 1354 105 83 608138 0 0 0
-85 1119 109 67 495910 0 0 0
-396 744 119 101 150476 0 0 0
-137 1337 115 56 461094 0 0 0
-428 1142 94 99 716021 0 0 0
-681 1585 111 70 779939 0 0 0
-787 1506 117 70 792308 0 0 0
-1649 767 68 98 283923 0 0 0
-1982 1028 80 60 830333 0 0 0
-2345 1072 73 79 987671 0 0 0
-1885 923 76 62 442840 0 0 0
-1552 1511 112 58 120645 0 0 0
-1032 1020 104 88 114103 0 0 0
-728 1597 81 105 860114 0 0 0
-365 1213 98 102 565574 0 0 0
-663 563 67 91 497136 0 0 0
-27 308 91 72 434481 0 0 0
341 303 85 103 197508 0 0 0
388 -244 65 60 294890 0 0 0
200 -767 87 101 749998 0 0 0
785 -1365 71 80 333323 0 0 0
238 -1641 86 78 816261 0 0 0
720 -2038 98 89 771962 0 0 0
671 -1737 64 76 166890 0 0 0
902 -1540 86 97 900420 0 0 0
620 -1749 89 101 537194 0 0 0
378 -1447 98 67 205021 0 0 0
-113 -1839 101 74 965672 0 0 0
-355 386 107 78 584214 0 0 0
-931 317 76 91 684403 0 0 0
-701 425 80 66 679486 0 0 0
-1144 672 101 72 227298 0 0 0
-883 854 111 91 210089 0 0 0
-849 308 118 66 951959 0 0 0
-202 455 62 73 138651 0 0 0
-628 446 93 69 102080 0 0 0
-1145 -7 79 67 900627 0 0 0
-964 -228 116 54 225893 0 0 0
-1404 -180 113 84 998939 0 0 0
-1662 -402 118 95 307607 0 0 0
-2329 197 66 101 909763 0 0 0
-1662 270 66 96 259495 0 0 0
-2248 -72 102 65 507797 0 0 0
-1975 -503 94 70 842989 0 0 0
-1336 -650 65 54 861588 0 0 0
-1408 -140 108 68 955415 0 0 0
-1499 233 72 102 700655 0 0 0
-1804 726 72 54 227920 0 0 0
-2291 525 68 74 668509 0 0 0
-2604 1137 60 99 897132 0 0 0
-2497 805 98 94 234369 0 0 0
-2722 834 81 100 412395 0 0 0
740 680 74 53 453566 0 0 0
431 396 91 91 785205 0 0 0
202 39 99 68 980857 0 0 0
676 163 99 97 892410 0 0 0
90 533 116 64 115267 0 0 0
-453 992 70 61 350541 0 0 0
-191 878 115 98 830395 0 0 0
-556 661 101 57 302275 0 0 0
-1204 1144 79 74 329812 0 0 0
-778 1164 105 93 338695 0 0 0
-1340 1700 86 70 570366 0 0 0
-925 1806 88 67 207045 0 0 0
-754 2282 111 66 476667 0 0 0
-552 2804 117 83 647062 0 0 0
39 2337 105 82 587702 0 0 0
447 2211 72 100 596767 0 0 0
-149 2126 71 60 626687 0 0 0
465 2568 101 91 402885 0 0 0
281 2156 106 70 423330 0 0 0
-181 1778 97 64 632116 0 0 0
428 2344 66 60 998104 0 0 0
171 2572 66 92 331526 0 0 0
-430 2307 87 71 169231 0 0 0
-212 2397 94 54 574738 0 0 0
-521 1923 70 68 373119 0 0 0
-108 2252 73 87 170986 0 0 0
-67 1723 69 101 288616 0 0 0
363 1096 89 58 337347 0 0 0
333 1767 85 77 677758 0 0 0
534 2046 96 87 208372 0 0 0
636 2507 80 68 945900 0 0 0
416 2842 75 82 798096 0 0 0
-113 2527 82 84 762235 0 0 0
413 2814 63 57 859621 0 0 0
269 3353 107 88 902463 0 0 0
130 2902 90 66 196793 0 0 0
-220 2293 61 86 916761 0 0 0
-143 2630 119 58 723978 0 0 0
205 1958 68 74 182685 0 0 0
-177 1869 118 60 978245 0 0 0
-290 1221 85 69 547354 0 0 0
-678 1196 62 96 427023 0 0 0
-609 1500 102 70 618483 0 0 0
-589 1666 71 94 720625 0 0 0
-582 2086 114 87 221303 0 0 0
-629 1946 70 75 865556 0 0 0
-463 2278 109 85 712351 0 0 0
104 1717 68 76 905884 0 0 0
-151 2147 87 73 914745 0 0 0
310 1895 110 69 217895 0 0 0
-207 1416 118 76 722583 0 0 0
-655 982 115 88 183700 0 0 0
-114 1220 102 82 553047 0 0 0
1167 -278 82 53 425001 0 0 0
1782 -359 85 94 610378 0 0 0
1638 -861 73 86 138695 0 0 0
1340 -1112 70 100 650691 0 0 0
1497 -449 65 60 664017 0 0 0
1218 -79 84 56 655573 0 0 0
1708 -485 103 63 152120 0 0 0
2355 -525 69 100 361007 0 0 0
1766 -809 78 92 833597 0 0 0
1187 -327 119 58 982630 0 0 0
1732 -27 85 80 756939 0 0 0
2260 226 99 58 859370 0 0 0
2009 872 118 78 808996 0 0 0
1676 1352 83 69 680201 0 0 0
1904 1586 96 57 434713 0 0 0
1422 1355 114 70 757206 0 0 0
1627 1352 71 95 514074 0 0 0
1399 1778 113 104 688030 0 0 0
933 1506 84 86 174018 0 0 0
862 1053 74 89 738854 0 0 0
536 874 105 64 215549 0 0 0
910 1422 92 81 542771 0 0 0
490 1367 71 61 649670 0 0 0
-31 1311 75 54 984695 0 0 0
246 1794 82 67 266688 0 0 0
-43 1344 104 97 276548 0 0 0
-316 1044 109 60 641346 0 0 0
-678 1044 86 66 684053 0 0 0
-477 1032 75 67 930428 0 0 0
-195 574 108 96 705214 0 0 0
-121 -51 98 73 978579 0 0 0
-575 -257 100 63 633253 0 0 0
-1071 -666 83 102 119527 0 0 0
-640 -504 113 88 738821 0 0 0
-769 -483 75 91 554375 0 0 0
-854 -870 81 68 546220 0 0 0
-774 -492 60 79 566774 0 0 0
-317 72 91 100 461721 0 0 0
-303 609 59 82 114340 0 0 0
-680 571 88 100 392099 0 0 0
-814 1050 61 93 177660 0 0 0
-887 1587 72 80 771650 0 0 0
-489 2219 69 60 486755 0 0 0
114 2528 95 96 477624 0 0 0
377 2279 110 86 708299 0 0 0
724 1991 104 80 781968 0 0 0
1186 1522 113 103 227954 0 0 0
1493 856 67 76 595328 0 0 0
883 747 113 97 369884 0 0 0
1482 135 64 89 850232 0 0 0
1026 -517 95 106 955373 0 0 0
417 -502 75 73 883640 0 0 0
-126 -132 92 98 387357 0 0 0
-130 -358 84 98 952719 0 0 0
-24 -1008 87 91 875836 0 0 0
616 -834 64 89 301293 0 0 0
889 -1430 84 83 929569 0 0 0
1433 -1352 65 77 357133 0 0 0
1269 -801 78 65 566837 0 0 0
1212 -1109 108 80 891511 0 0 0
955 -1469 110 67 449009 0 0 0
1110 -828 73 100 735472 0 0 0
1626 -892 64 70 466426 0 0 0
2209 -1273 63 87 704632 0 0 0
2248 -878 118 54 172761 0 0 0
2264 -1109 102 74 521878 0 0 0
2032 -1213 97 104 180920 0 0 0
2637 -653 92 73 410728 0 0 0
2516 -1248 82 78 816988 0 0 0
2203 -601 119 61 218790 0 0 0
1937 -629 68 88 140750 0 0 0
1298 -479 119 63 203590 0 0 0
962 -629 105 64 709395 0 0 0
1103 -962 92 76 644341 0 0 0
727 -1307 73 65 188102 0 0 0
1369 -644 90 53 417930 0 0 0
868 -797 115 104 324735 0 0 0
920 -306 64 89 425590 0 0 0
1255 -472 111 72 357914 0 0 0
1332 -505 79 94 389403 0 0 0
1415 -880 83 76 650577 0 0 0
1221 -701 88 94 353968 0 0 0
1830 -1153 101 103 657190 0 0 0
1309 -1762 88 100 304956 0 0 0
1566 -1115 112 83 693133 0 0 0
1504 -1677 108 105 597067 0 0 0
1273 -1242 95 104 940921 0 0 0
646 -1606 108 53 641246 0 0 0
1019 -2218 109 106 770573 0 0 0
761 -1761 113 53 640280 0 0 0
1426 -1629 110 106 974296 0 0 0
1966 -1195 83 79 840003 0 0 0
2020 -1570 91 63 704783 0 0 0
2469 -1629 64 75 685145 0 0 0
2018 -1174 105 102 178800 0 0 0
2002 -1660 100 60 196274 0 0 0
2348 -2049 89 91 716398 0 0 0
2610 -2510 82 73 167635 0 0 0
2466 -3170 72 70 567812 0 0 0
2605 -3079 73 93 434766 0 0 0
3051 -3033 83 86 479091 0 0 0
2628 -3706 63 95 234464 0 0 0
3024 -3426 70 64 803997 0 0 0
3310 -3182 115 106 914817 0 0 0
3249 -3784 93 67 303273 0 0 0
-979 2580 114 69 701067 0 0 0
-1051 2715 87 69 610087 0 0 0
-1424 3156 108 99 986701 0 0 0
-1752 2909 90 80 824424 0 0 0
-1805 3045 115 106 539015 0 0 0
-1430 3473 64 78 791587 0 0 0
-1609 3789 85 96 995250 0 0 0
-1235 3166 104 60 516769 0 0 0
-1039 2718 114 76 921388 0 0 0
-1661 3184 117 89 197740 0 0 0
-1447 3347 100 54 771827 0 0 0
-1398 4018 72 77 419915 0 0 0
-1265 3413 90 72 282024 0 0 0
-754 3075 81 82 904830 0 0 0
-820 3665 75 92 927185 0 0 0
-295 4328 88 66 358680 0 0 0
95 4652 76 61 980099 0 0 0
600 4682 73 84 487023 0 0 0
371 5217 67 90 473992 0 0 0
646 4980 77 82 812090 0 0 0
937 5186 64 103 857408 0 0 0
1344 5860 81 84 547944 0 0 0
1259 5553 117 93 727218 0 0 0
2255 -182 118 69 296414 0 0 0
2501 -699 92 79 757524 0 0 0
2786 -124 109 83 990864 0 0 0
2226 -191 73 80 902637 0 0 0
2214 -172 81 54 435589 0 0 0
2640 176 83 81 345055 0 0 0
2751 656 95 65 251798 0 0 0
2699 386 99 88 714861 0 0 0
2177 994 59 71 764869 0 0 0
1927 1325 78 72 587479 0 0 0
1728 1384 104 65 305502 0 0 0
1357 733 79 105 877150 0 0 0
1272 1196 111 67 125086 0 0 0
1608 1265 89 95 849039 0 0 0
1120 1911 86 66 541911 0 0 0
1282 2027 69 76 304252 0 0 0
1060 2125 75 96 128842 0 0 0
947 2511 118 59 775986 0 0 0
733 2841 114 97 662377 0 0 0
424 2901 88 102 814872 0 0 0
396 2692 107 55 224105 0 0 0
-200 2496 77 83 516656 0 0 0
-285 2782 63 100 269788 0 0 0
-209 2563 111 82 551061 0 0 0
-52 2718 117 83 560685 0 0 0
559 2638 113 91 510681 0 0 0
561 2270 112 96 842320 0 0 0
982 2567 69 87 638594 0 0 0
930 2178 96 94 342264 0 0 0
949 2245 99 55 848893 0 0 0
1050 1737 94 69 188386 0 0 0
944 1630 117 105 239719 0 0 0
789 1216 118 77 252079 0 0 0
-867 2401 80 67 701465 0 0 0
-894 2340 71 64 114550 0 0 0
-1300 2130 91 106 985155 0 0 0
-808 2292 106 92 649800 0 0 0
-303 2301 88 88 547346 0 0 0
-13 2883 81 75 646108 0 0 0
408 3184 60 104 863440 0 0 0
1046 3317 59 76 670809 0 0 0
602 2936 115 67 985512 0 0 0
1051 2309 94 96 639734 0 0 0
1292 2061 105 67 747918 0 0 0
1166 1674 113 57 878290 0 0 0
1546 2079 104 82 511654 0 0 0
1140 2420 98 76 184433 0 0 0
1245 2187 112 79 863455 0 0 0
932 2613 93 106 319344 0 0 0
1362 2029 71 83 884099 0 0 0
860 1557 106 61 531210 0 0 0
1031 1336 84 57 499794 0 0 0
1019 1925 113 102 426410 0 0 0
1634 1817 98 53 227769 0 0 0
1926 1871 79 55 848162 0 0 0
1849 1410 110 92 858184 0 0 0
1864 896 94 100 448759 0 0 0
1883 1144 111 105 207225 0 0 0
1309 649 62 81 972483 0 0 0
943 1184 93 93 370393 0 0 0
622 1009 84 61 363510 0 0 0
891 1587 94 103 121480 0 0 0
1408 985 97 74 333284 0 0 0
1417 354 65 95 808246 0 0 0
1085 3 59 106 865195 0 0 0
580 -412 64 62 537020 0 0 0
753 -797 83 81 116446 0 0 0
402 -481 70 92 111476 0 0 0
394 -1064 71 60 677563 0 0 0
546 -821 74 98 121422 0 0 0
555 -484 85 96 729402 0 0 0
923 -49 116 80 534136 0 0 0
-517 2647 92 69 435531 0 0 0
-99 2746 83 82 294488 0 0 0
-523 2152 94 106 534827 0 0 0
-1112 2037 70 64 139477 0 0 0
-854 1496 96 70 854280 0 0 0
-488 1818 78 76 288565 0 0 0
-916 1418 99 104 560914 0 0 0
-281 1943 83 66 812974 0 0 0
-562 1738 59 81 275462 0 0 0
-502 1744 96 83 274744 0 0 0
-356 1989 64 82 593478 0 0 0
-821 1716 117 56 571067 0 0 0
-824 1782 73 91 716712 0 0 0
-322 2297 109 57 597231 0 0 0
-440 2507 109 74 618648 0 0 0
-570 -1746 61 63 798018 0 0 0
-915 -2021 76 89 887781 0 0 0
-974 -2116 101 101 114440 0 0 0
-528 -1816 113 103 898751 0 0 0
-1071 -1571 117 106 215214 0 0 0
-762 -1520 116 79 587871 0 0 0
-1047 -1030 72 62 568781 0 0 0
-542 -420 63 74 890156 0 0 0
-1170 -209 109 57 302769 0 0 0
-984 347 115 80 734425 0 0 0
-1300 485 76 70 606999 0 0 0
-1680 84 89 86 266677 0 0 0
-1885 -296 75 71 631761 0 0 0
-1409 -920 82 105 336380 0 0 0
-312 2549 106 86 125704 0 0 0
-37 2187 108 81 355820 0 0 0
364 2282 61 72 202618 0 0 0
1019 2387 105 61 251595 0 0 0
947 2677 88 62 770478 0 0 0
1573 2506 83 101 567747 0 0 0
1767 2703 59 57 848027 0 0 0
1952 2914 103 76 720571 0 0 0
1646 2837 69 95 489412 0 0 0
985 3234 97 68 705692 0 0 0
1265 2704 108 71 386443 0 0 0
1095 2231 83 96 482525 0 0 0
1498 2277 92 71 883346 0 0 0
1916 2724 78 59 433985 0 0 0
1380 2607 87 53 355333 0 0 0
1352 3224 77 58 518434 0 0 0
1211 3372 76 104 786374 0 0 0
1229 3410 61 56 412848 0 0 0
1031 2820 89 89 821453 0 0 0
1639 3036 90 62 538840 0 0 0
1536 3538 78 73 137922 0 0 0
2152 4194 67 77 729616 0 0 0
2548 3897 68 105 835825 0 0 0
3202 4551 89 102 531064 0 0 0
3258 4479 91 58 528393 0 0 0
3568 4973 63 81 794086 0 0 0
3754 5406 85 93 294358 0 0 0
2291 1594 62 84 747131 0 0 0
1757 969 67 103 458788 0 0 0
1517 331 76 78 368482 0 0 0
1825 225 88 53 532069 0 0 0
1908 176 109 79 539862 0 0 0
1750 -283 99 62 538430 0 0 0
1893 -931 98 93 978585 0 0 0
1377 -724 73 89 229826 0 0 0
1313 -124 69 96 706449 0 0 0
1291 294 90 91 492160 0 0 0
1024 -123 101 102 960403 0 0 0
527 68 74 69 530622 0 0 0
534 630 98 72 210531 0 0 0
276 996 114 77 396988 0 0 0
457 497 79 75 347993 0 0 0
669 244 79 53 372906 0 0 0
330 641 94 94 634642 0 0 0
-250 985 82 99 871310 0 0 0
-504 1160 95 92 409127 0 0 0
-162 844 64 84 631090 0 0 0
-643 1510 105 78 623532 0 0 0
-15 1129 114 53 872051 0 0 0
-525 693 105 58 169682 0 0 0
-141 800 81 91 923079 0 0 0
428 1359 92 55 957422 0 0 0
479 1940 86 87 206289 0 0 0
1035 1503 79 59 837840 0 0 0
1370 834 92 105 346614 0 0 0
1472 432 72 75 567285 0 0 0
1351 631 107 83 829789 0 0 0
1892 499 95 53 558896 0 0 0
1539 42 112 79 200134 0 0 0
1548 -339 67 60 472825 0 0 0
1285 -668 61 69 519335 0 0 0
641 -304 105 68 522687 0 0 0
1308 229 113 101 524700 0 0 0
1944 613 108 102 931044 0 0 0
1919 567 86 70 838576 0 0 0
1281 765 117 99 356519 0 0 0
1396 781 60 83 691891 0 0 0
1798 305 62 99 139050 0 0 0
1386 -152 113 64 932650 0 0 0
1334 -532 73 70 452941 0 0 0
1253 -137 88 78 689726 0 0 0
1108 237 63 71 158910 0 0 0
1414 63 119 98 916900 0 0 0
1215 16 72 56 972325 0 0 0
1473 -139 81 80 616289 0 0 0
1399 346 59 67 552509 0 0 0
2065 -113 119 96 971665 0 0 0
2209 -599 76 88 401138 0 0 0
2860 -750 119 85 324257 0 0 0
2734 -534 77 70 493332 0 0 0
2358 -792 86 84 995132 0 0 0
1904 -1183 65 70 774348 0 0 0
1873 -1536 69 99 614679 0 0 0
2375 -2029 102 98 867897 0 0 0
2883 -2473 91 75 772682 0 0 0
2892 -2477 118 93 236145 0 0 0
3233 -2301 104 71 194682 0 0 0
2794 -2764 83 106 597239 0 0 0
2986 -2355 98 61 956051 0 0 0
2970 -2791 83 60 376175 0 0 0
2814 -3267 118 79 361315 0 0 0
3326 -3038 112 55 132296 0 0 0
2714 -3154 97 101 282179 0 0 0
2831 -3214 75 68 233752 0 0 0
2822 -2894 106 104 972794 0 0 0
3365 -2488 73 58 964255 0 0 0
2938 -3118 96 101 370218 0 0 0
3599 -3284 100 75 377316 0 0 0
3775 -3937 88 91 200140 0 0 0
3948 -3290 77 73 909520 0 0 0
3843 -3152 64 75 113266 0 0 0
4185 -2927 86 106 952915 0 0 0
4852 -2699 65 92 507823 0 0 0
4661 -2726 107 61 345160 0 0 0
5011 -3269 118 74 904945 0 0 0
5168 -3476 76 60 107518 0 0 0
5533 -2850 99 106 199404 0 0 0
5360 -2549 75 99 711278 0 0 0
5332 -1969 110 62 424103 0 0 0
5492 -1817 76 106 251583 0 0 0
4837 -1358 99 74 857398 0 0 0
5487 -1494 59 102 153123 0 0 0
5107 -879 64 90 859563 0 0 0
5007 -795 96 54 692468 0 0 0
4815 -441 117 100 777975 0 0 0
4744 -410 109 96 506485 0 0 0
5314 173 85 86 292708 0 0 0
5880 586 63 59 983392 0 0 0
5257 1122 76 102 360322 0 0 0
5892 1384 111 81 696076 0 0 0
5449 1617 112 60 262226 0 0 0
4868 2050 59 88 347654 0 0 0
4600 2570 83 81 747596 0 0 0
3994 1945 106 83 635627 0 0 0
4255 2296 103 54 714299 0 0 0
4922 1725 90 70 276317 0 0 0
5455 1989 62 94 304800 0 0 0
6079 2634 74 98 546636 0 0 0
6388 2203 81 99 901974 0 0 0
6910 1637 61 70 462857 0 0 0
7008 1310 73 58 128230 0 0 0
6727 931 66 101 940137 0 0 0
6459 604 102 77 374002 0 0 0
6318 -65 88 59 687979 0 0 0
6148 420 89 84 332812 0 0 0
6006 991 90 87 262105 0 0 0
5387 476 108 72 294378 0 0 0
5614 979 115 70 604450 0 0 0
5427 847 66 53 760415 0 0 0
5043 293 111 68 641606 0 0 0
4970 -131 85 91 322465 0 0 0
4918 359 66 87 371121 0 0 0
4741 198 103 103 865658 0 0 0
5381 654 77 88 799030 0 0 0
5047 35 104 92 623187 0 0 0
-1587 2535 112 65 842469 0 0 0
-1571 3072 109 106 389667 0 0 0
-1223 3533 73 53 237785 0 0 0
-1741 3228 61 92 111800 0 0 0
-1145 3866 74 67 165595 0 0 0
-730 3353 109 81 489248 0 0 0
-405 3443 81 93 805521 0 0 0
-532 3806 113 70 853662 0 0 0
-322 4339 119 88 973378 0 0 0
50 4680 93 84 128166 0 0 0
-562 4051 70 60 979751 0 0 0
-496 3955 74 77 480877 0 0 0
-999 3794 80 93 514045 0 0 0
-610 3169 116 98 153597 0 0 0
-1014 3766 117 53 962747 0 0 0
-1187 3738 115 84 592658 0 0 0
-1823 3595 104 58 263257 0 0 0
-2345 4003 92 90 948175 0 0 0
-2332 4171 117 65 323928 0 0 0
-2439 4072 91 94 228794 0 0 0
-1945 4202 84 60 439621 0 0 0
-1679 4874 105 99 746582 0 0 0
-1994 4817 63 83 399860 0 0 0
-1729 4452 74 62 566524 0 0 0
-1332 4989 62 60 270501 0 0 0
-676 4527 64 73 961135 0 0 0
-195 4322 61 102 964580 0 0 0
-124 4217 80 90 293217 0 0 0
-339 3700 85 70 631654 0 0 0
142 3996 96 59 302368 0 0 0
363 3593 104 106 551763 0 0 0
183 2960 111 93 392531 0 0 0
-300 3392 67 84 656210 0 0 0
360 3609 117 81 699201 0 0 0
-1825 -405 79 96 437722 0 0 0
-1794 248 104 102 158332 0 0 0
-2107 -417 111 100 473830 0 0 0
-2496 -947 83 61 881495 0 0 0
-2494 -1425 115 65 633833 0 0 0
-2000 -1508 62 72 229290 0 0 0
-1776 -1966 92 53 357100 0 0 0
-1775 -1331 102 67 208638 0 0 0
-1415 -1018 94 102 288015 0 0 0
-1093 -1152 106 99 183449 0 0 0
-468 -1165 111 79 805818 0 0 0
-358 -849 71 86 872443 0 0 0
-327 -1035 81 76 514593 0 0 0
-187 -629 80 65 116988 0 0 0
-760 -682 94 57 337075 0 0 0
-330 -781 100 85 584433 0 0 0
209 -983 88 71 332950 0 0 0
54 -1547 101 92 225343 0 0 0
448 -2213 117 88 658675 0 0 0
739 -2753 72 94 654494 0 0 0
768 -2632 61 105 676721 0 0 0
1441 -2847 82 83 812570 0 0 0
1437 -2204 105 91 469625 0 0 0
1057 -2085 114 53 170671 0 0 0
1048 -1589 66 97 577302 0 0 0
823 -1486 69 67 946013 0 0 0
1189 -817 109 58 143288 0 0 0
677 -486 72 57 562249 0 0 0
1195 -475 71 74 284786 0 0 0
808 -222 88 59 833767 0 0 0
1336 100 79 57 108014 0 0 0
1898 -536 66 73 119411 0 0 0
1251 -1124 84 56 516130 0 0 0
830 -1409 94 87 695759 0 0 0
1366 -2666 71 78 220431 0 0 0
744 -2628 106 87 583941 0 0 0
175 -2915 65 61 140493 0 0 0
646 -3404 62 97 117426 0 0 0
167 -2836 81 61 319730 0 0 0
185 -3012 62 94 286075 0 0 0
-208 -3021 107 65 601388 0 0 0
-179 -3401 101 97 501212 0 0 0
64 -3194 68 61 249560 0 0 0
-359 -2934 81 75 598792 0 0 0
-195 -3183 115 102 102090 0 0 0
317 -3692 94 84 423303 0 0 0
-205 -3584 74 72 747160 0 0 0
126 -3388 78 86 728647 0 0 0
3 -3890 102 100 369352 0 0 0
281 -4383 76 86 606647 0 0 0
745 -4337 66 84 193246 0 0 0
1167 -4649 78 96 691345 0 0 0
773 -4162 113 69 392441 0 0 0
1307 -4296 62 98 411827 0 0 0
729 -3762 115 76 546769 0 0 0
213 -3987 93 76 979140 0 0 0
460 -3541 68 89 196638 0 0 0
34 -3449 88 94 751594 0 0 0
59 -3224 71 79 284439 0 0 0
-232 -2599 68 64 211441 0 0 0
-479 -2054 111 101 835873 0 0 0
-471 -2252 99 101 642517 0 0 0
-565 -1763 69 68 423705 0 0 0
100 -2335 113 98 684641 0 0 0
-321 -2513 83 54 682481 0 0 0
-875 -3109 98 62 602772 0 0 0
-375 -3655 86 61 577470 0 0 0
211 -3220 90 59 720431 0 0 0
639 -3467 95 83 503727 0 0 0
763 -2978 105 70 166648 0 0 0
2536 1421 107 103 174338 0 0 0
2722 1488 116 89 814662 0 0 0
2750 1653 71 56 583430 0 0 0
2144 1037 114 97 198984 0 0 0
1559 1222 68 96 377892 0 0 0
1656 1657 110 98 221753 0 0 0
1379 1180 72 68 434576 0 0 0
1580 801 72 82 249720 0 0 0
1595 705 100 68 926963 0 0 0
2155 639 107 105 801096 0 0 0
2643 1302 82 92 576312 0 0 0
2973 1461 96 93 875992 0 0 0
3057 1793 113 67 974683 0 0 0
2460 2158 71 91 954224 0 0 0
2371 2440 98 80 885027 0 0 0
2647 2691 90 82 584472 0 0 0
2830 2431 61 98 477163 0 0 0
2476 2101 88 94 500397 0 0 0
2052 2162 115 77 650744 0 0 0
2127 2503 70 82 866570 0 0 0
2376 2898 65 64 785841 0 0 0
1907 2744 107 77 405124 0 0 0
2121 3366 65 60 349181 0 0 0
1733 2752 77 60 657237 0 0 0
1083 2650 64 89 749338 0 0 0
1111 2646 80 84 956835 0 0 0
1154 2957 100 94 616538 0 0 0
1144 3392 102 76 856211 0 0 0
1302 2724 73 85 834030 0 0 0
1840 3190 77 96 644018 0 0 0
1287 3282 89 61 626679 0 0 0
1357 3465 102 71 462012 0 0 0
1615 3538 92 96 757741 0 0 0
1712 3780 73 61 786916 0 0 0
1813 3201 93 68 482109 0 0 0
2323 3649 94 76 814680 0 0 0
-1727 -591 115 58 224809 0 0 0
-2048 -553 93 70 986083 0 0 0
-2424 -817 113 87 625836 0 0 0
-1829 -1268 64 86 435811 0 0 0
-1584 -1041 70 96 701794 0 0 0
-1013 -1047 85 87 831164 0 0 0
-1519 -1558 79 54 227251 0 0 0
-1866 -1707 117 96 393325 0 0 0
-2390 -1514 82 62 138793 0 0 0
-1779 -1331 72 57 777576 0 0 0
-2303 -1649 68 57 499710 0 0 0
-1965 -1212 102 89 775790 0 0 0
-2126 -1385 96 71 359108 0 0 0
-2476 -1662 74 102 570956 0 0 0
-1930 -1541 73 87 205857 0 0 0
-1709 -1044 115 76 474287 0 0 0
-1838 -607 68 97 326822 0 0 0
-1750 -222 87 106 822354 0 0 0
-1636 -338 65 83 753965 0 0 0
-2173 157 83 59 689094 0 0 0
-2347 -128 95 60 119710 0 0 0
-2681 313 106 86 994995 0 0 0
-2555 -130 69 61 202340 0 0 0
-1916 -262 106 90 167601 0 0 0
-2042 -124 62 66 571590 0 0 0
-1592 87 104 101 672759 0 0 0
-1344 -136 90 59 414484 0 0 0
-1939 241 87 70 777148 0 0 0
-1577 -85 94 63 986666 0 0 0
-1485 481 114 104 473940 0 0 0
-2106 882 93 88 521006 0 0 0
-1666 348 67 55 118306 0 0 0
-2274 465 90 64 162180 0 0 0
-2914 177 90 85 453051 0 0 0
-2276 672 118 75 623105 0 0 0
-1907 1340 62 88 820600 0 0 0
-1909 1504 101 96 391140 0 0 0
-1826 1618 117 83 943623 0 0 0
-1473 2119 108 79 251276 0 0 0
-969 1506 65 78 989288 0 0 0
-1082 2162 93 73 378240 0 0 0
-1426 1553 110 68 241316 0 0 0
-1113 1279 87 56 845363 0 0 0
-943 1259 67 62 196771 0 0 0
-992 1272 83 73 727426 0 0 0
-1527 1008 110 67 868829 0 0 0
-2069 1434 85 57 732958 0 0 0
-1700 1633 95 103 123775 0 0 0
-1821 1375 96 78 927490 0 0 0
-1935 1019 119 102 728426 0 0 0
-1309 1399 112 79 762787 0 0 0
-1062 1985 65 105 358443 0 0 0
-1669 1572 76 96 900538 0 0 0
-1460 2183 113 86 394650 0 0 0
-890 2575 60 101 562844 0 0 0
-706 2585 101 96 614465 0 0 0
-431 3215 109 91 575936 0 0 0
-893 3723 66 57 439958 0 0 0
-1126 3540 109 55 412757 0 0 0
-713 3305 63 53 411926 0 0 0
-825 3225 80 101 680882 0 0 0
-1175 2585 92 78 955469 0 0 0
-1298 2054 74 60 862356 0 0 0
-1460 1987 112 98 911014 0 0 0
-912 2578 95 90 358718 0 0 0
-238 2575 76 53 174151 0 0 0
-611 2633 75 63 615255 0 0 0
-1115 2416 69 104 867005 0 0 0
-1582 2101 105 64 450791 0 0 0
-1750 2000 95 88 279546 0 0 0
-2197 2573 75 58 552516 0 0 0
-1542 3004 63 100 390405 0 0 0
-1217 3156 66 91 927610 0 0 0
-373 2414 113 81 766150 0 0 0
280 2860 117 73 544541 0 0 0
-77 2293 94 86 732404 0 0 0
70 2884 62 84 650879 0 0 0
-476 2898 86 94 854201 0 0 0
-560 2855 85 77 432584 0 0 0
-1042 3283 76 93 389972 0 0 0
-691 3846 92 97 353993 0 0 0
-371 3691 87 95 381717 0 0 0
-418 4072 98 95 309435 0 0 0
-672 4068 108 61 681172 0 0 0
-16 3739 100 88 518871 0 0 0
646 3783 77 101 145600 0 0 0
894 4190 105 61 889591 0 0 0
1129 4550 89 85 627494 0 0 0
630 4261 90 99 343710 0 0 0
1238 4308 111 63 914852 0 0 0
655 4055 61 70 677662 0 0 0
687 4718 73 77 704257 0 0 0
1065 4796 117 55 157850 0 0 0
1427 4782 103 62 756181 0 0 0
926 5230 103 101 680476 0 0 0
1402 5089 95 90 379089 0 0 0
749 4812 114 87 696273 0 0 0
1022 4247 92 82 493444 0 0 0
692 4111 90 106 644488 0 0 0
1333 4350 93 96 162012 0 0 0
1443 4064 72 61 347967 0 0 0
847 4182 71 82 941577 0 0 0
702 4539 69 105 790494 0 0 0
662 4841 118 89 368274 0 0 0
1310 5102 110 86 259734 0 0 0
890 5563 84 96 667276 0 0 0
1058 5820 70 99 239742 0 0 0
828 5604 94 104 723368 0 0 0
819 6224 64 58 580783 0 0 0
319 6321 72 67 267174 0 0 0
-196 5859 109 68 921123 0 0 0
-270 5314 119 55 765134 0 0 0
-205 5470 107 106 387255 0 0 0
349 5737 108 101 635298 0 0 0
854 6191 85 72 755010 0 0 0
669 6504 109 99 929625 0 0 0
1105 6752 66 60 633851 0 0 0
1030 6348 88 92 888910 0 0 0
370 6674 74 78 231128 0 0 0
-50 6885 75 98 853332 0 0 0
-601 6374 66 64 777404 0 0 0
-1156 6180 85 56 787596 0 0 0
-1721 6205 113 83 866693 0 0 0
-1628 5547 75 85 944907 0 0 0
-1300 6185 116 83 647481 0 0 0
-1489 5855 77 91 320675 0 0 0
-1114 5603 64 73 406282 0 0 0
-457 5228 83 90 602198 0 0 0
-863 4755 94 85 390442 0 0 0
-316 5329 82 55 317594 0 0 0
-794 5747 87 106 342699 0 0 0
-986 6221 115 78 846866 0 0 0
-1385 6772 89 70 585963 0 0 0
-1804 6102 87 62 851560 0 0 0
-1816 6551 107 60 313322 0 0 0
-1741 6227 92 81 965863 0 0 0
-1979 6611 60 81 165301 0 0 0
-2006 7283 62 81 156177 0 0 0
-1700 7205 115 100 681370 0 0 0
-1088 7300 91 80 649192 0 0 0
-1539 6902 91 88 495340 0 0 0
-1864 6626 72 80 976696 0 0 0
845 981 109 85 452452 0 0 0
1047 775 83 92 773011 0 0 0
786 892 86 76 808853 0 0 0
142 529 102 72 224516 0 0 0
49 33 83 86 682282 0 0 0
295 286 98 92 603936 0 0 0
-351 -20 80 67 264543 0 0 0
-165 -315 118 93 759852 0 0 0
371 -332 108 58 265543 0 0 0
-32 28 88 59 664001 0 0 0
-690 385 86 106 529370 0 0 0
-423 317 83 99 430074 0 0 0
-189 81 96 57 784068 0 0 0
-460 -340 98 99 446186 0 0 0
-796 303 70 85 576854 0 0 0
-559 350 116 70 621222 0 0 0
-1182 -306 81 97 657957 0 0 0
-1019 -36 79 75 380784 0 0 0
-1047 601 86 77 469988 0 0 0
-572 1060 103 78 650357 0 0 0
-145 1545 104 71 658473 0 0 0
-184 880 105 81 506610 0 0 0
-818 1416 70 75 189544 0 0 0
-853 2080 104 64 333601 0 0 0
-1525 1610 118 82 398856 0 0 0
-1049 1284 77 91 830746 0 0 0
-1122 1364 99 61 488533 0 0 0
-1145 1498 62 83 430845 0 0 0
-1713 2043 109 98 694620 0 0 0
-1223 1851 92 77 536156 0 0 0
-1063 1901 75 57 946271 0 0 0
-1494 2360 89 99 757817 0 0 0
-979 1829 83 61 228543 0 0 0
1983 1584 86 102 524184 0 0 0
1701 1690 89 88 590887 0 0 0
1091 2222 62 77 749504 0 0 0
1570 2427 110 53 622916 0 0 0
1083 2700 73 82 697310 0 0 0
1575 3201 77 95 310294 0 0 0
1910 2673 76 70 275408 0 0 0
1833 2319 99 101 732908 0 0 0
1504 1886 100 56 706217 0 0 0
1448 1703 76 80 198158 0 0 0
1243 1638 109 82 436447 0 0 0
879 1083 75 53 695737 0 0 0
1054 1032 109 57 203839 0 0 0
787 419 90 72 260506 0 0 0
404 981 68 66 491577 0 0 0
813 1442 113 57 190258 0 0 0
1028 1692 79 63 271516 0 0 0
414 1779 60 106 322803 0 0 0
428 1499 117 100 613085 0 0 0
393 1981 88 76 585096 0 0 0
316 2330 68 69 814685 0 0 0
975 2834 105 96 815368 0 0 0
1545 3151 69 99 195409 0 0 0
1500 3475 78 68 608478 0 0 0
1694 3453 112 98 722957 0 0 0
1033 2949 66 103 996316 0 0 0
407 3433 113 79 369040 0 0 0
532 3636 72 102 977241 0 0 0
1187 3635 117 73 730015 0 0 0
640 4083 110 97 189298 0 0 0
673 4127 104 53 344516 0 0 0
606 3773 70 60 762528 0 0 0
482 3354 117 94 487373 0 0 0
553 3046 90 76 233084 0 0 0
554 2513 81 100 194852 0 0 0
1182 2115 62 55 758124 0 0 0
908 1802 62 83 658708 0 0 0
1219 1344 91 53 225379 0 0 0
814 1613 102 100 297681 0 0 0
1140 2268 74 58 416652 0 0 0
1214 2043 74 65 974950 0 0 0
1665 896 70 59 116881 0 0 0
2007 1174 112 95 961179 0 0 0
1890 1678 116 68 790736 0 0 0
2067 1136 82 99 393076 0 0 0
1906 1757 111 84 276024 0 0 0
1735 1613 109 98 333984 0 0 0
1493 1978 62 94 137679 0 0 0
1307 1751 84 85 118857 0 0 0
884 1655 96 83 201071 0 0 0
662 1350 87 82 302508 0 0 0
854 1798 81 82 786943 0 0 0
977 2270 106 56 602752 0 0 0
652 2121 114 81 997255 0 0 0
705 2078 112 86 682888 0 0 0
234 1568 66 95 576716 0 0 0
56 1049 112 67 249230 0 0 0
605 1315 96 98 914074 0 0 0
632 1308 107 81 462304 0 0 0
1187 1507 107 61 597102 0 0 0
700 2026 90 53 592069 0 0 0
1254 2690 111 60 259156 0 0 0
1289 2542 98 95 919380 0 0 0
982 2947 66 81 864067 0 0 0
602 3474 60 84 405870 0 0 0
553 3681 85 68 376186 0 0 0
859 3357 64 98 138335 0 0 0
788 3630 103 62 596076 0 0 0
1336 3228 82 92 515832 0 0 0
1303 2572 81 95 190452 0 0 0
1521 3160 66 100 691674 0 0 0
2136 3675 110 97 677544 0 0 0
2119 3450 71 98 455543 0 0 0
1653 3988 113 65 754396 0 0 0
2077 3866 82 70 898426 0 0 0
2383 3961 93 72 892915 0 0 0
2938 3846 112 63 510528 0 0 0
3324 3235 109 66 573088 0 0 0
3312 3644 82 66 660346 0 0 0
3644 4229 76 58 739639 0 0 0
3032 3579 86 86 536047 0 0 0
-2271 -1054 61 58 462032 0 0 0
-2430 -474 63 90 370647 0 0 0
-2213 -439 60 62 106367 0 0 0
-2665 -134 64 104 518096 0 0 0
-2307 409 96 63 997132 0 0 0
-1890 -211 74 61 689318 0 0 0
-1896 -772 101 84 853227 0 0 0
-2393 -790 68 90 235199 0 0 0
-2581 -593 91 106 703269 0 0 0
-2679 -134 72 54 572802 0 0 0
-3251 390 111 100 652580 0 0 0
-3185 362 61 82 252763 0 0 0
-2843 926 115 90 895218 0 0 0
-2201 669 104 77 912499 0 0 0
-2592 1320 109 89 963862 0 0 0
-3206 1714 62 106 747596 0 0 0
-2693 1832 67 68 426290 0 0 0
-3233 2148 93 93 253989 0 0 0
-3449 2196 91 56 911490 0 0 0
-3291 2298 78 59 200196 0 0 0
-3325 2846 82 66 530228 0 0 0
-3315 2902 93 54 260993 0 0 0
-2708 2642 59 95 489266 0 0 0
-2940 3289 95 84 632069 0 0 0
-2858 2886 78 99 383508 0 0 0
-3066 2989 70 58 369897 0 0 0
-2395 3329 84 62 719505 0 0 0
-2576 3958 95 68 758794 0 0 0
-3045 3706 88 76 870917 0 0 0
-2814 4193 101 80 821409 0 0 0
-2844 4249 113 72 649916 0 0 0
-2555 4005 80 58 348511 0 0 0
-2006 3833 64 62 843132 0 0 0
-1463 4055 74 89 310007 0 0 0
-1439 3536 118 58 793404 0 0 0
-1589 3464 116 59 344057 0 0 0
-1963 3401 110 94 833257 0 0 0
-1908 3845 77 71 645158 0 0 0
-1546 3356 106 100 504872 0 0 0
-1431 3034 85 89 720216 0 0 0
-1138 2821 69 71 509260 0 0 0
-776 3282 115 106 730026 0 0 0
-977 3014 61 60 473926 0 0 0
-1495 3036 110 80 900287 0 0 0
-1289 3699 71 76 321561 0 0 0
-1811 4202 69 84 230329 0 0 0
-1950 4064 116 97 688758 0 0 0
-1444 3505 88 99 204864 0 0 0
-1208 2838 108 71 577196 0 0 0
-733 273 107 105 389923 0 0 0
-906 514 73 91 986485 0 0 0
-1320 -22 111 93 817522 0 0 0
-1699 -227 104 56 837370 0 0 0
-1297 -367 103 53 151991 0 0 0
-1154 -358 102 105 805277 0 0 0
-1455 -1010 119 84 704565 0 0 0
-1628 -1351 71 76 598196 0 0 0
-2037 -1160 76 88 704550 0 0 0
-2411 -1153 69 73 756515 0 0 0
-2190 -496 97 60 706298 0 0 0
-1603 -710 75 74 839450 0 0 0
-1959 -925 113 87 825381 0 0 0
-1766 -521 62 70 837616 0 0 0
-1130 -1123 79 100 366092 0 0 0
-1149 -515 77 53 381753 0 0 0
-1054 -850 113 93 865830 0 0 0
-512 -861 74 56 959901 0 0 0
156 -983 66 65 244020 0 0 0
417 -944 77 72 549155 0 0 0
968 -613 91 86 552644 0 0 0
1269 -1046 70 102 465798 0 0 0
1853 -791 100 95 529329 0 0 0
1807 -954 87 56 529226 0 0 0
1950 -1524 66 104 875520 0 0 0
2485 -1959 62 66 859509 0 0 0
2655 -1484 73 81 698431 0 0 0
2275 -1606 110 89 809100 0 0 0
1722 -2089 86 74 846118 0 0 0
2307 -2657 101 105 143347 0 0 0
1718 -2350 114 105 576824 0 0 0
1742 -2164 90 71 595806 0 0 0
1127 -2634 115 78 665543 0 0 0
1606 -2051 119 67 717978 0 0 0
2124 -1805 59 82 857465 0 0 0
1898 -2369 73 83 232645 0 0 0
2009 -2816 64 71 595255 0 0 0
2084 -3271 72 106 170931 0 0 0
2380 -3597 69 105 150288 0 0 0
2586 -3552 72 98 458961 0 0 0
2911 -4182 102 91 667091 0 0 0
2770 -4026 89 104 825890 0 0 0
3285 -3386 64 62 986352 0 0 0
3407 -3751 82 99 894335 0 0 0
2866 -3501 59 63 911409 0 0 0
3088 -3821 95 103 886378 0 0 0
2580 -3813 93 85 657501 0 0 0
3213 -4184 59 73 316064 0 0 0
2905 -4162 98 97 382663 0 0 0
3336 -4765 116 74 556756 0 0 0
2773 -4976 96 98 697560 0 0 0
3017 -5081 95 83 219317 0 0 0
3620 -4806 99 68 447172 0 0 0
3206 -5273 97 62 401399 0 0 0
3587 -4750 64 106 636945 0 0 0
3951 -4169 95 65 348394 0 0 0
-518 957 105 70 257500 0 0 0
-687 1327 98 85 555763 0 0 0
-343 1308 112 75 824347 0 0 0
-778 1402 80 81 365693 0 0 0
-1249 1145 70 64 664572 0 0 0
-825 1327 84 99 894231 0 0 0
-953 1173 59 64 602741 0 0 0
-932 782 85 67 563230 0 0 0
-1460 386 108 56 231450 0 0 0
-1327 475 112 96 227435 0 0 0
-1703 -5 112 93 442577 0 0 0
-1790 371 92 64 181976 0 0 0
-1581 535 86 66 568449 0 0 0
-2002 789 70 54 662404 0 0 0
-2074 1084 89 66 133718 0 0 0
-1562 571 101 80 102490 0 0 0
-1754 857 83 54 664420 0 0 0
-1917 1296 100 86 755846 0 0 0
-1959 1898 108 54 174424 0 0 0
-1486 2407 94 95 759242 0 0 0
-1257 2498 119 76 741014 0 0 0
-858 2902 92 74 948462 0 0 0
-543 2303 79 75 314447 0 0 0
-1089 2973 104 69 242149 0 0 0
-776 3168 81 63 819185 0 0 0
-614 3719 62 86 875458 0 0 0
-663 3049 111 102 331583 0 0 0
-316 2787 112 88 317251 0 0 0
-267 2413 77 88 219539 0 0 0
157 2245 80 83 949344 0 0 0
-28 2411 88 53 395897 0 0 0
-487 2667 75 72 880805 0 0 0
-435 2618 95 82 182473 0 0 0
-556 2922 59 101 338192 0 0 0
-142 2723 76 82 410324 0 0 0
-731 2951 66 105 817331 0 0 0
-178 3070 81 95 248031 0 0 0
-815 2833 70 105 146943 0 0 0
-748 2523 96 96 321817 0 0 0
-292 1944 117 54 570530 0 0 0
48 2279 114 85 779209 0 0 0
106 2640 101 103 154748 0 0 0
-216 2707 63 70 382420 0 0 0
154 2850 77 92 161618 0 0 0
-459 2949 91 80 398036 0 0 0
-392 2916 86 61 205493 0 0 0
-203 2414 81 80 973287 0 0 0
-858 3022 99 99 503619 0 0 0
-533 2863 102 55 366127 0 0 0
-172 2374 110 70 952996 0 0 0
-201 2456 97 92 477770 0 0 0
469 1938 83 70 429895 0 0 0
263 2360 99 97 823026 0 0 0
363 2175 108 104 563701 0 0 0
-234 2062 116 69 991514 0 0 0
126 2048 109 101 337747 0 0 0
307 2413 60 62 698357 0 0 0
391 2965 104 78 970212 0 0 0
466 2809 78 81 353061 0 0 0
201 2521 70 58 536027 0 0 0
768 2722 87 81 391639 0 0 0
517 2822 88 55 692623 0 0 0
460 3062 115 99 482750 0 0 0
3 2584 61 91 390405 0 0 0
129 2476 104 87 141789 0 0 0
-394 2203 104 58 705139 0 0 0
-293 2684 101 70 778416 0 0 0
-55 2466 105 71 747167 0 0 0
611 2033 63 54 379990 0 0 0
1246 2522 118 104 238246 0 0 0
1684 2447 96 57 953565 0 0 0
2308 2932 90 89 227963 0 0 0
1798 2794 62 61 990513 0 0 0
1454 2844 75 96 330240 0 0 0
1188 3038 119 57 569064 0 0 0
1781 2790 73 75 799445 0 0 0
2188 3060 92 77 284295 0 0 0
-644 -2075 101 69 297943 0 0 0
-434 -2162 71 67 790383 0 0 0
-201 -1966 76 97 997850 0 0 0
-773 -2631 92 72 847439 0 0 0
-1248 -3281 79 102 183752 0 0 0
-1330 -2772 85 65 962157 0 0 0
-1699 -3311 76 105 130391 0 0 0
-2332 -3092 101 82 324987 0 0 0
-2705 -3319 86 102 831293 0 0 0
-2623 -3611 74 83 108177 0 0 0
-2538 -3040 117 86 711219 0 0 0
-2570 -2761 70 91 233530 0 0 0
-2668 -3104 118 57 579713 0 0 0
-2823 -3714 94 59 790113 0 0 0
-3323 -3995 93 70 833710 0 0 0
-3918 -3599 98 80 387955 0 0 0
-4387 -2959 94 88 510731 0 0 0
-4664 -2768 92 55 503882 0 0 0
-4702 -3126 71 81 807384 0 0 0
-5229 -3577 89 70 447614 0 0 0
-5117 -3258 108 94 630255 0 0 0
-4503 -2707 98 98 463219 0 0 0
-3881 -2043 72 106 651064 0 0 0
-4446 -1457 116 63 197956 0 0 0
-4258 -928 71 65 819475 0 0 0
-3821 -753 62 64 203012 0 0 0
-3614 -789 83 71 449855 0 0 0
-2947 -638 109 57 508804 0 0 0
-2571 -938 78 60 220213 0 0 0
-3192 -945 90 91 154122 0 0 0
-3204 -1536 101 78 862598 0 0 0
-3661 -1565 106 59 287970 0 0 0
-3770 -920 74 72 221390 0 0 0
-3831 -925 110 84 918524 0 0 0
-3667 -1134 115 94 677230 0 0 0
-3995 -1044 82 102 852779 0 0 0
-4096 -598 90 80 471706 0 0 0
-4022 -689 90 92 665161 0 0 0
-3675 -97 82 64 663619 0 0 0
-3144 -58 69 86 629178 0 0 0
-3657 118 109 80 837713 0 0 0
-3970 775 105 92 615405 0 0 0
-4493 1211 114 75 281860 0 0 0
-5085 846 115 60 570879 0 0 0
-5399 321 67 54 410464 0 0 0
-4956 555 92 106 961486 0 0 0
-5363 313 119 85 341357 0 0 0
-5239 407 70 82 223454 0 0 0
-4774 230 93 80 871712 0 0 0
-5051 432 108 89 410470 0 0 0
-4397 630 92 80 541615 0 0 0
-4412 1069 82 69 544821 0 0 0
-5075 1624 67 104 284974 0 0 0
-4744 1785 89 99 470413 0 0 0
-4448 1373 76 69 831037 0 0 0
-5027 1481 119 101 217926 0 0 0
-5648 1333 116 94 536810 0 0 0
-5053 1551 68 98 652508 0 0 0
101 529 105 74 270139 0 0 0
643 1124 68 85 571565 0 0 0
977 755 62 62 553722 0 0 0
377 1130 99 71 102732 0 0 0
-99 599 113 73 652927 0 0 0
-200 818 71 66 515048 0 0 0
-204 1007 85 106 689116 0 0 0
186 1151 69 80 296647 0 0 0
-63 829 84 92 956898 0 0 0
256 565 80 65 446887 0 0 0
-409 129 64 53 605910 0 0 0
-1073 439 83 65 784452 0 0 0
-854 797 105 73 321124 0 0 0
-1418 163 94 96 821374 0 0 0
-1025 804 104 98 253769 0 0 0
-1392 322 110 93 752082 0 0 0
-1761 704 119 91 803508 0 0 0
-2111 402 104 60 488159 0 0 0
-2709 -25 82 99 718350 0 0 0
-2108 -561 101 58 892699 0 0 0
-2653 -75 116 70 502640 0 0 0
-2960 -356 105 67 910059 0 0 0
-2374 -574 113 56 746376 0 0 0
-2886 -895 67 72 496991 0 0 0
-3052 -775 68 77 593103 0 0 0
-2713 -271 63 86 500220 0 0 0
-2227 174 75 103 765027 0 0 0
-2774 280 70 77 961406 0 0 0
-3087 877 77 55 709619 0 0 0
-2791 1017 59 104 107785 0 0 0
-2641 1511 118 89 411362 0 0 0
-3090 1355 96 74 254959 0 0 0
-3651 1226 102 64 922830 0 0 0
-4269 1713 76 83 313249 0 0 0
-4837 1609 80 80 713723 0 0 0
-4586 2075 112 96 886991 0 0 0
-3911 2383 70 58 634532 0 0 0
-4270 2821 89 103 986435 0 0 0
-4634 2729 81 74 342700 0 0 0
-4710 2206 90 105 267461 0 0 0
-4987 2464 80 68 537869 0 0 0
-5416 2280 93 89 517053 0 0 0
-4906 2468 104 54 472883 0 0 0
-4252 2446 111 74 492484 0 0 0
-4010 2748 60 101 211176 0 0 0
-4342 2933 72 59 973841 0 0 0
-4374 3552 112 60 301325 0 0 0
-4302 3494 91 81 913503 0 0 0
-3731 4167 88 78 110490 0 0 0
-3135 4714 94 68 421686 0 0 0
-3620 4280 60 64 862640 0 0 0
-3080 3998 108 78 666582 0 0 0
-2643 3684 102 96 488798 0 0 0
-2860 3430 71 92 703471 0 0 0
-2451 2921 110 70 800490 0 0 0
833 -1439 66 98 374071 0 0 0
661 -1886 97 93 868907 0 0 0
909 -2550 88 76 579271 0 0 0
997 -2453 80 94 750070 0 0 0
1082 -2942 99 65 466598 0 0 0
589 -3448 77 101 323851 0 0 0
1041 -3202 73 94 457723 0 0 0
580 -3705 95 105 737190 0 0 0
973 -3777 115 75 515132 0 0 0
1282 -4024 118 77 546854 0 0 0
810 -4130 96 55 102138 0 0 0
479 -4599 74 74 297888 0 0 0
1070 -4497 59 84 650036 0 0 0
507 -4460 98 83 676451 0 0 0
1050 -4220 102 105 241374 0 0 0
618 -4883 104 54 994170 0 0 0
76 -4575 96 91 143788 0 0 0
-42 -5245 67 102 192294 0 0 0
-662 -5387 96 54 681217 0 0 0
-163 -5908 88 96 365228 0 0 0
142 -6490 95 65 645894 0 0 0
-481 -6577 114 100 454534 0 0 0
-918 -6379 80 96 817144 0 0 0
-281 -6099 87 69 860630 0 0 0
-694 -6635 119 100 423240 0 0 0
-747 -6276 60 99 117537 0 0 0
-1338 -6372 92 75 796106 0 0 0
-1319 -5950 76 98 408560 0 0 0
-1471 -5286 77 76 901889 0 0 0
-1118 -5732 111 57 139987 0 0 0
-1552 -5478 60 102 866420 0 0 0
-1857 -5471 78 64 952166 0 0 0
-2260 -5385 93 68 637574 0 0 0
-2842 -4715 114 53 384861 0 0 0
-3442 -5335 96 90 474720 0 0 0
-3189 -5087 90 89 287278 0 0 0
-3733 -5534 118 72 695773 0 0 0
-3796 -5714 96 102 166594 0 0 0
-4157 -6140 113 77 691102 0 0 0
-4183 -6584 63 95 445856 0 0 0
-4750 -6235 62 93 106034 0 0 0
-4484 -5569 61 77 217974 0 0 0
-3860 -5863 91 96 713142 0 0 0
-4449 -5219 81 58 365417 0 0 0
-4498 -4617 72 77 562107 0 0 0
-4885 -4258 78 71 638612 0 0 0
-5423 -4222 60 95 106822 0 0 0
-5653 -4585 81 62 391893 0 0 0
-5207 -4687 69 99 210486 0 0 0
-4901 -4176 64 98 653553 0 0 0
-5093 -3505 93 106 134088 0 0 0
-5046 -3309 107 94 620735 0 0 0
-4870 -3726 59 74 935312 0 0 0
-4636 -4071 95 83 988372 0 0 0
-4429 -4204 97 92 742503 0 0 0
-4639 -4303 61 95 171926 0 0 0
-4912 -4694 86 102 510444 0 0 0
-5132 -5143 93 63 235999 0 0 0
-5365 -5707 99 71 128705 0 0 0
-5686 -5724 71 91 885779 0 0 0
-5573 -5477 94 73 555275 0 0 0
-5816 -6010 98 106 188497 0 0 0
-6251 -5899 75 68 945018 0 0 0
-5677 -5565 73 106 322661 0 0 0
-5783 -5671 112 72 535454 0 0 0
-6294 -5610 110 91 222838 0 0 0
-6714 -5471 70 76 302324 0 0 0
-6958 -5856 74 100 157571 0 0 0
-6720 -5376 113 73 295930 0 0 0
-6463 -5898 99 63 524633 0 0 0
-6322 -6238 107 91 863239 0 0 0
-6449 -6526 68 89 888108 0 0 0
-6635 -5918 82 64 205543 0 0 0
-7140 -6009 88 93 769623 0 0 0
-6623 -5350 103 59 371036 0 0 0
-6622 -5515 91 57 713515 0 0 0
-7152 -5547 71 101 988385 0 0 0
-6641 -4911 93 67 309665 0 0 0
-6871 -5286 118 72 622545 0 0 0
-6227 -5795 87 96 178201 0 0 0
-6326 -6417 77 102 430337 0 0 0
-6099 -6597 97 75 979694 0 0 0
-5959 -6275 80 89 647617 0 0 0
-6306 -6474 65 54 222413 0 0 0
-6495 -5831 86 88 287860 0 0 0
-5953 -5327 80 90 989174 0 0 0
-6102 -5066 60 95 923842 0 0 0
-6451 -5243 82 53 978445 0 0 0
-5994 -5772 60 62 744445 0 0 0
-6100 -6288 95 71 239267 0 0 0
-6738 -6445 85 58 831594 0 0 0
-6478 -6451 82 81 309849 0 0 0
-6501 -5776 90 57 187947 0 0 0
-6480 -6160 100 77 824234 0 0 0
-6010 -6518 72 91 254829 0 0 0
-5402 -6228 98 73 542482 0 0 0
-5332 -6266 102 102 550290 0 0 0
-5955 -5974 66 53 359636 0 0 0
-6605 -5483 74 59 652096 0 0 0
-6476 -5554 105 81 892852 0 0 0
-6605 -5446 89 65 246240 0 0 0
-6227 -5572 116 97 984140 0 0 0
-6843 -5843 102 81 474754 0 0 0
-7453 -5200 71 93 688439 0 0 0
-6808 -4574 91 89 850711 0 0 0
-6905 -4896 110 55 169969 0 0 0
-6556 -5109 72 93 563216 0 0 0
-6694 -5498 71 82 908614 0 0 0
-6480 -5164 109 61 177490 0 0 0
-6013 -5646 100 61 827849 0 0 0
-6184 -5307 60 77 397652 0 0 0
-6064 -5265 111 80 533285 0 0 0
-6675 -5731 87 87 181864 0 0 0
-6029 -6340 66 59 387201 0 0 0
-5404 -7015 112 55 790912 0 0 0
-5049 -7509 84 97 207726 0 0 0
815 51 85 85 170629 0 0 0
1088 -306 66 80 740127 0 0 0
1668 -743 89 94 375113 0 0 0
1199 -1139 76 90 147638 0 0 0
1674 -537 96 68 133534 0 0 0
2149 -553 102 57 267962 0 0 0
2319 -1075 108 84 726838 0 0 0
2978 -469 63 101 394192 0 0 0
3512 -741 113 72 604942 0 0 0
4123 -1261 94 102 279462 0 0 0
4716 -1645 108 97 275259 0 0 0
5044 -2262 115 77 605249 0 0 0
5527 -1838 87 79 195741 0 0 0
5732 -1226 77 82 303742 0 0 0
5496 -629 95 79 104405 0 0 0
5960 -985 105 56 800794 0 0 0
5395 -1626 63 79 666526 0 0 0
5663 -1931 100 84 673991 0 0 0
5795 -2525 66 104 294699 0 0 0
5515 -3139 108 100 433790 0 0 0
6174 -2916 83 53 833095 0 0 0
5755 -3537 89 79 399808 0 0 0
6128 -3851 71 72 245458 0 0 0
5565 -3938 67 105 711529 0 0 0
5638 -3562 90 55 951557 0 0 0
5274 -3235 78 84 979389 0 0 0
5740 -3336 69 79 860240 0 0 0
5684 -3617 97 87 838348 0 0 0
5611 -3299 105 66 268001 0 0 0
6192 -2833 74 74 995980 0 0 0
5682 -3108 79 101 311813 0 0 0
5559 -2704 111 83 742958 0 0 0
5041 -2883 66 81 307625 0 0 0
4832 -3553 104 89 653954 0 0 0
4211 -3032 61 96 812976 0 0 0
4485 -3082 86 101 947892 0 0 0
4658 -2609 101 91 183331 0 0 0
4737 -2782 119 90 905266 0 0 0
4156 -2229 61 98 787064 0 0 0
3855 -1861 62 77 537240 0 0 0
3712 -1995 119 97 601825 0 0 0
3611 -2499 107 66 470114 0 0 0
4067 -2496 70 84 315541 0 0 0
4576 -2404 115 73 106503 0 0 0
4981 -2253 88 56 946849 0 0 0
4991 -1617 107 94 735301 0 0 0
4839 -1358 89 84 780476 0 0 0
4993 -991 102 57 960574 0 0 0
5363 -1151 77 60 293922 0 0 0
4989 -503 107 87 823667 0 0 0
1635 463 83 94 382999 0 0 0
1814 916 77 72 297383 0 0 0
1499 682 97 82 409352 0 0 0
1875 550 106 92 547243 0 0 0
1238 1118 79 94 318553 0 0 0
1266 726 109 62 411554 0 0 0
1095 664 82 95 421414 0 0 0
1396 146 90 62 150574 0 0 0
779 -247 68 64 884935 0 0 0
481 -719 82 77 853998 0 0 0
584 -531 74 81 556731 0 0 0
-48 -632 72 77 811614 0 0 0
-145 -331 60 72 699882 0 0 0
-259 -330 92 106 875184 0 0 0
23 -675 83 86 515225 0 0 0
620 -582 93 100 771035 0 0 0
1279 -1130 118 93 399778 0 0 0
1696 -744 98 67 659895 0 0 0
1550 -555 65 68 302773 0 0 0
1787 -456 91 89 118744 0 0 0
1292 -881 102 99 688211 0 0 0
1097 -1846 119 103 140889 0 0 0
854 -2460 75 81 646971 0 0 0
253 -2317 72 64 801422 0 0 0
545 -1971 112 75 613635 0 0 0
6 -1551 106 105 888389 0 0 0
-411 -1530 78 74 278595 0 0 0
-347 -951 77 87 621861 0 0 0
-172 -1144 65 63 447582 0 0 0
150 -1587 111 71 978025 0 0 0
-312 -1890 63 66 757696 0 0 0
144 -1697 71 91 458710 0 0 0
306 -1430 68 58 365384 0 0 0
537 -909 78 66 723194 0 0 0
481 -1431 85 72 621414 0 0 0
-1272 1874 116 94 724555 0 0 0
-1779 2152 71 57 959313 0 0 0
-1902 2685 87 59 453131 0 0 0
-1534 2184 89 102 287538 0 0 0
-895 1936 113 89 258807 0 0 0
-348 2241 113 65 976794 0 0 0
-908 1799 80 62 331032 0 0 0
-315 1739 59 79 598061 0 0 0
-133 2247 74 85 721813 0 0 0
-615 1943 63 61 246443 0 0 0
-769 1992 114 98 775615 0 0 0
-222 2121 82 95 891663 0 0 0
-62 2653 88 77 597379 0 0 0
132 3152 87 103 821337 0 0 0
-511 3404 108 59 679280 0 0 0
-139 3042 81 77 531231 0 0 0
-699 2499 67 81 635330 0 0 0
-67 3165 116 54 916416 0 0 0
-235 3026 88 59 979695 0 0 0
-581 2502 86 71 886921 0 0 0
-127 2408 88 54 952898 0 0 0
-50 2062 112 67 601927 0 0 0
472 2093 97 97 354088 0 0 0
-139 1683 94 59 165339 0 0 0
-231 1064 84 75 886226 0 0 0
-833 405 75 77 239529 0 0 0
-1436 1024 89 57 838714 0 0 0
-1542 1553 96 58 185102 0 0 0
-1586 1747 115 79 548827 0 0 0
-1102 2396 93 97 869206 0 0 0
-454 2875 81 99 251888 0 0 0
-293 2662 81 91 622466 0 0 0
269 2436 70 89 344821 0 0 0
-354 2369 61 102 744844 0 0 0
-82 3013 108 80 890744 0 0 0
283 3457 84 94 634398 0 0 0
821 3086 94 106 970760 0 0 0
1183 2926 66 101 937584 0 0 0
1316 2729 90 105 224721 0 0 0
1654 2646 87 97 730714 0 0 0
1347 2630 88 76 135371 0 0 0
1171 2584 102 75 934527 0 0 0
1821 2705 85 103 725936 0 0 0
1815 2673 88 70 957633 0 0 0
2191 3302 70 80 366781 0 0 0
1636 2983 63 85 688343 0 0 0
2147 2735 95 98 108513 0 0 0
2704 2328 106 82 713951 0 0 0
3095 2962 95 57 477488 0 0 0
3348 2415 62 64 683332 0 0 0
3232 2819 117 80 400391 0 0 0
3189 2372 94 57 765195 0 0 0
2600 2950 118 60 652185 0 0 0
3173 2532 71 77 987923 0 0 0
2579 2259 74 98 450984 0 0 0
2397 2427 65 98 216176 0 0 0
2477 2674 108 61 543035 0 0 0
2188 2954 80 106 542733 0 0 0
2616 2924 104 59 495023 0 0 0
2554 2275 83 104 311327 0 0 0
3204 2289 98 82 773746 0 0 0
3833 2519 67 79 961270 0 0 0
3738 2562 87 80 649910 0 0 0
3627 2372 64 96 884775 0 0 0
3393 2932 63 53 926419 0 0 0
3487 2995 115 88 223186 0 0 0
3165 2887 118 74 261406 0 0 0
3097 2949 63 83 939987 0 0 0
3560 2591 100 89 835098 0 0 0
3236 2410 97 66 860115 0 0 0
3152 2437 78 98 372500 0 0 0
3286 1998 87 105 626619 0 0 0
2887 1651 62 54 555830 0 0 0
2221 2196 104 101 519893 0 0 0
2559 1664 108 60 324468 0 0 0
3203 1516 78 72 462529 0 0 0
3003 1385 110 74 462350 0 0 0
2430 2002 68 60 910464 0 0 0
2293 2086 69 70 868524 0 0 0
1687 1913 98 79 233992 0 0 0
1126 2584 89 94 932891 0 0 0
1777 2870 64 66 514737 0 0 0
1991 3304 103 75 886218 0 0 0
1975 2819 79 94 710863 0 0 0
1663 3332 108 69 992622 0 0 0
1243 3698 108 87 728247 0 0 0
-387 -2083 98 85 914737 0 0 0
-700 -1900 108 53 343524 0 0 0
-1226 -1789 94 75 639845 0 0 0
-1761 -1671 86 80 502140 0 0 0
-1800 -2276 67 76 563376 0 0 0
-1300 -1746 83 62 497391 0 0 0
-1558 -2175 105 103 424155 0 0 0
-1411 -2488 116 87 347281 0 0 0
-1206 -1870 116 60 816892 0 0 0
-533 -1653 75 65 624282 0 0 0
-646 -1819 111 61 800759 0 0 0
21 -1873 101 75 407388 0 0 0
-198 -2480 95 75 829137 0 0 0
-1902 -2083 76 105 763090 0 0 0
-1881 -2298 76 61 135070 0 0 0
-1495 -2790 74 73 645535 0 0 0
-1474 -2805 119 64 242935 0 0 0
-1790 -2369 98 106 633936 0 0 0
-1245 -2576 116 78 766295 0 0 0
-1316 -2888 110 67 148311 0 0 0
-686 -2560 111 90 869271 0 0 0
-1032 -2217 100 53 268107 0 0 0
-451 -1572 65 64 175227 0 0 0
-1091 -1227 88 66 477304 0 0 0
-438 -1450 105 57 289223 0 0 0
-479 -836 94 55 993803 0 0 0
-468 -305 101 72 952435 0 0 0
-465 38 110 69 334193 0 0 0
-29 600 75 100 185903 0 0 0
-221 41 90 55 898803 0 0 0
53 709 82 99 872494 0 0 0
74 1259 119 89 916169 0 0 0
601 1788 105 84 822415 0 0 0
919 1496 113 92 939045 0 0 0
1342 2131 71 77 672449 0 0 0
1813 2107 106 58 475570 0 0 0
1164 1513 92 64 821821 0 0 0
1442 1859 66 96 765384 0 0 0
861 2335 61 61 621476 0 0 0
805 1934 119 59 830612 0 0 0
1320 1531 72 88 485718 0 0 0
934 1908 100 83 723405 0 0 0
1154 2060 91 83 202171 0 0 0
1177 2374 64 78 834809 0 0 0
592 2942 117 85 767427 0 0 0
406 3463 119 53 654326 0 0 0
82 2794 102 92 344137 0 0 0
-71 3161 105 100 164464 0 0 0
597 3093 90 96 284390 0 0 0
538 2714 106 72 140791 0 0 0
319 2334 68 58 369244 0 0 0
-286 1887 93 87 234254 0 0 0
225 1736 84 86 440167 0 0 0
-53 1447 88 70 942080 0 0 0
39 2057 75 67 358554 0 0 0
-499 1453 99 69 532297 0 0 0
-77 2057 74 62 378285 0 0 0
479 1899 95 94 502684 0 0 0
70 1384 66 68 176847 0 0 0
364 1229 91 81 900753 0 0 0
220 774 66 91 124014 0 0 0
-455 454 109 67 750113 0 0 0
-920 -1 106 68 222327 0 0 0
-887 329 115 99 276967 0 0 0
-745 956 66 73 788185 0 0 0
-1157 859 60 79 211589 0 0 0
-926 803 85 72 531181 0 0 0
-1373 948 60 60 994446 0 0 0
-1042 1600 73 106 885733 0 0 0
-754 1898 83 62 354702 0 0 0
-310 1296 104 87 416071 0 0 0
-396 1849 117 66 486463 0 0 0
-525 2066 119 76 211148 0 0 0
-1110 2631 97 100 553846 0 0 0
-1334 2570 68 84 127881 0 0 0
-1833 2816 116 54 232209 0 0 0
-2395 2968 97 57 357996 0 0 0
-2814 2589 68 71 889371 0 0 0
-3238 2029 99 96 811988 0 0 0
-3184 2260 101 77 760629 0 0 0
-3585 2848 93 99 810715 0 0 0
-3858 3409 113 81 189791 0 0 0
-3216 3192 62 87 409971 0 0 0
-3854 3445 93 59 243326 0 0 0
-3794 3065 71 56 648536 0 0 0
-3507 3092 96 69 784496 0 0 0
-3668 3673 75 104 873688 0 0 0
-3448 4055 100 84 610350 0 0 0
-3849 3590 82 103 342358 0 0 0
-4242 3480 67 97 351850 0 0 0
-4144 3957 71 91 541245 0 0 0
-3734 4604 109 55 861048 0 0 0
-4069 4211 90 78 922240 0 0 0
-3534 3665 84 92 193875 0 0 0
-3818 3608 83 91 261871 0 0 0
-3664 3058 67 99 802555 0 0 0
-3982 2696 59 58 828071 0 0 0
-3819 3089 107 78 100967 0 0 0
-3532 2781 90 73 530018 0 0 0
-4032 2696 100 69 385434 0 0 0
-4656 2602 82 91 848962 0 0 0
-4990 2601 103 58 970263 0 0 0
-4930 2878 87 105 929959 0 0 0
-5098 2409 108 103 524007 0 0 0
-4933 2846 78 88 630017 0 0 0
-4500 2854 80 71 542956 0 0 0
-4381 3514 94 68 826355 0 0 0
-4351 3721 85 101 299588 0 0 0
-3894 3980 117 86 337850 0 0 0
2522 -973 119 75 602376 0 0 0
2684 -1117 62 65 411111 0 0 0
3050 -1720 112 64 945316 0 0 0
3455 -1073 85 81 323126 0 0 0
3566 -640 106 70 645866 0 0 0
3534 -687 73 66 179752 0 0 0
2971 -1327 69 96 314171 0 0 0
2903 -1045 81 57 537089 0 0 0
3162 -637 108 96 475704 0 0 0
3518 -880 63 68 516231 0 0 0
3118 -1036 67 81 381603 0 0 0
3410 -390 90 90 866901 0 0 0
2753 -315 76 96 883492 0 0 0
2384 249 72 93 296548 0 0 0
2389 -420 59 65 930064 0 0 0
2629 -402 101 76 565648 0 0 0
2165 -1055 79 93 979324 0 0 0
2367 -1608 96 100 481738 0 0 0
1865 -1447 69 97 314691 0 0 0
1344 -1063 92 80 860172 0 0 0
1905 -705 83 89 483426 0 0 0
1257 -994 94 59 859426 0 0 0
1159 -860 87 68 987184 0 0 0
1217 -332 83 56 385289 0 0 0
1041 -114 80 67 782328 0 0 0
748 -782 71 90 462891 0 0 0
437 -1332 114 97 608855 0 0 0
-101 -1055 60 102 437985 0 0 0
-67 -612 119 82 429408 0 0 0
-48 -1155 117 76 518180 0 0 0
-410 -1675 86 95 115766 0 0 0
-1050 -1763 116 90 669554 0 0 0
-1586 -2136 106 105 538987 0 0 0
-1076 -1890 90 60 240826 0 0 0
-1133 -1612 96 67 575717 0 0 0
-895 -1026 111 61 801769 0 0 0
-882 -1274 107 92 359382 0 0 0
-985 -1336 100 89 177596 0 0 0
-1416 -1593 118 63 343632 0 0 0
-1562 -1185 98 92 685747 0 0 0
-1258 -801 62 83 103326 0 0 0
-933 -558 82 93 498690 0 0 0
-838 -441 77 63 643726 0 0 0
-178 -255 113 95 363133 0 0 0
-218 -725 83 97 195454 0 0 0
2405 -978 94 81 950275 0 0 0
2178 -1319 70 96 515615 0 0 0
2700 -1505 101 83 986471 0 0 0
2196 -2124 116 98 775637 0 0 0
2349 -2372 93 62 509472 0 0 0
2368 -2013 95 76 239921 0 0 0
2242 -2251 76 63 462720 0 0 0
2306 -2167 79 74 571879 0 0 0
1868 -1910 84 97 327563 0 0 0
1802 -1773 95 98 283188 0 0 0
1708 -1114 70 68 644422 0 0 0
1820 -1298 69 55 374858 0 0 0
2060 -1650 76 57 672889 0 0 0
1790 -1819 103 55 717841 0 0 0
1353 -1331 89 82 282327 0 0 0
1259 -1790 81 92 196113 0 0 0
2277 -1018 96 81 394473 0 0 0
2673 -1433 63 104 412586 0 0 0
2056 -1466 110 79 246930 0 0 0
-1366 -1402 113 77 529827 0 0 0
-1289 -1879 111 102 512308 0 0 0
-843 -1752 110 57 530937 0 0 0
-940 -1386 85 70 865597 0 0 0
-650 -1102 92 60 425670 0 0 0
-772 -457 118 61 317980 0 0 0
-1438 -518 97 78 394966 0 0 0
-968 -152 99 60 512333 0 0 0
-987 15 87 89 288344 0 0 0
-1648 113 105 58 726092 0 0 0
-1160 -530 94 103 265182 0 0 0
-781 -1086 64 90 119054 0 0 0
-931 -821 89 76 157876 0 0 0
-1303 -1193 106 79 335176 0 0 0
-1934 -545 72 91 889970 0 0 0
-2394 -956 72 96 569452 0 0 0
-2764 -705 118 93 245259 0 0 0
-3361 -395 84 65 141408 0 0 0
-3404 47 68 93 368257 0 0 0
-3911 201 96 54 902581 0 0 0
-3405 866 109 74 606312 0 0 0
-2831 1404 101 96 479315 0 0 0
-3014 815 98 87 478394 0 0 0
-2939 1043 96 70 283725 0 0 0
-2732 1291 89 96 454095 0 0 0
-2680 1215 119 88 555006 0 0 0
-2023 1000 91 62 525998 0 0 0
-2644 972 84 91 462860 0 0 0
-3062 1464 103 63 933572 0 0 0
-3691 1366 103 82 830302 0 0 0
-3883 1893 81 72 516870 0 0 0
-3753 1798 116 63 739718 0 0 0
-4392 1152 90 102 702959 0 0 0
-4223 940 62 79 281501 0 0 0
-3862 1000 69 66 636598 0 0 0
-3965 1015 77 53 606087 0 0 0
-4359 1620 94 82 449636 0 0 0
-3781 1006 117 82 665120 0 0 0
-3139 1469 114 104 565405 0 0 0
-2913 2122 65 83 728490 0 0 0
-2570 2084 73 84 712507 0 0 0
-2717 2470 86 86 942846 0 0 0
-2846 2719 73 68 600181 0 0 0
-2882 2892 60 69 901213 0 0 0
-3153 2748 106 95 625206 0 0 0
-2567 2364 106 70 647751 0 0 0
-2406 2505 90 92 120790 0 0 0
-2614 2153 96 64 403530 0 0 0
-2131 2300 106 68 376497 0 0 0
-1898 2619 61 69 398063 0 0 0
-2406 2806 109 105 553827 0 0 0
-3022 2553 76 106 762829 0 0 0
-2894 2097 113 69 984378 0 0 0
-3533 1528 108 87 635887 0 0 0
-3818 1521 108 92 814360 0 0 0
-4268 1929 78 91 917161 0 0 0
-4072 1630 59 105 131909 0 0 0
-4684 1247 79 90 676775 0 0 0
-5061 1698 62 85 333210 0 0 0
-5430 1949 113 76 567127 0 0 0
-4892 2184 64 76 893954 0 0 0
-1426 2680 63 86 695559 0 0 0
-958 2585 97 89 866545 0 0 0
-1457 2109 85 77 173998 0 0 0
-1135 1632 77 67 366695 0 0 0
-1666 1886 95 53 200984 0 0 0
-1936 1716 76 56 728026 0 0 0
-2211 1348 110 102 647044 0 0 0
-2183 1454 74 104 683730 0 0 0
-2504 2090 110 61 702305 0 0 0
-1972 2011 68 54 729122 0 0 0
-1596 2170 105 64 195042 0 0 0
-1970 1919 95 70 966008 0 0 0
-1421 2202 90 56 248616 0 0 0
-1214 2376 63 99 529465 0 0 0
-1445 2582 85 61 623761 0 0 0
-2001 2403 87 74 801788 0 0 0
-1786 2754 85 55 287918 0 0 0
-2292 2388 61 76 409282 0 0 0
-2619 1877 102 89 619315 0 0 0
-2261 2433 81 96 807799 0 0 0
-2567 2238 105 74 201702 0 0 0
-2625 2871 90 79 791263 0 0 0
-3289 3300 107 67 426831 0 0 0
-3879 2778 115 99 371606 0 0 0
-3440 2416 96 78 893516 0 0 0
-3916 1793 96 94 965126 0 0 0
-4545 1661 77 88 855516 0 0 0
-5106 1732 71 86 682716 0 0 0
-5571 2389 77 55 123373 0 0 0
-5057 2869 89 87 460127 0 0 0
-5337 3484 73 74 887455 0 0 0
-5951 4092 95 106 463315 0 0 0
-6464 3642 101 65 859210 0 0 0
-6511 3627 103 90 779458 0 0 0
-5894 3262 69 96 175510 0 0 0
-5594 2861 70 86 159971 0 0 0
-5929 2255 110 79 592400 0 0 0
-6187 2184 68 98 311688 0 0 0
-6162 2530 77 72 821210 0 0 0
-6460 3094 88 90 255334 0 0 0
-6476 3140 79 81 427291 0 0 0
-6274 3072 60 63 407245 0 0 0
-6318 3611 89 85 821951 0 0 0
-6163 3963 109 62 257291 0 0 0
-5954 4590 67 56 644509 0 0 0
-6113 5089 100 106 411715 0 0 0
-6084 4771 76 93 443671 0 0 0
-5792 4147 111 89 518478 0 0 0
-6121 3712 96 79 873979 0 0 0
-5492 4277 81 100 580011 0 0 0
-5066 4776 98 59 823675 0 0 0
-4956 5355 88 88 762224 0 0 0
-5186 4713 118 103 877243 0 0 0
-5674 4715 72 77 226596 0 0 0
-5620 4268 104 89 397797 0 0 0
-5986 3975 74 78 934684 0 0 0
-6040 4145 92 57 136052 0 0 0
-6346 4640 88 83 753529 0 0 0
-5718 5128 92 105 587176 0 0 0
-6312 5175 99 83 666889 0 0 0
-6810 4664 115 65 931370 0 0 0
-6733 5319 81 63 744590 0 0 0
-7222 4965 61 89 587507 0 0 0
-6959 5365 92 100 462166 0 0 0
-7394 4723 99 70 335824 0 0 0
-7151 4344 114 105 158067 0 0 0
-7057 4836 113 70 618529 0 0 0
-6973 4951 62 68 163620 0 0 0
-7160 5539 63 103 689423 0 0 0
-7532 4974 91 61 894383 0 0 0
-6871 4549 87 58 725908 0 0 0
-6629 5013 98 62 694625 0 0 0
-6404 4674 117 95 777473 0 0 0
-6714 4734 76 92 801249 0 0 0
-6985 5149 113 85 585812 0 0 0
-6418 4573 102 74 759460 0 0 0
-6221 4871 61 82 421596 0 0 0
-6577 5234 112 65 297656 0 0 0
-6177 4981 95 70 765521 0 0 0
-6749 5580 115 96 613529 0 0 0
-6886 5344 92 94 869618 0 0 0
-6796 5252 116 55 948744 0 0 0
-6347 4611 76 85 259929 0 0 0
-6710 4334 67 59 536547 0 0 0
-6291 4439 97 78 212715 0 0 0
-6956 4069 94 76 566955 0 0 0
358 -256 80 105 984187 0 0 0
-273 -673 108 104 454555 0 0 0
-773 -1188 60 55 284427 0 0 0
-755 -928 60 101 910559 0 0 0
-849 -627 102 91 113807 0 0 0
-888 -179 63 75 292221 0 0 0
-815 -350 112 57 270399 0 0 0
-1109 -676 79 71 150282 0 0 0
-1083 -246 105 58 354952 0 0 0
-1479 -680 87 85 506263 0 0 0
-1426 -703 76 79 478840 0 0 0
-1494 -949 64 57 687457 0 0 0
-2165 -978 93 90 657697 0 0 0
-1762 -960 70 60 439029 0 0 0
-1861 -560 114 58 472071 0 0 0
-1242 35 107 60 760055 0 0 0
-1041 422 118 57 777048 0 0 0
-865 874 111 54 128853 0 0 0
-768 271 93 102 614243 0 0 0
-1083 894 77 85 752264 0 0 0
-1229 606 105 93 616479 0 0 0
-866 890 90 87 386072 0 0 0
-277 554 107 94 631753 0 0 0
-915 98 69 71 987579 0 0 0
-437 -469 102 95 193040 0 0 0
-840 -621 107 67 106688 0 0 0
-1422 -1195 77 97 702887 0 0 0
-1754 -1667 112 65 407064 0 0 0
-1098 -1530 64 67 682943 0 0 0
-926 -1169 105 79 702042 0 0 0
-281 -1431 107 61 302746 0 0 0
230 -2100 83 91 321961 0 0 0
514 -1743 91 83 907828 0 0 0
471 -1285 63 103 955867 0 0 0
438 -1526 62 89 981284 0 0 0
-81 -2184 81 62 265525 0 0 0
-397 -2823 116 84 710225 0 0 0
-1028 -2613 102 62 170198 0 0 0
-858 -1958 88 68 367569 0 0 0
-1413 -1386 82 83 343894 0 0 0
-1466 -1018 117 66 419365 0 0 0
-1127 -1308 94 72 566128 0 0 0
-874 -1171 88 73 959546 0 0 0
-835 -889 74 81 444188 0 0 0
-1132 -765 102 65 995979 0 0 0
-492 -1324 76 84 187559 0 0 0
-335 -1803 76 70 196779 0 0 0
-96 -1559 66 89 445253 0 0 0
298 -1683 115 65 723658 0 0 0
-107 -1379 118 61 504325 0 0 0
-486 -1123 72 102 522250 0 0 0
-1100 -1050 74 88 236296 0 0 0
-1398 -598 64 84 487919 0 0 0
-1550 -475 68 95 770837 0 0 0
-910 -332 86 86 449132 0 0 0
-552 196 105 90 686958 0 0 0
-856 753 87 73 713303 0 0 0
-533 881 66 103 697596 0 0 0
-991 291 69 57 815519 0 0 0
-1557 659 106 62 630521 0 0 0
-2150 141 88 91 721749 0 0 0
-2179 646 66 58 399699 0 0 0
-2550 1166 92 67 750305 0 0 0
-2280 1243 87 102 520639 0 0 0
-2466 712 88 78 891811 0 0 0
-2294 70 103 73 321763 0 0 0
-2174 207 92 77 255246 0 0 0
-2511 708 68 62 247724 0 0 0
-2841 1292 113 60 483382 0 0 0
-2404 773 72 106 242488 0 0 0
-1898 140 101 82 595748 0 0 0
-1803 -166 112 63 595267 0 0 0
-1299 172 67 86 143567 0 0 0
-1089 504 69 102 430958 0 0 0
-1031 1135 78 71 643801 0 0 0
-388 1537 75 84 729731 0 0 0
64 2161 84 84 549999 0 0 0
-74 1501 83 104 673311 0 0 0
365 1596 100 60 809048 0 0 0
-110 2241 63 57 800447 0 0 0
-181 2106 114 68 822390 0 0 0
-78 1945 94 105 477390 0 0 0
-415 2101 113 91 710378 0 0 0
71 1485 69 98 546568 0 0 0
-308 1488 93 79 796090 0 0 0
313 1678 108 56 849480 0 0 0
172 2322 67 63 854402 0 0 0
-487 1761 95 84 651292 0 0 0
170 1673 106 55 486636 0 0 0
-322 1210 76 70 170862 0 0 0
-117 927 81 97 233477 0 0 0
-675 1577 85 99 621703 0 0 0
-1078 1412 61 98 667894 0 0 0
-893 1422 110 76 403356 0 0 0
-684 1135 87 78 809647 0 0 0
-731 1669 68 86 814802 0 0 0
-1090 1225 69 88 705018 0 0 0
-506 1071 72 102 447647 0 0 0
143 1306 81 101 740648 0 0 0
-424 1143 84 72 741230 0 0 0
-944 1816 63 106 700868 0 0 0
-559 1452 86 101 920901 0 0 0
-591 1971 80 84 366052 0 0 0
-1199 1504 87 55 973851 0 0 0
-894 1220 116 77 461116 0 0 0
-962 1168 79 62 890332 0 0 0
-754 831 107 104 466972 0 0 0
-922 422 94 66 949730 0 0 0
-673 875 75 56 789384 0 0 0
-868 589 79 93 424692 0 0 0
-1543 365 114 55 373522 0 0 0
-1122 672 64 59 577245 0 0 0
-1526 929 106 88 660039 0 0 0
-1514 746 106 101 632717 0 0 0
-1982 182 76 73 552612 0 0 0
-1990 294 59 73 531433 0 0 0
-2001 431 114 58 462101 0 0 0
-2225 853 78 91 985450 0 0 0
-1594 1336 90 85 777285 0 0 0
-2029 1050 102 74 493859 0 0 0
-1790 1137 96 70 436563 0 0 0
-2172 808 78 75 659908 0 0 0
-2669 379 78 103 473017 0 0 0
-2654 787 70 96 202010 0 0 0
-2531 426 101 77 978933 0 0 0
-2219 530 64 64 457026 0 0 0
-2374 433 107 76 848001 0 0 0
-67 -1911 105 82 354962 0 0 0
-506 -1256 68 72 996010 0 0 0
-73 -731 83 95 238094 0 0 0
-583 -838 100 98 311708 0 0 0
-771 -1093 100 78 401872 0 0 0
-518 -772 66 82 907241 0 0 0
-312 -1097 89 102 747522 0 0 0
-588 -870 62 103 911212 0 0 0
-1030 -1186 75 88 307232 0 0 0
-431 -603 80 53 851801 0 0 0
-335 -581 80 97 628551 0 0 0
-251 -1027 77 62 520692 0 0 0
-113 -1327 103 100 863318 0 0 0
-474 -1403 88 100 811952 0 0 0
-409 -1532 96 82 798901 0 0 0
-245 -1018 92 79 617514 0 0 0
-454 -566 95 80 146086 0 0 0
-694 39 93 97 303690 0 0 0
-1095 122 70 66 220012 0 0 0
-584 564 64 53 729255 0 0 0
-473 578 81 91 772039 0 0 0
-722 1213 95 91 140225 0 0 0
-957 1672 89 55 380500 0 0 0
-1043 1047 95 58 799476 0 0 0
-1630 977 60 82 198206 0 0 0
-1604 1141 100 91 515383 0 0 0
-1659 490 98 64 960872 0 0 0
-2032 810 119 78 495928 0 0 0
2510 -1042 119 89 459677 0 0 0
2168 -1206 90 61 605349 0 0 0
1792 -1600 66 87 599235 0 0 0
2146 -1148 73 78 510691 0 0 0
2147 -856 99 103 119764 0 0 0
2112 -789 93 98 859944 0 0 0
1584 -1079 68 77 574760 0 0 0
1673 -1366 86 80 405992 0 0 0
2297 -1059 63 104 305324 0 0 0
2189 -1275 63 100 322491 0 0 0
2352 -643 96 68 376209 0 0 0
1904 -1002 87 75 470587 0 0 0
1331 -729 61 67 943986 0 0 0
1723 -484 76 61 284185 0 0 0
2244 -947 60 88 758124 0 0 0
1729 -1125 113 70 891888 0 0 0
1308 -1550 114 67 703620 0 0 0
703 -910 81 89 626908 0 0 0
272 -700 119 73 735848 0 0 0
370 -877 103 87 649543 0 0 0
963 -1300 87 53 822269 0 0 0
720 -1243 102 100 497282 0 0 0
499 -984 109 77 718850 0 0 0
-114 -763 115 69 252026 0 0 0
58 -1157 118 78 715850 0 0 0
232 -606 64 56 906254 0 0 0
880 -330 97 86 216449 0 0 0
946 -843 107 73 643025 0 0 0
480 -728 70 86 169630 0 0 0
1755 714 118 106 318805 0 0 0
1837 741 119 102 473491 0 0 0
1784 91 70 60 646405 0 0 0
1245 273 69 100 359098 0 0 0
1767 384 89 68 938534 0 0 0
1137 174 86 56 469015 0 0 0
1634 -387 74 78 898352 0 0 0
1010 -94 78 59 390013 0 0 0
1357 267 88 92 981458 0 0 0
1773 -191 89 85 955313 0 0 0
1467 136 112 100 646327 0 0 0
1518 422 73 103 457899 0 0 0
2084 631 96 67 925341 0 0 0
2698 619 91 60 330774 0 0 0
2953 -12 63 67 697971 0 0 0
2524 541 101 105 675210 0 0 0
1883 -103 63 67 102070 0 0 0
1478 -113 63 93 834559 0 0 0
1079 -487 87 84 288775 0 0 0
485 -934 101 94 411443 0 0 0
134 -612 83 81 285367 0 0 0
756 -1259 97 97 400630 0 0 0
858 -1397 77 92 421452 0 0 0
1077 -1562 98 78 641658 0 0 0
1315 -1280 86 54 484708 0 0 0
761 -898 90 74 418031 0 0 0
570 -1047 59 67 788151 0 0 0
18 -553 69 67 413274 0 0 0
7 -1172 101 97 938194 0 0 0
-111 -1520 92 77 123083 0 0 0
517 -2027 115 75 920340 0 0 0
758 -2441 85 71 697714 0 0 0
742 -2795 98 105 907943 0 0 0
437 -2728 111 77 127003 0 0 0
-227 -2901 69 96 187091 0 0 0
14 -2783 68 89 479426 0 0 0
-213 -2203 77 63 888048 0 0 0
275 -2640 118 79 494676 0 0 0
673 -2561 93 72 278090 0 0 0
1211 -2638 65 97 426180 0 0 0
1117 -2973 65 62 787392 0 0 0
942 -3550 119 61 191847 0 0 0
710 -3842 109 81 771355 0 0 0
884 -3233 105 71 223047 0 0 0
1009 -3149 105 96 264600 0 0 0
1112 -2887 114 56 722685 0 0 0
463 -2985 94 106 918770 0 0 0
685 -3633 115 68 521410 0 0 0
103 -3607 80 87 438543 0 0 0
-247 -3848 112 60 858668 0 0 0
-391 -3178 73 59 856780 0 0 0
-333 -2824 61 90 413529 0 0 0
-897 -3152 84 81 588389 0 0 0
-1199 -3035 101 102 304209 0 0 0
-1076 -3658 60 102 285504 0 0 0
-623 -3938 105 80 656398 0 0 0
-997 -4184 107 99 885200 0 0 0
-1554 -3694 88 104 174730 0 0 0
-1542 -3666 81 69 831972 0 0 0
-2181 -3901 62 64 995302 0 0 0
-1608 -3443 82 69 444554 0 0 0
202 576 67 75 849455 0 0 0
-239 268 116 74 736475 0 0 0
-585 770 111 73 605195 0 0 0
-563 488 101 57 659381 0 0 0
52 -24 116 55 550638 0 0 0
103 369 102 88 676408 0 0 0
725 787 115 64 723014 0 0 0
73 396 63 102 466530 0 0 0
691 229 93 77 162536 0 0 0
1080 131 79 57 748820 0 0 0
722 258 86 59 100372 0 0 0
1106 -59 90 79 824644 0 0 0
1377 102 110 97 835773 0 0 0
1758 321 119 83 371481 0 0 0
2148 -315 77 93 376954 0 0 0
2342 -13 66 64 287958 0 0 0
2304 235 81 92 218405 0 0 0
1832 608 118 71 867044 0 0 0
2391 183 64 73 576397 0 0 0
2510 563 105 68 315223 0 0 0
3135 132 62 62 150561 0 0 0
3735 102 63 65 784872 0 0 0
3531 -216 68 81 759242 0 0 0
3188 330 119 77 266212 0 0 0
3546 12 119 89 768010 0 0 0
3323 430 105 91 108374 0 0 0
3711 -80 111 59 827843 0 0 0
4002 382 110 106 682176 0 0 0
4505 -209 85 63 934850 0 0 0
5025 -740 83 72 912454 0 0 0
5117 -842 108 58 848383 0 0 0
4585 -919 116 75 537899 0 0 0
4122 -655 90 59 953021 0 0 0
3545 -419 93 75 234665 0 0 0
3358 -865 60 82 643918 0 0 0
3822 -744 63 73 210305 0 0 0
3585 -732 74 86 853427 0 0 0
3964 -1269 113 76 653809 0 0 0
3398 -629 96 56 542750 0 0 0
3925 -60 59 99 333183 0 0 0
4505 263 116 61 109927 0 0 0
4884 384 88 101 633782 0 0 0
4308 505 115 59 113451 0 0 0
4196 1129 102 106 592959 0 0 0
4377 1788 82 70 231948 0 0 0
4323 2046 74 104 307644 0 0 0
4032 2414 101 72 834103 0 0 0
3897 2115 101 80 875973 0 0 0
3637 2356 106 102 789903 0 0 0
4176 1775 85 104 384450 0 0 0
3908 2220 84 83 561718 0 0 0
3241 1684 75 105 776613 0 0 0
3911 2185 100 81 543776 0 0 0
3885 2609 103 84 654941 0 0 0
3629 2914 76 104 187856 0 0 0
3228 2642 109 77 876246 0 0 0
2610 2226 65 54 257736 0 0 0
1941 1984 63 79 792618 0 0 0
1787 1778 93 66 350540 0 0 0
2044 1757 95 91 390685 0 0 0
2060 1320 96 89 220801 0 0 0
2468 1942 103 80 625151 0 0 0
2422 1688 63 62 249659 0 0 0
2130 2104 117 67 850036 0 0 0
1973 1686 118 77 965009 0 0 0
1635 1980 68 101 579760 0 0 0
1080 2308 111 73 908212 0 0 0
803 2053 59 61 559218 0 0 0
1228 1435 84 58 710083 0 0 0
1469 1729 103 70 503167 0 0 0
1760 2219 97 85 442664 0 0 0
1529 2708 107 55 211560 0 0 0
1109 2530 83 105 658641 0 0 0
871 3062 92 76 968398 0 0 0
1303 2567 117 101 867489 0 0 0
1855 2937 66 77 403103 0 0 0
1722 2458 95 105 845105 0 0 0
1288 2375 101 99 360822 0 0 0
1560 -1194 117 98 393221 0 0 0
1626 -943 71 72 710962 0 0 0
2124 -1563 86 102 642132 0 0 0
2797 -1178 112 101 136305 0 0 0
2227 -1444 97 106 148332 0 0 0
1928 -932 95 78 281564 0 0 0
1480 -514 77 99 336250 0 0 0
1062 -870 108 98 182419 0 0 0
1717 -1444 114 64 809567 0 0 0
1718 -1111 119 69 726160 0 0 0
1495 -860 87 55 902605 0 0 0
1093 -514 68 86 284965 0 0 0
1342 -154 70 97 910047 0 0 0
1856 473 71 96 404179 0 0 0
1656 684 85 64 763047 0 0 0
1208 596 62 70 451559 0 0 0
611 644 100 105 743203 0 0 0
-38 301 88 100 716406 0 0 0
-290 570 71 53 484429 0 0 0
-725 966 97 66 621894 0 0 0
-567 1489 88 85 919577 0 0 0
-1031 1469 65 57 878916 0 0 0
-780 2123 76 87 909584 0 0 0
-968 1986 67 104 312218 0 0 0
-548 1387 66 97 660041 0 0 0
-257 1837 63 59 965361 0 0 0
147 1426 87 63 835797 0 0 0
303 985 80 101 399746 0 0 0
298 1329 104 70 375913 0 0 0
508 1627 105 74 273404 0 0 0
-142 1324 76 84 465213 0 0 0
127 653 68 106 682554 0 0 0
-244 1079 111 63 429023 0 0 0
269 1646 109 96 946245 0 0 0
237 1198 117 54 498845 0 0 0
456 1643 101 63 309268 0 0 0
-186 1296 101 80 314882 0 0 0
373 742 74 78 851489 0 0 0
832 524 74 106 129089 0 0 0
1502 497 117 74 408951 0 0 0
1227 1139 107 102 891440 0 0 0
1707 617 97 71 636395 0 0 0
1070 668 116 79 701287 0 0 0
976 1042 99 97 881262 0 0 0
1351 758 100 86 819906 0 0 0
1090 126 78 77 632838 0 0 0
1725 -190 72 73 538257 0 0 0
1498 -671 72 90 560945 0 0 0
1107 -364 64 102 262445 0 0 0
1474 -200 64 53 155161 0 0 0
2120 -874 98 55 124273 0 0 0
2040 -1006 69 69 456852 0 0 0
2546 -536 77 93 955004 0 0 0
3103 -131 88 100 594490 0 0 0
2515 -112 68 96 893679 0 0 0
2432 -263 103 89 687255 0 0 0
2647 281 102 90 829335 0 0 0
2378 -222 79 65 435820 0 0 0
3023 -750 69 93 821185 0 0 0
2515 -420 62 86 598675 0 0 0
3079 -164 106 94 267670 0 0 0
3142 88 112 88 138625 0 0 0
3118 -392 92 63 293212 0 0 0
3574 170 117 83 290017 0 0 0
3317 363 74 55 244946 0 0 0
3565 -224 100 85 668338 0 0 0
4124 -526 112 54 681190 0 0 0
4215 -338 103 92 126175 0 0 0
4539 196 88 84 746368 0 0 0
4377 -340 119 60 407421 0 0 0
4433 -230 80 91 857088 0 0 0
2483 511 113 90 342110 0 0 0
2856 681 73 76 968744 0 0 0
3480 1278 110 82 762745 0 0 0
4143 813 63 71 306311 0 0 0
4448 729 106 69 981994 0 0 0
4652 941 89 71 369085 0 0 0
5216 890 93 85 489606 0 0 0
5240 1157 63 70 442690 0 0 0
5818 1622 104 89 408701 0 0 0
6318 1133 61 105 514729 0 0 0
6070 1422 65 103 384595 0 0 0
5892 816 92 54 633237 0 0 0
5992 524 86 101 408063 0 0 0
6308 238 105 69 692370 0 0 0
6357 -106 88 84 701717 0 0 0
6439 327 71 66 321294 0 0 0
5959 161 95 59 145159 0 0 0
6311 524 101 91 557650 0 0 0
6248 49 76 80 648652 0 0 0
6058 -78 116 76 545584 0 0 0
5953 -425 93 88 842432 0 0 0
5946 -1100 64 99 578917 0 0 0
6382 -1509 77 76 154206 0 0 0
121 -1194 66 64 354727 0 0 0
-149 -1225 68 89 309130 0 0 0
39 -1745 86 79 259285 0 0 0
-394 -1338 101 72 924528 0 0 0
-999 -791 76 82 136794 0 0 0
-1400 -938 108 54 781923 0 0 0
-760 -734 91 87 218077 0 0 0
-176 -1394 73 67 595273 0 0 0
354 -1385 63 60 811397 0 0 0
-238 -1797 89 87 793661 0 0 0
-118 -1533 104 84 475537 0 0 0
-560 -1425 111 54 208185 0 0 0
-391 -904 99 75 566298 0 0 0
-769 -1077 59 92 887616 0 0 0
-170 -1470 105 80 997442 0 0 0
-569 -941 71 89 443771 0 0 0
-693 -1299 97 76 488241 0 0 0
-951 -1637 82 89 692650 0 0 0
-482 -2059 97 74 766720 0 0 0
8 -1559 83 61 895554 0 0 0
-419 -1660 97 68 180986 0 0 0
-709 -2230 69 63 770829 0 0 0
-289 -2646 98 62 500296 0 0 0
-164 -2870 61 94 433167 0 0 0
-450 -2491 66 68 526047 0 0 0
-577 -2448 118 65 120519 0 0 0
-741 -2507 118 87 334208 0 0 0
1449 -1807 88 99 114357 0 0 0
908 -1958 105 106 992770 0 0 0
1374 -1843 63 54 756478 0 0 0
1656 -1366 60 99 732419 0 0 0
1002 -1408 99 79 683227 0 0 0
856 -1301 109 104 275113 0 0 0
534 -1768 101 57 272808 0 0 0
-136 -2204 116 68 942804 0 0 0
2 -2120 83 97 464619 0 0 0
-192 -1899 76 98 664738 0 0 0
483 -2146 82 84 846078 0 0 0
326 -2074 70 61 251600 0 0 0
813 -2699 76 59 692168 0 0 0
1367 -2161 104 70 377793 0 0 0
1021 -2800 100 63 947401 0 0 0
1106 -2356 109 106 375045 0 0 0
1135 -1953 88 90 346447 0 0 0
734 -1873 89 56 969478 0 0 0
552 -1866 74 67 984427 0 0 0
497 -1673 72 104 221573 0 0 0
949 -1135 68 80 860117 0 0 0
1259 -571 101 96 270076 0 0 0
1558 -766 73 101 770329 0 0 0
2089 -650 100 94 680173 0 0 0
2059 -1009 76 67 633986 0 0 0
2124 -1103 73 64 506416 0 0 0
1688 -1705 63 83 142727 0 0 0
1121 -1065 109 57 332836 0 0 0
1527 -461 88 67 306314 0 0 0
872 -46 100 96 940878 0 0 0
1274 593 75 55 829527 0 0 0
627 1009 100 61 923806 0 0 0
593 1085 78 84 364224 0 0 0
403 615 67 97 617157 0 0 0
1038 260 66 81 182023 0 0 0
1407 605 66 60 542883 0 0 0
1067 338 119 75 668539 0 0 0
1672 301 63 93 382721 0 0 0
1833 -182 110 58 477102 0 0 0
2467 -176 64 84 824546 0 0 0
2474 -59 59 69 954186 0 0 0
2987 321 70 104 314235 0 0 0
3036 234 81 54 575640 0 0 0
3646 471 104 74 409139 0 0 0
4252 -96 95 91 424922 0 0 0
4324 -358 101 79 312576 0 0 0
4537 -263 64 87 352332 0 0 0
4742 -37 69 69 771274 0 0 0
4503 529 80 91 748518 0 0 0
4487 921 84 104 346973 0 0 0
4638 1106 102 103 273735 0 0 0
4050 1048 84 76 641838 0 0 0
3652 760 119 80 283308 0 0 0
4111 644 118 81 701869 0 0 0
4287 0 73 83 214416 0 0 0
4254 -183 87 72 641291 0 0 0
4399 -681 66 60 720079 0 0 0
5029 -499 79 56 593196 0 0 0
5422 -1047 76 93 127085 0 0 0
5018 -643 80 76 959300 0 0 0
5276 -806 112 93 985978 0 0 0
4868 -343 97 97 474062 0 0 0
5102 -600 78 78 929944 0 0 0
5449 -486 64 102 861612 0 0 0
5609 45 81 91 962895 0 0 0
5296 -207 112 67 253504 0 0 0
4931 -236 119 67 518834 0 0 0
4391 -846 95 88 640725 0 0 0
4683 -565 106 62 765742 0 0 0
4513 -345 76 101 920630 0 0 0
3954 -270 75 77 471594 0 0 0
3466 76 97 53 176229 0 0 0
3855 -216 92 87 291500 0 0 0
4213 -485 87 74 107201 0 0 0
3754 -838 61 67 620096 0 0 0
4082 -537 94 103 371892 0 0 0
3682 -856 80 68 978046 0 0 0
4227 -1412 61 92 733949 0 0 0
3645 -1346 111 105 235595 0 0 0
3761 -1575 100 93 746538 0 0 0
3485 -951 96 94 427452 0 0 0
3585 -793 118 71 138882 0 0 0
3879 -1039 109 74 759524 0 0 0
3475 -872 73 102 263995 0 0 0
4055 -1113 59 73 134458 0 0 0
3738 -1588 107 96 662371 0 0 0
3080 -2119 104 89 447800 0 0 0
3478 -1531 77 105 356755 0 0 0
4093 -1274 107 63 100625 0 0 0
3681 -727 83 80 701323 0 0 0
3318 -279 74 75 645968 0 0 0
2819 -368 104 53 446956 0 0 0
2726 108 87 98 649493 0 0 0
1206 -68 60 54 264740 0 0 0
1816 493 105 98 463461 0 0 0
2394 936 83 96 428958 0 0 0
2695 714 91 78 272518 0 0 0
2787 40 88 69 584080 0 0 0
2373 -217 84 88 772230 0 0 0
1986 -843 111 89 685054 0 0 0
1695 -1169 83 99 177683 0 0 0
