2800
-281 -298 67 57 784721 0 0 0
-820 -638 73 96 984505 0 0 0
-1224 -678 95 78 107670 0 0 0
-759 -1201 84 58 362494 0 0 0
-254 -1655 87 57 564921 0 0 0
247 -2096 89 101 827636 0 0 0
-210 -1535 82 55 435410 0 0 0
-697 -1823 123 88 642961 0 0 0
-245 -1964 116 89 354663 0 0 0
291 -1872 115 108 346412 0 0 0
262 -1392 106 81 737881 0 0 0
551 -868 120 65 256786 0 0 0
257 -1291 90 103 282178 0 0 0
633 -1760 62 78 367348 0 0 0
739 -1949 100 93 144516 0 0 0
1017 -2123 104 76 545273 0 0 0
742 -2655 106 66 980919 0 0 0
742 -2282 98 105 724409 0 0 0
1262 -2515 107 83 825149 0 0 0
1041 -2617 104 94 490216 0 0 0
1606 -3223 110 108 603905 0 0 0
1160 -3382 111 58 269875 0 0 0
1681 -2912 114 73 915388 0 0 0
2333 -2815 101 67 415484 0 0 0
2808 -3302 115 78 668346 0 0 0
2865 -3158 101 101 795881 0 0 0
2541 -3248 63 78 784913 0 0 0
1947 -3944 70 71 436773 0 0 0
1805 -4493 88 83 597266 0 0 0
2002 -4198 85 56 725311 0 0 0
1976 -3660 85 66 496819 0 0 0
1835 -3554 103 94 335258 0 0 0
1325 -3777 119 96 790694 0 0 0
1888 -4157 120 67 157344 0 0 0
2578 -3861 112 68 970529 0 0 0
2952 -3497 90 100 559043 0 0 0
3048 -3078 112 108 181201 0 0 0
3609 -2431 79 76 918800 0 0 0
4097 -3056 74 64 673792 0 0 0
585 2488 68 85 384721 0 0 0
-75 3176 92 69 873016 0 0 0
551 3560 95 107 262047 0 0 0
349 3508 89 101 437296 0 0 0
872 4042 74 99 629563 0 0 0
937 4340 79 64 477160 0 0 0
1318 4478 67 69 711097 0 0 0
1053 5128 74 98 877926 0 0 0
459 5810 68 72 986885 0 0 0
67 5986 89 83 139112 0 0 0
-203 5461 106 97 127411 0 0 0
410 6022 113 84 483953 0 0 0
1088 6571 83 88 548874 0 0 0
523 7271 85 72 597118 0 0 0
401 7781 96 77 902556 0 0 0
1042 7707 100 65 997688 0 0 0
975 7647 102 86 398462 0 0 0
962 7956 79 101 130182 0 0 0
1393 7884 98 73 765204 0 0 0
1832 7663 117 97 615416 0 0 0
1324 8330 67 98 286085 0 0 0
1538 8863 69 73 581001 0 0 0
1542 8164 119 67 812990 0 0 0
1980 8612 105 92 749342 0 0 0
1984 8895 71 72 735359 0 0 0
1748 8959 108 58 870772 0 0 0
2344 8309 62 85 304736 0 0 0
2212 7769 118 90 195334 0 0 0
1920 8372 121 81 717424 0 0 0
2087 8650 116 104 166469 0 0 0
2266 9195 107 104 250393 0 0 0
2051 9424 107 69 950392 0 0 0
1770 9963 103 86 103549 0 0 0
1807 10048 92 85 997748 0 0 0
2065 10727 61 83 657742 0 0 0
1485 10501 78 88 170267 0 0 0
2130 10409 119 87 969658 0 0 0
2286 10874 89 71 320712 0 0 0
2155 10224 81 90 165314 0 0 0
1940 10792 77 73 343922 0 0 0
-1096 1604 121 62 302390 0 0 0
-1761 1741 106 68 270671 0 0 0
-2276 1161 120 84 145150 0 0 0
-1861 1411 115 59 271265 0 0 0
-1554 1096 75 94 615998 0 0 0
-1534 634 88 85 691804 0 0 0
-1749 41 66 84 411675 0 0 0
-2294 -386 80 109 213113 0 0 0
-2899 -435 106 80 235259 0 0 0
-2308 -1022 116 77 968790 0 0 0
-2783 -451 110 55 624063 0 0 0
-2627 206 123 63 764533 0 0 0
-2724 -300 115 102 374040 0 0 0
-3196 174 90 95 576160 0 0 0
-3285 858 118 106 167198 0 0 0
-3763 968 75 109 219123 0 0 0
-3194 1018 83 110 776284 0 0 0
-3721 325 105 108 440494 0 0 0
-4132 -352 71 67 444482 0 0 0
-4541 -732 108 84 287753 0 0 0
-4064 -559 84 83 976356 0 0 0
-4425 108 119 99 563649 0 0 0
-4787 -55 109 109 492419 0 0 0
-4388 441 81 56 155528 0 0 0
-4476 -246 80 95 914896 0 0 0
-4125 347 86 79 496947 0 0 0
-3936 914 100 94 750776 0 0 0
-4108 804 117 71 191004 0 0 0
-4722 752 92 88 241451 0 0 0
-4489 275 78 59 283909 0 0 0
-4159 918 80 64 252065 0 0 0
-3987 1444 109 72 722889 0 0 0
-3545 1319 84 86 371855 0 0 0
-3589 791 73 75 407615 0 0 0
-3086 267 79 63 406313 0 0 0
-3354 -173 64 65 462463 0 0 0
-3450 457 107 66 265923 0 0 0
-3818 677 100 79 608769 0 0 0
-3336 1086 109 107 999794 0 0 0
-3669 1606 115 93 462373 0 0 0
-4327 1348 91 95 272165 0 0 0
-4345 1321 88 77 290247 0 0 0
-3973 1678 61 64 621804 0 0 0
-3695 1413 100 71 342007 0 0 0
-3608 1053 85 93 948664 0 0 0
-1141 1439 120 89 150145 0 0 0
-1086 1552 104 91 515685 0 0 0
-1487 1409 97 74 559455 0 0 0
-1093 1989 116 66 479187 0 0 0
-1255 1462 104 101 531489 0 0 0
-573 1344 103 80 230103 0 0 0
-412 786 69 80 403243 0 0 0
-164 1429 74 98 261371 0 0 0
260 2044 100 98 951703 0 0 0
385 1489 69 105 787996 0 0 0
302 1594 82 95 662415 0 0 0
995 2191 110 69 259917 0 0 0
556 2300 70 69 928651 0 0 0
581 2228 75 75 965380 0 0 0
59 1754 73 68 770764 0 0 0
349 1236 80 81 448094 0 0 0
822 1043 98 65 323963 0 0 0
293 557 111 71 308762 0 0 0
-215 811 67 86 313823 0 0 0
-258 1356 83 85 755760 0 0 0
-44 1971 92 66 692956 0 0 0
-103 2530 98 106 925666 0 0 0
30 2213 99 87 239422 0 0 0
317 1785 87 87 179185 0 0 0
-180 1378 92 91 356413 0 0 0
330 1107 112 63 828135 0 0 0
75 905 89 84 807845 0 0 0
-334 1481 83 80 751560 0 0 0
-424 1653 78 91 167349 0 0 0
-725 1017 121 105 969882 0 0 0
-751 562 120 67 790368 0 0 0
-1373 100 68 76 437800 0 0 0
-862 252 62 85 400088 0 0 0
-933 134 100 88 207660 0 0 0
-638 -419 97 101 529712 0 0 0
13 -889 81 91 524991 0 0 0
-142 -1292 105 97 425986 0 0 0
395 -813 109 89 673008 0 0 0
431 -1066 74 109 387635 0 0 0
492 -469 68 86 623245 0 0 0
909 -741 64 84 200518 0 0 0
1341 -1104 98 105 231409 0 0 0
1024 -1522 98 60 748278 0 0 0
926 -1671 82 94 835924 0 0 0
386 -2173 110 60 238718 0 0 0
-214 -2104 116 92 920332 0 0 0
-272 -2328 111 102 339092 0 0 0
-291 -2624 116 67 337586 0 0 0
164 -2579 105 109 220926 0 0 0
-49 -2044 110 102 864958 0 0 0
-372 -1807 81 73 289018 0 0 0
313 -2124 120 107 408846 0 0 0
129 -1688 88 94 860333 0 0 0
70 -2361 105 80 933307 0 0 0
521 -2080 79 56 704621 0 0 0
4 -2389 123 101 432919 0 0 0
-25 -3018 110 72 276045 0 0 0
-380 -3125 116 92 431914 0 0 0
20 -3696 101 77 108195 0 0 0
400 -4359 61 78 586986 0 0 0
76 -4024 93 87 534597 0 0 0
-119 -3522 64 75 567232 0 0 0
-250 -3979 87 108 132458 0 0 0
353 -4215 112 105 849070 0 0 0
-85 -4890 85 70 325817 0 0 0
-310 -5113 61 58 235795 0 0 0
-417 -5704 65 59 957337 0 0 0
-429 -6333 122 110 471164 0 0 0
-626 -5782 97 91 344118 0 0 0
-49 -5858 105 56 866492 0 0 0
303 -5585 84 56 952055 0 0 0
-72 -5489 61 83 304407 0 0 0
-483 -5556 123 103 432202 0 0 0
-614 -5414 72 97 682461 0 0 0
-1297 -5222 67 98 736233 0 0 0
-1614 -5013 81 80 626111 0 0 0
-1506 -5238 123 90 897366 0 0 0
-1037 -4825 67 64 598198 0 0 0
-386 -4970 91 67 280557 0 0 0
-616 -5255 100 72 176612 0 0 0
-350 -4888 66 103 459741 0 0 0
-84 -4675 104 97 469284 0 0 0
-497 -4566 87 101 711097 0 0 0
-293 -5036 71 106 707156 0 0 0
-506 -4678 83 102 174137 0 0 0
-2 -5062 62 87 178046 0 0 0
-398 -5606 80 82 624845 0 0 0
-465 -5993 117 61 575102 0 0 0
-1146 -6495 112 71 267546 0 0 0
-1049 -6155 123 95 287930 0 0 0
-835 -6762 122 82 870086 0 0 0
-646 -7191 73 109 830122 0 0 0
-570 -7421 105 94 767030 0 0 0
-867 -7114 114 83 622687 0 0 0
-540 -7317 82 75 229141 0 0 0
-406 -7992 72 104 551512 0 0 0
-887 -8623 71 71 776706 0 0 0
-1571 -9100 92 60 335302 0 0 0
-1028 -9654 76 109 616949 0 0 0
-681 -9800 109 64 876114 0 0 0
-964 -10092 81 101 626259 0 0 0
-693 -846 100 64 683912 0 0 0
-999 -451 121 61 763251 0 0 0
-390 180 83 66 420969 0 0 0
-891 199 88 104 456991 0 0 0
-267 273 105 76 332839 0 0 0
-598 280 69 86 307691 0 0 0
-212 791 107 95 410072 0 0 0
-625 775 69 105 788320 0 0 0
-295 725 96 65 320528 0 0 0
-440 462 88 72 436873 0 0 0
-320 805 115 101 465479 0 0 0
-571 992 64 71 573960 0 0 0
-787 1345 74 61 839272 0 0 0
-429 1474 107 80 636092 0 0 0
-209 1989 122 93 559119 0 0 0
85 1838 111 65 640443 0 0 0
454 1431 107 93 965976 0 0 0
348 1578 69 70 814315 0 0 0
518 2278 93 101 607101 0 0 0
412 2583 121 57 591684 0 0 0
831 2841 108 85 330623 0 0 0
565 3440 98 62 959340 0 0 0
1055 3720 119 87 284934 0 0 0
467 4264 94 75 280766 0 0 0
-20 4912 63 98 882425 0 0 0
-236 5289 73 62 258915 0 0 0
-923 5019 78 88 204624 0 0 0
-507 5495 116 78 249118 0 0 0
-951 4892 110 98 856353 0 0 0
-507 4750 93 65 963984 0 0 0
-468 4096 106 79 529143 0 0 0
-627 3968 105 63 558584 0 0 0
-332 4535 115 98 892599 0 0 0
14 4401 97 59 403098 0 0 0
401 4544 106 62 897667 0 0 0
1051 4630 78 73 339412 0 0 0
1643 4968 63 103 826061 0 0 0
1668 4451 73 85 560108 0 0 0
1196 4505 68 74 296714 0 0 0
617 4453 84 101 218987 0 0 0
278 4488 115 80 357123 0 0 0
-1 4277 94 56 237475 0 0 0
36 3753 92 84 329887 0 0 0
569 3576 92 62 339931 0 0 0
301 4158 91 110 838811 0 0 0
982 3797 103 67 486671 0 0 0
1352 4153 101 74 545452 0 0 0
1974 4626 65 62 707637 0 0 0
1728 4520 99 81 484080 0 0 0
1400 4490 103 85 246887 0 0 0
1874 5176 98 71 626935 0 0 0
1224 4607 86 60 187153 0 0 0
1374 4684 87 66 746676 0 0 0
1678 4017 108 77 835339 0 0 0
1432 3419 69 90 212187 0 0 0
1585 3605 122 92 562966 0 0 0
2126 4164 81 58 133598 0 0 0
1665 3613 123 94 631014 0 0 0
1160 3344 73 99 152903 0 0 0
1542 2961 95 80 694676 0 0 0
1312 3532 63 75 177346 0 0 0
1738 3100 121 63 681040 0 0 0
1503 2843 66 91 445726 0 0 0
1654 3485 74 75 551476 0 0 0
964 2872 113 61 637468 0 0 0
413 2430 101 76 459132 0 0 0
893 2628 103 84 766250 0 0 0
1206 2775 118 73 413673 0 0 0
2777 2565 86 63 871525 0 0 0
2178 2552 97 85 410795 0 0 0
1704 2729 97 92 327054 0 0 0
1953 3056 64 90 357788 0 0 0
1969 2427 91 72 800709 0 0 0
2007 2845 107 57 733055 0 0 0
2327 2522 85 93 286075 0 0 0
2218 2074 79 61 893065 0 0 0
2062 2201 76 107 166918 0 0 0
2649 2867 116 68 735008 0 0 0
2201 2473 63 72 635251 0 0 0
1828 2990 101 64 786832 0 0 0
1778 2329 89 58 399084 0 0 0
1528 2846 85 77 946951 0 0 0
1182 2988 77 63 750502 0 0 0
1817 2567 115 68 814928 0 0 0
1744 2070 120 103 367462 0 0 0
1598 1421 104 101 878597 0 0 0
1424 1642 94 56 994755 0 0 0
1553 1345 84 75 977355 0 0 0
1675 1276 66 83 456676 0 0 0
1490 980 120 66 122779 0 0 0
1007 357 84 99 699149 0 0 0
696 540 123 56 550899 0 0 0
547 271 93 105 905905 0 0 0
36 497 94 72 907683 0 0 0
-579 -156 101 89 213556 0 0 0
-1080 -154 112 56 122737 0 0 0
-1354 -67 114 60 829763 0 0 0
-1683 -238 61 90 305516 0 0 0
-2039 -370 87 56 127691 0 0 0
-1441 159 118 66 695057 0 0 0
-1702 792 94 107 138427 0 0 0
-1032 581 75 73 626154 0 0 0
-1656 1113 71 106 575517 0 0 0
-1259 1326 67 92 869511 0 0 0
-1089 1468 115 91 844143 0 0 0
-631 1616 76 58 864487 0 0 0
-326 2293 77 97 962226 0 0 0
83 2230 75 62 863816 0 0 0
33 1977 110 56 530148 0 0 0
684 1526 61 89 919713 0 0 0
598 1487 101 65 249712 0 0 0
329 -1201 105 106 193020 0 0 0
-41 -1481 78 71 589783 0 0 0
-82 -1804 113 70 163252 0 0 0
181 -2233 115 64 778922 0 0 0
-144 -2142 100 57 372035 0 0 0
-371 -1868 95 73 379146 0 0 0
239 -2128 108 69 436014 0 0 0
101 -2504 123 96 997381 0 0 0
544 -2860 80 107 114615 0 0 0
352 -2812 78 80 229932 0 0 0
125 -3049 112 58 271982 0 0 0
650 -3213 64 73 929577 0 0 0
964 -2962 113 68 619268 0 0 0
547 -2884 109 85 680279 0 0 0
716 -3304 112 110 929398 0 0 0
38 -3284 73 74 757282 0 0 0
-107 -3915 115 100 402311 0 0 0
-704 -3758 121 66 486976 0 0 0
-942 -3471 88 59 504689 0 0 0
-437 -4089 89 81 972253 0 0 0
-641 -3714 66 73 246355 0 0 0
-804 -3842 73 81 394058 0 0 0
-942 -4152 75 78 409912 0 0 0
-1391 -3626 68 106 691605 0 0 0
-762 -4262 82 80 693474 0 0 0
-573 -4657 75 100 230949 0 0 0
-428 -4878 98 97 114135 0 0 0
-181 -5040 66 83 979535 0 0 0
-844 -5041 112 104 800769 0 0 0
-1135 -4350 71 107 678168 0 0 0
-672 -5041 76 66 990117 0 0 0
-1310 -5276 99 64 612490 0 0 0
-695 -5597 119 56 590962 0 0 0
-1085 -5037 62 94 906898 0 0 0
-1553 -4497 93 88 484563 0 0 0
-1071 -4185 89 100 796594 0 0 0
-966 -3914 117 88 560344 0 0 0
-1319 -3855 85 69 291854 0 0 0
-1591 -3861 97 74 618342 0 0 0
-1465 -4057 92 72 739182 0 0 0
-933 -3985 104 85 515657 0 0 0
-317 -4626 123 87 388740 0 0 0
-369 -4365 75 78 334259 0 0 0
-203 -3731 95 99 840219 0 0 0
386 -4025 80 76 617386 0 0 0
156 -3683 91 69 198376 0 0 0
809 -3142 77 101 258570 0 0 0
1313 -3732 91 107 236347 0 0 0
986 -3703 66 68 599309 0 0 0
625 -3691 62 85 184453 0 0 0
838 -4184 72 56 882841 0 0 0
898 -3610 87 101 949719 0 0 0
1309 -3825 63 55 660618 0 0 0
1248 -4012 107 83 624964 0 0 0
1852 -4474 69 86 128034 0 0 0
2337 -4572 68 76 745807 0 0 0
2656 -5167 81 109 646267 0 0 0
2288 -4742 92 73 857359 0 0 0
2601 -5067 87 88 812947 0 0 0
2817 -5753 99 109 406003 0 0 0
2245 -5450 116 81 539475 0 0 0
2611 -4799 89 67 390762 0 0 0
2232 -5032 94 87 975626 0 0 0
2060 -5005 122 91 908486 0 0 0
2488 -4713 116 78 351756 0 0 0
1851 -4426 123 57 315766 0 0 0
1245 1115 118 102 951406 0 0 0
1544 1103 123 110 871778 0 0 0
2234 844 95 100 842695 0 0 0
2175 1150 119 72 493966 0 0 0
2177 495 92 69 202806 0 0 0
1904 92 113 89 104966 0 0 0
1519 527 88 87 433602 0 0 0
1210 251 63 99 933426 0 0 0
592 138 103 105 841881 0 0 0
1257 608 106 105 185344 0 0 0
1865 538 93 81 539214 0 0 0
1824 266 120 84 523317 0 0 0
2144 306 87 68 704580 0 0 0
2798 32 102 81 668030 0 0 0
3491 -511 92 90 130522 0 0 0
3570 -231 91 109 481160 0 0 0
3839 215 78 81 626229 0 0 0
3724 706 77 83 157853 0 0 0
3119 246 78 71 187775 0 0 0
3247 694 105 91 159521 0 0 0
3124 1368 100 83 680928 0 0 0
3122 1692 116 72 913202 0 0 0
2914 1026 114 67 388217 0 0 0
2465 1265 106 78 317060 0 0 0
2743 1571 104 60 437047 0 0 0
3373 1616 121 109 545129 0 0 0
3320 1539 111 75 517818 0 0 0
3223 1851 78 80 662710 0 0 0
2971 1842 86 105 480244 0 0 0
3150 1684 106 93 972093 0 0 0
2471 1501 120 107 293347 0 0 0
1781 2037 81 85 503675 0 0 0
1121 1634 92 55 596208 0 0 0
1563 1229 123 68 596719 0 0 0
2144 611 98 84 471095 0 0 0
2779 574 116 88 378489 0 0 0
2487 602 114 99 289717 0 0 0
2480 88 62 56 943120 0 0 0
2630 -191 121 105 717918 0 0 0
2192 -670 72 63 879258 0 0 0
1858 -529 70 88 420064 0 0 0
1920 -607 118 61 933090 0 0 0
2357 -716 86 66 830865 0 0 0
2153 -568 78 56 463881 0 0 0
2394 -49 112 85 783927 0 0 0
2251 2060 85 81 608461 0 0 0
2769 1547 110 103 140306 0 0 0
2174 1178 79 58 450230 0 0 0
2446 894 77 61 376033 0 0 0
2240 633 115 82 537312 0 0 0
1767 283 104 109 502094 0 0 0
1628 872 90 58 520599 0 0 0
1576 937 104 68 900893 0 0 0
1462 603 97 108 208618 0 0 0
1516 21 75 85 136176 0 0 0
1705 454 119 74 830087 0 0 0
1708 458 97 61 864532 0 0 0
-2346 653 91 110 195872 0 0 0
-1854 1222 92 67 196021 0 0 0
-2136 573 102 63 110716 0 0 0
-2516 -122 107 58 780142 0 0 0
-2071 45 71 63 826897 0 0 0
-2273 122 80 109 865273 0 0 0
-2608 323 63 108 429001 0 0 0
-2445 162 62 78 851677 0 0 0
-2217 68 113 60 254454 0 0 0
-1549 467 63 63 430792 0 0 0
-863 632 97 101 289827 0 0 0
-844 1220 110 74 214914 0 0 0
-1354 1677 99 66 746960 0 0 0
-1388 1303 64 107 383971 0 0 0
-997 717 82 110 522251 0 0 0
-810 1297 105 86 167586 0 0 0
-1154 1521 119 98 609317 0 0 0
-1603 865 63 104 357555 0 0 0
-1504 330 66 70 776765 0 0 0
-1476 281 112 84 942222 0 0 0
-1915 235 97 107 385431 0 0 0
-1817 442 62 56 349218 0 0 0
-2149 1050 71 93 306754 0 0 0
-2251 406 64 67 946730 0 0 0
-2489 766 93 97 848655 0 0 0
-2365 886 102 73 145492 0 0 0
-2041 1382 83 99 781763 0 0 0
-2262 821 84 58 442951 0 0 0
-2433 690 93 86 843528 0 0 0
-2528 632 88 93 501581 0 0 0
-2700 280 105 56 659218 0 0 0
-2874 -391 105 60 386087 0 0 0
-2335 -584 119 94 578751 0 0 0
-2789 -889 88 92 527203 0 0 0
-2882 -960 98 56 958512 0 0 0
-2808 -1594 95 108 785194 0 0 0
-2320 -1632 65 92 134293 0 0 0
-2987 -1221 123 71 776966 0 0 0
-2512 -649 75 72 848627 0 0 0
-3004 -279 99 66 284899 0 0 0
-2585 374 123 82 653219 0 0 0
-2474 915 74 106 783234 0 0 0
-2269 837 116 84 412064 0 0 0
-1649 1184 84 91 152951 0 0 0
-1461 1517 70 86 682450 0 0 0
-1758 1651 82 78 830521 0 0 0
-332 1828 82 96 789065 0 0 0
-345 2365 115 96 873140 0 0 0
-55 1884 122 108 863931 0 0 0
-632 1901 79 95 863502 0 0 0
-337 1878 123 92 322349 0 0 0
-433 2302 79 80 840940 0 0 0
152 3001 78 70 802231 0 0 0
-522 2317 88 103 156332 0 0 0
-1107 2405 115 56 188478 0 0 0
-835 2782 89 103 804467 0 0 0
-149 3467 123 64 926960 0 0 0
318 3695 109 81 849179 0 0 0
539 4006 65 58 966440 0 0 0
285 3616 85 85 594316 0 0 0
-170 4049 113 61 960964 0 0 0
-221 4109 89 80 127134 0 0 0
51 3525 117 103 138315 0 0 0
-102 3036 61 79 652863 0 0 0
-710 3208 120 98 887908 0 0 0
-380 2699 113 92 778511 0 0 0
267 3390 113 80 667123 0 0 0
532 3872 94 74 236883 0 0 0
473 3944 101 99 545391 0 0 0
-74 4061 91 93 246940 0 0 0
103 4305 120 97 128298 0 0 0
-150 3859 122 56 835415 0 0 0
11 3913 82 66 917564 0 0 0
-588 3965 77 65 660713 0 0 0
43 3789 65 66 610866 0 0 0
-43 3223 103 62 756824 0 0 0
43 3684 94 109 985024 0 0 0
-600 3820 91 66 187979 0 0 0
-1177 4032 74 89 740806 0 0 0
-834 3860 95 99 963433 0 0 0
-213 3897 110 91 225105 0 0 0
-468 4279 73 61 435978 0 0 0
-578 4054 74 104 727509 0 0 0
-385 3451 74 97 328846 0 0 0
-713 3282 122 62 480956 0 0 0
-170 3807 102 63 230724 0 0 0
143 4013 83 59 451393 0 0 0
392 4323 92 84 674269 0 0 0
279 4579 102 100 701529 0 0 0
559 4023 111 62 982837 0 0 0
-76 4375 73 106 422291 0 0 0
-356 4072 85 68 535518 0 0 0
-678 4404 121 58 532202 0 0 0
-906 4973 102 76 106840 0 0 0
-589 5392 81 108 987993 0 0 0
-1250 6085 79 62 646041 0 0 0
-1494 6612 70 92 973165 0 0 0
-1453 5942 97 77 894153 0 0 0
-1526 6182 117 81 114002 0 0 0
-1633 6475 95 63 609859 0 0 0
-1438 6826 70 82 924016 0 0 0
-999 6991 75 78 734008 0 0 0
-1682 7281 90 80 602370 0 0 0
-1635 6956 70 105 936341 0 0 0
-1437 7650 67 76 512481 0 0 0
-1189 7580 65 92 524506 0 0 0
-578 7828 118 67 594030 0 0 0
-497 7862 101 87 288213 0 0 0
-776 8195 113 65 193819 0 0 0
-1415 7565 80 93 294340 0 0 0
-766 7847 84 62 913396 0 0 0
-1021 8007 68 88 299226 0 0 0
-333 7546 74 98 957561 0 0 0
-6 7764 66 84 795363 0 0 0
298 7171 69 61 567896 0 0 0
50 7473 68 56 964020 0 0 0
-574 6989 108 79 424901 0 0 0
-396 7226 118 109 605844 0 0 0
-2240 1843 91 95 708296 0 0 0
-2364 1335 99 67 708729 0 0 0
-2598 1664 71 76 504781 0 0 0
-1947 1360 110 107 678832 0 0 0
-2097 815 67 101 447460 0 0 0
-2099 283 82 96 887624 0 0 0
-1547 692 63 59 234734 0 0 0
-1501 320 74 59 537378 0 0 0
-2174 -78 78 82 213455 0 0 0
-2368 -171 70 58 430407 0 0 0
-2539 293 96 109 451755 0 0 0
-2734 670 72 79 185236 0 0 0
-2714 62 77 64 252424 0 0 0
-3189 172 86 89 843481 0 0 0
-2909 18 105 69 372853 0 0 0
-2535 204 98 109 269868 0 0 0
-2300 521 79 56 652424 0 0 0
-2397 336 120 62 638868 0 0 0
-1996 -52 111 71 277712 0 0 0
-1669 138 74 102 237420 0 0 0
-975 -428 72 89 973669 0 0 0
-1403 68 77 107 945957 0 0 0
-757 627 96 63 380345 0 0 0
-1064 901 104 60 459094 0 0 0
-1703 661 78 61 109230 0 0 0
-1508 381 123 60 344965 0 0 0
-1696 737 116 90 265016 0 0 0
-1285 392 89 108 864525 0 0 0
-746 609 82 75 740152 0 0 0
-572 279 84 57 702734 0 0 0
90 -74 120 88 228282 0 0 0
-182 265 117 82 185777 0 0 0
-639 506 109 65 272364 0 0 0
-408 354 65 66 279481 0 0 0
-31 419 94 66 218465 0 0 0
-529 208 117 73 748483 0 0 0
-82 486 79 79 471087 0 0 0
601 1184 68 107 830224 0 0 0
657 613 112 102 325802 0 0 0
866 1294 119 73 286239 0 0 0
190 957 95 73 617200 0 0 0
298 874 122 78 653098 0 0 0
8 1229 100 67 430044 0 0 0
694 1785 69 86 125679 0 0 0
903 2362 112 81 727327 0 0 0
648 2142 92 102 752525 0 0 0
588 2718 93 88 905863 0 0 0
-105 2774 104 98 573253 0 0 0
239 2771 114 59 519776 0 0 0
752 2778 115 81 948744 0 0 0
131 2175 88 93 644114 0 0 0
384 2642 91 62 218984 0 0 0
-169 2379 108 89 774753 0 0 0
-614 2720 64 56 275965 0 0 0
-749 2373 64 103 818821 0 0 0
-1049 2472 123 77 519616 0 0 0
-1250 2436 106 55 351716 0 0 0
-637 2891 92 73 839237 0 0 0
-486 2389 97 93 700349 0 0 0
-1183 2474 67 81 706465 0 0 0
-1446 1944 123 56 512909 0 0 0
-2043 2311 68 64 485795 0 0 0
-2212 2831 120 74 435374 0 0 0
-2229 2843 78 86 560268 0 0 0
-1943 3457 112 59 272489 0 0 0
-2273 3734 97 110 207866 0 0 0
-2758 3067 96 69 383272 0 0 0
-3400 3023 91 82 716750 0 0 0
-3259 3453 111 107 454830 0 0 0
-3423 3725 114 59 811187 0 0 0
-3938 3128 90 105 683669 0 0 0
1330 -1704 69 56 777678 0 0 0
797 -2074 85 57 414502 0 0 0
486 -1743 66 66 993212 0 0 0
887 -2161 75 110 931369 0 0 0
658 -2459 70 97 276535 0 0 0
210 -2925 102 105 712754 0 0 0
-447 -3183 79 104 887616 0 0 0
-957 -2841 71 96 563094 0 0 0
-1095 -2189 95 87 609604 0 0 0
-573 -1593 61 95 208189 0 0 0
44 -1585 99 57 478419 0 0 0
42 -1298 102 82 438718 0 0 0
-545 -1936 88 105 436632 0 0 0
-881 -1649 105 65 442802 0 0 0
-1362 -2009 69 74 854985 0 0 0
-1161 -1508 81 92 257395 0 0 0
-1342 -1338 72 95 506445 0 0 0
-1153 -1700 122 102 250404 0 0 0
-1470 -1312 77 55 399837 0 0 0
-978 -1443 66 63 448226 0 0 0
-817 -791 101 91 788610 0 0 0
-399 -606 92 65 773389 0 0 0
-612 -1051 84 79 920986 0 0 0
-67 -603 85 56 533964 0 0 0
-659 -31 106 60 999186 0 0 0
-1307 -5 118 86 130270 0 0 0
-1417 500 113 58 374251 0 0 0
-960 407 77 82 487241 0 0 0
-382 937 123 108 185001 0 0 0
-59 1113 120 81 715086 0 0 0
57 881 62 56 240641 0 0 0
-247 876 91 83 921454 0 0 0
291 1492 90 78 662727 0 0 0
581 1576 119 61 177153 0 0 0
492 1364 65 70 431667 0 0 0
434 1398 110 84 404318 0 0 0
593 1668 80 89 657445 0 0 0
648 2291 83 103 107745 0 0 0
174 1692 91 81 174635 0 0 0
-116 2163 62 60 459534 0 0 0
-190 2577 64 64 729209 0 0 0
-668 3173 110 59 471857 0 0 0
-856 2701 80 102 859494 0 0 0
-1417 2645 66 88 167342 0 0 0
-1455 2758 82 98 335763 0 0 0
-1553 2213 90 82 133575 0 0 0
-1155 1620 87 68 943412 0 0 0
-1716 1177 66 66 685789 0 0 0
-1708 1580 103 56 965148 0 0 0
-2001 1184 110 99 547140 0 0 0
-1673 1251 93 66 267513 0 0 0
-1847 1579 120 76 279802 0 0 0
-247 1776 103 75 797814 0 0 0
367 1896 116 110 885323 0 0 0
385 2078 111 75 377191 0 0 0
528 1465 83 89 521638 0 0 0
603 1263 83 77 754749 0 0 0
1055 1650 62 100 344207 0 0 0
1058 1223 115 59 329918 0 0 0
940 911 89 93 432820 0 0 0
811 700 63 107 948860 0 0 0
630 159 87 82 643745 0 0 0
1210 528 107 89 727348 0 0 0
731 1208 62 63 658022 0 0 0
1244 1321 79 109 927144 0 0 0
1941 1002 73 110 450319 0 0 0
2552 554 118 74 395222 0 0 0
2734 475 94 105 423245 0 0 0
2778 103 69 109 301014 0 0 0
2229 609 105 92 361612 0 0 0
1697 199 75 85 220535 0 0 0
1381 72 102 90 900494 0 0 0
2006 585 73 95 297410 0 0 0
1595 181 93 109 159102 0 0 0
1413 739 84 90 759351 0 0 0
799 806 109 76 992706 0 0 0
905 1315 102 60 953473 0 0 0
893 1465 74 94 232047 0 0 0
339 840 83 107 394736 0 0 0
567 1323 93 91 667514 0 0 0
937 1707 82 83 577989 0 0 0
1322 1973 108 68 167102 0 0 0
868 2491 77 56 576634 0 0 0
190 2066 79 96 358381 0 0 0
462 2193 111 78 462159 0 0 0
471 2873 112 89 314308 0 0 0
363 3117 100 82 696381 0 0 0
974 2688 69 84 374279 0 0 0
550 2746 97 86 557090 0 0 0
603 2396 73 60 977075 0 0 0
981 2618 99 59 477567 0 0 0
1406 2416 93 98 993059 0 0 0
857 2127 119 104 574892 0 0 0
683 2204 117 76 347604 0 0 0
1161 2468 64 88 446647 0 0 0
1685 1902 77 78 162896 0 0 0
1225 1801 121 71 834820 0 0 0
1347 1694 73 109 529135 0 0 0
1563 1948 70 65 351812 0 0 0
985 2625 113 78 718352 0 0 0
911 2091 72 105 360087 0 0 0
791 2244 86 102 978924 0 0 0
1388 2175 119 67 592888 0 0 0
1781 2327 75 64 921607 0 0 0
2156 1967 66 58 114630 0 0 0
2613 1351 94 76 830953 0 0 0
-2799 1612 99 75 315700 0 0 0
-2489 1167 73 91 638848 0 0 0
-2803 609 68 103 260657 0 0 0
-2897 1189 95 58 282575 0 0 0
-2374 1136 64 71 166059 0 0 0
-2900 822 99 105 276464 0 0 0
-3456 1021 109 87 441366 0 0 0
-3085 828 112 110 587318 0 0 0
-2686 1382 120 76 588218 0 0 0
-2257 1856 70 95 858699 0 0 0
-2596 2546 92 98 327028 0 0 0
-2611 2904 92 63 909035 0 0 0
-3112 2338 76 84 568992 0 0 0
-2896 2937 116 70 383810 0 0 0
-3321 3387 84 72 336358 0 0 0
-3666 3034 61 75 604838 0 0 0
-3142 2740 90 73 930241 0 0 0
-3358 2942 62 73 183394 0 0 0
-3674 3569 82 57 877621 0 0 0
-3601 3862 83 81 437131 0 0 0
-3621 3634 102 98 994893 0 0 0
-3409 3587 89 57 696237 0 0 0
-3541 4183 93 57 446343 0 0 0
-3248 3889 70 81 480589 0 0 0
-744 1953 88 74 665572 0 0 0
-813 1858 119 78 386500 0 0 0
-359 2323 95 74 399874 0 0 0
258 2008 88 72 919310 0 0 0
-309 2699 75 83 271234 0 0 0
355 3109 83 88 435192 0 0 0
861 2481 86 77 498665 0 0 0
1337 2059 80 83 158927 0 0 0
1802 1452 123 72 257616 0 0 0
2099 1519 111 96 732374 0 0 0
1672 1880 84 100 292138 0 0 0
1226 2177 114 83 147761 0 0 0
1125 2681 106 62 593584 0 0 0
716 3294 95 70 387289 0 0 0
89 3416 79 97 151261 0 0 0
569 3274 92 109 508215 0 0 0
1124 3251 103 100 550619 0 0 0
456 3818 71 79 531532 0 0 0
-103 3232 105 99 972234 0 0 0
162 3775 115 90 406040 0 0 0
205 3566 88 109 914086 0 0 0
791 3808 116 70 179511 0 0 0
999 3879 76 95 965005 0 0 0
1178 3386 66 91 315133 0 0 0
1622 3045 106 71 609488 0 0 0
1495 3380 67 107 964872 0 0 0
1305 3831 67 96 711525 0 0 0
869 4514 67 91 611203 0 0 0
507 4186 86 60 598210 0 0 0
869 3839 121 73 377344 0 0 0
1212 3818 119 70 602852 0 0 0
1651 4211 100 60 995502 0 0 0
2295 4467 98 105 212621 0 0 0
2494 3818 75 96 967093 0 0 0
2950 3368 63 78 262538 0 0 0
2613 3474 87 96 607357 0 0 0
2233 2973 105 101 767584 0 0 0
2034 2775 65 85 716450 0 0 0
-1437 -191 90 98 144369 0 0 0
-1572 -450 107 75 620462 0 0 0
-2128 -972 97 100 257667 0 0 0
-2189 -1662 94 82 127515 0 0 0
-2161 -1087 83 69 484745 0 0 0
-2290 -723 78 90 759257 0 0 0
-2285 -1331 81 77 982528 0 0 0
-2433 -1180 93 63 902582 0 0 0
-2327 -656 108 55 990285 0 0 0
-2213 -777 74 64 485065 0 0 0
-2191 -404 75 110 571158 0 0 0
-2158 -362 75 84 499404 0 0 0
-1608 180 103 62 372179 0 0 0
-1376 6 100 58 703075 0 0 0
-1758 231 77 58 504854 0 0 0
-2257 -466 71 90 273535 0 0 0
-2367 -1101 83 81 773708 0 0 0
-2237 -488 120 98 462813 0 0 0
-2766 207 76 55 258663 0 0 0
-2860 315 83 109 543763 0 0 0
-2605 370 71 107 863834 0 0 0
-2381 985 81 84 193189 0 0 0
-2107 374 69 95 887590 0 0 0
-1835 928 61 107 305738 0 0 0
-2442 636 93 107 551366 0 0 0
1305 213 122 58 699853 0 0 0
1013 -482 63 78 769393 0 0 0
1488 -1082 112 81 775107 0 0 0
1740 -1696 95 89 279374 0 0 0
1936 -1643 99 95 839232 0 0 0
1396 -1410 68 104 713570 0 0 0
1618 -840 118 61 899252 0 0 0
1114 -913 69 71 186156 0 0 0
584 -1108 94 80 934936 0 0 0
1045 -1049 67 86 677690 0 0 0
957 -619 112 98 311074 0 0 0
287 52 66 108 534352 0 0 0
-402 -422 107 68 367176 0 0 0
-346 -899 114 107 935358 0 0 0
-48 -353 88 59 442953 0 0 0
278 -417 90 63 166761 0 0 0
929 -611 107 58 969635 0 0 0
1437 -26 96 106 331449 0 0 0
2103 624 92 65 594575 0 0 0
2090 301 65 67 362463 0 0 0
2066 521 100 102 757787 0 0 0
2088 181 119 98 589975 0 0 0
1425 -191 76 58 134194 0 0 0
1285 -284 84 89 503392 0 0 0
1891 -664 92 69 463886 0 0 0
1523 -383 85 84 184574 0 0 0
1014 -415 105 75 657097 0 0 0
1021 -834 90 56 784091 0 0 0
624 -1346 81 68 619568 0 0 0
-53 -1500 123 67 669388 0 0 0
-678 -1280 101 60 723382 0 0 0
-1237 -1156 84 105 260459 0 0 0
-1196 -1147 107 68 587078 0 0 0
-1219 -1088 62 59 798586 0 0 0
-1393 -1162 112 98 325180 0 0 0
-1975 -1713 98 86 504488 0 0 0
-1729 -1523 63 63 683022 0 0 0
-1156 -1105 71 86 645115 0 0 0
-1759 -1097 100 74 326355 0 0 0
-1196 -697 102 57 304135 0 0 0
-1188 -692 123 73 613717 0 0 0
-1606 -627 91 100 108617 0 0 0
-1316 -476 64 86 217129 0 0 0
-1568 -631 100 67 736932 0 0 0
-1801 -947 86 96 284964 0 0 0
-1618 -1084 62 77 694974 0 0 0
-1330 -1706 72 69 129517 0 0 0
-1840 -2066 89 81 645553 0 0 0
-1959 -1886 121 58 497485 0 0 0
-1941 -1345 104 82 574707 0 0 0
-2147 -716 107 105 193210 0 0 0
-2523 -28 79 97 918170 0 0 0
-2446 -711 70 90 348420 0 0 0
-2490 -1184 102 65 308698 0 0 0
-2700 -1440 70 62 778074 0 0 0
-2760 -1122 106 108 580206 0 0 0
-3341 -922 96 73 400239 0 0 0
-2839 -243 100 99 677824 0 0 0
-3013 -26 81 96 949207 0 0 0
-2506 619 84 94 977576 0 0 0
-2965 586 79 73 396973 0 0 0
-2325 1142 89 99 768387 0 0 0
-1828 575 75 94 811368 0 0 0
-2199 335 83 55 289912 0 0 0
-1712 195 106 100 651154 0 0 0
-1209 -56 107 103 560826 0 0 0
-1629 -252 113 99 446560 0 0 0
-1556 -121 63 82 526723 0 0 0
-1481 -417 119 107 198089 0 0 0
-2162 -988 85 97 546188 0 0 0
-2199 -383 92 73 379925 0 0 0
-1611 -971 81 93 214673 0 0 0
-1242 -849 121 110 850806 0 0 0
-1458 -216 98 64 414866 0 0 0
-1002 -654 112 103 288198 0 0 0
-1456 -1223 78 57 964998 0 0 0
-1484 -727 67 80 141644 0 0 0
-1849 -794 98 89 781447 0 0 0
-2327 -1404 65 83 725836 0 0 0
-2268 -1105 69 93 914074 0 0 0
-2930 -1491 71 99 587249 0 0 0
-2358 -2465 85 96 558573 0 0 0
-2849 -3159 75 62 865060 0 0 0
-2510 -3094 90 57 568950 0 0 0
-3093 -2769 92 77 277087 0 0 0
-2605 -2358 85 93 449682 0 0 0
-2950 -2712 116 77 416873 0 0 0
-3635 -3357 117 80 556175 0 0 0
-3618 -3611 111 97 648619 0 0 0
-3956 -3447 101 105 700074 0 0 0
-3699 -3062 69 65 109600 0 0 0
-3214 -2972 88 86 769703 0 0 0
-3260 -3272 90 88 942206 0 0 0
-2917 -3319 68 61 469982 0 0 0
-2710 -3946 104 73 521300 0 0 0
-2682 -4117 61 96 628274 0 0 0
-3329 -3794 78 90 475844 0 0 0
-2912 -3593 103 90 903559 0 0 0
-3533 -3337 80 90 780947 0 0 0
-4150 -2711 117 83 410703 0 0 0
-3456 -3201 111 62 594766 0 0 0
-4085 -3409 86 110 761003 0 0 0
-3524 -3128 81 80 988621 0 0 0
-3245 -3774 95 90 534684 0 0 0
-2745 -4332 98 99 805374 0 0 0
-2824 -4625 83 98 611357 0 0 0
-2217 -4941 75 64 310684 0 0 0
-2672 -5574 100 96 686698 0 0 0
-2524 -5660 75 95 843198 0 0 0
-2216 -5542 71 80 981543 0 0 0
-1916 -5089 76 85 946883 0 0 0
-1780 -5435 68 87 617004 0 0 0
-1622 -5435 91 103 802696 0 0 0
-2314 -4747 73 102 686355 0 0 0
-2287 -4133 105 76 201976 0 0 0
-2291 -3592 101 82 888628 0 0 0
-2629 -3979 70 61 102896 0 0 0
-2152 -3374 74 83 793917 0 0 0
-2144 -2959 107 96 203220 0 0 0
-1930 -3136 109 101 261010 0 0 0
-1697 -3362 93 80 624300 0 0 0
-1328 -2742 75 94 734144 0 0 0
-1642 -3438 65 75 154384 0 0 0
-2233 -2943 68 70 628803 0 0 0
-1812 -3449 107 67 499240 0 0 0
2422 -2568 79 97 453096 0 0 0
2921 -1891 65 89 663168 0 0 0
2323 -1556 100 82 372828 0 0 0
2796 -858 109 89 689882 0 0 0
3491 -208 75 78 683629 0 0 0
3342 -272 110 59 669777 0 0 0
2863 -84 88 79 660606 0 0 0
2762 -729 103 97 818855 0 0 0
3311 -829 87 97 812300 0 0 0
364 -1759 109 79 359352 0 0 0
16 -1712 70 68 902079 0 0 0
-363 -2314 120 78 119467 0 0 0
-202 -1683 84 77 446958 0 0 0
-253 -1759 106 62 433560 0 0 0
78 -1425 106 100 153713 0 0 0
70 -2082 107 96 849226 0 0 0
-4 -2372 78 83 147421 0 0 0
275 -2597 120 95 674393 0 0 0
-33 -2069 96 82 489193 0 0 0
616 -2209 69 88 982621 0 0 0
1226 -1813 113 92 885525 0 0 0
1740 -1855 64 83 419816 0 0 0
2226 -2319 84 62 429356 0 0 0
1602 -2846 83 95 408920 0 0 0
2134 -2394 100 100 910539 0 0 0
2505 -1811 93 78 158468 0 0 0
1853 -2496 111 80 836757 0 0 0
2044 -2334 68 93 210263 0 0 0
2184 -1791 62 58 494387 0 0 0
2404 -1590 100 64 138897 0 0 0
2067 -2219 98 77 666782 0 0 0
1845 -2427 74 75 588472 0 0 0
2517 -2209 107 84 399230 0 0 0
2848 -2866 90 61 405830 0 0 0
3479 -3113 117 63 265430 0 0 0
2841 -2518 84 67 335578 0 0 0
3125 -3168 90 65 492775 0 0 0
3568 -2650 101 94 395050 0 0 0
3445 -2566 122 103 768393 0 0 0
3553 -3153 106 70 262341 0 0 0
3230 -3173 81 64 480854 0 0 0
3892 -3680 87 75 468811 0 0 0
3885 -3996 75 61 765379 0 0 0
3844 -4134 112 83 237642 0 0 0
3298 -4680 104 86 820719 0 0 0
3540 -5199 71 74 271922 0 0 0
4064 -5060 121 82 728079 0 0 0
4027 -4834 73 67 870184 0 0 0
4270 -5516 97 80 951057 0 0 0
4762 -5680 101 69 219265 0 0 0
4922 -5287 78 74 390655 0 0 0
4692 -4715 70 56 166358 0 0 0
4248 -5163 93 95 467377 0 0 0
3592 -5248 120 76 697997 0 0 0
-1782 -1321 78 90 291711 0 0 0
-1729 -834 119 55 839527 0 0 0
-1732 -1103 96 71 508420 0 0 0
-2208 -551 109 91 309774 0 0 0
-2499 -196 80 102 553785 0 0 0
-2548 -676 77 90 480893 0 0 0
-2112 -506 104 76 433486 0 0 0
-2430 -319 109 101 514044 0 0 0
-2731 267 65 107 521237 0 0 0
-2060 -116 113 67 818073 0 0 0
-1829 -371 65 71 726145 0 0 0
-2094 -857 101 74 719314 0 0 0
-1462 -837 114 62 589392 0 0 0
-1839 -1447 88 58 470251 0 0 0
-1384 -926 62 86 447686 0 0 0
-1092 -274 65 100 854422 0 0 0
-1388 219 85 90 430661 0 0 0
-1048 -12 82 58 734947 0 0 0
-928 493 102 76 108369 0 0 0
-804 291 74 90 932340 0 0 0
-823 957 93 104 594480 0 0 0
-130 1559 79 90 133851 0 0 0
-485 1133 77 73 380123 0 0 0
-944 1489 70 106 536624 0 0 0
-738 1549 83 84 460390 0 0 0
-790 933 118 59 390956 0 0 0
-1176 1209 71 64 165281 0 0 0
-1504 1070 94 92 817709 0 0 0
-1965 1056 107 68 894043 0 0 0
-2539 919 80 58 352079 0 0 0
-2235 615 110 76 276827 0 0 0
-2063 835 88 75 437397 0 0 0
-1847 837 78 78 292712 0 0 0
-2059 761 113 93 909875 0 0 0
-1910 328 120 86 138081 0 0 0
-2110 900 111 88 570819 0 0 0
-2501 524 63 78 672008 0 0 0
-2639 1195 102 85 775744 0 0 0
-2049 1799 122 92 906094 0 0 0
-1966 1744 82 91 508473 0 0 0
-2585 2195 90 55 372363 0 0 0
-2267 1910 92 100 903544 0 0 0
-1580 1616 71 72 950775 0 0 0
-1427 1860 97 59 433208 0 0 0
-1071 1169 91 107 687595 0 0 0
-980 1412 72 73 648311 0 0 0
-1644 1838 115 63 623614 0 0 0
-1857 1791 64 89 938836 0 0 0
-1242 2282 73 76 418854 0 0 0
-1739 2512 82 66 727643 0 0 0
-1197 2006 90 101 626227 0 0 0
-1781 1421 81 66 405411 0 0 0
-1424 1050 84 79 432389 0 0 0
-1656 1364 116 65 405731 0 0 0
-1450 1809 75 80 281565 0 0 0
-816 1184 112 92 334494 0 0 0
-396 624 66 105 687136 0 0 0
-706 212 69 72 374640 0 0 0
-304 832 121 98 262129 0 0 0
-124 529 84 83 134621 0 0 0
413 30 70 96 641535 0 0 0
1741 -1842 120 69 833029 0 0 0
2311 -1263 66 55 375034 0 0 0
1787 -1899 66 98 558161 0 0 0
1405 -2200 97 58 881990 0 0 0
914 -2398 93 83 733776 0 0 0
1193 -3086 74 69 138172 0 0 0
1492 -2769 90 96 282016 0 0 0
1556 -2347 118 59 734514 0 0 0
2141 -2980 62 68 582186 0 0 0
2504 -2312 78 101 702246 0 0 0
2603 -2770 66 107 516491 0 0 0
2652 -3120 75 102 995688 0 0 0
2574 -2924 74 66 659248 0 0 0
2362 -2866 100 73 417400 0 0 0
1878 -3379 87 56 205136 0 0 0
1370 -4036 116 71 782074 0 0 0
760 -3657 121 108 417376 0 0 0
1180 -3048 73 55 113654 0 0 0
1802 -2692 82 56 210954 0 0 0
1936 -2920 74 90 158195 0 0 0
2231 -3215 73 58 414624 0 0 0
2406 -3235 97 107 655644 0 0 0
1736 -3364 91 67 739644 0 0 0
1517 -3805 85 101 921181 0 0 0
1890 -3467 65 62 229026 0 0 0
1285 -3167 70 65 301076 0 0 0
1028 -3227 88 103 929114 0 0 0
927 -2869 98 81 131703 0 0 0
227 -3150 84 59 663454 0 0 0
204 -3642 121 80 571506 0 0 0
790 -3761 110 96 539731 0 0 0
460 -4067 68 91 248627 0 0 0
358 -3937 80 78 651096 0 0 0
2337 359 81 110 161421 0 0 0
1956 -327 62 79 884198 0 0 0
1355 -95 67 84 849355 0 0 0
1451 -191 75 84 765272 0 0 0
1090 -760 68 73 259376 0 0 0
1174 -175 61 60 215851 0 0 0
1820 -107 111 98 242078 0 0 0
2397 285 91 71 928513 0 0 0
2711 569 116 70 850390 0 0 0
2705 641 69 94 706679 0 0 0
2225 176 83 105 926845 0 0 0
1864 471 97 84 461103 0 0 0
2254 -177 101 63 815656 0 0 0
2933 365 64 110 311563 0 0 0
2595 171 118 110 452682 0 0 0
2216 187 82 70 844379 0 0 0
2424 -415 100 100 676928 0 0 0
2132 -193 111 63 337533 0 0 0
2080 140 109 79 847531 0 0 0
2577 643 74 91 174835 0 0 0
2493 870 73 88 729968 0 0 0
2839 1401 95 56 741612 0 0 0
3081 898 89 93 139481 0 0 0
3284 843 71 79 311942 0 0 0
3405 1036 95 70 837680 0 0 0
2926 662 120 72 915104 0 0 0
2290 203 97 103 286485 0 0 0
2459 400 79 109 875990 0 0 0
2909 552 118 96 552126 0 0 0
2518 1152 81 59 593778 0 0 0
2806 865 123 57 233051 0 0 0
3443 221 99 106 542454 0 0 0
3981 -323 91 72 398844 0 0 0
4306 -574 70 61 938322 0 0 0
4221 -725 61 106 470865 0 0 0
4359 -1208 112 67 681804 0 0 0
4602 -690 72 81 690629 0 0 0
4165 -1159 73 109 829170 0 0 0
4465 -1053 76 84 787811 0 0 0
-628 -641 69 103 110407 0 0 0
-679 -63 66 72 566580 0 0 0
-666 -329 123 57 837951 0 0 0
-696 260 105 97 304121 0 0 0
-990 -18 62 56 948339 0 0 0
-845 -313 74 69 350021 0 0 0
-919 -992 95 104 564188 0 0 0
-363 -1650 109 67 597971 0 0 0
-88 -1460 85 68 994053 0 0 0
-401 -1543 103 77 896376 0 0 0
-1004 -962 87 82 912956 0 0 0
-936 -308 113 81 595154 0 0 0
-1375 19 102 106 228203 0 0 0
-743 -499 118 73 114251 0 0 0
-676 -330 103 78 578279 0 0 0
-1361 -956 87 71 848454 0 0 0
-1292 -292 64 103 123502 0 0 0
-1015 -52 88 71 627078 0 0 0
-1630 -529 87 71 760921 0 0 0
-1434 -116 96 92 259596 0 0 0
-1039 320 118 102 479372 0 0 0
-1608 -251 73 81 720274 0 0 0
-2303 -279 111 61 928202 0 0 0
-2135 -520 65 92 615679 0 0 0
-1731 -39 117 62 702014 0 0 0
-1930 -280 68 85 238603 0 0 0
-2405 346 122 95 173015 0 0 0
-2439 622 123 94 690062 0 0 0
-1952 97 123 67 623022 0 0 0
-2102 291 115 64 767599 0 0 0
-2441 763 98 78 328229 0 0 0
-2782 87 121 104 151133 0 0 0
-2328 334 98 61 192363 0 0 0
-2890 529 98 67 864613 0 0 0
-2197 1149 113 86 627302 0 0 0
-1649 953 97 96 296573 0 0 0
-1535 1321 76 90 596716 0 0 0
-1312 827 93 91 445013 0 0 0
-1946 573 107 57 603501 0 0 0
-2386 796 94 99 641771 0 0 0
-1818 1089 83 95 614803 0 0 0
-2302 1608 74 97 611787 0 0 0
-2808 2047 95 83 243131 0 0 0
-3106 2576 114 75 737903 0 0 0
-2831 2625 70 110 115104 0 0 0
-2774 3011 74 82 319878 0 0 0
-2325 2942 91 105 743581 0 0 0
-2388 2567 64 81 677613 0 0 0
-3019 2494 99 63 489627 0 0 0
-3321 3001 107 106 654325 0 0 0
-3978 3060 91 103 107459 0 0 0
-3851 3295 83 77 124136 0 0 0
-4401 3182 64 80 890491 0 0 0
-4884 3342 93 55 764469 0 0 0
-5407 2654 99 89 189043 0 0 0
-5108 2470 74 88 974714 0 0 0
-4508 1794 65 62 694827 0 0 0
-5039 2370 122 95 269495 0 0 0
-5303 2807 65 68 133147 0 0 0
-571 -1602 61 64 156978 0 0 0
-354 -1879 118 96 214129 0 0 0
-799 -2076 94 83 604607 0 0 0
-872 -2115 85 82 115837 0 0 0
-1012 -1866 84 99 328553 0 0 0
-735 -1923 88 65 538264 0 0 0
-414 -1823 105 104 887407 0 0 0
-1058 -2343 95 82 892369 0 0 0
-1474 -2708 118 84 670231 0 0 0
-1722 -2870 102 92 951522 0 0 0
-1755 -3555 74 85 797780 0 0 0
-2182 -2871 67 60 350940 0 0 0
-2519 -2996 88 94 467605 0 0 0
-1940 -2327 104 55 455482 0 0 0
-2162 -2506 100 92 465341 0 0 0
-2202 -2912 109 97 874632 0 0 0
-2013 -2289 113 69 958210 0 0 0
-1861 -2735 115 63 316153 0 0 0
-2104 -3017 98 94 666285 0 0 0
-1708 -3547 62 90 778427 0 0 0
-1857 -3009 119 75 878544 0 0 0
-1169 -3353 68 100 670380 0 0 0
-506 -2726 122 65 182309 0 0 0
110 -3102 115 102 482056 0 0 0
455 -2455 114 92 463885 0 0 0
1113 -2477 119 84 634605 0 0 0
901 -2377 68 87 134673 0 0 0
423 -2075 87 62 892253 0 0 0
356 -2421 75 65 321313 0 0 0
1019 -2527 95 77 535566 0 0 0
1410 -2454 88 77 431870 0 0 0
1750 -1872 66 90 341630 0 0 0
1354 -1896 116 85 612513 0 0 0
1322 -1698 103 95 779866 0 0 0
898 -1380 94 95 876072 0 0 0
1072 -1792 107 74 333609 0 0 0
1279 -1895 112 90 729416 0 0 0
804 -1371 66 63 610936 0 0 0
1430 -1384 72 67 645921 0 0 0
997 -908 63 57 130077 0 0 0
922 -1315 117 103 857036 0 0 0
1049 -1769 72 55 939200 0 0 0
1382 -1123 84 60 585977 0 0 0
1060 -799 116 83 937177 0 0 0
1361 -412 74 60 188685 0 0 0
2023 -42 101 56 299800 0 0 0
2240 396 98 105 919439 0 0 0
1806 377 85 88 726232 0 0 0
2261 238 62 64 833027 0 0 0
2508 211 74 103 887286 0 0 0
2624 703 116 55 931441 0 0 0
2498 684 104 89 396306 0 0 0
2874 642 91 101 752234 0 0 0
2237 1174 67 77 453808 0 0 0
1589 1353 84 79 372041 0 0 0
1990 1311 96 88 522028 0 0 0
1953 1083 68 66 225615 0 0 0
-1838 750 76 81 575244 0 0 0
-2102 348 67 91 979337 0 0 0
-1938 943 67 97 318938 0 0 0
-2421 444 71 72 247319 0 0 0
-2784 514 116 87 722795 0 0 0
-2104 1213 123 74 730955 0 0 0
-1502 1175 102 108 301998 0 0 0
-1727 747 67 105 745303 0 0 0
-1218 978 95 84 999210 0 0 0
-1413 1529 115 68 893424 0 0 0
-1580 1804 112 93 994129 0 0 0
-1656 2155 120 103 389298 0 0 0
-1525 2038 114 89 195131 0 0 0
-1014 1485 62 71 629464 0 0 0
-1213 1454 107 76 113419 0 0 0
-1535 1528 100 60 928783 0 0 0
-1690 1261 95 93 941314 0 0 0
-1829 1390 62 106 151920 0 0 0
-1144 1751 99 105 887293 0 0 0
-533 1532 74 107 214148 0 0 0
-460 942 116 75 968888 0 0 0
-858 766 77 89 104622 0 0 0
-1343 940 92 100 618026 0 0 0
-1203 1332 80 81 554024 0 0 0
-1812 1145 82 85 997979 0 0 0
-1147 1098 89 109 794977 0 0 0
-1789 1550 68 79 677450 0 0 0
-2235 1538 64 67 846490 0 0 0
-2338 853 101 78 411792 0 0 0
-2449 457 61 90 149675 0 0 0
-2691 417 93 103 101054 0 0 0
-2340 166 83 79 826009 0 0 0
-2511 -343 111 97 692552 0 0 0
-2922 330 118 79 298817 0 0 0
-2322 206 105 57 241769 0 0 0
-1674 777 67 87 311664 0 0 0
-1366 1212 66 108 487010 0 0 0
-1325 1253 121 87 119069 0 0 0
-1336 649 76 72 974846 0 0 0
187 1345 123 70 295682 0 0 0
-451 1967 84 92 580890 0 0 0
-924 2067 119 90 861537 0 0 0
-1290 1570 61 96 468282 0 0 0
-1689 2124 113 103 323942 0 0 0
-1766 2225 69 55 936751 0 0 0
-2386 1859 108 79 975538 0 0 0
-2408 1411 123 98 328263 0 0 0
-2615 1328 108 63 339690 0 0 0
-2672 672 103 102 322203 0 0 0
-2643 627 63 110 519599 0 0 0
-2008 1207 108 66 675180 0 0 0
-1933 1867 100 66 420838 0 0 0
-1768 1385 103 59 574509 0 0 0
-1068 1857 88 80 446474 0 0 0
-1340 2105 102 67 175232 0 0 0
-1461 2283 110 58 735984 0 0 0
-1450 1871 115 108 452372 0 0 0
-934 2210 95 74 213095 0 0 0
-922 1828 115 66 642965 0 0 0
-654 2294 67 69 857365 0 0 0
302 1551 74 67 452961 0 0 0
1000 1310 121 94 191474 0 0 0
1186 763 102 65 228483 0 0 0
1205 857 88 75 115815 0 0 0
744 1251 76 95 149779 0 0 0
820 1163 86 86 458823 0 0 0
623 771 69 56 278897 0 0 0
-30 1019 88 81 755120 0 0 0
-65 1087 85 77 370709 0 0 0
-409 1269 105 62 136609 0 0 0
-16 1567 114 97 896887 0 0 0
627 1358 121 106 865429 0 0 0
1193 1450 83 57 124647 0 0 0
1091 1511 102 109 941793 0 0 0
1128 2116 120 88 360706 0 0 0
926 1835 90 79 125392 0 0 0
955 2462 77 101 537556 0 0 0
380 2375 123 64 449325 0 0 0
-296 2910 88 90 248101 0 0 0
253 3239 102 107 260844 0 0 0
530 3845 70 56 635554 0 0 0
756 4326 71 68 436571 0 0 0
1050 3752 76 88 941191 0 0 0
1017 4296 104 82 484390 0 0 0
542 3790 110 81 733302 0 0 0
-50 3144 120 104 911701 0 0 0
180 2982 67 101 264029 0 0 0
-455 2717 90 57 837377 0 0 0
-710 3095 109 58 702303 0 0 0
-116 2858 90 103 874731 0 0 0
472 2209 82 84 571994 0 0 0
-176 1836 67 56 713130 0 0 0
-782 1805 75 104 341462 0 0 0
-391 2493 108 82 695494 0 0 0
-949 1908 89 85 177017 0 0 0
-1561 2099 79 79 366949 0 0 0
-1437 2708 105 85 645522 0 0 0
-1132 2950 117 98 782188 0 0 0
-1615 3426 96 105 706786 0 0 0
-1636 3069 85 85 726429 0 0 0
-1462 2654 91 109 407067 0 0 0
-1684 3294 66 81 167796 0 0 0
-1237 3111 67 84 218926 0 0 0
-1296 3331 76 89 956738 0 0 0
-1590 2862 77 59 208496 0 0 0
-1217 3246 96 55 588977 0 0 0
-1302 3609 75 95 725630 0 0 0
-1453 3233 76 64 561904 0 0 0
-1488 2768 108 93 497697 0 0 0
-1204 2939 109 78 784158 0 0 0
-963 3046 99 93 250150 0 0 0
-884 2822 84 62 894247 0 0 0
-865 2470 70 68 550378 0 0 0
2067 670 107 64 929509 0 0 0
2601 838 110 95 646543 0 0 0
2427 1421 62 55 778979 0 0 0
2883 1136 98 73 581985 0 0 0
3045 1060 66 70 574725 0 0 0
3336 928 121 61 216055 0 0 0
3844 1275 102 84 917625 0 0 0
4259 1711 121 64 418024 0 0 0
4069 1062 96 88 786839 0 0 0
4481 590 92 67 644652 0 0 0
4024 1041 97 65 620559 0 0 0
3401 811 77 76 196130 0 0 0
3139 1410 115 62 979488 0 0 0
2488 1191 80 67 935245 0 0 0
2712 877 123 90 615917 0 0 0
2265 318 113 98 382193 0 0 0
1808 990 66 100 443881 0 0 0
1676 336 118 84 315115 0 0 0
1934 8 88 85 742601 0 0 0
1796 -530 91 91 191617 0 0 0
2039 -599 66 109 113580 0 0 0
1928 -801 74 110 586658 0 0 0
1256 -961 107 95 205552 0 0 0
657 -632 118 93 420679 0 0 0
1224 -230 73 78 572494 0 0 0
1915 -300 69 55 979032 0 0 0
1929 78 115 96 635540 0 0 0
1930 -398 84 61 600581 0 0 0
1360 1 96 78 581727 0 0 0
1817 -320 79 55 761312 0 0 0
1766 -775 96 65 165736 0 0 0
1671 -501 112 105 901965 0 0 0
1396 -895 101 62 238887 0 0 0
1858 -1152 118 57 629274 0 0 0
2015 -1666 66 63 129730 0 0 0
2705 -2106 115 60 181011 0 0 0
3307 -1975 109 93 678397 0 0 0
3625 -2035 78 89 600487 0 0 0
3916 -1894 62 97 932798 0 0 0
3317 -2017 77 70 513351 0 0 0
2915 -2427 76 68 398712 0 0 0
2464 -1831 87 62 115286 0 0 0
3013 -1229 61 100 441203 0 0 0
2747 -1549 62 73 113112 0 0 0
2138 -1119 67 104 758775 0 0 0
2222 -1638 74 74 829337 0 0 0
1937 -954 102 77 651019 0 0 0
2524 -1161 96 109 948335 0 0 0
2705 -1096 84 92 135992 0 0 0
2944 -420 92 91 774016 0 0 0
2277 -368 114 104 334901 0 0 0
2761 40 94 74 151572 0 0 0
2939 -557 75 68 790759 0 0 0
3179 -192 80 95 166450 0 0 0
2903 -774 105 77 665745 0 0 0
3096 -304 86 62 543365 0 0 0
3531 -372 64 74 594049 0 0 0
2963 -907 90 55 534571 0 0 0
2479 -725 87 102 787775 0 0 0
2225 -968 115 96 860258 0 0 0
1902 -1460 75 109 829940 0 0 0
2014 -902 61 59 393953 0 0 0
2502 -1452 90 69 265371 0 0 0
2149 -2149 92 85 339478 0 0 0
1687 -2547 63 98 883054 0 0 0
1104 -186 113 106 998526 0 0 0
1327 -815 115 72 146563 0 0 0
1904 -527 117 57 983235 0 0 0
1242 -212 76 65 379572 0 0 0
1396 -20 99 70 153854 0 0 0
1248 629 75 97 208781 0 0 0
1825 703 80 62 565792 0 0 0
1138 390 107 100 263239 0 0 0
1361 200 78 99 919706 0 0 0
1415 106 73 59 354499 0 0 0
748 -180 110 82 392857 0 0 0
185 -870 116 94 931655 0 0 0
226 -481 119 99 663326 0 0 0
-340 175 66 62 611144 0 0 0
-552 159 82 95 956320 0 0 0
25 -283 102 107 611983 0 0 0
173 -555 79 65 333346 0 0 0
447 -1147 106 80 741792 0 0 0
705 -926 98 78 291462 0 0 0
-406 -86 68 98 683337 0 0 0
-559 238 119 74 423528 0 0 0
-715 849 85 74 627788 0 0 0
-422 261 96 71 996360 0 0 0
-326 756 73 97 915547 0 0 0
-170 757 90 96 897893 0 0 0
-862 810 98 56 611184 0 0 0
-562 232 61 86 224280 0 0 0
-921 -390 64 87 981341 0 0 0
-386 -890 62 55 141534 0 0 0
-40 -1132 123 107 333322 0 0 0
552 -898 75 95 780296 0 0 0
506 -548 77 79 587929 0 0 0
1046 8 107 107 420925 0 0 0
1582 -549 73 61 933180 0 0 0
1877 57 94 109 489334 0 0 0
2143 48 120 97 123323 0 0 0
2748 -421 95 92 223208 0 0 0
2344 -36 65 90 687721 0 0 0
2163 -311 78 107 430063 0 0 0
2044 -262 94 107 461987 0 0 0
2192 126 84 79 546859 0 0 0
-12 837 85 71 482464 0 0 0
-617 359 121 79 553140 0 0 0
-4 166 104 109 398526 0 0 0
602 -384 70 89 834170 0 0 0
-17 -796 109 91 809148 0 0 0
-452 -869 107 74 671321 0 0 0
-1058 -797 97 75 669182 0 0 0
-791 -142 61 85 967444 0 0 0
-1096 -152 91 61 835012 0 0 0
-1433 -62 111 89 955400 0 0 0
-1748 245 111 68 112473 0 0 0
-1893 734 85 80 849663 0 0 0
-1569 36 82 87 164628 0 0 0
-2131 -62 120 62 789427 0 0 0
-1465 -44 119 66 409592 0 0 0
-1848 153 83 85 605936 0 0 0
-1495 -279 62 74 375136 0 0 0
-2030 133 67 92 654658 0 0 0
-1721 86 70 89 235051 0 0 0
-1026 443 106 65 737839 0 0 0
-445 -211 97 91 390646 0 0 0
-70 30 84 94 401145 0 0 0
567 580 108 87 885225 0 0 0
519 -91 65 77 388047 0 0 0
725 -652 86 101 332136 0 0 0
730 -954 96 108 669703 0 0 0
1010 -1241 93 60 562139 0 0 0
1342 -646 95 87 605282 0 0 0
1953 -873 116 67 561947 0 0 0
2156 -1376 101 71 978276 0 0 0
1557 -1984 107 80 707142 0 0 0
898 -1560 95 67 117921 0 0 0
1465 -1175 96 95 392086 0 0 0
1938 -1607 84 68 626858 0 0 0
1431 -1524 98 82 309876 0 0 0
1569 -1904 100 71 506694 0 0 0
1215 -1700 63 96 972186 0 0 0
989 -2131 99 90 179527 0 0 0
1175 -1878 68 95 226743 0 0 0
1643 -2534 105 71 708033 0 0 0
1601 -1941 103 72 700713 0 0 0
1148 -1912 62 79 130583 0 0 0
1256 -2593 89 72 731415 0 0 0
966 -2300 108 92 403192 0 0 0
1330 -1744 123 97 496332 0 0 0
1257 -2006 83 81 108944 0 0 0
1231 -1742 62 70 423886 0 0 0
939 -1444 87 85 708964 0 0 0
914 -1278 68 99 661559 0 0 0
812 -1034 118 94 369192 0 0 0
1222 -1725 72 72 368570 0 0 0
599 -2378 62 62 724328 0 0 0
420 -2568 102 93 259233 0 0 0
530 -2067 88 68 620306 0 0 0
695 -2073 64 63 151662 0 0 0
94 -2438 117 107 625345 0 0 0
348 -1998 89 59 555540 0 0 0
562 -1591 62 100 588218 0 0 0
837 -2238 81 101 174694 0 0 0
1391 -2722 85 97 125703 0 0 0
1260 -2810 83 83 221590 0 0 0
1890 -3204 100 66 735921 0 0 0
1794 -1906 115 101 837044 0 0 0
2045 -2174 71 96 113709 0 0 0
2151 -1910 120 62 293656 0 0 0
2507 -1858 67 86 153390 0 0 0
2313 -2064 99 96 580043 0 0 0
2759 -1662 115 76 162962 0 0 0
2232 -1976 113 62 220261 0 0 0
2475 -2237 67 59 200890 0 0 0
2950 -2801 71 70 188891 0 0 0
3443 -2158 86 55 769946 0 0 0
2793 -2825 112 68 319545 0 0 0
2877 -3052 89 95 210657 0 0 0
3349 -2526 114 57 601679 0 0 0
3170 -2338 62 85 432646 0 0 0
2958 -3018 64 86 485615 0 0 0
3304 -3387 85 108 620202 0 0 0
3106 -3168 91 57 623933 0 0 0
2699 -2660 71 94 441188 0 0 0
2416 -3055 72 96 206968 0 0 0
2197 -3353 83 103 565840 0 0 0
1897 -2836 104 85 653956 0 0 0
1999 -2630 70 104 356701 0 0 0
2032 -3042 82 87 317894 0 0 0
2338 -3541 81 87 417991 0 0 0
2792 -4066 75 79 592076 0 0 0
2196 -4521 101 101 339545 0 0 0
1619 -5046 75 109 637919 0 0 0
2167 -4372 83 70 934773 0 0 0
2296 -4373 123 55 949014 0 0 0
1645 -3932 80 100 717333 0 0 0
1677 -4489 122 104 456179 0 0 0
1320 -3909 97 94 958730 0 0 0
1335 -3422 108 100 517127 0 0 0
1857 -3442 80 86 253214 0 0 0
1653 -3421 119 81 598977 0 0 0
2128 -3090 112 56 644175 0 0 0
2017 -2977 106 93 344178 0 0 0
2418 -2974 96 95 692459 0 0 0
1822 -2950 79 71 297311 0 0 0
2172 -2317 77 66 816981 0 0 0
2415 -2141 102 56 101543 0 0 0
2942 -2204 98 82 780997 0 0 0
3405 -1744 75 108 361958 0 0 0
3517 -1169 112 77 611223 0 0 0
3068 -840 72 73 223540 0 0 0
3706 -388 89 85 766176 0 0 0
4007 -1019 114 55 714701 0 0 0
3475 -1473 81 107 176506 0 0 0
-2602 426 70 61 936284 0 0 0
-2488 291 110 99 454462 0 0 0
-2746 617 118 58 710817 0 0 0
-2292 1011 81 110 117069 0 0 0
-2363 1579 111 56 705728 0 0 0
-2064 1985 121 86 106247 0 0 0
-2365 2614 69 101 574776 0 0 0
-1951 2556 90 95 494240 0 0 0
-2193 3110 115 64 649309 0 0 0
-2678 3135 68 78 244707 0 0 0
-2189 3462 68 100 395354 0 0 0
-1849 3479 70 64 137715 0 0 0
-1681 3641 107 77 550737 0 0 0
-2293 4329 107 58 238123 0 0 0
-2109 3781 80 110 851557 0 0 0
-2711 3849 83 105 644456 0 0 0
-3228 3699 69 96 895960 0 0 0
-3139 3344 64 69 823605 0 0 0
-2929 3144 92 102 820742 0 0 0
-2395 2631 85 89 392147 0 0 0
-1867 2921 90 64 507680 0 0 0
-904 -894 103 70 803483 0 0 0
-391 -335 99 86 711376 0 0 0
61 -242 72 88 875863 0 0 0
-473 -704 66 71 187237 0 0 0
-778 -837 93 81 535404 0 0 0
-518 -626 117 77 477058 0 0 0
-1008 -479 86 57 677117 0 0 0
-1291 -825 83 76 276993 0 0 0
-1268 -1280 101 101 524370 0 0 0
-1318 -1214 103 60 170035 0 0 0
-1386 -829 62 74 500444 0 0 0
-1887 -161 72 96 317558 0 0 0
-1635 -561 101 101 308911 0 0 0
-1833 -1184 83 73 732461 0 0 0
-2526 -1048 86 99 246192 0 0 0
-2326 -1494 82 78 910540 0 0 0
-2320 -964 121 82 703257 0 0 0
-2129 -1248 93 69 125205 0 0 0
-1930 -562 87 67 556840 0 0 0
-1879 55 102 65 778221 0 0 0
-1571 -59 93 78 583925 0 0 0
-1258 -709 105 105 770605 0 0 0
-734 -177 90 76 571448 0 0 0
-753 470 101 61 662590 0 0 0
-640 438 106 76 853469 0 0 0
-752 -254 103 104 568326 0 0 0
-959 38 78 58 587172 0 0 0
-438 -345 117 109 769839 0 0 0
-554 -775 110 81 470179 0 0 0
96 -1162 108 100 980389 0 0 0
-475 -489 66 83 369617 0 0 0
131 -93 82 83 668757 0 0 0
-484 -364 114 55 986238 0 0 0
-736 -551 119 80 310193 0 0 0
-259 26 77 64 889893 0 0 0
198 -622 113 62 365810 0 0 0
99 -972 119 55 216546 0 0 0
689 -534 110 106 799567 0 0 0
723 -771 112 107 559719 0 0 0
1319 -94 94 101 321880 0 0 0
908 -770 105 63 603839 0 0 0
1460 -479 61 89 768917 0 0 0
2048 27 67 110 814598 0 0 0
1698 -155 95 81 288320 0 0 0
1982 -501 105 55 665099 0 0 0
1395 -25 106 71 451844 0 0 0
1427 162 70 76 751380 0 0 0
765 340 87 102 439467 0 0 0
1005 791 65 107 915149 0 0 0
665 1115 82 96 877637 0 0 0
-528 1332 77 85 754978 0 0 0
-1151 1050 74 58 144902 0 0 0
-457 1380 116 60 979163 0 0 0
-1031 1242 104 57 774492 0 0 0
-1654 1832 88 107 884140 0 0 0
-2065 1306 75 83 134997 0 0 0
-1493 606 74 81 533847 0 0 0
-2104 943 82 102 317204 0 0 0
-1802 1018 95 55 507657 0 0 0
-1259 1128 106 84 880338 0 0 0
-1281 1355 102 94 932684 0 0 0
-993 1667 62 58 736626 0 0 0
-1266 2228 80 101 980768 0 0 0
-927 2625 80 78 780682 0 0 0
-233 2777 116 70 768071 0 0 0
161 3167 77 87 575456 0 0 0
205 2519 61 61 530416 0 0 0
439 3000 68 108 130556 0 0 0
793 3543 89 90 924923 0 0 0
1252 3202 91 98 128539 0 0 0
1107 3534 102 99 233933 0 0 0
516 3560 90 71 154623 0 0 0
1198 3498 105 109 893429 0 0 0
954 3467 85 59 154952 0 0 0
385 3187 108 101 236857 0 0 0
320 2822 113 69 507172 0 0 0
488 3255 99 72 330349 0 0 0
677 3072 109 108 515429 0 0 0
49 3476 99 108 937348 0 0 0
-120 3064 106 78 252832 0 0 0
72 2560 107 68 243561 0 0 0
-88 1976 113 80 933188 0 0 0
589 2219 91 71 649131 0 0 0
312 2088 120 62 855176 0 0 0
396 2676 118 92 263888 0 0 0
1023 2007 121 81 653756 0 0 0
1149 2033 97 64 922071 0 0 0
1428 1858 62 85 653440 0 0 0
733 1267 66 85 160850 0 0 0
1128 1391 69 101 961620 0 0 0
517 1806 72 95 802947 0 0 0
30 1957 61 101 329704 0 0 0
-358 1821 83 69 834723 0 0 0
-417 1949 115 59 919821 0 0 0
-252 2602 83 75 607281 0 0 0
-446 3222 98 63 883378 0 0 0
-1027 2814 82 82 854687 0 0 0
-736 2638 121 61 908010 0 0 0
-878 3268 102 62 455144 0 0 0
-1237 3582 92 96 611918 0 0 0
-953 3838 95 73 144758 0 0 0
-1082 3360 69 73 540316 0 0 0
-747 3459 115 79 659282 0 0 0
-94 3760 96 59 487774 0 0 0
-205 4088 119 61 740932 0 0 0
-383 3843 63 56 537605 0 0 0
-690 4382 108 105 141833 0 0 0
-1207 4337 113 104 262617 0 0 0
-1800 4982 99 67 689725 0 0 0
-1733 4864 109 84 482042 0 0 0
-1908 5547 85 96 436583 0 0 0
-1992 6108 82 57 338482 0 0 0
-2013 -299 100 73 519045 0 0 0
-1671 -952 84 89 786647 0 0 0
-1421 -597 71 73 143382 0 0 0
-1913 -299 68 66 135811 0 0 0
-2045 -801 98 89 325340 0 0 0
-2612 -996 102 100 516569 0 0 0
-2280 -1281 67 58 281968 0 0 0
-2415 -1051 87 95 875424 0 0 0
-3030 -1315 70 76 577563 0 0 0
-2824 -1923 102 65 342057 0 0 0
-2601 -2324 85 62 678646 0 0 0
-1978 -1782 98 78 947883 0 0 0
-2472 -1645 93 108 393082 0 0 0
-2891 -1572 114 90 476883 0 0 0
-2594 -1607 73 76 906926 0 0 0
-2916 -1934 72 101 239492 0 0 0
-3234 -1679 107 63 230868 0 0 0
-3817 -1418 109 75 540795 0 0 0
-3437 -1742 67 75 873365 0 0 0
-3294 -1636 79 57 910967 0 0 0
-3454 -1691 98 55 696759 0 0 0
-3021 -1980 122 95 840670 0 0 0
-3168 -1318 73 88 424703 0 0 0
-3587 -1845 62 68 798968 0 0 0
-3237 -1182 76 73 614024 0 0 0
-2908 -860 77 96 853333 0 0 0
-2294 -1448 113 97 374073 0 0 0
-2206 -833 87 109 141294 0 0 0
-2728 -179 116 97 739587 0 0 0
-3318 420 114 80 581452 0 0 0
-3086 1063 74 84 526346 0 0 0
-3443 848 102 72 253299 0 0 0
-3255 490 112 94 620438 0 0 0
-2636 748 87 84 627049 0 0 0
-2211 203 118 89 936663 0 0 0
-2450 895 116 58 619930 0 0 0
-2422 522 104 91 418656 0 0 0
-2698 1135 83 85 915564 0 0 0
-2023 1788 88 77 620142 0 0 0
-1961 1996 110 63 778250 0 0 0
-1990 2251 76 99 627670 0 0 0
-2075 2089 120 61 314172 0 0 0
-1580 2001 123 74 637892 0 0 0
-2082 2223 77 63 773948 0 0 0
-1895 1772 104 57 486951 0 0 0
-1201 1269 94 65 562863 0 0 0
-729 1430 80 109 397275 0 0 0
-963 1592 75 61 409506 0 0 0
-622 2143 121 105 741084 0 0 0
-269 2351 67 94 579540 0 0 0
97 1653 103 86 360629 0 0 0
768 1423 107 68 653755 0 0 0
536 2051 83 105 293192 0 0 0
-7 2594 89 64 394437 0 0 0
693 2613 121 106 613800 0 0 0
420 3058 69 68 613915 0 0 0
841 3062 92 59 231335 0 0 0
1348 3362 64 85 985999 0 0 0
1674 3850 77 76 368251 0 0 0
2038 4016 105 87 905993 0 0 0
1967 4441 65 78 490725 0 0 0
1581 4498 93 66 661631 0 0 0
2087 4722 66 97 319565 0 0 0
2079 4442 68 99 411291 0 0 0
2605 4246 69 107 153850 0 0 0
2240 4440 112 72 988854 0 0 0
2857 5068 72 86 445487 0 0 0
3163 4756 122 77 112112 0 0 0
2567 4629 123 96 105325 0 0 0
1993 4383 120 89 262563 0 0 0
2500 4091 87 91 516913 0 0 0
2329 4721 81 99 979943 0 0 0
1844 4922 80 91 102027 0 0 0
1541 5000 110 62 379882 0 0 0
1186 4442 82 101 599032 0 0 0
989 4062 95 99 180227 0 0 0
358 3646 119 57 617831 0 0 0
79 3544 74 59 855662 0 0 0
-113 3786 64 60 185928 0 0 0
-139 4392 123 103 303783 0 0 0
-514 4240 93 110 886828 0 0 0
155 1958 123 59 217073 0 0 0
471 1266 120 102 465042 0 0 0
1048 1923 68 99 129487 0 0 0
511 1665 99 92 154262 0 0 0
-42 1482 118 93 775938 0 0 0
53 1538 61 62 659562 0 0 0
-581 1942 110 63 731515 0 0 0
108 2635 63 91 234907 0 0 0
252 2832 104 56 829167 0 0 0
267 2510 113 64 894706 0 0 0
-422 2980 69 84 804990 0 0 0
-142 2824 85 76 820900 0 0 0
146 2531 120 103 945774 0 0 0
-461 3033 112 67 794454 0 0 0
-1001 3175 69 62 510170 0 0 0
-1218 2739 116 102 581331 0 0 0
-641 2052 75 86 809418 0 0 0
-686 1520 83 81 713577 0 0 0
-986 1190 89 76 877081 0 0 0
-1044 612 67 108 572780 0 0 0
-923 786 66 86 332466 0 0 0
-995 1155 96 64 485842 0 0 0
-1538 1491 62 67 252720 0 0 0
-885 1770 116 97 969065 0 0 0
-668 2081 92 81 485855 0 0 0
-483 1770 102 63 807690 0 0 0
-714 1308 113 72 794635 0 0 0
-1290 1636 63 110 391916 0 0 0
-1665 975 80 66 277887 0 0 0
-1437 954 75 87 685609 0 0 0
-1382 605 110 84 599415 0 0 0
-1844 1164 121 103 648543 0 0 0
-2376 1547 62 63 314714 0 0 0
-1718 1951 86 94 406551 0 0 0
-1959 2347 80 56 426565 0 0 0
-2408 2119 111 73 992543 0 0 0
-2309 2568 99 72 133887 0 0 0
-3008 2708 120 78 174330 0 0 0
-2819 2595 121 109 739619 0 0 0
-2616 2198 61 63 345989 0 0 0
-3117 1546 85 78 555742 0 0 0
-3181 1923 99 108 556653 0 0 0
-3444 1387 73 87 471675 0 0 0
-2878 1844 123 95 846418 0 0 0
-2876 1864 118 73 791499 0 0 0
807 -1915 95 68 655477 0 0 0
891 -1236 123 98 304874 0 0 0
1309 -1597 113 105 762079 0 0 0
1643 -2226 102 108 234348 0 0 0
1423 -2365 66 110 114833 0 0 0
1333 -2204 88 94 181687 0 0 0
648 -1795 64 80 304677 0 0 0
1331 -2224 114 99 920396 0 0 0
1889 -2439 97 81 174974 0 0 0
1565 -2569 89 82 785066 0 0 0
2029 -2201 77 61 314859 0 0 0
1973 -1933 96 71 409143 0 0 0
1461 -1551 68 72 457354 0 0 0
1338 -1163 91 72 902650 0 0 0
1566 -1224 80 94 574332 0 0 0
1654 -1141 63 93 539973 0 0 0
2332 -575 63 91 338217 0 0 0
2105 -611 102 95 594147 0 0 0
2034 -1044 102 84 324921 0 0 0
1603 -1081 76 69 849610 0 0 0
1098 -588 95 72 410980 0 0 0
823 -350 80 57 763189 0 0 0
1188 -470 120 88 185524 0 0 0
1752 131 91 60 113579 0 0 0
1582 606 99 81 160229 0 0 0
2217 201 64 67 539052 0 0 0
1815 64 92 83 691435 0 0 0
1281 640 82 104 806671 0 0 0
1882 111 123 93 435324 0 0 0
1972 105 73 71 605491 0 0 0
1984 328 79 72 473799 0 0 0
1940 674 61 85 977262 0 0 0
2616 1022 72 62 527419 0 0 0
2716 1432 76 95 918549 0 0 0
3156 1467 90 110 570226 0 0 0
3433 1857 105 55 190248 0 0 0
3753 1451 81 77 721604 0 0 0
3756 959 78 94 505840 0 0 0
3847 1302 62 97 946021 0 0 0
4372 1101 65 81 149305 0 0 0
3695 812 94 105 648128 0 0 0
4273 386 79 68 818076 0 0 0
4084 517 93 84 514170 0 0 0
4124 -72 85 96 253876 0 0 0
3471 -506 113 87 360083 0 0 0
3136 -613 91 84 763595 0 0 0
2493 -1114 123 95 831716 0 0 0
2365 -1331 101 99 910745 0 0 0
2522 -940 101 75 223358 0 0 0
2048 -912 70 77 554792 0 0 0
2369 -1591 82 82 128498 0 0 0
2464 -1319 89 74 975208 0 0 0
2740 -1867 71 102 561867 0 0 0
3247 -2520 104 96 472898 0 0 0
3626 -2926 123 102 619909 0 0 0
3748 -2898 108 83 235227 0 0 0
3594 -3543 90 110 862692 0 0 0
3968 -2922 93 102 575517 0 0 0
-1626 1152 83 74 475242 0 0 0
-2096 1625 113 89 271725 0 0 0
-2304 944 66 98 451709 0 0 0
-2691 1307 77 62 141226 0 0 0
-2470 1369 89 96 730892 0 0 0
-1808 1663 112 84 900761 0 0 0
-1298 1979 111 75 630745 0 0 0
-1899 1996 123 85 508544 0 0 0
-2370 2641 98 74 678986 0 0 0
-2245 2764 88 83 202544 0 0 0
-1754 2466 61 60 619133 0 0 0
-1174 2272 61 93 836629 0 0 0
-1398 2469 93 96 161177 0 0 0
-1948 3007 99 109 788695 0 0 0
-1820 2767 83 59 313927 0 0 0
-1942 2951 81 94 792312 0 0 0
-2033 3243 89 104 561840 0 0 0
-1658 3770 74 78 571996 0 0 0
-1505 4109 120 105 793860 0 0 0
-1783 4168 66 107 985071 0 0 0
-1218 4056 122 76 663008 0 0 0
-844 3409 83 100 382750 0 0 0
-1350 2894 72 58 928207 0 0 0
-2046 2360 64 70 555470 0 0 0
-1871 2128 83 81 180896 0 0 0
-2175 2342 79 87 321949 0 0 0
-1609 2169 70 95 495146 0 0 0
-1246 1703 61 100 748890 0 0 0
-658 1338 119 79 267043 0 0 0
-422 1822 111 79 915379 0 0 0
-795 1421 66 91 626598 0 0 0
-1404 1195 108 88 925627 0 0 0
-1798 789 119 99 848908 0 0 0
-2086 1239 71 78 911252 0 0 0
-2370 578 114 93 604531 0 0 0
-2314 -120 68 60 304078 0 0 0
-362 288 72 73 606325 0 0 0
-957 -386 112 79 754366 0 0 0
-1546 -681 106 102 809161 0 0 0
-1819 -1300 123 60 305904 0 0 0
-2233 -1202 103 92 344387 0 0 0
-1803 -875 104 108 427694 0 0 0
-1573 -1300 98 97 677325 0 0 0
-1436 -1081 113 106 669124 0 0 0
-1793 -1049 72 106 472399 0 0 0
-1899 -748 68 96 113883 0 0 0
-1892 -877 93 98 385326 0 0 0
-2402 -266 99 99 601014 0 0 0
-2791 -10 114 104 125300 0 0 0
-2496 -84 115 96 929145 0 0 0
-2329 -782 69 108 371103 0 0 0
-1889 -270 122 60 798442 0 0 0
-1956 -744 92 64 186745 0 0 0
-1557 -655 111 98 325643 0 0 0
-2009 -112 90 105 143986 0 0 0
-1981 -464 81 58 451318 0 0 0
-1362 -528 98 93 140187 0 0 0
-1199 -865 77 55 828513 0 0 0
-1065 -800 98 105 124386 0 0 0
-1280 -1027 114 61 619569 0 0 0
-1610 -1104 77 81 140976 0 0 0
-1602 -1195 119 98 636780 0 0 0
-1906 -1714 113 95 330020 0 0 0
-1368 -2206 96 83 111358 0 0 0
-1065 -2236 87 80 963677 0 0 0
-1656 -2304 110 57 961134 0 0 0
-1693 -1767 78 85 491598 0 0 0
-1493 -1774 77 100 223873 0 0 0
-1925 -1118 97 62 570542 0 0 0
-1872 -811 87 98 329802 0 0 0
-2471 -998 62 58 882337 0 0 0
-2107 -1618 109 74 514337 0 0 0
-2146 -1722 99 103 955626 0 0 0
-1494 -2055 67 59 406647 0 0 0
-970 -2194 88 100 385965 0 0 0
-1544 -1535 106 97 148519 0 0 0
-850 -2207 93 80 138100 0 0 0
-1386 -2274 94 69 609089 0 0 0
-2084 -1758 121 75 774822 0 0 0
-2650 -2212 88 93 881471 0 0 0
-2440 -2420 116 91 299929 0 0 0
-3047 -2877 112 87 649478 0 0 0
-3302 -3378 121 79 373647 0 0 0
-2994 -3555 118 83 982339 0 0 0
-2920 -3028 84 58 626155 0 0 0
-3039 -2369 94 72 884501 0 0 0
-3691 -2970 67 80 793182 0 0 0
-3891 -3047 112 96 158713 0 0 0
-3915 -3466 94 77 380617 0 0 0
-4505 -3363 122 69 543471 0 0 0
-4389 -3155 96 76 171297 0 0 0
-4055 -3432 88 69 554121 0 0 0
-4495 -3464 118 99 335529 0 0 0
-4335 -3447 62 67 414568 0 0 0
-4594 -3130 106 74 526128 0 0 0
-4527 -2462 115 77 869419 0 0 0
-4533 -1785 68 78 937061 0 0 0
-3880 -1666 111 62 390559 0 0 0
-3904 -1633 73 93 681224 0 0 0
-4480 -2223 69 66 514204 0 0 0
-4750 -1897 115 99 113312 0 0 0
-4799 -1367 88 66 468745 0 0 0
-4927 -706 64 80 505329 0 0 0
-5512 -694 75 87 896741 0 0 0
-5236 -1192 68 106 753271 0 0 0
-4702 -698 122 99 219557 0 0 0
-105 1084 109 64 807718 0 0 0
-695 496 71 87 616528 0 0 0
-939 -134 85 60 301121 0 0 0
-1437 538 81 60 612401 0 0 0
-902 283 98 61 374568 0 0 0
-1087 675 107 97 174469 0 0 0
-1180 995 78 103 926421 0 0 0
-1191 500 122 97 356976 0 0 0
-931 870 79 79 716083 0 0 0
-1544 1049 78 104 363427 0 0 0
-2236 1537 73 83 460110 0 0 0
-2071 1480 92 110 658635 0 0 0
-2069 1845 96 62 526278 0 0 0
-1707 1889 112 60 853159 0 0 0
-1635 2075 105 74 774847 0 0 0
-1233 2660 74 59 888519 0 0 0
-1558 3229 94 58 694424 0 0 0
-1867 3092 112 104 475990 0 0 0
-1720 3064 82 86 767630 0 0 0
-1197 3394 113 62 336152 0 0 0
-799 3540 76 91 942294 0 0 0
-892 4081 78 102 221031 0 0 0
-2478 1301 77 72 744072 0 0 0
-2471 1304 103 79 643659 0 0 0
-3059 1917 123 109 660317 0 0 0
-2828 1590 70 78 402665 0 0 0
-2895 1602 71 65 278659 0 0 0
-2893 1161 88 86 458776 0 0 0
-3363 847 116 109 627193 0 0 0
-3634 940 66 100 588416 0 0 0
-3445 644 78 85 769474 0 0 0
-2767 889 120 61 951225 0 0 0
-2144 1062 87 56 165271 0 0 0
-1550 1374 89 65 643311 0 0 0
-1500 912 89 87 321300 0 0 0
-1021 1303 103 82 647890 0 0 0
-366 1526 74 62 498040 0 0 0
-353 1760 115 102 549438 0 0 0
310 1527 115 98 588650 0 0 0
863 1224 88 83 462760 0 0 0
985 586 102 99 859068 0 0 0
1206 917 105 81 683209 0 0 0
968 274 62 93 532115 0 0 0
431 974 61 107 923842 0 0 0
294 408 108 73 660283 0 0 0
719 79 70 97 748702 0 0 0
929 619 119 71 701959 0 0 0
1190 1079 83 82 820048 0 0 0
1420 652 93 107 768497 0 0 0
1755 222 87 63 574877 0 0 0
1288 759 77 58 445007 0 0 0
950 944 121 88 483799 0 0 0
1232 706 101 82 264772 0 0 0
1224 966 84 92 498315 0 0 0
629 1240 122 93 487244 0 0 0
945 1707 63 72 344645 0 0 0
1425 2387 86 101 176382 0 0 0
887 2427 72 57 238033 0 0 0
1475 2619 91 105 930601 0 0 0
833 2928 91 94 123870 0 0 0
864 2997 70 72 997418 0 0 0
769 2806 99 84 381965 0 0 0
843 2280 119 110 687210 0 0 0
525 2498 88 99 301247 0 0 0
480 2211 88 105 945117 0 0 0
1145 2227 86 96 953745 0 0 0
1757 2816 76 92 138714 0 0 0
1881 3240 92 81 764006 0 0 0
2135 3670 63 97 473757 0 0 0
2278 4370 98 110 606276 0 0 0
2094 4618 108 64 141060 0 0 0
2074 5241 95 73 454342 0 0 0
2509 4798 86 97 139393 0 0 0
3193 4432 81 62 661461 0 0 0
2528 3845 75 103 180685 0 0 0
2973 4208 105 62 618679 0 0 0
123 2017 85 99 418953 0 0 0
-409 2290 73 97 653154 0 0 0
247 1633 116 96 694352 0 0 0
731 1070 120 80 623386 0 0 0
972 1063 75 63 934523 0 0 0
1216 1452 108 73 231418 0 0 0
1418 1863 106 75 853116 0 0 0
1851 1397 89 110 648381 0 0 0
1511 1359 76 71 266273 0 0 0
1803 878 61 61 974757 0 0 0
2341 415 120 96 472869 0 0 0
1674 604 95 100 559923 0 0 0
1781 340 81 88 753026 0 0 0
2216 283 102 93 606602 0 0 0
1597 34 70 100 447947 0 0 0
1570 -48 122 84 463974 0 0 0
2187 61 74 65 914658 0 0 0
2163 225 67 93 801876 0 0 0
2022 655 61 78 144237 0 0 0
2125 916 103 66 322172 0 0 0
1470 392 100 60 986562 0 0 0
2016 509 81 82 733118 0 0 0
2009 49 73 87 339487 0 0 0
1429 -603 82 70 774292 0 0 0
913 -60 61 91 209645 0 0 0
1129 -78 74 75 905212 0 0 0
1100 372 69 104 917706 0 0 0
704 283 72 79 742647 0 0 0
633 -43 86 89 857065 0 0 0
507 -736 121 75 877296 0 0 0
279 -1324 108 79 817988 0 0 0
-271 -1642 76 103 680462 0 0 0
-55 -1167 64 86 524771 0 0 0
-76 -1159 82 67 120569 0 0 0
-170 -883 107 101 931771 0 0 0
1479 -1381 112 67 645958 0 0 0
1212 -1005 111 87 121440 0 0 0
1540 -1176 110 92 843739 0 0 0
1927 -558 75 104 369918 0 0 0
2624 -570 112 58 734281 0 0 0
2810 -174 117 88 807562 0 0 0
3432 -588 110 97 623732 0 0 0
3140 -498 78 104 234315 0 0 0
3232 -1103 98 55 825378 0 0 0
3583 -650 111 104 101332 0 0 0
4113 -930 63 89 849809 0 0 0
3616 -1553 107 78 535927 0 0 0
3566 -1972 109 95 355926 0 0 0
4045 -1551 85 83 186732 0 0 0
4489 -1542 119 66 858192 0 0 0
5078 -1850 104 98 802656 0 0 0
5265 -1328 92 110 952243 0 0 0
5190 -1006 64 103 195023 0 0 0
4654 -668 112 62 858508 0 0 0
4132 -874 72 78 334044 0 0 0
4000 -717 68 62 716485 0 0 0
4109 -929 69 109 545278 0 0 0
4683 -1315 95 71 566476 0 0 0
4861 -710 109 63 140184 0 0 0
5479 -963 81 103 720980 0 0 0
5790 -1008 69 77 109278 0 0 0
5477 -493 105 106 633479 0 0 0
5426 -30 64 59 875446 0 0 0
5961 -336 83 90 406111 0 0 0
5678 -348 105 101 447131 0 0 0
5808 210 115 80 814120 0 0 0
6429 -225 107 88 763474 0 0 0
6733 -384 76 73 267968 0 0 0
6185 -991 79 73 582299 0 0 0
6812 -1238 78 88 760650 0 0 0
6755 -931 108 100 909176 0 0 0
6633 -454 77 75 604605 0 0 0
6984 -856 63 95 237123 0 0 0
7609 -392 70 108 538607 0 0 0
7174 41 120 95 456480 0 0 0
7084 -524 119 91 401773 0 0 0
6635 -60 72 73 652263 0 0 0
6940 570 88 89 418275 0 0 0
7341 500 106 106 758578 0 0 0
7463 481 114 86 178959 0 0 0
7194 15 80 93 478910 0 0 0
6521 -367 72 61 448780 0 0 0
6797 -703 92 104 428934 0 0 0
6924 -1342 119 75 953856 0 0 0
7317 -1055 94 59 523355 0 0 0
6647 -547 103 110 693456 0 0 0
6552 -45 113 76 697818 0 0 0
7044 286 110 77 313481 0 0 0
7176 667 66 57 603017 0 0 0
7288 370 120 84 118333 0 0 0
6702 97 120 108 272995 0 0 0
6295 341 115 92 531143 0 0 0
6903 884 103 82 275620 0 0 0
7311 564 65 77 182434 0 0 0
7963 155 69 83 434572 0 0 0
8479 -153 110 79 943006 0 0 0
8910 99 100 89 544417 0 0 0
9476 695 115 56 550107 0 0 0
8777 740 96 99 219718 0 0 0
9464 313 69 90 771464 0 0 0
8766 805 71 83 544804 0 0 0
8228 520 110 98 413447 0 0 0
8652 1031 95 107 764314 0 0 0
9294 499 112 81 721942 0 0 0
9103 780 81 104 108372 0 0 0
8822 291 115 79 516808 0 0 0
-1264 2020 97 86 211288 0 0 0
-1663 1790 72 75 544868 0 0 0
-963 1519 90 107 485250 0 0 0
-1660 1097 69 65 903072 0 0 0
-2335 690 68 55 592800 0 0 0
-2222 388 123 70 114584 0 0 0
-2717 639 66 68 235841 0 0 0
-2457 682 104 68 842421 0 0 0
-2284 432 62 69 900492 0 0 0
-1743 1032 75 60 476273 0 0 0
-1413 1574 84 64 798112 0 0 0
-1797 1839 121 78 553775 0 0 0
-1135 1923 98 85 399285 0 0 0
-1312 1303 83 87 832218 0 0 0
-1609 825 119 64 319146 0 0 0
-985 1508 91 86 255777 0 0 0
-1548 1280 123 62 347206 0 0 0
-866 1030 87 65 586280 0 0 0
-2443 -1921 115 72 246813 0 0 0
-2396 -1970 109 68 115244 0 0 0
-2641 -1414 66 90 176347 0 0 0
-2742 -1524 65 90 245148 0 0 0
-3347 -1003 121 85 185857 0 0 0
-3197 -383 110 57 448437 0 0 0
-3675 -83 76 95 465466 0 0 0
-3948 137 92 106 876429 0 0 0
-3366 -296 97 92 545908 0 0 0
-3938 -309 89 71 820387 0 0 0
-3692 -159 68 73 744820 0 0 0
-3465 -269 70 109 922075 0 0 0
-3995 -822 76 102 796186 0 0 0
-4307 -751 95 99 255350 0 0 0
-4209 -302 114 109 990012 0 0 0
-3942 -100 85 78 540821 0 0 0
-4304 -656 122 78 452017 0 0 0
-4915 -19 108 98 303453 0 0 0
-5162 680 62 93 537181 0 0 0
-4614 739 120 67 129622 0 0 0
-4029 115 86 95 195524 0 0 0
-3352 -252 85 58 163985 0 0 0
-3120 -507 123 74 401163 0 0 0
-3398 -54 68 95 549529 0 0 0
-4026 -178 62 70 921126 0 0 0
-4596 -618 105 88 348933 0 0 0
-4375 -224 93 86 272045 0 0 0
-3828 -608 64 60 706445 0 0 0
-3438 -1073 81 63 536195 0 0 0
-3565 -1092 95 86 460420 0 0 0
-3529 -1514 110 81 682956 0 0 0
-3365 -1257 72 106 937526 0 0 0
-2672 -1180 63 72 305616 0 0 0
-2002 -481 106 64 606603 0 0 0
-2413 -496 85 98 724627 0 0 0
-2158 -470 65 109 456766 0 0 0
-2254 -1030 86 82 865653 0 0 0
-2701 -1103 117 106 357653 0 0 0
-2289 -964 67 97 750319 0 0 0
-2252 -1012 105 110 929582 0 0 0
-2807 -1570 74 93 820513 0 0 0
-2354 -1349 107 107 417717 0 0 0
-1788 -840 122 68 626485 0 0 0
-1707 -168 88 98 698140 0 0 0
-1418 207 70 99 914496 0 0 0
-1882 340 93 102 800273 0 0 0
-2455 -200 82 68 527083 0 0 0
-2542 -143 83 74 269064 0 0 0
-3090 -332 75 90 318141 0 0 0
-2621 -193 77 76 519609 0 0 0
-2773 -70 97 63 292337 0 0 0
-2612 -151 116 79 657561 0 0 0
-1971 -156 69 62 257864 0 0 0
-74 -1251 78 74 671263 0 0 0
-372 -1194 92 90 979094 0 0 0
-24 -595 61 86 520456 0 0 0
-443 -664 79 106 987295 0 0 0
-758 -1217 94 73 240592 0 0 0
-612 -729 62 83 929691 0 0 0
-46 -1006 90 66 903776 0 0 0
-641 -1428 101 79 451355 0 0 0
-676 -1510 103 58 375476 0 0 0
-199 -1510 77 90 817183 0 0 0
355 -1602 67 61 661681 0 0 0
-35 -1073 104 78 561484 0 0 0
-263 -823 77 70 850197 0 0 0
-39 -1391 92 79 635891 0 0 0
-2014 -384 119 73 886134 0 0 0
-1482 -926 77 70 260691 0 0 0
-1879 -1580 101 95 885516 0 0 0
-1182 -1363 80 105 790528 0 0 0
-1824 -765 66 73 221625 0 0 0
-1562 -146 71 91 290915 0 0 0
-1707 -116 93 58 821920 0 0 0
-2375 371 66 58 504591 0 0 0
-2278 759 117 90 468062 0 0 0
-2439 98 117 79 589104 0 0 0
-2284 353 82 75 782121 0 0 0
-2410 211 73 72 710600 0 0 0
-2248 312 88 66 341616 0 0 0
-2310 153 62 90 108110 0 0 0
-2977 -396 96 110 441481 0 0 0
-3620 -345 97 106 142346 0 0 0
-3910 -659 121 98 497995 0 0 0
-4069 -1218 69 109 356447 0 0 0
-3804 -1280 95 107 920996 0 0 0
-3455 -1657 114 66 678101 0 0 0
-2913 -1509 74 55 916451 0 0 0
-2643 -1502 89 89 223945 0 0 0
-2454 -1408 80 74 209923 0 0 0
-2957 -944 89 69 460893 0 0 0
-2488 -500 75 72 109541 0 0 0
-2694 -430 87 96 878128 0 0 0
-2040 -506 96 78 430948 0 0 0
-1978 -399 103 65 600950 0 0 0
-2649 -262 91 97 471928 0 0 0
-2304 -933 93 105 752554 0 0 0
-1910 -751 70 57 168469 0 0 0
-1291 -359 85 77 718978 0 0 0
-976 -284 69 57 531697 0 0 0
-1217 28 70 72 350754 0 0 0
-715 582 63 82 339282 0 0 0
-241 104 117 109 280325 0 0 0
12 715 75 80 454214 0 0 0
432 842 95 81 722448 0 0 0
-49 347 108 59 557470 0 0 0
-297 169 94 98 184246 0 0 0
-87 463 82 96 621453 0 0 0
-388 630 67 58 839895 0 0 0
-158 1270 75 92 925614 0 0 0
-675 1303 84 73 721503 0 0 0
-448 749 90 84 437185 0 0 0
-1127 183 80 61 774631 0 0 0
-1061 -180 72 70 916833 0 0 0
-720 428 86 72 251140 0 0 0
-1723 2537 103 58 504261 0 0 0
-1444 2293 68 55 803062 0 0 0
-1665 2760 118 110 283772 0 0 0
-1386 2616 78 59 329597 0 0 0
-1754 2635 72 105 622014 0 0 0
-2025 3053 66 55 809939 0 0 0
-1619 2469 105 106 877299 0 0 0
-1815 1885 81 110 340634 0 0 0
-1417 1874 98 87 337266 0 0 0
-1486 2239 122 59 192301 0 0 0
-1799 1587 73 70 407770 0 0 0
-1215 2182 61 95 620075 0 0 0
-1548 1499 117 71 511029 0 0 0
-1722 1303 68 55 977941 0 0 0
-1677 604 123 61 787966 0 0 0
-1369 446 105 86 625340 0 0 0
-1623 -190 69 82 206130 0 0 0
-1070 -295 96 76 131190 0 0 0
-1309 246 76 104 914268 0 0 0
-1126 -148 91 72 292607 0 0 0
-1658 -346 112 65 126154 0 0 0
-1637 -493 98 57 890048 0 0 0
-1873 -490 72 60 404455 0 0 0
-1392 -94 75 110 568046 0 0 0
-1027 426 121 108 389257 0 0 0
-1698 276 81 91 871346 0 0 0
-1157 968 90 66 528353 0 0 0
-1373 556 82 107 820756 0 0 0
-814 965 101 69 364309 0 0 0
-1110 1363 105 70 659976 0 0 0
-999 1681 74 69 716906 0 0 0
-1046 1967 88 69 563256 0 0 0
-1543 2190 82 84 359045 0 0 0
-1915 1690 118 91 715121 0 0 0
-1759 1963 116 105 586015 0 0 0
-1710 1684 81 63 837407 0 0 0
-2166 1274 108 73 947108 0 0 0
-1662 1097 96 101 941485 0 0 0
-1048 550 63 61 879683 0 0 0
-1080 -114 75 94 936637 0 0 0
-655 420 71 85 330947 0 0 0
-60 -177 122 69 764464 0 0 0
-576 -371 61 64 312426 0 0 0
68 -820 99 85 656184 0 0 0
332 -989 61 69 344592 0 0 0
631 -1358 75 60 527708 0 0 0
-43 -1697 65 94 769029 0 0 0
417 -1227 80 86 264395 0 0 0
73 -1816 62 91 413887 0 0 0
-11 -1134 98 69 487089 0 0 0
-298 -1428 81 101 621604 0 0 0
-413 -1816 82 69 267602 0 0 0
-435 -1335 89 107 721588 0 0 0
-345 -871 89 70 155749 0 0 0
-813 -699 115 98 629558 0 0 0
1967 -741 97 85 836992 0 0 0
1584 -964 94 75 748226 0 0 0
1778 -832 79 107 335105 0 0 0
1195 -482 122 89 166232 0 0 0
882 109 91 106 425273 0 0 0
426 -156 87 109 245551 0 0 0
433 -101 64 79 226515 0 0 0
-71 -268 113 97 215334 0 0 0
358 -939 111 59 619843 0 0 0
-126 -629 99 76 435209 0 0 0
513 -1040 117 76 941047 0 0 0
141 -888 107 105 385344 0 0 0
-473 -835 86 69 316744 0 0 0
-281 -562 98 100 373251 0 0 0
-847 -531 114 56 807802 0 0 0
-207 -1033 93 81 706396 0 0 0
-221 -837 123 97 966882 0 0 0
-612 -1449 109 104 509223 0 0 0
-352 -1706 64 67 367276 0 0 0
-434 -1909 103 97 832597 0 0 0
-192 -1767 113 88 572379 0 0 0
-403 -1937 75 73 164349 0 0 0
-223 -2098 109 100 922167 0 0 0
-876 -2073 116 67 771072 0 0 0
-723 -2145 90 69 373165 0 0 0
-630 -2358 79 55 384613 0 0 0
-1134 -2549 88 62 958005 0 0 0
-1430 -3159 106 57 651762 0 0 0
-1906 -2985 61 104 685488 0 0 0
-2271 -3499 64 109 520273 0 0 0
-1826 -3379 121 99 202060 0 0 0
-1262 -3198 107 106 198967 0 0 0
-1028 -2646 78 83 661838 0 0 0
-429 -3231 71 58 574104 0 0 0
-868 -2858 96 94 747054 0 0 0
-69 -2443 102 72 932024 0 0 0
-282 -2623 89 98 405063 0 0 0
-856 -3039 73 71 966686 0 0 0
-361 -2384 119 75 595866 0 0 0
-411 -2735 111 78 134727 0 0 0
-846 -2930 104 101 108665 0 0 0
-668 -2799 90 66 296807 0 0 0
-1050 -2962 102 55 193328 0 0 0
-896 -3317 122 82 292161 0 0 0
-1104 -3063 81 66 842098 0 0 0
-1803 -3164 106 88 501614 0 0 0
-1638 -2804 115 84 827634 0 0 0
-1872 -3087 110 55 662596 0 0 0
-1721 -3563 107 90 571359 0 0 0
-1568 -3640 93 93 273778 0 0 0
-874 -3599 82 68 325388 0 0 0
-693 -3844 102 91 228354 0 0 0
-235 -4339 88 89 504846 0 0 0
-348 -4424 100 85 475853 0 0 0
-525 -4589 84 88 737091 0 0 0
161 -4045 68 95 902068 0 0 0
833 -4184 79 106 299394 0 0 0
830 -3684 61 74 107111 0 0 0
455 -3712 97 95 183028 0 0 0
856 -3864 98 102 506016 0 0 0
1465 -3508 100 70 879295 0 0 0
1559 -4064 71 56 186042 0 0 0
2244 -4564 85 86 566872 0 0 0
2869 -4334 66 103 425960 0 0 0
2726 -4836 118 104 951834 0 0 0
3373 -4763 78 66 585580 0 0 0
3605 -4195 88 56 763219 0 0 0
3376 -4588 81 79 187810 0 0 0
3634 -4121 113 55 378838 0 0 0
3864 -4339 115 59 434839 0 0 0
3580 -3767 101 90 281564 0 0 0
4132 -4352 62 108 616228 0 0 0
3777 -3967 82 106 280018 0 0 0
4446 -3878 67 88 371461 0 0 0
3909 -4327 73 93 337939 0 0 0
3715 -4914 100 77 710344 0 0 0
3823 -5380 76 67 243639 0 0 0
4141 -5391 108 101 234247 0 0 0
3598 -4744 99 102 729298 0 0 0
3177 -4776 109 76 402383 0 0 0
2649 -5190 110 95 906024 0 0 0
3257 -5656 110 108 937452 0 0 0
3847 -5882 100 88 595123 0 0 0
4030 -6147 87 99 732688 0 0 0
4699 -6194 103 71 643967 0 0 0
5175 -5794 91 87 275768 0 0 0
5158 -6263 103 78 480015 0 0 0
5325 -5723 97 101 888298 0 0 0
5853 -6330 82 96 383159 0 0 0
6345 -5712 87 65 490444 0 0 0
5661 -5093 91 73 830635 0 0 0
6206 -5171 102 57 338944 0 0 0
5648 -5288 83 66 425650 0 0 0
1838 -1096 98 89 609861 0 0 0
1373 -845 105 109 461960 0 0 0
1031 -305 121 81 756670 0 0 0
589 -367 110 91 618717 0 0 0
372 -289 70 87 292075 0 0 0
308 -77 87 101 912643 0 0 0
572 -204 79 55 714631 0 0 0
8 176 117 61 227283 0 0 0
693 -405 64 57 822000 0 0 0
1370 -577 93 109 824830 0 0 0
1374 -1180 61 101 803920 0 0 0
1762 -1823 104 77 939988 0 0 0
1981 -1140 121 61 574048 0 0 0
1308 -1659 94 82 967898 0 0 0
1312 -1780 90 59 515302 0 0 0
1505 -1469 80 103 623045 0 0 0
824 -1572 69 72 679612 0 0 0
845 -1016 72 75 550414 0 0 0
465 -1311 99 99 546987 0 0 0
1050 -1446 81 103 165887 0 0 0
1321 -1361 108 110 160326 0 0 0
1303 -1473 67 57 776390 0 0 0
1235 -1020 70 75 129531 0 0 0
787 -1138 97 95 746381 0 0 0
171 -1401 119 90 720599 0 0 0
398 -1487 123 58 964089 0 0 0
935 -1658 97 68 304808 0 0 0
1444 -1294 105 80 955002 0 0 0
2128 -1530 121 83 858884 0 0 0
2442 -2108 109 98 780732 0 0 0
2975 -1858 118 73 108867 0 0 0
3572 -1324 75 86 846384 0 0 0
3581 -1442 117 70 698881 0 0 0
3290 -1998 123 72 280941 0 0 0
2954 -2384 83 76 434503 0 0 0
2637 -2552 74 98 663154 0 0 0
3249 -2482 121 100 429942 0 0 0
3918 -2834 121 89 489256 0 0 0
-637 -1817 118 75 472180 0 0 0
-278 -2116 107 61 787529 0 0 0
-577 -1969 116 62 560291 0 0 0
-1096 -2191 122 95 899359 0 0 0
-1197 -2047 94 63 154820 0 0 0
-1168 -1794 66 58 600311 0 0 0
-483 -1536 69 87 962541 0 0 0
-259 -912 97 67 142335 0 0 0
-141 -304 79 98 382302 0 0 0
257 -472 63 88 872687 0 0 0
-33 96 94 83 667352 0 0 0
-619 -128 83 105 686100 0 0 0
-1315 77 99 92 991698 0 0 0
-902 532 70 60 462265 0 0 0
-1021 457 68 110 756086 0 0 0
-844 717 103 88 114451 0 0 0
-1433 545 112 59 262004 0 0 0
-1207 137 97 105 209194 0 0 0
-1127 259 95 104 995916 0 0 0
-1223 472 68 102 556450 0 0 0
-1150 -209 122 84 110588 0 0 0
-1131 -487 109 98 570526 0 0 0
-1582 -1180 76 75 992586 0 0 0
-1317 -698 61 110 540697 0 0 0
-893 -1395 104 89 496301 0 0 0
-333 -914 86 100 218180 0 0 0
-291 -701 106 66 873310 0 0 0
-764 -564 113 67 406450 0 0 0
-1457 -358 83 64 655158 0 0 0
-1766 -362 97 71 684469 0 0 0
-1964 307 62 109 107083 0 0 0
-1794 839 69 58 849593 0 0 0
-1626 1272 88 110 194438 0 0 0
-1034 628 80 94 485269 0 0 0
-362 324 117 67 493045 0 0 0
-626 374 72 57 788975 0 0 0
-1307 918 96 108 701824 0 0 0
-1852 1373 94 107 685297 0 0 0
-1493 1916 71 71 207554 0 0 0
-1877 1791 112 85 158780 0 0 0
-1245 2262 105 74 199697 0 0 0
-728 1609 75 94 894379 0 0 0
-906 1965 90 87 280414 0 0 0
-1444 2317 62 102 597041 0 0 0
-1327 1785 87 68 881456 0 0 0
-1883 2000 99 67 687230 0 0 0
-1697 1974 107 59 435804 0 0 0
-1289 2284 92 83 185846 0 0 0
-1364 1604 65 65 742752 0 0 0
-696 1750 121 97 693356 0 0 0
-964 2449 101 77 830123 0 0 0
1251 2152 85 96 272463 0 0 0
1489 1480 68 75 855258 0 0 0
1196 1652 122 88 461686 0 0 0
1308 1695 80 106 566652 0 0 0
1283 2158 86 107 834524 0 0 0
1336 2714 64 58 893347 0 0 0
1192 2941 117 69 358428 0 0 0
1406 3520 118 101 447474 0 0 0
1022 3128 104 74 533316 0 0 0
372 2858 90 107 787024 0 0 0
-213 2722 61 81 997804 0 0 0
-703 2719 82 86 140936 0 0 0
-456 2278 114 101 658260 0 0 0
-191 1614 86 66 883213 0 0 0
-751 2089 90 100 577052 0 0 0
-795 2741 101 74 427322 0 0 0
-1403 3046 85 97 185655 0 0 0
-1365 3225 93 84 864787 0 0 0
-1287 3163 95 105 535717 0 0 0
-1633 3103 97 71 516101 0 0 0
-1707 3465 100 83 209722 0 0 0
-2141 2910 113 80 372261 0 0 0
-1681 3021 63 107 676982 0 0 0
-2007 2802 94 106 395767 0 0 0
-1441 2192 91 83 904824 0 0 0
-1349 2777 92 88 378951 0 0 0
-818 2970 111 60 308680 0 0 0
-806 3203 116 90 384791 0 0 0
-950 3700 93 59 445317 0 0 0
-324 3734 95 85 313160 0 0 0
275 3237 62 80 404549 0 0 0
946 3070 61 57 646369 0 0 0
758 2702 121 68 965528 0 0 0
841 3189 96 61 295701 0 0 0
605 2691 102 88 980964 0 0 0
691 2689 81 102 972823 0 0 0
545 2603 90 103 520826 0 0 0
469 2215 85 84 749208 0 0 0
1072 2883 73 55 442266 0 0 0
441 3363 101 96 765193 0 0 0
306 3722 116 108 640355 0 0 0
478 4146 114 88 622480 0 0 0
169 4103 74 66 819649 0 0 0
796 4626 103 95 194201 0 0 0
977 5185 90 78 202416 0 0 0
1276 5831 63 57 573734 0 0 0
1391 6250 115 71 845215 0 0 0
1676 6518 114 97 114617 0 0 0
1303 6628 89 75 152889 0 0 0
1929 6781 83 89 284414 0 0 0
2205 6109 75 57 395704 0 0 0
2529 6527 62 95 132015 0 0 0
1838 6370 112 75 761110 0 0 0
2180 5920 77 73 777990 0 0 0
2838 5706 96 103 925184 0 0 0
2402 6374 77 86 445093 0 0 0
2674 5703 108 96 207760 0 0 0
2188 6199 118 97 857640 0 0 0
2250 6015 62 67 650184 0 0 0
2176 6042 71 88 104337 0 0 0
2247 5990 94 56 576511 0 0 0
1790 5855 95 96 460062 0 0 0
1397 6413 67 85 253117 0 0 0
1915 6537 78 87 874777 0 0 0
1667 6386 99 105 963918 0 0 0
1989 7055 81 65 197500 0 0 0
1654 7635 87 64 931365 0 0 0
1410 7868 116 100 643973 0 0 0
2098 176 120 106 419636 0 0 0
1815 -414 123 57 172169 0 0 0
1870 -96 119 109 194326 0 0 0
1351 -747 87 92 303775 0 0 0
1400 -633 77 96 872083 0 0 0
1433 -847 62 98 389296 0 0 0
1232 -1317 107 62 457336 0 0 0
1308 -1803 95 67 299828 0 0 0
1429 -1339 86 56 998743 0 0 0
1976 -1972 65 96 610713 0 0 0
1541 -2518 114 55 614278 0 0 0
2215 -2086 118 69 301922 0 0 0
2006 -2217 100 90 562209 0 0 0
2211 -2663 86 59 647390 0 0 0
1863 -2427 99 95 880910 0 0 0
1943 -2816 117 70 246749 0 0 0
2467 -2806 105 56 935026 0 0 0
2811 -2221 94 55 580069 0 0 0
2240 -2220 87 98 722213 0 0 0
2295 -1777 77 82 964846 0 0 0
2031 -1789 84 60 421189 0 0 0
1936 -1673 99 67 678945 0 0 0
2375 -1213 71 55 409452 0 0 0
2026 -778 68 68 658768 0 0 0
1688 -452 117 109 612967 0 0 0
1515 -370 74 58 863241 0 0 0
2206 -655 83 87 651784 0 0 0
2804 -429 115 107 805215 0 0 0
3345 -1043 113 85 964406 0 0 0
3231 -360 110 64 721469 0 0 0
3344 -533 116 105 237899 0 0 0
2912 -961 110 89 841865 0 0 0
2946 -286 96 71 669009 0 0 0
3639 -497 108 87 288464 0 0 0
2949 -265 66 66 195483 0 0 0
2571 -938 93 93 758004 0 0 0
2607 -1550 93 101 201735 0 0 0
3304 -1500 122 70 436613 0 0 0
3511 -944 90 59 913623 0 0 0
3045 -1339 79 83 706269 0 0 0
2907 -1061 70 110 952870 0 0 0
3261 -1155 105 99 274150 0 0 0
198 1762 77 86 246406 0 0 0
316 1252 76 101 100190 0 0 0
1008 1249 117 97 704533 0 0 0
1021 1534 66 110 308740 0 0 0
1362 2169 69 56 804405 0 0 0
1216 1944 118 73 914048 0 0 0
1610 2481 121 80 390423 0 0 0
2208 2877 100 73 870160 0 0 0
1856 2966 85 110 801821 0 0 0
2539 3016 76 65 685004 0 0 0
2814 2930 62 67 677078 0 0 0
2643 2632 104 98 240378 0 0 0
2452 2250 68 67 583070 0 0 0
2368 2384 112 99 913327 0 0 0
1823 2466 103 64 957366 0 0 0
2495 2149 65 109 944404 0 0 0
2949 2499 111 83 332429 0 0 0
2642 2921 68 103 913364 0 0 0
2695 2741 79 64 627078 0 0 0
3208 3000 95 69 456797 0 0 0
2649 2903 73 84 403885 0 0 0
2534 2314 113 97 330305 0 0 0
2167 2293 89 83 902223 0 0 0
2041 2267 78 95 884956 0 0 0
1709 1843 93 90 541244 0 0 0
1052 1562 105 104 853256 0 0 0
1683 1048 101 97 554778 0 0 0
1092 362 105 83 363604 0 0 0
518 278 71 60 194705 0 0 0
749 -7 105 60 381283 0 0 0
1048 128 64 105 375900 0 0 0
1454 -536 92 108 646596 0 0 0
1012 -231 91 85 491776 0 0 0
960 -884 71 71 496368 0 0 0
1583 -969 82 62 706628 0 0 0
2214 -1470 83 58 917319 0 0 0
1794 -1371 65 106 720861 0 0 0
2013 -1622 84 64 935404 0 0 0
2314 -2055 69 72 389115 0 0 0
2959 -1944 102 102 749556 0 0 0
3447 -1836 114 55 587326 0 0 0
2972 -2126 119 61 394604 0 0 0
2413 -2236 64 77 942852 0 0 0
2097 -2908 80 76 467623 0 0 0
1919 -2802 111 85 889013 0 0 0
2121 -2908 107 60 791043 0 0 0
1678 -3047 104 62 469939 0 0 0
1945 -2468 75 77 762382 0 0 0
2330 -2851 102 60 466538 0 0 0
2248 -2301 113 67 799775 0 0 0
2899 -2330 79 57 968781 0 0 0
2624 -2462 96 102 965041 0 0 0
2003 -1809 90 71 432472 0 0 0
1961 -2034 78 98 698639 0 0 0
2088 -2724 74 69 844063 0 0 0
1779 -3105 65 56 877184 0 0 0
2077 -3127 93 75 102575 0 0 0
2490 -3713 65 62 669179 0 0 0
2835 -3681 69 58 753845 0 0 0
3516 -3041 94 58 661671 0 0 0
3975 -3644 70 106 499733 0 0 0
4635 -3234 118 106 773663 0 0 0
4850 -3323 123 75 652248 0 0 0
4359 -2663 105 99 216579 0 0 0
4627 -2231 102 82 593447 0 0 0
4253 -2762 88 108 584535 0 0 0
4555 -3051 87 80 433137 0 0 0
5056 -2428 95 109 440922 0 0 0
15 -940 113 85 347817 0 0 0
579 -467 83 66 573351 0 0 0
630 -416 108 75 892016 0 0 0
1162 -290 95 102 225302 0 0 0
676 213 91 73 777090 0 0 0
949 728 84 66 982943 0 0 0
350 1427 101 80 379603 0 0 0
-927 -1066 73 104 204514 0 0 0
-789 -1147 112 104 577696 0 0 0
-1380 -557 104 102 725481 0 0 0
-906 -297 99 84 970479 0 0 0
-886 -325 73 75 812954 0 0 0
-612 -610 75 85 340120 0 0 0
79 -861 102 102 986318 0 0 0
-400 -553 71 68 207941 0 0 0
-1055 -727 95 105 871737 0 0 0
-518 -102 102 97 374257 0 0 0
-403 504 82 99 764225 0 0 0
-758 681 102 90 807102 0 0 0
-180 734 80 76 249442 0 0 0
-6 447 96 108 995032 0 0 0
576 105 97 79 617160 0 0 0
197 -562 99 68 203198 0 0 0
279 -231 94 109 592897 0 0 0
-376 -834 80 101 330391 0 0 0
-881 -984 122 74 451462 0 0 0
-605 -857 105 74 294436 0 0 0
6 -1335 63 63 485789 0 0 0
450 -1218 81 106 374444 0 0 0
1029 -1508 120 63 950187 0 0 0
886 -2050 118 67 487529 0 0 0
1038 -2594 114 69 536076 0 0 0
374 -2780 116 82 131587 0 0 0
70 -2593 73 71 839927 0 0 0
1341 -2073 104 76 213681 0 0 0
1268 -1617 114 79 631195 0 0 0
1777 -2071 92 104 432285 0 0 0
1997 -2169 73 97 293404 0 0 0
1662 -2843 106 109 802828 0 0 0
2226 -2214 70 92 656443 0 0 0
2288 -1765 81 59 537880 0 0 0
1831 -2024 71 90 407959 0 0 0
2217 -2042 73 89 105958 0 0 0
2177 -1448 102 71 278999 0 0 0
2723 -764 101 72 604556 0 0 0
2514 -908 81 98 694229 0 0 0
1912 -1172 107 57 110379 0 0 0
1437 -938 67 75 493296 0 0 0
1249 -1311 122 65 787191 0 0 0
