2900
-1185 -2870 67 72 879222 0 0 0
-1170 -3573 100 56 788329 0 0 0
-1610 -4171 82 65 641070 0 0 0
-1384 -4868 88 93 989871 0 0 0
-2066 -4266 126 89 110407 0 0 0
-1557 -3922 122 87 840600 0 0 0
-1813 -3921 64 98 272488 0 0 0
-1162 -4437 74 101 442765 0 0 0
-692 -4354 77 81 272990 0 0 0
-217 -4882 97 94 278823 0 0 0
-796 -5011 86 86 104545 0 0 0
-1453 -5223 101 66 147892 0 0 0
-2142 -5495 92 65 702767 0 0 0
-2413 -5631 101 56 367830 0 0 0
-2406 -5912 91 100 176167 0 0 0
-2950 -6051 105 110 335848 0 0 0
-3206 -5623 69 73 311483 0 0 0
-3084 -5895 117 99 676354 0 0 0
-2659 -6415 63 84 915598 0 0 0
-2994 -6503 74 90 446643 0 0 0
-2437 -6235 109 108 338032 0 0 0
-2960 -6920 113 65 298502 0 0 0
-3517 -7580 85 63 737569 0 0 0
-3254 -7378 83 70 708993 0 0 0
-3115 -7287 81 92 464606 0 0 0
-3609 -6641 92 57 636203 0 0 0
-3178 -6187 125 95 658898 0 0 0
-3597 -5580 68 65 850305 0 0 0
-3004 -4881 84 80 493645 0 0 0
-3413 -4254 63 68 778664 0 0 0
-3733 -4634 70 109 625257 0 0 0
1501 -216 83 68 558317 0 0 0
1993 177 95 74 852733 0 0 0
2683 717 120 90 832776 0 0 0
2894 288 99 56 561865 0 0 0
3042 101 95 112 224075 0 0 0
2986 538 86 81 787235 0 0 0
2689 619 126 57 659111 0 0 0
2157 1330 86 98 460281 0 0 0
2049 1263 104 80 620778 0 0 0
2411 1327 95 82 653781 0 0 0
2870 1557 114 72 361357 0 0 0
2262 1013 84 73 665646 0 0 0
1926 1477 113 63 172885 0 0 0
1734 2114 94 72 641558 0 0 0
2112 2326 116 97 951182 0 0 0
2001 1877 103 99 498634 0 0 0
1691 2141 86 57 485854 0 0 0
1815 1767 91 101 182942 0 0 0
1848 2158 94 93 926101 0 0 0
1446 2090 96 85 785569 0 0 0
1468 2543 104 88 245484 0 0 0
1393 3267 113 62 839918 0 0 0
2013 3336 72 75 560517 0 0 0
1980 2732 96 57 916241 0 0 0
1364 3309 99 113 477474 0 0 0
972 2817 73 60 641017 0 0 0
1083 3414 100 69 945931 0 0 0
669 3517 126 87 274710 0 0 0
596 4010 94 109 366661 0 0 0
521 3983 74 75 915787 0 0 0
140 4446 81 94 219814 0 0 0
-1357 1929 92 100 179930 0 0 0
-792 1346 87 111 556039 0 0 0
-222 1637 100 93 443414 0 0 0
-608 1437 113 100 128037 0 0 0
-774 1889 121 71 560790 0 0 0
-719 1999 79 108 569161 0 0 0
-491 2511 90 99 806276 0 0 0
-206 3170 83 71 952811 0 0 0
-923 3629 125 78 181921 0 0 0
-531 3198 99 67 496195 0 0 0
163 2967 111 112 935402 0 0 0
403 3428 89 78 640508 0 0 0
1053 3537 117 90 156191 0 0 0
1006 3458 114 57 116087 0 0 0
987 3419 76 69 190993 0 0 0
796 3755 66 87 178196 0 0 0
158 3039 63 82 682093 0 0 0
808 3148 83 98 418014 0 0 0
146 3668 76 83 448891 0 0 0
434 3776 88 70 253399 0 0 0
-5 3088 122 60 563771 0 0 0
220 3115 107 101 511732 0 0 0
594 2606 103 92 890173 0 0 0
1082 2916 112 75 650103 0 0 0
1683 3076 97 99 569577 0 0 0
2339 3029 71 67 868371 0 0 0
2635 3046 69 85 644115 0 0 0
2035 2748 105 79 638381 0 0 0
1470 3360 93 88 785475 0 0 0
1776 2684 72 74 964530 0 0 0
2083 3075 79 58 178368 0 0 0
2492 3570 101 88 724805 0 0 0
2081 3336 82 110 151731 0 0 0
2533 3062 105 81 449887 0 0 0
3000 2519 94 70 239576 0 0 0
3517 2779 86 88 680022 0 0 0
3286 2295 86 86 615896 0 0 0
3724 2183 76 85 309476 0 0 0
3615 2432 117 69 436172 0 0 0
3607 2055 106 60 443181 0 0 0
3969 2622 81 58 572745 0 0 0
3280 2382 88 90 240449 0 0 0
3518 2104 116 85 155517 0 0 0
4234 2439 118 100 575687 0 0 0
4399 2222 75 70 665861 0 0 0
4351 2027 90 62 991334 0 0 0
3737 1840 117 59 244880 0 0 0
3444 1571 82 89 633175 0 0 0
3325 964 95 67 108334 0 0 0
2897 -803 122 56 537282 0 0 0
3007 -102 107 64 613138 0 0 0
3089 -19 106 99 482764 0 0 0
3617 623 109 107 456690 0 0 0
3782 929 98 113 182491 0 0 0
4486 1441 84 83 110521 0 0 0
5070 1179 105 88 580204 0 0 0
4576 1157 71 110 216886 0 0 0
4449 725 65 100 296169 0 0 0
4566 156 86 56 113719 0 0 0
4185 535 88 62 670060 0 0 0
4472 -121 100 108 236404 0 0 0
4769 -374 94 84 311205 0 0 0
5138 -692 81 64 572197 0 0 0
5800 -65 81 79 157498 0 0 0
6500 -475 74 80 110439 0 0 0
7104 -473 77 60 251642 0 0 0
7781 -997 95 106 118977 0 0 0
7129 -286 87 102 321436 0 0 0
7169 -119 74 87 436551 0 0 0
7374 530 96 95 236780 0 0 0
7037 -153 104 78 101427 0 0 0
6815 -568 111 75 302349 0 0 0
6222 -1150 91 70 308345 0 0 0
6036 -1023 93 70 813668 0 0 0
6277 -1410 78 70 197809 0 0 0
5676 -1696 67 72 906464 0 0 0
-1268 -1774 119 80 894833 0 0 0
-1920 -1332 98 102 239598 0 0 0
-1521 -1844 96 62 249514 0 0 0
-1155 -1975 120 70 220554 0 0 0
-441 -1660 100 61 468465 0 0 0
-526 -978 101 92 260953 0 0 0
-584 -837 122 62 450359 0 0 0
-1064 -144 92 80 507568 0 0 0
-367 154 108 79 728442 0 0 0
-714 677 82 98 344144 0 0 0
-1101 704 122 97 893760 0 0 0
-519 748 93 75 633815 0 0 0
-895 67 76 71 402689 0 0 0
-534 -393 117 91 565827 0 0 0
-1143 -680 121 75 141214 0 0 0
-1543 -430 95 94 797007 0 0 0
-1158 -23 116 62 392764 0 0 0
-862 -332 78 88 552414 0 0 0
-1120 -356 104 110 612451 0 0 0
-561 -169 122 73 592142 0 0 0
-468 -689 113 89 414125 0 0 0
-565 -1104 91 92 238718 0 0 0
-1023 -685 87 83 970822 0 0 0
-1703 -628 63 111 142600 0 0 0
-991 17 105 89 561226 0 0 0
-591 708 125 81 969758 0 0 0
133 17 75 99 334936 0 0 0
442 503 124 91 899226 0 0 0
564 684 118 64 228459 0 0 0
876 13 89 104 780227 0 0 0
861 -341 100 69 675851 0 0 0
1140 -99 74 67 257809 0 0 0
1774 41 66 60 670583 0 0 0
1733 338 106 71 643464 0 0 0
2167 794 71 105 776713 0 0 0
2732 1454 102 100 422000 0 0 0
2973 2002 114 77 588488 0 0 0
3053 2408 110 74 793560 0 0 0
3335 2690 102 113 205594 0 0 0
2787 2429 79 71 414318 0 0 0
3232 2728 64 102 843051 0 0 0
3908 2134 88 95 213169 0 0 0
3770 2687 78 75 233499 0 0 0
3105 3401 81 73 939814 0 0 0
3718 4119 74 97 490732 0 0 0
3817 3566 64 61 134533 0 0 0
3992 2870 84 80 772202 0 0 0
3606 2550 88 76 568322 0 0 0
3429 3144 86 59 640121 0 0 0
2744 2991 105 76 824786 0 0 0
2035 3276 72 94 554208 0 0 0
1977 3138 66 98 696760 0 0 0
2424 2621 95 91 742976 0 0 0
1799 2926 83 110 132246 0 0 0
1594 3574 124 103 946311 0 0 0
1583 4210 100 80 864857 0 0 0
1092 4150 102 96 101793 0 0 0
1439 3919 73 69 250672 0 0 0
-1504 -1169 118 94 381074 0 0 0
-1858 -576 70 84 710535 0 0 0
-2254 -390 92 84 890022 0 0 0
-2341 -212 92 76 888350 0 0 0
-1799 -116 113 63 867860 0 0 0
-1406 -427 75 99 767269 0 0 0
-1980 -1002 113 98 455206 0 0 0
-2429 -1273 113 66 969185 0 0 0
-2547 -1015 125 93 721576 0 0 0
-2195 -1039 90 96 836318 0 0 0
-2469 -1314 87 68 575363 0 0 0
-3037 -1758 93 82 854947 0 0 0
-2467 -1283 117 65 989151 0 0 0
-2900 -1861 105 73 595773 0 0 0
-3078 -2352 86 109 404508 0 0 0
-3583 -2600 101 57 383393 0 0 0
-4145 -2413 95 71 966769 0 0 0
-3914 -1765 83 103 137771 0 0 0
-3943 -1195 87 62 314211 0 0 0
-3855 -1733 97 110 973297 0 0 0
-3981 -2344 100 79 241620 0 0 0
-3451 -2658 89 103 148999 0 0 0
-3067 -2726 77 77 117027 0 0 0
-2703 -2138 80 77 634290 0 0 0
-2335 -1762 104 80 132931 0 0 0
-2933 -2423 86 98 611314 0 0 0
-2449 -2334 106 95 451141 0 0 0
-2930 -2821 112 86 995377 0 0 0
-3567 -3446 70 58 606144 0 0 0
-4238 -3974 91 105 296165 0 0 0
-3981 -3754 95 97 687378 0 0 0
-4146 -3662 95 96 256955 0 0 0
-3626 -3505 104 89 746188 0 0 0
-4135 -3050 94 63 751110 0 0 0
-3856 -2360 113 82 481904 0 0 0
-3386 -2675 82 106 483216 0 0 0
-3594 -2723 65 59 693007 0 0 0
-2963 -2594 75 64 684803 0 0 0
-3419 -2962 76 100 301299 0 0 0
-2705 -2964 124 66 139071 0 0 0
-3003 -2512 116 58 655090 0 0 0
-3702 -2674 117 101 694729 0 0 0
-3371 -2533 72 110 581497 0 0 0
-2907 -2668 89 57 491968 0 0 0
-3304 -2288 70 98 925802 0 0 0
-3426 -1728 98 97 939875 0 0 0
-3691 -1451 109 58 285030 0 0 0
-3640 -2049 75 69 879890 0 0 0
-3017 -1327 87 99 135476 0 0 0
-2987 -1334 69 66 548508 0 0 0
-2703 -1829 95 83 207526 0 0 0
-3424 -2070 103 101 602306 0 0 0
-3551 -2136 86 81 975692 0 0 0
-3264 -1905 107 82 139104 0 0 0
-3724 -1356 106 73 304750 0 0 0
-3354 -1666 63 71 686593 0 0 0
-3579 -2014 124 81 915059 0 0 0
-3256 -1519 65 72 683604 0 0 0
-1486 -142 106 98 834598 0 0 0
-868 243 65 59 381013 0 0 0
-1325 34 94 85 733375 0 0 0
-1392 698 83 102 863124 0 0 0
-2029 68 68 63 140092 0 0 0
-2207 424 119 84 711553 0 0 0
-2339 -264 117 89 209559 0 0 0
-2804 -755 102 85 275315 0 0 0
-3270 -1166 115 70 906409 0 0 0
-3072 -1638 81 77 567280 0 0 0
-3761 -1316 113 62 818240 0 0 0
-3765 -1142 121 64 106155 0 0 0
-4191 -1601 118 63 946600 0 0 0
-4773 -1164 117 90 721688 0 0 0
-4492 -1107 117 93 667548 0 0 0
-3933 -694 94 73 484223 0 0 0
-3526 -287 126 69 275253 0 0 0
-3911 139 106 63 230271 0 0 0
-3870 -108 85 108 387930 0 0 0
-4128 -600 114 88 925932 0 0 0
-4244 -456 123 88 357272 0 0 0
-4373 -727 106 106 303595 0 0 0
-4807 -1060 109 113 946895 0 0 0
-4253 -517 84 70 504892 0 0 0
-4109 153 65 109 867473 0 0 0
-4029 162 123 107 831972 0 0 0
-4402 32 110 89 452857 0 0 0
-4749 -582 104 81 723941 0 0 0
-5323 -1093 85 77 358586 0 0 0
-4782 -1313 64 60 715879 0 0 0
-5283 -857 103 94 845668 0 0 0
-5880 -541 69 62 732254 0 0 0
-6490 -1086 125 93 195450 0 0 0
-6836 -1808 105 72 401225 0 0 0
-7548 -1968 97 100 788076 0 0 0
-8253 -1323 106 64 422792 0 0 0
-8311 -689 93 64 410721 0 0 0
-8780 -907 116 62 831874 0 0 0
-8953 -352 81 102 649761 0 0 0
-9364 -287 123 96 674750 0 0 0
-8885 92 110 95 595648 0 0 0
-8182 -487 70 112 796231 0 0 0
-7696 -347 77 106 823948 0 0 0
-7947 -497 112 97 581321 0 0 0
-8311 -715 113 96 630536 0 0 0
-8176 -548 97 81 127860 0 0 0
-7762 -927 78 82 501276 0 0 0
-7967 -992 87 88 451670 0 0 0
-7243 -1166 114 109 422218 0 0 0
-7380 -889 104 99 630221 0 0 0
-7031 -1417 82 59 254801 0 0 0
-6801 -1260 91 96 687254 0 0 0
-6715 -1121 64 112 111416 0 0 0
-6891 -841 93 79 280987 0 0 0
-6673 -1467 92 109 375498 0 0 0
-7232 -1290 112 62 467742 0 0 0
-6878 -1190 103 73 509171 0 0 0
-6508 -565 90 97 661285 0 0 0
-6198 -515 69 77 247111 0 0 0
-6555 164 84 92 263832 0 0 0
-6772 -116 67 73 177605 0 0 0
-6754 -280 92 94 464045 0 0 0
-6740 -505 97 72 671504 0 0 0
-6976 201 77 110 117635 0 0 0
-7203 892 99 109 863600 0 0 0
-7021 1372 83 90 591392 0 0 0
-6975 1130 90 63 678308 0 0 0
-7603 638 66 73 278155 0 0 0
-8030 616 70 88 249874 0 0 0
-7676 206 113 95 236545 0 0 0
-8370 191 100 85 252150 0 0 0
-8990 -384 93 88 894876 0 0 0
-8647 266 105 69 521931 0 0 0
-9346 -448 73 60 606330 0 0 0
-9950 -19 70 70 919115 0 0 0
-9420 594 93 61 201710 0 0 0
-10100 -101 91 63 252149 0 0 0
-10591 461 101 73 446947 0 0 0
-10845 1015 95 97 824985 0 0 0
-10677 1225 91 79 406040 0 0 0
-10516 771 103 68 923146 0 0 0
-10441 1366 105 104 168152 0 0 0
-10709 1216 92 82 331096 0 0 0
-11042 1697 125 90 533170 0 0 0
-11049 1084 113 94 979136 0 0 0
-11457 1248 124 59 737642 0 0 0
-11969 1689 75 70 375805 0 0 0
-12045 2227 96 76 462317 0 0 0
-11887 1722 75 110 436882 0 0 0
-11826 1774 108 64 988112 0 0 0
-11333 1803 99 84 785092 0 0 0
-11097 1927 125 83 853856 0 0 0
-11037 2447 126 58 510367 0 0 0
-11422 1983 67 75 574411 0 0 0
-11250 1285 91 79 711665 0 0 0
-11604 1824 78 82 661711 0 0 0
-11122 1384 76 113 626008 0 0 0
-11179 1052 65 63 456116 0 0 0
-11763 947 90 56 694702 0 0 0
-11919 1663 109 104 493397 0 0 0
-11453 1780 94 94 135449 0 0 0
-12057 2372 63 91 564645 0 0 0
-12332 2742 78 104 568557 0 0 0
-12771 2664 80 96 495733 0 0 0
-12161 2754 72 56 337387 0 0 0
-12231 2547 79 78 769094 0 0 0
-11584 2032 75 76 818471 0 0 0
-11740 2352 107 75 490426 0 0 0
-12023 2830 68 113 734043 0 0 0
-11926 2431 109 100 700344 0 0 0
-12606 2757 74 85 300663 0 0 0
-13012 3239 84 74 882746 0 0 0
-13226 2516 91 66 788054 0 0 0
-12748 2541 93 92 158463 0 0 0
-12246 3211 73 100 542739 0 0 0
-1489 849 96 78 189981 0 0 0
-1997 1055 107 103 202827 0 0 0
-2050 896 120 113 389708 0 0 0
-2005 1543 84 100 331599 0 0 0
-1836 1585 122 86 533333 0 0 0
-1356 1025 105 96 760248 0 0 0
-1835 669 120 79 345616 0 0 0
-1351 484 124 89 489452 0 0 0
-1066 393 71 104 359449 0 0 0
-1485 -317 118 83 806507 0 0 0
-789 -743 87 89 135220 0 0 0
-1029 -131 109 65 580834 0 0 0
-823 34 90 77 557228 0 0 0
-279 26 97 109 472703 0 0 0
24 -347 63 107 887254 0 0 0
473 -23 94 60 200000 0 0 0
784 -213 91 102 862494 0 0 0
146 363 67 94 133434 0 0 0
-1025 -851 85 100 834523 0 0 0
-1663 -1059 87 57 770666 0 0 0
-2315 -1269 114 107 680370 0 0 0
-2491 -853 118 65 172592 0 0 0
-3155 -157 77 75 496768 0 0 0
-3471 -100 90 103 765727 0 0 0
-4037 -801 82 81 843428 0 0 0
-4063 -675 64 65 622281 0 0 0
-3650 -659 63 69 527753 0 0 0
-4271 -1291 73 61 977021 0 0 0
-3573 -1501 86 88 990640 0 0 0
-3826 -1708 80 94 847494 0 0 0
-3331 -1809 103 113 230060 0 0 0
-3547 -1226 90 57 407018 0 0 0
-2839 -1838 126 77 181250 0 0 0
-2825 -1858 95 108 874007 0 0 0
-3153 -2257 106 76 609625 0 0 0
-3339 -1586 123 57 624403 0 0 0
-3957 -2142 66 67 955931 0 0 0
-4066 -2837 116 98 362392 0 0 0
-4188 -3491 86 78 222613 0 0 0
-4297 -3154 78 104 738913 0 0 0
-4941 -2913 121 77 157219 0 0 0
-5586 -3131 99 93 744017 0 0 0
-4892 -3606 84 71 962660 0 0 0
-5334 -3109 103 64 288225 0 0 0
-5551 -3587 79 66 400955 0 0 0
-6229 -3847 123 97 476722 0 0 0
-1930 784 125 113 978652 0 0 0
-1789 145 115 101 498623 0 0 0
-2487 563 96 108 768457 0 0 0
-2425 39 65 107 344925 0 0 0
-2200 663 101 94 409340 0 0 0
-2071 249 90 113 848629 0 0 0
-2533 849 96 75 300577 0 0 0
-2475 1335 112 69 583444 0 0 0
-1944 682 116 56 278152 0 0 0
-1421 182 123 88 702311 0 0 0
-1185 656 121 105 365468 0 0 0
-735 895 97 78 399875 0 0 0
-720 419 109 71 106064 0 0 0
-1089 256 118 107 885823 0 0 0
-1756 -236 93 105 504997 0 0 0
-1773 11 125 73 377699 0 0 0
-1624 -312 81 77 603093 0 0 0
-1644 -481 87 64 857926 0 0 0
-989 -877 74 69 674540 0 0 0
-352 -1247 83 87 355039 0 0 0
92 -1566 89 67 328052 0 0 0
329 -891 120 73 987614 0 0 0
460 -300 81 112 106198 0 0 0
-207 294 91 88 779646 0 0 0
-202 -371 82 77 632620 0 0 0
146 317 96 62 419237 0 0 0
41 634 72 87 881897 0 0 0
188 936 83 88 667509 0 0 0
-99 1109 67 102 786816 0 0 0
200 649 93 79 203759 0 0 0
-75 948 96 111 119670 0 0 0
-1 1232 65 99 327279 0 0 0
-39 1328 65 60 513256 0 0 0
-395 2046 77 99 239991 0 0 0
-327 2230 102 70 731153 0 0 0
-860 2641 83 65 239561 0 0 0
-1107 2127 122 60 608848 0 0 0
-1250 2642 81 56 698393 0 0 0
-1013 3094 98 71 472139 0 0 0
-1323 3286 67 73 374111 0 0 0
-1619 2691 112 75 973969 0 0 0
-1615 3226 90 73 167284 0 0 0
-2330 3886 64 69 160325 0 0 0
-2925 4217 116 58 828190 0 0 0
-3443 4502 99 94 707221 0 0 0
-3369 4679 108 103 608535 0 0 0
-3496 4497 106 67 487583 0 0 0
-3470 4065 126 65 469850 0 0 0
-3893 3567 64 57 715057 0 0 0
-3516 3280 91 71 559591 0 0 0
-3118 2900 84 109 483013 0 0 0
-2404 3585 112 66 296848 0 0 0
-2380 3144 70 97 274524 0 0 0
-1740 2806 67 69 592750 0 0 0
-2139 2831 123 113 525118 0 0 0
-2531 3132 111 103 558836 0 0 0
-3153 2563 77 59 779511 0 0 0
-2976 3242 125 86 988932 0 0 0
-3071 2692 82 77 677561 0 0 0
-3034 2986 104 80 545780 0 0 0
-2767 3430 68 58 830486 0 0 0
-3338 3056 122 103 533645 0 0 0
-3593 3582 100 81 861106 0 0 0
-3898 2970 99 112 678390 0 0 0
-4170 3504 87 111 359350 0 0 0
-4796 4151 71 57 550448 0 0 0
-5096 4005 68 106 223758 0 0 0
-5099 3280 78 106 110961 0 0 0
-5391 2644 123 95 358595 0 0 0
-365 -779 70 104 323388 0 0 0
-468 -100 71 101 998431 0 0 0
16 -470 69 95 939564 0 0 0
-455 -497 114 57 837738 0 0 0
-429 -238 93 83 274573 0 0 0
169 -854 65 82 553129 0 0 0
31 -774 91 59 510636 0 0 0
-620 -432 81 61 379506 0 0 0
-1171 -236 104 74 500154 0 0 0
-857 -703 108 93 264389 0 0 0
-951 -731 65 79 545755 0 0 0
-1634 -1051 126 84 768745 0 0 0
-1851 -414 94 100 906097 0 0 0
-1952 -746 69 107 868213 0 0 0
1362 -1829 79 75 891939 0 0 0
1239 -1324 120 73 916161 0 0 0
1076 -602 83 103 259717 0 0 0
1544 -134 89 78 177199 0 0 0
1760 -478 68 59 684401 0 0 0
1556 107 99 72 722687 0 0 0
1343 -278 64 103 339831 0 0 0
1646 235 114 69 534458 0 0 0
1877 148 111 75 504543 0 0 0
2514 -545 113 76 250596 0 0 0
3160 -101 119 62 384505 0 0 0
2624 67 73 107 750622 0 0 0
2065 -511 69 97 755325 0 0 0
2723 -1160 76 86 641198 0 0 0
2836 -1458 109 61 114082 0 0 0
3270 -1230 79 96 157510 0 0 0
3072 -815 95 102 968720 0 0 0
3631 -1201 103 64 732503 0 0 0
4122 -1491 78 108 244797 0 0 0
4781 -1963 68 110 525552 0 0 0
4694 -2075 121 110 235138 0 0 0
5055 -1793 103 108 102178 0 0 0
5401 -2092 124 63 679124 0 0 0
5430 -2077 78 57 985660 0 0 0
5500 -1826 125 99 873964 0 0 0
4810 -1992 121 58 748167 0 0 0
4753 -1976 125 100 133820 0 0 0
4174 -2476 82 95 304210 0 0 0
4884 -2959 66 74 376306 0 0 0
4773 -2774 113 80 601308 0 0 0
4664 -2438 123 77 220112 0 0 0
4289 -1961 84 98 113323 0 0 0
1218 2583 77 95 748181 0 0 0
1640 2687 82 95 825364 0 0 0
1227 2025 67 96 516278 0 0 0
1675 2459 105 61 121555 0 0 0
2222 2232 84 68 104691 0 0 0
2610 1713 91 107 110136 0 0 0
2714 1931 115 83 438421 0 0 0
2992 1377 86 106 412142 0 0 0
3665 1973 84 87 740704 0 0 0
4126 1863 112 82 494959 0 0 0
3542 1989 116 78 607500 0 0 0
3287 1594 95 65 178947 0 0 0
3040 1497 79 57 999704 0 0 0
3525 2205 103 93 993026 0 0 0
3691 1577 82 98 772150 0 0 0
3892 1800 97 82 507853 0 0 0
3788 1239 78 92 772030 0 0 0
3408 920 93 64 585958 0 0 0
3659 1555 115 99 495787 0 0 0
4197 1009 87 92 610106 0 0 0
4740 1512 115 104 634154 0 0 0
4604 2047 69 60 220952 0 0 0
4011 2664 82 108 901074 0 0 0
3498 2687 119 89 322107 0 0 0
4126 2520 112 94 143693 0 0 0
4512 2325 88 105 933485 0 0 0
4151 2736 111 104 347232 0 0 0
4600 3364 102 94 304097 0 0 0
5149 3087 85 63 661082 0 0 0
5412 3534 63 88 951868 0 0 0
5645 3302 107 92 785443 0 0 0
5100 3729 88 107 550751 0 0 0
5263 3286 123 100 171330 0 0 0
5631 2804 67 59 294509 0 0 0
5562 3006 120 107 389787 0 0 0
5526 3156 99 93 171083 0 0 0
5822 3699 87 112 466983 0 0 0
5508 3263 109 67 618514 0 0 0
4986 3368 94 85 537692 0 0 0
5644 3864 118 72 870398 0 0 0
5234 4277 125 60 403656 0 0 0
4984 3854 64 74 201918 0 0 0
5373 3862 97 86 103500 0 0 0
5210 3181 100 65 623133 0 0 0
5639 2873 74 73 331620 0 0 0
5541 2231 109 93 449078 0 0 0
5991 1979 112 91 350370 0 0 0
6524 2496 75 84 205938 0 0 0
6181 1936 75 85 891659 0 0 0
6892 2062 99 65 636141 0 0 0
6379 1664 84 113 541731 0 0 0
5968 1124 66 65 811599 0 0 0
6110 1675 78 80 440205 0 0 0
-444 977 126 103 152366 0 0 0
12 321 124 63 731034 0 0 0
-547 894 85 84 557246 0 0 0
-297 382 117 66 565740 0 0 0
-588 -62 67 92 817529 0 0 0
-659 -14 120 107 982304 0 0 0
-464 -687 88 101 719501 0 0 0
-721 -609 114 67 511972 0 0 0
-183 29 74 67 308893 0 0 0
-100 282 95 104 381625 0 0 0
-690 312 64 59 793496 0 0 0
-706 702 77 98 939244 0 0 0
-1106 1086 67 112 680382 0 0 0
-610 564 66 74 699448 0 0 0
-318 -45 101 71 706462 0 0 0
-219 266 84 91 622041 0 0 0
-3 -134 91 92 999986 0 0 0
-290 -248 126 84 702777 0 0 0
-176 -116 85 63 952877 0 0 0
461 2 107 90 556331 0 0 0
209 246 64 94 124975 0 0 0
3 514 115 62 390496 0 0 0
40 1149 117 86 816019 0 0 0
-220 996 76 95 256322 0 0 0
-754 1070 116 62 678126 0 0 0
-928 1094 77 113 244863 0 0 0
-1192 1298 99 84 349318 0 0 0
-1495 872 69 78 709551 0 0 0
-1907 810 106 80 851320 0 0 0
-1735 283 125 69 876818 0 0 0
-1657 558 88 75 989644 0 0 0
-1065 535 125 74 581875 0 0 0
-1490 855 73 76 151166 0 0 0
-833 812 74 91 921581 0 0 0
-1418 980 113 102 818200 0 0 0
-1682 1573 78 103 127949 0 0 0
-1728 903 86 61 614798 0 0 0
-1264 396 104 94 639515 0 0 0
-1355 975 88 82 990714 0 0 0
-1464 1461 103 90 819951 0 0 0
-1424 1905 121 105 783754 0 0 0
-1810 2348 106 95 578180 0 0 0
-2049 1733 83 63 450391 0 0 0
-1363 2136 87 62 954637 0 0 0
-1172 2454 100 112 543033 0 0 0
-1005 2858 104 99 288299 0 0 0
-1413 2333 76 66 641226 0 0 0
-781 2504 73 108 875986 0 0 0
-884 3217 81 61 655130 0 0 0
-1219 3003 99 100 297213 0 0 0
-2103 -1095 107 89 719893 0 0 0
-2250 -1444 73 100 480092 0 0 0
-2562 -1688 117 107 205066 0 0 0
-2016 -1522 72 60 328037 0 0 0
-2254 -1543 99 98 371957 0 0 0
-2791 -1074 108 85 430601 0 0 0
-2438 -1211 79 77 295908 0 0 0
-2595 -969 125 74 936450 0 0 0
-2382 -569 65 95 238441 0 0 0
-2346 -104 100 60 721689 0 0 0
-1756 482 97 85 285530 0 0 0
-1106 387 83 81 371728 0 0 0
-1613 1025 65 111 110799 0 0 0
-1377 879 90 95 460282 0 0 0
-1787 786 102 103 259134 0 0 0
-1321 393 75 88 719532 0 0 0
-1659 551 89 89 509636 0 0 0
-2082 544 77 95 411007 0 0 0
-2430 972 115 67 103425 0 0 0
-2008 694 74 109 119951 0 0 0
-2508 954 94 102 199747 0 0 0
-3096 1143 113 110 956881 0 0 0
-2456 489 70 90 211011 0 0 0
-2433 115 111 56 686270 0 0 0
-2280 -437 99 64 261496 0 0 0
-2916 -503 98 73 806250 0 0 0
-3639 -86 69 61 233652 0 0 0
-3013 109 119 87 493099 0 0 0
-2732 391 108 100 845038 0 0 0
-2865 806 72 111 796636 0 0 0
-2989 856 72 87 802929 0 0 0
-3172 1177 118 73 442758 0 0 0
-3401 1576 83 78 408423 0 0 0
-3558 977 106 112 136481 0 0 0
-3793 1039 99 106 151066 0 0 0
-4513 873 119 65 139055 0 0 0
-4160 316 109 65 755864 0 0 0
-3571 711 105 67 799070 0 0 0
-4071 246 103 66 548105 0 0 0
-3424 204 75 61 426123 0 0 0
-3600 881 81 74 838375 0 0 0
-2967 661 63 85 899637 0 0 0
-3434 -37 81 67 261643 0 0 0
-3312 594 73 108 912993 0 0 0
-4031 1036 98 104 937890 0 0 0
-3594 1287 79 64 535520 0 0 0
-3771 1761 96 109 564193 0 0 0
-4273 1382 88 69 260575 0 0 0
-4695 761 106 101 816617 0 0 0
-4251 1197 72 70 528473 0 0 0
-4521 1781 90 76 802105 0 0 0
-4117 1516 119 79 784265 0 0 0
-3407 1430 80 59 208566 0 0 0
-3769 1531 118 82 434828 0 0 0
-3427 1781 125 80 691361 0 0 0
-3712 2116 64 105 567866 0 0 0
-3988 1813 83 99 337682 0 0 0
-3758 1880 68 62 461740 0 0 0
-4311 1424 71 94 894129 0 0 0
-3651 879 68 99 894255 0 0 0
-4143 911 84 74 384047 0 0 0
-203 2865 73 62 612868 0 0 0
-509 3081 82 92 652388 0 0 0
168 2513 81 101 328644 0 0 0
381 2005 73 87 862878 0 0 0
879 1433 122 89 526710 0 0 0
686 1618 102 91 189929 0 0 0
1177 2209 114 92 981163 0 0 0
1412 1655 71 83 350581 0 0 0
1803 1900 86 89 371160 0 0 0
2088 2031 123 64 534281 0 0 0
1736 2331 101 106 407105 0 0 0
1259 2861 87 80 232159 0 0 0
1970 2758 98 108 625101 0 0 0
2267 2210 97 62 559008 0 0 0
2137 2517 106 111 470241 0 0 0
1742 2596 98 83 613448 0 0 0
1364 2689 121 62 713985 0 0 0
1710 2297 106 73 763433 0 0 0
1130 2932 100 57 824899 0 0 0
1551 3383 71 79 837674 0 0 0
1600 2903 113 107 603706 0 0 0
902 2664 116 91 745904 0 0 0
519 2934 121 81 807494 0 0 0
375 2868 118 72 156553 0 0 0
403 3067 110 65 455448 0 0 0
133 2663 97 89 238406 0 0 0
-337 2253 81 71 420314 0 0 0
20 1892 102 95 260712 0 0 0
708 2073 79 113 124345 0 0 0
946 1944 116 70 709217 0 0 0
1583 1634 93 69 365596 0 0 0
1142 1442 65 60 275450 0 0 0
2061 -120 65 68 865054 0 0 0
2231 384 81 95 765401 0 0 0
1543 174 64 83 352589 0 0 0
923 -544 83 66 709933 0 0 0
1432 -1120 115 75 934901 0 0 0
2076 -816 111 106 596842 0 0 0
2262 -569 70 73 457890 0 0 0
2340 -999 69 98 957479 0 0 0
2758 -474 86 67 811792 0 0 0
2911 -766 121 80 480822 0 0 0
3465 -870 91 73 743136 0 0 0
3490 -256 84 94 692615 0 0 0
4186 -575 112 88 204230 0 0 0
3736 -695 94 63 807631 0 0 0
3349 -491 104 61 721605 0 0 0
3825 -408 70 56 281173 0 0 0
3521 -322 119 104 894563 0 0 0
2810 -176 118 75 767142 0 0 0
3363 -119 93 67 372463 0 0 0
2940 -479 92 95 729831 0 0 0
2233 -1116 78 79 718498 0 0 0
1912 -1580 90 70 323269 0 0 0
1563 -1144 64 107 376229 0 0 0
1255 -1670 112 113 218298 0 0 0
1027 -1909 65 109 582462 0 0 0
302 -2328 111 79 145304 0 0 0
473 -1991 78 73 181776 0 0 0
1059 -1338 126 90 231327 0 0 0
883 -1423 67 93 924925 0 0 0
720 -1281 100 67 898839 0 0 0
846 -1237 76 72 234721 0 0 0
1112 -582 76 93 209142 0 0 0
910 -991 64 70 719584 0 0 0
1200 -803 102 105 216356 0 0 0
1758 -105 126 107 151421 0 0 0
2125 -305 119 66 543763 0 0 0
1507 -867 110 68 342293 0 0 0
1763 -1323 77 60 987818 0 0 0
1518 -1702 97 96 803749 0 0 0
1611 -1748 116 80 625639 0 0 0
1648 -1716 78 73 437397 0 0 0
2318 -2014 117 105 194672 0 0 0
2802 -1608 106 61 552882 0 0 0
3120 -1882 110 91 988420 0 0 0
3531 -1801 121 71 692991 0 0 0
2973 -1113 113 74 875969 0 0 0
3221 -577 87 87 991651 0 0 0
3044 -546 107 84 645138 0 0 0
3234 6 78 72 708268 0 0 0
2599 626 97 58 702621 0 0 0
2060 207 78 63 658965 0 0 0
1836 791 108 86 985723 0 0 0
1446 1032 112 102 277132 0 0 0
2120 809 74 92 469508 0 0 0
2244 764 76 111 627009 0 0 0
1573 511 119 102 669373 0 0 0
1651 1201 90 89 610515 0 0 0
1897 709 78 113 850497 0 0 0
1671 594 121 94 436089 0 0 0
1446 837 73 65 607191 0 0 0
1607 815 93 70 921284 0 0 0
2074 1074 83 101 476081 0 0 0
2323 752 98 95 795910 0 0 0
2621 943 66 59 386734 0 0 0
2419 1624 123 73 576652 0 0 0
1908 1481 90 65 940611 0 0 0
1774 1933 114 72 936372 0 0 0
1668 2257 70 63 968865 0 0 0
989 2578 87 63 375711 0 0 0
1643 3181 107 86 146306 0 0 0
2182 2652 122 77 485161 0 0 0
2114 2923 76 79 449620 0 0 0
2411 1258 111 84 374220 0 0 0
2336 537 102 82 441962 0 0 0
2450 264 96 72 356270 0 0 0
2208 671 72 72 980308 0 0 0
2225 233 119 104 877546 0 0 0
2310 -181 115 76 426334 0 0 0
2607 -786 98 65 429439 0 0 0
2063 -640 113 99 643678 0 0 0
1507 -537 66 84 496058 0 0 0
1112 -907 78 70 496393 0 0 0
1648 -1319 87 59 816301 0 0 0
1132 -1868 119 62 621868 0 0 0
1275 -1597 66 100 550355 0 0 0
1966 -1921 104 100 510599 0 0 0
1348 -2200 97 113 281304 0 0 0
1563 -2913 107 72 280119 0 0 0
2255 -3149 117 109 641876 0 0 0
1636 -2895 79 97 667021 0 0 0
1907 -3469 112 80 352367 0 0 0
2174 -3559 113 68 866044 0 0 0
1838 -3837 73 104 461220 0 0 0
1711 -4543 101 108 117472 0 0 0
1846 -4522 78 76 109390 0 0 0
1762 -4371 72 74 207828 0 0 0
2309 -4832 103 73 479080 0 0 0
2129 -5285 113 112 242896 0 0 0
2691 -5838 78 98 309806 0 0 0
2123 -5225 104 66 782596 0 0 0
1465 -4741 99 98 609237 0 0 0
1655 -5361 118 92 790894 0 0 0
1765 -4851 117 107 201106 0 0 0
1837 -4806 99 73 451088 0 0 0
1503 -4565 120 79 904546 0 0 0
1268 -4036 125 57 903542 0 0 0
1353 -4655 92 96 471187 0 0 0
1372 -4964 124 87 142261 0 0 0
1847 -4825 83 92 783187 0 0 0
1487 -4843 106 91 179272 0 0 0
1650 -4391 70 108 985676 0 0 0
2243 -4015 96 84 778776 0 0 0
2223 -4700 100 85 419666 0 0 0
2444 -4831 89 65 337218 0 0 0
2041 -5517 96 111 840489 0 0 0
1350 -5158 100 56 505112 0 0 0
1066 -5277 78 110 859476 0 0 0
1592 -4595 86 64 355360 0 0 0
1480 -3930 117 71 865193 0 0 0
1313 -3547 66 93 863991 0 0 0
1994 -3303 75 66 560439 0 0 0
1582 -2893 90 90 868865 0 0 0
1589 -3091 88 62 949794 0 0 0
1350 -3785 95 61 385959 0 0 0
2028 -4369 121 93 147326 0 0 0
2478 -4691 91 100 568505 0 0 0
2319 -4457 82 68 206384 0 0 0
2268 -4638 83 96 498883 0 0 0
2781 -5105 113 57 973795 0 0 0
3326 -5155 105 86 768568 0 0 0
3472 -5703 76 99 319322 0 0 0
4193 -5164 84 98 743827 0 0 0
3878 -5561 111 103 688863 0 0 0
4363 -5583 64 96 999467 0 0 0
4215 -5421 121 78 818779 0 0 0
3529 -5166 106 63 436930 0 0 0
3426 -4550 65 78 457218 0 0 0
3127 -4787 113 67 584097 0 0 0
3031 -4100 125 76 316839 0 0 0
3304 -4514 116 106 176554 0 0 0
3901 -4332 88 99 765554 0 0 0
4424 -4519 98 109 480822 0 0 0
5138 -4306 107 108 199188 0 0 0
5507 -3674 105 106 197485 0 0 0
5330 -4277 97 69 126940 0 0 0
-1122 -2145 90 92 230890 0 0 0
-1821 -2134 104 107 879745 0 0 0
-2464 -2312 64 86 750611 0 0 0
-1745 -2860 106 72 508042 0 0 0
-2375 -2440 88 93 834167 0 0 0
-2357 -2057 112 68 192470 0 0 0
-1758 -2359 109 62 840675 0 0 0
-2291 -2810 66 61 858468 0 0 0
-2806 -2744 96 93 614501 0 0 0
-2596 -2403 79 75 735442 0 0 0
-2566 -1713 102 108 197362 0 0 0
-1871 -1839 64 109 389344 0 0 0
-2074 -2121 94 99 421464 0 0 0
-2764 -1698 89 76 871755 0 0 0
-2818 -1388 97 95 601305 0 0 0
-3080 -766 104 78 293702 0 0 0
-3123 -1266 93 96 749355 0 0 0
-2622 -1025 108 72 782615 0 0 0
-3034 -1192 112 61 174038 0 0 0
-3427 -995 84 73 242542 0 0 0
-3813 -1545 93 71 561798 0 0 0
-3888 -1410 71 95 846642 0 0 0
-3798 -2089 81 83 532154 0 0 0
-3926 -2335 117 113 283225 0 0 0
-4167 -2135 63 95 350830 0 0 0
-4032 -1608 121 69 685778 0 0 0
-4006 -2151 81 69 303118 0 0 0
-4669 -2330 106 71 332877 0 0 0
-4131 -2672 123 75 476297 0 0 0
-3447 -2531 105 69 641481 0 0 0
-3127 -2159 79 79 273310 0 0 0
-3066 -1528 83 89 787639 0 0 0
-2616 -1889 114 87 508077 0 0 0
-2094 -2319 104 93 451871 0 0 0
-1933 -2787 125 83 103932 0 0 0
-1444 -3068 126 108 843503 0 0 0
-1355 -3036 73 89 907484 0 0 0
-1839 -2424 108 68 576398 0 0 0
-2133 -2780 79 81 771064 0 0 0
-1685 -3490 102 86 448718 0 0 0
-1381 -3322 80 60 597106 0 0 0
-1235 -3501 107 113 873541 0 0 0
-1248 -3240 93 111 455655 0 0 0
-1623 -3767 77 90 537907 0 0 0
-931 -3220 81 56 649157 0 0 0
-725 -3550 73 107 853288 0 0 0
-718 -3781 105 90 965451 0 0 0
-1059 -3348 84 81 283698 0 0 0
-1717 -3321 121 67 812435 0 0 0
-1457 -3261 118 93 748544 0 0 0
-1799 -2601 76 66 335365 0 0 0
-2155 -3297 112 84 394666 0 0 0
-2042 -3159 70 106 541485 0 0 0
-1738 -3411 81 83 147120 0 0 0
-1244 -3828 107 77 160922 0 0 0
-1490 -4113 113 89 451764 0 0 0
-1299 -4188 121 59 152739 0 0 0
-1608 -4646 103 59 348613 0 0 0
-1658 -4738 100 59 927401 0 0 0
-1059 -4503 96 80 363613 0 0 0
-1319 -4183 115 59 914582 0 0 0
-643 -4375 68 109 272379 0 0 0
-1043 -4961 72 79 233226 0 0 0
-902 -4384 94 101 468851 0 0 0
-675 -3870 90 58 481597 0 0 0
-534 -4324 85 91 982358 0 0 0
-185 1633 83 87 130949 0 0 0
379 2223 77 83 863869 0 0 0
425 1832 123 71 951401 0 0 0
-149 1690 115 106 762061 0 0 0
-118 1892 117 84 904965 0 0 0
303 1382 87 88 394520 0 0 0
595 1350 115 64 551990 0 0 0
311 1267 67 84 219283 0 0 0
298 1612 70 85 549589 0 0 0
-195 986 88 89 700771 0 0 0
-802 711 85 100 249196 0 0 0
-537 478 115 110 241788 0 0 0
103 995 98 83 791075 0 0 0
-386 848 86 83 197640 0 0 0
-515 764 105 106 774866 0 0 0
-238 480 113 80 167878 0 0 0
-348 287 75 58 806251 0 0 0
-822 377 69 58 835572 0 0 0
-1144 423 77 67 652408 0 0 0
-1119 356 72 105 640897 0 0 0
-1667 -130 94 113 423644 0 0 0
-1324 387 81 80 712378 0 0 0
-1766 474 66 67 386123 0 0 0
-1759 733 83 112 392920 0 0 0
-1954 604 107 69 677184 0 0 0
-2528 1122 90 71 459223 0 0 0
-2074 526 115 60 996681 0 0 0
-2341 1182 102 100 116286 0 0 0
-2231 824 77 67 768444 0 0 0
-1977 281 86 106 205364 0 0 0
-1620 108 103 56 563419 0 0 0
-1626 -332 94 81 495258 0 0 0
-1051 102 82 88 596227 0 0 0
-1042 490 73 111 125190 0 0 0
506 1405 78 72 867481 0 0 0
-190 1605 111 100 299919 0 0 0
-22 1200 111 62 717843 0 0 0
132 1807 65 65 121842 0 0 0
635 2524 90 99 751921 0 0 0
238 2641 109 65 661445 0 0 0
742 2980 83 106 518574 0 0 0
411 2774 124 71 186401 0 0 0
627 2361 75 107 761386 0 0 0
1079 1936 87 91 958739 0 0 0
1293 2649 77 65 102701 0 0 0
1528 2508 122 78 934366 0 0 0
1005 2660 65 56 149465 0 0 0
1445 1982 123 88 992210 0 0 0
1797 2352 117 77 478208 0 0 0
1256 2577 90 109 897285 0 0 0
671 1999 93 93 414465 0 0 0
1130 1726 96 70 988841 0 0 0
1079 2343 90 64 659014 0 0 0
1010 1895 73 101 212011 0 0 0
1374 1715 63 106 475852 0 0 0
1880 1685 78 72 878810 0 0 0
1479 1843 125 73 381615 0 0 0
1078 1871 82 61 521924 0 0 0
1592 2171 111 71 837767 0 0 0
1444 2892 94 72 164776 0 0 0
816 3446 109 86 962661 0 0 0
1354 2783 86 66 479444 0 0 0
1103 2957 103 61 917378 0 0 0
1761 3514 124 97 138212 0 0 0
1640 3308 121 100 467064 0 0 0
1287 3174 77 101 349887 0 0 0
1437 2583 102 57 892402 0 0 0
1165 3057 69 88 553396 0 0 0
1664 3612 122 107 194468 0 0 0
1138 3765 72 89 391708 0 0 0
1810 4443 117 65 288040 0 0 0
1502 4957 102 91 985460 0 0 0
1939 4395 124 63 987995 0 0 0
2104 4759 110 86 696107 0 0 0
1904 5210 92 93 261783 0 0 0
1959 4574 107 111 857029 0 0 0
1436 4530 77 89 911819 0 0 0
1868 4705 83 72 205110 0 0 0
1950 4638 92 69 764601 0 0 0
2081 5165 82 90 361254 0 0 0
2059 5784 75 99 440590 0 0 0
2448 5362 65 110 270145 0 0 0
2733 5038 112 77 638008 0 0 0
2057 5549 86 63 905908 0 0 0
2523 5644 77 100 458108 0 0 0
2450 6132 95 56 866329 0 0 0
2468 5909 89 76 797112 0 0 0
1969 5799 71 68 203202 0 0 0
2252 6411 74 96 535026 0 0 0
1538 6115 77 77 167499 0 0 0
2148 6550 104 73 402059 0 0 0
1745 6410 106 70 506565 0 0 0
1669 6822 92 99 682249 0 0 0
1751 6977 73 65 468500 0 0 0
2153 6490 88 74 231970 0 0 0
2389 7115 69 86 675202 0 0 0
3023 6775 84 83 599732 0 0 0
3658 7452 122 90 990999 0 0 0
3449 6761 119 100 394797 0 0 0
2729 7308 65 108 968365 0 0 0
2818 7808 110 87 622037 0 0 0
2585 7556 83 57 663037 0 0 0
2784 8212 89 62 147761 0 0 0
2899 7928 122 73 227947 0 0 0
2687 8156 107 113 173286 0 0 0
2583 8192 77 83 205433 0 0 0
3048 8627 69 75 674917 0 0 0
3363 7904 124 64 907869 0 0 0
3732 8383 84 77 924711 0 0 0
4284 8982 99 78 351502 0 0 0
-537 -1612 90 60 421501 0 0 0
-1186 -1492 117 76 630911 0 0 0
-750 -1876 65 107 875323 0 0 0
-1065 -1837 100 69 617890 0 0 0
-1553 -1522 74 85 559110 0 0 0
-1686 -2097 91 67 191620 0 0 0
-2289 -2482 122 56 120734 0 0 0
-1936 -2662 89 75 318127 0 0 0
-1893 -2216 88 94 740028 0 0 0
-2516 -2080 117 83 171320 0 0 0
-2402 -2011 90 98 257269 0 0 0
-2174 -2064 85 99 949562 0 0 0
-2749 -2444 99 99 524107 0 0 0
-2417 -3100 88 75 307407 0 0 0
-3025 -3551 66 69 998730 0 0 0
-3157 -2960 99 88 292354 0 0 0
-3804 -3523 119 61 977679 0 0 0
-4006 -4245 124 103 875762 0 0 0
-4212 -4485 81 63 861428 0 0 0
-3555 -4843 93 105 311795 0 0 0
-3792 -4189 114 80 954455 0 0 0
-3557 -4009 80 92 327597 0 0 0
-3179 -3500 110 76 144106 0 0 0
-2479 -3359 111 76 835784 0 0 0
-2338 -2941 95 85 229280 0 0 0
-1831 -3266 70 106 877901 0 0 0
-2020 -3963 104 87 182159 0 0 0
-1321 -4237 63 72 898636 0 0 0
-952 -4731 89 110 579938 0 0 0
-697 -5198 77 101 159000 0 0 0
-377 -5450 108 102 155721 0 0 0
-98 -5041 90 74 532255 0 0 0
-621 -4858 104 102 798316 0 0 0
-912 -4194 69 104 987467 0 0 0
-1321 -3490 69 94 111091 0 0 0
-803 -3433 98 67 178916 0 0 0
-531 -2952 110 112 417673 0 0 0
94 -2317 104 101 610155 0 0 0
-408 -2766 101 58 819672 0 0 0
-674 -2920 102 80 987959 0 0 0
-978 -2407 70 61 600324 0 0 0
-978 -1997 67 90 851867 0 0 0
-552 -2701 95 64 924511 0 0 0
-814 -2478 118 68 209598 0 0 0
-257 -3010 114 110 489888 0 0 0
249 -2491 120 110 977568 0 0 0
780 -3008 115 66 707621 0 0 0
59 -3104 123 96 505507 0 0 0
-479 -3454 112 61 193697 0 0 0
-356 -2991 101 110 703179 0 0 0
57 -3090 119 102 969059 0 0 0
246 -3687 90 95 671957 0 0 0
965 -3807 91 105 703358 0 0 0
1205 -2626 106 85 334812 0 0 0
875 -2324 105 88 587173 0 0 0
220 -2019 68 93 711410 0 0 0
330 -1590 122 100 415077 0 0 0
815 -1371 107 92 773874 0 0 0
730 -1041 119 79 644080 0 0 0
944 -1319 112 113 609185 0 0 0
466 -1730 119 90 763022 0 0 0
707 -1643 67 101 615397 0 0 0
594 -1045 81 94 317980 0 0 0
-42 -570 120 61 763281 0 0 0
-6 -1013 114 59 392750 0 0 0
-282 -1340 90 86 993565 0 0 0
-108 -631 112 58 616159 0 0 0
-10 -261 100 97 637628 0 0 0
-59 -270 85 57 648390 0 0 0
164 -138 70 83 412806 0 0 0
90 -726 66 96 370141 0 0 0
62 -1351 66 58 355909 0 0 0
135 -1447 70 108 619016 0 0 0
-274 -839 107 108 866191 0 0 0
406 -1460 69 75 736266 0 0 0
519 -902 107 59 476242 0 0 0
342 -222 91 66 436226 0 0 0
861 333 66 79 940571 0 0 0
1407 348 112 112 161325 0 0 0
1723 463 82 65 974474 0 0 0
1163 657 120 107 863064 0 0 0
943 893 69 62 758415 0 0 0
773 1130 89 61 581153 0 0 0
756 1566 110 72 205566 0 0 0
494 1893 81 56 533293 0 0 0
729 2078 97 87 254533 0 0 0
468 2696 92 94 935975 0 0 0
-13 3382 63 70 607084 0 0 0
710 2902 126 87 320540 0 0 0
1293 2428 118 98 291211 0 0 0
1601 3023 77 79 107803 0 0 0
2153 3454 112 108 582663 0 0 0
2394 3824 63 104 544785 0 0 0
2487 3900 94 112 453201 0 0 0
2044 3744 88 83 766513 0 0 0
2226 3913 102 93 724960 0 0 0
2450 4080 99 100 486507 0 0 0
2658 3904 71 80 352305 0 0 0
2165 4525 88 105 224903 0 0 0
2155 4516 98 100 296605 0 0 0
1488 4095 115 104 416615 0 0 0
1962 4788 72 104 111294 0 0 0
1277 4700 114 62 373103 0 0 0
1685 5264 69 64 162105 0 0 0
1627 4595 87 68 106650 0 0 0
2289 4084 84 58 525425 0 0 0
1738 4018 94 84 720269 0 0 0
1414 4124 110 88 792706 0 0 0
1066 3428 125 107 241794 0 0 0
1556 3319 114 69 725981 0 0 0
1858 2600 119 95 354001 0 0 0
1473 2878 67 109 549312 0 0 0
917 2401 64 96 824169 0 0 0
533 2490 95 72 200665 0 0 0
1158 3063 114 59 558471 0 0 0
1491 2755 114 71 101256 0 0 0
1632 2517 116 61 447879 0 0 0
1737 1853 76 67 259409 0 0 0
1788 2164 115 99 405126 0 0 0
2210 1919 64 70 510026 0 0 0
2020 2222 107 96 707868 0 0 0
2530 2041 118 73 297016 0 0 0
2464 2195 95 78 572331 0 0 0
2200 1872 97 75 625403 0 0 0
1819 1682 92 90 989426 0 0 0
2121 962 110 112 101296 0 0 0
2131 480 64 68 512069 0 0 0
2789 -208 115 62 698670 0 0 0
2804 46 105 97 627245 0 0 0
2199 -291 112 107 437886 0 0 0
1808 -339 110 70 579826 0 0 0
2138 -771 120 89 304217 0 0 0
1540 -1026 83 87 987073 0 0 0
1960 -1297 74 101 236018 0 0 0
1952 -2191 98 92 812213 0 0 0
1611 -2335 89 108 386640 0 0 0
1024 -2135 79 66 161566 0 0 0
1526 -2789 108 65 288438 0 0 0
1359 -3438 96 59 831448 0 0 0
1891 -2848 94 87 782856 0 0 0
1573 -2719 75 112 863804 0 0 0
1902 -2762 82 82 859627 0 0 0
1706 -3330 85 87 695047 0 0 0
2227 -3617 77 56 791472 0 0 0
1579 -3796 67 77 419831 0 0 0
1079 -4314 101 87 735713 0 0 0
682 -3925 118 93 873821 0 0 0
328 -3311 97 89 111724 0 0 0
586 -2840 97 83 384961 0 0 0
794 -2544 64 63 864668 0 0 0
1026 -2948 112 96 470467 0 0 0
1685 -2920 76 66 106916 0 0 0
1208 -2659 107 90 779490 0 0 0
523 -3311 84 107 695505 0 0 0
650 -3455 72 69 104484 0 0 0
623 -3005 102 104 895356 0 0 0
63 -3177 124 103 655796 0 0 0
-638 -3210 94 106 903934 0 0 0
-545 -3856 118 72 270158 0 0 0
-1118 -3749 115 57 754655 0 0 0
-1820 -3356 103 64 755569 0 0 0
-1302 -3790 87 88 690900 0 0 0
-1724 -3785 70 111 212185 0 0 0
-1834 -4090 124 97 887978 0 0 0
-1389 -4084 103 69 734428 0 0 0
-1469 -3496 65 57 117477 0 0 0
-1646 -3667 89 70 817194 0 0 0
-2319 -3613 116 86 583279 0 0 0
-2388 -3856 122 109 670770 0 0 0
-2973 -4221 94 69 890097 0 0 0
-3171 -4005 91 76 604385 0 0 0
-3780 -3399 68 78 844144 0 0 0
-3985 -3913 71 64 898593 0 0 0
-4587 -3972 100 92 656277 0 0 0
-4210 -4435 92 68 284779 0 0 0
-4631 -4665 116 67 971727 0 0 0
-5115 -4792 100 113 234355 0 0 0
-4597 -4972 103 71 441769 0 0 0
-4484 -4452 111 78 104595 0 0 0
-4604 -4020 97 96 345249 0 0 0
-3919 -4536 65 81 706674 0 0 0
-4554 -4158 94 61 772574 0 0 0
-5102 -4482 85 109 515014 0 0 0
-5137 -5192 71 67 667863 0 0 0
-5405 -4643 75 111 100703 0 0 0
-5139 -5149 77 103 813601 0 0 0
-4723 -4522 74 105 463184 0 0 0
-4140 -4783 68 68 218164 0 0 0
-4842 -5465 103 102 998233 0 0 0
-4829 -4752 103 92 677963 0 0 0
-4390 -4371 104 65 892192 0 0 0
-4402 -4559 108 99 970903 0 0 0
-4157 -5093 72 77 359743 0 0 0
-4117 -4375 70 95 178044 0 0 0
-3961 -4094 65 77 559453 0 0 0
-3904 -4026 125 105 820819 0 0 0
-4452 -4266 88 111 465428 0 0 0
-5036 -4014 73 58 203220 0 0 0
-5225 -3934 64 73 536557 0 0 0
-5587 -3261 76 91 371304 0 0 0
-6099 -3473 119 88 626121 0 0 0
-5658 -3451 67 87 382497 0 0 0
-6184 -2827 88 86 600532 0 0 0
-6495 -3195 65 67 377042 0 0 0
-6567 -3239 71 78 491391 0 0 0
-7279 -3268 118 86 935160 0 0 0
1176 -464 76 76 219186 0 0 0
1252 -812 108 112 820130 0 0 0
950 -793 121 113 244158 0 0 0
762 -494 116 112 819285 0 0 0
409 -425 95 103 630104 0 0 0
767 -208 94 81 915805 0 0 0
1327 -818 107 102 491468 0 0 0
1814 -1279 79 98 656810 0 0 0
2479 -1109 76 57 883969 0 0 0
3050 -1636 72 111 376499 0 0 0
3355 -1027 108 59 992274 0 0 0
2825 -957 91 79 366532 0 0 0
2336 -1165 67 99 557817 0 0 0
3040 -572 98 61 483307 0 0 0
3342 -1158 125 69 848222 0 0 0
3033 -1111 66 92 295761 0 0 0
3018 -1079 70 86 728685 0 0 0
3326 -938 75 64 104973 0 0 0
2687 -1603 103 74 281127 0 0 0
2756 -2041 84 93 277780 0 0 0
3040 -1363 70 57 223848 0 0 0
3292 -1858 82 57 897367 0 0 0
3261 -1744 120 80 738457 0 0 0
3058 -2163 78 78 474833 0 0 0
2879 -1457 120 75 250246 0 0 0
2596 -1239 68 63 649209 0 0 0
2299 -871 116 73 257178 0 0 0
2827 -1038 80 62 368900 0 0 0
2396 -1245 89 98 299160 0 0 0
2676 -1783 109 91 797651 0 0 0
3184 -2080 63 104 117525 0 0 0
3790 -2804 95 100 200760 0 0 0
4102 -3038 74 67 734820 0 0 0
3788 -3613 126 98 662969 0 0 0
3590 -3311 93 61 200979 0 0 0
2910 -3612 126 107 170596 0 0 0
2256 -3065 83 75 621179 0 0 0
1815 -2702 74 89 325638 0 0 0
2097 -2077 113 90 579045 0 0 0
1475 -1986 72 88 557502 0 0 0
2006 -2307 87 92 301441 0 0 0
2047 -1903 99 106 966095 0 0 0
1807 -2181 74 101 953410 0 0 0
1877 -1617 118 90 804628 0 0 0
2188 -1267 87 85 352091 0 0 0
2647 -1741 77 78 302819 0 0 0
2020 -1038 119 76 359769 0 0 0
1649 -1222 104 93 375451 0 0 0
1616 -1620 106 106 203966 0 0 0
2142 -2228 118 73 873358 0 0 0
2831 -2021 115 108 199152 0 0 0
2176 -1377 116 84 546075 0 0 0
2292 -1869 118 56 616711 0 0 0
2864 -1615 81 60 608788 0 0 0
2939 -2199 82 110 659899 0 0 0
2817 -2353 80 90 308755 0 0 0
3151 -2846 99 97 275462 0 0 0
3009 -2766 109 90 475113 0 0 0
3203 -3417 102 80 365198 0 0 0
3613 -3663 98 83 795621 0 0 0
2943 -4172 94 76 810684 0 0 0
3289 -3457 126 99 993603 0 0 0
2964 -3793 80 91 528928 0 0 0
2819 -4320 122 72 167541 0 0 0
2990 -4582 94 98 346491 0 0 0
3243 -4140 121 107 815943 0 0 0
2791 -3479 103 98 127308 0 0 0
2713 -3460 111 99 665058 0 0 0
3049 -3562 84 74 609448 0 0 0
3073 -3801 107 63 728476 0 0 0
3494 -4293 121 95 515557 0 0 0
1556 -434 91 70 999510 0 0 0
1145 -957 89 102 756295 0 0 0
805 -329 68 62 976984 0 0 0
547 279 112 113 476281 0 0 0
813 220 87 70 387492 0 0 0
561 242 112 82 194817 0 0 0
213 -178 94 110 427376 0 0 0
37 323 70 113 498165 0 0 0
199 -177 75 68 951239 0 0 0
392 -881 85 100 714241 0 0 0
433 -880 75 76 104983 0 0 0
793 -609 76 92 264993 0 0 0
325 -496 102 78 814650 0 0 0
-397 -368 79 95 494917 0 0 0
-226 -49 71 58 326609 0 0 0
-738 90 88 58 253608 0 0 0
-515 -221 102 107 895346 0 0 0
205 -390 111 58 833561 0 0 0
462 -879 116 100 844842 0 0 0
439 -515 125 107 790496 0 0 0
660 -527 71 107 212667 0 0 0
1030 -562 112 85 309121 0 0 0
910 -1238 67 59 876077 0 0 0
931 -1197 94 92 638538 0 0 0
877 -479 71 71 330016 0 0 0
773 -997 86 112 476878 0 0 0
950 -912 105 96 609260 0 0 0
584 -1270 65 81 353555 0 0 0
20 -1823 105 90 854101 0 0 0
177 -2510 77 87 226947 0 0 0
41 -2425 63 73 390115 0 0 0
707 -1756 94 86 303031 0 0 0
1072 -1327 117 87 627730 0 0 0
521 -643 112 56 747883 0 0 0
-4 -431 78 76 806894 0 0 0
615 -79 87 109 676902 0 0 0
1100 -71 69 111 459301 0 0 0
1112 -609 79 96 910228 0 0 0
621 -1301 90 92 841497 0 0 0
866 -1321 83 102 237862 0 0 0
379 -1274 66 111 657335 0 0 0
917 -994 119 66 674473 0 0 0
214 -1719 122 88 578260 0 0 0
694 -2333 83 102 124271 0 0 0
222 -2168 84 100 340424 0 0 0
188 -2509 125 105 311613 0 0 0
44 -2960 107 99 139012 0 0 0
-167 -2479 100 62 222531 0 0 0
-861 -2547 86 110 142411 0 0 0
-619 -2865 117 67 761159 0 0 0
-66 -3204 90 113 556278 0 0 0
545 -2940 107 79 624563 0 0 0
41 -2555 79 84 309664 0 0 0
-139 -3058 83 66 218467 0 0 0
-89 -3338 92 76 219529 0 0 0
194 -2836 73 58 502678 0 0 0
759 -2427 122 89 390600 0 0 0
134 -2708 71 71 170981 0 0 0
1604 -2759 75 93 397869 0 0 0
2304 -2667 91 77 577534 0 0 0
2783 -2741 114 56 505355 0 0 0
3025 -2523 123 98 176666 0 0 0
2813 -3240 83 102 555772 0 0 0
3350 -3255 70 74 399124 0 0 0
2989 -3810 103 97 162954 0 0 0
2391 -4018 98 70 777694 0 0 0
2211 -4736 78 86 272925 0 0 0
2867 -4646 125 94 266583 0 0 0
3279 -4335 69 63 798752 0 0 0
3855 -4813 110 83 229059 0 0 0
3432 -5124 113 110 814236 0 0 0
3562 -5658 79 86 249181 0 0 0
3647 -6133 91 67 652605 0 0 0
3392 -6467 100 87 834084 0 0 0
3150 -6411 73 59 195358 0 0 0
3319 -5999 119 79 283019 0 0 0
3945 -5361 105 89 352698 0 0 0
4592 -5806 109 85 301980 0 0 0
5045 -6439 116 81 195020 0 0 0
5179 -6620 64 81 337173 0 0 0
4660 -7117 73 58 445353 0 0 0
4076 -7745 81 72 445976 0 0 0
3722 -7535 105 78 924126 0 0 0
3716 -8087 79 87 918556 0 0 0
501 1543 69 89 387169 0 0 0
285 1339 74 90 306699 0 0 0
-236 1420 82 105 110925 0 0 0
81 1336 95 96 392476 0 0 0
-559 1299 124 101 524774 0 0 0
-207 1683 101 61 410757 0 0 0
-352 1772 89 105 126968 0 0 0
-465 1085 73 81 256315 0 0 0
-202 1583 66 98 432764 0 0 0
-244 1534 113 71 742307 0 0 0
-389 1927 120 76 260189 0 0 0
-333 1932 125 82 973987 0 0 0
-536 2458 85 98 802000 0 0 0
157 3137 123 79 809471 0 0 0
-447 3216 104 81 758336 0 0 0
-754 3274 111 90 204403 0 0 0
-705 3644 73 85 445566 0 0 0
17 3499 71 56 338912 0 0 0
-218 3363 101 61 472468 0 0 0
-714 2686 115 81 885585 0 0 0
-1069 3332 68 96 417644 0 0 0
-1005 3157 72 90 282517 0 0 0
-666 3657 93 62 186105 0 0 0
-832 3993 114 81 950209 0 0 0
-612 4193 124 62 219163 0 0 0
-676 3665 102 97 452934 0 0 0
-532 3986 119 56 183479 0 0 0
-808 4103 101 62 280249 0 0 0
-251 3565 65 100 271057 0 0 0
-80 3877 79 60 701720 0 0 0
-337 4597 100 109 196055 0 0 0
-204 5014 106 86 555561 0 0 0
-688 4350 85 86 631555 0 0 0
-67 4545 123 61 268237 0 0 0
-471 3939 119 57 138168 0 0 0
-707 3720 79 69 191900 0 0 0
-86 3359 110 66 850462 0 0 0
306 3942 66 93 835518 0 0 0
-203 3709 89 76 684538 0 0 0
-908 4427 125 111 182498 0 0 0
-1142 4022 72 80 191062 0 0 0
-1038 3758 110 106 618683 0 0 0
-413 3043 77 74 508210 0 0 0
179 3418 82 102 365932 0 0 0
36 3236 97 99 289618 0 0 0
-676 3678 91 58 514226 0 0 0
-1230 -2333 101 88 878270 0 0 0
-1233 -2742 126 70 895747 0 0 0
-1046 -2711 95 80 256287 0 0 0
-768 -2517 113 100 415227 0 0 0
-270 -1924 79 57 384622 0 0 0
-144 -1222 68 88 316503 0 0 0
300 -736 123 62 786887 0 0 0
781 -78 104 89 865064 0 0 0
1269 -208 67 62 532844 0 0 0
836 -186 72 113 818656 0 0 0
1450 -736 121 67 584391 0 0 0
1472 -708 100 71 258570 0 0 0
1030 -609 122 63 289886 0 0 0
1417 -426 83 97 178610 0 0 0
1720 -884 109 84 278554 0 0 0
1376 -1530 112 72 688610 0 0 0
1778 -1117 91 113 984905 0 0 0
-263 -2625 81 113 490414 0 0 0
-245 -2970 105 102 693283 0 0 0
224 -3430 105 57 741837 0 0 0
698 -3061 92 91 213655 0 0 0
476 -2568 102 82 570030 0 0 0
686 -2053 95 79 932929 0 0 0
1206 -2655 107 88 443390 0 0 0
817 -2702 95 85 790628 0 0 0
1300 -2173 121 78 377700 0 0 0
716 -2600 110 78 644017 0 0 0
590 -3158 83 86 646649 0 0 0
815 -3630 65 91 959907 0 0 0
1252 -3220 73 110 998703 0 0 0
1076 -2764 115 108 572938 0 0 0
1292 -2195 115 97 946336 0 0 0
1643 -2232 92 80 425035 0 0 0
2234 -1555 101 93 677778 0 0 0
2455 -1271 112 79 667999 0 0 0
2418 -1474 118 64 401099 0 0 0
1874 -1282 85 95 929028 0 0 0
2398 -1057 126 108 326334 0 0 0
2762 -1371 78 71 337608 0 0 0
2417 -662 72 64 295687 0 0 0
3060 -205 70 67 961106 0 0 0
3214 -153 89 74 186168 0 0 0
3618 -252 121 102 966894 0 0 0
3808 122 118 60 211528 0 0 0
4186 267 82 68 342160 0 0 0
4773 -388 77 69 302774 0 0 0
4636 155 116 102 801788 0 0 0
4530 -488 67 106 752428 0 0 0
4301 -1127 83 63 346155 0 0 0
4832 -1648 111 101 503702 0 0 0
5482 -2177 63 67 266065 0 0 0
5007 -1763 68 90 166322 0 0 0
5563 -1589 67 80 936557 0 0 0
5502 -2047 73 74 859328 0 0 0
5127 -2309 78 89 170693 0 0 0
5568 -2929 111 92 962334 0 0 0
5472 -3463 119 61 585790 0 0 0
5249 -3127 82 87 973956 0 0 0
5094 -3278 93 65 897814 0 0 0
5729 -2991 108 64 339490 0 0 0
6024 -3160 84 66 789382 0 0 0
6469 -3598 68 84 700959 0 0 0
6818 -3885 79 60 444876 0 0 0
6360 -4041 117 110 609886 0 0 0
6815 -4373 106 88 451322 0 0 0
2474 2494 109 98 282054 0 0 0
2938 2178 122 64 776352 0 0 0
2233 2500 103 93 148999 0 0 0
2628 2055 122 106 130070 0 0 0
2879 1832 118 89 966677 0 0 0
2167 1424 75 78 336376 0 0 0
2205 1014 108 104 421024 0 0 0
1710 1536 111 101 426410 0 0 0
1888 1726 108 100 802153 0 0 0
1996 1208 71 97 420133 0 0 0
1621 1376 72 61 358016 0 0 0
2295 1938 73 90 707924 0 0 0
2743 1297 99 76 179253 0 0 0
2528 1155 79 103 205824 0 0 0
3179 910 119 77 484888 0 0 0
3525 479 126 92 935095 0 0 0
3281 -22 76 95 608226 0 0 0
2575 467 71 88 512802 0 0 0
2105 1192 111 101 613914 0 0 0
2735 1657 91 77 368068 0 0 0
2157 1229 93 81 476224 0 0 0
2856 1414 80 69 304855 0 0 0
3107 1193 115 68 241617 0 0 0
2473 1379 74 61 608855 0 0 0
1826 782 110 101 289173 0 0 0
1413 96 81 102 107922 0 0 0
698 -242 85 74 645466 0 0 0
229 398 74 102 402630 0 0 0
-391 106 100 112 491850 0 0 0
-86 -580 114 72 365736 0 0 0
-626 -722 88 109 909255 0 0 0
12 -170 76 84 597902 0 0 0
9 -617 106 62 591797 0 0 0
-138 -1141 80 94 460836 0 0 0
417 -1342 108 60 135693 0 0 0
910 -1859 110 96 289873 0 0 0
974 -2042 99 110 851374 0 0 0
298 -2591 81 65 939141 0 0 0
1000 -2161 84 59 326230 0 0 0
731 -2694 80 112 292242 0 0 0
965 -2429 111 69 495413 0 0 0
338 -2587 89 101 716546 0 0 0
-211 -3210 115 107 616252 0 0 0
205 -3247 80 63 960886 0 0 0
835 -3237 96 85 823242 0 0 0
1483 -2681 77 63 552758 0 0 0
1894 -3153 106 96 262057 0 0 0
1681 -2453 119 87 902534 0 0 0
1707 -1780 94 103 403510 0 0 0
1433 -1342 93 94 358501 0 0 0
1127 -833 126 94 607930 0 0 0
809 -724 124 56 951465 0 0 0
179 -467 91 79 457212 0 0 0
-109 -126 93 93 463103 0 0 0
-687 -171 92 72 782704 0 0 0
-240 -746 112 109 836000 0 0 0
-528 -602 79 113 266123 0 0 0
69 -458 84 103 697139 0 0 0
99 224 73 70 829870 0 0 0
433 -186 107 100 872090 0 0 0
728 512 86 90 673761 0 0 0
483 1023 70 109 551213 0 0 0
-157 1208 97 72 460842 0 0 0
275 1550 103 86 573421 0 0 0
-3 1558 74 102 522151 0 0 0
255 1198 108 103 544616 0 0 0
273 845 75 108 391137 0 0 0
187 904 100 106 872695 0 0 0
-191 1194 72 83 639187 0 0 0
149 1399 95 112 596368 0 0 0
512 728 93 93 945907 0 0 0
318 431 94 84 494157 0 0 0
244 -49 101 105 967142 0 0 0
557 96 87 61 544194 0 0 0
542 746 97 79 340411 0 0 0
500 1246 77 70 598112 0 0 0
360 1349 70 79 963786 0 0 0
803 1847 76 56 120061 0 0 0
211 1269 79 106 728146 0 0 0
-266 867 95 70 135780 0 0 0
-627 1530 82 84 863298 0 0 0
-624 1665 64 102 319220 0 0 0
-517 1070 115 107 520676 0 0 0
2621 1758 87 102 246823 0 0 0
2034 1423 66 75 769684 0 0 0
1529 1072 108 79 290381 0 0 0
1766 1259 107 68 286613 0 0 0
1816 645 85 92 413935 0 0 0
2252 1195 68 58 480475 0 0 0
2499 719 83 94 104142 0 0 0
2809 174 120 88 849962 0 0 0
3121 -145 119 72 214347 0 0 0
3076 -743 72 105 973824 0 0 0
2987 -503 113 99 685507 0 0 0
3280 -205 98 75 538320 0 0 0
3021 -244 109 73 485218 0 0 0
2857 -72 70 108 402118 0 0 0
2485 602 118 106 445517 0 0 0
3020 103 117 92 417486 0 0 0
2463 678 124 64 902422 0 0 0
2124 1402 122 66 610167 0 0 0
2283 1080 75 102 329650 0 0 0
1569 1230 70 82 625117 0 0 0
987 1471 99 70 728169 0 0 0
1078 1051 91 72 563352 0 0 0
1438 1403 112 65 144069 0 0 0
733 734 122 110 755890 0 0 0
424 1365 121 91 269882 0 0 0
352 1345 72 96 935017 0 0 0
739 1144 90 61 298124 0 0 0
380 1869 108 83 161474 0 0 0
-193 1687 68 108 851831 0 0 0
136 2335 110 80 814707 0 0 0
-471 2631 64 104 292768 0 0 0
-189 2920 113 112 943971 0 0 0
-233 3529 79 66 945014 0 0 0
-736 3113 83 112 996541 0 0 0
-1051 3457 119 100 136027 0 0 0
-1108 4047 92 66 365603 0 0 0
-1062 3988 102 100 579755 0 0 0
-1705 3898 73 98 696816 0 0 0
-2240 3362 121 73 914079 0 0 0
-2221 2693 110 63 215200 0 0 0
-2182 2285 93 67 696400 0 0 0
-2025 2283 112 58 525304 0 0 0
-2715 2628 122 111 956279 0 0 0
-2850 2074 77 85 364044 0 0 0
-2948 1380 97 110 671221 0 0 0
-3256 1587 68 65 167837 0 0 0
-3186 2025 106 85 801105 0 0 0
-3396 1617 124 71 257189 0 0 0
-3682 1858 82 94 249588 0 0 0
-3245 2302 104 92 275015 0 0 0
-2913 2605 111 72 348100 0 0 0
-3029 2933 84 59 706584 0 0 0
-2810 2424 80 67 877043 0 0 0
-2349 2613 96 85 421133 0 0 0
-2186 2230 67 91 605709 0 0 0
-1507 2053 106 113 136451 0 0 0
1944 -1926 109 106 454560 0 0 0
2042 -2391 124 57 370896 0 0 0
2308 -2423 75 111 191840 0 0 0
2210 -1821 109 94 321995 0 0 0
2533 -1123 81 63 388996 0 0 0
2602 -1840 77 80 310205 0 0 0
1931 -2189 102 96 107157 0 0 0
1382 -1581 71 97 843220 0 0 0
1130 -1675 106 75 869861 0 0 0
1002 -1101 96 104 636671 0 0 0
1457 -1271 77 105 711863 0 0 0
1003 -1184 92 69 123564 0 0 0
1489 -1768 99 76 487037 0 0 0
1933 -1114 65 99 267227 0 0 0
1541 -1428 94 56 179376 0 0 0
2020 -1400 91 112 322477 0 0 0
2322 -1874 103 93 921224 0 0 0
2900 -1417 72 67 572793 0 0 0
3474 -1773 68 109 305132 0 0 0
2853 -2399 90 56 544055 0 0 0
3311 -2219 91 65 745909 0 0 0
3737 -2832 71 110 235766 0 0 0
3798 -2716 97 95 786490 0 0 0
3666 -3012 106 68 817956 0 0 0
3498 -3634 103 61 417281 0 0 0
3210 -4356 87 109 681499 0 0 0
3606 -4601 105 69 576041 0 0 0
2997 -4650 89 56 413396 0 0 0
2787 -4342 70 87 281200 0 0 0
2523 1503 122 72 773922 0 0 0
2013 1676 105 100 513550 0 0 0
1881 2031 102 101 901080 0 0 0
1772 2693 67 61 855030 0 0 0
1969 2636 67 113 178974 0 0 0
2182 2305 74 100 667032 0 0 0
1948 2834 83 80 716499 0 0 0
2102 2626 113 90 918482 0 0 0
1723 3307 72 64 467480 0 0 0
1432 3206 92 70 556500 0 0 0
1411 3012 120 107 996190 0 0 0
886 2437 119 90 203222 0 0 0
773 2376 103 82 340098 0 0 0
365 2884 64 64 561479 0 0 0
240 3397 68 81 386473 0 0 0
1 3913 108 87 502554 0 0 0
172 3573 118 59 475815 0 0 0
359 3692 121 96 945854 0 0 0
-323 4093 117 110 646850 0 0 0
-269 3669 89 87 172569 0 0 0
-849 3216 86 92 758317 0 0 0
-1251 3337 114 58 796936 0 0 0
-936 3657 67 91 878639 0 0 0
-296 3263 63 87 471148 0 0 0
-185 2866 87 94 405568 0 0 0
176 3521 124 111 133012 0 0 0
150 3825 82 108 801472 0 0 0
-299 3449 94 94 227358 0 0 0
-611 3251 74 113 556757 0 0 0
-823 3747 109 94 759282 0 0 0
-1227 3224 119 67 945145 0 0 0
-965 3706 125 69 990454 0 0 0
-467 2995 76 92 868137 0 0 0
-359 2525 114 74 182755 0 0 0
-1005 2973 118 63 325208 0 0 0
-980 2853 115 107 321579 0 0 0
-1494 2341 114 74 699133 0 0 0
-1779 2145 112 88 720110 0 0 0
-1690 1938 102 87 837872 0 0 0
-1459 1999 105 77 960893 0 0 0
-1724 1511 104 97 271152 0 0 0
-1207 1922 103 58 963325 0 0 0
-1123 1916 105 63 409066 0 0 0
-1540 2064 82 82 299863 0 0 0
-2016 1466 123 71 701214 0 0 0
-1769 817 65 112 637308 0 0 0
-1743 755 80 62 426138 0 0 0
-1592 1331 103 90 457557 0 0 0
-1023 1176 100 107 171931 0 0 0
-1010 1130 72 57 163639 0 0 0
-683 1839 126 111 748144 0 0 0
-578 2386 65 69 836651 0 0 0
-993 2624 100 58 589230 0 0 0
-1027 2790 89 103 664058 0 0 0
-1616 2378 65 84 739716 0 0 0
-1290 1696 75 98 605149 0 0 0
-801 2406 64 65 790293 0 0 0
-749 3008 103 82 291212 0 0 0
-532 3526 90 96 753568 0 0 0
-160 3893 66 71 779034 0 0 0
-558 4076 105 69 763724 0 0 0
-65 3423 68 73 763992 0 0 0
-301 3226 79 63 841030 0 0 0
-442 2983 101 103 616474 0 0 0
-203 3365 108 77 394233 0 0 0
426 2988 100 87 121315 0 0 0
-277 -460 80 66 941373 0 0 0
-638 -893 87 58 829474 0 0 0
-485 -1480 70 75 138061 0 0 0
71 -944 89 88 624284 0 0 0
121 -1408 74 108 740793 0 0 0
-241 -1239 105 65 297824 0 0 0
-900 -1911 76 66 407474 0 0 0
-1458 -2089 93 100 751706 0 0 0
-2040 -2146 84 58 923629 0 0 0
-1754 -2158 121 92 894568 0 0 0
-2181 -2344 109 74 391022 0 0 0
-1485 -2507 94 100 135980 0 0 0
-1121 -1983 87 95 476584 0 0 0
-716 -2493 79 60 484178 0 0 0
-482 -1860 122 73 246578 0 0 0
-596 -1712 73 78 988286 0 0 0
71 -1320 89 107 563396 0 0 0
-416 -1495 121 103 205863 0 0 0
-839 -813 72 56 476598 0 0 0
-1353 -899 107 92 821479 0 0 0
-1964 -1489 101 80 853802 0 0 0
-2027 -1736 91 72 966182 0 0 0
-2435 -2257 96 104 225055 0 0 0
-2519 -2939 125 96 419898 0 0 0
-2740 -3539 114 66 909415 0 0 0
-3357 -3464 111 106 871569 0 0 0
-3462 -2868 92 60 799953 0 0 0
-4036 -3297 100 94 591406 0 0 0
-4700 -2848 113 64 791085 0 0 0
-4481 -3004 118 94 861245 0 0 0
-5076 -2408 75 70 305036 0 0 0
-5090 -2819 103 60 653221 0 0 0
-5741 -2426 71 81 387807 0 0 0
-6023 -2964 100 77 353556 0 0 0
-6106 -2486 77 92 778018 0 0 0
-6012 -1784 109 88 238025 0 0 0
-5975 -2253 98 59 627836 0 0 0
-6142 -1895 93 101 240504 0 0 0
-6461 -2268 123 66 562996 0 0 0
-7016 -2456 88 69 166236 0 0 0
-7495 -1741 68 88 752190 0 0 0
-7573 -1199 96 56 620626 0 0 0
-8273 -508 118 88 751443 0 0 0
-8808 100 92 108 547034 0 0 0
-8520 -41 100 111 772079 0 0 0
-9135 -97 103 90 294876 0 0 0
-8811 -537 111 101 816656 0 0 0
-9092 -216 91 78 743115 0 0 0
-8529 207 94 100 929765 0 0 0
-8469 -431 116 99 666268 0 0 0
-8985 -824 118 88 766736 0 0 0
-8914 -1460 84 73 400729 0 0 0
-9201 -1668 113 58 174799 0 0 0
715 1991 110 84 876062 0 0 0
555 2664 103 99 926820 0 0 0
838 2518 93 72 739515 0 0 0
734 3232 125 72 139557 0 0 0
104 2905 124 76 241124 0 0 0
64 2519 81 105 810589 0 0 0
-311 2339 124 100 551077 0 0 0
185 2123 123 90 717150 0 0 0
102 2133 76 105 991592 0 0 0
-608 2281 123 69 361777 0 0 0
-181 2664 80 99 777513 0 0 0
321 2250 67 84 500002 0 0 0
767 1632 124 94 847490 0 0 0
335 1317 65 93 327552 0 0 0
415 1312 121 104 474583 0 0 0
1034 1626 70 92 256773 0 0 0
718 2123 100 64 554907 0 0 0
914 2444 105 107 248272 0 0 0
1209 2289 108 57 995287 0 0 0
1520 2384 66 69 539021 0 0 0
1064 2345 106 77 759388 0 0 0
1629 1913 99 107 535833 0 0 0
1174 1237 83 92 321931 0 0 0
1472 1854 71 100 622368 0 0 0
2086 2504 78 92 921346 0 0 0
2473 2124 120 98 751909 0 0 0
2327 2312 68 61 988639 0 0 0
2563 2498 98 83 410588 0 0 0
2247 1949 119 68 762728 0 0 0
2069 1448 105 106 138238 0 0 0
2065 1455 86 91 559818 0 0 0
2606 1576 68 110 479362 0 0 0
1897 885 119 66 693760 0 0 0
1644 211 74 68 475862 0 0 0
1550 351 120 93 439262 0 0 0
1802 963 71 65 227893 0 0 0
1757 1430 72 111 523397 0 0 0
2262 1644 96 72 525285 0 0 0
2889 1153 122 67 464580 0 0 0
3584 893 113 101 417492 0 0 0
2917 518 82 100 323850 0 0 0
-2581 2355 123 85 413435 0 0 0
-2714 2623 67 102 415045 0 0 0
-2007 3217 109 91 202584 0 0 0
-1807 2783 94 69 454750 0 0 0
-1995 2498 111 87 815494 0 0 0
-1595 3096 76 108 506252 0 0 0
-1555 3134 81 102 459985 0 0 0
-2189 3460 64 99 910000 0 0 0
-2412 3844 65 101 613883 0 0 0
-2773 4520 72 58 584404 0 0 0
-2385 3925 76 70 558902 0 0 0
-3081 3452 121 77 858169 0 0 0
-2428 2982 99 64 656336 0 0 0
-2214 3479 89 76 790584 0 0 0
-2375 3542 93 95 181209 0 0 0
-2061 4150 99 110 267887 0 0 0
-2482 4000 126 68 814278 0 0 0
-2448 3315 85 62 344420 0 0 0
-2987 3282 82 56 641384 0 0 0
-3507 3018 93 70 935939 0 0 0
-3064 2665 126 92 157126 0 0 0
-2962 3151 121 84 851053 0 0 0
-3207 3524 100 99 752465 0 0 0
-3852 3371 92 78 604053 0 0 0
-4211 3900 99 103 884373 0 0 0
-4802 4610 125 56 464793 0 0 0
-5487 4170 67 104 692170 0 0 0
-5749 4750 79 85 262362 0 0 0
-6020 5119 124 61 306365 0 0 0
-5383 4447 107 102 283093 0 0 0
-5397 3758 93 71 789638 0 0 0
-4845 4352 86 88 731979 0 0 0
-4657 3926 74 72 909502 0 0 0
-4129 4291 90 81 620155 0 0 0
-3763 4775 90 62 839300 0 0 0
-4482 5406 88 99 625454 0 0 0
-4849 5271 66 77 256345 0 0 0
-5164 5619 121 102 494676 0 0 0
-4651 5048 67 97 981975 0 0 0
-4878 4980 120 84 342507 0 0 0
-5115 4830 77 90 311395 0 0 0
-5309 4736 107 111 412219 0 0 0
-5993 5396 65 71 920109 0 0 0
-5623 5809 92 89 115036 0 0 0
-6181 5788 102 96 472106 0 0 0
-5881 6243 79 66 276934 0 0 0
-6416 6466 104 106 120653 0 0 0
-6571 5786 93 69 342506 0 0 0
-6398 6449 88 86 436616 0 0 0
-5951 5786 86 109 645872 0 0 0
-5440 6212 88 84 499089 0 0 0
-5731 6557 68 84 249605 0 0 0
-6256 7242 124 100 700959 0 0 0
-5710 6643 124 62 258270 0 0 0
-5949 7016 113 105 653920 0 0 0
-6619 7125 106 69 827266 0 0 0
-6989 6849 74 61 616615 0 0 0
-7229 6497 105 74 699310 0 0 0
-7465 6653 66 56 972018 0 0 0
-6812 7030 64 92 957488 0 0 0
-6698 7284 105 77 726268 0 0 0
-7080 6610 119 71 550636 0 0 0
-6632 6215 85 98 176635 0 0 0
-7002 6165 103 86 164389 0 0 0
-7097 6773 125 65 217782 0 0 0
-7453 7209 122 90 142589 0 0 0
-7919 7615 110 69 844718 0 0 0
-7999 8135 97 102 597861 0 0 0
-8528 8528 78 98 636228 0 0 0
-8509 8063 98 108 215463 0 0 0
-9166 7814 126 102 234686 0 0 0
-9001 7474 102 104 405437 0 0 0
-8379 7682 75 113 913874 0 0 0
-7961 7956 76 61 812373 0 0 0
-8566 8485 73 84 346717 0 0 0
-8922 7935 81 102 240996 0 0 0
-9357 7439 74 70 622490 0 0 0
-9676 7859 84 74 869761 0 0 0
-9950 7993 105 80 563064 0 0 0
-10546 7690 77 81 903262 0 0 0
2710 1518 80 72 714700 0 0 0
3260 826 72 69 477977 0 0 0
3055 101 121 71 977357 0 0 0
2804 457 96 63 875339 0 0 0
2991 1007 99 58 415838 0 0 0
2979 409 117 97 791010 0 0 0
2620 660 113 82 304555 0 0 0
2171 54 110 102 436827 0 0 0
2757 360 84 60 180418 0 0 0
3041 535 101 83 439524 0 0 0
3117 1128 78 94 543007 0 0 0
3592 1351 64 56 191327 0 0 0
3565 1508 85 104 571413 0 0 0
3805 1928 115 105 203061 0 0 0
4524 1699 86 70 425116 0 0 0
4607 1195 77 108 282181 0 0 0
4067 610 106 72 878649 0 0 0
4008 937 86 94 918903 0 0 0
4012 1121 78 94 339028 0 0 0
4716 406 82 76 766245 0 0 0
5410 -257 110 77 741863 0 0 0
6083 -924 117 99 441362 0 0 0
5580 -601 98 88 190703 0 0 0
5145 -1231 85 102 763078 0 0 0
4561 -1592 78 102 116926 0 0 0
5134 -2122 104 64 341610 0 0 0
4621 -2692 88 89 784782 0 0 0
4401 -2419 124 107 826570 0 0 0
4299 -1801 63 77 312306 0 0 0
4810 -2186 126 106 123246 0 0 0
4483 -1482 121 75 480657 0 0 0
4591 -2183 95 92 152051 0 0 0
4108 -2185 108 90 104149 0 0 0
3927 -1737 79 71 494766 0 0 0
3297 -1088 117 104 671736 0 0 0
3242 -1276 106 63 963243 0 0 0
3504 -1050 117 91 517127 0 0 0
4170 -627 77 59 266949 0 0 0
4554 -277 78 103 405785 0 0 0
4504 213 70 113 949283 0 0 0
4818 13 124 77 856373 0 0 0
4835 -227 105 89 568796 0 0 0
4812 -819 100 73 848190 0 0 0
5147 -1153 66 69 123054 0 0 0
5495 -533 125 77 602235 0 0 0
5396 -933 82 58 817090 0 0 0
4926 -726 93 98 711383 0 0 0
4630 -696 65 100 693113 0 0 0
4562 -452 103 59 729779 0 0 0
4087 45 92 80 549619 0 0 0
4702 323 93 70 782081 0 0 0
4631 951 117 95 356004 0 0 0
4294 930 92 82 322193 0 0 0
3630 1325 111 110 971751 0 0 0
4189 1117 78 79 818205 0 0 0
4660 1506 123 89 628359 0 0 0
5263 1011 71 101 546277 0 0 0
5711 860 106 112 553807 0 0 0
6042 925 88 88 865732 0 0 0
6296 812 121 107 589399 0 0 0
-1829 -2212 63 66 739702 0 0 0
-1663 -2401 81 88 626885 0 0 0
-2016 -2971 78 86 833693 0 0 0
-1860 -2842 67 76 781336 0 0 0
-2170 -2527 84 92 667875 0 0 0
-1460 -2841 95 101 113392 0 0 0
-1999 -3028 112 113 384003 0 0 0
-1786 -2550 86 109 438794 0 0 0
-2160 -3022 126 111 940506 0 0 0
-1866 -3365 80 100 138744 0 0 0
-1630 -3509 90 74 402650 0 0 0
-2339 -2919 90 98 213855 0 0 0
-1770 -3352 97 111 586698 0 0 0
-1774 -3504 115 82 834536 0 0 0
-2381 -3827 63 97 305583 0 0 0
-2453 -4258 75 67 639793 0 0 0
-3174 -4434 108 65 654654 0 0 0
-3140 -4071 120 76 724123 0 0 0
-2498 -4174 113 68 891633 0 0 0
-1973 -3677 80 83 560167 0 0 0
-2450 -3287 104 96 722002 0 0 0
-1755 -3973 76 56 395669 0 0 0
-2098 -4148 81 61 566489 0 0 0
-1573 -3523 113 98 837861 0 0 0
-1944 -3475 95 58 981729 0 0 0
-1621 -3216 123 97 490276 0 0 0
-1337 -3485 94 73 378689 0 0 0
-698 -3673 112 58 457823 0 0 0
-137 -3043 112 109 701721 0 0 0
259 -3707 81 59 516580 0 0 0
-466 -3757 121 80 728626 0 0 0
246 -4393 115 90 356105 0 0 0
-291 -4560 117 94 126001 0 0 0
-601 -3849 125 110 127917 0 0 0
-192 -3326 75 79 753213 0 0 0
404 -2827 63 112 715803 0 0 0
119 -2812 77 72 627027 0 0 0
445 -2917 99 60 788242 0 0 0
1131 -2577 118 102 595935 0 0 0
1659 -3286 86 79 768668 0 0 0
1888 -3303 66 88 647608 0 0 0
1457 -3205 89 77 345945 0 0 0
1770 -3182 115 85 704212 0 0 0
2208 -3252 104 93 877834 0 0 0
2926 -2806 119 74 845745 0 0 0
2522 -2845 73 70 445313 0 0 0
2804 -3349 66 78 291924 0 0 0
3063 -3186 122 109 968595 0 0 0
324 -2102 84 85 860566 0 0 0
-373 -1957 106 109 904847 0 0 0
-916 -1528 90 105 253764 0 0 0
-1040 -990 95 71 906108 0 0 0
-743 -1591 117 78 675961 0 0 0
-1425 -1825 89 59 539244 0 0 0
-2002 -2257 117 63 679941 0 0 0
-1649 -2807 73 71 850394 0 0 0
-1958 -2424 76 102 810563 0 0 0
-2236 -2925 104 97 297184 0 0 0
725 2832 63 96 295975 0 0 0
824 2680 96 75 950847 0 0 0
326 2202 78 104 237960 0 0 0
-357 2653 92 94 727994 0 0 0
199 2552 72 71 975746 0 0 0
747 3067 105 67 374602 0 0 0
180 3774 117 76 736583 0 0 0
582 3531 94 88 134388 0 0 0
537 3152 64 62 630126 0 0 0
216 3732 94 95 247445 0 0 0
488 3904 123 96 593511 0 0 0
108 3921 82 79 946360 0 0 0
500 4259 89 75 579206 0 0 0
-188 4196 100 108 225548 0 0 0
-395 4895 100 102 818239 0 0 0
-794 5285 99 79 224964 0 0 0
-526 5087 88 89 431869 0 0 0
-354 5436 95 58 767651 0 0 0
-926 5031 109 98 478190 0 0 0
-946 5606 70 84 241891 0 0 0
-292 6105 65 57 775548 0 0 0
271 6395 112 85 601917 0 0 0
525 6113 82 76 726768 0 0 0
580 6130 103 59 324089 0 0 0
37 6028 64 87 391867 0 0 0
-524 6257 82 94 874083 0 0 0
-749 6092 95 111 914584 0 0 0
-267 6011 120 75 258084 0 0 0
389 5348 108 69 645249 0 0 0
-269 5680 115 68 115141 0 0 0
-575 6321 64 76 648632 0 0 0
-1138 5871 89 64 566120 0 0 0
-1581 -935 66 78 316845 0 0 0
-1459 -1465 109 72 417911 0 0 0
-921 -1003 120 77 240354 0 0 0
-201 -830 86 62 223072 0 0 0
-906 -499 80 67 684933 0 0 0
-424 -354 75 71 706744 0 0 0
-244 -401 71 90 895293 0 0 0
-139 -588 84 65 203082 0 0 0
-732 -424 123 108 984443 0 0 0
-264 -140 125 62 518102 0 0 0
-151 -605 117 105 352142 0 0 0
466 -60 100 91 100551 0 0 0
1106 -376 94 82 933104 0 0 0
1007 216 125 113 744780 0 0 0
1579 -201 100 67 479844 0 0 0
1865 -820 102 80 130914 0 0 0
1376 -506 77 98 881842 0 0 0
1803 -1017 90 67 999976 0 0 0
1108 -766 121 85 806108 0 0 0
1193 -609 112 102 348433 0 0 0
1566 -979 114 100 989925 0 0 0
1979 -360 76 109 668795 0 0 0
1372 149 63 66 589960 0 0 0
712 839 106 66 438040 0 0 0
38 1477 120 113 839723 0 0 0
-165 827 104 108 122714 0 0 0
-204 1230 108 62 234707 0 0 0
-505 1563 94 91 185825 0 0 0
-1150 1191 69 90 255494 0 0 0
-550 1740 74 96 713815 0 0 0
-577 2031 114 113 431014 0 0 0
-1242 2622 88 67 918694 0 0 0
-536 2035 113 56 753502 0 0 0
-1038 2596 75 86 954834 0 0 0
-646 2665 83 78 496620 0 0 0
-916 3191 120 102 602052 0 0 0
-1389 3646 99 112 582853 0 0 0
-1149 3483 111 70 543157 0 0 0
-994 3666 110 108 807707 0 0 0
-514 3823 99 80 499436 0 0 0
-343 3361 67 58 761646 0 0 0
-919 3336 126 96 401289 0 0 0
-318 2770 86 110 215734 0 0 0
-487 2385 115 98 331510 0 0 0
-2223 2786 85 58 586622 0 0 0
-2945 2358 75 84 411831 0 0 0
-2436 3058 98 101 666034 0 0 0
-2540 2430 82 77 785380 0 0 0
-2249 1870 98 78 430107 0 0 0
-2820 1288 63 58 424073 0 0 0
-3457 1773 69 69 687240 0 0 0
-2812 1450 88 57 565195 0 0 0
-3325 1264 84 97 304392 0 0 0
-4001 1701 118 113 113660 0 0 0
-4080 1358 122 104 972903 0 0 0
-3708 1368 64 95 588618 0 0 0
-3535 2065 92 94 656179 0 0 0
-2886 2778 86 67 138182 0 0 0
-3125 2557 118 92 915274 0 0 0
-3617 2437 77 78 242338 0 0 0
-2926 1890 125 65 934074 0 0 0
-2928 2558 124 82 408169 0 0 0
-2581 2989 121 77 762291 0 0 0
-2210 3350 83 110 435427 0 0 0
-1854 3756 63 102 775268 0 0 0
-1433 4347 108 85 819149 0 0 0
-1264 4383 126 96 171018 0 0 0
-1866 3890 106 102 961295 0 0 0
-1182 4375 66 98 594054 0 0 0
-1249 5086 63 93 177419 0 0 0
-1156 5310 77 65 435449 0 0 0
-1807 4764 75 78 482440 0 0 0
-1225 5006 103 61 611053 0 0 0
-999 5326 110 83 685822 0 0 0
-827 5042 84 67 870975 0 0 0
-156 5681 84 72 978405 0 0 0
-836 6389 112 70 738176 0 0 0
2447 546 105 81 110268 0 0 0
1934 382 122 74 539508 0 0 0
2403 131 81 95 284385 0 0 0
2924 -149 68 77 147594 0 0 0
2203 -202 74 74 965552 0 0 0
2490 375 98 104 798319 0 0 0
2979 1039 120 93 892555 0 0 0
3227 933 79 93 912756 0 0 0
3615 1243 91 74 722886 0 0 0
4245 834 123 100 408855 0 0 0
4668 422 89 85 663243 0 0 0
5214 481 64 105 440388 0 0 0
4659 1109 123 91 168332 0 0 0
5000 652 117 64 777592 0 0 0
5251 349 119 67 887402 0 0 0
4871 715 78 83 549016 0 0 0
4638 720 111 98 458847 0 0 0
5202 595 124 64 915395 0 0 0
5035 675 124 56 388951 0 0 0
5714 898 86 86 801705 0 0 0
6418 1158 119 73 733851 0 0 0
6031 1205 94 103 589032 0 0 0
6652 1821 83 86 365981 0 0 0
7015 1161 114 109 797507 0 0 0
7665 834 86 70 286871 0 0 0
7435 274 113 96 869057 0 0 0
7863 72 124 101 236519 0 0 0
-2742 -741 93 74 630414 0 0 0
-2062 -920 84 92 719605 0 0 0
-1519 -671 100 73 142377 0 0 0
-1398 -445 75 90 200165 0 0 0
-1006 -763 124 67 375754 0 0 0
-489 -1306 110 64 643500 0 0 0
-646 -1662 100 93 963247 0 0 0
-20 -1983 104 64 498533 0 0 0
292 -2497 77 85 705988 0 0 0
794 -3157 71 99 549001 0 0 0
1269 -2849 119 58 344866 0 0 0
1882 -2697 122 109 563072 0 0 0
2336 -2197 87 63 835082 0 0 0
2142 -2174 90 64 382203 0 0 0
2253 -2168 97 64 120860 0 0 0
-1588 2533 119 88 928136 0 0 0
-1946 2337 103 81 179581 0 0 0
-1229 2488 76 75 412816 0 0 0
-563 2028 116 109 152504 0 0 0
-1205 1682 86 75 466703 0 0 0
-1425 2040 113 66 983708 0 0 0
-1888 2018 103 90 111835 0 0 0
-1229 2092 119 56 326516 0 0 0
-1067 1969 78 102 910201 0 0 0
-699 1426 125 67 541922 0 0 0
-813 1306 84 98 359397 0 0 0
-626 1811 109 77 188030 0 0 0
-251 1149 116 96 662627 0 0 0
-487 595 80 81 388813 0 0 0
-856 992 89 89 664391 0 0 0
-417 1661 67 68 105639 0 0 0
-673 2351 97 80 322457 0 0 0
-1065 2449 82 103 886698 0 0 0
-1743 2580 85 70 241474 0 0 0
-1225 2184 109 74 307294 0 0 0
-619 2600 98 107 699585 0 0 0
-1164 3026 100 104 281143 0 0 0
-1873 3397 81 96 124961 0 0 0
-1883 3808 101 69 258775 0 0 0
-1631 3696 116 73 914355 0 0 0
-908 3862 64 86 316463 0 0 0
-726 4517 99 89 768155 0 0 0
-1426 3931 118 63 907243 0 0 0
-1522 4351 113 100 493590 0 0 0
-1468 3677 65 90 572652 0 0 0
-1935 2989 65 109 196660 0 0 0
-1879 3417 88 83 230933 0 0 0
-1158 3815 122 101 148162 0 0 0
-859 3164 113 78 947726 0 0 0
-1099 3246 92 66 203635 0 0 0
-590 3870 76 82 646939 0 0 0
-904 3890 102 107 828155 0 0 0
-992 3330 75 83 740825 0 0 0
-849 2796 83 86 359756 0 0 0
-1466 2698 109 83 106033 0 0 0
1963 -1557 113 65 405439 0 0 0
1394 -1982 124 86 407495 0 0 0
2071 -2433 75 74 367805 0 0 0
1635 -2384 115 63 162976 0 0 0
1294 -1916 63 108 322813 0 0 0
1775 -1988 77 77 311675 0 0 0
2381 -1702 117 108 226842 0 0 0
2615 -1788 76 111 203886 0 0 0
3065 -1822 114 96 166719 0 0 0
3587 -2316 116 109 796654 0 0 0
3450 -2694 121 97 354435 0 0 0
3790 -3067 89 67 842047 0 0 0
3472 -2985 64 62 275825 0 0 0
2923 -2684 83 57 398045 0 0 0
3549 -2716 66 75 242294 0 0 0
3829 -2665 121 92 575418 0 0 0
4019 -2426 88 74 224286 0 0 0
3478 -2982 113 98 584532 0 0 0
3690 -2738 123 82 687434 0 0 0
47 1007 111 76 221039 0 0 0
-378 1571 69 108 735473 0 0 0
-968 1694 115 85 882990 0 0 0
-715 2107 102 105 825151 0 0 0
-716 1622 107 109 838676 0 0 0
-1290 2284 66 65 434725 0 0 0
-658 2305 110 57 469606 0 0 0
-462 1971 78 91 222604 0 0 0
-65 1949 85 94 954425 0 0 0
-267 2013 74 92 576541 0 0 0
-335 1533 96 76 902646 0 0 0
165 1944 105 58 935547 0 0 0
762 2567 65 85 373984 0 0 0
516 2488 73 112 185526 0 0 0
106 3161 104 90 401026 0 0 0
-558 3047 125 93 707814 0 0 0
-110 3452 88 79 930489 0 0 0
-540 3938 113 71 594039 0 0 0
-687 4456 110 93 862960 0 0 0
-497 4651 101 64 739067 0 0 0
-1092 4786 110 103 950183 0 0 0
-909 5090 71 91 253046 0 0 0
-1424 5029 75 88 647398 0 0 0
-1799 4309 72 58 813738 0 0 0
-1149 4436 70 110 523354 0 0 0
-1658 4732 85 73 551862 0 0 0
-2308 4025 85 65 978757 0 0 0
-2330 3335 115 80 390331 0 0 0
-2027 3955 113 65 598268 0 0 0
-1347 4061 78 91 245631 0 0 0
-857 4100 91 95 428446 0 0 0
-852 4367 113 77 897155 0 0 0
-1441 4885 119 111 386525 0 0 0
-1436 4607 98 92 404019 0 0 0
-930 4186 64 57 614013 0 0 0
-1138 4292 118 110 763850 0 0 0
-1313 4108 120 92 461452 0 0 0
-976 4309 80 85 729281 0 0 0
-637 4198 104 74 616217 0 0 0
-307 4427 94 66 651860 0 0 0
-29 4596 113 72 522198 0 0 0
550 2703 112 85 444315 0 0 0
231 3244 103 82 143579 0 0 0
853 3894 89 103 408514 0 0 0
239 3942 116 99 880147 0 0 0
585 3332 79 68 391332 0 0 0
1244 3002 84 81 970224 0 0 0
1888 3548 111 95 339303 0 0 0
2459 4174 109 113 523673 0 0 0
3097 3746 107 103 219589 0 0 0
2872 4453 77 78 787393 0 0 0
3232 4278 69 88 402476 0 0 0
3438 4105 122 109 268056 0 0 0
4142 4663 91 87 552335 0 0 0
4688 4980 82 88 242223 0 0 0
4262 5256 92 71 973779 0 0 0
3648 5907 85 90 331808 0 0 0
3111 6372 91 105 860000 0 0 0
3094 6625 125 84 732232 0 0 0
3559 6280 80 75 159674 0 0 0
3614 5990 108 97 406581 0 0 0
3521 6357 122 110 400375 0 0 0
3370 6786 98 99 331298 0 0 0
3164 7001 93 105 440151 0 0 0
3348 6486 119 88 629783 0 0 0
3437 6108 105 96 989842 0 0 0
4006 6106 125 82 584904 0 0 0
4657 6783 86 76 338107 0 0 0
4938 6375 68 83 738175 0 0 0
470 -2605 126 68 842456 0 0 0
998 -2196 68 77 516023 0 0 0
964 -1867 78 94 601833 0 0 0
1475 -2149 101 70 684821 0 0 0
1082 -2473 91 64 433548 0 0 0
505 -2602 70 56 839417 0 0 0
482 -2907 121 71 300199 0 0 0
-31 -2763 64 82 339168 0 0 0
659 -2580 99 71 543817 0 0 0
994 -2842 93 98 689851 0 0 0
590 -3448 96 67 461455 0 0 0
580 -3703 117 98 325360 0 0 0
-57 -3345 63 70 835755 0 0 0
-777 -2789 87 112 457035 0 0 0
-381 -2096 113 81 695020 0 0 0
-875 -2345 125 96 267329 0 0 0
-980 -2331 85 92 433814 0 0 0
-1119 -1937 116 105 918151 0 0 0
-774 -2249 92 76 657917 0 0 0
-622 -1885 113 100 631914 0 0 0
-667 -1923 92 75 299983 0 0 0
-279 -2231 77 74 483744 0 0 0
-760 -1841 64 60 143823 0 0 0
-212 -1912 110 62 319029 0 0 0
-405 -2292 118 96 121995 0 0 0
-609 -2791 125 106 849894 0 0 0
-674 -3501 95 105 367128 0 0 0
-1043 -3654 114 93 664138 0 0 0
-1479 -2935 122 74 118267 0 0 0
-1389 -3219 101 99 529285 0 0 0
-1864 -2506 89 111 802667 0 0 0
-1655 -3174 121 82 141581 0 0 0
-2044 -2598 74 80 950425 0 0 0
-2047 -2128 92 75 988902 0 0 0
-2364 -2058 85 105 863642 0 0 0
-2867 -1555 112 87 547657 0 0 0
-3270 -2093 122 79 219087 0 0 0
-3096 -1597 117 69 281886 0 0 0
-2748 -2135 117 68 436092 0 0 0
-2578 -2538 123 102 938290 0 0 0
-2312 -2091 114 98 112926 0 0 0
-1604 -1466 70 82 366306 0 0 0
-1366 -816 122 111 360913 0 0 0
-1504 -1439 63 68 597187 0 0 0
-1807 -2057 91 96 209359 0 0 0
-1357 -2233 75 72 883792 0 0 0
-1914 -1537 97 89 727932 0 0 0
-1683 -1754 101 106 304843 0 0 0
-1013 -1331 95 61 786357 0 0 0
-1452 -1770 85 61 447427 0 0 0
-1406 -2385 110 76 155255 0 0 0
-1791 -2355 91 82 978213 0 0 0
-2167 -1828 116 111 402398 0 0 0
-2367 -2180 120 103 783188 0 0 0
-1851 -1830 121 68 291176 0 0 0
-1343 -1907 74 103 690590 0 0 0
-933 -1668 75 76 230435 0 0 0
-1106 -1082 114 103 584095 0 0 0
-1450 -706 104 91 205226 0 0 0
-1391 5 101 79 284284 0 0 0
-1115 -696 89 106 785678 0 0 0
-535 -335 73 86 851260 0 0 0
-408 -120 63 99 884716 0 0 0
38 433 79 102 818900 0 0 0
-104 571 90 97 898250 0 0 0
-672 556 123 64 863758 0 0 0
-60 680 71 97 750301 0 0 0
-664 818 104 70 155607 0 0 0
-1010 675 68 57 956750 0 0 0
-1291 948 67 90 632417 0 0 0
-957 343 98 73 716661 0 0 0
-997 1747 77 87 637274 0 0 0
-1214 1380 111 86 714511 0 0 0
-1790 920 108 76 476738 0 0 0
-1456 1029 73 84 194003 0 0 0
-1517 1046 78 74 815921 0 0 0
-1172 829 83 66 806974 0 0 0
-1489 1199 64 58 685335 0 0 0
-1814 1235 115 57 847751 0 0 0
-2130 1300 69 73 760342 0 0 0
-2761 1701 70 92 850366 0 0 0
-3319 1207 126 67 378014 0 0 0
-2644 1250 95 69 397674 0 0 0
-2399 1951 110 70 278071 0 0 0
-2013 2251 65 101 105575 0 0 0
-1501 2581 119 66 656656 0 0 0
-1833 2238 82 85 728525 0 0 0
-1420 2275 81 97 872149 0 0 0
-903 1669 71 108 938454 0 0 0
-1128 1435 125 88 984030 0 0 0
-1023 1955 94 63 734105 0 0 0
-1598 1632 75 86 829555 0 0 0
-1816 2026 84 85 430000 0 0 0
-1285 2460 64 88 993805 0 0 0
-1824 2491 79 72 529749 0 0 0
-1816 1808 69 112 385433 0 0 0
-2065 2016 96 91 957392 0 0 0
-2563 2385 73 83 273408 0 0 0
-2925 2654 94 82 124306 0 0 0
-2833 2316 121 70 915661 0 0 0
-3554 2486 95 70 423255 0 0 0
-4177 2672 107 91 978717 0 0 0
-3884 3228 95 83 206024 0 0 0
-3277 3873 76 60 650223 0 0 0
-3405 3897 86 105 896270 0 0 0
-2853 3496 98 68 220414 0 0 0
-3452 3615 105 85 283147 0 0 0
-3638 3071 72 87 750161 0 0 0
-4004 3631 80 105 735624 0 0 0
741 -2038 66 92 302219 0 0 0
230 -1753 122 92 786094 0 0 0
253 -2102 93 88 965531 0 0 0
-97 -2415 119 67 287102 0 0 0
-706 -2919 99 91 923034 0 0 0
-610 -3489 85 100 587623 0 0 0
-652 -3197 108 76 284893 0 0 0
-589 -3769 113 65 535938 0 0 0
-262 -4077 73 99 149602 0 0 0
73 -4661 106 99 134338 0 0 0
784 -4879 81 81 495445 0 0 0
738 -5311 114 82 867722 0 0 0
1406 -5268 108 88 565250 0 0 0
1610 -5083 92 81 780897 0 0 0
1402 -5384 69 64 624569 0 0 0
1691 -5818 107 98 500619 0 0 0
-718 1878 112 99 541487 0 0 0
-278 2587 81 99 369445 0 0 0
-512 2814 111 87 126724 0 0 0
-545 3108 78 84 256075 0 0 0
-313 3115 106 62 996493 0 0 0
-412 3164 66 91 494990 0 0 0
-876 3880 111 58 732487 0 0 0
-1519 4186 116 59 618522 0 0 0
-1404 4181 102 61 637324 0 0 0
-797 4436 104 105 222989 0 0 0
-1520 4449 78 72 743087 0 0 0
-1103 4324 85 95 369585 0 0 0
-1098 4418 82 70 352038 0 0 0
-1549 4709 79 61 184063 0 0 0
-1304 5378 100 93 280533 0 0 0
-602 5094 85 77 183535 0 0 0
-515 5439 113 68 886814 0 0 0
-1180 4995 85 63 386453 0 0 0
-724 5165 115 102 252301 0 0 0
-397 4626 64 65 401387 0 0 0
-570 4367 121 103 821590 0 0 0
-801 3701 73 64 487732 0 0 0
-368 4293 98 113 643050 0 0 0
-422 4190 118 94 337628 0 0 0
270 4689 107 105 677038 0 0 0
564 5302 81 91 373020 0 0 0
723 5660 95 58 571806 0 0 0
3 5557 86 86 209567 0 0 0
-326 5677 100 56 167308 0 0 0
-114 6088 122 86 808005 0 0 0
-464 5622 66 82 552966 0 0 0
-468 6342 92 59 856236 0 0 0
-600 6193 101 96 547531 0 0 0
-948 6519 74 91 506896 0 0 0
-2530 371 101 110 804959 0 0 0
-2414 216 120 74 363814 0 0 0
-2733 235 96 104 103104 0 0 0
-2234 -469 100 56 188003 0 0 0
-2401 -96 113 79 290705 0 0 0
-1724 -613 123 82 324537 0 0 0
-1716 -1262 103 59 172106 0 0 0
-2416 -1391 105 110 232606 0 0 0
-1946 -1266 114 91 958524 0 0 0
-2336 -1420 65 60 606249 0 0 0
-2548 -1953 123 84 466016 0 0 0
-2330 -2546 100 93 485651 0 0 0
-1614 -2875 70 87 199173 0 0 0
-1544 -2907 82 75 738151 0 0 0
-868 -2654 83 74 944081 0 0 0
-493 -3296 123 103 907146 0 0 0
-430 -2921 113 56 457288 0 0 0
230 -2347 106 71 498718 0 0 0
-135 -1932 65 107 276103 0 0 0
522 -1911 123 85 962926 0 0 0
8 -1734 106 59 412984 0 0 0
-694 -1073 113 66 625430 0 0 0
-365 -1544 100 79 492279 0 0 0
-492 -2052 101 84 610789 0 0 0
-679 -2279 64 70 667174 0 0 0
-543 -2535 88 76 766335 0 0 0
-243 -1996 90 82 568239 0 0 0
439 -2319 94 91 350082 0 0 0
473 -2424 106 107 176570 0 0 0
981 -2448 115 60 446093 0 0 0
1004 -2143 74 87 196773 0 0 0
484 -1506 86 94 406320 0 0 0
91 -2007 103 58 300428 0 0 0
706 -1902 124 84 368140 0 0 0
596 -1750 97 72 464114 0 0 0
996 -1563 104 100 759959 0 0 0
1622 -1029 66 99 982038 0 0 0
1999 -485 83 92 329184 0 0 0
2553 -303 73 62 220445 0 0 0
1726 -2552 64 88 787733 0 0 0
1963 -2600 114 66 357541 0 0 0
1959 -2015 73 60 567729 0 0 0
2541 -2494 125 66 440909 0 0 0
2194 -2697 70 109 704129 0 0 0
2426 -2956 123 110 166397 0 0 0
3096 -3064 118 78 909851 0 0 0
2790 -2488 90 106 470360 0 0 0
3435 -2057 119 80 875409 0 0 0
3374 -2590 76 91 106677 0 0 0
3954 -2875 90 81 267989 0 0 0
3514 -3577 91 87 833758 0 0 0
3624 -3754 124 113 431611 0 0 0
3971 -3527 125 83 531054 0 0 0
3975 -3781 81 108 121971 0 0 0
4085 -4019 111 60 368961 0 0 0
3444 -3564 98 62 552232 0 0 0
3701 -4155 69 113 961554 0 0 0
3313 -4437 99 103 699690 0 0 0
3987 -4184 85 75 802240 0 0 0
3536 -3631 126 58 216729 0 0 0
4235 -4122 76 86 740556 0 0 0
4480 -3574 67 103 719849 0 0 0
4505 -3584 93 70 974567 0 0 0
4004 -4277 118 80 693601 0 0 0
4243 -4202 114 74 832954 0 0 0
4519 -3812 84 98 842596 0 0 0
5006 -4492 84 61 794436 0 0 0
5182 -4563 119 100 838545 0 0 0
4889 -4467 70 85 339853 0 0 0
5290 -3775 108 102 484975 0 0 0
4646 -3540 86 108 906198 0 0 0
4587 -4114 98 82 337640 0 0 0
3988 -4000 107 69 632353 0 0 0
3547 -3643 88 57 181887 0 0 0
4171 -3043 88 64 786266 0 0 0
4020 -2712 66 84 925072 0 0 0
4529 -2060 86 83 519512 0 0 0
4446 -1378 80 112 843484 0 0 0
4330 -1188 79 112 167920 0 0 0
4798 -1676 118 100 221702 0 0 0
5219 -1281 91 82 938280 0 0 0
5500 -1126 126 108 730497 0 0 0
6015 -1709 112 74 664326 0 0 0
6237 -1781 126 73 673561 0 0 0
6916 -1439 84 107 118747 0 0 0
6410 -1167 104 100 859766 0 0 0
6337 -1731 70 110 892654 0 0 0
7030 -1191 87 94 336869 0 0 0
7258 -880 120 110 506647 0 0 0
7627 -400 124 102 111821 0 0 0
7802 -1074 87 72 296641 0 0 0
8334 -1353 90 103 607053 0 0 0
7799 -667 119 101 474542 0 0 0
8446 -222 73 101 479347 0 0 0
8728 -462 107 88 832041 0 0 0
8636 -1002 109 111 194463 0 0 0
8419 -927 70 95 653208 0 0 0
8977 -1642 110 95 422049 0 0 0
8444 -1514 114 76 438202 0 0 0
7742 -1188 103 92 881652 0 0 0
7242 -1228 85 102 141950 0 0 0
6714 -1147 96 67 700817 0 0 0
6986 -1564 72 109 645219 0 0 0
7494 -1483 103 107 202418 0 0 0
8124 -1124 100 72 502359 0 0 0
7846 -1380 109 91 773503 0 0 0
8508 -1847 119 58 221231 0 0 0
8561 -2334 122 58 931010 0 0 0
9233 -2005 89 107 819671 0 0 0
9362 -2698 113 86 387825 0 0 0
8686 -2479 118 60 903007 0 0 0
7978 -2900 67 82 645798 0 0 0
8074 -2712 121 75 795225 0 0 0
8452 -3382 66 76 858683 0 0 0
8816 -3918 78 104 433506 0 0 0
8181 -4034 118 81 649087 0 0 0
7754 -4115 85 84 417742 0 0 0
7164 -4054 86 100 363015 0 0 0
6936 -4145 103 69 593021 0 0 0
6908 -4736 67 98 887808 0 0 0
7421 -4366 65 102 731503 0 0 0
8040 -4615 90 63 660332 0 0 0
8207 -5080 119 82 375234 0 0 0
8650 -5088 82 80 954687 0 0 0
8071 -5321 90 81 537425 0 0 0
7967 -4757 88 75 302049 0 0 0
7757 -5045 76 68 228634 0 0 0
8409 -4643 74 95 621980 0 0 0
8332 -4412 79 72 324789 0 0 0
8546 -4292 65 83 459349 0 0 0
8036 -4282 118 82 404723 0 0 0
7867 -4294 98 56 438729 0 0 0
8191 -4436 121 108 123310 0 0 0
8868 -4515 125 97 589245 0 0 0
8739 -4830 78 103 652689 0 0 0
-261 -740 119 79 883294 0 0 0
-775 -334 83 65 519080 0 0 0
-971 -948 74 86 899395 0 0 0
-1039 -899 72 75 312481 0 0 0
-553 -635 89 102 243668 0 0 0
151 -141 112 86 957148 0 0 0
777 -304 85 78 344684 0 0 0
646 -949 96 80 336717 0 0 0
1209 -735 118 107 254779 0 0 0
592 -870 102 95 244354 0 0 0
644 -1535 74 98 666599 0 0 0
1235 -1264 82 101 710098 0 0 0
602 -794 75 99 264928 0 0 0
1106 -1490 126 57 946807 0 0 0
1358 -768 100 84 756130 0 0 0
2041 -1377 87 62 487227 0 0 0
1879 -1371 108 87 354488 0 0 0
1850 -717 121 80 493924 0 0 0
1527 -734 75 101 250105 0 0 0
1629 -1255 123 88 728304 0 0 0
2274 -1612 109 100 697402 0 0 0
2030 -1183 76 63 741858 0 0 0
2403 -1480 120 76 877221 0 0 0
1686 -1081 79 59 991270 0 0 0
1105 -462 77 86 212198 0 0 0
641 -803 65 68 500778 0 0 0
466 -1026 89 61 384581 0 0 0
147 -1104 73 100 435816 0 0 0
381 -1675 100 66 804983 0 0 0
347 -1570 114 67 457138 0 0 0
-249 -1437 87 91 810106 0 0 0
-477 -846 112 80 809795 0 0 0
-988 -453 122 65 487801 0 0 0
-903 -486 82 72 670791 0 0 0
-1440 -832 90 95 939103 0 0 0
-1060 -402 69 93 913696 0 0 0
-601 158 118 69 838110 0 0 0
-733 509 88 104 301970 0 0 0
-1265 1204 68 57 268675 0 0 0
-1237 1723 98 95 439614 0 0 0
-1261 1145 67 66 507292 0 0 0
-1114 878 126 91 494932 0 0 0
-1411 1194 121 71 444792 0 0 0
-1850 945 94 99 803356 0 0 0
-1694 375 87 108 811065 0 0 0
-1082 743 76 112 206909 0 0 0
-1225 575 74 76 421543 0 0 0
-620 659 114 86 694105 0 0 0
-543 904 83 95 540695 0 0 0
-465 757 100 102 913400 0 0 0
-147 86 122 78 216752 0 0 0
219 -164 105 86 570255 0 0 0
761 -736 109 69 605468 0 0 0
1150 -168 69 100 729634 0 0 0
811 -208 69 109 674924 0 0 0
950 451 113 98 710791 0 0 0
1470 -1121 100 66 600182 0 0 0
1823 -1012 82 94 141247 0 0 0
1833 -429 118 77 734540 0 0 0
2126 -993 93 110 551146 0 0 0
1870 -1091 86 64 621681 0 0 0
1376 -945 80 73 867573 0 0 0
1259 -1169 124 75 348465 0 0 0
1271 -983 117 88 895887 0 0 0
775 -576 68 97 358297 0 0 0
773 -497 83 92 753083 0 0 0
275 -896 68 108 202980 0 0 0
696 -763 106 70 162505 0 0 0
421 -535 107 84 610432 0 0 0
1113 -457 71 79 856871 0 0 0
2520 -280 79 83 876077 0 0 0
2367 58 120 94 515279 0 0 0
2036 245 103 69 467457 0 0 0
2261 -29 93 58 654067 0 0 0
2457 629 67 99 927359 0 0 0
2618 894 77 84 261800 0 0 0
2588 1006 121 109 159112 0 0 0
2249 985 100 69 727761 0 0 0
2152 920 64 87 384295 0 0 0
2376 911 66 78 290052 0 0 0
2477 518 125 70 164313 0 0 0
3158 1222 71 61 766096 0 0 0
3136 1101 111 74 288536 0 0 0
3045 394 77 78 237139 0 0 0
3262 899 79 83 648303 0 0 0
3201 605 123 112 251749 0 0 0
3791 387 72 106 773384 0 0 0
3256 612 107 108 925589 0 0 0
3007 1138 108 59 450256 0 0 0
3540 1498 87 109 390408 0 0 0
4203 1678 108 64 454392 0 0 0
3927 1564 80 105 259649 0 0 0
3832 1372 85 107 777117 0 0 0
3691 1066 76 65 958127 0 0 0
3017 537 87 82 442726 0 0 0
2611 1032 93 65 944860 0 0 0
2908 1481 117 76 838570 0 0 0
3263 1587 109 103 552009 0 0 0
3112 1905 103 74 741260 0 0 0
3488 2388 78 85 514279 0 0 0
3795 1969 125 66 826828 0 0 0
3560 2094 120 76 370342 0 0 0
3088 2072 117 58 530211 0 0 0
3175 2719 70 57 529479 0 0 0
3368 2369 93 113 564826 0 0 0
3484 2017 104 74 717327 0 0 0
3625 2176 77 69 293660 0 0 0
3999 2167 92 70 621793 0 0 0
3399 2580 110 94 141502 0 0 0
4095 3180 126 89 163604 0 0 0
3532 3362 124 65 443137 0 0 0
-38 -252 79 73 891349 0 0 0
83 -511 124 74 947223 0 0 0
158 -714 84 94 588830 0 0 0
624 -492 91 110 294012 0 0 0
-99 -915 107 71 977941 0 0 0
-585 -674 80 70 597631 0 0 0
-1021 -713 95 106 582973 0 0 0
-1362 -1365 118 105 838893 0 0 0
-1927 -1258 125 109 317844 0 0 0
-2005 -688 80 65 545936 0 0 0
-2552 -1078 86 107 646316 0 0 0
-2499 -738 122 90 326052 0 0 0
-3101 -280 114 103 208042 0 0 0
-3214 -378 82 56 441290 0 0 0
-3697 186 67 109 565300 0 0 0
-4290 889 112 79 199709 0 0 0
-3666 887 87 96 841164 0 0 0
-3297 1045 71 85 331072 0 0 0
-2611 687 82 69 990617 0 0 0
-2964 -28 113 104 608917 0 0 0
-3047 -210 98 83 159490 0 0 0
-3559 -481 65 79 640051 0 0 0
-3133 -172 116 78 285770 0 0 0
-3366 -536 100 65 221630 0 0 0
-2765 -665 121 110 939838 0 0 0
-2383 -69 66 78 971700 0 0 0
-1867 -461 92 70 941398 0 0 0
-2129 134 64 103 715908 0 0 0
-2020 693 96 71 910747 0 0 0
-1881 92 70 79 927670 0 0 0
-1415 650 90 95 167365 0 0 0
-1647 673 108 62 143110 0 0 0
-2196 982 97 86 520074 0 0 0
-2503 451 82 110 413249 0 0 0
-3075 15 121 81 573258 0 0 0
-2566 -137 78 108 504424 0 0 0
-3161 -809 88 67 864218 0 0 0
-3834 -1518 96 81 683139 0 0 0
-3273 -1936 89 92 700820 0 0 0
-3936 -1659 120 69 849114 0 0 0
-3622 -2375 123 72 503230 0 0 0
-3878 -2150 87 76 759413 0 0 0
-3777 -1466 108 109 736857 0 0 0
-3773 -1383 69 104 626341 0 0 0
-3912 -1718 69 64 860610 0 0 0
-3405 -1628 102 81 564621 0 0 0
-3434 -954 63 108 271831 0 0 0
-3645 -1025 123 63 946311 0 0 0
-4257 -1478 70 77 328774 0 0 0
-3787 -874 118 80 359328 0 0 0
-4086 -515 111 70 608901 0 0 0
-4349 -407 101 104 442240 0 0 0
-5069 -229 87 58 537017 0 0 0
-4674 -578 88 113 140927 0 0 0
-4075 -714 121 73 557186 0 0 0
-4166 -32 65 91 374315 0 0 0
-3553 -624 64 89 728773 0 0 0
-3385 -521 116 94 476018 0 0 0
-4046 -71 75 95 650194 0 0 0
-3867 -570 117 72 980308 0 0 0
-304 730 126 87 497457 0 0 0
64 1322 74 99 712929 0 0 0
563 1422 91 108 135975 0 0 0
963 848 92 86 650397 0 0 0
1171 819 94 102 530045 0 0 0
692 1174 114 66 158769 0 0 0
149 1680 93 77 833880 0 0 0
456 1870 76 106 107003 0 0 0
142 1748 100 107 382069 0 0 0
787 2326 91 57 148868 0 0 0
964 2026 63 105 375724 0 0 0
1201 2548 116 113 289407 0 0 0
1022 2627 70 89 432034 0 0 0
968 2485 117 71 643341 0 0 0
806 1956 101 109 219998 0 0 0
332 2173 63 85 806140 0 0 0
708 2622 115 73 753028 0 0 0
1289 2370 85 70 468098 0 0 0
1523 2264 98 87 558482 0 0 0
1486 1914 87 112 567993 0 0 0
1083 1921 79 93 641356 0 0 0
1118 1598 112 80 310939 0 0 0
1458 1265 102 57 196414 0 0 0
1622 1815 110 83 996354 0 0 0
1341 1177 86 89 899899 0 0 0
1702 644 64 88 371104 0 0 0
2122 538 125 70 140566 0 0 0
1946 163 116 88 950484 0 0 0
2432 502 65 62 248306 0 0 0
1713 -121 79 113 964635 0 0 0
2329 461 125 58 274408 0 0 0
2636 715 78 75 676097 0 0 0
3287 464 91 73 703157 0 0 0
3345 292 123 62 569631 0 0 0
3942 353 121 89 477413 0 0 0
4172 854 99 62 129146 0 0 0
4010 397 100 77 865905 0 0 0
3297 757 83 96 410320 0 0 0
2873 407 89 83 257524 0 0 0
3587 262 111 86 315273 0 0 0
3294 394 90 97 530116 0 0 0
3961 1111 74 104 146038 0 0 0
3435 1449 126 107 359851 0 0 0
3557 1084 108 76 929250 0 0 0
2997 1521 126 69 477211 0 0 0
3040 2193 81 75 203499 0 0 0
3146 2418 99 64 998754 0 0 0
3149 3033 106 112 208538 0 0 0
2482 2684 100 94 897638 0 0 0
2684 2430 124 72 964041 0 0 0
2090 1911 63 97 703457 0 0 0
2298 2199 70 88 130074 0 0 0
2626 1616 82 89 733417 0 0 0
2496 1492 106 96 590280 0 0 0
2823 1243 90 100 894130 0 0 0
2385 1426 81 56 907633 0 0 0
1688 760 111 68 581572 0 0 0
1113 721 97 82 528972 0 0 0
1114 638 77 58 137117 0 0 0
1594 87 113 65 272878 0 0 0
1017 286 108 100 581409 0 0 0
1406 109 115 107 815362 0 0 0
1062 -157 115 62 510580 0 0 0
696 -335 108 111 144278 0 0 0
982 -625 65 110 366939 0 0 0
472 -1224 115 96 168274 0 0 0
1024 -1294 84 68 847409 0 0 0
338 -1018 68 58 953140 0 0 0
201 -1645 106 77 242562 0 0 0
-956 -486 121 87 201808 0 0 0
-700 185 108 109 892094 0 0 0
-407 -33 65 111 809179 0 0 0
-556 140 106 94 492793 0 0 0
-159 378 85 107 708381 0 0 0
-858 569 98 60 614460 0 0 0
-295 -113 119 75 623479 0 0 0
-765 -473 90 88 618916 0 0 0
-1447 -615 119 66 890329 0 0 0
-1406 -635 71 61 586886 0 0 0
-1016 42 108 73 693950 0 0 0
-1322 -151 89 102 865968 0 0 0
-708 -814 64 99 439034 0 0 0
-128 -508 68 76 132400 0 0 0
-526 -166 82 68 805438 0 0 0
-506 -702 116 67 502373 0 0 0
154 -1144 89 91 144925 0 0 0
776 -1160 89 109 516483 0 0 0
237 -1596 97 81 192265 0 0 0
358 -1229 83 97 588578 0 0 0
-33 -1750 98 79 310688 0 0 0
-307 -2366 84 107 921323 0 0 0
-642 -2913 111 73 624226 0 0 0
-206 -2495 86 101 462733 0 0 0
120 -3128 113 59 362407 0 0 0
633 -2487 89 90 503521 0 0 0
822 -2164 76 91 755191 0 0 0
1157 -1581 99 87 452860 0 0 0
1309 -1206 66 97 991281 0 0 0
856 -1210 98 112 860767 0 0 0
754 -1642 66 92 263544 0 0 0
829 -1972 120 79 133105 0 0 0
1196 -2618 93 113 353265 0 0 0
1161 -2804 65 81 326710 0 0 0
1316 -2863 66 100 676412 0 0 0
672 -2548 67 77 216838 0 0 0
111 -2629 73 103 692086 0 0 0
-521 -3315 70 94 686358 0 0 0
171 -3086 94 81 333169 0 0 0
-35 -2836 117 65 321630 0 0 0
-420 -2607 88 105 645581 0 0 0
-635 -2182 96 73 540125 0 0 0
