3000
875 -2172 97 70 614855 0 0 0
1548 -1956 82 63 261243 0 0 0
1594 -1584 80 61 844225 0 0 0
1047 -1224 71 78 954653 0 0 0
1573 -1231 111 105 707352 0 0 0
1097 -1019 109 88 193457 0 0 0
1498 -1281 81 74 128728 0 0 0
2177 -1387 115 68 217771 0 0 0
1566 -910 65 74 121943 0 0 0
1661 -1092 81 86 176110 0 0 0
2362 -1205 111 69 625202 0 0 0
2573 -771 80 101 789172 0 0 0
1889 -408 79 81 737309 0 0 0
1600 -408 121 106 263700 0 0 0
2163 -150 104 94 127202 0 0 0
2477 -887 120 73 162106 0 0 0
2900 -396 71 64 699206 0 0 0
3104 -857 129 84 399636 0 0 0
3109 -1511 90 91 899305 0 0 0
3175 -1360 79 66 649747 0 0 0
3004 -1380 127 107 475301 0 0 0
2519 -1005 127 117 585286 0 0 0
2012 -470 117 85 246477 0 0 0
1656 -568 116 73 162302 0 0 0
2125 -442 114 111 621712 0 0 0
2617 -7 74 68 655024 0 0 0
2370 -301 104 114 652562 0 0 0
1661 -260 75 70 437649 0 0 0
1152 -540 76 117 544981 0 0 0
1795 61 76 112 877871 0 0 0
1583 253 83 86 116040 0 0 0
940 87 126 76 904036 0 0 0
307 798 125 73 753625 0 0 0
834 1215 128 89 468445 0 0 0
642 524 89 84 656249 0 0 0
1390 959 98 117 572181 0 0 0
1390 526 126 60 752025 0 0 0
1458 661 86 60 400314 0 0 0
1455 347 65 114 801732 0 0 0
1779 395 82 82 736963 0 0 0
1079 386 125 60 173814 0 0 0
948 445 78 99 198364 0 0 0
1371 463 103 84 268875 0 0 0
1249 777 109 99 354011 0 0 0
725 341 119 114 176387 0 0 0
933 -407 95 61 431951 0 0 0
633 -359 130 103 933121 0 0 0
721 -415 126 109 978347 0 0 0
644 -1078 92 59 404476 0 0 0
413 -486 130 112 249443 0 0 0
603 -503 89 79 868431 0 0 0
683 -1086 101 107 651650 0 0 0
1071 -1227 69 81 121242 0 0 0
667 -1907 81 99 830687 0 0 0
1295 -2247 74 71 908008 0 0 0
849 -2000 128 115 982695 0 0 0
202 -1288 113 99 955866 0 0 0
596 -811 72 84 920699 0 0 0
356 -613 68 89 337494 0 0 0
137 -84 80 97 328063 0 0 0
763 482 119 88 708120 0 0 0
1004 1232 107 62 628464 0 0 0
697 1068 105 66 970164 0 0 0
1425 1600 82 62 933431 0 0 0
1593 1177 124 61 480361 0 0 0
1973 885 69 74 808624 0 0 0
1882 1330 65 80 672605 0 0 0
1141 1237 107 87 988570 0 0 0
643 1925 127 101 492306 0 0 0
1180 2096 116 86 176275 0 0 0
757 2200 65 116 807313 0 0 0
1402 1507 67 90 548848 0 0 0
947 1040 91 109 533842 0 0 0
746 1076 89 79 378028 0 0 0
1278 1270 121 93 144223 0 0 0
1860 896 119 66 927017 0 0 0
1983 649 105 61 460588 0 0 0
2530 1150 128 93 844333 0 0 0
2985 466 65 110 107559 0 0 0
3489 391 112 66 579881 0 0 0
3784 -97 68 113 746563 0 0 0
3990 -159 87 84 207381 0 0 0
3288 -32 90 64 776494 0 0 0
3107 -57 84 68 883943 0 0 0
3458 -271 80 116 929627 0 0 0
3521 -675 129 97 135476 0 0 0
4047 -365 128 110 600815 0 0 0
4192 -52 118 115 170935 0 0 0
4059 -674 68 75 433641 0 0 0
4665 -1381 75 81 944379 0 0 0
4759 -2002 99 111 410165 0 0 0
4903 -1381 108 70 901214 0 0 0
5393 -1861 78 61 255694 0 0 0
5094 -1712 127 98 808807 0 0 0
5513 -1119 113 60 676340 0 0 0
5945 -1550 74 68 914003 0 0 0
5916 -1474 82 95 267695 0 0 0
6411 -748 70 100 122029 0 0 0
-1449 -11 129 93 306863 0 0 0
-1729 279 83 84 980266 0 0 0
-1126 82 111 66 805759 0 0 0
-1196 293 86 65 721350 0 0 0
-1576 -201 129 91 581719 0 0 0
-1280 -585 104 91 854108 0 0 0
-1370 -767 108 116 214622 0 0 0
-887 -1078 87 92 355818 0 0 0
-1049 -1134 70 113 666671 0 0 0
-1537 -640 128 84 169887 0 0 0
-873 62 127 79 782739 0 0 0
-1462 -43 113 105 220563 0 0 0
-1836 392 85 95 577789 0 0 0
-1709 -248 95 67 280914 0 0 0
-1908 -263 82 111 736445 0 0 0
-2173 83 67 103 751977 0 0 0
-2857 146 110 65 300176 0 0 0
-2829 120 76 70 583499 0 0 0
-2318 -248 75 80 524432 0 0 0
-2782 -992 107 103 500708 0 0 0
-2585 -323 67 67 598632 0 0 0
-2897 -1043 103 70 852563 0 0 0
-3447 -1040 83 64 201720 0 0 0
-3616 -416 108 103 705113 0 0 0
-3657 -1023 107 62 282327 0 0 0
-3425 -1636 85 79 516583 0 0 0
-4129 -906 130 82 552785 0 0 0
-4714 -1028 97 89 991715 0 0 0
-4426 -1766 125 108 156351 0 0 0
-3752 -1442 99 83 310213 0 0 0
-4254 -1434 101 69 688954 0 0 0
-3634 -1192 78 100 610314 0 0 0
-3038 -1417 72 94 518120 0 0 0
-3674 -1279 123 63 100490 0 0 0
-3398 -851 74 100 891735 0 0 0
-3091 -1245 126 97 395163 0 0 0
-3622 -777 110 103 722599 0 0 0
-3564 -403 112 84 767093 0 0 0
-4281 -914 66 110 633134 0 0 0
-3939 -425 76 114 631680 0 0 0
-4233 -405 88 66 331791 0 0 0
-3818 189 117 59 455743 0 0 0
-3474 -33 98 89 452771 0 0 0
-3562 -361 125 69 350965 0 0 0
-3926 -635 114 89 399626 0 0 0
-4378 -1158 96 97 968964 0 0 0
-4618 -1577 92 60 950572 0 0 0
-4311 -1438 102 68 510480 0 0 0
-4789 -1442 74 76 334021 0 0 0
-4287 -2021 93 106 445830 0 0 0
-4758 -1489 127 66 295961 0 0 0
-4282 -1997 72 76 998482 0 0 0
-3760 -1874 112 67 370477 0 0 0
-3310 -1414 116 79 730303 0 0 0
-3197 -1498 98 69 301229 0 0 0
-2848 -935 126 79 201670 0 0 0
-3147 -1148 125 73 682735 0 0 0
-2543 -678 98 77 983011 0 0 0
-2675 -1196 71 87 788328 0 0 0
-2253 -1579 105 110 730551 0 0 0
-2429 -2063 74 77 506820 0 0 0
-2522 -2891 102 81 470568 0 0 0
-2987 -2920 96 68 994824 0 0 0
-3461 -2302 81 77 240042 0 0 0
-4112 -2377 87 108 899079 0 0 0
-4446 -2691 85 102 331893 0 0 0
-4320 -2485 107 76 551443 0 0 0
-4097 -2019 74 87 115389 0 0 0
-4194 -2223 121 64 322083 0 0 0
-4611 -2451 129 100 358192 0 0 0
-4768 -1854 91 62 265123 0 0 0
-4808 -1348 65 64 539834 0 0 0
-4725 -1686 71 90 800241 0 0 0
-4809 -1064 78 116 231237 0 0 0
-5219 -1186 69 72 913964 0 0 0
-4852 -471 88 105 716108 0 0 0
-4637 249 98 98 288837 0 0 0
-5171 -470 70 87 812560 0 0 0
-5826 -575 124 98 538492 0 0 0
-5564 -260 73 108 224626 0 0 0
-6292 -132 79 106 377744 0 0 0
-5990 -414 105 94 796758 0 0 0
-6488 -856 88 90 424939 0 0 0
-5880 -1404 72 70 183338 0 0 0
-6001 -1137 130 101 532155 0 0 0
-6380 -463 107 82 997534 0 0 0
-6877 116 76 105 303434 0 0 0
-6746 -613 100 58 976722 0 0 0
-7053 87 77 115 808182 0 0 0
-6315 60 110 93 247555 0 0 0
-5992 -681 85 86 992113 0 0 0
-6648 -1415 93 114 641046 0 0 0
-7217 -1388 101 70 693008 0 0 0
-7390 -1045 88 104 159789 0 0 0
-6845 -1689 116 113 179911 0 0 0
-6936 -1935 104 95 723381 0 0 0
-6856 -2045 102 79 482693 0 0 0
-6430 -1986 108 105 840913 0 0 0
-114 109 119 115 909936 0 0 0
270 473 99 117 135730 0 0 0
537 966 69 80 173364 0 0 0
950 1516 107 102 259922 0 0 0
815 1817 91 61 135819 0 0 0
972 1553 68 109 403460 0 0 0
607 1976 110 101 220778 0 0 0
212 1624 99 94 987731 0 0 0
363 1937 100 69 530754 0 0 0
1110 1578 121 88 804500 0 0 0
723 2298 92 115 909016 0 0 0
889 2653 75 86 535525 0 0 0
442 3296 68 112 932797 0 0 0
42 3889 95 59 616585 0 0 0
-675 3380 65 60 813041 0 0 0
-1157 3416 96 107 179181 0 0 0
-1689 3921 66 61 714638 0 0 0
-1220 4375 95 108 172058 0 0 0
-767 3935 74 102 241627 0 0 0
-520 4104 124 107 791291 0 0 0
200 3730 73 69 380313 0 0 0
925 3345 123 72 615683 0 0 0
1369 3787 116 64 235921 0 0 0
1356 3440 106 89 744238 0 0 0
762 3257 111 113 688882 0 0 0
885 2531 91 67 237640 0 0 0
960 2307 85 61 138111 0 0 0
1263 2351 109 106 684901 0 0 0
744 2943 88 84 660441 0 0 0
677 2733 67 117 213690 0 0 0
1063 2811 69 111 497866 0 0 0
1046 3443 79 63 346137 0 0 0
298 3538 78 109 212784 0 0 0
-286 3591 96 108 395744 0 0 0
249 4295 120 70 345209 0 0 0
589 3709 109 73 811199 0 0 0
614 4303 96 70 493506 0 0 0
789 3648 113 58 587333 0 0 0
889 3013 123 82 381770 0 0 0
532 3385 86 86 855633 0 0 0
545 4065 71 66 587318 0 0 0
1079 4795 100 73 369534 0 0 0
1356 4088 95 63 643513 0 0 0
1950 3407 99 106 928199 0 0 0
2039 3294 128 113 948256 0 0 0
2582 3260 105 85 269832 0 0 0
1861 3284 103 114 562084 0 0 0
2560 3676 110 102 589555 0 0 0
2910 3171 116 58 636223 0 0 0
2371 3633 123 79 925399 0 0 0
2660 3115 78 66 106300 0 0 0
2391 2902 84 116 750684 0 0 0
2691 2274 127 110 170630 0 0 0
2127 2465 113 105 956478 0 0 0
1816 1722 88 114 299556 0 0 0
1510 2024 78 100 678313 0 0 0
1719 2216 92 64 195812 0 0 0
1408 2567 101 83 118681 0 0 0
1677 2961 93 99 538105 0 0 0
1828 3088 95 66 182551 0 0 0
1318 3249 104 75 861387 0 0 0
659 2796 87 94 880389 0 0 0
-3 3533 101 98 841658 0 0 0
-480 3627 108 59 352973 0 0 0
-860 3350 69 117 339741 0 0 0
-1051 3489 85 96 949651 0 0 0
-552 4088 90 82 837709 0 0 0
-524 3407 85 111 617282 0 0 0
-496 4098 93 79 607819 0 0 0
-902 4687 100 109 715441 0 0 0
-791 4005 76 115 870017 0 0 0
-1455 4278 120 97 430081 0 0 0
-1669 4308 99 79 583164 0 0 0
-1500 3705 103 73 635078 0 0 0
-1426 4298 119 109 661830 0 0 0
-930 4638 66 77 942313 0 0 0
-1663 5039 114 71 773229 0 0 0
-1008 4322 123 104 848706 0 0 0
-484 4121 95 64 195867 0 0 0
-1008 4307 68 74 148268 0 0 0
-946 3802 98 94 249838 0 0 0
-271 3151 73 110 441548 0 0 0
434 3226 68 97 612642 0 0 0
312 3881 99 94 127380 0 0 0
15 3399 129 95 818796 0 0 0
-543 2967 76 63 383693 0 0 0
-2220 -2280 82 86 178313 0 0 0
-2511 -2164 104 84 455091 0 0 0
-2906 -1661 72 101 330509 0 0 0
-2330 -1462 126 89 379962 0 0 0
-1866 -2010 118 113 536025 0 0 0
-2210 -2684 87 89 951901 0 0 0
-2845 -2672 110 65 340209 0 0 0
-3462 -2532 83 79 460066 0 0 0
-3840 -2113 124 79 276190 0 0 0
-3684 -2752 87 74 705201 0 0 0
-3476 -2108 99 86 620562 0 0 0
-4024 -1494 85 97 501059 0 0 0
-4672 -760 100 70 936089 0 0 0
-4909 -472 71 76 864950 0 0 0
-5462 -20 123 68 512467 0 0 0
-6152 185 125 106 889134 0 0 0
-6000 386 75 95 693278 0 0 0
-6358 681 115 95 170898 0 0 0
-5628 224 67 76 896315 0 0 0
-6280 -478 99 76 725704 0 0 0
-6192 99 130 59 609308 0 0 0
-5994 621 80 88 477587 0 0 0
-6016 1138 78 92 716002 0 0 0
-5771 1320 90 70 405324 0 0 0
-5160 1423 110 100 773423 0 0 0
-5345 2122 110 96 141607 0 0 0
-5372 2294 93 76 623892 0 0 0
-5889 2623 121 87 924876 0 0 0
-5153 3138 94 63 684490 0 0 0
-4960 3735 65 66 950203 0 0 0
-4781 3165 80 67 218578 0 0 0
-5344 3451 88 112 788464 0 0 0
-4677 2874 87 114 287325 0 0 0
-4637 2802 72 76 606167 0 0 0
-4923 2178 115 108 510627 0 0 0
-5627 2677 120 111 846580 0 0 0
-5995 2418 84 84 482908 0 0 0
-6464 2277 102 79 776749 0 0 0
-6645 2868 95 88 457143 0 0 0
-6063 2327 71 95 869828 0 0 0
-6743 2546 65 114 817139 0 0 0
-6064 2965 77 79 769533 0 0 0
-5821 3572 85 112 711998 0 0 0
-6194 4121 113 91 236233 0 0 0
-5660 3739 75 109 541442 0 0 0
-6281 4176 88 69 840745 0 0 0
-5998 4613 67 59 738776 0 0 0
-5509 4800 85 85 759428 0 0 0
-4784 4753 105 67 584330 0 0 0
-4157 4937 82 89 810478 0 0 0
-3764 4605 115 88 657529 0 0 0
-3381 5299 94 77 332799 0 0 0
-3577 5078 97 114 413275 0 0 0
-3846 4519 110 114 373684 0 0 0
-4166 4108 94 62 207180 0 0 0
-3571 4378 90 104 959645 0 0 0
-3680 5079 71 70 679790 0 0 0
-3250 5377 104 84 676111 0 0 0
-2621 5487 113 63 842026 0 0 0
-3159 5000 95 84 310713 0 0 0
-3709 4935 109 103 554086 0 0 0
-4371 4850 122 114 966579 0 0 0
-4247 4566 83 63 756608 0 0 0
-4469 5158 109 98 332125 0 0 0
-4311 5226 116 80 689160 0 0 0
-3620 5615 99 62 779378 0 0 0
-3406 6237 114 113 409972 0 0 0
-3607 6107 82 71 487312 0 0 0
-4041 6174 65 63 864447 0 0 0
-4042 6517 108 89 939650 0 0 0
-3633 7081 116 68 128202 0 0 0
-3225 6533 99 105 849233 0 0 0
-3619 6539 112 63 843526 0 0 0
-3856 7078 110 66 907560 0 0 0
-4139 7036 74 101 293146 0 0 0
-4756 7672 70 84 720922 0 0 0
-5005 7652 125 105 845328 0 0 0
-5751 7010 106 116 570203 0 0 0
-5796 6806 118 117 239942 0 0 0
-5193 6393 92 115 791933 0 0 0
-4741 6720 96 88 833188 0 0 0
-4248 6237 92 60 350716 0 0 0
-3679 6981 71 94 976655 0 0 0
-3332 7270 66 89 891968 0 0 0
-2921 7233 78 80 566910 0 0 0
-2657 7093 130 97 202956 0 0 0
-3195 6813 85 92 953733 0 0 0
-3440 7015 121 70 464472 0 0 0
-2969 6720 74 76 512322 0 0 0
-2484 7030 69 83 923986 0 0 0
-3226 7262 84 59 528393 0 0 0
-3865 7815 116 89 198949 0 0 0
-4239 7290 95 114 749815 0 0 0
-4982 7792 126 85 623266 0 0 0
-5723 8313 76 86 126316 0 0 0
-6088 9021 111 63 953901 0 0 0
-5415 9108 99 60 496062 0 0 0
-4668 9210 92 77 292423 0 0 0
-3984 9228 65 94 975803 0 0 0
-3536 9540 77 67 588768 0 0 0
-3627 8957 70 65 540993 0 0 0
-3211 8728 92 76 687178 0 0 0
-2654 8155 98 83 438618 0 0 0
-3370 8841 72 71 687242 0 0 0
-3191 8514 66 63 719941 0 0 0
-2919 8833 116 105 509062 0 0 0
-3375 8293 103 83 888064 0 0 0
-3076 7953 123 106 510875 0 0 0
-3190 7326 89 63 828497 0 0 0
-2848 7006 98 101 118932 0 0 0
-2923 6873 115 96 914905 0 0 0
-2856 7585 117 103 825210 0 0 0
-2345 7606 114 108 904872 0 0 0
-2934 7106 73 110 113642 0 0 0
-2260 7325 72 61 960205 0 0 0
-1959 7932 69 85 806468 0 0 0
-536 1992 82 107 423349 0 0 0
-463 1821 83 86 738489 0 0 0
-233 2082 109 108 296469 0 0 0
212 2113 87 91 673429 0 0 0
535 2737 75 67 738208 0 0 0
280 2027 112 77 364583 0 0 0
179 1295 122 58 718930 0 0 0
-94 1243 72 75 290591 0 0 0
-552 959 114 92 208354 0 0 0
-1269 1206 129 83 270459 0 0 0
-1754 1428 66 71 138697 0 0 0
-1942 704 91 67 633065 0 0 0
-2109 -25 78 77 343135 0 0 0
-1483 -711 124 71 403242 0 0 0
-1217 -700 124 77 362916 0 0 0
-1605 -432 108 83 754325 0 0 0
-892 -657 89 60 718796 0 0 0
-1587 -774 67 96 483008 0 0 0
-1285 -1280 95 99 263243 0 0 0
-1910 -1224 120 106 674369 0 0 0
-1981 -1641 111 64 104106 0 0 0
-1292 -1573 66 84 746556 0 0 0
-1820 -2249 96 78 611942 0 0 0
-1260 -1963 72 75 887703 0 0 0
-1530 -1725 91 86 354844 0 0 0
-888 -2147 122 103 113736 0 0 0
-588 -2258 66 63 795807 0 0 0
-79 -1645 71 67 420218 0 0 0
469 -1155 120 108 742487 0 0 0
-157 -846 124 98 513664 0 0 0
-605 -329 104 64 453109 0 0 0
-776 -963 127 88 940468 0 0 0
-928 -1620 82 93 310442 0 0 0
-253 -1833 106 87 474328 0 0 0
-848 -2197 82 111 998874 0 0 0
-114 -2023 82 108 600087 0 0 0
359 -1825 83 76 106685 0 0 0
546 -1723 95 116 378510 0 0 0
108 -1847 99 89 951596 0 0 0
-105 -1765 106 92 380255 0 0 0
469 -2262 129 115 570970 0 0 0
752 -1822 94 110 897410 0 0 0
541 -2456 113 93 614732 0 0 0
429 -1749 110 103 963209 0 0 0
453 -1860 98 87 406039 0 0 0
-147 -1144 102 104 900454 0 0 0
-175 -1640 101 87 237995 0 0 0
-547 -1277 74 94 977317 0 0 0
-949 -830 90 69 512622 0 0 0
-761 -369 79 83 546891 0 0 0
-563 -992 83 91 119539 0 0 0
-538 -1251 109 107 286210 0 0 0
-738 -1414 100 76 237974 0 0 0
1205 1232 122 110 439423 0 0 0
608 784 83 73 399572 0 0 0
-122 963 102 106 827512 0 0 0
-469 1659 122 101 836039 0 0 0
70 1178 66 103 496121 0 0 0
219 602 105 113 625323 0 0 0
-209 984 78 60 727079 0 0 0
61 1109 117 82 640111 0 0 0
151 1266 105 68 465799 0 0 0
338 1385 90 83 696914 0 0 0
860 1775 103 102 684476 0 0 0
992 1885 85 80 400860 0 0 0
368 1897 121 72 345428 0 0 0
636 1537 78 78 856331 0 0 0
804 1857 76 112 828024 0 0 0
263 1803 128 72 334654 0 0 0
-395 2060 101 92 346522 0 0 0
-697 1674 74 83 843661 0 0 0
-522 958 81 65 434129 0 0 0
-1098 775 71 79 959414 0 0 0
-932 25 70 78 872787 0 0 0
-1534 558 66 98 315249 0 0 0
-1115 401 87 63 123411 0 0 0
-1512 -254 86 78 188079 0 0 0
-937 238 86 110 658243 0 0 0
-529 438 99 90 734559 0 0 0
-796 893 75 63 636366 0 0 0
-544 925 100 105 125636 0 0 0
-1498 -843 101 103 218373 0 0 0
-985 -500 98 85 468268 0 0 0
-674 -874 111 63 789931 0 0 0
-988 -1586 106 85 774697 0 0 0
-1126 -2147 86 87 987928 0 0 0
-1376 -1956 103 96 876988 0 0 0
-1657 -2465 71 58 113918 0 0 0
-2356 -2185 91 108 562890 0 0 0
-2974 -1712 104 105 239846 0 0 0
-3335 -2434 98 70 508410 0 0 0
-3979 -2618 75 98 116433 0 0 0
-4278 -2045 80 94 448644 0 0 0
-4570 -2191 91 58 215604 0 0 0
-3878 -1703 116 75 903755 0 0 0
-4410 -1117 83 87 253059 0 0 0
-4855 -1197 91 58 779056 0 0 0
-4772 -1821 87 95 821191 0 0 0
-5292 -1310 93 69 797878 0 0 0
-5257 -2057 89 80 771458 0 0 0
-5517 -1895 90 71 539874 0 0 0
-5736 -1171 77 81 124874 0 0 0
-6481 -444 83 77 655240 0 0 0
-6856 283 116 69 738189 0 0 0
-6106 444 82 81 465610 0 0 0
-6128 11 98 115 380110 0 0 0
-5747 -145 71 87 785359 0 0 0
-6143 165 95 96 942750 0 0 0
-6687 276 104 101 200415 0 0 0
-6303 -416 93 88 233752 0 0 0
-6912 147 110 91 553940 0 0 0
-7345 -176 128 83 622084 0 0 0
-6606 345 121 61 153597 0 0 0
-7160 -83 116 96 569425 0 0 0
-7483 88 83 72 180685 0 0 0
-8074 787 94 76 877365 0 0 0
-8824 611 125 92 727765 0 0 0
-361 384 101 105 998249 0 0 0
138 838 77 62 907596 0 0 0
-155 450 96 113 214737 0 0 0
497 1126 99 67 127731 0 0 0
213 1841 71 63 198375 0 0 0
-524 1527 73 81 288150 0 0 0
-1253 1426 79 113 268940 0 0 0
-1859 1033 65 113 602689 0 0 0
-2189 1463 74 112 450316 0 0 0
-2882 1737 94 99 242635 0 0 0
-2182 1490 116 63 495374 0 0 0
-2686 1733 100 93 508855 0 0 0
-2799 1103 65 62 221836 0 0 0
-2676 841 120 76 141395 0 0 0
-2735 672 95 102 972200 0 0 0
-3093 245 66 65 715243 0 0 0
-2671 -344 112 64 977218 0 0 0
-2271 -855 77 102 210315 0 0 0
-1754 -211 127 110 456924 0 0 0
-1038 -234 123 80 917064 0 0 0
-1744 226 94 75 593867 0 0 0
-1437 -197 71 103 213789 0 0 0
-1701 405 91 98 408383 0 0 0
-1314 623 115 106 963308 0 0 0
-1706 377 96 60 536593 0 0 0
-1754 570 68 102 145513 0 0 0
-2243 164 99 114 530426 0 0 0
-2351 -385 90 86 861550 0 0 0
-1852 136 91 86 100123 0 0 0
-2096 463 77 75 330768 0 0 0
-1746 -232 93 93 545286 0 0 0
-2484 -39 98 108 297304 0 0 0
-2135 555 120 81 896161 0 0 0
-1984 958 92 101 679679 0 0 0
-2237 303 89 100 953277 0 0 0
-2089 -447 128 58 237387 0 0 0
-2059 -560 72 91 213901 0 0 0
-2471 -854 99 117 933011 0 0 0
-3089 -418 128 93 768717 0 0 0
-2584 -813 105 110 404336 0 0 0
-2243 -674 89 97 172379 0 0 0
-2611 -310 120 72 233427 0 0 0
-2623 -998 95 110 934200 0 0 0
-2975 -442 70 101 107211 0 0 0
-3299 -1103 109 88 483854 0 0 0
-2924 -1749 83 90 100265 0 0 0
-2682 -1205 91 80 145508 0 0 0
-2413 -1264 108 67 991853 0 0 0
-1987 -1419 103 58 550671 0 0 0
-2218 -1360 83 69 302723 0 0 0
-2863 -1022 74 76 486706 0 0 0
-2755 -1606 129 83 673788 0 0 0
-3276 -1477 76 75 328111 0 0 0
-3470 -1735 121 104 508130 0 0 0
-3288 -1706 98 114 125628 0 0 0
-4031 -1001 127 95 972804 0 0 0
-3501 -1572 66 84 326110 0 0 0
-3680 -1613 105 63 496037 0 0 0
-4274 -2074 113 77 629443 0 0 0
-4248 -1651 123 74 653988 0 0 0
-4399 -1946 88 103 961863 0 0 0
-4647 -1728 92 94 101922 0 0 0
-5211 -1952 88 58 274059 0 0 0
-5121 -1367 101 104 426667 0 0 0
-4679 -1161 92 97 126991 0 0 0
-5121 -1041 88 97 852849 0 0 0
-5548 -734 80 73 769120 0 0 0
-5374 -487 104 103 296054 0 0 0
-5032 -1149 69 59 755670 0 0 0
-4340 -701 94 103 795296 0 0 0
-4834 -240 102 80 567475 0 0 0
-4749 -768 68 62 344715 0 0 0
-2914 216 109 72 498449 0 0 0
-3598 614 116 94 443213 0 0 0
-4225 223 115 58 893243 0 0 0
-3925 556 82 93 394765 0 0 0
-3694 785 130 87 344160 0 0 0
-4309 889 85 116 986967 0 0 0
-4584 1041 94 61 950600 0 0 0
-4796 388 114 65 723044 0 0 0
-4592 171 120 105 958509 0 0 0
-3945 -272 105 109 985373 0 0 0
-4305 -278 65 83 117892 0 0 0
-4092 224 70 113 285135 0 0 0
-4433 -496 96 105 109004 0 0 0
-4743 -590 107 106 546203 0 0 0
-4630 -1315 96 61 405575 0 0 0
-5130 -1026 128 74 632223 0 0 0
-4899 -660 103 98 713876 0 0 0
-4938 -539 90 68 256636 0 0 0
-4519 -354 121 64 744430 0 0 0
-4889 -454 75 85 121218 0 0 0
-5627 -452 93 77 287474 0 0 0
-5903 -348 125 66 623924 0 0 0
-6483 54 99 91 407681 0 0 0
-7185 250 82 67 849843 0 0 0
-6760 704 68 89 805736 0 0 0
-7508 257 95 62 220878 0 0 0
-7901 933 66 93 682221 0 0 0
-8450 752 77 65 977833 0 0 0
-9082 445 73 78 775813 0 0 0
-9258 889 108 81 952712 0 0 0
-9269 1610 84 84 253569 0 0 0
-9877 1506 94 106 989499 0 0 0
-9583 1502 74 89 133858 0 0 0
-9685 1186 114 104 509446 0 0 0
-9237 1107 65 71 411125 0 0 0
-9858 1216 107 64 148729 0 0 0
-10106 976 80 59 513675 0 0 0
-10301 1319 94 115 234466 0 0 0
-10933 569 75 72 564259 0 0 0
-10509 1052 82 101 299605 0 0 0
-10786 328 91 108 284931 0 0 0
-10563 374 100 77 794064 0 0 0
-10958 174 111 94 326766 0 0 0
-10520 -490 117 86 997480 0 0 0
-10298 -456 72 86 710623 0 0 0
-9656 -780 85 84 389681 0 0 0
-9363 -1110 110 63 627599 0 0 0
-8776 -1538 70 74 820540 0 0 0
-8415 -934 89 75 399655 0 0 0
-8041 -597 108 107 681497 0 0 0
-7733 -1147 98 105 411904 0 0 0
-7604 -1794 70 117 810935 0 0 0
-7114 -1086 128 116 110687 0 0 0
-6586 -1629 76 97 786723 0 0 0
-7295 -1475 67 85 846032 0 0 0
-8030 -2004 119 60 704437 0 0 0
-8742 -1272 105 116 602717 0 0 0
-8718 -837 83 58 540938 0 0 0
-8613 -1425 108 71 641193 0 0 0
-8439 -1923 81 77 562243 0 0 0
-7850 -1627 75 79 478166 0 0 0
-7955 -1309 112 84 290892 0 0 0
-8229 -1809 70 115 554558 0 0 0
-7997 -2167 119 70 668017 0 0 0
-7763 -1959 101 100 346417 0 0 0
-8178 -2564 86 73 795770 0 0 0
-8672 -3310 124 87 304874 0 0 0
-9223 -3057 85 58 382308 0 0 0
-9606 -3712 66 103 411309 0 0 0
-9346 -3983 99 90 341990 0 0 0
-9992 -3676 100 102 336628 0 0 0
-10320 -3156 69 85 596783 0 0 0
-10446 -3836 85 58 684666 0 0 0
-10273 -4039 67 100 252885 0 0 0
-10702 -4278 97 93 832829 0 0 0
-11131 -4737 95 105 842602 0 0 0
-10930 -4288 124 75 963021 0 0 0
-10774 -3957 95 105 208801 0 0 0
-10571 -4094 81 68 873642 0 0 0
-9964 -3625 90 62 576538 0 0 0
-9834 -3829 100 58 129684 0 0 0
-9678 -4370 81 117 975079 0 0 0
-9620 -4119 101 98 750843 0 0 0
-9485 -3437 91 73 437527 0 0 0
-9850 -3631 114 59 439707 0 0 0
-9332 -4340 101 85 496133 0 0 0
-9002 -3878 100 102 209275 0 0 0
-9230 -3670 117 84 524040 0 0 0
-9256 -3149 128 98 590305 0 0 0
-9107 -2653 94 85 955579 0 0 0
-8999 -2765 74 58 683779 0 0 0
-9236 -2387 116 82 873393 0 0 0
-9739 -2872 98 72 752514 0 0 0
-10159 -3585 107 72 632331 0 0 0
-9951 -4173 89 116 919618 0 0 0
-9420 -4710 107 108 446879 0 0 0
-9711 -5063 129 66 510561 0 0 0
-8974 -4423 104 92 738331 0 0 0
-8513 -4296 125 104 829272 0 0 0
-7827 -3633 72 97 979480 0 0 0
-8562 -4187 107 64 942173 0 0 0
-8176 -4488 98 117 525486 0 0 0
-7711 -4435 104 82 699780 0 0 0
-7970 -5008 108 106 471042 0 0 0
-7558 -5029 95 97 356673 0 0 0
-6870 -5559 125 79 191482 0 0 0
-6177 -5018 120 86 980189 0 0 0
-5493 -4324 113 68 536712 0 0 0
-6001 -4794 108 65 393248 0 0 0
-6573 -5060 94 87 325004 0 0 0
150 2757 123 80 574022 0 0 0
-419 2601 73 80 601009 0 0 0
-794 1910 125 103 145820 0 0 0
-291 2509 83 84 358725 0 0 0
-812 2940 68 95 857458 0 0 0
-1437 2239 113 86 316954 0 0 0
-1504 2935 101 105 147322 0 0 0
-2165 3440 84 69 983423 0 0 0
-1792 3135 94 104 563321 0 0 0
-2307 3345 128 113 869322 0 0 0
-1732 3838 68 109 967609 0 0 0
-1693 4018 71 112 946790 0 0 0
-1573 4290 90 90 272203 0 0 0
-1144 5003 74 81 992388 0 0 0
-1186 4842 99 106 732065 0 0 0
-1074 4178 128 72 427701 0 0 0
-878 4780 89 83 735441 0 0 0
-994 4649 119 60 547144 0 0 0
-1548 4360 113 80 335235 0 0 0
-1305 4657 97 82 348888 0 0 0
-1680 5226 109 90 837378 0 0 0
-1593 5489 99 98 720740 0 0 0
-1805 4861 128 93 498307 0 0 0
-1810 5031 127 109 970069 0 0 0
-1835 5369 71 102 971859 0 0 0
-2344 4723 114 89 928427 0 0 0
-2288 4659 87 103 548409 0 0 0
-2486 4795 115 81 149479 0 0 0
-3043 5203 104 98 758038 0 0 0
-3174 4489 128 76 984978 0 0 0
-2572 5213 106 74 825861 0 0 0
-2977 5130 130 75 895603 0 0 0
-2414 5431 85 101 749996 0 0 0
-2802 6074 125 82 192777 0 0 0
-3427 6173 121 65 376742 0 0 0
-3138 5930 122 111 707273 0 0 0
-2553 5498 113 83 522644 0 0 0
-3231 5129 78 100 380154 0 0 0
-2512 4588 81 82 881305 0 0 0
-2008 4994 99 112 994920 0 0 0
-1638 5479 104 80 458219 0 0 0
-1510 5767 122 88 380596 0 0 0
-1040 6361 71 88 176921 0 0 0
-1028 6548 74 114 862277 0 0 0
-656 6992 106 94 440186 0 0 0
-349 7306 87 97 778859 0 0 0
-607 7389 67 70 815495 0 0 0
-160 7365 74 111 337332 0 0 0
-239 6754 95 62 217843 0 0 0
154 6580 93 67 620524 0 0 0
177 6726 106 71 158697 0 0 0
341 6112 123 69 296688 0 0 0
-319 5862 69 97 585831 0 0 0
-954 6446 116 105 631947 0 0 0
-1042 6582 91 104 611643 0 0 0
-779 7259 110 71 286436 0 0 0
-450 7758 85 71 387396 0 0 0
11 7510 74 68 801784 0 0 0
698 7339 104 60 830321 0 0 0
1319 7132 90 108 897110 0 0 0
1068 6392 111 83 364270 0 0 0
346 5736 89 114 838094 0 0 0
791 5361 106 72 177214 0 0 0
1185 4666 109 84 698917 0 0 0
676 4134 78 92 654290 0 0 0
1832 -2909 68 67 148166 0 0 0
1267 -2334 78 94 778397 0 0 0
1837 -1607 100 96 410503 0 0 0
1556 -1769 90 85 712046 0 0 0
843 -1338 86 94 935932 0 0 0
237 -1978 89 60 543583 0 0 0
83 -2026 127 75 589458 0 0 0
-314 -2767 90 105 454393 0 0 0
-976 -2622 125 87 797407 0 0 0
-608 -3202 128 104 465450 0 0 0
-959 -2737 93 89 510136 0 0 0
-979 -2057 109 98 787968 0 0 0
-769 -2598 102 110 933939 0 0 0
-1199 -3202 107 65 969723 0 0 0
-1745 -2808 114 87 887385 0 0 0
-1549 -3524 71 71 752648 0 0 0
-842 -3759 72 95 849838 0 0 0
-1427 -3683 70 60 399281 0 0 0
-1405 -3280 71 66 834628 0 0 0
-1078 -3329 127 88 176627 0 0 0
-726 -3736 112 91 761226 0 0 0
-985 -3096 122 88 516154 0 0 0
-575 -2769 117 87 676112 0 0 0
-233 -2413 100 88 980365 0 0 0
274 -2946 103 110 119668 0 0 0
839 -2539 92 106 531556 0 0 0
371 -2647 99 65 377266 0 0 0
101 -3032 85 83 815449 0 0 0
-226 -3000 75 97 843373 0 0 0
-93 -3092 111 96 139322 0 0 0
-477 -3686 80 87 207708 0 0 0
-379 -3890 123 76 655009 0 0 0
126 -4124 66 63 419248 0 0 0
62 -4260 122 86 706887 0 0 0
-632 -5007 106 103 289889 0 0 0
-831 -4983 81 70 160148 0 0 0
-436 -4913 69 85 517489 0 0 0
-666 -4432 96 65 549800 0 0 0
-378 -4486 96 67 329046 0 0 0
-856 -4929 69 97 959232 0 0 0
-2766 -52 106 81 973754 0 0 0
-2093 -408 81 73 443850 0 0 0
-2006 -723 91 88 513767 0 0 0
-2000 -44 89 107 819024 0 0 0
-1844 675 112 96 183193 0 0 0
-1421 1094 92 72 241778 0 0 0
-1655 1434 126 59 809666 0 0 0
-1761 1043 98 116 640328 0 0 0
-1848 923 87 101 100914 0 0 0
-2284 732 95 82 362404 0 0 0
-2693 1074 126 117 706809 0 0 0
-3102 849 87 90 738846 0 0 0
-3019 432 117 88 148489 0 0 0
-3146 1156 109 86 854435 0 0 0
-2838 1083 78 106 275114 0 0 0
-3183 1539 87 96 277782 0 0 0
-2868 2124 98 73 339655 0 0 0
-2194 2275 67 94 305509 0 0 0
-2471 1711 108 96 484794 0 0 0
-2875 2166 91 95 474068 0 0 0
-2464 2282 128 69 864429 0 0 0
-2944 1636 124 110 530704 0 0 0
-3621 1252 65 102 234710 0 0 0
-3196 1604 100 71 699743 0 0 0
-2902 2114 125 104 638239 0 0 0
-2783 2073 120 64 421405 0 0 0
-2854 2815 77 75 311721 0 0 0
-2529 3483 130 101 532966 0 0 0
-2266 3044 123 92 348111 0 0 0
-2692 3532 117 86 407747 0 0 0
-3387 4004 93 106 962201 0 0 0
-3177 4657 72 108 509196 0 0 0
-2955 4001 82 67 112411 0 0 0
-2358 4134 99 89 312670 0 0 0
-3076 3420 67 79 980529 0 0 0
-3601 2848 115 85 541301 0 0 0
-4184 3318 84 115 353239 0 0 0
-3639 3294 81 70 708590 0 0 0
-2897 2639 85 66 259004 0 0 0
-3058 3034 98 115 101418 0 0 0
-2513 3619 123 111 949744 0 0 0
-3010 4206 83 89 630812 0 0 0
-3234 4509 94 58 907809 0 0 0
-3852 3817 78 84 896947 0 0 0
-4141 3888 83 94 806159 0 0 0
-4687 4574 81 58 881502 0 0 0
-4744 5304 78 79 821358 0 0 0
-5408 6032 65 116 695282 0 0 0
-4849 6101 71 97 937469 0 0 0
-4735 6247 105 80 190048 0 0 0
-4025 5554 117 104 965528 0 0 0
-3656 5416 72 112 977048 0 0 0
-461 -1934 91 100 693366 0 0 0
-754 -1349 69 100 767931 0 0 0
-1023 -1078 120 90 543085 0 0 0
-1631 -1340 101 68 815739 0 0 0
-1651 -884 70 102 274831 0 0 0
-1613 -524 92 86 725697 0 0 0
-938 -1147 122 114 371217 0 0 0
-1340 -1631 72 88 458045 0 0 0
-807 -972 98 79 257469 0 0 0
-603 -586 111 66 386660 0 0 0
-105 -231 124 107 400133 0 0 0
-258 -823 103 63 541282 0 0 0
-852 -840 102 80 988174 0 0 0
-1568 -519 85 65 142571 0 0 0
-2066 -183 67 78 728937 0 0 0
-2796 -794 100 73 700976 0 0 0
-3361 -299 111 76 603933 0 0 0
-3791 -557 90 102 929647 0 0 0
-3502 -444 70 66 523716 0 0 0
-4162 -906 113 109 451903 0 0 0
-4867 -362 84 67 925076 0 0 0
-5409 -67 101 110 149603 0 0 0
-5383 -384 72 112 344637 0 0 0
-5933 -36 87 97 552921 0 0 0
-5427 510 124 107 718602 0 0 0
-4987 499 122 100 281046 0 0 0
-5353 987 110 60 177712 0 0 0
-5597 1335 91 117 383833 0 0 0
-4930 1089 98 85 569573 0 0 0
-4672 1791 71 90 610042 0 0 0
-5401 2351 77 114 202122 0 0 0
-5824 2524 87 76 978320 0 0 0
-6221 2527 101 107 918413 0 0 0
-6262 2216 126 85 915200 0 0 0
-6485 1609 91 64 360937 0 0 0
-7060 2342 106 78 937943 0 0 0
-7231 1693 83 107 759395 0 0 0
-7597 944 129 99 813010 0 0 0
-8309 428 100 89 356458 0 0 0
-8380 10 121 72 401394 0 0 0
-9100 613 101 106 818290 0 0 0
-8714 900 130 60 676861 0 0 0
-9001 517 121 68 916802 0 0 0
-9123 125 89 83 938738 0 0 0
-8897 -599 96 88 751974 0 0 0
-8576 -974 101 76 977874 0 0 0
-8272 -423 107 66 526444 0 0 0
-7962 -1142 79 92 186693 0 0 0
-7453 -984 92 69 876439 0 0 0
-7686 -1409 105 83 836615 0 0 0
-8398 -1867 79 92 862553 0 0 0
-7966 -1570 75 90 811734 0 0 0
-8689 -947 88 83 625617 0 0 0
-8301 -1377 121 63 833605 0 0 0
-7781 -1596 128 75 501247 0 0 0
-7665 -1272 119 82 377432 0 0 0
-8239 -1046 88 65 122677 0 0 0
-8797 -1113 120 112 725247 0 0 0
-8672 -1399 97 72 134993 0 0 0
-8835 -1523 74 87 631192 0 0 0
-8223 -1555 65 88 263873 0 0 0
-7503 -1852 80 58 293941 0 0 0
-6888 -1117 115 72 845653 0 0 0
-6181 -1666 129 58 795563 0 0 0
-6435 -2023 113 59 521107 0 0 0
-5724 -1448 72 66 412007 0 0 0
-6351 -1401 91 102 731933 0 0 0
-6172 -2013 112 105 205528 0 0 0
-5958 -2174 117 73 834607 0 0 0
-6490 -2300 114 71 499320 0 0 0
-6673 -2085 92 82 756523 0 0 0
-5934 -2658 125 71 994023 0 0 0
-6523 -2873 84 74 492364 0 0 0
-7267 -3020 105 86 109814 0 0 0
-7616 -3265 124 106 138148 0 0 0
-1539 -1203 90 108 556058 0 0 0
-1746 -1775 76 74 659334 0 0 0
-2455 -1587 112 107 549908 0 0 0
-3021 -989 125 92 224758 0 0 0
-3083 -278 123 62 837800 0 0 0
-3279 105 111 101 788191 0 0 0
-2721 -385 113 110 721342 0 0 0
-2125 284 112 93 650932 0 0 0
-2736 481 128 116 964660 0 0 0
-3439 -150 85 111 239586 0 0 0
-1905 -866 66 116 972435 0 0 0
-1278 -1273 90 82 584670 0 0 0
-1862 -1351 89 104 349546 0 0 0
-1526 -1935 128 60 466275 0 0 0
-1023 -2415 98 73 186467 0 0 0
-294 -2978 120 101 762633 0 0 0
-764 -2358 106 61 333243 0 0 0
-549 -2157 102 67 754776 0 0 0
-1154 -2149 65 101 665577 0 0 0
-660 -1628 110 65 177507 0 0 0
-136 -1871 111 76 733943 0 0 0
160 -2589 100 72 669978 0 0 0
257 -2003 78 101 810581 0 0 0
-390 -2055 108 76 124928 0 0 0
-115 -1879 106 106 915337 0 0 0
392 -1650 75 84 672624 0 0 0
-213 -1320 109 89 460739 0 0 0
406 -1311 68 96 564842 0 0 0
0 -841 86 98 837667 0 0 0
497 -765 112 88 305479 0 0 0
1106 -1374 89 81 697872 0 0 0
411 -1257 90 86 237056 0 0 0
588 -1094 95 62 785941 0 0 0
1028 -1789 77 58 774560 0 0 0
510 -2061 118 94 277403 0 0 0
-146 -2596 66 60 736362 0 0 0
-425 -2868 104 72 168804 0 0 0
-136 -2974 70 83 221371 0 0 0
-374 -3482 71 99 776045 0 0 0
-1016 -2991 75 80 383585 0 0 0
-582 -2446 110 101 560877 0 0 0
-591 -1953 68 61 211819 0 0 0
-849 -1651 67 98 544482 0 0 0
-1213 -1900 69 116 500149 0 0 0
-1302 -2328 118 111 676412 0 0 0
-831 -2766 103 112 452051 0 0 0
-1342 -2552 94 100 349511 0 0 0
-789 -2980 69 98 187278 0 0 0
-630 -3644 104 92 786530 0 0 0
-1336 -3358 118 92 156313 0 0 0
-1844 -2721 112 69 546145 0 0 0
-1118 -2329 100 77 480073 0 0 0
-1564 -2084 98 84 545080 0 0 0
-1050 -2082 109 96 801374 0 0 0
-743 -1516 120 89 729925 0 0 0
-65 -2228 128 113 407657 0 0 0
148 -2786 72 65 668619 0 0 0
252 -3437 122 58 922538 0 0 0
322 -2947 84 63 814442 0 0 0
-289 -2615 65 104 957295 0 0 0
-232 -3100 84 81 377805 0 0 0
170 -2453 124 103 157107 0 0 0
-443 -2090 121 66 886150 0 0 0
-519 -1632 105 104 723723 0 0 0
-848 -2111 110 69 894713 0 0 0
-406 -1820 82 87 137942 0 0 0
-668 -1517 106 76 422738 0 0 0
-270 -1157 102 64 556639 0 0 0
-670 -1728 91 62 551664 0 0 0
-999 -1036 104 106 934417 0 0 0
-1051 -1088 125 114 746481 0 0 0
-549 -1489 110 70 712941 0 0 0
-207 -2075 105 74 517668 0 0 0
-127 -2588 65 76 716024 0 0 0
31 -2490 106 110 710348 0 0 0
-570 -2389 107 90 505893 0 0 0
95 -2067 87 85 569219 0 0 0
838 -2743 120 100 323814 0 0 0
666 -3467 90 61 492510 0 0 0
1356 -3000 76 64 489057 0 0 0
1281 -3102 69 66 817662 0 0 0
636 -3745 89 113 484912 0 0 0
961 -3718 92 94 531549 0 0 0
412 -3888 84 97 421929 0 0 0
696 -3482 130 85 164714 0 0 0
723 -3211 83 84 217770 0 0 0
95 -3599 84 115 913123 0 0 0
687 -3466 102 80 255023 0 0 0
1232 -4176 71 79 270949 0 0 0
1963 -4111 78 84 649820 0 0 0
1846 -3826 77 107 423990 0 0 0
1571 -3466 100 92 957675 0 0 0
1715 -2819 123 71 880123 0 0 0
1348 -3006 121 95 809474 0 0 0
1531 -3618 121 58 713092 0 0 0
1404 -3509 67 117 365571 0 0 0
855 -3138 129 89 892637 0 0 0
683 -2871 115 86 765835 0 0 0
12 -2187 74 65 615194 0 0 0
471 -2900 119 61 992368 0 0 0
240 -2552 114 60 626043 0 0 0
-35 -2992 103 109 544687 0 0 0
-1047 2889 110 80 410602 0 0 0
-1619 2282 113 91 205002 0 0 0
-1153 2623 119 114 186259 0 0 0
-802 2703 82 58 741766 0 0 0
-1030 2195 81 83 250607 0 0 0
-458 2523 79 99 696109 0 0 0
282 2612 121 93 279380 0 0 0
781 2081 118 115 362589 0 0 0
877 2041 104 80 789699 0 0 0
1301 1583 130 93 707882 0 0 0
1365 1670 105 99 258965 0 0 0
1979 1951 87 59 204940 0 0 0
2425 1365 92 110 180699 0 0 0
2311 1256 80 78 784739 0 0 0
1592 711 84 108 824172 0 0 0
1533 1264 122 59 266950 0 0 0
1934 1963 73 64 675670 0 0 0
2044 2546 67 102 529278 0 0 0
1951 3274 69 115 605047 0 0 0
2058 2909 85 99 694480 0 0 0
2312 2778 113 114 615515 0 0 0
2831 2494 100 113 163420 0 0 0
3567 2688 98 113 303382 0 0 0
3302 3084 108 108 783540 0 0 0
2974 2976 125 111 551342 0 0 0
3699 2961 122 100 811216 0 0 0
3453 3439 105 102 673867 0 0 0
3662 3367 80 82 185244 0 0 0
3264 3127 95 86 981471 0 0 0
2763 3427 71 58 702858 0 0 0
2862 3402 104 74 964245 0 0 0
2680 3973 121 103 750609 0 0 0
2397 3413 82 68 306404 0 0 0
2756 2912 106 91 102763 0 0 0
3344 2388 119 84 863701 0 0 0
3257 2611 129 60 745171 0 0 0
3358 2190 87 88 234635 0 0 0
3272 1759 104 91 618867 0 0 0
3977 2305 85 103 453867 0 0 0
3484 2528 84 67 522989 0 0 0
3486 1877 113 93 233805 0 0 0
3962 1256 89 99 676579 0 0 0
3433 866 79 80 691793 0 0 0
3960 598 65 70 696057 0 0 0
4199 606 119 106 810845 0 0 0
3674 534 77 95 893320 0 0 0
2935 621 113 113 393157 0 0 0
2475 1202 87 89 635064 0 0 0
2931 971 107 94 459276 0 0 0
2383 775 128 69 508184 0 0 0
2404 1344 75 95 909301 0 0 0
3123 1777 123 96 286287 0 0 0
-74 -2157 89 84 375643 0 0 0
-693 -2395 129 87 982750 0 0 0
-1118 -1955 82 105 740641 0 0 0
-687 -2501 80 85 719396 0 0 0
22 -1772 92 58 692664 0 0 0
267 -1788 93 83 483761 0 0 0
1014 -1754 85 100 568825 0 0 0
1587 -1198 121 92 815312 0 0 0
922 -670 81 84 694263 0 0 0
797 -394 98 92 559945 0 0 0
151 -188 112 86 793201 0 0 0
768 -428 68 99 267263 0 0 0
688 -641 74 96 861452 0 0 0
-41 -387 106 108 686237 0 0 0
112 211 121 103 938412 0 0 0
170 256 78 75 237232 0 0 0
-305 -415 104 67 761277 0 0 0
86 -636 116 106 723683 0 0 0
592 -923 66 59 344191 0 0 0
-102 -669 127 94 459303 0 0 0
142 -667 108 83 181058 0 0 0
-118 -39 92 116 178035 0 0 0
182 555 91 111 168591 0 0 0
900 744 111 68 710482 0 0 0
744 797 112 102 360683 0 0 0
175 679 101 65 375612 0 0 0
-124 428 84 94 313683 0 0 0
-92 1025 102 94 421636 0 0 0
425 1080 124 102 499958 0 0 0
-310 1542 97 100 674598 0 0 0
-412 1683 115 99 810453 0 0 0
-297 1361 107 105 146622 0 0 0
-525 1070 96 65 482338 0 0 0
-473 1275 97 65 424389 0 0 0
-248 1183 78 65 107098 0 0 0
-354 1866 82 77 593637 0 0 0
-46 1523 112 109 819381 0 0 0
-493 967 103 95 453181 0 0 0
-445 1155 106 112 907685 0 0 0
-922 1281 79 110 401174 0 0 0
-1497 919 75 98 416969 0 0 0
-2150 642 68 107 202835 0 0 0
-1651 1136 92 74 416321 0 0 0
-2068 1055 65 70 877781 0 0 0
-2307 451 101 61 640179 0 0 0
-2855 1001 93 86 437631 0 0 0
-2808 1077 74 117 717150 0 0 0
-2630 1012 99 112 405763 0 0 0
-2269 1168 91 73 834376 0 0 0
-2774 1196 65 95 818171 0 0 0
-3447 1442 71 107 606269 0 0 0
-3739 1953 95 74 801058 0 0 0
-3737 1872 128 90 181976 0 0 0
-4151 2179 77 109 680108 0 0 0
-3898 2567 105 109 377652 0 0 0
-3572 2570 116 102 171745 0 0 0
-3317 3266 129 87 462443 0 0 0
-3647 2681 87 77 619493 0 0 0
-4012 1957 89 58 320971 0 0 0
-4112 1812 105 72 824816 0 0 0
-4402 2162 75 95 881133 0 0 0
-4397 2038 125 91 997997 0 0 0
-5131 2616 84 109 693743 0 0 0
-4722 3023 117 83 759561 0 0 0
-5127 3543 115 97 775093 0 0 0
-5426 4095 113 107 176298 0 0 0
-4799 4110 122 109 140494 0 0 0
-5355 3523 65 100 941591 0 0 0
-4670 3809 114 110 322621 0 0 0
-4897 4223 112 80 936005 0 0 0
-4844 4194 124 117 676091 0 0 0
-5191 4389 105 58 369873 0 0 0
-5830 5060 68 78 275022 0 0 0
-5218 5363 106 88 366549 0 0 0
-5440 5637 93 61 715210 0 0 0
-5046 6132 107 107 920415 0 0 0
-4689 5845 122 75 859319 0 0 0
-5287 5787 108 111 721906 0 0 0
-5218 5865 65 83 583079 0 0 0
-4492 5782 76 68 781146 0 0 0
-4209 5465 105 72 287293 0 0 0
-4494 5931 80 82 875725 0 0 0
-4692 6263 108 86 815640 0 0 0
-5332 7004 96 81 241380 0 0 0
-4837 7674 74 67 171637 0 0 0
-5169 8142 90 87 993521 0 0 0
-4989 8347 116 96 300869 0 0 0
-4630 9062 81 86 270350 0 0 0
-3940 9445 114 78 460313 0 0 0
-3196 9249 117 75 702018 0 0 0
-2517 9845 112 108 505007 0 0 0
-2636 9270 99 82 785390 0 0 0
-2139 9238 89 115 812545 0 0 0
-1815 -2978 111 93 303286 0 0 0
-1593 -2729 118 63 333138 0 0 0
-868 -2128 90 85 965756 0 0 0
-720 -2717 81 94 406094 0 0 0
-472 -3193 84 63 895448 0 0 0
-372 -3557 80 84 889385 0 0 0
-445 -3468 120 90 807339 0 0 0
253 -3638 67 116 501493 0 0 0
-132 -3397 86 72 252091 0 0 0
212 -3629 94 77 739801 0 0 0
-410 -4087 96 80 527921 0 0 0
-1007 -3450 86 76 309413 0 0 0
-575 -3864 125 89 663113 0 0 0
-850 -3459 123 82 207513 0 0 0
-252 -3494 79 107 829494 0 0 0
-214 -2995 120 98 710015 0 0 0
-407 -2387 86 103 959590 0 0 0
-360 -1792 127 71 799502 0 0 0
-456 -1563 126 84 262696 0 0 0
-82 -1114 95 110 114343 0 0 0
-643 -1170 113 94 908325 0 0 0
-549 -1333 91 114 263466 0 0 0
-1032 -1331 130 65 406209 0 0 0
-1702 -769 70 86 111281 0 0 0
-2391 -1193 68 78 778707 0 0 0
-1885 -1713 76 94 196167 0 0 0
-1213 -1904 115 113 361273 0 0 0
-1123 -1598 116 71 664417 0 0 0
-784 -1797 112 81 264526 0 0 0
-182 -2127 112 102 450048 0 0 0
-641 -1751 120 93 405928 0 0 0
-1374 -2092 108 109 274105 0 0 0
1687 2939 65 114 284950 0 0 0
1015 3612 129 105 555474 0 0 0
1007 3524 96 72 736942 0 0 0
331 3157 121 65 591308 0 0 0
62 3894 71 106 334358 0 0 0
191 3665 109 114 631884 0 0 0
537 3472 93 108 492563 0 0 0
815 3707 109 60 575802 0 0 0
1562 3432 116 76 501989 0 0 0
1379 3727 95 66 540507 0 0 0
665 4356 79 82 100433 0 0 0
331 4887 71 65 894760 0 0 0
666 5282 109 85 880977 0 0 0
874 5025 103 64 900957 0 0 0
1520 4677 76 93 899116 0 0 0
1696 5336 80 115 684400 0 0 0
1814 4969 119 66 461395 0 0 0
1773 4391 94 117 920054 0 0 0
1130 4180 109 73 388779 0 0 0
897 4616 125 60 224221 0 0 0
394 4496 109 86 422317 0 0 0
-50 4893 117 90 356923 0 0 0
127 4448 73 89 203203 0 0 0
416 4739 67 90 894321 0 0 0
-22 4137 73 69 244177 0 0 0
475 4019 125 88 331966 0 0 0
-179 4244 126 62 441846 0 0 0
43 4682 91 114 264598 0 0 0
246 5094 123 106 403116 0 0 0
-56 5199 72 101 721687 0 0 0
-224 4869 100 94 764640 0 0 0
-2135 2085 80 104 770569 0 0 0
-2422 2375 81 90 672458 0 0 0
-1888 2572 100 102 502915 0 0 0
-1423 1897 93 87 847914 0 0 0
-1142 1545 93 59 800207 0 0 0
-1131 1218 89 105 598389 0 0 0
-1138 869 123 91 624192 0 0 0
-991 1308 107 71 748570 0 0 0
-1740 1166 128 109 113418 0 0 0
-1286 1368 77 67 958179 0 0 0
-687 1004 130 77 127550 0 0 0
-567 1551 119 81 615437 0 0 0
-493 1571 118 84 432418 0 0 0
40 1762 95 112 785836 0 0 0
749 1264 95 60 271349 0 0 0
261 677 124 102 878261 0 0 0
284 881 114 92 953260 0 0 0
-98 307 66 74 935933 0 0 0
-757 733 81 81 919928 0 0 0
-1469 609 100 116 840358 0 0 0
-1430 668 82 77 132723 0 0 0
-1711 -26 130 87 144766 0 0 0
-1578 716 97 104 189952 0 0 0
-1013 442 83 97 236479 0 0 0
-1229 156 75 111 925588 0 0 0
-2817 549 76 83 288937 0 0 0
-2545 350 124 74 990769 0 0 0
-2374 787 122 79 128449 0 0 0
-2967 556 110 114 751131 0 0 0
-2782 817 114 83 816489 0 0 0
-2209 380 117 70 628647 0 0 0
-2917 628 129 103 377834 0 0 0
-3344 1246 116 83 493538 0 0 0
-3239 692 116 113 427755 0 0 0
-3236 719 98 104 140712 0 0 0
-2703 636 129 115 549132 0 0 0
-2830 915 69 84 965119 0 0 0
-2819 1038 87 96 961237 0 0 0
-2746 1390 89 98 311418 0 0 0
-3437 1275 116 62 753792 0 0 0
-2974 1108 118 111 377473 0 0 0
-3623 1726 121 107 465467 0 0 0
-4196 1161 93 97 385292 0 0 0
-4337 1058 103 95 367390 0 0 0
-4697 1080 100 100 369657 0 0 0
-4582 1018 123 71 289420 0 0 0
-5156 1546 70 102 234669 0 0 0
-5730 853 66 93 243265 0 0 0
-5781 805 113 88 773558 0 0 0
-5776 386 116 95 702015 0 0 0
-6170 521 95 106 747334 0 0 0
-5892 1186 80 93 634286 0 0 0
-5882 661 85 109 524901 0 0 0
-6478 932 105 58 177157 0 0 0
-6639 1599 96 87 152683 0 0 0
-7300 1855 101 103 380463 0 0 0
-6925 2233 65 70 279002 0 0 0
-6179 1893 93 73 802344 0 0 0
-5450 1662 73 116 143859 0 0 0
-5023 2260 104 114 664720 0 0 0
-5625 2675 89 83 497179 0 0 0
-5442 2530 91 81 900838 0 0 0
-5237 3142 69 108 617453 0 0 0
-4849 3545 105 111 510542 0 0 0
-5108 3389 67 67 904009 0 0 0
-5504 3121 118 90 768886 0 0 0
-5419 3336 68 113 305075 0 0 0
-5088 2914 95 115 716649 0 0 0
-4346 3535 85 66 892089 0 0 0
-3883 3472 112 94 769181 0 0 0
-3883 3977 75 61 847852 0 0 0
-3629 4434 130 97 873670 0 0 0
-2931 3960 83 88 450006 0 0 0
-2736 3776 107 103 745402 0 0 0
-2262 3317 67 95 741376 0 0 0
-2760 2680 91 67 295899 0 0 0
-2742 2945 123 92 212455 0 0 0
-2271 2405 126 98 848310 0 0 0
-2683 2530 83 98 413003 0 0 0
-2212 1990 66 66 353411 0 0 0
-1807 1858 65 107 726579 0 0 0
-2515 2139 93 80 233217 0 0 0
-2786 1900 95 117 164838 0 0 0
-3223 1359 74 91 240971 0 0 0
-3907 1980 93 100 610742 0 0 0
-4016 1982 115 107 702297 0 0 0
-3988 1712 67 79 340751 0 0 0
-3813 1592 71 110 733546 0 0 0
-3462 1797 122 97 702755 0 0 0
-4056 1424 109 59 911080 0 0 0
-3817 1990 84 109 987999 0 0 0
-4519 2154 98 63 699580 0 0 0
-4980 2339 128 101 420995 0 0 0
-4690 2716 74 113 926110 0 0 0
-4406 3271 78 61 172945 0 0 0
-3678 3858 118 79 644840 0 0 0
-4048 4066 128 64 632440 0 0 0
-4086 4680 87 74 690810 0 0 0
-4633 4281 127 90 301240 0 0 0
-3925 3810 115 104 285998 0 0 0
-3910 3144 126 77 598693 0 0 0
-3738 3678 98 69 983383 0 0 0
-3340 4115 74 66 794202 0 0 0
-2604 3815 101 85 437371 0 0 0
-2146 3385 108 104 460599 0 0 0
-2516 3408 129 76 943349 0 0 0
2644 -2434 68 83 377088 0 0 0
2217 -2229 82 83 423517 0 0 0
1512 -2545 117 85 749773 0 0 0
2187 -3246 83 66 723860 0 0 0
2173 -3824 91 107 360165 0 0 0
2298 -3874 68 92 634653 0 0 0
2602 -3557 126 69 774600 0 0 0
2730 -4060 106 105 646316 0 0 0
2566 -3396 97 65 983266 0 0 0
2483 -2847 104 93 848436 0 0 0
2857 -3289 73 114 448179 0 0 0
3125 -3058 80 75 821620 0 0 0
3103 -3333 118 81 669917 0 0 0
2780 -3325 99 80 641406 0 0 0
2670 -3945 99 83 487711 0 0 0
2767 -4384 83 88 984698 0 0 0
3109 -4634 95 109 511546 0 0 0
2986 -4706 101 79 721358 0 0 0
2455 -5257 125 101 652603 0 0 0
1708 -5564 124 68 153527 0 0 0
1404 -5212 119 74 473459 0 0 0
982 -5188 114 66 580977 0 0 0
1714 -5775 89 64 483579 0 0 0
1220 -5058 114 102 315058 0 0 0
494 -4853 66 113 975234 0 0 0
471 -4895 111 78 692823 0 0 0
309 -4595 115 88 362883 0 0 0
98 -4609 73 74 698838 0 0 0
60 -4181 121 76 941143 0 0 0
-593 -4205 95 116 655707 0 0 0
-859 -3834 97 58 719869 0 0 0
-294 -4306 87 112 687895 0 0 0
-351 -4946 70 112 512157 0 0 0
85 -4834 119 60 264139 0 0 0
-52 -5575 101 75 850904 0 0 0
-50 -5465 129 80 666257 0 0 0
150 -5037 67 81 102967 0 0 0
-1741 997 94 89 703358 0 0 0
-1626 1250 92 97 743077 0 0 0
-1824 1666 69 60 855445 0 0 0
-1483 1147 102 74 666205 0 0 0
-903 1527 125 101 192724 0 0 0
-686 1708 129 61 580436 0 0 0
-1006 2189 73 67 460123 0 0 0
-967 1978 80 96 707658 0 0 0
-1040 2595 86 63 677837 0 0 0
-340 1916 123 65 690359 0 0 0
-1004 2270 123 91 381453 0 0 0
-1087 2288 123 94 736406 0 0 0
-835 2666 72 62 609151 0 0 0
-566 1969 126 114 833542 0 0 0
-772 1246 93 96 351794 0 0 0
-91 1093 79 110 933744 0 0 0
-740 851 103 113 229417 0 0 0
-506 1492 98 109 577656 0 0 0
-303 1065 70 110 967072 0 0 0
-559 1601 68 104 798290 0 0 0
-648 1463 128 96 706114 0 0 0
-327 1705 91 102 657708 0 0 0
241 2233 102 116 239249 0 0 0
335 2679 71 81 189676 0 0 0
-26 3393 90 98 836525 0 0 0
-513 3599 68 88 510505 0 0 0
-589 4301 112 96 849754 0 0 0
-1226 3929 74 59 390156 0 0 0
-893 4217 120 107 904059 0 0 0
-965 4630 93 62 988195 0 0 0
-1306 4456 114 75 840671 0 0 0
-1321 4708 119 115 458061 0 0 0
-1917 4325 66 100 483206 0 0 0
-1601 5069 81 66 961183 0 0 0
-1041 4443 105 112 370326 0 0 0
-1785 4066 95 80 285605 0 0 0
-2199 4722 103 94 157862 0 0 0
-2885 5423 86 64 568328 0 0 0
-2691 5076 95 70 232963 0 0 0
-2001 4488 86 108 525036 0 0 0
-1389 4638 95 110 527754 0 0 0
-977 5360 122 96 583922 0 0 0
-276 6047 92 95 643759 0 0 0
-891 6788 73 87 769773 0 0 0
-156 6745 103 59 196415 0 0 0
358 6930 96 79 409317 0 0 0
-194 6516 89 101 411088 0 0 0
-725 6463 81 81 226354 0 0 0
-612 5803 66 95 769092 0 0 0
-652 5481 113 65 406527 0 0 0
-229 6067 106 99 350291 0 0 0
-369 5357 75 115 607165 0 0 0
56 5544 84 108 445596 0 0 0
-192 6246 118 85 966027 0 0 0
-786 6189 128 73 543711 0 0 0
-655 5844 103 103 372797 0 0 0
-133 5717 96 60 416465 0 0 0
-640 5820 125 93 179297 0 0 0
-1234 5650 129 66 632068 0 0 0
-439 1186 116 89 501885 0 0 0
-867 1607 79 117 245888 0 0 0
-818 2014 71 107 590736 0 0 0
-913 2326 90 91 112045 0 0 0
-1316 2689 123 81 699255 0 0 0
-1958 2424 103 76 287195 0 0 0
-2191 2757 113 80 236951 0 0 0
-1602 2293 92 77 182387 0 0 0
-1700 2517 117 70 172568 0 0 0
-2368 1956 107 87 191899 0 0 0
-1841 2317 104 97 556628 0 0 0
-2297 1850 111 96 112649 0 0 0
-2006 1119 81 90 577218 0 0 0
-2233 1441 102 77 730184 0 0 0
-1888 1879 89 84 408112 0 0 0
-2290 2430 114 84 441809 0 0 0
-1987 2352 67 68 150529 0 0 0
-1889 1974 121 85 733233 0 0 0
-2376 1279 97 67 224456 0 0 0
-3006 1865 83 94 378369 0 0 0
-2907 1826 125 58 366319 0 0 0
-3286 2368 73 107 444403 0 0 0
-2692 2714 128 74 148827 0 0 0
-3280 2537 65 67 623472 0 0 0
-3587 2920 68 110 585840 0 0 0
-3857 2696 86 61 185417 0 0 0
-3882 2053 95 92 129828 0 0 0
-4462 1965 126 60 652044 0 0 0
-4189 1777 75 114 589132 0 0 0
-3871 1980 79 114 312010 0 0 0
-3618 2024 88 70 133888 0 0 0
-3324 2012 78 108 744479 0 0 0
-3710 1733 83 62 617904 0 0 0
-4065 1019 89 69 905751 0 0 0
-4361 687 103 96 506722 0 0 0
-4884 973 121 76 256718 0 0 0
-4406 545 78 71 888829 0 0 0
-4531 549 90 74 713997 0 0 0
-4736 15 114 92 525897 0 0 0
-5101 -54 106 92 370662 0 0 0
-5485 -152 123 65 718407 0 0 0
-4857 -461 66 113 838757 0 0 0
-5328 -511 72 60 535656 0 0 0
-5778 9 125 107 534894 0 0 0
-6511 247 102 98 993095 0 0 0
-6746 78 94 83 614686 0 0 0
-6748 200 93 115 514982 0 0 0
-7373 -387 104 109 551729 0 0 0
-6932 -156 95 72 566600 0 0 0
-7496 346 68 75 291380 0 0 0
-7758 583 118 62 272876 0 0 0
-7867 580 77 87 721528 0 0 0
-7452 135 88 115 119361 0 0 0
-7356 720 94 91 641085 0 0 0
-7104 1343 113 63 128525 0 0 0
-7207 1316 112 64 960828 0 0 0
-7310 1518 66 117 804884 0 0 0
-8028 1671 111 68 184810 0 0 0
-7838 2349 124 106 728035 0 0 0
-7727 2702 73 98 877227 0 0 0
-8337 2370 129 65 867126 0 0 0
-9059 2070 111 104 582012 0 0 0
-9517 1850 84 91 656462 0 0 0
-9931 1329 119 74 804244 0 0 0
-9391 1592 122 94 284184 0 0 0
-10124 1562 110 84 508121 0 0 0
-9520 2024 91 92 906876 0 0 0
-9648 1310 92 64 204717 0 0 0
-9915 905 92 68 336757 0 0 0
-10408 1470 122 86 982586 0 0 0
-11057 2064 80 109 965703 0 0 0
-11029 1762 109 95 102692 0 0 0
-10770 1087 87 72 290552 0 0 0
-10309 1308 96 75 488009 0 0 0
-9796 1203 82 112 443549 0 0 0
-10058 1810 70 104 206885 0 0 0
-9449 1090 81 60 173552 0 0 0
-10185 518 80 110 142167 0 0 0
-10901 667 122 101 600186 0 0 0
-11456 929 66 103 860534 0 0 0
-11220 410 107 97 827942 0 0 0
-11403 644 85 90 144116 0 0 0
-11743 181 115 79 981164 0 0 0
-11074 900 96 99 552457 0 0 0
-11330 987 80 85 952050 0 0 0
-11015 251 77 91 284622 0 0 0
-10550 103 65 62 179816 0 0 0
-10977 10 128 82 390580 0 0 0
-10427 -338 105 71 596813 0 0 0
-10015 270 109 92 505238 0 0 0
429 -413 128 75 438860 0 0 0
-203 -84 84 61 806758 0 0 0
-346 535 114 72 974108 0 0 0
169 1023 109 114 613896 0 0 0
142 363 108 102 818210 0 0 0
639 -39 75 103 985130 0 0 0
656 475 98 113 257258 0 0 0
601 -145 130 59 628605 0 0 0
514 -833 129 92 218206 0 0 0
198 -800 65 83 328829 0 0 0
534 -685 104 74 574161 0 0 0
1064 -746 117 102 511990 0 0 0
427 -1083 95 94 185482 0 0 0
-170 -356 124 101 219333 0 0 0
-801 49 114 59 191773 0 0 0
-1144 -70 86 62 512749 0 0 0
-1476 -584 84 109 734411 0 0 0
-1998 -96 104 93 203367 0 0 0
-2497 -641 115 73 491548 0 0 0
-2654 -1176 111 90 142075 0 0 0
-2058 -1192 102 71 847762 0 0 0
-1815 -999 95 110 323761 0 0 0
-1520 -1451 99 87 747896 0 0 0
-1592 -1063 126 112 591226 0 0 0
-1048 -468 85 59 334855 0 0 0
-1040 -950 104 97 288461 0 0 0
-1766 -922 126 87 155196 0 0 0
-1916 -243 111 95 344661 0 0 0
-2250 -217 93 105 430315 0 0 0
-1661 -205 109 105 175349 0 0 0
-2050 181 88 114 595296 0 0 0
-2623 184 124 76 889846 0 0 0
-2619 649 121 83 211990 0 0 0
-2437 939 114 116 401366 0 0 0
-3050 643 100 98 956176 0 0 0
-3767 1321 114 101 277564 0 0 0
-3873 1742 83 96 185306 0 0 0
-4462 1659 104 68 529718 0 0 0
-3946 2148 119 99 348348 0 0 0
-3936 2194 74 63 757863 0 0 0
1456 2232 92 109 383358 0 0 0
911 1827 78 98 955079 0 0 0
1287 1544 86 61 448193 0 0 0
553 1584 112 95 780368 0 0 0
840 2143 82 95 428577 0 0 0
920 1566 67 117 889236 0 0 0
617 1587 70 68 942149 0 0 0
-75 1734 101 71 981550 0 0 0
543 2002 119 76 342048 0 0 0
187 2496 126 68 739053 0 0 0
346 1968 98 105 758822 0 0 0
-23 2360 99 63 168409 0 0 0
260 1770 116 77 546553 0 0 0
891 1742 86 79 495736 0 0 0
1368 1081 65 110 442558 0 0 0
1911 455 86 84 447007 0 0 0
2521 560 99 98 277969 0 0 0
2796 -162 124 112 366167 0 0 0
2422 258 106 93 900729 0 0 0
1937 527 77 108 880809 0 0 0
1974 724 85 86 716220 0 0 0
1270 878 95 60 655308 0 0 0
1161 1482 93 112 361815 0 0 0
856 2193 127 109 452353 0 0 0
694 1857 125 111 706826 0 0 0
11 2275 93 99 344142 0 0 0
-1 1725 128 99 139936 0 0 0
-115 2305 68 86 957516 0 0 0
-275 2472 96 99 405616 0 0 0
-846 2527 67 90 494522 0 0 0
-1212 -1438 70 92 422449 0 0 0
-1961 -1690 128 80 746756 0 0 0
-1342 -1355 76 60 822879 0 0 0
-1625 -1323 114 67 188559 0 0 0
-2292 -1290 127 104 310173 0 0 0
-2936 -1839 89 110 310819 0 0 0
-2599 -1865 74 110 257949 0 0 0
-2578 -2560 70 65 832878 0 0 0
-2590 -2809 124 58 752880 0 0 0
-2334 -3443 111 113 996562 0 0 0
-2808 -3214 127 60 773456 0 0 0
-2734 -2841 69 77 545503 0 0 0
-2734 -2394 74 69 794366 0 0 0
-3065 -2051 75 84 348601 0 0 0
-2818 -2598 101 95 772076 0 0 0
-2331 -2149 79 66 528867 0 0 0
-2080 -1565 130 80 859663 0 0 0
-1774 -1469 84 74 660750 0 0 0
-2053 -1229 120 91 898926 0 0 0
-1853 -884 110 80 451908 0 0 0
-1235 -1040 87 67 712302 0 0 0
-1797 -1114 126 61 884758 0 0 0
-2516 -705 101 69 988847 0 0 0
-3091 -708 121 80 689171 0 0 0
-2886 -360 68 68 601109 0 0 0
-2724 -424 130 58 606635 0 0 0
-3135 -585 99 107 663096 0 0 0
-3682 -986 90 116 599234 0 0 0
-3191 -1525 123 79 312187 0 0 0
-2806 -1119 110 66 345037 0 0 0
-2882 -1553 89 65 492558 0 0 0
-2152 -1353 87 91 516422 0 0 0
-1410 -802 129 111 920225 0 0 0
-822 -681 117 69 570686 0 0 0
-892 -85 81 111 163152 0 0 0
-485 -553 121 110 572468 0 0 0
-809 172 100 70 467563 0 0 0
-440 201 94 58 306547 0 0 0
-472 -153 89 72 846124 0 0 0
-849 255 94 83 116648 0 0 0
-930 732 128 108 131854 0 0 0
-607 806 97 89 366411 0 0 0
-434 426 100 115 411765 0 0 0
-409 401 120 114 666417 0 0 0
-1005 318 88 102 927590 0 0 0
-1084 -346 82 84 130317 0 0 0
-375 293 123 110 937216 0 0 0
-883 828 114 81 228244 0 0 0
-354 536 113 110 841926 0 0 0
272 -211 90 117 363347 0 0 0
800 351 121 117 362716 0 0 0
808 -335 108 91 298157 0 0 0
904 -631 126 107 379064 0 0 0
501 -836 122 80 764739 0 0 0
751 -1169 108 69 585728 0 0 0
958 -1398 110 65 563215 0 0 0
438 -1306 95 60 508480 0 0 0
-264 -1790 128 86 715247 0 0 0
143 -2199 91 66 202136 0 0 0
-498 -1783 67 95 927437 0 0 0
-491 -1191 89 66 261793 0 0 0
131 -1138 90 68 638327 0 0 0
730 -894 106 66 565449 0 0 0
31 -960 122 107 889793 0 0 0
729 -1119 99 104 214116 0 0 0
111 -470 117 83 760223 0 0 0
2401 -279 130 92 594662 0 0 0
1980 -660 125 68 175018 0 0 0
2414 -693 118 109 341135 0 0 0
2701 -215 105 85 503086 0 0 0
1996 234 95 107 206695 0 0 0
2117 -294 78 79 306538 0 0 0
1459 -569 119 70 917373 0 0 0
1877 167 84 58 403433 0 0 0
2220 -70 112 67 680575 0 0 0
2884 -24 71 93 706313 0 0 0
3436 13 115 96 527734 0 0 0
2724 54 130 117 311319 0 0 0
2910 150 121 74 873690 0 0 0
3574 -391 73 112 518199 0 0 0
3972 -919 78 63 927441 0 0 0
4259 -1415 69 96 594965 0 0 0
4471 -951 87 74 672806 0 0 0
5009 -1274 82 70 795428 0 0 0
4545 -1736 108 69 915645 0 0 0
5217 -1906 79 67 112324 0 0 0
5213 -2012 88 77 410902 0 0 0
5737 -1402 66 109 185658 0 0 0
5889 -1160 66 81 855016 0 0 0
5432 -446 104 106 488987 0 0 0
5857 -115 94 91 794881 0 0 0
6391 -821 116 104 394801 0 0 0
1635 -334 107 90 696756 0 0 0
2124 -442 72 96 467246 0 0 0
2230 -667 65 60 114096 0 0 0
1907 73 99 116 133355 0 0 0
1644 246 81 68 970319 0 0 0
2057 726 80 101 965730 0 0 0
2282 379 107 75 184707 0 0 0
2116 987 126 117 578212 0 0 0
2210 734 112 107 877211 0 0 0
2377 1329 74 97 526839 0 0 0
2408 1411 126 108 660490 0 0 0
2211 1984 109 92 661907 0 0 0
1726 1263 120 61 624269 0 0 0
982 949 125 107 617078 0 0 0
833 958 101 108 537436 0 0 0
541 328 79 88 425283 0 0 0
293 38 118 65 533362 0 0 0
806 -14 85 58 979041 0 0 0
192 -668 118 92 990647 0 0 0
364 -1217 81 82 941848 0 0 0
651 -1213 109 117 978283 0 0 0
1192 -489 72 103 262958 0 0 0
532 -427 125 76 712396 0 0 0
818 -135 66 65 539627 0 0 0
305 -23 100 82 269550 0 0 0
940 650 70 82 491830 0 0 0
1654 669 91 116 519432 0 0 0
1750 109 87 113 223829 0 0 0
2322 14 72 65 817061 0 0 0
1816 70 92 73 213374 0 0 0
1598 796 106 107 310984 0 0 0
2158 922 126 101 412373 0 0 0
2075 360 121 74 720370 0 0 0
2419 614 77 64 963838 0 0 0
2988 1186 98 79 488646 0 0 0
2265 893 113 64 771448 0 0 0
2753 788 123 103 896349 0 0 0
2415 1451 72 86 523724 0 0 0
3081 1487 121 107 731577 0 0 0
2631 1586 91 91 672569 0 0 0
2113 2020 73 113 474394 0 0 0
1380 2589 86 87 689094 0 0 0
837 1982 107 74 759630 0 0 0
1237 1452 97 80 837775 0 0 0
697 2125 85 97 411401 0 0 0
251 1415 67 113 944363 0 0 0
-479 1538 77 64 957574 0 0 0
-971 1232 121 79 851231 0 0 0
-1469 1630 66 66 310959 0 0 0
-1644 1848 86 98 779735 0 0 0
-1399 2177 127 99 361880 0 0 0
-1839 2130 77 86 538613 0 0 0
-1781 1594 82 103 799592 0 0 0
-2021 1584 78 104 779488 0 0 0
-1957 1122 93 68 737474 0 0 0
-2464 1250 81 112 700248 0 0 0
-1960 834 121 78 857596 0 0 0
-2646 491 115 85 557440 0 0 0
-2568 971 119 86 424045 0 0 0
-2610 900 127 65 843207 0 0 0
-2600 902 127 71 549905 0 0 0
-3307 755 97 80 914364 0 0 0
-3688 702 68 114 298079 0 0 0
-3978 498 90 61 478287 0 0 0
-3794 865 126 105 101345 0 0 0
-4146 841 97 58 468587 0 0 0
-4144 990 109 90 168482 0 0 0
-4732 1719 104 62 506009 0 0 0
-4667 1447 126 116 721605 0 0 0
-5102 1968 80 84 630041 0 0 0
-5706 2197 83 61 267329 0 0 0
-5181 2526 108 99 269379 0 0 0
-5112 3008 85 98 553178 0 0 0
-4393 2966 75 92 982031 0 0 0
-3660 2304 122 109 818224 0 0 0
-3176 2697 124 99 146742 0 0 0
2494 2819 96 70 472398 0 0 0
3200 2132 77 109 111830 0 0 0
3419 2118 113 85 588336 0 0 0
3584 1498 86 65 136668 0 0 0
3740 1995 105 84 813668 0 0 0
3502 2479 95 84 488675 0 0 0
3507 1996 66 76 624034 0 0 0
3906 1950 90 62 385489 0 0 0
3617 1952 104 116 223993 0 0 0
2972 2314 81 67 813563 0 0 0
3363 3047 90 97 473955 0 0 0
3347 2632 92 80 740830 0 0 0
2620 3276 108 101 182872 0 0 0
-45 -1294 76 116 402435 0 0 0
-9 -1723 79 87 786135 0 0 0
-489 -1958 126 61 806153 0 0 0
-389 -1580 114 61 492883 0 0 0
-1096 -1110 127 73 970490 0 0 0
-999 -928 123 64 231843 0 0 0
-1473 -259 74 83 843297 0 0 0
-1667 -946 89 86 509319 0 0 0
-1591 -1018 120 111 956737 0 0 0
-1386 -314 109 89 498687 0 0 0
-2009 -74 84 91 267598 0 0 0
-1472 -272 86 72 575458 0 0 0
-826 -621 111 93 354659 0 0 0
-1486 -214 129 89 554381 0 0 0
-1664 148 123 92 360708 0 0 0
-992 43 65 108 518466 0 0 0
-442 -659 102 63 762931 0 0 0
-317 -21 69 81 349052 0 0 0
-653 -522 108 94 544209 0 0 0
-913 -26 89 84 997581 0 0 0
-709 -736 113 75 674148 0 0 0
-1107 -984 69 115 881793 0 0 0
-357 -1644 130 71 979785 0 0 0
-968 -1915 82 117 296773 0 0 0
-1415 -2064 83 110 395923 0 0 0
-1702 -1882 111 85 481466 0 0 0
-1748 -1878 117 74 550284 0 0 0
-1157 -1344 122 108 340095 0 0 0
-934 -1099 88 72 161905 0 0 0
-532 -559 126 105 767579 0 0 0
172 -783 93 94 601845 0 0 0
-412 -1079 108 84 725376 0 0 0
-878 -973 97 112 386982 0 0 0
-777 -1332 81 98 188619 0 0 0
-1509 -1260 125 83 931363 0 0 0
-1469 -771 88 107 772349 0 0 0
-993 -213 75 87 307209 0 0 0
-1684 428 74 105 369958 0 0 0
-2391 -181 83 63 575970 0 0 0
-2507 -103 126 67 717856 0 0 0
-2362 -230 115 79 351564 0 0 0
-2245 397 122 95 924538 0 0 0
-2087 591 106 97 821902 0 0 0
-2077 592 116 103 523506 0 0 0
-2267 546 71 98 372355 0 0 0
-2223 1072 91 93 398693 0 0 0
-2544 1323 87 69 403235 0 0 0
-2780 1192 96 114 462494 0 0 0
-3390 1477 95 91 837305 0 0 0
-3405 1907 78 68 868968 0 0 0
-3964 2312 89 109 286008 0 0 0
-3810 3030 84 105 246697 0 0 0
-3770 2330 101 75 701288 0 0 0
-3745 1930 127 76 428496 0 0 0
-3652 1584 123 76 204554 0 0 0
-3770 2271 69 67 495077 0 0 0
-3307 2437 88 62 703208 0 0 0
-3272 1977 128 96 785294 0 0 0
-4015 2109 107 92 847327 0 0 0
-3654 1979 92 71 952753 0 0 0
-3822 2520 67 108 496621 0 0 0
-3855 2078 99 94 438217 0 0 0
-4267 2134 119 107 113424 0 0 0
-3725 1391 80 107 193284 0 0 0
-3195 998 97 69 917238 0 0 0
-3759 430 113 64 405451 0 0 0
-3983 32 68 105 267830 0 0 0
-3532 778 117 67 656118 0 0 0
-4258 122 86 66 657673 0 0 0
-4701 -381 107 58 421115 0 0 0
-4528 -237 67 93 127323 0 0 0
-4437 -13 94 84 870744 0 0 0
-4723 -566 110 86 342808 0 0 0
-5092 -1025 67 90 484133 0 0 0
-5645 -882 85 106 380125 0 0 0
-5139 -445 125 79 751344 0 0 0
-4530 -479 112 79 979928 0 0 0
-5122 205 74 71 952170 0 0 0
-5008 -402 80 106 757200 0 0 0
-4589 -408 70 90 180406 0 0 0
-3963 -776 85 62 119797 0 0 0
-4567 -702 128 109 481556 0 0 0
-4422 -965 108 107 366471 0 0 0
-4907 -905 114 92 236590 0 0 0
-4267 -1297 85 84 219704 0 0 0
-4511 -1275 91 58 264275 0 0 0
-3819 -1631 101 73 578546 0 0 0
-4223 -2351 82 80 904305 0 0 0
-4902 -1747 75 108 816713 0 0 0
729 1615 110 58 100168 0 0 0
1127 2363 109 78 940558 0 0 0
1210 1726 89 101 620860 0 0 0
1860 2070 106 88 307752 0 0 0
2182 2126 77 88 725794 0 0 0
2263 1550 121 72 295173 0 0 0
2122 1321 76 78 317792 0 0 0
1673 1841 127 62 745246 0 0 0
1262 2138 107 76 295729 0 0 0
675 2456 76 91 772849 0 0 0
712 2915 126 99 318929 0 0 0
138 3054 75 93 653355 0 0 0
-368 3616 88 96 791448 0 0 0
-296 3958 69 92 951746 0 0 0
-764 4249 95 91 726765 0 0 0
-264 3891 81 92 222702 0 0 0
474 3796 91 78 464245 0 0 0
579 4368 110 81 252521 0 0 0
905 4693 74 94 834134 0 0 0
1110 4933 111 66 631087 0 0 0
1684 4613 130 87 642611 0 0 0
1509 4780 81 65 732162 0 0 0
890 5210 92 64 470435 0 0 0
681 5251 103 117 291504 0 0 0
205 5910 70 75 576062 0 0 0
-524 6437 80 80 457292 0 0 0
-624 6425 106 110 596826 0 0 0
-798 6536 65 63 948894 0 0 0
-179 6353 123 108 569540 0 0 0
211 6296 104 60 517245 0 0 0
151 6462 106 67 530261 0 0 0
775 6842 66 106 204649 0 0 0
1513 7320 115 111 137929 0 0 0
2130 7317 130 92 635354 0 0 0
1613 6688 124 94 662456 0 0 0
1948 6371 87 65 772356 0 0 0
1403 7048 124 103 889549 0 0 0
898 6347 118 97 475425 0 0 0
1245 6913 99 73 843635 0 0 0
906 6611 91 85 953125 0 0 0
166 6140 73 96 224582 0 0 0
-225 6666 87 86 292750 0 0 0
-120 6052 117 75 542478 0 0 0
-730 6426 118 85 384392 0 0 0
-1004 6431 72 104 128578 0 0 0
-294 6083 85 94 260924 0 0 0
-41 6075 91 99 541477 0 0 0
705 5571 92 89 563848 0 0 0
536 5011 81 117 789392 0 0 0
664 4279 68 84 233621 0 0 0
755 4208 76 114 524693 0 0 0
304 3955 125 76 540965 0 0 0
72 3279 103 92 905725 0 0 0
-577 3754 69 113 188076 0 0 0
-18 3212 122 66 257771 0 0 0
-621 2485 100 62 884852 0 0 0
-441 2977 65 82 146732 0 0 0
-510 3682 111 94 855219 0 0 0
-1190 3508 96 101 490792 0 0 0
-1094 3800 118 85 800991 0 0 0
-422 3891 103 86 962490 0 0 0
-1138 3836 65 82 948420 0 0 0
-571 3569 105 76 973597 0 0 0
-227 3084 129 67 710708 0 0 0
471 3351 71 87 858897 0 0 0
771 3022 68 67 785024 0 0 0
1001 2967 77 66 608639 0 0 0
1249 3438 109 85 774389 0 0 0
1158 3122 75 69 681641 0 0 0
477 3565 128 112 259358 0 0 0
850 3797 126 94 225343 0 0 0
-2622 -2027 130 77 831257 0 0 0
-2855 -1836 76 93 474929 0 0 0
-2990 -1414 130 91 894627 0 0 0
-3506 -1983 116 107 102441 0 0 0
-2934 -2355 65 65 519960 0 0 0
-3139 -2580 109 109 827969 0 0 0
-3742 -2427 65 80 507780 0 0 0
-3326 -1696 89 94 347446 0 0 0
-2936 -1985 115 72 703766 0 0 0
-2939 -1282 85 84 398934 0 0 0
-2918 -1587 77 95 878494 0 0 0
-3449 -1444 74 113 666691 0 0 0
-3166 -899 115 95 877203 0 0 0
-3348 -995 120 103 825631 0 0 0
-2685 -1717 103 74 939226 0 0 0
-2419 -1163 115 83 653567 0 0 0
-2208 -1659 87 112 315462 0 0 0
-2869 -1990 111 61 259665 0 0 0
-3552 -1284 108 58 492625 0 0 0
-3590 -1179 106 108 590294 0 0 0
-4012 -1725 102 69 330995 0 0 0
-3596 -2446 125 116 879619 0 0 0
-3456 -2094 81 113 777507 0 0 0
-3047 -2554 72 98 319422 0 0 0
-3687 -2097 99 116 346105 0 0 0
-3564 -1415 91 106 384507 0 0 0
-3362 -2149 105 73 719680 0 0 0
-3200 -2019 85 59 674894 0 0 0
-3073 -1590 122 109 237863 0 0 0
-3457 -1268 86 81 404617 0 0 0
-3085 -1859 99 77 584923 0 0 0
-2337 -1336 71 99 888039 0 0 0
-1602 -1621 95 86 484693 0 0 0
-1572 -1986 72 96 541704 0 0 0
-2095 -1742 91 107 504174 0 0 0
-2428 -1885 89 108 596020 0 0 0
-2562 -2017 119 67 542963 0 0 0
-2304 -2304 127 78 277995 0 0 0
-1665 -1750 74 114 885114 0 0 0
-1745 -1868 72 105 729292 0 0 0
-1520 -2166 103 106 952464 0 0 0
10 320 84 83 330457 0 0 0
674 327 95 64 441258 0 0 0
776 969 75 68 926033 0 0 0
1416 1639 113 96 249284 0 0 0
1609 1905 76 94 591073 0 0 0
1591 1865 82 103 456859 0 0 0
1016 1469 122 98 939015 0 0 0
964 1569 127 59 320581 0 0 0
927 920 74 78 847496 0 0 0
325 227 112 91 359206 0 0 0
-48 -342 85 80 225464 0 0 0
-418 -1022 96 67 555179 0 0 0
-379 -1739 76 86 449514 0 0 0
-372 -2062 86 66 311236 0 0 0
245 -2309 77 85 105288 0 0 0
564 -2894 116 78 258929 0 0 0
-64 -2812 65 82 403975 0 0 0
-126 -3201 122 64 500766 0 0 0
-502 -3106 89 116 784707 0 0 0
-198 -3265 89 109 408552 0 0 0
497 -3656 85 87 885790 0 0 0
598 -3455 87 88 318093 0 0 0
342 -3036 83 74 305042 0 0 0
-89 -3685 96 65 215055 0 0 0
399 -4390 85 61 816601 0 0 0
1060 -4384 123 114 565110 0 0 0
1445 -4005 91 108 220231 0 0 0
1805 -3541 81 104 520446 0 0 0
1630 -3166 119 106 410667 0 0 0
1289 -2933 88 70 860167 0 0 0
1079 -3101 129 80 455495 0 0 0
1747 -2861 128 84 685505 0 0 0
2487 -2353 129 108 227692 0 0 0
2339 -2984 123 79 677365 0 0 0
1600 -2849 74 61 834169 0 0 0
1779 -2518 69 67 163741 0 0 0
2053 -1892 86 69 759686 0 0 0
1467 -1344 68 75 767524 0 0 0
2043 -1253 84 77 530281 0 0 0
1861 -1382 107 64 639731 0 0 0
1956 -1759 77 96 233140 0 0 0
1236 -1324 84 116 312029 0 0 0
1914 -1562 68 90 461735 0 0 0
1882 -1159 121 61 906647 0 0 0
2067 -684 101 77 265878 0 0 0
1888 -629 87 58 128833 0 0 0
1816 -61 96 59 997105 0 0 0
1309 -117 90 92 101314 0 0 0
563 -291 96 87 204611 0 0 0
591 -833 70 99 709662 0 0 0
810 -753 110 59 110718 0 0 0
257 -1491 126 75 943036 0 0 0
-25 -2141 120 72 694299 0 0 0
-764 -2604 88 87 396837 0 0 0
-342 -2718 118 104 632945 0 0 0
-230 -2103 109 60 165126 0 0 0
224 -2768 111 61 484506 0 0 0
-242 -3339 109 99 650333 0 0 0
-608 -3324 68 80 310389 0 0 0
-1233 -3868 81 99 523850 0 0 0
-1117 -3327 85 110 251114 0 0 0
-1429 -4059 92 99 865579 0 0 0
-608 -2985 89 105 176973 0 0 0
-26 -3312 83 58 708734 0 0 0
-590 -3297 101 73 397456 0 0 0
-982 -3915 86 95 975252 0 0 0
-759 -4177 66 90 854076 0 0 0
-307 -4373 88 94 522220 0 0 0
-590 -3897 120 60 976998 0 0 0
-621 -3766 73 69 165073 0 0 0
-74 -4390 80 105 391910 0 0 0
-509 -3920 92 87 486078 0 0 0
-447 -4340 66 77 193921 0 0 0
-1087 -4801 86 69 431085 0 0 0
-1550 -5542 106 82 412165 0 0 0
-1271 -5038 109 85 351657 0 0 0
-1743 -4703 101 72 544562 0 0 0
-1702 -5351 116 87 610429 0 0 0
-1796 -5555 125 117 775469 0 0 0
-2480 -4995 118 94 748831 0 0 0
-1849 -5427 83 82 120756 0 0 0
-2560 -4877 118 71 712146 0 0 0
-2513 -5552 109 68 833099 0 0 0
-2974 -6187 66 90 602064 0 0 0
-3105 -5496 98 77 830691 0 0 0
-2567 -5390 129 64 198787 0 0 0
-2321 -5517 84 77 331554 0 0 0
-2813 -5800 83 80 934298 0 0 0
-3463 -6395 126 85 571880 0 0 0
-2935 -6185 110 112 241796 0 0 0
-2891 -6128 90 59 439536 0 0 0
-3350 -5536 130 99 136395 0 0 0
-2938 -6205 80 64 279361 0 0 0
-3142 -5841 74 60 525422 0 0 0
-3774 -5140 110 89 176716 0 0 0
-3520 -5183 95 98 685115 0 0 0
-3980 -5135 69 101 391064 0 0 0
-3917 -4717 80 77 920937 0 0 0
-3438 -4975 115 65 945861 0 0 0
-3927 -5472 98 104 543835 0 0 0
-3360 -5661 94 108 599039 0 0 0
-2801 -6107 102 96 136419 0 0 0
-2561 -6124 73 117 270481 0 0 0
-3152 -5519 117 83 544074 0 0 0
-3050 -5730 94 83 717113 0 0 0
-3067 -6003 96 72 146231 0 0 0
-3178 -5341 87 117 767950 0 0 0
-3644 -4772 130 104 466485 0 0 0
-3939 -4525 77 69 462523 0 0 0
-4019 -4557 65 77 520364 0 0 0
-4748 -4650 116 74 850931 0 0 0
2652 2710 110 74 809975 0 0 0
2865 2550 73 99 125688 0 0 0
2152 2816 129 64 265651 0 0 0
2362 2939 122 91 897242 0 0 0
1696 3066 113 66 124356 0 0 0
2184 3335 87 109 606710 0 0 0
2679 3443 97 112 735707 0 0 0
2964 2841 95 109 435197 0 0 0
2724 2730 80 115 151711 0 0 0
3193 2259 76 64 846640 0 0 0
2914 2756 82 92 678903 0 0 0
3446 2251 102 73 224910 0 0 0
3439 2372 83 69 249688 0 0 0
4058 2101 104 68 883505 0 0 0
3963 1462 65 75 890715 0 0 0
3701 2041 67 62 586379 0 0 0
3868 2117 79 78 868684 0 0 0
3162 1766 88 71 149184 0 0 0
2917 1179 100 82 454804 0 0 0
3000 522 76 109 630170 0 0 0
2512 374 117 60 650055 0 0 0
1960 -37 114 89 318343 0 0 0
2065 147 67 75 115128 0 0 0
1433 -389 114 96 213709 0 0 0
2039 329 68 73 330336 0 0 0
2101 895 127 95 566433 0 0 0
2495 232 110 93 403930 0 0 0
3182 -445 126 100 945967 0 0 0
2918 -543 122 94 693758 0 0 0
2557 164 83 91 648052 0 0 0
2074 45 125 113 692211 0 0 0
1466 84 84 98 112599 0 0 0
2118 562 97 109 417708 0 0 0
1387 10 127 91 343704 0 0 0
847 -665 66 113 422612 0 0 0
749 -643 93 74 354873 0 0 0
1093 10 108 72 533679 0 0 0
403 512 124 79 800833 0 0 0
854 463 88 102 924574 0 0 0
658 101 109 65 616119 0 0 0
995 -217 90 74 948018 0 0 0
1264 104 74 84 429528 0 0 0
1646 739 89 68 881311 0 0 0
2352 956 75 96 328478 0 0 0
2758 1364 104 104 807800 0 0 0
2608 1118 113 112 700855 0 0 0
2294 745 103 58 219036 0 0 0
1602 1040 98 104 162861 0 0 0
1779 1039 73 102 963989 0 0 0
1975 1569 69 104 209517 0 0 0
-1546 1317 105 95 970640 0 0 0
-977 1577 66 90 157612 0 0 0
-1054 1670 84 77 259911 0 0 0
-1396 1439 65 82 765999 0 0 0
-1675 2008 102 85 842675 0 0 0
-1436 2674 106 104 743001 0 0 0
-844 1959 78 112 147034 0 0 0
-100 1390 119 84 902687 0 0 0
534 1782 69 113 979911 0 0 0
932 2221 94 91 600050 0 0 0
531 1588 68 103 510765 0 0 0
318 1916 105 113 812542 0 0 0
206 1309 116 84 218874 0 0 0
-62 866 86 110 614833 0 0 0
684 286 67 98 275262 0 0 0
1272 225 80 63 905026 0 0 0
1348 585 112 91 288238 0 0 0
604 217 81 64 100914 0 0 0
802 198 93 59 306631 0 0 0
886 76 110 110 264031 0 0 0
316 -56 93 58 896601 0 0 0
-276 303 87 112 248520 0 0 0
-908 467 77 68 292038 0 0 0
1646 -2094 72 98 882887 0 0 0
1662 -2843 89 105 577062 0 0 0
1288 -2427 86 108 269549 0 0 0
1801 -2796 106 70 147041 0 0 0
1673 -3146 113 105 147634 0 0 0
2221 -3481 85 81 613369 0 0 0
1646 -3970 120 91 810845 0 0 0
1640 -4031 79 117 606600 0 0 0
1160 -4621 77 95 180767 0 0 0
1906 -4466 92 99 700912 0 0 0
2651 -4592 107 76 711247 0 0 0
3100 -4910 129 112 848696 0 0 0
3447 -4437 82 107 586411 0 0 0
3541 -4375 84 77 672102 0 0 0
3408 -4148 69 91 604334 0 0 0
3576 -3502 106 101 937925 0 0 0
3708 -2940 84 71 641924 0 0 0
3935 -3227 90 63 173788 0 0 0
3694 -3801 75 104 246812 0 0 0
3517 -4453 130 62 777726 0 0 0
4046 -3945 95 103 776026 0 0 0
4478 -4270 67 109 782934 0 0 0
5120 -3576 104 71 784418 0 0 0
4819 -3848 66 62 522229 0 0 0
4678 -3818 82 112 739798 0 0 0
5226 -4556 67 110 585031 0 0 0
5599 -3944 129 109 175045 0 0 0
5160 -3366 90 95 338310 0 0 0
5018 -2707 124 80 246988 0 0 0
5162 -2500 115 68 147054 0 0 0
5262 -1959 75 89 764932 0 0 0
5252 -1844 109 83 518601 0 0 0
5509 -1440 107 103 504686 0 0 0
5490 -715 94 68 779600 0 0 0
5365 -842 71 96 408438 0 0 0
5403 -901 108 61 902878 0 0 0
4968 -453 106 68 879878 0 0 0
4844 -363 76 78 756425 0 0 0
4916 344 75 100 492253 0 0 0
5317 1065 126 88 859789 0 0 0
5692 512 83 104 240268 0 0 0
5084 1252 93 78 779540 0 0 0
5550 1362 113 108 441930 0 0 0
5419 1540 90 101 201473 0 0 0
4786 2164 84 69 241809 0 0 0
4626 2903 118 105 988015 0 0 0
3938 3080 79 77 543821 0 0 0
4474 3370 85 82 787108 0 0 0
4782 3823 108 65 924626 0 0 0
5456 3201 108 103 186606 0 0 0
5724 3340 87 78 440234 0 0 0
6351 2778 102 90 396680 0 0 0
5650 2550 92 103 172854 0 0 0
5978 3273 72 100 384913 0 0 0
5766 3427 119 73 889790 0 0 0
-2566 -2152 95 64 447459 0 0 0
-2442 -1958 103 88 672383 0 0 0
-1760 -1614 70 73 793000 0 0 0
-1789 -2132 79 60 640797 0 0 0
-1763 -2494 110 70 519344 0 0 0
-1589 -2996 122 60 465090 0 0 0
-2316 -2257 104 65 842343 0 0 0
-2353 -2272 76 87 566872 0 0 0
-1884 -2453 126 88 947312 0 0 0
-1591 -2468 71 82 135293 0 0 0
-1902 -1844 103 85 709370 0 0 0
-2574 -1318 85 79 297787 0 0 0
-3238 -1087 90 113 864856 0 0 0
-3928 -1184 81 92 212644 0 0 0
-4425 -1023 95 101 663982 0 0 0
-4650 -302 92 111 186671 0 0 0
-4892 -171 88 64 376545 0 0 0
-5015 -609 91 78 398559 0 0 0
-4596 95 79 113 151404 0 0 0
-4033 -10 72 87 779966 0 0 0
-3930 -711 96 61 225699 0 0 0
-3351 -829 79 103 160591 0 0 0
-3361 -1072 108 93 251251 0 0 0
-3125 -1410 100 104 414008 0 0 0
-3527 -2018 123 104 124067 0 0 0
-3480 -2205 89 79 700293 0 0 0
-2835 -1899 86 101 154288 0 0 0
-2837 -2360 115 94 268774 0 0 0
-2842 -2545 105 75 914628 0 0 0
-3500 -2253 86 84 375924 0 0 0
-3064 -1912 97 115 207958 0 0 0
-3364 -2176 121 99 457244 0 0 0
-2934 -2842 70 65 555115 0 0 0
-3507 -2885 110 81 935152 0 0 0
-2811 -2586 90 111 304688 0 0 0
-3215 -2740 111 58 888862 0 0 0
-3327 -2263 104 94 193743 0 0 0
-3943 -2926 100 108 522599 0 0 0
-3301 -3195 92 71 772861 0 0 0
-3740 -3324 69 114 173305 0 0 0
-3573 -3620 122 74 419633 0 0 0
-3678 -4345 66 92 310203 0 0 0
-3504 -4093 83 71 354803 0 0 0
-3641 -4345 84 105 544276 0 0 0
-3183 -4484 113 107 196861 0 0 0
-3714 -3897 70 113 682292 0 0 0
-3068 -3794 78 65 330311 0 0 0
-3129 -3194 124 99 751652 0 0 0
268 -2396 121 59 666180 0 0 0
819 -2589 65 91 131969 0 0 0
1121 -3162 107 61 646792 0 0 0
1459 -3004 125 99 597054 0 0 0
2149 -3263 130 111 370246 0 0 0
2576 -3066 88 75 272434 0 0 0
2587 -2590 125 93 399874 0 0 0
2365 -1883 125 106 484454 0 0 0
2187 -1196 103 116 733637 0 0 0
1859 -1938 81 84 941940 0 0 0
1662 -1727 111 106 914952 0 0 0
1855 -2039 80 80 699770 0 0 0
2228 -1394 69 94 206732 0 0 0
2817 -2082 121 98 805451 0 0 0
-173 -2462 115 60 306083 0 0 0
-713 -2229 114 58 808608 0 0 0
-1160 -2230 93 92 526018 0 0 0
-881 -2721 76 99 616202 0 0 0
-1411 -3115 124 81 118342 0 0 0
-1116 -3366 83 87 630175 0 0 0
-529 -3600 95 110 629857 0 0 0
-1127 -3671 128 111 863612 0 0 0
-1254 -3839 116 92 287690 0 0 0
-1238 -3813 98 63 679238 0 0 0
-771 -4541 129 103 803344 0 0 0
-1446 -4256 88 99 148247 0 0 0
-1230 -4501 106 102 271265 0 0 0
-1888 -4834 77 70 816034 0 0 0
-1177 -5082 86 64 935399 0 0 0
-1531 -5070 93 97 802301 0 0 0
-1689 -4476 122 95 146572 0 0 0
-1178 -4935 109 84 822987 0 0 0
-960 -5044 89 60 773550 0 0 0
-1687 -4481 86 72 306484 0 0 0
-1880 -3853 123 82 119142 0 0 0
-1421 -3396 112 71 461100 0 0 0
-1759 -2903 66 91 253706 0 0 0
-2232 -2327 122 97 640808 0 0 0
-2280 -1809 129 64 963184 0 0 0
-2716 -2412 83 75 382278 0 0 0
-2348 -2715 112 102 688301 0 0 0
-2022 -2563 117 82 233416 0 0 0
-2654 -3090 116 69 269288 0 0 0
-3069 -3376 106 108 162417 0 0 0
-3059 -3856 77 64 756824 0 0 0
-3240 -3593 107 91 944834 0 0 0
-2748 -4332 108 114 901813 0 0 0
-2055 -4606 103 96 718599 0 0 0
-2790 -4156 71 87 576568 0 0 0
-2989 -4615 119 75 210942 0 0 0
-3665 -4304 120 115 815189 0 0 0
-4359 -4391 118 80 497955 0 0 0
-4018 -4772 116 114 706670 0 0 0
-3580 -4884 80 92 225625 0 0 0
-3320 -4703 110 74 690784 0 0 0
-3343 -4100 101 91 329262 0 0 0
-4064 -3711 122 69 168428 0 0 0
-2321 -2784 117 83 792325 0 0 0
-1972 -3099 97 111 172393 0 0 0
-2018 -3739 69 114 780704 0 0 0
-2102 -4370 106 101 286489 0 0 0
-2222 -3896 101 79 748209 0 0 0
-1618 -3489 123 100 150650 0 0 0
-1155 -3559 99 85 506423 0 0 0
-1446 -3266 104 85 770201 0 0 0
-1810 -2941 85 82 428080 0 0 0
-1456 -3120 125 74 426744 0 0 0
-1485 -2456 88 64 896768 0 0 0
-2065 -2001 118 81 787349 0 0 0
-2574 -2305 85 91 221967 0 0 0
-2835 -1856 96 71 850724 0 0 0
-3195 -2122 76 67 450519 0 0 0
-3075 -2815 123 65 876995 0 0 0
-3275 -2352 65 86 538083 0 0 0
-3410 -2558 87 64 492099 0 0 0
-3774 -2769 110 104 449228 0 0 0
-4262 -2749 109 109 159352 0 0 0
-3654 -3497 94 67 790286 0 0 0
-3416 -3275 67 96 361819 0 0 0
-3136 -2921 106 70 794043 0 0 0
-263 -494 96 97 477602 0 0 0
-593 -301 68 79 566457 0 0 0
-888 -471 115 103 673737 0 0 0
-195 -555 112 112 456467 0 0 0
-1 -1138 115 65 107599 0 0 0
-69 -1665 120 103 610740 0 0 0
-349 -1177 74 75 225253 0 0 0
-282 -1404 94 85 553235 0 0 0
109 -1049 67 69 785724 0 0 0
-561 -1576 96 85 741757 0 0 0
-846 -1803 69 109 934566 0 0 0
-1489 -2128 116 74 684522 0 0 0
-1011 -1643 100 101 861257 0 0 0
-1586 -1596 117 79 379510 0 0 0
-976 -2245 122 94 110257 0 0 0
-843 -2151 104 81 793474 0 0 0
-213 -2517 101 91 290612 0 0 0
-531 -3199 115 105 672509 0 0 0
-201 -3033 93 79 608349 0 0 0
300 -3173 99 86 490947 0 0 0
177 -2804 80 84 259415 0 0 0
404 -2261 118 113 699709 0 0 0
-343 -1839 75 104 302334 0 0 0
147 -1225 88 92 348810 0 0 0
870 -1427 81 87 159077 0 0 0
253 -2028 87 66 737019 0 0 0
865 -1772 95 104 550002 0 0 0
1209 -1204 89 70 535997 0 0 0
1351 -1892 127 66 549382 0 0 0
2094 -1727 66 70 293277 0 0 0
2345 -1752 82 73 473734 0 0 0
2396 -1749 124 72 769185 0 0 0
2730 -2251 90 114 185691 0 0 0
3229 -1644 70 70 417535 0 0 0
3163 -1789 95 99 155300 0 0 0
3829 -1877 76 85 344415 0 0 0
3236 -1728 96 104 944254 0 0 0
3649 -1770 93 62 539464 0 0 0
4001 -1945 113 69 769195 0 0 0
4534 -1934 124 95 280533 0 0 0
4394 -2609 124 98 307983 0 0 0
3666 -2231 90 111 928906 0 0 0
4398 -2418 82 105 973577 0 0 0
4961 -2705 116 66 788413 0 0 0
5139 -2257 91 102 470367 0 0 0
5877 -2838 89 62 364472 0 0 0
5306 -2259 114 114 505937 0 0 0
4980 -2984 90 101 982893 0 0 0
4392 -3354 73 110 346108 0 0 0
2350 2843 68 72 407013 0 0 0
2543 2857 122 97 774142 0 0 0
2151 2182 87 89 415248 0 0 0
1692 2365 104 94 473815 0 0 0
1671 2320 91 107 443154 0 0 0
1365 2120 71 59 899706 0 0 0
896 2515 69 105 926243 0 0 0
181 2510 105 114 453204 0 0 0
739 2343 83 109 330974 0 0 0
937 1944 110 82 179199 0 0 0
1111 2581 108 87 907045 0 0 0
1040 2638 66 66 262858 0 0 0
327 3157 121 71 740226 0 0 0
-2443 2447 84 105 723372 0 0 0
-2391 2913 90 86 175242 0 0 0
-2361 2332 102 111 480973 0 0 0
-1804 2814 123 113 918634 0 0 0
-1587 3371 119 81 478731 0 0 0
-911 2712 86 115 894617 0 0 0
-1461 2566 84 91 480150 0 0 0
-1518 2216 100 93 938906 0 0 0
-1900 2191 79 61 792386 0 0 0
-1640 2941 85 97 210680 0 0 0
-1420 3152 119 70 157607 0 0 0
-813 2652 124 90 263997 0 0 0
-1128 2531 113 87 541589 0 0 0
-1846 3192 91 104 710449 0 0 0
-1810 3899 115 66 648986 0 0 0
-1245 4131 130 72 216863 0 0 0
-626 3868 115 82 744814 0 0 0
-812 4540 75 105 575055 0 0 0
-1292 4498 112 91 423351 0 0 0
-1951 4587 100 115 743042 0 0 0
-2559 4850 115 80 457300 0 0 0
-2626 5200 75 74 127131 0 0 0
-3346 5714 94 85 522555 0 0 0
-3910 5680 76 88 366307 0 0 0
-4284 5074 88 72 653850 0 0 0
-4283 5163 66 82 405632 0 0 0
-4357 4713 67 87 787262 0 0 0
-4658 4472 81 76 812087 0 0 0
-4201 4497 130 106 147829 0 0 0
-3742 3806 115 116 750328 0 0 0
-3920 3887 95 78 929810 0 0 0
-4500 4131 94 86 498291 0 0 0
-4316 4486 83 90 926790 0 0 0
-4055 4431 83 96 573126 0 0 0
-3790 3775 87 81 154778 0 0 0
-3309 3762 115 114 117657 0 0 0
-3013 4123 87 65 669501 0 0 0
-3393 3502 130 70 396079 0 0 0
-2717 3166 89 73 609401 0 0 0
-2367 2614 111 94 780800 0 0 0
-1734 2250 66 78 588745 0 0 0
-1682 1800 88 115 263834 0 0 0
-1210 2147 129 98 797106 0 0 0
-1385 2381 120 109 131852 0 0 0
-1090 1739 101 100 447160 0 0 0
-409 1701 100 60 915162 0 0 0
135 1594 123 111 339797 0 0 0
819 1154 105 82 171728 0 0 0
1527 482 92 77 110356 0 0 0
1769 389 72 83 432926 0 0 0
2096 -94 91 99 821392 0 0 0
2421 -11 80 59 882084 0 0 0
1694 -53 119 83 855822 0 0 0
2001 614 117 100 703887 0 0 0
1897 -127 77 104 543809 0 0 0
1568 -206 126 78 448720 0 0 0
2164 238 104 100 817014 0 0 0
2678 788 70 64 881706 0 0 0
2015 1234 96 78 775307 0 0 0
1970 1005 121 73 729276 0 0 0
2692 1168 93 73 905573 0 0 0
2874 1402 122 77 157763 0 0 0
2374 897 67 79 506140 0 0 0
1835 1023 67 58 803546 0 0 0
2259 1446 82 82 319832 0 0 0
1952 822 109 80 725864 0 0 0
2404 370 78 86 646279 0 0 0
2914 1018 116 111 546792 0 0 0
3109 1184 97 72 479702 0 0 0
3124 1539 90 111 229230 0 0 0
2756 803 126 83 410888 0 0 0
2679 163 122 92 890362 0 0 0
3304 759 103 89 465099 0 0 0
3686 725 71 102 452024 0 0 0
3516 1270 121 108 268308 0 0 0
2919 543 116 89 874907 0 0 0
3217 891 70 72 737387 0 0 0
2996 1571 114 73 463394 0 0 0
2414 1812 79 63 911723 0 0 0
2602 1863 70 71 286670 0 0 0
1587 -2159 83 58 925883 0 0 0
886 -1469 104 77 679804 0 0 0
484 -1300 127 68 551021 0 0 0
414 -1433 95 93 951665 0 0 0
807 -1752 120 80 945063 0 0 0
462 -1397 90 90 763159 0 0 0
19 -1623 94 82 219793 0 0 0
324 -2241 108 90 547869 0 0 0
-227 -1947 83 107 981352 0 0 0
-753 -1422 81 85 862786 0 0 0
-792 -1722 106 91 908984 0 0 0
-1351 -1622 101 79 604227 0 0 0
-993 -2360 75 90 416103 0 0 0
-1157 -2954 71 93 270291 0 0 0
-1869 -2668 114 63 332634 0 0 0
-1973 -2913 69 89 232593 0 0 0
-2618 -2367 100 88 859514 0 0 0
-2813 -1800 103 115 900548 0 0 0
-2626 -1626 71 58 981070 0 0 0
-2031 -2156 73 61 837727 0 0 0
-1966 -1796 65 114 617394 0 0 0
-1376 -1459 115 107 418563 0 0 0
-730 -1517 104 76 426478 0 0 0
-298 -1381 129 109 389641 0 0 0
-514 -956 99 109 690705 0 0 0
1761 1744 107 114 502375 0 0 0
1924 2220 124 78 874048 0 0 0
1740 2690 75 86 132796 0 0 0
1730 2887 67 95 171673 0 0 0
1611 3464 117 69 297197 0 0 0
2213 3575 117 96 152881 0 0 0
1849 3616 80 67 715818 0 0 0
1517 3583 77 58 222497 0 0 0
1753 4185 70 106 350513 0 0 0
2354 4822 109 99 591956 0 0 0
2368 4971 85 92 511292 0 0 0
1669 4492 84 104 435794 0 0 0
1654 3956 121 95 494190 0 0 0
1136 3553 80 98 112650 0 0 0
1458 2805 65 72 622188 0 0 0
1986 2839 109 104 665452 0 0 0
2670 2956 114 76 309039 0 0 0
2154 2832 92 72 505351 0 0 0
1958 3165 114 64 841950 0 0 0
1336 3051 87 111 369785 0 0 0
1287 3142 67 86 272981 0 0 0
1068 3778 99 115 846986 0 0 0
1015 4189 120 86 505763 0 0 0
1273 4327 124 91 750193 0 0 0
680 3894 97 75 619464 0 0 0
652 3290 130 95 497741 0 0 0
628 3452 130 100 697366 0 0 0
1123 3968 123 114 162045 0 0 0
1111 3498 68 77 231192 0 0 0
1000 3188 127 69 396079 0 0 0
1630 3487 107 113 759030 0 0 0
1022 3084 90 94 970321 0 0 0
1343 3563 83 116 882815 0 0 0
1518 3934 66 103 624731 0 0 0
1096 3240 127 60 614729 0 0 0
655 2724 106 59 513869 0 0 0
605 3445 110 74 786712 0 0 0
51 2714 114 104 197077 0 0 0
-681 2430 72 100 342274 0 0 0
-1350 2550 67 93 638322 0 0 0
-2096 2741 116 88 489377 0 0 0
-2226 3388 77 80 722125 0 0 0
-2520 3473 79 115 726901 0 0 0
-2388 4024 130 95 156034 0 0 0
-2901 4750 112 104 986410 0 0 0
-3051 5221 79 65 315643 0 0 0
-3765 4796 111 113 433924 0 0 0
-4041 4669 117 80 146521 0 0 0
-4768 4725 121 66 453115 0 0 0
-5292 5382 80 115 868393 0 0 0
-5454 6103 126 90 801126 0 0 0
-6030 6179 76 92 135389 0 0 0
-5439 6270 120 72 803520 0 0 0
-4788 5847 69 98 665492 0 0 0
-4585 5876 87 97 758039 0 0 0
-4376 5808 72 104 558297 0 0 0
-4407 5504 109 84 472202 0 0 0
-4775 5526 82 85 413610 0 0 0
-4710 4981 126 93 687171 0 0 0
-4395 5057 67 98 685372 0 0 0
-4470 5470 76 62 477425 0 0 0
-5059 4929 115 93 945831 0 0 0
-5696 4390 119 112 496007 0 0 0
-5874 4023 86 109 980820 0 0 0
-5694 3900 88 63 972861 0 0 0
-5884 3280 119 113 858483 0 0 0
-5253 2567 78 113 323479 0 0 0
-5345 2428 112 97 445907 0 0 0
-5088 1989 73 108 680089 0 0 0
-4715 2173 128 76 921789 0 0 0
-4336 1469 89 67 265736 0 0 0
-3653 910 118 94 158375 0 0 0
-4234 486 124 83 800469 0 0 0
-4181 763 115 81 678875 0 0 0
-4904 1117 117 74 107052 0 0 0
-4532 514 72 84 689180 0 0 0
-3894 130 82 91 324007 0 0 0
-4205 -76 117 66 722681 0 0 0
-3637 -464 84 114 769784 0 0 0
-3410 -802 88 84 241688 0 0 0
-3273 -899 90 73 707780 0 0 0
-3013 -529 75 98 376243 0 0 0
-3259 -674 85 88 771484 0 0 0
-2676 -133 69 111 704000 0 0 0
-2324 334 115 114 192846 0 0 0
-2600 170 106 64 769719 0 0 0
-2003 -261 67 67 974447 0 0 0
-1668 -876 119 61 935512 0 0 0
-1863 -468 69 62 344742 0 0 0
-1410 -175 82 100 222249 0 0 0
-1994 -407 102 81 735660 0 0 0
-2662 -1118 82 81 650308 0 0 0
-1918 -1197 68 93 637612 0 0 0
-1371 -1808 124 116 775188 0 0 0
-1415 -2435 90 88 139295 0 0 0
-1341 -1895 105 66 767951 0 0 0
-1051 -2035 68 73 407444 0 0 0
-898 -2435 98 110 693596 0 0 0
-297 -2226 125 80 506919 0 0 0
-918 -1742 68 99 414680 0 0 0
-1470 -2147 128 86 395512 0 0 0
-972 -2182 125 115 395685 0 0 0
-1662 -1813 73 104 330219 0 0 0
-1897 -1774 77 65 714513 0 0 0
-2108 -1093 130 88 452366 0 0 0
-1457 -1107 110 94 171242 0 0 0
-1899 -1598 105 95 192635 0 0 0
-1722 -1282 123 105 390882 0 0 0
-2144 -1402 87 110 353598 0 0 0
-1525 -1859 69 81 243458 0 0 0
-2170 -2545 77 115 323817 0 0 0
-1576 -2089 97 108 911926 0 0 0
-2159 -1403 88 112 913906 0 0 0
-2674 -1374 70 114 193944 0 0 0
-2784 -1383 89 77 360858 0 0 0
-3351 -1668 83 92 551411 0 0 0
-3163 -2235 69 74 120032 0 0 0
-3062 -1670 126 86 668947 0 0 0
-2588 -1220 130 96 565406 0 0 0
-2303 -1913 80 78 203814 0 0 0
-1884 -2592 104 110 862863 0 0 0
-1805 -2432 98 110 503800 0 0 0
-1921 -2350 99 90 935547 0 0 0
-1631 -2973 93 65 849391 0 0 0
-1987 -3015 100 88 286205 0 0 0
-1736 -2364 69 62 632145 0 0 0
-1967 -2320 91 80 196755 0 0 0
-1369 -2105 92 99 697016 0 0 0
-1797 -1813 125 96 706911 0 0 0
-1573 -2432 116 95 683952 0 0 0
-1222 -2542 127 83 464603 0 0 0
-1212 -3133 88 109 198465 0 0 0
-1481 -3729 112 116 354609 0 0 0
-1992 -3084 116 107 389178 0 0 0
-2012 -3415 105 72 351439 0 0 0
-1357 -3889 124 71 382796 0 0 0
-1497 -3253 84 68 713413 0 0 0
-1162 -2679 129 67 631855 0 0 0
-1796 -2591 68 59 741316 0 0 0
-2315 -2024 97 85 791197 0 0 0
-2178 -2387 102 92 642209 0 0 0
-2784 -2721 95 104 395003 0 0 0
-3059 -2740 101 58 327221 0 0 0
-3314 -2948 116 106 391495 0 0 0
-3221 -3404 85 90 564822 0 0 0
-3765 -3765 65 69 565488 0 0 0
-3333 -3383 126 93 946733 0 0 0
-3776 -3977 81 94 797743 0 0 0
-4318 -3782 125 77 479143 0 0 0
-4469 -3695 123 92 949671 0 0 0
-4347 -3933 91 82 247915 0 0 0
-4201 -3933 75 68 725969 0 0 0
-3963 -3212 115 67 772209 0 0 0
-4450 -2937 114 68 727756 0 0 0
-4160 -2363 103 104 845631 0 0 0
2038 -292 118 72 259964 0 0 0
2555 -118 87 108 761902 0 0 0
3034 -740 111 106 742579 0 0 0
3507 -677 119 105 206872 0 0 0
3613 -1090 92 90 879821 0 0 0
3221 -1017 82 102 101620 0 0 0
3876 -1399 98 63 756374 0 0 0
4576 -2090 104 117 614942 0 0 0
4548 -1587 110 100 654171 0 0 0
4928 -1528 68 96 730394 0 0 0
4549 -1179 71 117 476015 0 0 0
4568 -554 66 106 178840 0 0 0
5094 -1067 128 87 255593 0 0 0
5515 -970 83 113 332752 0 0 0
4793 -1556 97 67 802502 0 0 0
4461 -1973 80 105 149303 0 0 0
3786 -1334 72 107 241088 0 0 0
4083 -1146 88 75 606924 0 0 0
3837 -809 88 63 456530 0 0 0
3712 -1534 70 104 979112 0 0 0
3430 -2125 112 75 869524 0 0 0
3205 -2239 69 62 370731 0 0 0
3126 -2198 99 110 288569 0 0 0
3139 -2739 109 98 963377 0 0 0
2389 -2204 72 100 800989 0 0 0
3002 -2926 128 80 704261 0 0 0
2258 -2929 78 66 227185 0 0 0
2525 -3013 124 105 585490 0 0 0
1925 -2545 117 93 229847 0 0 0
2150 -3195 70 69 690338 0 0 0
1800 -2888 81 102 987379 0 0 0
2361 -3505 123 107 477099 0 0 0
2862 -3742 100 93 640878 0 0 0
2154 -3623 65 111 602550 0 0 0
1959 -3377 101 115 365673 0 0 0
1973 -3816 129 60 791006 0 0 0
2041 -3879 115 66 506184 0 0 0
2052 -3994 100 81 837875 0 0 0
2697 -3854 68 86 523405 0 0 0
2498 -3791 127 113 571912 0 0 0
2088 -3854 74 103 837812 0 0 0
2350 -4273 112 62 641414 0 0 0
2888 -3661 65 89 321886 0 0 0
2626 -2945 93 95 402279 0 0 0
2131 -2684 108 94 818873 0 0 0
2102 -2758 101 114 560486 0 0 0
1925 -2078 113 67 389626 0 0 0
1966 -2333 78 103 928970 0 0 0
1283 -2808 74 113 177699 0 0 0
1589 -2719 82 66 595723 0 0 0
1585 -2484 121 94 610108 0 0 0
1750 -2597 83 71 839159 0 0 0
1251 -2590 102 106 754190 0 0 0
721 -3278 115 108 936509 0 0 0
1410 -3455 87 87 765891 0 0 0
1052 -3197 87 71 552822 0 0 0
1580 -3514 69 104 393101 0 0 0
2263 -3814 74 113 706219 0 0 0
1662 -3509 92 111 671880 0 0 0
2014 -3355 70 116 966540 0 0 0
1604 -3182 73 102 573527 0 0 0
1573 -2904 91 117 469169 0 0 0
-2651 -2190 130 72 150584 0 0 0
-3379 -2707 118 97 733692 0 0 0
-3026 -3241 86 80 303123 0 0 0
-2940 -3447 80 69 453541 0 0 0
-2469 -3593 97 70 417427 0 0 0
-1885 -3094 103 86 308946 0 0 0
-1230 -3602 104 61 599760 0 0 0
-1349 -3510 128 102 257143 0 0 0
-1204 -3735 109 111 168746 0 0 0
-591 -4099 73 104 680978 0 0 0
-20 -3887 73 94 639595 0 0 0
-644 -3571 119 82 137761 0 0 0
-292 -3510 115 65 155910 0 0 0
-312 -3858 102 108 176856 0 0 0
-469 -3945 119 64 283307 0 0 0
252 -3819 106 85 875024 0 0 0
-103 -3293 93 75 845606 0 0 0
-500 -3840 90 110 491261 0 0 0
-490 -3194 117 75 255332 0 0 0
251 -2459 73 71 445212 0 0 0
-146 -1839 73 94 683932 0 0 0
-239 -2351 104 81 894241 0 0 0
-949 -1760 105 102 406874 0 0 0
-389 -1636 105 79 422820 0 0 0
-887 -1650 82 72 410914 0 0 0
-1232 -2240 83 110 618403 0 0 0
-1565 -2632 73 104 235896 0 0 0
-1464 -2626 90 66 470854 0 0 0
-878 -3347 73 92 124968 0 0 0
-1329 -3824 79 106 544647 0 0 0
-1148 -4413 100 75 271543 0 0 0
-609 -3806 118 91 325503 0 0 0
-1060 -3911 121 61 215867 0 0 0
-971 -4358 97 116 930823 0 0 0
-346 -4111 105 76 247893 0 0 0
-800 -3587 86 63 943448 0 0 0
-1039 -2881 85 64 621877 0 0 0
-940 -2687 118 111 952969 0 0 0
-493 -2186 68 64 149393 0 0 0
-1179 -1503 94 58 425399 0 0 0
-1106 -949 111 69 932984 0 0 0
-896 -233 113 115 422744 0 0 0
-647 -658 84 69 905442 0 0 0
-588 -813 65 60 684484 0 0 0
-87 -1347 128 77 677570 0 0 0
-195 -1693 103 72 105214 0 0 0
-917 -1394 100 101 960577 0 0 0
-543 -929 68 106 128499 0 0 0
-94 -1254 89 111 479358 0 0 0
-447 -934 81 112 784029 0 0 0
152 -1669 101 70 840136 0 0 0
819 -1934 95 68 786130 0 0 0
122 -1637 88 92 269644 0 0 0
639 -2274 97 108 521653 0 0 0
459 -2110 90 99 875955 0 0 0
217 -1430 108 112 641598 0 0 0
459 -1740 93 94 974874 0 0 0
85 -1452 116 79 517770 0 0 0
-592 -1136 93 59 144926 0 0 0
-1108 -691 84 90 582451 0 0 0
-1729 -13 130 92 125160 0 0 0
-1520 -227 91 97 253186 0 0 0
-1203 -249 87 80 570936 0 0 0
-1676 469 65 106 568219 0 0 0
-1473 799 93 82 795970 0 0 0
-2080 1339 113 69 808647 0 0 0
-1925 1447 66 59 388042 0 0 0
-2120 769 76 80 613807 0 0 0
-1813 929 96 100 402729 0 0 0
-1608 736 106 111 496931 0 0 0
340 623 91 105 571410 0 0 0
124 1259 109 99 783416 0 0 0
-302 1586 86 66 186527 0 0 0
-781 2046 83 70 387800 0 0 0
-482 1986 91 102 446240 0 0 0
-380 2514 111 100 803880 0 0 0
-38 1803 112 63 216090 0 0 0
79 1068 121 59 347717 0 0 0
163 839 111 93 554978 0 0 0
-559 847 104 78 274419 0 0 0
186 1440 94 111 222000 0 0 0
593 1947 95 108 293329 0 0 0
1285 1378 116 105 382590 0 0 0
973 737 130 74 301030 0 0 0
492 640 67 106 179752 0 0 0
499 1384 79 114 779543 0 0 0
1128 1119 93 72 388010 0 0 0
1183 614 85 104 237982 0 0 0
1932 1275 86 72 338570 0 0 0
1991 982 79 62 137577 0 0 0
2205 1053 118 91 985970 0 0 0
2531 778 111 86 420856 0 0 0
3091 578 69 76 528674 0 0 0
2485 290 89 109 880122 0 0 0
3035 -131 92 75 288770 0 0 0
3067 549 99 91 473191 0 0 0
3747 1127 82 82 160380 0 0 0
3069 1820 120 91 420872 0 0 0
2944 1757 94 112 741930 0 0 0
3385 1281 103 66 537606 0 0 0
2945 1168 98 61 509338 0 0 0
3609 1656 110 96 560294 0 0 0
3306 2379 67 78 357289 0 0 0
3860 2957 112 95 212643 0 0 0
4136 2378 109 116 957780 0 0 0
4075 2345 89 79 713209 0 0 0
3965 1675 124 92 924149 0 0 0
4216 997 74 66 614513 0 0 0
4547 1212 113 75 364391 0 0 0
4120 1375 105 115 266785 0 0 0
4139 653 112 115 739285 0 0 0
4313 355 106 96 626230 0 0 0
4372 387 93 94 667636 0 0 0
4890 247 109 63 459367 0 0 0
5242 672 80 82 312847 0 0 0
5321 1079 124 86 647697 0 0 0
5776 1253 91 70 385526 0 0 0
5246 579 100 113 583295 0 0 0
5824 1148 75 92 397135 0 0 0
5417 1228 78 103 361077 0 0 0
5142 600 75 65 520095 0 0 0
4415 1191 93 79 802631 0 0 0
4335 1116 89 73 702632 0 0 0
4082 1376 70 58 161227 0 0 0
3744 1484 93 78 432166 0 0 0
4494 1235 113 61 803946 0 0 0
4379 1831 107 67 749175 0 0 0
4065 2437 114 73 108118 0 0 0
4333 2307 127 106 773152 0 0 0
4434 1797 71 91 396742 0 0 0
3776 1120 90 60 538056 0 0 0
3606 1724 85 113 829601 0 0 0
4019 2157 115 65 521188 0 0 0
3872 1747 70 105 187982 0 0 0
3951 1057 125 61 961033 0 0 0
3719 1101 75 81 550301 0 0 0
3714 472 88 107 896427 0 0 0
3865 835 111 80 985602 0 0 0
3759 1041 101 92 955561 0 0 0
3815 591 101 103 745395 0 0 0
3650 -116 73 84 625424 0 0 0
3819 251 123 100 913143 0 0 0
3497 101 87 74 259358 0 0 0
3698 -453 114 65 509863 0 0 0
3408 283 110 109 341197 0 0 0
2913 -233 129 108 220962 0 0 0
1696 2176 100 114 403240 0 0 0
1170 1775 93 116 705341 0 0 0
709 1054 128 73 407374 0 0 0
382 687 121 110 278652 0 0 0
-95 966 123 82 488991 0 0 0
266 1312 101 94 979809 0 0 0
925 1956 128 115 852841 0 0 0
924 2145 89 110 211487 0 0 0
496 1860 93 111 330859 0 0 0
1193 1191 119 67 206222 0 0 0
1626 921 65 101 907986 0 0 0
1893 1490 93 91 111698 0 0 0
1244 2003 130 108 432728 0 0 0
802 2074 128 87 881511 0 0 0
290 2352 76 67 571877 0 0 0
47 3058 128 88 672952 0 0 0
608 3244 101 73 495891 0 0 0
776 3509 117 112 401529 0 0 0
1174 4176 104 106 210940 0 0 0
649 3813 106 63 227811 0 0 0
879 3594 65 59 680028 0 0 0
537 3045 92 61 757726 0 0 0
790 2749 122 87 574825 0 0 0
162 2392 109 112 665816 0 0 0
-506 2120 91 71 517890 0 0 0
-680 2222 112 115 203407 0 0 0
-895 2063 78 96 457347 0 0 0
-1093 1667 87 66 344675 0 0 0
-436 1270 124 110 856071 0 0 0
-981 716 128 68 680741 0 0 0
-409 -17 68 82 360406 0 0 0
-164 -163 96 114 356034 0 0 0
-893 -150 102 101 973581 0 0 0
-1061 203 91 72 438244 0 0 0
-1017 182 104 61 153568 0 0 0
-1099 795 88 87 422514 0 0 0
-1266 1185 109 92 543590 0 0 0
-1274 695 118 102 890698 0 0 0
-1818 199 70 89 304766 0 0 0
-1514 876 111 72 585403 0 0 0
-794 546 109 87 207696 0 0 0
-884 1117 67 108 809257 0 0 0
-1251 1621 88 74 955899 0 0 0
-613 1074 88 109 706979 0 0 0
-891 1429 112 112 969149 0 0 0
-522 1475 66 67 671877 0 0 0
-330 1153 91 82 600072 0 0 0
-135 865 121 87 859901 0 0 0
-729 821 101 74 114753 0 0 0
-497 725 69 111 410809 0 0 0
-271 53 103 101 766487 0 0 0
-657 -98 72 102 752111 0 0 0
-742 460 74 77 350857 0 0 0
-591 260 91 76 991282 0 0 0
-199 944 112 94 666576 0 0 0
53 1273 129 71 502058 0 0 0
200 1625 108 76 644342 0 0 0
102 1136 65 71 587553 0 0 0
-105 1180 79 90 115000 0 0 0
-2041 -678 72 89 331833 0 0 0
-1834 -841 103 110 434563 0 0 0
-2030 -1184 126 60 524261 0 0 0
-1529 -541 79 112 982817 0 0 0
-861 -1053 123 98 247863 0 0 0
-129 -1122 123 74 314270 0 0 0
-566 -383 70 83 858791 0 0 0
-714 -13 112 69 112513 0 0 0
-376 -343 123 59 647574 0 0 0
-252 -965 106 58 935313 0 0 0
-927 -374 130 87 569124 0 0 0
-1334 -1036 66 116 337729 0 0 0
-921 -1167 68 111 412406 0 0 0
-491 -1084 127 108 541215 0 0 0
104 -1293 91 80 561136 0 0 0
173 -561 92 68 203484 0 0 0
323 -1227 129 114 723442 0 0 0
-130 -523 101 81 401911 0 0 0
-23 -724 85 77 265930 0 0 0
119 -655 101 76 137770 0 0 0
276 -1204 106 65 525672 0 0 0
747 -1299 83 103 429539 0 0 0
1418 -1152 110 87 634201 0 0 0
1060 -858 109 104 704427 0 0 0
983 -1177 80 106 960324 0 0 0
1331 -660 82 108 438150 0 0 0
1483 -1053 67 104 690969 0 0 0
1242 -1288 90 104 323144 0 0 0
1303 -1058 114 74 964900 0 0 0
755 -1795 127 98 690925 0 0 0
1351 -1217 115 72 200141 0 0 0
1281 -861 77 84 785261 0 0 0
1865 -538 79 72 642062 0 0 0
1991 -218 107 115 842661 0 0 0
2228 -67 69 102 501684 0 0 0
1613 582 68 80 427909 0 0 0
1048 1159 127 58 158964 0 0 0
1643 1722 79 74 116325 0 0 0
1989 -1101 97 108 839415 0 0 0
2535 -1716 76 60 534245 0 0 0
3002 -2078 80 101 700488 0 0 0
2651 -1570 101 106 108854 0 0 0
2713 -1365 128 83 278469 0 0 0
2305 -867 119 68 944729 0 0 0
1785 -1490 92 75 780362 0 0 0
1750 -783 122 88 371351 0 0 0
1905 -668 90 79 237382 0 0 0
2476 -749 87 61 448838 0 0 0
2161 -1367 104 100 426587 0 0 0
2864 -668 91 114 319861 0 0 0
2386 -1327 92 86 178410 0 0 0
2298 -772 65 107 715133 0 0 0
2023 -60 129 101 127504 0 0 0
2295 -393 104 89 362232 0 0 0
1765 -203 122 90 976863 0 0 0
1764 -418 117 115 220701 0 0 0
2147 -701 81 110 435702 0 0 0
2100 -650 76 70 705897 0 0 0
2747 -1085 97 81 876929 0 0 0
2812 -1171 89 106 520791 0 0 0
2487 -1210 77 95 581075 0 0 0
