3000
2202 1239 78 64 174869 0 0 0
2112 703 126 65 956757 0 0 0
2287 799 117 93 491786 0 0 0
2505 697 103 104 591275 0 0 0
1931 1338 110 84 619458 0 0 0
2103 1033 65 94 368446 0 0 0
1375 1510 118 79 788788 0 0 0
712 1475 108 109 463538 0 0 0
-37 2189 127 92 924441 0 0 0
-320 1733 101 79 867992 0 0 0
344 1857 95 67 888831 0 0 0
-232 1996 110 84 582521 0 0 0
-390 1600 113 109 479398 0 0 0
-155 1242 105 79 602438 0 0 0
-808 1071 95 71 174865 0 0 0
-820 1515 128 101 968698 0 0 0
-437 838 75 59 903076 0 0 0
-523 1456 85 73 843834 0 0 0
-46 846 84 66 434545 0 0 0
266 212 128 67 581917 0 0 0
425 908 75 114 811498 0 0 0
81 1658 81 86 172532 0 0 0
590 1254 67 107 774047 0 0 0
-124 1486 67 109 976381 0 0 0
-24 2087 101 87 337710 0 0 0
-632 2827 128 61 146898 0 0 0
48 2130 80 61 889933 0 0 0
-551 1824 102 64 748285 0 0 0
-975 1280 109 97 718583 0 0 0
-1386 1543 77 78 378542 0 0 0
-1985 2029 76 85 978152 0 0 0
-1266 2225 109 64 696470 0 0 0
-1468 2920 121 102 189805 0 0 0
-1515 2565 82 65 988808 0 0 0
-1020 3201 108 109 751783 0 0 0
-479 2907 118 69 223214 0 0 0
-577 3484 108 80 595630 0 0 0
-113 2851 97 113 238076 0 0 0
-684 2129 100 105 828183 0 0 0
-429 1995 110 69 242499 0 0 0
-469 1793 110 107 442460 0 0 0
-370 1389 70 79 396660 0 0 0
372 1986 115 99 269962 0 0 0
993 1638 110 60 432428 0 0 0
1670 1387 126 71 284725 0 0 0
1648 2131 88 75 987773 0 0 0
2410 -833 83 88 107932 0 0 0
2437 -216 97 70 949944 0 0 0
2966 11 89 69 129052 0 0 0
3260 -392 112 83 799842 0 0 0
3912 -179 77 78 518267 0 0 0
4493 -225 99 107 551956 0 0 0
5002 487 68 99 992801 0 0 0
4468 -239 96 100 898170 0 0 0
4944 -472 119 116 682121 0 0 0
4557 -404 127 116 157161 0 0 0
4051 -354 88 89 500714 0 0 0
3436 20 65 74 426618 0 0 0
3022 -14 83 108 719775 0 0 0
2938 -653 106 111 705170 0 0 0
2763 -799 105 109 911652 0 0 0
2876 -791 65 98 331075 0 0 0
2496 -157 88 111 194284 0 0 0
3078 -70 90 69 523770 0 0 0
2361 246 106 70 407828 0 0 0
1684 679 104 116 675433 0 0 0
1723 915 96 64 333407 0 0 0
2419 937 115 115 882193 0 0 0
1716 1256 70 107 601982 0 0 0
1969 1794 123 65 678821 0 0 0
1240 1169 114 73 659995 0 0 0
1607 1440 106 109 858685 0 0 0
1587 2002 96 91 290258 0 0 0
1471 1594 68 115 334489 0 0 0
2003 1735 98 105 862413 0 0 0
2293 1941 116 61 839368 0 0 0
2961 1414 98 107 783777 0 0 0
3446 767 127 63 441527 0 0 0
3102 367 84 108 842167 0 0 0
2610 -285 75 100 255609 0 0 0
3118 347 81 58 772825 0 0 0
3389 -353 96 75 106237 0 0 0
4045 -546 118 65 477091 0 0 0
3369 -1129 114 84 415168 0 0 0
2775 -1794 75 99 340081 0 0 0
3217 -1280 129 92 409416 0 0 0
3621 -800 122 66 219575 0 0 0
3046 -738 68 108 754443 0 0 0
2599 -832 113 92 897194 0 0 0
2693 -231 90 60 255937 0 0 0
2443 137 123 73 627296 0 0 0
2536 668 93 83 616733 0 0 0
2410 1189 97 72 397800 0 0 0
1716 1291 96 89 343768 0 0 0
1917 1721 71 104 410765 0 0 0
1936 1635 79 62 452831 0 0 0
2260 1960 92 97 879293 0 0 0
2239 2655 122 82 779266 0 0 0
1979 2055 79 115 892243 0 0 0
2218 2669 77 65 808457 0 0 0
-2920 1151 81 114 372906 0 0 0
-2501 1758 94 75 563685 0 0 0
-2496 1570 125 110 901112 0 0 0
-2272 2103 124 71 280165 0 0 0
-2484 1500 114 63 213368 0 0 0
-1791 1350 125 95 964875 0 0 0
-1739 2037 121 76 857135 0 0 0
-2065 2074 73 76 984933 0 0 0
-1383 1756 94 81 108639 0 0 0
-1133 1763 116 108 789536 0 0 0
-1255 2124 99 93 974791 0 0 0
-652 1696 113 111 759856 0 0 0
-585 1865 115 92 666880 0 0 0
-159 2214 110 68 171022 0 0 0
-58 1592 107 104 485968 0 0 0
316 2110 91 75 876061 0 0 0
735 2466 67 67 467174 0 0 0
377 2706 130 102 597397 0 0 0
-73 3358 97 113 533813 0 0 0
-775 2678 103 108 888774 0 0 0
-128 2205 109 67 900016 0 0 0
473 2122 100 117 303768 0 0 0
1033 1470 123 103 637749 0 0 0
635 743 101 85 816833 0 0 0
2032 -2121 114 110 721236 0 0 0
2045 -2044 130 83 154755 0 0 0
2229 -2150 72 82 515399 0 0 0
1561 -1929 125 107 186785 0 0 0
1312 -2127 86 71 767893 0 0 0
1165 -2588 103 78 730087 0 0 0
1384 -2258 119 108 395871 0 0 0
1008 -2795 84 75 643838 0 0 0
941 -3166 76 67 885441 0 0 0
1120 -3116 71 86 808646 0 0 0
1573 -3556 100 98 895457 0 0 0
1165 -3113 69 83 996200 0 0 0
1343 -2947 103 84 710629 0 0 0
1837 -2546 110 89 750050 0 0 0
2045 415 81 83 754656 0 0 0
1663 315 105 114 768876 0 0 0
2398 468 83 59 365179 0 0 0
1672 531 77 63 819595 0 0 0
1958 -168 81 65 218104 0 0 0
1894 -351 114 78 983300 0 0 0
2282 -526 111 113 924560 0 0 0
2843 -694 75 99 866914 0 0 0
2396 -751 67 80 384537 0 0 0
2028 -44 129 111 347536 0 0 0
2100 -610 84 96 455263 0 0 0
1944 -697 110 117 911909 0 0 0
2526 -277 70 107 356607 0 0 0
2354 -578 89 89 525817 0 0 0
2593 -205 78 112 781443 0 0 0
2508 -271 93 74 396222 0 0 0
2586 -454 91 79 401856 0 0 0
2144 -219 108 111 611074 0 0 0
2110 -296 90 86 689638 0 0 0
2387 -795 109 91 482375 0 0 0
2263 -825 108 100 774627 0 0 0
1937 -1478 108 68 841435 0 0 0
2267 -1103 120 64 752298 0 0 0
2783 -1756 72 69 548955 0 0 0
2975 -1259 79 76 745527 0 0 0
3658 -927 115 80 925889 0 0 0
3999 -593 101 115 318068 0 0 0
3750 -925 84 91 827249 0 0 0
3694 -1628 92 65 262310 0 0 0
3001 -2172 72 92 706369 0 0 0
2287 -2543 65 96 393581 0 0 0
3037 -1973 86 110 992645 0 0 0
3273 -1403 105 88 703537 0 0 0
2946 -1610 96 106 861431 0 0 0
2721 -2162 102 99 454302 0 0 0
2041 -1677 97 109 588431 0 0 0
1381 -1755 90 104 209812 0 0 0
1611 -1722 97 108 607731 0 0 0
1649 -1430 93 98 792803 0 0 0
1554 -2179 96 77 741530 0 0 0
1819 -1490 91 98 486924 0 0 0
1120 -1091 78 110 959902 0 0 0
585 -1146 114 106 323243 0 0 0
358 -423 129 75 868152 0 0 0
71 -327 93 92 106655 0 0 0
-211 249 68 113 175699 0 0 0
341 137 71 71 813277 0 0 0
943 -92 75 91 249553 0 0 0
954 -222 85 69 884642 0 0 0
751 -582 121 69 603501 0 0 0
466 -688 128 112 890847 0 0 0
-76 -165 95 73 106913 0 0 0
-386 -358 72 93 369878 0 0 0
-916 -295 111 114 522088 0 0 0
-552 -673 109 92 716325 0 0 0
-1356 -125 93 112 183128 0 0 0
-1074 72 91 73 291241 0 0 0
-1083 286 80 87 899270 0 0 0
-960 587 87 116 889439 0 0 0
-593 882 115 62 105738 0 0 0
-1185 1578 90 104 231361 0 0 0
-1888 1763 90 77 132419 0 0 0
-1639 1698 66 101 345323 0 0 0
-1629 1864 110 105 416568 0 0 0
-1863 1143 74 80 664373 0 0 0
-1936 1284 104 100 239616 0 0 0
-2496 1186 73 69 597281 0 0 0
-2256 1595 67 80 261371 0 0 0
-2410 1867 102 78 103550 0 0 0
-1763 2227 93 71 463254 0 0 0
-147 -2753 118 116 324571 0 0 0
145 -2137 89 66 174281 0 0 0
708 -2622 125 93 734114 0 0 0
806 -2348 121 66 660825 0 0 0
1333 -1879 118 117 905233 0 0 0
1988 -2284 83 101 349608 0 0 0
2669 -3000 114 74 757358 0 0 0
2320 -2956 129 68 288470 0 0 0
2182 -3518 91 104 255247 0 0 0
2345 -4147 124 92 192433 0 0 0
2820 -3584 124 72 553405 0 0 0
3080 -3414 72 116 235495 0 0 0
3302 -2923 124 63 512025 0 0 0
3304 -2910 100 113 719794 0 0 0
2801 -3193 77 90 485396 0 0 0
3328 -3343 70 73 477879 0 0 0
3086 -3323 74 67 661295 0 0 0
79 -2413 98 109 306969 0 0 0
129 -1984 93 117 640456 0 0 0
-531 -2086 87 87 986093 0 0 0
-1104 -1490 65 100 408002 0 0 0
-1644 -1589 114 109 180976 0 0 0
-2138 -1795 81 77 728945 0 0 0
-1665 -1563 102 102 777410 0 0 0
-1685 -1442 85 105 968515 0 0 0
-1408 -809 118 74 764976 0 0 0
-744 -674 124 68 878498 0 0 0
-626 -405 125 90 882563 0 0 0
-1316 -808 108 87 215618 0 0 0
-704 -749 104 61 683913 0 0 0
-1276 -1010 87 70 290609 0 0 0
-1147 -1342 110 94 905864 0 0 0
-968 -1288 66 64 352867 0 0 0
-1553 -1850 127 65 794091 0 0 0
-1735 -1967 101 109 452916 0 0 0
-1653 -1880 103 90 612080 0 0 0
-1382 -1840 129 88 888929 0 0 0
-1544 -1219 74 102 985818 0 0 0
-1977 -1612 86 75 352559 0 0 0
-2355 -882 70 98 892594 0 0 0
-1943 -1298 104 115 109730 0 0 0
-1368 -849 94 58 390788 0 0 0
-1982 -1564 101 97 860639 0 0 0
-1772 -1341 125 110 264408 0 0 0
-1791 -1510 94 60 754500 0 0 0
-2237 -1595 78 94 598932 0 0 0
-1497 -2143 106 104 398038 0 0 0
-1659 -1872 120 60 313947 0 0 0
-1796 -1951 98 89 895727 0 0 0
-1269 -1648 126 68 444339 0 0 0
-1027 -1815 91 100 433470 0 0 0
-1764 -2114 90 92 903615 0 0 0
-1065 -2328 128 95 616056 0 0 0
-1267 -1799 65 68 513587 0 0 0
-742 -1523 121 63 170120 0 0 0
-296 -1483 122 107 467053 0 0 0
-93 -2128 76 117 985550 0 0 0
-709 -1683 106 97 339157 0 0 0
-14 -1112 89 117 389855 0 0 0
600 -766 119 89 423891 0 0 0
191 -1373 95 73 376093 0 0 0
138 -878 87 83 477775 0 0 0
-560 -1124 90 72 550418 0 0 0
-413 -939 99 87 909295 0 0 0
242 -748 118 97 148705 0 0 0
-352 -1479 70 76 514582 0 0 0
-881 -2172 103 58 575186 0 0 0
-606 -1531 128 109 869365 0 0 0
-98 -1567 87 106 109404 0 0 0
628 -2288 75 83 172236 0 0 0
36 -2155 71 75 834664 0 0 0
467 -2478 91 95 482638 0 0 0
519 -2075 126 89 238272 0 0 0
896 -307 85 88 999331 0 0 0
580 -31 110 89 371925 0 0 0
45 -468 80 66 619004 0 0 0
-26 -995 104 101 166398 0 0 0
687 -291 77 75 933596 0 0 0
596 -1015 76 71 949449 0 0 0
1005 -616 81 102 226789 0 0 0
1341 -254 125 77 960783 0 0 0
1551 339 128 72 456443 0 0 0
1250 -97 118 60 251912 0 0 0
624 -42 130 59 477337 0 0 0
470 125 97 95 845903 0 0 0
697 -413 110 117 980912 0 0 0
1107 -460 101 94 978949 0 0 0
1760 -655 117 65 556025 0 0 0
2078 -914 124 100 298683 0 0 0
2634 -738 119 74 975389 0 0 0
2269 -371 103 89 491095 0 0 0
1784 -164 93 113 194311 0 0 0
-1830 -1439 77 84 139687 0 0 0
-1628 -2059 102 85 451004 0 0 0
-1221 -1727 94 99 239076 0 0 0
-883 -1476 117 65 486259 0 0 0
-268 -1757 74 74 460895 0 0 0
-320 -2432 115 77 285978 0 0 0
190 -1781 109 108 637210 0 0 0
457 -1041 86 83 647549 0 0 0
1007 -1150 76 96 436782 0 0 0
840 -532 85 102 811567 0 0 0
524 -606 119 62 253299 0 0 0
1034 -1085 98 115 907026 0 0 0
921 -803 97 110 985099 0 0 0
1239 -1003 104 70 234308 0 0 0
1057 -281 130 64 793090 0 0 0
1138 316 127 67 379741 0 0 0
1198 410 79 95 942522 0 0 0
479 -11 104 83 220323 0 0 0
261 15 71 91 363993 0 0 0
548 -665 89 73 580215 0 0 0
804 55 72 81 114898 0 0 0
1337 -236 120 76 159335 0 0 0
1976 -909 119 102 445267 0 0 0
2187 -1260 106 108 926727 0 0 0
1595 -1626 129 98 488442 0 0 0
1240 -2242 78 104 248939 0 0 0
1425 -2239 89 72 125525 0 0 0
865 -2437 93 110 167663 0 0 0
397 -2528 113 96 322119 0 0 0
307 -2408 97 73 499398 0 0 0
847 -2439 86 80 954027 0 0 0
364 -2722 87 108 238698 0 0 0
-277 -2005 65 91 147155 0 0 0
-609 -2461 104 80 795836 0 0 0
-562 -2050 105 68 967835 0 0 0
-179 -1335 100 64 380264 0 0 0
209 -756 65 65 363062 0 0 0
-377 -475 85 70 747175 0 0 0
-981 213 77 59 520969 0 0 0
-1562 532 85 107 105207 0 0 0
-1879 949 118 115 220396 0 0 0
-1525 655 130 96 682525 0 0 0
-2086 503 72 88 926486 0 0 0
-2320 132 80 67 833417 0 0 0
534 -323 113 67 561755 0 0 0
199 -811 72 115 616723 0 0 0
621 -869 103 99 342603 0 0 0
759 -373 112 97 381810 0 0 0
1407 -334 77 113 483142 0 0 0
1767 -992 122 90 569940 0 0 0
1265 -356 102 63 415409 0 0 0
1570 14 100 102 511378 0 0 0
2086 622 91 77 976487 0 0 0
2567 1300 98 86 794936 0 0 0
3063 2035 128 59 313119 0 0 0
2826 2714 102 84 122806 0 0 0
3331 3266 114 107 728083 0 0 0
2879 3256 71 85 456841 0 0 0
3274 3271 122 77 881281 0 0 0
3077 3933 86 113 236359 0 0 0
2428 4164 86 103 159194 0 0 0
1712 3550 83 72 773211 0 0 0
982 3074 129 116 886794 0 0 0
327 3764 67 114 398162 0 0 0
171 4397 82 83 451940 0 0 0
61 4869 121 86 601404 0 0 0
-520 4710 112 84 573129 0 0 0
-1250 4244 121 88 604430 0 0 0
-1293 4263 89 96 823943 0 0 0
-1188 4516 96 112 659953 0 0 0
-1374 4954 66 84 986256 0 0 0
-950 5288 95 91 712030 0 0 0
-619 5345 78 110 344211 0 0 0
-54 4921 113 83 965632 0 0 0
-641 4194 65 74 479995 0 0 0
-1161 4001 74 71 585847 0 0 0
-1356 3731 105 101 679708 0 0 0
-454 721 81 108 470507 0 0 0
-322 472 127 92 104467 0 0 0
-762 894 92 100 976018 0 0 0
-29 1551 90 72 685549 0 0 0
-124 1241 113 70 122561 0 0 0
-179 1255 118 71 659626 0 0 0
-546 1264 107 89 231545 0 0 0
-607 1898 90 87 796106 0 0 0
-433 1919 71 100 200892 0 0 0
-309 1326 98 69 868866 0 0 0
-488 1425 82 59 210585 0 0 0
235 1263 83 111 328728 0 0 0
63 674 130 82 749432 0 0 0
-593 49 72 98 224194 0 0 0
-129 -674 88 93 213049 0 0 0
-813 -467 67 62 750890 0 0 0
-543 149 65 105 479463 0 0 0
-643 579 119 63 160050 0 0 0
-1022 470 75 62 897353 0 0 0
-441 637 113 89 274406 0 0 0
-1115 885 94 75 852193 0 0 0
-594 719 65 80 833996 0 0 0
-557 968 71 58 376738 0 0 0
-521 1018 90 64 571462 0 0 0
-559 354 107 111 174910 0 0 0
12 212 102 94 143026 0 0 0
676 168 111 88 886441 0 0 0
575 749 74 105 830255 0 0 0
525 1472 105 99 128130 0 0 0
284 1905 127 94 453405 0 0 0
-2062 -369 104 91 535949 0 0 0
-1723 -35 69 67 559873 0 0 0
-2264 -471 98 100 686618 0 0 0
-2817 -68 78 113 767412 0 0 0
-2731 -114 78 94 102230 0 0 0
-3216 -264 87 103 730277 0 0 0
-3829 -745 111 81 950571 0 0 0
-4513 -349 95 106 798771 0 0 0
-4033 397 80 88 459108 0 0 0
-3373 -113 115 117 199728 0 0 0
-3334 -701 84 67 628220 0 0 0
-2726 -1121 110 113 337232 0 0 0
-3445 -1680 100 69 867981 0 0 0
-4048 -1338 78 102 118052 0 0 0
-3826 -1087 68 106 513471 0 0 0
-4349 -1310 112 89 979437 0 0 0
-4804 -1677 73 80 469971 0 0 0
-5066 -2047 113 108 522021 0 0 0
-4682 -2043 85 95 556858 0 0 0
-4603 -2091 119 87 971409 0 0 0
-5075 -1970 72 86 519971 0 0 0
-5389 -1541 115 101 552384 0 0 0
-5142 -960 116 117 825071 0 0 0
-5808 -1642 80 81 204649 0 0 0
-6233 -1118 118 98 127096 0 0 0
-6379 -1723 93 96 104882 0 0 0
-6896 -1068 102 108 979986 0 0 0
-7316 -1380 89 84 902504 0 0 0
-7225 -706 93 110 462239 0 0 0
-7683 -1227 103 105 528667 0 0 0
-7397 -1382 111 113 547164 0 0 0
-7017 -1436 75 107 713083 0 0 0
-7665 -1475 124 59 768534 0 0 0
-8286 -1282 124 84 461958 0 0 0
-8950 -2020 84 85 431910 0 0 0
-9387 -1410 128 95 960867 0 0 0
-9045 -1246 119 114 291366 0 0 0
-9775 -1264 121 89 875703 0 0 0
-9444 -1584 126 114 943428 0 0 0
-9768 -1702 122 117 446604 0 0 0
-9432 -2344 92 80 578278 0 0 0
-9978 -2841 114 58 255790 0 0 0
-10077 -2196 129 97 511200 0 0 0
-10288 -2932 89 82 122387 0 0 0
-10533 -2673 85 60 396243 0 0 0
-10314 -3279 92 91 491868 0 0 0
-9796 -2653 101 91 567347 0 0 0
-10500 -2637 89 115 776909 0 0 0
-10422 -2953 82 77 299540 0 0 0
-9967 -2961 78 73 863049 0 0 0
-9919 -2609 100 82 843329 0 0 0
-9245 -2857 83 110 595035 0 0 0
-9024 -2554 119 58 610788 0 0 0
-8728 -3058 71 73 499026 0 0 0
-8936 -3648 91 103 621247 0 0 0
-9486 -4025 65 88 905407 0 0 0
-9949 -4095 85 95 741571 0 0 0
-10561 -4675 121 81 433334 0 0 0
-10331 -4387 97 112 117115 0 0 0
-10062 -3723 126 68 916471 0 0 0
-9498 -4359 80 115 942245 0 0 0
-9155 -3802 98 97 708653 0 0 0
-9202 -4060 97 68 796908 0 0 0
-9693 -3815 110 81 585526 0 0 0
-9116 -3195 98 82 682389 0 0 0
-8604 -3019 89 112 130256 0 0 0
-8389 -3723 103 114 826588 0 0 0
-8432 -4053 113 59 925517 0 0 0
-8515 -4025 69 84 621284 0 0 0
-1797 1331 97 95 275342 0 0 0
-1673 1041 84 61 585383 0 0 0
-1058 604 66 115 551966 0 0 0
-760 96 115 72 536136 0 0 0
-1485 -401 81 114 134801 0 0 0
-1591 -855 77 70 652779 0 0 0
-2268 -453 67 76 549425 0 0 0
-1860 -510 95 102 979228 0 0 0
-1346 150 102 67 973647 0 0 0
-1467 457 130 70 875986 0 0 0
-1906 1201 89 101 762599 0 0 0
-1875 1512 70 116 289118 0 0 0
-2426 1393 128 76 777844 0 0 0
-2178 1206 129 103 125591 0 0 0
-1842 1560 97 84 202896 0 0 0
-2140 1920 112 98 576871 0 0 0
-2545 2417 91 116 741251 0 0 0
-2743 1705 125 95 461913 0 0 0
-3095 1903 76 94 972054 0 0 0
-2385 1650 89 91 315053 0 0 0
-2977 2161 65 66 500374 0 0 0
-2785 1710 92 101 849482 0 0 0
-3492 1273 128 116 821802 0 0 0
-4140 1672 121 107 534368 0 0 0
-4460 1962 118 76 733487 0 0 0
-4695 2176 125 86 875584 0 0 0
-4143 2068 125 83 389450 0 0 0
-4376 1423 68 111 971758 0 0 0
-4608 1231 108 68 912218 0 0 0
-4786 1685 120 91 206135 0 0 0
-4695 2024 117 104 440812 0 0 0
-5311 2048 113 60 335836 0 0 0
-4884 2302 92 104 967034 0 0 0
-5140 3051 65 79 493022 0 0 0
-4847 2747 105 103 195331 0 0 0
-5079 2536 100 65 685415 0 0 0
-5556 1929 118 62 655539 0 0 0
-5374 2130 115 76 554840 0 0 0
-5283 2195 125 64 223013 0 0 0
-5765 1736 108 111 748135 0 0 0
-6100 2314 130 61 451990 0 0 0
-6767 2312 79 93 139887 0 0 0
-6509 2104 130 60 661128 0 0 0
-1437 500 72 93 544429 0 0 0
-1202 1204 113 68 606848 0 0 0
-621 1175 124 89 537382 0 0 0
14 1448 70 71 229167 0 0 0
-369 1672 121 82 153785 0 0 0
258 1849 75 59 574435 0 0 0
255 1967 121 84 640633 0 0 0
925 2417 80 76 917821 0 0 0
916 2409 77 115 455733 0 0 0
1288 1974 78 61 572529 0 0 0
2034 2479 89 91 739091 0 0 0
1565 1737 92 73 492802 0 0 0
1415 1601 100 73 688809 0 0 0
1705 1481 91 66 281465 0 0 0
1412 1009 70 89 254130 0 0 0
896 993 96 100 483506 0 0 0
1196 354 121 73 766481 0 0 0
1175 -229 82 98 133224 0 0 0
720 151 75 114 980577 0 0 0
59 248 130 102 712818 0 0 0
-205 -495 125 62 473974 0 0 0
-117 -705 79 80 409669 0 0 0
370 -277 110 86 145347 0 0 0
673 -892 127 84 230683 0 0 0
1057 -1260 92 69 796810 0 0 0
1453 -994 114 113 659174 0 0 0
2202 -1317 99 106 545706 0 0 0
2770 -783 121 89 593841 0 0 0
2564 -1136 89 67 529725 0 0 0
2439 -1502 108 89 290935 0 0 0
2623 -2005 73 82 286289 0 0 0
3008 -1676 128 101 480901 0 0 0
2411 -2371 122 80 775662 0 0 0
1785 -2562 94 75 704208 0 0 0
1303 -2874 75 68 758122 0 0 0
1780 -2422 94 63 107645 0 0 0
1047 -2865 65 86 781348 0 0 0
1154 -2978 128 67 336067 0 0 0
1320 -2831 119 89 536656 0 0 0
1456 -2294 122 76 559557 0 0 0
810 -2320 86 76 224809 0 0 0
896 -2908 111 90 377012 0 0 0
446 -3327 67 114 598496 0 0 0
-39 -2906 111 105 547344 0 0 0
437 -2769 68 60 598988 0 0 0
329 -2788 70 75 372434 0 0 0
69 -2261 79 63 912012 0 0 0
457 -2776 103 115 937717 0 0 0
580 -2834 122 83 981170 0 0 0
609 -2119 89 58 384677 0 0 0
269 -2810 86 101 653747 0 0 0
157 -2153 68 81 210900 0 0 0
-293 -2128 122 63 403532 0 0 0
-432 -1838 73 90 175471 0 0 0
74 -2263 86 66 715487 0 0 0
-327 -2663 110 95 365373 0 0 0
17 -2303 117 71 922968 0 0 0
146 -2672 99 99 554711 0 0 0
-79 -2910 124 99 812094 0 0 0
-489 -2447 103 67 252640 0 0 0
-226 -3009 104 104 365061 0 0 0
-967 -3027 110 74 250780 0 0 0
-660 -3491 86 61 991763 0 0 0
-404 -3252 126 66 690131 0 0 0
-31 -3376 99 60 429070 0 0 0
-159 -3172 84 71 227536 0 0 0
353 -3517 119 77 263425 0 0 0
172 -3347 66 95 396984 0 0 0
701 -3929 103 76 703248 0 0 0
1205 -4666 66 103 174074 0 0 0
1535 -5200 75 81 254305 0 0 0
2011 -5875 77 97 942996 0 0 0
1426 -5377 128 89 967346 0 0 0
1310 -6074 68 102 158326 0 0 0
1243 -5357 65 60 386065 0 0 0
747 -5763 108 80 708993 0 0 0
217 -6094 112 100 519307 0 0 0
-333 -6844 129 104 360080 0 0 0
-998 -6951 94 68 753304 0 0 0
-1092 -6770 103 116 259643 0 0 0
-917 -6024 90 72 741384 0 0 0
-1552 -6645 114 117 600229 0 0 0
-2261 -7092 80 74 777631 0 0 0
-1570 -6745 130 112 619090 0 0 0
-2016 -6428 104 113 932340 0 0 0
-2615 -6171 127 95 800004 0 0 0
-3114 -6823 122 83 617164 0 0 0
-2951 -7563 117 117 823939 0 0 0
-2452 -8001 104 112 977074 0 0 0
-2942 -8378 126 76 671226 0 0 0
-3141 -8930 107 100 493515 0 0 0
-3402 -8208 126 66 218633 0 0 0
-3783 -8471 83 61 902533 0 0 0
-3736 -8808 86 96 118424 0 0 0
-3931 -8296 94 72 579047 0 0 0
-4245 -8859 87 79 699326 0 0 0
-4477 -9271 115 74 666821 0 0 0
-4047 -9157 108 62 313577 0 0 0
-3866 -8802 84 63 291560 0 0 0
-3241 -8081 127 101 500778 0 0 0
-2672 -8604 122 78 347027 0 0 0
-2077 -9122 125 91 147579 0 0 0
-2312 -9374 83 97 949931 0 0 0
-2694 -9726 89 110 163682 0 0 0
-2807 -10296 97 112 151068 0 0 0
-3236 -10302 65 95 631134 0 0 0
-3559 -10644 94 60 851936 0 0 0
-2811 -10877 92 114 571967 0 0 0
-2817 -10713 74 63 213201 0 0 0
-2169 -10969 78 116 234201 0 0 0
-2073 -10268 71 85 317091 0 0 0
-2792 -10686 79 105 447607 0 0 0
-3494 -10068 74 110 406740 0 0 0
-2871 -9344 127 94 742570 0 0 0
-2747 568 73 109 195196 0 0 0
-3125 -2 116 109 715335 0 0 0
-3626 704 98 104 151564 0 0 0
-4289 582 130 108 576292 0 0 0
-4278 280 97 87 367401 0 0 0
-4972 -48 97 103 818447 0 0 0
-4485 -551 97 86 951464 0 0 0
-4449 -814 77 86 387835 0 0 0
-4340 -108 100 62 131058 0 0 0
-4641 -782 65 81 596943 0 0 0
-4789 -962 77 114 658824 0 0 0
-5083 -1588 92 65 408588 0 0 0
-5345 -1041 94 92 787368 0 0 0
-5744 -1375 127 76 257824 0 0 0
-5080 -649 80 92 714962 0 0 0
-5033 77 115 109 702105 0 0 0
-4506 19 123 102 685193 0 0 0
-4679 95 105 61 989237 0 0 0
-4562 682 77 87 373683 0 0 0
-3976 95 95 59 531826 0 0 0
-525 2365 89 67 826539 0 0 0
-576 2672 101 97 246267 0 0 0
139 3403 86 102 397722 0 0 0
640 3044 81 117 327647 0 0 0
804 3534 120 96 699498 0 0 0
710 3114 76 64 173070 0 0 0
494 3429 72 104 309485 0 0 0
1141 2933 97 75 482121 0 0 0
1040 2713 88 89 552087 0 0 0
1584 2142 72 76 519108 0 0 0
1362 1589 106 67 502142 0 0 0
1682 2094 81 108 565203 0 0 0
1857 1751 126 68 679244 0 0 0
1126 1488 127 92 882649 0 0 0
1461 1415 119 83 629572 0 0 0
2167 2108 121 94 382580 0 0 0
2232 1725 84 117 727317 0 0 0
2584 1295 110 108 426235 0 0 0
2032 902 126 77 342835 0 0 0
2198 8 85 99 880650 0 0 0
2318 333 127 71 223234 0 0 0
1911 161 65 58 799108 0 0 0
2187 -203 106 90 174438 0 0 0
2061 -222 72 64 200452 0 0 0
2801 1398 110 68 295228 0 0 0
2609 1409 95 95 239078 0 0 0
2147 1300 92 115 746916 0 0 0
2709 1243 101 69 507791 0 0 0
3155 1679 112 62 653821 0 0 0
2444 2171 122 114 739770 0 0 0
1836 1971 108 96 817306 0 0 0
1456 1857 113 96 188575 0 0 0
1586 1174 106 65 287705 0 0 0
2197 1013 116 72 682338 0 0 0
1955 607 126 71 271987 0 0 0
2156 35 76 63 829295 0 0 0
2352 672 84 62 676289 0 0 0
1787 165 88 117 447572 0 0 0
2516 821 82 112 150110 0 0 0
3119 1570 69 102 727313 0 0 0
3241 2093 118 78 246347 0 0 0
3692 1429 66 84 230022 0 0 0
3481 1900 100 73 172568 0 0 0
4221 1803 104 69 537152 0 0 0
4651 1397 121 117 640183 0 0 0
4584 1896 106 101 782223 0 0 0
4477 1556 94 61 961183 0 0 0
3947 833 91 105 998988 0 0 0
4045 1429 111 89 973962 0 0 0
3394 1029 81 84 479848 0 0 0
3169 1716 118 113 276898 0 0 0
3045 1047 117 91 540737 0 0 0
3467 1734 130 110 174226 0 0 0
3581 1011 119 75 925806 0 0 0
3518 481 101 91 430327 0 0 0
3681 698 75 96 835307 0 0 0
4064 1438 127 59 486096 0 0 0
3523 1999 109 75 716824 0 0 0
3443 1970 69 62 202939 0 0 0
3542 1892 67 80 572509 0 0 0
3422 1674 80 110 214946 0 0 0
3286 2172 90 79 439027 0 0 0
3015 1694 87 89 408967 0 0 0
3427 1134 90 93 179996 0 0 0
3784 1062 102 58 555791 0 0 0
3361 1754 87 89 547157 0 0 0
3680 2089 105 69 813331 0 0 0
-70 2128 76 74 819318 0 0 0
680 1601 78 80 891095 0 0 0
1033 1761 81 93 564122 0 0 0
881 1223 99 74 378489 0 0 0
1624 526 68 74 584326 0 0 0
2082 1203 123 86 542309 0 0 0
1618 1539 113 81 821322 0 0 0
1280 1390 74 113 782845 0 0 0
1870 2036 68 70 341408 0 0 0
1407 1607 106 97 835152 0 0 0
1077 1855 120 113 975325 0 0 0
1823 1494 113 72 179196 0 0 0
2556 1088 118 70 129958 0 0 0
2928 380 107 60 672184 0 0 0
2464 865 68 69 174776 0 0 0
1867 516 130 80 965097 0 0 0
1914 255 100 94 680639 0 0 0
1194 340 81 75 774839 0 0 0
513 -53 78 103 579644 0 0 0
1115 67 114 71 416492 0 0 0
-53 704 111 108 746373 0 0 0
-340 829 107 103 257264 0 0 0
-942 1466 94 68 801472 0 0 0
-835 2094 112 101 655435 0 0 0
-737 2192 97 91 563792 0 0 0
-1081 2121 84 77 782798 0 0 0
-551 2673 126 75 651713 0 0 0
112 2670 100 66 299545 0 0 0
261 2485 77 76 544330 0 0 0
718 2415 99 104 436407 0 0 0
1247 2913 96 102 993599 0 0 0
1609 2577 73 84 321494 0 0 0
1071 3109 91 115 788396 0 0 0
540 3447 116 65 169995 0 0 0
337 3865 100 65 449240 0 0 0
29 4185 103 75 677792 0 0 0
-352 4809 94 66 366480 0 0 0
-799 4149 101 103 744514 0 0 0
-1483 3735 124 106 322051 0 0 0
-1125 3739 89 81 493068 0 0 0
-1247 3061 122 112 306804 0 0 0
-1022 2830 109 62 883837 0 0 0
-501 2524 113 77 320708 0 0 0
-766 2280 73 71 139557 0 0 0
-87 1666 81 75 953408 0 0 0
497 1304 77 110 516578 0 0 0
1000 1905 129 115 827042 0 0 0
1402 2619 114 60 890835 0 0 0
1768 2161 96 76 880566 0 0 0
2394 1579 118 74 144073 0 0 0
2634 1671 68 100 232663 0 0 0
3011 1667 76 77 139336 0 0 0
3667 1158 108 88 855998 0 0 0
4330 644 129 117 797354 0 0 0
4131 232 100 58 464110 0 0 0
3500 -48 68 82 814761 0 0 0
3163 643 92 76 181833 0 0 0
3228 260 75 114 762181 0 0 0
3421 -379 89 104 529464 0 0 0
-798 -1256 103 112 702082 0 0 0
-731 -1712 76 91 293151 0 0 0
-99 -2030 105 69 822085 0 0 0
20 -1825 129 92 267371 0 0 0
-333 -1322 103 78 499047 0 0 0
-200 -956 129 103 666869 0 0 0
-890 -478 106 101 562842 0 0 0
-289 -673 114 74 947895 0 0 0
-1011 -1137 77 115 495416 0 0 0
-523 -1452 129 78 749767 0 0 0
-396 -992 91 61 176348 0 0 0
-184 -763 68 90 751004 0 0 0
294 -1006 119 97 328251 0 0 0
-138 -1713 86 66 712728 0 0 0
-269 -2404 91 116 401514 0 0 0
-515 -2912 100 87 286694 0 0 0
63 -2479 94 95 606857 0 0 0
169 -3071 114 116 784797 0 0 0
-75 -2782 123 107 577051 0 0 0
-157 -2825 92 60 225954 0 0 0
-710 -3517 71 79 178898 0 0 0
-292 -3489 86 115 929869 0 0 0
336 -3230 94 76 983133 0 0 0
651 -2841 128 83 357553 0 0 0
312 -3333 118 93 783546 0 0 0
210 -3115 72 113 626820 0 0 0
808 -3473 95 93 439057 0 0 0
998 -2847 126 105 325176 0 0 0
1226 -3181 111 103 639063 0 0 0
1868 -2531 92 78 925207 0 0 0
1404 -3020 109 71 721885 0 0 0
1961 -2919 74 80 921446 0 0 0
2270 -3415 92 75 551045 0 0 0
2817 -3080 93 103 529892 0 0 0
3445 -3459 91 59 921223 0 0 0
4098 -2710 74 71 498651 0 0 0
3585 -2682 105 71 476722 0 0 0
3495 -2082 67 108 279935 0 0 0
4113 -2811 98 105 591932 0 0 0
3916 -2570 110 67 689104 0 0 0
3514 -2259 75 103 385889 0 0 0
-2567 -2839 101 112 327889 0 0 0
-2330 -2144 118 92 948242 0 0 0
-2944 -1932 97 109 271776 0 0 0
-3681 -1851 127 82 961822 0 0 0
-4255 -1621 89 97 429228 0 0 0
-4323 -1196 84 67 227687 0 0 0
-4094 -1615 118 67 706864 0 0 0
-4000 -1751 106 84 537922 0 0 0
-4242 -1946 104 69 393836 0 0 0
-4438 -1694 86 109 719321 0 0 0
-4128 -2200 82 85 283853 0 0 0
-3977 -1669 79 88 124101 0 0 0
-4524 -1934 105 117 211172 0 0 0
-4306 -2600 127 109 312770 0 0 0
-4521 -3038 102 101 928549 0 0 0
-4693 -2730 67 69 516670 0 0 0
-4366 -2376 93 115 305495 0 0 0
-3832 -2804 112 103 411127 0 0 0
-4349 -2363 71 113 515646 0 0 0
-4030 -2684 95 87 791674 0 0 0
-3853 -2089 130 71 316475 0 0 0
-3973 -2838 109 107 345396 0 0 0
-3366 -3480 116 72 670380 0 0 0
-3400 -4176 83 69 419163 0 0 0
-2990 -3462 70 80 449808 0 0 0
-3637 -4206 126 93 790923 0 0 0
-3135 -4125 118 59 367281 0 0 0
-3838 -4290 106 113 102619 0 0 0
-4390 -4526 117 105 887402 0 0 0
-4122 -5198 110 80 153009 0 0 0
-3901 -5075 111 78 917717 0 0 0
-3300 -4916 66 60 659819 0 0 0
-3695 -4651 114 112 109006 0 0 0
-3720 -4274 81 85 667483 0 0 0
-3736 -4755 102 81 112516 0 0 0
-3194 -4366 117 85 110934 0 0 0
-2724 -4364 101 106 533167 0 0 0
-3342 -4094 129 62 836171 0 0 0
-3981 -3849 85 99 968925 0 0 0
-4124 -3870 84 88 190694 0 0 0
-3597 -3733 68 91 840195 0 0 0
-4301 -3169 69 81 570004 0 0 0
-3863 -3011 108 89 785902 0 0 0
-419 -641 94 113 790346 0 0 0
-513 -708 126 78 561431 0 0 0
-768 -974 85 84 585091 0 0 0
-512 -861 118 108 107389 0 0 0
-56 -182 90 94 397823 0 0 0
588 -470 65 62 856289 0 0 0
577 276 117 104 816253 0 0 0
555 353 99 77 698657 0 0 0
176 405 67 79 121008 0 0 0
79 -211 75 59 313754 0 0 0
386 192 121 89 471079 0 0 0
-201 -423 94 114 572301 0 0 0
264 -582 127 117 481542 0 0 0
227 -518 128 74 673819 0 0 0
873 -18 92 96 374033 0 0 0
254 -747 115 87 462509 0 0 0
-290 -306 126 79 120441 0 0 0
-404 -559 118 98 717241 0 0 0
-489 -799 127 81 349570 0 0 0
-637 -898 99 115 170135 0 0 0
-536 -1392 85 109 522999 0 0 0
-458 -1032 109 67 236365 0 0 0
-1051 -695 89 67 705654 0 0 0
-737 -780 82 68 412742 0 0 0
-135 -248 92 111 291709 0 0 0
-302 -18 102 116 846275 0 0 0
609 2585 104 59 431777 0 0 0
175 2917 110 95 675836 0 0 0
-257 3122 122 81 204168 0 0 0
-790 3024 71 116 928837 0 0 0
-1523 3250 121 74 487957 0 0 0
-1299 3185 117 93 391574 0 0 0
-1632 2956 125 83 206011 0 0 0
-1084 2334 87 106 726014 0 0 0
-1472 1850 122 107 986040 0 0 0
-1144 1409 109 67 961283 0 0 0
-1555 2066 105 84 663657 0 0 0
-1163 1678 70 87 523147 0 0 0
-1447 1624 119 72 163119 0 0 0
-1566 1488 97 108 578314 0 0 0
-1049 2141 128 102 550596 0 0 0
-389 2579 73 91 558263 0 0 0
-565 3262 128 65 734041 0 0 0
-892 3721 102 104 771617 0 0 0
-1005 2971 72 114 689575 0 0 0
-1478 3346 101 105 441625 0 0 0
-1969 3025 113 109 971116 0 0 0
-2710 2891 123 117 363541 0 0 0
-2305 3154 110 59 580585 0 0 0
-2333 3019 111 108 325338 0 0 0
-2278 2676 95 102 581238 0 0 0
-1814 2290 98 83 128566 0 0 0
-2367 3007 96 116 634022 0 0 0
-1800 3215 65 65 517538 0 0 0
-1911 3414 79 74 182278 0 0 0
-1991 2999 75 60 556749 0 0 0
-2454 2478 67 77 192326 0 0 0
-2840 2460 88 67 989290 0 0 0
-3140 2796 75 83 759236 0 0 0
-2870 3380 84 66 966804 0 0 0
-3221 3215 84 114 138683 0 0 0
-3224 3920 65 62 768281 0 0 0
-2519 4572 91 115 737260 0 0 0
-2660 5168 126 114 153622 0 0 0
-3045 4964 81 103 814307 0 0 0
-2911 5181 67 61 552622 0 0 0
-2525 4807 119 95 689995 0 0 0
-2977 5259 89 74 431709 0 0 0
-2721 4969 74 112 363671 0 0 0
-2903 5209 117 91 676837 0 0 0
-2798 5589 93 102 626434 0 0 0
-2992 4860 89 106 518209 0 0 0
-3573 4488 75 92 331015 0 0 0
-3593 4196 110 77 574293 0 0 0
-3265 3474 76 80 961896 0 0 0
-2657 4173 109 73 227072 0 0 0
-2014 4245 124 73 671744 0 0 0
-1441 4151 119 68 259249 0 0 0
-1476 4023 90 90 909505 0 0 0
-1059 3442 96 105 152691 0 0 0
-1466 4105 82 83 359741 0 0 0
-1965 3483 94 80 110990 0 0 0
-2452 4110 72 106 101106 0 0 0
-2284 3549 116 100 874125 0 0 0
-2566 3545 110 72 163375 0 0 0
-2199 3071 122 68 467880 0 0 0
-2475 2384 111 84 544991 0 0 0
-2432 3057 114 77 770383 0 0 0
-3133 2828 113 94 667427 0 0 0
-2558 2433 128 98 286322 0 0 0
-3289 2343 109 115 760455 0 0 0
-3502 1783 73 79 291268 0 0 0
-4042 2482 86 84 120615 0 0 0
-3796 2181 70 65 400792 0 0 0
-3478 2532 109 64 987456 0 0 0
-2740 3271 88 112 368650 0 0 0
-2222 3547 107 92 489170 0 0 0
-2516 3823 96 92 256144 0 0 0
-1818 3462 79 81 615711 0 0 0
-1365 4068 116 74 753563 0 0 0
-1607 4055 118 71 136737 0 0 0
-1793 4769 129 103 703280 0 0 0
-1945 1088 103 96 755648 0 0 0
-2268 1625 125 64 686896 0 0 0
-2646 1544 84 87 293408 0 0 0
-2156 1938 75 99 625490 0 0 0
-2437 1526 108 62 726307 0 0 0
-2589 1376 86 73 424674 0 0 0
-1907 1220 104 104 415278 0 0 0
-1998 1814 123 72 562067 0 0 0
-1554 1273 123 78 487876 0 0 0
-1934 1103 65 79 831432 0 0 0
-2429 500 93 109 528408 0 0 0
-2282 -121 104 102 349916 0 0 0
-2936 -380 101 109 824896 0 0 0
-2206 -300 97 100 725706 0 0 0
-2934 -449 127 71 594682 0 0 0
2849 -2263 119 67 765599 0 0 0
3380 -2461 99 65 153611 0 0 0
3458 -1827 66 87 212024 0 0 0
3865 -2505 102 71 122562 0 0 0
4080 -3235 82 75 528364 0 0 0
3597 -3621 79 93 397416 0 0 0
2981 -3127 125 104 481494 0 0 0
3176 -3408 111 82 674702 0 0 0
2430 -2727 126 80 323827 0 0 0
1869 -3151 116 106 971844 0 0 0
1897 -3301 96 103 115765 0 0 0
2624 -3960 95 68 486192 0 0 0
2550 -3663 104 101 463355 0 0 0
2579 -3321 85 72 244736 0 0 0
2079 -2835 97 96 603265 0 0 0
1446 -3319 88 115 667696 0 0 0
2152 -3182 65 63 923698 0 0 0
2759 -2455 92 70 194154 0 0 0
3236 -2456 124 97 404026 0 0 0
2726 -2266 73 75 533165 0 0 0
2533 -1552 90 94 460194 0 0 0
2559 -2012 107 66 644276 0 0 0
3272 -2402 74 63 652448 0 0 0
3392 -2963 81 94 976316 0 0 0
3594 -3459 128 75 244385 0 0 0
3428 -3097 70 92 787523 0 0 0
3200 -3068 73 113 877848 0 0 0
2658 -3538 111 117 344795 0 0 0
-691 2684 110 77 811990 0 0 0
-255 2087 88 114 393412 0 0 0
-835 1439 99 107 572604 0 0 0
-1098 1826 99 99 325621 0 0 0
-1005 1106 81 111 755700 0 0 0
-368 1067 129 98 355871 0 0 0
360 830 129 60 478169 0 0 0
555 1207 108 116 567435 0 0 0
889 1655 111 94 880074 0 0 0
538 1771 88 84 995554 0 0 0
968 2327 67 82 324844 0 0 0
1528 1872 108 81 363978 0 0 0
2251 2404 111 111 553807 0 0 0
2585 1834 80 115 877077 0 0 0
2521 1151 66 71 465084 0 0 0
2056 1410 118 95 320156 0 0 0
1488 1157 124 105 147180 0 0 0
1571 901 92 98 473683 0 0 0
1757 1052 78 86 867723 0 0 0
1491 415 73 111 628172 0 0 0
2218 135 94 64 113503 0 0 0
1845 -106 106 96 303758 0 0 0
1735 134 68 62 159606 0 0 0
2247 684 93 76 488258 0 0 0
2735 847 102 83 210832 0 0 0
3161 1544 122 58 743299 0 0 0
3465 1706 70 60 858152 0 0 0
4036 985 85 69 864165 0 0 0
4200 792 112 106 795861 0 0 0
3832 1165 88 113 728103 0 0 0
4381 449 89 106 631548 0 0 0
4250 419 80 67 791726 0 0 0
3788 643 118 113 191950 0 0 0
3528 1182 108 65 898247 0 0 0
3759 1141 129 85 543233 0 0 0
3124 1092 87 61 496596 0 0 0
2769 972 89 107 516934 0 0 0
3213 1209 88 108 722946 0 0 0
2527 1173 77 94 482525 0 0 0
2011 1832 128 67 188016 0 0 0
2536 1897 95 79 221598 0 0 0
2947 2584 66 114 607116 0 0 0
2538 2306 88 113 948683 0 0 0
2621 2064 113 96 509664 0 0 0
2139 1611 113 99 653705 0 0 0
1719 928 80 114 862443 0 0 0
1624 1591 70 117 712172 0 0 0
1736 1981 115 101 292742 0 0 0
2271 1881 68 59 970100 0 0 0
2515 2407 123 112 450699 0 0 0
2836 3128 81 96 427751 0 0 0
2651 3336 127 109 364318 0 0 0
2006 2828 104 65 433700 0 0 0
1705 2590 93 89 398977 0 0 0
1671 2356 91 59 915771 0 0 0
1087 2528 112 68 362109 0 0 0
627 2687 116 115 814630 0 0 0
1276 3303 92 79 511313 0 0 0
1491 3817 76 116 641455 0 0 0
1254 3170 107 71 915184 0 0 0
1184 3862 68 83 567619 0 0 0
1438 4519 103 115 393784 0 0 0
1236 5140 127 108 618195 0 0 0
-951 1944 91 87 843438 0 0 0
-1619 2261 124 74 844900 0 0 0
-1170 1608 108 100 915029 0 0 0
-717 888 114 65 626337 0 0 0
-59 568 128 67 513703 0 0 0
-428 717 107 58 731085 0 0 0
-703 914 130 108 164935 0 0 0
-857 1300 74 86 494364 0 0 0
-1027 1813 68 64 283029 0 0 0
-1676 1899 83 81 771328 0 0 0
-1380 2307 102 71 212825 0 0 0
-1411 1986 72 107 183900 0 0 0
-1024 2675 65 74 635670 0 0 0
-792 3283 82 117 866516 0 0 0
-996 3452 78 68 354891 0 0 0
-661 3379 67 106 326958 0 0 0
-651 4085 75 81 251835 0 0 0
71 4136 79 95 791478 0 0 0
750 4464 100 75 475883 0 0 0
711 4266 83 91 896159 0 0 0
599 4650 103 98 470479 0 0 0
829 4149 97 76 585743 0 0 0
1160 4503 75 108 610060 0 0 0
1873 4382 89 110 706700 0 0 0
1694 4300 99 82 864468 0 0 0
1933 4509 96 77 772817 0 0 0
2348 4692 73 112 601371 0 0 0
1912 5050 92 67 176303 0 0 0
2321 5033 83 88 317867 0 0 0
2033 5775 78 103 190858 0 0 0
1478 5695 123 67 984107 0 0 0
2017 5267 113 114 328067 0 0 0
2236 5477 71 81 970012 0 0 0
2651 5562 85 66 354758 0 0 0
2336 6275 122 72 205956 0 0 0
2321 5713 68 110 310363 0 0 0
2326 6022 75 104 290459 0 0 0
2963 6677 95 94 644102 0 0 0
2376 6865 77 96 479017 0 0 0
2895 7213 85 93 441549 0 0 0
3435 6749 94 84 391695 0 0 0
3030 6387 75 108 480445 0 0 0
3317 6839 124 90 827482 0 0 0
2672 6922 106 100 627888 0 0 0
3057 6414 72 70 876582 0 0 0
3010 5706 114 84 306575 0 0 0
-2136 1561 78 71 911088 0 0 0
-2863 2193 126 73 643167 0 0 0
-2421 2499 82 112 414880 0 0 0
-3097 2536 126 99 743279 0 0 0
-3112 3114 128 60 373316 0 0 0
-2379 3575 116 62 981400 0 0 0
-2675 3383 105 89 351820 0 0 0
-2398 3253 115 79 631162 0 0 0
-2479 2613 115 73 898625 0 0 0
-2665 2932 125 63 138923 0 0 0
-3371 2891 81 112 150930 0 0 0
-2631 2805 123 77 682142 0 0 0
-2730 2095 74 81 299396 0 0 0
-3217 2629 77 109 676267 0 0 0
-3355 3255 106 92 452914 0 0 0
-3187 2539 123 73 781518 0 0 0
-2726 2645 115 92 326954 0 0 0
-3296 2972 69 109 617399 0 0 0
-2547 3025 75 96 859113 0 0 0
-2724 2794 86 103 126179 0 0 0
-3412 3530 66 93 183196 0 0 0
-2734 3252 102 68 423893 0 0 0
-2118 3431 109 85 886949 0 0 0
-2548 4152 103 109 572140 0 0 0
-1973 3880 75 103 315458 0 0 0
-2360 3473 119 90 742875 0 0 0
-1853 3469 91 66 658165 0 0 0
1752 -2369 116 101 926316 0 0 0
1274 -2702 108 111 615643 0 0 0
1558 -2584 93 109 822979 0 0 0
2295 -2785 93 75 672314 0 0 0
2608 -2143 111 93 340092 0 0 0
2560 -2496 75 111 820126 0 0 0
2412 -2691 74 84 915074 0 0 0
1805 -2967 120 100 856940 0 0 0
2108 -3187 112 59 366829 0 0 0
1779 -2743 90 108 567078 0 0 0
1085 -2139 109 59 629786 0 0 0
1681 -2563 121 74 888954 0 0 0
1617 -2089 91 72 444875 0 0 0
1138 -1612 74 106 133596 0 0 0
821 -1066 115 86 788012 0 0 0
380 -1603 120 58 181916 0 0 0
66 -1445 116 76 871413 0 0 0
489 -864 67 115 141014 0 0 0
-92 -689 76 115 735487 0 0 0
-289 -257 106 90 479281 0 0 0
-781 -410 83 59 847150 0 0 0
-412 234 120 70 424565 0 0 0
-923 -62 103 116 189820 0 0 0
-769 458 82 101 193402 0 0 0
-468 1181 106 63 829355 0 0 0
-147 1887 94 87 430508 0 0 0
-344 1374 75 110 470628 0 0 0
-678 1448 109 104 613151 0 0 0
-1071 1527 73 95 792159 0 0 0
-1801 1097 127 113 141648 0 0 0
-2481 473 71 96 918361 0 0 0
-2415 621 88 73 112866 0 0 0
-1877 -102 129 67 129131 0 0 0
-1659 307 105 106 411633 0 0 0
-2339 -17 117 89 214464 0 0 0
-1774 122 119 113 193068 0 0 0
-1249 431 104 113 727032 0 0 0
-762 1044 90 105 851973 0 0 0
-1064 1519 86 77 805775 0 0 0
-1197 2044 85 93 311540 0 0 0
-1326 1502 116 59 277513 0 0 0
-1874 1367 104 59 703785 0 0 0
-2414 2117 67 71 604015 0 0 0
-1810 2371 128 75 714210 0 0 0
-1462 2232 92 80 509982 0 0 0
-1026 1486 79 79 571036 0 0 0
-1497 1586 126 115 312021 0 0 0
-1527 1630 90 93 928384 0 0 0
-1958 1483 82 81 317730 0 0 0
-2699 1019 128 99 728966 0 0 0
-2004 342 91 72 173383 0 0 0
-1794 -350 68 110 776870 0 0 0
-2449 -213 127 107 874185 0 0 0
-2926 448 80 100 759013 0 0 0
-2517 -59 76 70 156545 0 0 0
-3209 -633 70 75 331666 0 0 0
-2460 -1073 76 98 399907 0 0 0
-2092 -904 108 71 930235 0 0 0
-2554 -482 116 86 323914 0 0 0
-2732 -84 73 99 867062 0 0 0
-2000 127 90 111 676958 0 0 0
-2274 -465 125 60 591679 0 0 0
-1700 -845 106 112 586405 0 0 0
-2406 -127 113 115 965296 0 0 0
-2025 -546 105 98 182744 0 0 0
-1630 -375 122 69 220818 0 0 0
-1372 153 88 106 393485 0 0 0
-1701 -27 87 96 836602 0 0 0
-2413 -134 71 70 314975 0 0 0
-2461 -388 88 117 188756 0 0 0
-2258 -300 119 97 679449 0 0 0
-1669 186 79 111 107935 0 0 0
-1028 799 90 80 397281 0 0 0
-1717 87 107 58 402938 0 0 0
-2299 432 108 99 138226 0 0 0
-1854 799 113 95 336870 0 0 0
-1429 1434 80 107 119739 0 0 0
-1245 1638 96 87 121444 0 0 0
-1430 1222 95 114 509294 0 0 0
-1630 1735 123 114 288228 0 0 0
-1909 2075 85 62 156960 0 0 0
-1696 1355 82 93 555851 0 0 0
-1449 1578 91 109 591230 0 0 0
-1322 1429 103 77 560515 0 0 0
-1067 1133 115 98 123732 0 0 0
-932 1584 65 61 576895 0 0 0
-734 2319 93 91 389150 0 0 0
-337 2250 93 80 584496 0 0 0
-795 2023 109 71 176684 0 0 0
-1171 1885 65 62 536862 0 0 0
-925 2517 118 98 541191 0 0 0
-331 3240 76 112 140278 0 0 0
-730 3286 127 65 640046 0 0 0
-531 3970 109 97 267424 0 0 0
-768 3813 104 113 385006 0 0 0
-651 4351 112 58 882592 0 0 0
-1200 4875 89 95 314158 0 0 0
-663 4345 122 62 661104 0 0 0
-45 4979 96 60 259567 0 0 0
295 4400 89 107 182790 0 0 0
-331 4604 98 77 403690 0 0 0
-222 5045 89 72 616538 0 0 0
19 5435 129 72 388932 0 0 0
2453 1004 107 104 781510 0 0 0
2259 444 128 80 353385 0 0 0
1530 874 100 107 226180 0 0 0
1239 1188 81 96 889952 0 0 0
1145 1752 101 78 341510 0 0 0
1041 1744 125 74 275006 0 0 0
343 1301 89 114 841059 0 0 0
572 668 71 106 882723 0 0 0
-147 612 109 69 342379 0 0 0
509 146 126 61 776103 0 0 0
1085 882 74 64 512757 0 0 0
418 781 115 105 812794 0 0 0
-108 34 72 94 491549 0 0 0
599 639 105 82 789799 0 0 0
616 -101 130 60 588834 0 0 0
-19 537 110 117 271229 0 0 0
3 196 93 58 672905 0 0 0
-288 576 111 115 104606 0 0 0
-364 680 91 80 650527 0 0 0
15 175 124 115 110033 0 0 0
453 384 100 96 427137 0 0 0
291 98 75 61 927067 0 0 0
607 -192 110 104 914558 0 0 0
121 204 84 58 853243 0 0 0
196 395 123 70 178865 0 0 0
516 749 71 66 942331 0 0 0
1263 210 121 61 163826 0 0 0
1037 314 118 100 893884 0 0 0
573 270 122 59 810873 0 0 0
1021 -377 99 94 661944 0 0 0
1627 -624 79 93 115603 0 0 0
983 -789 111 71 722756 0 0 0
-2063 -2051 121 110 295748 0 0 0
-2201 -1450 85 87 481191 0 0 0
-2500 -980 101 64 152340 0 0 0
-3011 -566 115 82 981098 0 0 0
-2619 9 113 103 983532 0 0 0
-3221 561 69 117 243521 0 0 0
467 2403 65 109 337426 0 0 0
-203 2829 113 62 367894 0 0 0
-209 2575 96 72 672795 0 0 0
26 1852 109 99 880866 0 0 0
-96 1112 111 59 773108 0 0 0
370 362 121 59 586277 0 0 0
290 272 79 95 706058 0 0 0
576 -407 128 114 781574 0 0 0
1286 -29 106 106 349724 0 0 0
1332 519 89 112 810152 0 0 0
692 981 80 113 885878 0 0 0
1027 1314 105 64 766323 0 0 0
287 922 88 85 967716 0 0 0
794 184 65 87 660540 0 0 0
1445 320 77 92 229906 0 0 0
723 422 96 69 862311 0 0 0
958 -242 65 99 410886 0 0 0
302 -195 87 60 376121 0 0 0
959 -854 111 68 325991 0 0 0
707 -511 115 80 803407 0 0 0
540 236 119 116 740876 0 0 0
293 -183 128 85 464106 0 0 0
137 -123 68 74 121695 0 0 0
-469 221 114 94 125802 0 0 0
-716 -524 79 81 528979 0 0 0
-1077 -1250 79 78 509534 0 0 0
-344 -1980 89 66 745876 0 0 0
231 -1784 81 105 123581 0 0 0
143 -2379 114 73 399432 0 0 0
338 -1945 77 67 682703 0 0 0
779 -2457 125 115 199743 0 0 0
574 -1769 65 74 694706 0 0 0
80 -1102 91 71 277378 0 0 0
-806 -1377 125 97 390071 0 0 0
-317 -1666 67 100 756606 0 0 0
-942 -2156 95 82 405877 0 0 0
-776 -1417 67 78 492835 0 0 0
-1055 -1643 90 58 204022 0 0 0
-1688 -2387 93 63 485273 0 0 0
-2046 -1927 121 117 410543 0 0 0
-2410 -1858 90 113 903561 0 0 0
-1837 -1346 94 97 983289 0 0 0
-1983 -1658 107 84 114215 0 0 0
-2643 -1355 110 103 734889 0 0 0
-1953 -850 68 92 299653 0 0 0
-1659 -585 87 98 295685 0 0 0
-955 -1114 111 73 737680 0 0 0
-281 -1223 95 114 717733 0 0 0
-518 -1267 76 104 475216 0 0 0
-263 -1758 95 71 417077 0 0 0
-383 -2198 79 100 958716 0 0 0
289 -2596 123 94 533236 0 0 0
366 -2014 102 85 778084 0 0 0
-15 -2120 75 85 622751 0 0 0
528 -2684 102 99 681401 0 0 0
970 -3178 106 73 618565 0 0 0
1118 -3184 69 63 442184 0 0 0
1861 -2759 66 59 824156 0 0 0
2543 -3404 107 96 919951 0 0 0
2005 -3548 93 85 297606 0 0 0
1965 -3982 67 85 462127 0 0 0
1674 -3966 78 108 271165 0 0 0
2083 -3577 122 108 696489 0 0 0
2257 -3025 98 95 601310 0 0 0
2515 -2998 88 92 807029 0 0 0
3067 -2780 105 109 155872 0 0 0
3283 -2919 115 114 716721 0 0 0
4028 -3621 67 70 156195 0 0 0
3994 -3493 86 74 997516 0 0 0
3461 -4195 98 76 681726 0 0 0
3544 -3543 65 68 677653 0 0 0
3581 -2930 111 102 581969 0 0 0
2935 -3082 101 65 192861 0 0 0
3331 -2848 106 74 613102 0 0 0
3960 -2467 82 92 388854 0 0 0
3773 -2742 69 72 144204 0 0 0
3265 -3015 112 80 361338 0 0 0
3262 -2508 65 117 824662 0 0 0
3043 -2201 107 87 700989 0 0 0
2362 -1571 115 108 100596 0 0 0
2046 -2320 128 93 404244 0 0 0
2169 -2940 121 111 768170 0 0 0
1702 -3591 124 71 531727 0 0 0
1501 -3765 86 93 376462 0 0 0
1011 -3451 126 113 636949 0 0 0
1066 -3277 68 101 248215 0 0 0
718 -3089 89 70 334723 0 0 0
448 -3566 129 84 113485 0 0 0
-157 -2951 85 86 540793 0 0 0
-124 -3421 94 111 509698 0 0 0
-758 -3873 73 59 780127 0 0 0
-1109 -4160 116 110 216314 0 0 0
-1670 -4591 126 92 219485 0 0 0
-1737 -5277 115 59 341324 0 0 0
-1251 -5350 113 104 245530 0 0 0
-890 -4915 117 79 372272 0 0 0
-894 -4295 101 110 958233 0 0 0
-1213 -3910 110 65 297924 0 0 0
-1006 -4537 89 81 441597 0 0 0
-1045 -4051 118 101 204971 0 0 0
-700 -4489 75 79 243171 0 0 0
-1023 -4077 102 110 194832 0 0 0
-557 -3808 112 103 384895 0 0 0
-557 -4192 107 112 798935 0 0 0
-1283 -4029 80 67 249335 0 0 0
-1134 -3337 68 78 403873 0 0 0
-1183 -3139 100 69 972391 0 0 0
-629 -3668 101 65 362949 0 0 0
-944 -3577 72 64 872560 0 0 0
-1495 -3554 114 106 664966 0 0 0
2202 1686 115 96 114525 0 0 0
2458 2099 71 86 549692 0 0 0
2720 1473 106 94 139916 0 0 0
2008 1955 103 89 211829 0 0 0
2292 2694 84 92 157076 0 0 0
2143 2745 128 102 915822 0 0 0
1547 2397 74 110 167523 0 0 0
2276 2523 80 61 649938 0 0 0
2376 2951 104 114 971925 0 0 0
2612 3351 85 65 686531 0 0 0
2803 4087 116 99 256296 0 0 0
1218 -2322 68 95 227440 0 0 0
1424 -2104 120 69 546112 0 0 0
1969 -2258 81 116 781568 0 0 0
1546 -1972 70 65 888137 0 0 0
1767 -1804 117 86 872575 0 0 0
1309 -2009 80 84 886439 0 0 0
1179 -1679 82 107 380839 0 0 0
1923 -1769 97 76 406716 0 0 0
1400 -1840 111 97 436698 0 0 0
1296 -2449 108 98 709017 0 0 0
1037 -2617 126 89 348692 0 0 0
618 -3146 88 109 282592 0 0 0
331 -3113 96 83 889612 0 0 0
174 -2668 72 102 153246 0 0 0
-242 -2893 106 101 872723 0 0 0
421 -2187 66 112 629666 0 0 0
74 -1510 105 72 427190 0 0 0
-336 -857 116 63 493924 0 0 0
-1079 -308 111 88 736736 0 0 0
-1000 -584 117 116 161115 0 0 0
-590 -403 116 70 138221 0 0 0
-6 -283 119 75 494908 0 0 0
593 223 66 112 815822 0 0 0
82 643 91 97 909964 0 0 0
-567 1211 78 82 877739 0 0 0
-842 1212 108 60 204107 0 0 0
-227 659 84 113 832136 0 0 0
-919 865 85 59 568018 0 0 0
-431 1157 70 83 259908 0 0 0
-489 1844 84 71 881956 0 0 0
-1004 1374 72 94 457486 0 0 0
-1026 900 100 80 320848 0 0 0
-1043 694 105 87 400262 0 0 0
-1132 123 94 105 826549 0 0 0
-1715 211 70 90 354414 0 0 0
-1109 318 92 103 691877 0 0 0
-837 984 68 67 936437 0 0 0
-521 1298 127 75 896808 0 0 0
-837 1395 68 64 675522 0 0 0
1132 2022 91 98 645632 0 0 0
1435 2724 120 76 635944 0 0 0
951 3157 74 98 856632 0 0 0
510 2582 83 91 229741 0 0 0
717 1876 96 63 433818 0 0 0
663 1381 106 63 942297 0 0 0
299 1036 86 84 663490 0 0 0
1 1255 74 91 436931 0 0 0
-122 612 121 100 229994 0 0 0
-724 -69 97 109 933858 0 0 0
-650 319 126 73 701928 0 0 0
-886 -43 109 79 210369 0 0 0
-720 117 94 101 909392 0 0 0
-1038 337 112 66 444789 0 0 0
-1550 382 75 65 514825 0 0 0
-1818 161 117 58 531762 0 0 0
-1581 -95 129 79 437678 0 0 0
-875 -763 79 114 944680 0 0 0
-1400 -954 78 75 676278 0 0 0
-795 -1678 119 70 583480 0 0 0
-1364 -1958 83 58 522002 0 0 0
-2054 -2454 96 89 262505 0 0 0
-2181 -1917 123 106 937905 0 0 0
-2011 -2645 91 112 234782 0 0 0
-2255 -2750 104 70 455392 0 0 0
-2645 -3496 81 100 294092 0 0 0
-2167 -3740 72 84 466450 0 0 0
-1507 -3082 112 60 497772 0 0 0
-762 -3156 75 62 642420 0 0 0
-107 -3821 91 93 851642 0 0 0
414 -3370 98 105 563231 0 0 0
597 -2691 80 72 834148 0 0 0
992 -2476 102 107 233745 0 0 0
445 -2091 129 112 654423 0 0 0
361 -2141 97 75 248206 0 0 0
174 -2247 67 62 473451 0 0 0
45 -2186 81 115 843551 0 0 0
683 -1690 115 80 774076 0 0 0
1171 -2312 109 84 489919 0 0 0
1508 -2880 126 79 770699 0 0 0
1365 -2681 103 102 712837 0 0 0
1912 -3287 129 108 630735 0 0 0
1256 -3136 124 115 502363 0 0 0
1085 -3488 110 81 841165 0 0 0
1464 -2949 86 62 652613 0 0 0
1267 -2848 120 111 753953 0 0 0
1665 -3243 125 86 959463 0 0 0
1637 -3264 69 109 465984 0 0 0
1330 -3788 119 66 719068 0 0 0
615 -3385 116 106 311366 0 0 0
-46 -2855 102 111 956066 0 0 0
83 -2697 68 113 730319 0 0 0
486 -2302 91 81 462782 0 0 0
205 -3022 90 69 786583 0 0 0
445 -3401 111 76 179033 0 0 0
929 -2832 93 59 419269 0 0 0
691 -2179 97 103 967629 0 0 0
1247 -2197 89 102 683600 0 0 0
1237 -1559 127 116 396812 0 0 0
1009 -2116 93 85 319747 0 0 0
745 -1908 111 62 146682 0 0 0
887 -2385 94 80 906168 0 0 0
1466 -1655 90 91 275600 0 0 0
1024 -1578 87 99 317163 0 0 0
1330 -2134 130 66 352980 0 0 0
1093 -2824 72 101 231709 0 0 0
1020 -2193 78 84 282348 0 0 0
1070 -1662 124 75 215453 0 0 0
742 -1828 107 114 119467 0 0 0
1034 -1315 101 63 916720 0 0 0
730 -1687 103 80 468194 0 0 0
432 -1345 76 90 176494 0 0 0
-129 -2067 104 114 636938 0 0 0
27 -1999 83 80 295588 0 0 0
-62 -1800 93 63 513449 0 0 0
468 -1958 115 117 729766 0 0 0
224 -1296 117 94 673800 0 0 0
598 -1952 88 103 697649 0 0 0
882 -1740 81 108 600222 0 0 0
-165 704 69 113 834388 0 0 0
-71 548 113 90 891349 0 0 0
437 786 78 58 251569 0 0 0
313 764 125 59 847022 0 0 0
-100 351 67 86 719446 0 0 0
-599 755 121 91 983904 0 0 0
-891 460 71 82 687866 0 0 0
-946 -225 98 90 526980 0 0 0
-996 392 111 71 504679 0 0 0
-899 262 67 107 109371 0 0 0
-1004 669 94 73 159283 0 0 0
-768 981 77 77 885089 0 0 0
-283 1038 68 71 497101 0 0 0
242 766 122 64 768613 0 0 0
21 190 124 102 758343 0 0 0
64 311 113 117 991116 0 0 0
512 1048 78 115 723645 0 0 0
-75 1693 120 66 301634 0 0 0
-209 2205 67 80 182246 0 0 0
-140 1883 107 88 207978 0 0 0
-210 2515 99 64 125930 0 0 0
368 2842 119 111 890475 0 0 0
966 3519 115 91 225670 0 0 0
1021 3129 95 117 987987 0 0 0
863 2979 122 80 266215 0 0 0
822 2268 125 93 274609 0 0 0
843 2695 103 70 236551 0 0 0
1165 2861 115 81 644325 0 0 0
1428 3413 119 65 781361 0 0 0
949 3914 81 110 197648 0 0 0
1156 3369 78 113 614421 0 0 0
643 3889 87 59 221983 0 0 0
713 3966 101 86 676068 0 0 0
527 4582 72 86 711814 0 0 0
1269 5202 97 75 694840 0 0 0
1912 5536 72 67 312842 0 0 0
1503 4985 67 103 285067 0 0 0
2159 5414 111 84 411210 0 0 0
1661 4918 113 107 140058 0 0 0
1525 4236 73 105 841625 0 0 0
896 3786 107 116 765857 0 0 0
775 3078 85 94 699714 0 0 0
1273 3344 123 70 969311 0 0 0
848 3745 110 114 671184 0 0 0
1467 3788 94 83 390157 0 0 0
2438 288 122 65 252085 0 0 0
3040 860 94 98 215921 0 0 0
3536 854 65 71 114148 0 0 0
3493 824 97 94 869312 0 0 0
2759 1305 99 89 699111 0 0 0
3470 1391 122 110 841525 0 0 0
2653 -196 105 105 759187 0 0 0
2519 -672 122 110 730045 0 0 0
2124 -544 75 81 179059 0 0 0
2759 -733 106 80 373924 0 0 0
3097 -1015 118 68 141937 0 0 0
3661 -1419 93 110 311948 0 0 0
3034 -2005 129 90 129320 0 0 0
3258 -1930 105 107 839900 0 0 0
3721 -1473 109 96 564563 0 0 0
4165 -1401 86 110 512811 0 0 0
4777 -2075 108 80 331829 0 0 0
4959 -2190 111 59 542631 0 0 0
4874 -2925 125 76 623233 0 0 0
5277 -2786 80 97 675865 0 0 0
5553 -2984 100 98 658865 0 0 0
5584 -2731 130 64 674797 0 0 0
5862 -3429 123 88 161291 0 0 0
5230 -3614 112 115 122558 0 0 0
4957 -2992 73 85 994056 0 0 0
5363 -3264 98 69 683308 0 0 0
6021 -3939 94 114 452671 0 0 0
5887 -3466 93 65 233024 0 0 0
6582 -3986 114 113 375488 0 0 0
6717 -3263 127 109 638626 0 0 0
6982 -3512 129 69 862941 0 0 0
7247 -3751 74 93 146983 0 0 0
7890 -3588 72 112 459407 0 0 0
7211 -3768 73 60 309771 0 0 0
7041 -4510 107 61 568928 0 0 0
-1808 -1546 80 94 385793 0 0 0
-1834 -2274 128 113 901368 0 0 0
-1308 -2836 82 67 566561 0 0 0
-1277 -3279 65 70 909866 0 0 0
-1428 -3047 90 99 521146 0 0 0
-1245 -3073 70 66 502081 0 0 0
-1830 -3542 71 98 126643 0 0 0
-1638 -3572 76 113 904174 0 0 0
-2195 -3804 125 77 921936 0 0 0
-2113 -4337 77 85 799581 0 0 0
-1479 -4215 107 105 838511 0 0 0
-886 -3997 87 89 105065 0 0 0
-598 -4701 115 86 142065 0 0 0
-1011 -5368 70 117 111614 0 0 0
-1540 -5418 111 79 357934 0 0 0
-1316 -5042 108 87 755893 0 0 0
-1964 -5314 83 74 851684 0 0 0
-1935 -5808 72 83 456981 0 0 0
-1538 -5765 81 112 591895 0 0 0
-1269 -6430 116 78 748612 0 0 0
-571 -7127 100 72 316136 0 0 0
-93 -6689 83 101 966875 0 0 0
-133 -6757 102 89 202377 0 0 0
44 -6284 103 86 735632 0 0 0
-295 -6813 111 92 716922 0 0 0
-448 -6842 97 59 824735 0 0 0
-433 -7339 102 68 439210 0 0 0
-559 -6942 129 89 675631 0 0 0
-1098 -7194 101 101 306242 0 0 0
-536 -7326 89 64 559356 0 0 0
-84 -6862 113 59 220904 0 0 0
287 -7436 98 110 267323 0 0 0
-49 -7081 124 101 696359 0 0 0
629 -7519 78 61 272381 0 0 0
605 -7567 115 98 370716 0 0 0
296 -7047 96 108 981390 0 0 0
960 -6342 114 86 576566 0 0 0
1173 -6549 98 87 563055 0 0 0
1492 -7053 76 109 143934 0 0 0
1633 -7594 80 60 870191 0 0 0
1567 -7735 91 59 529202 0 0 0
1799 -7467 104 81 718043 0 0 0
1228 -7195 125 93 804225 0 0 0
1739 -7091 72 58 103748 0 0 0
1274 -7641 65 89 562538 0 0 0
1886 -7589 122 73 835519 0 0 0
1927 -7349 68 102 136148 0 0 0
1822 -6624 81 116 308200 0 0 0
1096 -6751 93 64 366105 0 0 0
1302 -6383 84 75 614121 0 0 0
1215 -6735 114 79 848637 0 0 0
1581 -7422 121 85 634029 0 0 0
1862 -7518 95 105 756116 0 0 0
2457 -8049 77 87 845466 0 0 0
2803 -7481 70 67 655862 0 0 0
2774 -7157 91 58 915752 0 0 0
2505 -7458 81 101 411985 0 0 0
2757 -6886 101 114 104952 0 0 0
3007 -7157 72 66 695507 0 0 0
2266 -7452 107 83 398193 0 0 0
1735 -7142 106 60 310877 0 0 0
1131 -6585 94 100 412442 0 0 0
1609 -6134 103 103 878295 0 0 0
2171 -6083 87 83 970449 0 0 0
1499 -6701 83 85 784512 0 0 0
513 -2471 95 85 728764 0 0 0
1177 -2689 124 79 716085 0 0 0
729 -1965 95 74 475448 0 0 0
203 -2377 71 82 375752 0 0 0
-496 -3084 111 99 110082 0 0 0
-329 -2838 121 94 690347 0 0 0
-338 -2453 80 90 757472 0 0 0
-420 -1767 72 116 773624 0 0 0
-605 -1775 69 87 319935 0 0 0
-566 2941 72 99 208576 0 0 0
-923 3020 102 88 256886 0 0 0
-1465 3555 117 71 329164 0 0 0
-969 3336 113 59 911034 0 0 0
-1668 3205 91 115 828600 0 0 0
-1008 2626 108 66 600151 0 0 0
-1032 2901 129 103 381117 0 0 0
-1019 2328 96 90 472171 0 0 0
-823 2647 72 116 706632 0 0 0
-1066 2575 93 93 466629 0 0 0
-1411 3072 109 80 690610 0 0 0
-1778 2364 116 75 417969 0 0 0
-2405 1968 90 98 399385 0 0 0
-2601 1543 96 64 321529 0 0 0
-3303 1989 126 64 518043 0 0 0
-2563 1980 76 115 508443 0 0 0
-1817 2382 88 100 901401 0 0 0
-2084 2654 66 81 598156 0 0 0
-1821 3300 73 66 546748 0 0 0
-1689 2557 103 110 687747 0 0 0
-2348 3266 92 81 492386 0 0 0
-2540 2722 81 66 266291 0 0 0
-2181 3008 75 116 774160 0 0 0
-2635 2715 104 107 875598 0 0 0
-3357 3296 71 76 638803 0 0 0
-2957 3722 125 72 913312 0 0 0
-3216 3889 119 101 947571 0 0 0
-2526 3667 109 77 719351 0 0 0
-2063 4000 93 117 714373 0 0 0
-2419 3563 65 58 656112 0 0 0
-2896 3336 108 79 179177 0 0 0
-3319 3813 75 77 360140 0 0 0
-3794 4200 75 108 647031 0 0 0
-4352 3984 66 104 679426 0 0 0
-4937 3660 71 65 294567 0 0 0
-5184 3523 101 77 469366 0 0 0
-4510 3420 72 93 984713 0 0 0
-4312 2723 65 90 944061 0 0 0
-4607 2486 73 72 568948 0 0 0
-4513 3135 103 83 837417 0 0 0
-5016 2978 102 64 765605 0 0 0
-4587 2695 79 78 553086 0 0 0
-5287 3197 89 95 338493 0 0 0
-4641 2533 102 67 330015 0 0 0
-5068 3254 80 111 405601 0 0 0
-5177 3022 105 85 674610 0 0 0
-5245 3006 98 79 549273 0 0 0
-5856 3755 105 114 399165 0 0 0
-5280 3292 74 97 903419 0 0 0
-5444 2614 117 116 869646 0 0 0
-5424 2941 104 70 327057 0 0 0
-5181 3536 115 104 691294 0 0 0
-4950 2804 116 100 230350 0 0 0
-5268 3411 117 102 653776 0 0 0
-4923 4032 130 73 893608 0 0 0
-5362 3795 94 91 128180 0 0 0
-5780 4381 122 104 698458 0 0 0
-5407 3669 92 64 581101 0 0 0
-5966 3234 116 108 530654 0 0 0
-6304 3596 113 113 311654 0 0 0
-6917 3648 85 71 593716 0 0 0
-7397 4305 88 96 310448 0 0 0
-6762 3763 68 94 948984 0 0 0
-6120 3691 122 65 574255 0 0 0
-1448 -2860 79 88 439966 0 0 0
-1242 -3218 101 101 756042 0 0 0
-1070 -3205 95 113 561026 0 0 0
-1094 -3316 128 107 718595 0 0 0
-473 -3183 70 86 634162 0 0 0
-595 -3589 90 105 336923 0 0 0
-312 -4143 107 111 675581 0 0 0
-164 -4334 91 98 971203 0 0 0
-797 -4793 68 95 807956 0 0 0
-919 -5431 96 110 192479 0 0 0
-711 -5322 86 79 472954 0 0 0
-681 -5143 109 69 104515 0 0 0
-1392 -5348 105 74 270659 0 0 0
-1723 -5409 78 114 826714 0 0 0
-1652 -5626 102 85 372028 0 0 0
-1708 -5931 125 99 109472 0 0 0
-2213 -6178 88 63 526768 0 0 0
-2278 -6121 106 65 693316 0 0 0
-2821 -5824 105 63 831692 0 0 0
-2150 -6333 128 100 808420 0 0 0
-2499 -5695 95 63 226167 0 0 0
-1765 -5964 84 86 313791 0 0 0
-2227 -5457 102 67 415827 0 0 0
-1827 -4990 86 117 833562 0 0 0
-2019 -5117 77 116 775580 0 0 0
-1621 -5505 73 101 190665 0 0 0
-1180 -5298 117 65 545963 0 0 0
-1084 -5038 91 76 600176 0 0 0
-1099 -5131 79 88 957964 0 0 0
-1296 -5877 117 75 895323 0 0 0
-2024 -5885 120 71 544830 0 0 0
-1722 -5458 97 69 926598 0 0 0
-2000 -5688 128 96 117499 0 0 0
-2604 -5967 68 74 235474 0 0 0
-2417 -6440 111 77 127522 0 0 0
-2256 -5889 101 76 431282 0 0 0
-2818 -5759 122 96 320925 0 0 0
-2651 -5153 105 105 335452 0 0 0
-2184 -5549 83 84 806724 0 0 0
-2543 -5644 93 115 570211 0 0 0
-2061 -5380 75 115 977976 0 0 0
-2446 -6086 108 66 706468 0 0 0
-3078 -5477 75 70 948704 0 0 0
-3434 -5843 109 88 851321 0 0 0
-3090 -6491 80 115 182765 0 0 0
-3006 -6829 126 87 749374 0 0 0
-2496 -6289 116 96 171338 0 0 0
-3234 -6990 129 91 340406 0 0 0
-3947 -6268 67 102 673592 0 0 0
-3822 -5769 118 85 143482 0 0 0
-3265 -5982 98 109 848438 0 0 0
-3764 -6192 86 94 372390 0 0 0
-4216 -6224 93 98 402685 0 0 0
-4058 -5842 74 106 877776 0 0 0
-3713 -6125 72 116 962554 0 0 0
-3573 -5690 72 92 321361 0 0 0
-2859 -5812 121 80 617557 0 0 0
-3350 -5516 102 101 612124 0 0 0
-3724 -5131 82 84 876084 0 0 0
-4229 -4759 117 79 490995 0 0 0
-4746 -4087 77 90 429362 0 0 0
-4725 -3389 109 61 623993 0 0 0
-4545 -2767 111 75 411543 0 0 0
-4598 -2239 68 110 315134 0 0 0
-4727 -2596 83 100 262216 0 0 0
-5300 -2767 77 81 681460 0 0 0
-5006 -2799 88 90 525553 0 0 0
-4984 -2082 83 76 568115 0 0 0
-5282 -2176 68 101 447693 0 0 0
-4571 -2188 130 100 521350 0 0 0
-4464 -1454 93 113 690094 0 0 0
-1438 -2464 128 91 997459 0 0 0
-1666 -1880 78 117 412689 0 0 0
-1022 -2221 106 71 907320 0 0 0
-474 -1995 101 81 649338 0 0 0
-1045 -2426 109 94 867008 0 0 0
-901 -2471 128 72 597215 0 0 0
-216 -2175 123 75 801648 0 0 0
-458 -2013 91 100 562662 0 0 0
-747 -1805 118 99 709905 0 0 0
-539 -2211 104 112 335703 0 0 0
-1213 -2695 117 102 275441 0 0 0
-652 -2637 80 80 216993 0 0 0
-1367 -2220 121 76 306923 0 0 0
-2006 -1930 126 109 156731 0 0 0
-2415 -2257 103 99 828993 0 0 0
-2460 -2958 93 80 709929 0 0 0
-1973 -2938 74 95 281097 0 0 0
-2058 -3091 66 106 463388 0 0 0
-1354 -2572 102 96 813836 0 0 0
-1836 -3280 103 70 797624 0 0 0
-2425 -3700 90 110 247323 0 0 0
-2789 -3787 86 106 826479 0 0 0
-2394 -3788 118 86 387069 0 0 0
-2452 -3605 121 72 407516 0 0 0
-1739 -4343 116 63 426478 0 0 0
-1285 -4613 116 88 235693 0 0 0
-1673 -4169 98 98 676020 0 0 0
-244 -2273 129 95 203274 0 0 0
456 -2757 130 82 797218 0 0 0
645 -2105 119 70 877534 0 0 0
988 -2443 117 77 350992 0 0 0
1549 -2409 100 111 284167 0 0 0
929 -2321 98 82 610994 0 0 0
236 -2338 127 79 533943 0 0 0
198 -1817 79 85 396885 0 0 0
-32 -1280 90 67 161290 0 0 0
-745 -885 93 59 651283 0 0 0
-334 -1270 98 66 779631 0 0 0
97 -1133 110 98 943147 0 0 0
635 -420 107 116 637757 0 0 0
15 -59 116 112 755870 0 0 0
471 -190 124 90 940071 0 0 0
1053 -387 102 80 346359 0 0 0
1220 -131 83 84 293916 0 0 0
1840 -62 81 73 746937 0 0 0
1740 683 113 90 235589 0 0 0
1235 957 94 61 826771 0 0 0
686 1305 101 105 843761 0 0 0
1412 1959 71 79 716058 0 0 0
1217 2030 92 84 667738 0 0 0
1765 2461 78 72 351107 0 0 0
1425 3061 123 65 221541 0 0 0
1233 2697 111 74 650595 0 0 0
1329 3165 122 89 760283 0 0 0
1809 2827 90 101 348136 0 0 0
1800 2869 74 67 205311 0 0 0
2541 2905 100 74 932954 0 0 0
2404 2288 115 75 764352 0 0 0
2796 2506 116 73 280504 0 0 0
2358 2899 109 101 246471 0 0 0
2060 2191 93 79 359953 0 0 0
1897 2333 128 96 909392 0 0 0
2375 2967 87 76 984916 0 0 0
1113 -2632 88 75 838549 0 0 0
998 -1945 73 106 644223 0 0 0
1732 -1587 125 83 669876 0 0 0
1409 -2023 104 93 380808 0 0 0
1748 -1681 113 117 510417 0 0 0
1654 -1991 71 58 926325 0 0 0
1792 -2384 112 98 410332 0 0 0
1402 -1655 102 77 125677 0 0 0
1858 -1252 101 105 536493 0 0 0
1309 -1952 112 83 188566 0 0 0
2026 -1864 92 113 501568 0 0 0
2758 -2513 73 58 805847 0 0 0
2060 -2743 87 73 678111 0 0 0
2073 -2686 84 94 668874 0 0 0
2570 -2994 83 79 403406 0 0 0
3158 -2473 120 103 235133 0 0 0
3700 -2677 116 81 321475 0 0 0
2995 -2665 125 115 296814 0 0 0
2438 -2069 65 86 200794 0 0 0
2951 -1673 112 59 298328 0 0 0
2309 218 101 78 757238 0 0 0
1687 -413 124 109 776956 0 0 0
1879 130 66 99 840651 0 0 0
1814 167 105 90 909271 0 0 0
1828 376 83 95 223573 0 0 0
1837 96 122 65 343155 0 0 0
1323 157 70 96 994691 0 0 0
1294 -463 79 64 423235 0 0 0
1727 -330 78 93 305136 0 0 0
2111 -682 118 103 607268 0 0 0
2287 -219 75 83 634469 0 0 0
2333 -224 73 80 187181 0 0 0
2463 -255 77 68 492305 0 0 0
2385 483 93 89 371427 0 0 0
3085 903 126 96 471739 0 0 0
3380 415 119 85 308584 0 0 0
2720 219 84 71 787720 0 0 0
2677 -8 121 101 966192 0 0 0
3313 454 117 77 724342 0 0 0
3070 -138 72 89 989514 0 0 0
2366 113 72 64 349760 0 0 0
1868 79 94 59 372420 0 0 0
1561 193 74 85 504146 0 0 0
917 556 105 91 417507 0 0 0
1164 850 94 109 156408 0 0 0
1902 955 115 59 325107 0 0 0
1373 1307 81 90 838007 0 0 0
2698 -1271 107 94 576294 0 0 0
3326 -1035 128 89 165161 0 0 0
2904 -1108 66 112 421207 0 0 0
3193 -1741 81 112 433165 0 0 0
3706 -2375 78 107 705649 0 0 0
3332 -2978 128 110 871143 0 0 0
2993 -3271 96 72 638906 0 0 0
2746 -3201 114 89 341421 0 0 0
2825 -3194 106 76 371095 0 0 0
3536 -2658 114 114 659461 0 0 0
4069 -3139 125 84 655854 0 0 0
4717 -2470 119 70 613009 0 0 0
4704 -1890 129 108 333734 0 0 0
5173 -2571 91 90 760651 0 0 0
5723 -3096 105 66 181095 0 0 0
5489 -2813 85 61 279543 0 0 0
5839 -2928 130 71 230256 0 0 0
6454 -2779 98 68 418964 0 0 0
6174 -2490 101 88 955466 0 0 0
6684 -2596 86 74 613111 0 0 0
6417 -2340 77 73 499558 0 0 0
6393 -2450 100 62 437210 0 0 0
6332 -2791 116 72 763519 0 0 0
6521 -3273 122 108 792907 0 0 0
6484 -3145 102 105 658834 0 0 0
6077 -3500 69 66 530055 0 0 0
6745 -3130 120 97 637220 0 0 0
7126 -2398 68 116 912043 0 0 0
6953 -2480 80 97 140200 0 0 0
6860 -2917 91 112 301067 0 0 0
7588 -2406 121 117 708857 0 0 0
7807 -2109 112 112 398746 0 0 0
7262 -1611 125 68 714762 0 0 0
7153 -1119 120 92 869996 0 0 0
7034 -1468 86 87 820660 0 0 0
7096 -2108 66 81 824505 0 0 0
7219 -1568 75 58 955467 0 0 0
6665 -1693 85 93 303935 0 0 0
6899 -1586 99 67 725453 0 0 0
7141 -1910 86 117 162574 0 0 0
7387 -2493 123 102 978396 0 0 0
8088 -2250 127 61 716579 0 0 0
7522 -2611 75 63 489854 0 0 0
7101 -2964 105 69 962854 0 0 0
7287 -2542 69 96 752098 0 0 0
7196 -2451 73 59 688851 0 0 0
6906 -1779 109 58 447668 0 0 0
6293 -1279 116 86 935880 0 0 0
6634 -1127 98 86 730951 0 0 0
7096 -820 90 103 788459 0 0 0
7744 -910 123 94 981640 0 0 0
7897 -779 68 81 595956 0 0 0
7288 -811 102 66 887438 0 0 0
7407 -1517 76 77 458134 0 0 0
8017 -1408 113 91 188020 0 0 0
8292 -2043 122 78 265264 0 0 0
8112 -2758 70 83 666947 0 0 0
7590 -2822 102 98 238560 0 0 0
8191 -3103 102 110 143608 0 0 0
7889 -3692 129 66 908576 0 0 0
7644 -3615 89 89 955539 0 0 0
8394 -3002 128 84 793803 0 0 0
8757 -3502 114 117 377717 0 0 0
9060 -2925 74 105 717738 0 0 0
9498 -2208 128 82 775299 0 0 0
9773 -2880 90 70 790338 0 0 0
9696 -3548 67 112 202917 0 0 0
9505 -3249 125 71 501768 0 0 0
2312 2708 66 70 447927 0 0 0
2005 2970 119 83 312757 0 0 0
1989 2289 70 81 155231 0 0 0
1505 2984 127 105 459026 0 0 0
1344 2398 88 98 366235 0 0 0
641 1732 79 108 748063 0 0 0
150 1414 102 78 646057 0 0 0
-62 1013 108 82 189195 0 0 0
552 878 128 102 578607 0 0 0
-159 666 115 79 480609 0 0 0
-868 728 68 99 116615 0 0 0
-484 909 107 93 272974 0 0 0
-1232 344 66 89 591235 0 0 0
-1327 416 74 90 693660 0 0 0
-1619 350 72 113 270215 0 0 0
-916 -74 76 76 172907 0 0 0
-689 75 83 60 361907 0 0 0
-186 -266 103 96 563190 0 0 0
-391 -962 94 114 943640 0 0 0
272 -1306 90 116 127765 0 0 0
2804 521 119 96 762696 0 0 0
2494 1118 81 73 178365 0 0 0
2106 1558 116 76 794919 0 0 0
2630 2240 128 105 517694 0 0 0
2010 2287 78 101 430140 0 0 0
2685 3037 108 66 394644 0 0 0
2652 3367 112 109 848634 0 0 0
3314 3614 85 87 828364 0 0 0
3919 3645 107 76 688893 0 0 0
4458 3557 80 82 628540 0 0 0
4449 2836 108 76 113896 0 0 0
4439 3430 127 117 143431 0 0 0
4096 3477 92 74 386491 0 0 0
3899 3227 119 66 423690 0 0 0
4291 2860 106 113 932209 0 0 0
4344 3245 130 105 838597 0 0 0
4847 3712 86 107 894546 0 0 0
5326 4062 89 93 987540 0 0 0
4698 3485 98 78 102445 0 0 0
4531 3784 66 78 712051 0 0 0
5007 3632 81 112 746344 0 0 0
5025 3349 121 116 821372 0 0 0
5264 2962 93 80 869127 0 0 0
4768 3709 86 73 422500 0 0 0
4316 3930 121 105 238861 0 0 0
4979 3781 68 105 761066 0 0 0
4318 4138 78 116 399128 0 0 0
3659 3682 121 88 501440 0 0 0
2738 -2424 120 62 991858 0 0 0
3295 -2868 81 105 928163 0 0 0
3803 -2218 72 82 353790 0 0 0
3751 -1929 77 76 132077 0 0 0
4288 -2056 122 74 154235 0 0 0
4434 -2211 117 58 814692 0 0 0
5138 -1608 113 105 850397 0 0 0
5011 -2330 121 64 703013 0 0 0
4841 -1580 101 115 600448 0 0 0
4365 -1037 106 112 481804 0 0 0
4419 -1442 99 70 957350 0 0 0
3735 -1020 114 78 283395 0 0 0
3434 -1025 76 95 392664 0 0 0
3369 -410 79 66 167092 0 0 0
2872 -967 66 65 996580 0 0 0
3621 -673 110 106 399046 0 0 0
3825 -186 120 111 806059 0 0 0
4537 -447 129 108 763926 0 0 0
5209 -807 87 112 677743 0 0 0
4777 -865 95 96 432342 0 0 0
5366 -1085 107 90 958721 0 0 0
5382 -860 98 58 882219 0 0 0
4953 -136 118 63 763425 0 0 0
5032 308 107 69 239632 0 0 0
5696 -376 67 116 423313 0 0 0
5056 -432 65 72 630825 0 0 0
4702 -464 80 98 730885 0 0 0
4892 -628 111 115 720727 0 0 0
4216 -1355 78 58 118809 0 0 0
3932 -1832 65 101 405666 0 0 0
3928 -2196 65 102 806830 0 0 0
3577 -1542 114 117 967879 0 0 0
4018 -2234 88 90 775106 0 0 0
3619 -1908 104 95 823204 0 0 0
3000 -1509 74 71 805061 0 0 0
2705 -853 84 111 337453 0 0 0
3156 -204 110 111 401889 0 0 0
2669 231 105 105 248603 0 0 0
2689 958 106 103 321051 0 0 0
2257 1449 76 85 926877 0 0 0
2488 1222 104 93 403656 0 0 0
1959 1081 111 92 178050 0 0 0
2184 577 127 66 356171 0 0 0
2206 1025 122 86 384809 0 0 0
2487 314 115 102 507009 0 0 0
1829 538 130 97 542668 0 0 0
1087 893 89 89 803759 0 0 0
1091 1044 115 87 364206 0 0 0
573 1363 65 85 220593 0 0 0
382 1874 92 111 223563 0 0 0
988 2010 123 65 517988 0 0 0
770 2445 89 76 127284 0 0 0
1311 2230 88 91 607985 0 0 0
2017 2017 125 81 699475 0 0 0
1506 2331 117 65 523370 0 0 0
2181 1682 102 58 891267 0 0 0
1992 2132 67 96 268967 0 0 0
1958 1907 95 75 972888 0 0 0
2089 1761 91 60 228045 0 0 0
1931 1685 81 101 390247 0 0 0
1565 1811 100 80 556124 0 0 0
974 2345 88 62 409220 0 0 0
1469 2647 77 70 365112 0 0 0
1126 2279 120 84 979877 0 0 0
1107 1584 69 102 384177 0 0 0
1263 2304 130 65 412509 0 0 0
1628 1937 115 105 318197 0 0 0
1802 1235 68 104 913391 0 0 0
1260 507 103 106 748080 0 0 0
1961 1248 117 93 681441 0 0 0
2327 1074 70 117 330158 0 0 0
1937 838 125 58 138413 0 0 0
2287 912 87 94 127499 0 0 0
2875 782 118 59 810878 0 0 0
2536 110 109 95 417465 0 0 0
567 2416 124 100 380259 0 0 0
1156 2261 130 115 892547 0 0 0
854 2307 73 109 416261 0 0 0
1203 2116 99 102 463072 0 0 0
1527 1609 74 115 962568 0 0 0
2172 1082 96 63 347922 0 0 0
1449 924 108 112 708371 0 0 0
869 702 123 87 190726 0 0 0
1409 -12 91 96 642008 0 0 0
956 326 70 79 186144 0 0 0
462 -408 127 59 757722 0 0 0
706 -229 73 65 347512 0 0 0
1115 -950 113 101 500796 0 0 0
825 -1649 111 90 913012 0 0 0
297 -2029 74 86 641050 0 0 0
42 -2401 102 90 273539 0 0 0
201 -2508 129 69 576876 0 0 0
-439 -2271 118 67 574841 0 0 0
261 -2893 70 108 968413 0 0 0
465 -2196 126 99 914715 0 0 0
668 -1773 89 77 970097 0 0 0
1124 -2178 75 97 930360 0 0 0
1616 -2832 118 115 997473 0 0 0
2342 -2170 114 63 257157 0 0 0
2858 -1509 73 64 730007 0 0 0
2399 -1426 112 70 969036 0 0 0
1839 -784 102 107 941557 0 0 0
1969 -527 94 90 760316 0 0 0
2136 -145 115 78 231839 0 0 0
1917 -187 97 98 130742 0 0 0
2660 302 103 75 701068 0 0 0
3397 574 69 105 652053 0 0 0
2859 688 128 111 666935 0 0 0
2645 103 67 81 986430 0 0 0
2485 645 103 65 347383 0 0 0
3047 -102 100 115 769867 0 0 0
2719 -174 129 110 918105 0 0 0
2408 172 111 62 837667 0 0 0
2246 891 115 71 541817 0 0 0
2863 324 106 97 270688 0 0 0
2300 515 66 59 912161 0 0 0
2405 926 82 113 757238 0 0 0
2564 468 80 108 775295 0 0 0
-764 2172 67 102 694011 0 0 0
-245 2648 105 75 110930 0 0 0
-960 2900 125 107 406465 0 0 0
-1257 3316 119 63 347467 0 0 0
-1443 2858 96 90 195445 0 0 0
-1590 2611 121 101 834351 0 0 0
-923 2040 76 63 389242 0 0 0
-582 2032 103 92 395991 0 0 0
-946 2114 126 101 595521 0 0 0
-1400 2684 98 85 212577 0 0 0
-938 2801 127 86 308276 0 0 0
-502 3507 130 96 166112 0 0 0
-323 3551 115 83 468083 0 0 0
-567 3939 109 115 953697 0 0 0
-782 4187 103 117 566304 0 0 0
-1423 4588 113 92 425603 0 0 0
-2064 4652 86 98 792288 0 0 0
-1718 4146 97 82 582319 0 0 0
-997 4455 105 114 146539 0 0 0
-556 3707 77 83 677769 0 0 0
47 4048 124 111 100850 0 0 0
594 4297 114 65 105639 0 0 0
961 3676 84 63 733313 0 0 0
-293 2026 101 75 537449 0 0 0
346 2725 126 68 844757 0 0 0
836 3366 89 95 555899 0 0 0
939 3945 68 60 601924 0 0 0
241 4244 104 93 148609 0 0 0
-120 4871 118 58 130410 0 0 0
-454 4376 113 112 555643 0 0 0
-1135 4442 66 61 323286 0 0 0
-403 4201 114 71 342101 0 0 0
-302 4463 85 64 645517 0 0 0
-239 4334 94 58 290897 0 0 0
-451 3967 103 110 869069 0 0 0
-455 3479 113 87 856531 0 0 0
-1069 4090 128 88 688259 0 0 0
-1283 4087 101 81 781557 0 0 0
-1586 4479 74 65 205822 0 0 0
-1584 4284 121 117 109048 0 0 0
-2029 4569 74 100 518719 0 0 0
-2402 4909 72 79 913187 0 0 0
-2487 5553 120 95 699917 0 0 0
-2211 5754 127 72 991439 0 0 0
-1767 5321 111 115 904828 0 0 0
-1054 5205 121 95 197371 0 0 0
-732 5806 110 89 264057 0 0 0
-368 5555 67 80 994065 0 0 0
-925 5465 91 99 766785 0 0 0
-273 4753 127 102 272318 0 0 0
-548 4550 86 100 941542 0 0 0
-58 4716 120 80 529710 0 0 0
944 -959 130 113 717264 0 0 0
1522 -253 79 66 108759 0 0 0
1088 -804 103 110 998858 0 0 0
752 -1300 69 64 179116 0 0 0
33 -979 109 73 800526 0 0 0
559 -838 125 63 605997 0 0 0
331 -142 110 114 654147 0 0 0
499 -579 80 108 394994 0 0 0
138 -254 92 69 849601 0 0 0
-387 -122 104 61 929949 0 0 0
310 -306 95 114 147924 0 0 0
224 79 66 78 615952 0 0 0
144 48 119 113 342533 0 0 0
648 69 92 72 456999 0 0 0
-46 8 72 64 203624 0 0 0
-794 -228 109 68 332801 0 0 0
-587 331 109 99 483376 0 0 0
-902 536 109 92 248780 0 0 0
-1354 1192 84 105 517564 0 0 0
-606 824 105 110 163761 0 0 0
-672 1571 72 58 489167 0 0 0
-184 2031 71 70 443496 0 0 0
-161 1436 87 90 606456 0 0 0
-55 1921 118 61 421571 0 0 0
-98 1850 81 107 739253 0 0 0
537 1966 88 96 789470 0 0 0
290 1288 130 61 872719 0 0 0
-390 1705 69 106 401415 0 0 0
-190 1798 106 97 879517 0 0 0
-387 2281 102 101 439202 0 0 0
-1107 1820 126 116 321963 0 0 0
-1607 1862 120 83 915424 0 0 0
-1478 1656 99 104 699432 0 0 0
-768 2257 117 114 495019 0 0 0
-1143 2101 123 116 319186 0 0 0
-927 2148 75 68 873568 0 0 0
-1337 1953 121 99 421237 0 0 0
-1786 2686 98 85 776644 0 0 0
1748 -1919 111 81 777060 0 0 0
2159 -1972 96 104 474281 0 0 0
2807 -1416 98 108 481228 0 0 0
2682 -1767 98 96 310571 0 0 0
3420 -2102 68 105 466266 0 0 0
3464 -2317 87 66 724329 0 0 0
4051 -1727 91 95 317255 0 0 0
3954 -2424 99 79 256146 0 0 0
3310 -2563 69 79 521517 0 0 0
3051 -2342 69 113 762801 0 0 0
3530 -2525 86 103 767686 0 0 0
3165 -2614 72 114 535139 0 0 0
3344 -3116 92 95 897712 0 0 0
4042 -3109 92 59 449860 0 0 0
3630 -3653 89 93 699640 0 0 0
4349 -3951 104 64 916869 0 0 0
4009 -4044 101 93 646116 0 0 0
3607 -4630 96 116 395621 0 0 0
3528 -4451 66 108 937179 0 0 0
3554 -4891 70 97 868249 0 0 0
3632 -4316 130 71 721063 0 0 0
4337 -4512 87 114 438346 0 0 0
4587 -3986 103 93 229927 0 0 0
4606 -3826 80 71 848831 0 0 0
5131 -3459 116 90 247981 0 0 0
5316 -3492 110 59 510098 0 0 0
6001 -3125 86 89 415100 0 0 0
5341 -2928 69 106 767084 0 0 0
5848 -3040 97 93 580891 0 0 0
6209 -3428 130 58 418257 0 0 0
6771 -3795 89 97 478526 0 0 0
7509 -4289 100 90 819649 0 0 0
7613 -3809 80 91 663958 0 0 0
7594 -4548 91 71 605022 0 0 0
8002 -4563 97 84 737661 0 0 0
7366 -4438 98 72 323036 0 0 0
7419 -4527 105 93 403191 0 0 0
7151 -4737 89 74 795673 0 0 0
6780 -4460 106 105 303959 0 0 0
7158 -4619 101 69 613437 0 0 0
7773 -4076 81 68 133464 0 0 0
8238 -4088 75 116 881644 0 0 0
8930 -4534 90 101 107145 0 0 0
9584 -4522 99 109 182733 0 0 0
10208 -4879 95 58 182443 0 0 0
9495 -5539 93 59 756796 0 0 0
8843 -4911 80 103 304420 0 0 0
8672 -5310 117 99 983053 0 0 0
8840 -5672 79 71 621352 0 0 0
8908 -6122 111 58 634614 0 0 0
9492 -5589 89 99 574958 0 0 0
10064 -5639 89 61 126610 0 0 0
10329 -6381 77 71 882666 0 0 0
10054 -6212 110 58 810917 0 0 0
9519 -6165 80 95 969627 0 0 0
9076 -6806 79 79 760880 0 0 0
8859 -6736 124 90 402957 0 0 0
8329 -7338 97 114 160295 0 0 0
9047 -7799 90 79 192268 0 0 0
9444 -7513 84 101 968349 0 0 0
10184 -7220 117 96 878227 0 0 0
10336 -7868 81 106 921470 0 0 0
10551 -7153 115 84 441063 0 0 0
10922 -6758 125 87 304170 0 0 0
11067 -6163 72 68 160291 0 0 0
11503 -5652 112 79 697816 0 0 0
11524 -5756 66 59 318722 0 0 0
12052 -5988 96 64 661683 0 0 0
12626 -5686 94 116 464349 0 0 0
12807 -5914 80 104 650033 0 0 0
12681 -5970 94 59 484383 0 0 0
12840 -6037 106 91 144740 0 0 0
12461 -5682 67 71 544031 0 0 0
11818 -5049 120 82 376774 0 0 0
11846 -5789 119 74 790366 0 0 0
12572 -6039 67 69 377534 0 0 0
12414 -5312 71 58 692636 0 0 0
12981 -5107 83 75 742734 0 0 0
13704 -5094 110 99 474173 0 0 0
13168 -5683 111 69 331608 0 0 0
13743 -4993 80 113 729362 0 0 0
13996 -4836 93 79 495189 0 0 0
14317 -4499 103 110 657513 0 0 0
14197 -3839 105 64 144608 0 0 0
13594 -4164 126 106 353379 0 0 0
14092 -4076 119 63 697747 0 0 0
13525 -4000 90 63 104168 0 0 0
13839 -3398 66 65 838162 0 0 0
13888 -4094 89 87 108680 0 0 0
14262 -3529 79 59 113617 0 0 0
14437 -2931 123 116 432838 0 0 0
13715 -3474 102 71 489953 0 0 0
14439 -4017 73 75 801848 0 0 0
13874 -3924 110 74 734131 0 0 0
14178 -3664 79 59 720338 0 0 0
14488 -4310 89 105 748963 0 0 0
14840 -4415 116 77 587683 0 0 0
15068 -3788 129 70 886935 0 0 0
15697 -4000 104 68 444114 0 0 0
15095 -3252 90 94 178231 0 0 0
15802 -2597 80 78 613277 0 0 0
15102 -3087 110 104 811979 0 0 0
15154 -2785 89 86 785132 0 0 0
15759 -2874 87 113 363160 0 0 0
16185 -3138 82 94 824593 0 0 0
16021 -2625 114 78 908915 0 0 0
16753 -2704 84 85 362526 0 0 0
16827 -2512 87 91 658137 0 0 0
16280 -1885 72 63 105667 0 0 0
16396 -2226 106 61 590106 0 0 0
16881 -2280 67 80 924749 0 0 0
-2957 1589 92 103 767960 0 0 0
-3176 2234 68 105 153489 0 0 0
-3471 2603 94 66 889997 0 0 0
-2792 2313 102 64 532421 0 0 0
-2895 2474 67 107 667061 0 0 0
-3496 2922 88 99 306306 0 0 0
-3601 3069 81 111 640226 0 0 0
-4041 3059 95 103 497275 0 0 0
-3686 2341 123 116 876680 0 0 0
-3293 1890 101 71 719320 0 0 0
-2699 2209 100 115 166267 0 0 0
-2689 2127 97 112 207553 0 0 0
-2635 1825 107 75 374164 0 0 0
-2578 1458 109 99 804058 0 0 0
-2615 1150 69 72 524528 0 0 0
-3125 775 99 98 868324 0 0 0
-2970 347 73 74 205442 0 0 0
-2473 -9 77 105 833757 0 0 0
-1831 -57 77 84 589831 0 0 0
-1099 -772 97 106 937759 0 0 0
-1407 -1444 105 98 323726 0 0 0
-1836 -2080 129 117 208728 0 0 0
-2349 -2188 93 70 793556 0 0 0
-2857 -2854 97 105 654301 0 0 0
-3391 -3596 74 60 368776 0 0 0
-3484 -3607 83 63 915908 0 0 0
-3275 -4177 130 106 704416 0 0 0
-3694 -4229 65 110 792992 0 0 0
-4415 -4499 114 86 884986 0 0 0
-3832 -4144 126 63 871232 0 0 0
-3967 -4182 74 110 821794 0 0 0
-3784 -3641 66 112 252664 0 0 0
-3249 -3754 109 61 428482 0 0 0
-3980 -3619 99 108 338842 0 0 0
-3777 -4153 80 90 248652 0 0 0
-4405 -3873 105 104 306846 0 0 0
-4009 -3690 72 103 270168 0 0 0
-3792 -3687 124 64 294516 0 0 0
-3345 -3064 69 99 611052 0 0 0
-3748 -3486 80 88 296087 0 0 0
-3675 -2834 125 103 841849 0 0 0
-3063 -2780 106 111 893904 0 0 0
-2785 -3265 104 106 584689 0 0 0
-2929 -3082 81 88 912553 0 0 0
-2324 -3153 69 60 772989 0 0 0
-1982 -3354 71 85 796956 0 0 0
-2449 -2697 98 83 285004 0 0 0
-2510 -2975 117 90 228094 0 0 0
-1820 -3543 106 95 708020 0 0 0
-1247 -3291 124 104 985001 0 0 0
-636 -3893 72 81 549380 0 0 0
20 -3668 94 95 367595 0 0 0
181 -4169 128 70 390804 0 0 0
-119 -4669 98 112 691259 0 0 0
-721 -5235 82 73 858696 0 0 0
-359 -5125 128 113 793356 0 0 0
-480 -5230 86 106 473029 0 0 0
-577 -4921 91 94 349370 0 0 0
-1029 -5200 113 107 419445 0 0 0
-1488 -4941 79 74 373692 0 0 0
-1797 -4666 110 58 873273 0 0 0
-1269 -4502 113 87 931179 0 0 0
-1488 -4006 82 114 752031 0 0 0
-308 2126 82 62 926814 0 0 0
-831 2143 105 95 306245 0 0 0
-388 1499 94 81 304509 0 0 0
-438 1634 127 111 342366 0 0 0
-651 1156 110 73 265283 0 0 0
-805 579 128 114 509331 0 0 0
-284 556 118 61 890836 0 0 0
252 339 91 62 580099 0 0 0
147 156 65 71 183003 0 0 0
701 -90 117 116 868557 0 0 0
157 147 112 70 297702 0 0 0
458 -385 68 81 722126 0 0 0
996 153 116 59 514292 0 0 0
1294 -340 101 115 115299 0 0 0
583 -429 78 63 840606 0 0 0
-121 -424 129 85 355363 0 0 0
-154 -658 116 66 814172 0 0 0
-828 -444 69 91 464435 0 0 0
-461 -1051 128 104 668861 0 0 0
94 -1040 88 73 309568 0 0 0
-12 -802 69 112 910488 0 0 0
234 -997 97 111 932491 0 0 0
847 -1450 86 108 739719 0 0 0
305 -1074 99 58 482220 0 0 0
477 -1429 95 71 903019 0 0 0
689 -1730 83 93 342191 0 0 0
982 -1169 122 75 220085 0 0 0
1682 -1230 128 73 561103 0 0 0
2362 -1603 119 61 298123 0 0 0
2445 -1892 82 79 220548 0 0 0
1779 -2082 95 95 573245 0 0 0
1681 -2337 114 103 629624 0 0 0
2083 -1985 111 73 157227 0 0 0
2654 -1827 100 116 609277 0 0 0
2731 -1106 69 93 543435 0 0 0
2730 -746 122 111 722122 0 0 0
3307 -1381 129 101 698359 0 0 0
1390 2438 84 88 822738 0 0 0
1388 2739 113 96 859979 0 0 0
1348 2446 65 84 361801 0 0 0
1013 2932 90 87 492082 0 0 0
1701 2741 80 114 832450 0 0 0
1493 3216 116 72 879738 0 0 0
1445 2870 117 95 931526 0 0 0
840 3387 124 64 942335 0 0 0
444 3915 80 85 780384 0 0 0
561 3213 94 113 753399 0 0 0
60 3292 114 87 837587 0 0 0
452 3281 100 90 205445 0 0 0
1065 2602 121 72 278961 0 0 0
800 2353 75 73 184940 0 0 0
1400 2916 82 113 511697 0 0 0
674 2756 106 81 393412 0 0 0
13 2735 70 103 949859 0 0 0
-65 3161 100 72 426751 0 0 0
-463 2839 96 73 627172 0 0 0
-158 2910 70 74 910054 0 0 0
-194 2948 92 114 493221 0 0 0
46 3026 117 96 827315 0 0 0
508 3193 83 104 984950 0 0 0
818 2646 111 82 995670 0 0 0
451 3047 115 85 286163 0 0 0
798 3189 102 84 824248 0 0 0
1226 3295 129 104 433037 0 0 0
539 3257 106 68 901582 0 0 0
-518 1909 124 91 437824 0 0 0
-1223 1332 98 65 576883 0 0 0
-1366 951 103 61 845926 0 0 0
-1089 774 111 78 767304 0 0 0
-1469 619 123 105 242250 0 0 0
-814 187 72 100 648922 0 0 0
-846 628 91 101 583628 0 0 0
-842 688 114 89 186569 0 0 0
-434 1133 127 70 982488 0 0 0
-18 1465 87 71 923965 0 0 0
-559 1789 111 88 728681 0 0 0
-311 1960 76 66 303367 0 0 0
-111 2364 124 94 856388 0 0 0
465 1861 80 114 757712 0 0 0
748 1262 86 61 153683 0 0 0
908 1354 86 100 667531 0 0 0
388 1018 97 110 356709 0 0 0
302 1331 87 87 900005 0 0 0
289 783 95 59 779369 0 0 0
351 1240 114 103 258432 0 0 0
2646 -1460 112 103 379206 0 0 0
3235 -1611 103 95 999587 0 0 0
3758 -1898 106 101 875124 0 0 0
4093 -2632 93 99 961463 0 0 0
3900 -1984 96 69 738715 0 0 0
3687 -1365 85 58 636660 0 0 0
3360 -989 96 90 184929 0 0 0
2821 -1701 99 80 542386 0 0 0
2454 -1098 106 70 976075 0 0 0
2664 -1166 68 104 153776 0 0 0
2812 -1056 125 72 667924 0 0 0
3423 -497 76 84 641227 0 0 0
3173 -653 109 84 409922 0 0 0
2963 -891 66 74 691769 0 0 0
3082 -1557 66 78 325346 0 0 0
2763 -1563 128 69 379680 0 0 0
3249 -1462 102 75 192977 0 0 0
3870 -1741 97 78 201890 0 0 0
3386 -2301 73 73 647379 0 0 0
3992 -2152 121 64 471652 0 0 0
3460 -1725 116 106 943137 0 0 0
3817 -2382 123 76 176540 0 0 0
3902 -2205 96 105 250624 0 0 0
4306 -1987 73 90 232084 0 0 0
3878 -1426 77 92 336314 0 0 0
4017 -1020 101 60 392276 0 0 0
4229 -1224 100 91 502336 0 0 0
4228 -1199 125 89 656172 0 0 0
3802 -725 82 87 309095 0 0 0
4307 -572 112 70 414350 0 0 0
4321 -1295 108 97 180561 0 0 0
5024 -1395 75 101 764087 0 0 0
5399 -942 81 69 352638 0 0 0
5501 -318 70 102 339455 0 0 0
4787 -249 82 85 989885 0 0 0
4591 -276 71 93 995494 0 0 0
5035 -544 87 94 893443 0 0 0
4997 -968 78 115 971091 0 0 0
4317 -1016 105 114 256084 0 0 0
3697 -763 116 76 393884 0 0 0
4221 -776 127 110 636948 0 0 0
4086 -143 70 70 569091 0 0 0
3657 42 99 80 999990 0 0 0
3363 -41 105 109 258517 0 0 0
4050 -633 69 83 717671 0 0 0
3673 -218 92 78 536394 0 0 0
4417 -630 117 66 505711 0 0 0
3958 -121 103 91 181454 0 0 0
4483 -208 102 96 168186 0 0 0
4378 -741 71 76 618642 0 0 0
4054 -241 72 65 114463 0 0 0
4094 -331 100 91 978750 0 0 0
4074 -274 118 65 992900 0 0 0
-1626 1701 108 77 581547 0 0 0
-943 1744 107 62 918650 0 0 0
-1358 1162 84 108 169453 0 0 0
-921 1499 101 99 537446 0 0 0
-615 1867 117 100 509094 0 0 0
-329 1900 104 95 785831 0 0 0
-72 2026 120 61 761052 0 0 0
316 1640 124 58 558050 0 0 0
458 1184 74 62 215976 0 0 0
298 1638 76 107 981410 0 0 0
353 1257 130 59 916427 0 0 0
825 879 129 75 186965 0 0 0
935 1007 113 97 174458 0 0 0
1113 807 129 63 324813 0 0 0
1353 113 75 110 314781 0 0 0
1345 141 66 59 750525 0 0 0
694 135 126 103 388663 0 0 0
1395 633 90 105 269277 0 0 0
2073 108 94 102 694522 0 0 0
1714 469 110 67 417001 0 0 0
1786 137 91 113 456294 0 0 0
2499 -538 113 97 406113 0 0 0
2711 -812 120 60 525717 0 0 0
2744 -995 102 61 722515 0 0 0
3412 -1402 112 96 763824 0 0 0
3534 -960 110 62 540586 0 0 0
4063 -1420 123 65 568434 0 0 0
3351 -880 86 64 305473 0 0 0
2943 -653 88 116 325837 0 0 0
3117 -911 84 73 240265 0 0 0
2706 -1420 101 60 123582 0 0 0
3111 -1097 90 61 753811 0 0 0
3018 -1765 66 116 141382 0 0 0
2832 -2498 100 68 665879 0 0 0
3488 -2591 66 78 482563 0 0 0
3604 -2109 99 66 621023 0 0 0
3011 -2180 111 110 740879 0 0 0
2559 -2909 108 115 400883 0 0 0
1777 2918 79 97 298000 0 0 0
1411 2981 103 90 884370 0 0 0
2114 3586 72 93 286793 0 0 0
2073 4212 84 76 127000 0 0 0
1493 3668 111 58 464970 0 0 0
907 3187 120 61 168739 0 0 0
210 2664 129 88 728326 0 0 0
-493 2984 73 117 179152 0 0 0
-151 3235 78 96 593319 0 0 0
-647 3324 76 84 388178 0 0 0
-48 3102 72 89 927617 0 0 0
672 3009 80 65 770227 0 0 0
749 2391 106 95 297288 0 0 0
368 1730 89 70 939299 0 0 0
491 1472 117 89 423523 0 0 0
1200 1402 121 64 853503 0 0 0
1757 1875 77 109 130896 0 0 0
1205 1260 69 109 266256 0 0 0
1291 1113 75 104 454703 0 0 0
1088 1639 94 64 189367 0 0 0
1094 1900 68 59 114793 0 0 0
1816 1717 95 104 234719 0 0 0
2367 1773 91 94 784992 0 0 0
2725 2131 111 103 249529 0 0 0
2500 2121 103 66 538583 0 0 0
1826 2753 101 114 841652 0 0 0
1776 3321 71 117 718479 0 0 0
1765 3591 70 99 126486 0 0 0
1168 3651 107 58 401720 0 0 0
1238 4009 66 109 215747 0 0 0
526 4662 128 61 845757 0 0 0
582 4909 76 66 803716 0 0 0
296 4383 96 77 890336 0 0 0
347 4261 81 92 753304 0 0 0
-139 4942 71 77 309321 0 0 0
-132 5503 116 82 224728 0 0 0
37 6234 99 91 181585 0 0 0
-229 5947 109 104 453082 0 0 0
-740 5304 100 104 398981 0 0 0
-259 4848 70 71 448468 0 0 0
-720 -1030 96 62 767246 0 0 0
-884 -978 114 80 837925 0 0 0
-1106 -687 78 63 617746 0 0 0
-985 -421 78 71 333339 0 0 0
-1480 -176 77 64 716655 0 0 0
-2073 159 83 102 667219 0 0 0
-1969 75 90 74 987585 0 0 0
-1234 408 116 86 461844 0 0 0
-1226 -189 126 89 813130 0 0 0
-665 -284 117 108 639121 0 0 0
-157 -612 114 108 808766 0 0 0
-689 -1330 101 67 406382 0 0 0
-547 -1781 96 88 808179 0 0 0
-151 -1073 94 66 306853 0 0 0
-345 -1749 97 63 878886 0 0 0
383 -2136 97 113 872336 0 0 0
-40 -2873 103 64 525991 0 0 0
-756 -3339 86 113 329444 0 0 0
-1383 -3976 95 109 831246 0 0 0
-1756 -4287 128 105 289408 0 0 0
-1291 -4659 102 84 531938 0 0 0
-848 -5216 128 102 751539 0 0 0
-205 -5627 80 112 648417 0 0 0
532 -5730 119 84 889948 0 0 0
212 -5176 117 82 786620 0 0 0
-305 -5035 92 86 590415 0 0 0
-742 -4813 66 93 256435 0 0 0
-1202 -4378 88 64 815447 0 0 0
-981 -3742 83 65 809031 0 0 0
-644 -3946 67 65 628435 0 0 0
-478 -4592 112 110 819825 0 0 0
-973 -4187 98 68 299508 0 0 0
-1354 -4087 77 80 519161 0 0 0
-1814 -4084 124 62 706927 0 0 0
-2308 -3381 127 61 122464 0 0 0
-1706 -3937 116 109 100700 0 0 0
-2418 -3812 129 67 333313 0 0 0
-2003 -3315 99 66 501461 0 0 0
-2131 -3963 103 60 337190 0 0 0
-1670 -3894 117 80 783451 0 0 0
-1022 -3683 127 96 971801 0 0 0
-1748 -4391 118 99 259318 0 0 0
-1491 -3723 81 72 423926 0 0 0
-2385 1611 80 77 793070 0 0 0
-2376 1596 117 69 955091 0 0 0
-2072 2158 92 78 194143 0 0 0
-2438 1727 87 89 341299 0 0 0
-1856 2074 71 73 413646 0 0 0
-1343 1678 119 79 688471 0 0 0
-1954 2229 102 83 734254 0 0 0
-2033 2391 94 106 851066 0 0 0
-1985 2238 111 96 469419 0 0 0
-1384 1963 82 89 955546 0 0 0
-1410 2565 113 92 919031 0 0 0
-1675 3167 83 106 758389 0 0 0
-2356 3885 65 114 847905 0 0 0
-2773 3757 79 79 494185 0 0 0
-3394 4297 106 84 345312 0 0 0
-2776 3634 129 73 752044 0 0 0
-3337 3320 98 96 315736 0 0 0
-4038 3105 69 77 804084 0 0 0
-4308 3740 118 71 244537 0 0 0
-3767 3820 69 103 868521 0 0 0
-4233 4329 94 86 172915 0 0 0
-3699 4804 130 93 564889 0 0 0
-4084 4564 127 107 242295 0 0 0
-3790 4300 121 97 995917 0 0 0
-3936 4409 96 102 426905 0 0 0
-4272 4862 72 72 973259 0 0 0
-4101 4912 108 90 784177 0 0 0
-3959 4873 118 90 197065 0 0 0
-3501 5272 125 70 327265 0 0 0
-3789 4982 87 97 176771 0 0 0
-3800 4567 117 65 755552 0 0 0
-4050 4426 98 80 352429 0 0 0
-3834 4079 103 62 614144 0 0 0
-3112 4072 90 76 684252 0 0 0
-2914 3658 76 96 939638 0 0 0
-3188 4235 114 109 549404 0 0 0
-3125 4823 93 73 391813 0 0 0
-3060 5219 105 99 801708 0 0 0
-3090 5504 69 102 613409 0 0 0
-3754 5270 71 74 669569 0 0 0
-4349 5336 91 66 564296 0 0 0
-3641 4853 91 100 768336 0 0 0
-3987 5246 94 85 484099 0 0 0
-3714 4852 90 81 900289 0 0 0
-3358 5376 95 70 682630 0 0 0
-2782 4899 88 93 882293 0 0 0
-3159 4880 112 65 190018 0 0 0
-3896 4665 113 80 502823 0 0 0
-4560 4568 98 61 387140 0 0 0
-4097 4113 116 84 957691 0 0 0
-3609 3877 102 88 489961 0 0 0
-4137 3655 93 106 529832 0 0 0
-4595 3907 109 88 901266 0 0 0
-4528 3576 123 105 624067 0 0 0
-4424 4281 117 69 490139 0 0 0
-4831 3639 81 85 958700 0 0 0
-4377 3559 74 65 700164 0 0 0
-3988 3251 111 68 310001 0 0 0
-4319 2953 79 64 454761 0 0 0
-4076 2276 114 101 451219 0 0 0
-3539 2208 73 109 763653 0 0 0
-3754 2621 91 79 346781 0 0 0
-3399 2730 117 78 515478 0 0 0
-3272 3034 85 101 491644 0 0 0
-2771 2518 126 83 109410 0 0 0
-3417 3130 122 103 280419 0 0 0
-2959 2923 125 67 786468 0 0 0
-2955 3613 105 66 692706 0 0 0
-3384 2901 106 89 232502 0 0 0
-3236 2493 128 58 763448 0 0 0
-2667 3001 65 80 271424 0 0 0
-2380 3381 77 81 653467 0 0 0
-1708 2947 108 89 240235 0 0 0
-1526 3405 126 90 649080 0 0 0
-1235 3826 102 85 911258 0 0 0
-683 3934 122 77 395482 0 0 0
-742 4133 101 74 860364 0 0 0
-1133 4257 74 69 278152 0 0 0
-1503 3572 82 115 168809 0 0 0
-1982 3906 98 64 215225 0 0 0
-1838 3761 81 65 672973 0 0 0
-1325 3094 127 88 820642 0 0 0
-828 3801 104 115 983941 0 0 0
-857 3285 72 60 514513 0 0 0
-806 2692 108 93 546495 0 0 0
-866 2406 103 108 859802 0 0 0
-272 2772 82 113 480253 0 0 0
-2657 550 79 76 377784 0 0 0
-2824 -131 129 86 387594 0 0 0
-2970 189 106 71 497623 0 0 0
-3565 137 121 85 824356 0 0 0
-4228 622 69 58 338310 0 0 0
-3754 477 96 117 377961 0 0 0
-4499 -85 73 59 753690 0 0 0
-5020 418 69 109 542190 0 0 0
1940 -2909 90 87 840270 0 0 0
2607 -2523 80 81 873660 0 0 0
2483 -2384 104 88 369655 0 0 0
2671 -2895 101 112 353367 0 0 0
1970 -2456 119 88 203413 0 0 0
2068 -2679 127 106 590115 0 0 0
1418 -2579 120 105 368723 0 0 0
2002 -2291 128 58 376982 0 0 0
2458 -1559 128 87 170828 0 0 0
2542 -1011 66 117 898498 0 0 0
1896 -1019 98 85 717356 0 0 0
2029 -642 89 117 601309 0 0 0
2191 -1315 122 96 574931 0 0 0
2493 -1185 112 59 924187 0 0 0
2536 -466 81 88 608674 0 0 0
2261 -1015 115 58 498837 0 0 0
2989 -1002 125 109 957437 0 0 0
2504 -1150 84 114 467345 0 0 0
1955 -1364 75 108 628757 0 0 0
2524 -933 118 76 761674 0 0 0
2483 -1473 98 116 678769 0 0 0
2249 -2217 119 64 836350 0 0 0
2365 -1835 65 73 165197 0 0 0
2198 -2385 79 79 256827 0 0 0
1590 -2678 111 107 219249 0 0 0
1241 -2103 71 84 212433 0 0 0
970 -2750 126 112 145459 0 0 0
725 -2806 113 81 436559 0 0 0
567 -2836 113 60 374998 0 0 0
1179 -3437 85 97 441518 0 0 0
1152 -4162 70 77 600801 0 0 0
667 -4100 87 62 217943 0 0 0
230 -4826 116 114 226809 0 0 0
910 -4366 92 113 284879 0 0 0
775 -4167 97 73 783385 0 0 0
213 -4522 82 97 139944 0 0 0
145 -4203 112 67 929032 0 0 0
611 -3649 74 91 242690 0 0 0
805 -4284 120 111 939969 0 0 0
160 -3567 86 100 231450 0 0 0
183 -4211 101 105 803529 0 0 0
155 -4526 85 92 586264 0 0 0
256 -4310 70 78 987316 0 0 0
142 -4169 75 95 214400 0 0 0
881 -4259 99 69 632751 0 0 0
524 -3813 73 75 317237 0 0 0
1123 -4285 91 59 211128 0 0 0
661 -4616 92 111 621253 0 0 0
45 -4499 115 110 749056 0 0 0
262 -4346 82 60 369215 0 0 0
661 -4251 73 69 864723 0 0 0
1093 -4519 113 91 912018 0 0 0
1310 -4637 69 99 603228 0 0 0
1579 -4241 67 103 450123 0 0 0
1360 -4273 90 87 475126 0 0 0
1642 -3830 100 101 481022 0 0 0
1961 -3926 95 107 876571 0 0 0
1845 -4605 112 71 716723 0 0 0
1366 -4774 128 81 230772 0 0 0
2016 -4989 68 91 682051 0 0 0
2735 -5280 78 92 752073 0 0 0
364 -1184 94 77 583151 0 0 0
141 -1809 107 88 623173 0 0 0
828 -1490 119 104 968439 0 0 0
1158 -1119 105 60 544455 0 0 0
1059 -1154 76 68 190678 0 0 0
505 -1299 85 75 628114 0 0 0
303 -2035 77 86 657325 0 0 0
231 -2180 103 58 799186 0 0 0
-52 -2113 70 117 908006 0 0 0
-565 -2590 79 114 502575 0 0 0
-1281 -2126 77 94 873596 0 0 0
-667 -2407 98 94 658590 0 0 0
-1067 -2037 83 58 316106 0 0 0
-1619 -2605 124 69 986478 0 0 0
-2273 -2279 129 107 619492 0 0 0
-2509 -1776 109 103 103194 0 0 0
-1790 -1264 66 70 642582 0 0 0
-2440 -657 119 75 895766 0 0 0
-1786 -42 115 93 445789 0 0 0
-2164 -656 105 91 349507 0 0 0
-2669 -1171 76 113 943430 0 0 0
-2031 -1860 89 58 945821 0 0 0
-1956 -2167 124 110 947263 0 0 0
-1403 -2597 85 68 915325 0 0 0
-1760 -2070 90 81 195425 0 0 0
-2068 -2058 95 108 355905 0 0 0
-2658 -2467 121 78 917505 0 0 0
-2554 -2258 81 117 973984 0 0 0
-2256 -2682 71 95 152252 0 0 0
780 1521 98 76 631842 0 0 0
366 1906 88 70 429410 0 0 0
856 2522 68 114 351441 0 0 0
427 2104 88 92 637722 0 0 0
596 2098 87 77 689407 0 0 0
678 2753 105 106 705667 0 0 0
1361 2942 126 93 104653 0 0 0
1971 2612 122 77 164393 0 0 0
2679 1980 113 63 650010 0 0 0
2872 2067 94 83 218165 0 0 0
3091 2729 94 101 866429 0 0 0
3475 2404 112 58 537819 0 0 0
3855 2647 100 61 342141 0 0 0
3250 3158 78 92 893752 0 0 0
2614 3730 91 93 973566 0 0 0
3229 3202 84 79 229569 0 0 0
3426 3751 73 87 421701 0 0 0
2867 3585 104 85 735999 0 0 0
3331 2871 117 101 554784 0 0 0
2966 2855 71 71 363670 0 0 0
3523 2503 84 89 538061 0 0 0
2837 3040 107 109 620197 0 0 0
3353 2593 109 90 516931 0 0 0
2689 2320 117 97 621632 0 0 0
3376 3006 92 91 403264 0 0 0
2830 2356 101 59 336219 0 0 0
2600 2969 71 76 463069 0 0 0
3132 3207 122 78 953295 0 0 0
2873 3885 129 68 951992 0 0 0
3593 4212 110 62 116299 0 0 0
3363 4083 107 102 165887 0 0 0
3619 4703 71 96 714311 0 0 0
3457 4900 86 96 869746 0 0 0
4070 5420 85 93 102538 0 0 0
4551 6112 125 95 490214 0 0 0
4753 5862 123 104 449371 0 0 0
5265 5826 95 114 576705 0 0 0
4579 5835 68 101 973890 0 0 0
4580 5244 105 79 682702 0 0 0
4592 5973 112 112 730040 0 0 0
4147 5521 77 94 754789 0 0 0
3507 5732 76 108 744848 0 0 0
3070 5073 88 85 948165 0 0 0
3777 4956 104 88 242063 0 0 0
4394 5052 125 106 594096 0 0 0
4648 5565 93 103 322300 0 0 0
4137 5342 120 64 163809 0 0 0
4522 5528 85 112 854290 0 0 0
3872 5462 88 80 835225 0 0 0
4336 4997 125 94 696570 0 0 0
4079 4960 99 104 116017 0 0 0
3713 4822 92 86 772995 0 0 0
3678 4243 121 84 795708 0 0 0
4211 4099 76 72 328373 0 0 0
4701 3454 107 84 892081 0 0 0
4039 4191 99 101 763930 0 0 0
4395 3619 81 116 942076 0 0 0
4174 3210 106 74 784550 0 0 0
4550 3115 82 87 153886 0 0 0
3945 3391 110 85 897015 0 0 0
3572 3802 68 79 130749 0 0 0
2014 -104 93 68 201059 0 0 0
1393 270 98 94 636675 0 0 0
1325 -274 126 80 270967 0 0 0
722 -814 129 94 412470 0 0 0
689 -942 80 76 445766 0 0 0
689 -1088 90 74 587046 0 0 0
63 -1675 101 71 910212 0 0 0
663 -2421 92 84 559481 0 0 0
1259 -3102 103 61 843188 0 0 0
1932 -2522 110 78 859673 0 0 0
2355 -1900 97 93 583546 0 0 0
2270 -1489 113 78 105305 0 0 0
2598 -923 117 88 378864 0 0 0
2503 -767 124 111 853844 0 0 0
2722 -1037 116 114 566851 0 0 0
2006 -332 99 95 842926 0 0 0
2430 -936 71 96 551739 0 0 0
2318 -822 65 115 121597 0 0 0
2389 -766 75 71 898617 0 0 0
2988 -85 128 59 464100 0 0 0
2423 -669 88 70 521984 0 0 0
1966 -272 95 100 236648 0 0 0
1218 -198 129 112 409267 0 0 0
1947 508 92 62 745175 0 0 0
2195 1229 108 116 849603 0 0 0
2089 1558 94 78 356434 0 0 0
1396 812 71 82 132320 0 0 0
1100 662 111 66 596050 0 0 0
718 1271 80 96 700642 0 0 0
321 757 70 101 187208 0 0 0
-171 802 77 101 111148 0 0 0
38 689 71 88 264361 0 0 0
60 695 129 100 681383 0 0 0
718 1041 78 66 352262 0 0 0
1315 647 66 74 944364 0 0 0
1434 1293 111 78 539022 0 0 0
1981 845 79 78 217596 0 0 0
1338 602 110 67 173080 0 0 0
741 347 118 112 399007 0 0 0
44 -384 94 76 576388 0 0 0
684 -20 99 90 752973 0 0 0
549 -113 123 61 749755 0 0 0
830 -394 71 106 997243 0 0 0
498 -423 90 112 230265 0 0 0
466 -823 116 68 968524 0 0 0
-228 -887 107 75 985684 0 0 0
-69 -959 116 99 434939 0 0 0
-789 -692 88 97 962830 0 0 0
-527 -1221 130 71 179499 0 0 0
-1039 -1385 107 58 168935 0 0 0
-1600 -866 98 86 282183 0 0 0
-992 -1080 112 111 910890 0 0 0
-1149 -790 121 105 776235 0 0 0
-1032 -311 109 88 448245 0 0 0
-1032 324 77 104 218816 0 0 0
-688 185 123 108 287120 0 0 0
-1434 -220 74 112 986150 0 0 0
-1494 328 98 111 716270 0 0 0
-993 331 98 87 340374 0 0 0
-669 699 93 116 818721 0 0 0
-1367 154 122 79 598951 0 0 0
-1695 -481 117 79 938837 0 0 0
-1549 -44 82 104 539420 0 0 0
-1861 355 71 61 360207 0 0 0
-2490 559 128 106 921701 0 0 0
-1811 135 129 63 860147 0 0 0
-1606 -146 91 90 442580 0 0 0
-1265 -220 117 74 588395 0 0 0
-887 -674 81 90 230585 0 0 0
-397 -678 125 73 122455 0 0 0
49 -298 92 116 964727 0 0 0
-377 444 121 95 918957 0 0 0
-103 365 107 105 245445 0 0 0
-677 725 126 111 666272 0 0 0
