300
52 49 24 12 252151 0 0 0
18 95 32 19 671174 0 0 0
84 74 28 11 654413 0 0 0
18 93 18 11 620192 0 0 0
24 75 31 15 694059 0 0 0
5 116 25 20 968280 0 0 0
44 181 29 20 402205 0 0 0
66 214 32 13 581983 0 0 0
106 143 34 13 679882 0 0 0
133 192 26 12 179923 0 0 0
125 148 31 15 645039 0 0 0
83 98 31 19 275972 0 0 0
44 95 31 11 445578 0 0 0
43 110 31 16 196455 0 0 0
7 87 18 19 291614 0 0 0
64 264 19 15 184295 0 0 0
109 220 17 11 878424 0 0 0
83 213 20 15 713004 0 0 0
158 259 34 21 899606 0 0 0
201 224 24 11 320997 0 0 0
161 229 33 21 216152 0 0 0
86 192 32 11 267898 0 0 0
87 253 19 15 561759 0 0 0
59 302 17 17 661432 0 0 0
27 279 29 22 375145 0 0 0
-11 264 19 19 132569 0 0 0
-79 210 19 16 490039 0 0 0
-65 278 30 13 237179 0 0 0
5 254 21 17 872342 0 0 0
-28 225 34 16 283252 0 0 0
-20 192 28 15 457492 0 0 0
-193 -298 19 22 990325 0 0 0
-222 -317 33 22 562413 0 0 0
-215 -363 35 22 288246 0 0 0
-288 -375 17 22 393833 0 0 0
-331 -377 19 20 681117 0 0 0
-302 -415 26 13 363532 0 0 0
-326 -406 19 12 112029 0 0 0
-257 -346 28 15 400580 0 0 0
-275 -383 33 18 606479 0 0 0
-289 -346 34 11 194974 0 0 0
-287 -414 30 22 136926 0 0 0
-300 -390 23 22 843598 0 0 0
-332 -334 32 13 847350 0 0 0
-389 -290 17 22 267391 0 0 0
-380 -227 17 14 483709 0 0 0
-388 -240 27 20 512278 0 0 0
-398 -267 27 16 436221 0 0 0
-338 -276 17 20 717044 0 0 0
-360 -210 28 19 915572 0 0 0
43 -44 20 14 341279 0 0 0
-14 -73 31 13 151303 0 0 0
14 -79 34 16 343087 0 0 0
64 -48 30 21 796299 0 0 0
136 18 23 13 285033 0 0 0
124 -46 18 12 983274 0 0 0
105 -63 33 21 597040 0 0 0
86 8 21 12 328036 0 0 0
38 -16 31 18 456995 0 0 0
60 34 26 20 584849 0 0 0
109 20 32 21 112444 0 0 0
170 79 21 22 615549 0 0 0
233 47 17 15 849853 0 0 0
289 119 33 20 286316 0 0 0
362 139 25 21 846827 0 0 0
303 182 24 15 391007 0 0 0
247 220 29 12 838859 0 0 0
219 239 18 15 351502 0 0 0
258 188 33 20 609404 0 0 0
259 198 26 17 936514 0 0 0
292 134 17 16 192826 0 0 0
240 -66 29 16 477592 0 0 0
271 -65 19 14 117456 0 0 0
251 -122 22 11 804831 0 0 0
312 -170 24 14 229462 0 0 0
379 -98 33 15 410326 0 0 0
332 -156 19 22 828501 0 0 0
370 -180 35 19 932193 0 0 0
404 -177 20 18 169974 0 0 0
356 -142 18 12 569194 0 0 0
311 -80 35 16 195135 0 0 0
23 -220 33 11 904914 0 0 0
-27 -233 35 21 548057 0 0 0
-84 -225 22 20 856505 0 0 0
-20 -193 27 20 858328 0 0 0
-37 -217 29 22 704740 0 0 0
-3 -143 21 13 587539 0 0 0
-47 -180 18 14 760822 0 0 0
-34 -206 21 22 687423 0 0 0
26 -171 32 22 792017 0 0 0
-47 -134 17 12 400036 0 0 0
-93 -163 35 12 221097 0 0 0
-51 -236 21 12 854985 0 0 0
4 -274 18 21 508573 0 0 0
27 -301 24 21 150787 0 0 0
13 -226 35 15 141491 0 0 0
6 -257 19 16 748885 0 0 0
-7 -197 32 20 131150 0 0 0
-82 -240 21 17 295027 0 0 0
-30 -218 31 20 101545 0 0 0
22 -185 21 21 755723 0 0 0
-15 -217 18 21 280856 0 0 0
-23 -236 23 12 152786 0 0 0
-26 -310 32 19 930091 0 0 0
-13 -242 20 18 272006 0 0 0
-80 -272 17 12 874983 0 0 0
-96 -244 32 20 634133 0 0 0
-128 -295 19 20 641615 0 0 0
-83 -247 30 21 112242 0 0 0
-31 -279 26 11 759497 0 0 0
-42 -248 35 17 273512 0 0 0
-72 -290 22 18 832263 0 0 0
-91 -247 21 13 716629 0 0 0
-143 -301 27 22 759487 0 0 0
-127 -229 18 14 444443 0 0 0
-182 -238 27 21 712205 0 0 0
10 -243 26 11 522170 0 0 0
0 -206 22 12 672763 0 0 0
-29 -221 28 16 862624 0 0 0
-53 -203 23 13 529993 0 0 0
12 -220 19 12 915208 0 0 0
29 -151 17 22 178086 0 0 0
19 -205 24 16 573069 0 0 0
50 -189 17 13 902702 0 0 0
123 -127 32 12 435443 0 0 0
169 -202 18 11 862261 0 0 0
173 -159 34 12 792448 0 0 0
248 -202 20 16 337563 0 0 0
292 -169 19 18 597993 0 0 0
312 -214 27 13 268318 0 0 0
241 -279 20 15 381285 0 0 0
167 -255 30 17 242231 0 0 0
125 -309 18 21 496799 0 0 0
176 -274 32 21 115244 0 0 0
209 -342 29 21 469798 0 0 0
134 -378 28 18 851413 0 0 0
271 235 24 19 662705 0 0 0
273 228 22 16 580442 0 0 0
202 203 23 16 331475 0 0 0
239 163 35 17 773956 0 0 0
276 156 28 15 223644 0 0 0
298 139 33 13 625724 0 0 0
286 168 34 18 139997 0 0 0
258 223 22 18 563138 0 0 0
269 169 24 20 444184 0 0 0
263 231 18 16 392344 0 0 0
266 202 35 19 534168 0 0 0
318 273 29 22 268364 0 0 0
320 334 35 20 525948 0 0 0
384 377 29 22 557769 0 0 0
357 405 35 13 714286 0 0 0
288 398 23 16 834924 0 0 0
327 373 29 17 735943 0 0 0
343 311 18 22 930133 0 0 0
360 307 27 19 183563 0 0 0
393 354 21 17 597294 0 0 0
434 371 28 13 614004 0 0 0
470 362 34 21 471868 0 0 0
403 346 27 16 185844 0 0 0
389 416 33 15 620989 0 0 0
464 424 26 13 744356 0 0 0
421 419 19 20 276101 0 0 0
366 416 34 21 709298 0 0 0
308 395 30 16 942182 0 0 0
313 344 34 13 129872 0 0 0
102 -163 19 11 115717 0 0 0
56 -198 21 17 815560 0 0 0
12 -190 18 12 305663 0 0 0
-41 -146 35 11 253079 0 0 0
22 -118 28 16 183202 0 0 0
80 -91 33 12 189381 0 0 0
25 -54 35 22 358605 0 0 0
80 -6 23 20 894863 0 0 0
135 62 19 12 193652 0 0 0
196 116 23 13 937051 0 0 0
257 106 27 16 190428 0 0 0
221 32 24 15 403083 0 0 0
192 102 19 21 650817 0 0 0
135 113 29 15 676120 0 0 0
127 91 17 22 906640 0 0 0
8 4 27 11 184874 0 0 0
-60 -43 17 21 758065 0 0 0
-111 -95 31 20 912814 0 0 0
-60 -69 21 22 839587 0 0 0
-9 -7 27 14 702948 0 0 0
-58 16 20 19 668312 0 0 0
-34 8 20 16 159057 0 0 0
-91 29 22 17 890413 0 0 0
-33 36 29 14 354140 0 0 0
24 44 31 14 382031 0 0 0
22 102 25 12 261587 0 0 0
-10 145 18 12 155270 0 0 0
28 178 17 12 422932 0 0 0
-28 155 28 21 879739 0 0 0
0 129 33 20 598664 0 0 0
47 84 17 14 705268 0 0 0
76 27 32 18 841663 0 0 0
60 -46 23 19 327411 0 0 0
51 -89 25 16 344331 0 0 0
-7 -111 17 20 515828 0 0 0
4 -153 24 16 268639 0 0 0
-16 -188 21 12 193694 0 0 0
-8 -256 21 12 420718 0 0 0
7 -275 21 13 247127 0 0 0
-59 -296 18 22 296176 0 0 0
-60 -333 22 16 599942 0 0 0
-107 -382 18 16 966204 0 0 0
-165 -423 29 21 110435 0 0 0
-164 -408 19 17 913366 0 0 0
-146 -337 26 16 340849 0 0 0
-129 -313 31 14 960672 0 0 0
-66 -286 33 12 865854 0 0 0
-46 -219 25 13 556250 0 0 0
-254 0 18 15 506557 0 0 0
-293 40 29 21 993955 0 0 0
-310 105 19 14 523973 0 0 0
-251 116 30 11 283700 0 0 0
-320 71 31 17 137636 0 0 0
-278 128 19 16 679900 0 0 0
-206 114 33 15 309674 0 0 0
-204 115 29 19 233133 0 0 0
-221 155 29 19 603961 0 0 0
-230 209 28 12 440675 0 0 0
-222 210 19 22 779581 0 0 0
-202 167 20 17 587134 0 0 0
-216 141 25 19 211399 0 0 0
-281 204 35 12 227690 0 0 0
-354 235 26 11 882731 0 0 0
-282 231 20 15 308912 0 0 0
-227 163 19 21 446342 0 0 0
-262 185 20 15 361908 0 0 0
-241 115 25 19 527943 0 0 0
-220 100 26 13 649878 0 0 0
-168 71 35 20 521578 0 0 0
-106 6 19 12 771543 0 0 0
-115 -8 21 13 898046 0 0 0
-178 4 20 13 958360 0 0 0
-222 39 35 21 729877 0 0 0
-182 -21 22 15 288809 0 0 0
-202 -90 30 15 749718 0 0 0
-244 -32 19 13 131473 0 0 0
-194 -30 25 13 761725 0 0 0
-162 -75 20 14 901008 0 0 0
-237 -21 34 14 605882 0 0 0
-214 -42 31 11 135858 0 0 0
-216 28 30 19 691838 0 0 0
-256 -17 23 11 385115 0 0 0
-188 -26 19 21 369770 0 0 0
-215 17 35 16 805837 0 0 0
-283 85 23 21 673436 0 0 0
-257 -292 23 20 579436 0 0 0
-183 -295 18 19 192914 0 0 0
-230 -289 19 16 251157 0 0 0
-175 -216 35 20 343514 0 0 0
-235 -181 23 11 208015 0 0 0
-249 -203 34 18 661656 0 0 0
-179 -194 19 20 621113 0 0 0
-106 -262 25 22 998294 0 0 0
-162 -313 21 11 669974 0 0 0
-231 -302 29 18 498171 0 0 0
-272 -327 23 17 943335 0 0 0
-248 -361 24 13 783613 0 0 0
-306 -315 31 13 186807 0 0 0
-275 -280 28 16 917712 0 0 0
-315 -282 20 18 780830 0 0 0
-372 -337 23 11 943521 0 0 0
-321 -376 30 16 912892 0 0 0
-336 -435 29 13 414493 0 0 0
-367 -483 33 11 459081 0 0 0
-362 -503 30 17 193642 0 0 0
-185 198 21 16 951497 0 0 0
-121 128 18 18 524031 0 0 0
-56 96 25 21 938473 0 0 0
8 114 25 16 983115 0 0 0
45 83 30 15 862592 0 0 0
97 26 19 18 786973 0 0 0
55 19 26 17 138822 0 0 0
57 31 25 15 294126 0 0 0
49 -36 23 15 861652 0 0 0
-18 -105 21 13 943882 0 0 0
52 -178 34 16 140647 0 0 0
86 -218 31 13 127427 0 0 0
11 -244 19 12 797705 0 0 0
42 -239 25 15 966976 0 0 0
11 -240 19 20 116511 0 0 0
30 -268 33 22 791241 0 0 0
-28 -205 30 15 470617 0 0 0
-84 -184 33 20 326637 0 0 0
-54 -114 34 15 606262 0 0 0
-59 -147 31 12 476540 0 0 0
-101 -172 18 22 631159 0 0 0
-149 -123 26 21 711031 0 0 0
-126 -120 25 20 927820 0 0 0
-186 -112 24 16 313016 0 0 0
-111 -108 25 16 600890 0 0 0
-81 -132 33 21 178094 0 0 0
-112 -146 26 15 399347 0 0 0
11 282 23 21 455993 0 0 0
-28 241 30 19 110364 0 0 0
47 253 18 18 141484 0 0 0
