300
54 101 23 11 563609 0 0 0
108 65 18 19 793629 0 0 0
88 136 27 12 294358 0 0 0
70 154 34 13 726650 0 0 0
127 109 31 11 860077 0 0 0
79 126 34 16 435993 0 0 0
76 86 28 12 727561 0 0 0
34 110 22 21 737796 0 0 0
-34 156 32 22 918056 0 0 0
-22 117 23 21 928240 0 0 0
-65 79 22 12 874940 0 0 0
-37 61 17 15 861412 0 0 0
-55 26 35 19 649363 0 0 0
-78 62 25 11 152522 0 0 0
-88 39 31 11 118413 0 0 0
-138 0 30 12 871753 0 0 0
-204 -15 27 17 993011 0 0 0
-199 -13 35 18 969398 0 0 0
146 -103 35 12 504627 0 0 0
97 -120 24 20 545209 0 0 0
31 -82 35 13 293876 0 0 0
76 -74 26 12 347828 0 0 0
101 -99 21 17 676378 0 0 0
135 -45 32 21 148862 0 0 0
171 -111 27 22 680412 0 0 0
246 -140 18 22 853913 0 0 0
286 -205 24 17 989793 0 0 0
277 -159 30 16 288366 0 0 0
351 -118 24 15 517235 0 0 0
405 -56 29 21 751299 0 0 0
338 -108 25 13 734641 0 0 0
274 -98 24 13 626708 0 0 0
-29 76 26 17 585123 0 0 0
35 137 22 13 403876 0 0 0
-9 62 33 12 314471 0 0 0
-36 10 22 15 805239 0 0 0
-102 -59 20 19 629543 0 0 0
-49 -124 26 19 382182 0 0 0
-116 -61 31 13 193058 0 0 0
-189 -71 34 12 306703 0 0 0
-152 -13 19 22 503597 0 0 0
-90 -45 22 17 448009 0 0 0
-83 -102 18 15 567341 0 0 0
-96 -156 34 19 524297 0 0 0
-23 -188 17 21 787877 0 0 0
-36 -199 24 16 519275 0 0 0
-23 -265 28 18 115893 0 0 0
-74 -297 27 15 543845 0 0 0
-90 -339 29 22 817438 0 0 0
-117 167 18 21 999383 0 0 0
-91 167 22 22 568332 0 0 0
-89 204 23 13 546568 0 0 0
-150 182 35 15 879278 0 0 0
-137 146 23 17 418981 0 0 0
-64 114 28 13 165857 0 0 0
-29 93 19 18 972968 0 0 0
-15 41 25 11 523250 0 0 0
-12 -5 25 12 225022 0 0 0
-14 48 27 11 399356 0 0 0
-44 46 26 12 287472 0 0 0
-61 49 23 16 124155 0 0 0
-63 5 20 18 350895 0 0 0
-81 -60 21 21 395194 0 0 0
-145 -42 19 13 338355 0 0 0
-152 -59 22 15 272575 0 0 0
-83 -78 31 12 961334 0 0 0
-69 -40 31 17 512747 0 0 0
-140 -89 19 16 545589 0 0 0
-202 -86 21 11 796338 0 0 0
-213 -87 29 22 726006 0 0 0
-263 -17 23 17 686536 0 0 0
-213 1 17 12 528659 0 0 0
-246 61 30 13 134070 0 0 0
-261 -5 25 17 571843 0 0 0
200 -11 24 11 903739 0 0 0
217 -56 35 18 678299 0 0 0
220 -18 25 12 512896 0 0 0
215 -21 20 13 194397 0 0 0
173 -59 20 13 571872 0 0 0
177 -59 35 21 833372 0 0 0
-229 69 34 22 207043 0 0 0
-248 -6 22 12 438123 0 0 0
-195 -54 18 15 297526 0 0 0
-226 -52 34 22 916596 0 0 0
-225 -38 33 22 474661 0 0 0
-171 -14 20 15 695880 0 0 0
-215 -2 19 18 715372 0 0 0
-273 16 26 14 354410 0 0 0
-319 62 30 18 580815 0 0 0
-351 99 32 22 236733 0 0 0
-310 155 26 21 880699 0 0 0
-276 159 22 22 116695 0 0 0
-240 127 25 13 493470 0 0 0
-210 60 19 19 545249 0 0 0
-173 72 29 11 236704 0 0 0
-155 -198 23 14 149618 0 0 0
-155 -141 22 19 159668 0 0 0
-189 -135 33 19 906090 0 0 0
-162 -60 18 15 464684 0 0 0
-156 -106 27 18 963930 0 0 0
-150 -137 34 16 592251 0 0 0
-142 -70 21 13 936114 0 0 0
-147 -57 25 14 321116 0 0 0
-93 -108 27 13 877114 0 0 0
-132 -141 22 19 433183 0 0 0
-140 -142 27 12 206835 0 0 0
-152 -181 22 15 431697 0 0 0
-143 -179 26 17 750342 0 0 0
-132 -202 27 15 639725 0 0 0
-168 -210 23 20 580549 0 0 0
-170 -179 26 22 735147 0 0 0
-239 -199 34 19 281871 0 0 0
259 -21 26 16 220711 0 0 0
292 26 20 11 881606 0 0 0
249 54 29 15 234774 0 0 0
294 122 33 17 140484 0 0 0
262 142 23 14 208491 0 0 0
202 183 21 19 111123 0 0 0
232 108 33 18 582367 0 0 0
227 149 25 17 653470 0 0 0
189 81 31 20 990668 0 0 0
188 111 31 11 223463 0 0 0
-85 -166 33 17 170372 0 0 0
-89 -103 23 21 837022 0 0 0
-143 -169 19 20 406364 0 0 0
-91 -98 27 12 709831 0 0 0
-134 -71 25 11 455346 0 0 0
-80 -110 30 17 504972 0 0 0
-88 -56 17 12 208650 0 0 0
-36 -47 22 15 459269 0 0 0
-103 -28 33 18 534539 0 0 0
-67 -3 22 11 821342 0 0 0
-56 51 26 16 799737 0 0 0
-15 -1 21 22 829703 0 0 0
5 1 27 20 986666 0 0 0
16 -30 31 17 560024 0 0 0
51 -31 28 20 791780 0 0 0
108 -68 20 17 482702 0 0 0
40 -134 17 22 344218 0 0 0
22 -70 32 22 270522 0 0 0
80 -80 22 21 198918 0 0 0
127 -124 29 13 694247 0 0 0
152 -111 28 17 258489 0 0 0
142 -73 24 19 299586 0 0 0
111 -50 33 16 401330 0 0 0
43 65 29 21 597238 0 0 0
115 53 17 19 288484 0 0 0
76 -3 30 21 607097 0 0 0
45 -71 34 19 635077 0 0 0
109 -6 26 11 487906 0 0 0
130 -44 20 22 465953 0 0 0
58 -1 30 20 338269 0 0 0
124 -32 31 17 878636 0 0 0
70 -91 27 14 437729 0 0 0
91 -133 19 15 864836 0 0 0
164 -176 34 13 311160 0 0 0
222 -205 33 17 576319 0 0 0
264 -213 24 11 721568 0 0 0
333 -220 18 21 543291 0 0 0
322 -260 26 14 274413 0 0 0
372 -326 20 14 808093 0 0 0
353 -381 19 18 883603 0 0 0
414 -367 35 11 568041 0 0 0
342 -363 20 18 573748 0 0 0
284 -352 34 21 508453 0 0 0
258 -408 26 16 694887 0 0 0
281 -454 21 15 132059 0 0 0
217 -493 27 18 163095 0 0 0
199 -447 31 14 647268 0 0 0
232 -424 26 16 270016 0 0 0
157 -428 27 20 113396 0 0 0
140 -472 18 20 184142 0 0 0
110 -452 29 20 595729 0 0 0
199 -130 29 21 884479 0 0 0
241 -142 18 12 572231 0 0 0
265 -186 29 16 100397 0 0 0
269 -194 22 18 140270 0 0 0
269 -119 27 19 200969 0 0 0
221 -100 29 16 120979 0 0 0
231 -164 31 14 499806 0 0 0
179 -229 35 12 428322 0 0 0
155 -288 17 15 923142 0 0 0
136 -323 27 22 838255 0 0 0
184 -393 18 17 407424 0 0 0
181 -408 30 19 545444 0 0 0
200 -480 29 11 793231 0 0 0
256 -494 21 13 529362 0 0 0
217 -499 23 18 650053 0 0 0
292 -500 18 11 104579 0 0 0
324 -505 22 19 783069 0 0 0
279 -465 31 11 740920 0 0 0
221 -482 23 14 332016 0 0 0
149 -483 26 16 935754 0 0 0
111 -550 30 15 614831 0 0 0
168 -481 34 18 282780 0 0 0
176 -427 33 21 946808 0 0 0
248 -484 19 17 257494 0 0 0
242 -409 29 12 497474 0 0 0
193 -481 30 14 771711 0 0 0
144 -460 35 21 996465 0 0 0
126 -496 33 16 170104 0 0 0
193 -467 30 16 718710 0 0 0
-113 45 23 11 176812 0 0 0
-82 94 26 18 922242 0 0 0
-126 166 20 16 352843 0 0 0
-174 139 23 15 666441 0 0 0
-126 89 34 21 808001 0 0 0
-65 33 25 21 181839 0 0 0
-55 101 29 18 898817 0 0 0
-217 -209 33 16 706333 0 0 0
-216 -267 22 16 867774 0 0 0
-173 -308 29 16 662828 0 0 0
-153 -358 18 12 510250 0 0 0
-158 -403 28 16 819002 0 0 0
-111 -473 25 15 957324 0 0 0
-84 -546 27 12 492881 0 0 0
-101 -478 19 12 566492 0 0 0
-40 -540 30 15 655829 0 0 0
14 -497 29 22 934787 0 0 0
-59 -564 27 12 189795 0 0 0
194 -271 33 13 262093 0 0 0
167 -307 28 20 971730 0 0 0
127 -247 29 15 634697 0 0 0
140 -178 29 22 420889 0 0 0
107 -150 24 19 805895 0 0 0
99 -224 24 12 841891 0 0 0
-240 16 24 12 175662 0 0 0
-202 22 31 14 189050 0 0 0
-133 -51 27 21 546413 0 0 0
-185 -49 20 19 698869 0 0 0
-200 -87 18 15 421344 0 0 0
-190 -15 17 12 913013 0 0 0
-198 -77 22 22 169528 0 0 0
-204 -110 20 16 500713 0 0 0
-138 -150 27 13 223487 0 0 0
-150 -138 19 16 185626 0 0 0
-114 -180 22 18 655987 0 0 0
-142 -136 22 21 657675 0 0 0
-177 -93 20 14 389169 0 0 0
-121 -162 31 22 225800 0 0 0
-86 107 28 15 635798 0 0 0
-92 59 21 21 979552 0 0 0
-125 33 29 21 130590 0 0 0
-142 102 24 18 813140 0 0 0
272 145 17 17 872829 0 0 0
294 77 26 15 988592 0 0 0
322 105 33 12 280741 0 0 0
285 50 21 13 252551 0 0 0
307 82 19 19 710608 0 0 0
343 39 23 20 343160 0 0 0
283 82 27 14 236332 0 0 0
312 20 23 13 560522 0 0 0
278 46 27 13 904919 0 0 0
312 9 20 19 615282 0 0 0
306 10 18 12 864329 0 0 0
359 -44 22 14 934078 0 0 0
284 -21 33 19 581332 0 0 0
314 -52 24 21 607465 0 0 0
255 -64 22 20 563620 0 0 0
218 -59 27 13 938405 0 0 0
-283 50 34 11 855630 0 0 0
-275 73 27 13 553630 0 0 0
-344 99 25 12 735953 0 0 0
-396 99 31 20 599634 0 0 0
-432 123 25 15 384624 0 0 0
29 133 25 19 881910 0 0 0
5 192 23 15 476065 0 0 0
-62 218 31 14 858880 0 0 0
-72 162 26 11 366628 0 0 0
-18 99 24 20 562216 0 0 0
2 56 23 12 617489 0 0 0
55 68 17 22 528149 0 0 0
19 36 20 17 301394 0 0 0
74 93 25 21 321207 0 0 0
102 101 32 18 880473 0 0 0
175 56 21 11 629000 0 0 0
226 91 30 14 770294 0 0 0
263 78 31 17 961670 0 0 0
224 56 17 22 689841 0 0 0
267 19 23 14 143988 0 0 0
231 -28 25 18 549175 0 0 0
197 -47 24 22 617758 0 0 0
227 -25 18 12 193579 0 0 0
288 -62 22 19 531131 0 0 0
358 -40 28 19 503032 0 0 0
330 -12 31 11 473717 0 0 0
380 34 25 13 535800 0 0 0
408 108 25 19 208014 0 0 0
353 178 28 13 246547 0 0 0
285 112 17 15 295431 0 0 0
260 168 22 14 679450 0 0 0
249 127 23 20 557282 0 0 0
282 39 17 19 805535 0 0 0
289 57 29 16 599939 0 0 0
274 20 20 13 869942 0 0 0
266 50 21 15 720209 0 0 0
297 105 34 19 675690 0 0 0
344 79 23 13 208101 0 0 0
336 140 34 18 156671 0 0 0
310 75 34 19 740264 0 0 0
