3100
-2989 122 129 60 877554 0 0 0
-2382 17 77 91 951551 0 0 0
-1960 -331 83 112 274919 0 0 0
-1330 -321 116 71 434485 0 0 0
-740 237 83 114 930034 0 0 0
-797 325 109 71 840187 0 0 0
-611 -180 84 81 386304 0 0 0
-493 486 84 106 632270 0 0 0
-211 1166 67 90 891177 0 0 0
-407 1767 100 110 197158 0 0 0
-443 1309 74 119 352981 0 0 0
-160 1996 100 60 577305 0 0 0
162 1952 86 74 216838 0 0 0
-395 1223 82 98 449942 0 0 0
3 1887 132 88 635361 0 0 0
12 1190 119 92 638365 0 0 0
534 506 116 93 873422 0 0 0
565 93 79 80 248250 0 0 0
1060 324 102 72 233949 0 0 0
1056 -39 108 61 683414 0 0 0
442 -797 73 75 424548 0 0 0
1082 -1298 120 85 258237 0 0 0
1498 -1208 87 80 404894 0 0 0
950 -1277 126 79 873448 0 0 0
216 -1551 78 101 957021 0 0 0
-348 -1626 67 81 255384 0 0 0
321 -2373 129 113 377782 0 0 0
167 -2830 69 111 596366 0 0 0
-74 -2377 104 93 656074 0 0 0
-430 -2327 108 109 853622 0 0 0
-750 -1814 70 81 773386 0 0 0
-1091 -1701 70 106 848858 0 0 0
-624 -1790 92 104 135889 0 0 0
-791 -2285 123 116 381659 0 0 0
-880 -1726 93 68 201789 0 0 0
-663 -2279 131 97 659918 0 0 0
77 -2601 110 101 876012 0 0 0
-254 -2909 110 77 592036 0 0 0
308 -3586 87 99 207594 0 0 0
888 -3175 110 90 688338 0 0 0
1124 -3100 125 77 116562 0 0 0
1143 -3351 87 85 731818 0 0 0
1163 -2842 131 91 374119 0 0 0
420 -2632 85 94 245826 0 0 0
250 -2578 86 97 913829 0 0 0
639 -2386 129 87 901704 0 0 0
111 -2405 122 113 772671 0 0 0
268 -3087 102 62 297928 0 0 0
547 -3548 96 61 843531 0 0 0
73 -3142 113 120 454887 0 0 0
31 -2597 111 85 268870 0 0 0
690 -3270 83 119 521848 0 0 0
434 -3641 101 101 195234 0 0 0
834 -3923 69 75 506255 0 0 0
1356 -3638 94 110 344125 0 0 0
1464 -3419 94 66 574505 0 0 0
2001 -3717 129 111 616274 0 0 0
1705 -4017 111 94 316862 0 0 0
1094 -3622 132 102 491942 0 0 0
1234 -3329 129 69 168705 0 0 0
880 -3575 127 115 576860 0 0 0
175 -2917 108 92 314113 0 0 0
-314 -2228 71 72 152371 0 0 0
-24 -1577 97 61 603925 0 0 0
-217 -1377 77 106 180013 0 0 0
347 -631 83 116 230674 0 0 0
687 -634 121 114 457443 0 0 0
960 -137 73 110 384514 0 0 0
865 276 71 101 381817 0 0 0
524 636 126 79 811065 0 0 0
1137 598 131 82 869282 0 0 0
1880 108 96 100 461228 0 0 0
1710 -59 126 106 345370 0 0 0
1440 -496 133 78 613075 0 0 0
1082 -930 108 104 719738 0 0 0
1534 -701 78 76 267307 0 0 0
1937 -735 77 77 885380 0 0 0
1368 -90 117 62 440872 0 0 0
613 121 76 113 845012 0 0 0
-1374 1312 133 106 748606 0 0 0
-1876 787 131 100 567177 0 0 0
-2090 1331 129 88 521205 0 0 0
-1985 920 105 91 350633 0 0 0
-1956 1333 85 89 842416 0 0 0
-1498 1567 96 120 972816 0 0 0
-1664 2228 82 81 674438 0 0 0
-1274 1911 106 103 360643 0 0 0
-1107 2648 119 83 723433 0 0 0
-1737 3190 100 79 996585 0 0 0
-1926 2654 95 82 448427 0 0 0
-1684 2699 130 74 410097 0 0 0
-1296 3338 98 88 890017 0 0 0
-898 3606 88 102 775046 0 0 0
-214 3913 74 113 701586 0 0 0
-295 4183 96 87 790295 0 0 0
-201 3902 73 91 595737 0 0 0
112 3647 99 97 590043 0 0 0
489 3684 114 71 236809 0 0 0
-167 3638 124 115 696143 0 0 0
-711 3694 112 104 607118 0 0 0
-1049 4053 127 112 164758 0 0 0
-803 3841 122 109 462996 0 0 0
-647 3880 95 80 419540 0 0 0
-161 4630 120 96 185502 0 0 0
-575 4156 104 60 808627 0 0 0
-1029 4886 132 83 998781 0 0 0
-1197 4946 85 96 635762 0 0 0
-1145 4910 98 76 253667 0 0 0
-1626 4343 98 83 632767 0 0 0
-1538 3625 71 111 246227 0 0 0
-1069 3941 77 71 214603 0 0 0
-995 3758 77 119 517659 0 0 0
-404 3069 124 88 951419 0 0 0
-453 3558 98 120 692463 0 0 0
-1020 4095 98 98 931325 0 0 0
-575 3830 77 81 708012 0 0 0
-1257 4059 78 69 473545 0 0 0
-860 4815 110 100 653300 0 0 0
-119 4943 91 93 105019 0 0 0
143 5434 96 88 629244 0 0 0
727 5846 74 60 843588 0 0 0
-1 5106 101 80 600486 0 0 0
555 4934 125 96 933308 0 0 0
1031 5118 109 60 245753 0 0 0
944 4980 80 99 246545 0 0 0
1553 5167 71 63 780303 0 0 0
1412 5020 68 115 942010 0 0 0
1904 5647 74 71 674496 0 0 0
1243 4915 81 90 992822 0 0 0
914 4422 128 100 155094 0 0 0
1203 4850 82 94 534449 0 0 0
575 4503 66 110 206590 0 0 0
934 4915 83 107 504316 0 0 0
680 5629 99 89 803503 0 0 0
1048 5266 75 77 335414 0 0 0
621 5523 81 61 417144 0 0 0
223 5021 73 108 110669 0 0 0
12 4760 73 113 902236 0 0 0
377 4702 111 71 274271 0 0 0
597 5269 69 68 932333 0 0 0
295 4944 103 119 339372 0 0 0
252 5665 125 113 906744 0 0 0
934 5358 83 115 985001 0 0 0
1205 4778 68 60 620931 0 0 0
857 4193 113 82 796729 0 0 0
1484 4660 80 108 543215 0 0 0
1105 3990 97 111 282929 0 0 0
1742 4397 126 118 378361 0 0 0
1601 4264 120 97 732202 0 0 0
-692 -2403 99 66 823672 0 0 0
-1271 -2379 111 66 712595 0 0 0
-1485 -3077 92 64 912691 0 0 0
-799 -2682 132 117 410716 0 0 0
-118 -2768 77 94 350165 0 0 0
501 -2848 106 78 700720 0 0 0
80 -2127 122 120 139572 0 0 0
717 -2866 93 83 814169 0 0 0
85 -3609 69 101 444628 0 0 0
-120 -3957 88 118 895671 0 0 0
-227 -4147 111 60 280563 0 0 0
10 -4447 95 68 189971 0 0 0
-218 -3706 80 71 954658 0 0 0
-259 -4444 84 84 234747 0 0 0
-285 -5144 76 78 677423 0 0 0
477 -5506 113 104 716939 0 0 0
95 -5730 108 97 644523 0 0 0
250 -5284 114 69 716159 0 0 0
268 -5304 118 68 519907 0 0 0
198 -5230 94 120 671620 0 0 0
-202 -5992 81 62 634005 0 0 0
-398 -6711 127 92 860632 0 0 0
-838 -6589 68 75 570732 0 0 0
-1475 -5929 104 91 965572 0 0 0
-790 -5186 77 85 279907 0 0 0
-299 -4529 133 97 985283 0 0 0
-715 -4942 113 119 735262 0 0 0
-915 -4706 83 106 856963 0 0 0
-431 -4681 126 116 940733 0 0 0
-1136 -5057 96 93 590955 0 0 0
-608 -4658 99 77 370570 0 0 0
-541 -5109 102 69 876890 0 0 0
190 -5568 81 61 445773 0 0 0
731 -6025 70 99 664187 0 0 0
636 -6781 78 103 900702 0 0 0
1190 -7309 123 79 308671 0 0 0
610 -6709 85 117 992008 0 0 0
-2133 373 100 63 810229 0 0 0
-1995 35 123 107 646091 0 0 0
-1839 15 116 95 559472 0 0 0
-1817 -660 123 92 572820 0 0 0
-1446 -246 83 115 368180 0 0 0
-1451 -999 86 71 614302 0 0 0
-811 -1300 122 90 944095 0 0 0
-210 -1010 91 86 757359 0 0 0
-7 -529 130 99 477989 0 0 0
-608 -280 92 87 819388 0 0 0
-1357 -399 66 114 786993 0 0 0
-1857 -596 128 77 703322 0 0 0
-1686 -874 89 104 543083 0 0 0
-1248 -1421 69 74 353882 0 0 0
-1235 -2119 68 82 409879 0 0 0
-1471 -2674 106 84 202756 0 0 0
-1717 -2896 72 89 174550 0 0 0
-2457 -3404 90 85 685105 0 0 0
-1833 -3540 75 97 970843 0 0 0
-2226 -3417 80 113 246732 0 0 0
-2414 -3802 85 80 987500 0 0 0
-3009 -3288 94 108 100168 0 0 0
-3773 -3654 86 60 917880 0 0 0
-4184 -4208 98 100 517895 0 0 0
-4645 -3954 101 103 231585 0 0 0
-4074 -3465 112 76 407138 0 0 0
-3748 -4092 76 94 395428 0 0 0
-4477 -4828 96 116 527701 0 0 0
-5120 -5404 100 101 666451 0 0 0
-5196 -4874 84 68 571598 0 0 0
-5298 -4486 87 107 718979 0 0 0
-4804 -5065 70 92 152322 0 0 0
-5256 -4458 116 101 906107 0 0 0
-5033 -4437 122 83 196441 0 0 0
1596 -1172 127 69 991465 0 0 0
1567 -726 119 111 780346 0 0 0
1846 -616 112 95 920686 0 0 0
2335 -758 101 90 959562 0 0 0
1887 -1454 118 63 770844 0 0 0
2087 -860 86 60 508443 0 0 0
1901 -780 100 98 672495 0 0 0
2635 -983 77 81 431018 0 0 0
3375 -772 78 93 258253 0 0 0
3258 -783 73 89 764415 0 0 0
3593 -1484 112 91 824624 0 0 0
4189 -1470 79 67 262567 0 0 0
4426 -1444 81 62 273972 0 0 0
3826 -1401 71 72 318270 0 0 0
4304 -1776 71 101 335450 0 0 0
4288 -2484 120 68 533720 0 0 0
4064 -3010 97 109 515262 0 0 0
3538 -2485 79 64 648186 0 0 0
3647 -2053 71 74 601583 0 0 0
4169 -1757 74 96 204836 0 0 0
3571 -1127 86 105 586118 0 0 0
2900 -1807 95 83 991386 0 0 0
2413 -2349 102 94 933857 0 0 0
2887 -3085 126 91 979835 0 0 0
3352 -3792 132 95 202158 0 0 0
2970 -3838 128 93 348774 0 0 0
3592 -4062 72 117 567554 0 0 0
2833 -3763 104 64 262401 0 0 0
2755 -4224 74 65 240480 0 0 0
2207 -4882 125 97 351849 0 0 0
1813 -5378 84 72 341623 0 0 0
1754 -6106 115 67 311387 0 0 0
1556 -5957 103 66 456359 0 0 0
1287 -5621 130 90 987664 0 0 0
865 -5414 91 107 527935 0 0 0
958 -5322 95 80 912925 0 0 0
1631 -4987 133 89 332508 0 0 0
1380 -5134 98 76 387077 0 0 0
1484 -5789 76 88 855619 0 0 0
1561 -6127 101 78 967479 0 0 0
1085 -6492 123 98 504360 0 0 0
1654 -6691 132 69 194808 0 0 0
1958 -6786 99 119 320829 0 0 0
2669 -6826 80 71 630079 0 0 0
2105 -6445 97 71 545230 0 0 0
59 -695 104 67 348631 0 0 0
-497 -92 76 62 410247 0 0 0
-718 -601 95 81 829629 0 0 0
-682 -1063 128 67 575268 0 0 0
-350 -965 69 100 747708 0 0 0
-49 -653 66 101 893968 0 0 0
-94 -208 95 71 590862 0 0 0
-799 182 105 102 492936 0 0 0
-1328 -281 66 107 666528 0 0 0
-1833 268 113 97 163034 0 0 0
-2010 -74 111 118 397105 0 0 0
-1457 644 108 99 215098 0 0 0
-1475 255 132 74 455962 0 0 0
-1793 1025 123 118 378366 0 0 0
-2307 1038 76 119 236178 0 0 0
-1812 334 125 68 320253 0 0 0
-2152 907 67 66 661518 0 0 0
-2356 636 81 97 259536 0 0 0
-2007 533 85 90 911946 0 0 0
-1654 984 120 90 685764 0 0 0
-946 655 69 80 542771 0 0 0
-1486 689 96 78 278836 0 0 0
-2244 208 69 62 696509 0 0 0
-2215 -406 103 110 437264 0 0 0
-2111 -217 125 89 305777 0 0 0
-2097 -411 88 74 416926 0 0 0
-1554 -652 132 105 760713 0 0 0
-2091 -525 96 95 979797 0 0 0
-2371 -525 71 86 107807 0 0 0
-2824 -490 94 94 665799 0 0 0
-2592 -693 105 105 554487 0 0 0
-1946 -1147 115 96 540270 0 0 0
-1433 -1265 93 72 244231 0 0 0
-806 -1998 121 67 100217 0 0 0
-51 -1357 106 104 279254 0 0 0
692 -1424 115 73 891323 0 0 0
291 -1045 75 61 285710 0 0 0
-281 -1791 125 110 117335 0 0 0
184 -1345 101 62 791391 0 0 0
-415 -1500 68 84 297129 0 0 0
50 -2143 121 102 248544 0 0 0
612 -2124 117 115 332468 0 0 0
1323 -1850 87 60 295766 0 0 0
1664 -1888 96 120 268733 0 0 0
1025 -1265 80 73 671675 0 0 0
471 -1609 86 69 443294 0 0 0
516 -2218 113 75 603065 0 0 0
714 -1736 103 74 846230 0 0 0
512 -1088 72 102 304442 0 0 0
1166 -487 87 64 294642 0 0 0
1335 -916 103 81 254918 0 0 0
2028 -1282 105 109 274449 0 0 0
2510 -1938 84 76 352318 0 0 0
1902 -1902 120 61 161243 0 0 0
1421 -1949 75 107 284430 0 0 0
790 -1296 99 98 329687 0 0 0
1390 -1728 124 111 449259 0 0 0
1155 -1959 105 90 152802 0 0 0
638 -1656 92 78 608520 0 0 0
1100 -1901 97 65 428757 0 0 0
1802 -1780 103 114 434061 0 0 0
1760 -1904 72 69 443136 0 0 0
1658 -1606 111 105 763469 0 0 0
1931 -2203 96 112 498241 0 0 0
2229 -1675 90 76 234617 0 0 0
1457 -1233 84 75 538541 0 0 0
1076 -1296 94 101 468715 0 0 0
517 -610 107 98 355513 0 0 0
684 -976 73 117 784871 0 0 0
802 -1352 108 72 491948 0 0 0
379 -1042 70 60 232164 0 0 0
944 -967 94 64 205296 0 0 0
1220 -760 70 113 743479 0 0 0
1345 -87 88 109 749476 0 0 0
945 -586 128 101 171387 0 0 0
239 -169 120 74 987472 0 0 0
-79 -312 116 76 142104 0 0 0
229 -448 83 105 344486 0 0 0
918 -24 111 75 840840 0 0 0
196 135 78 109 997890 0 0 0
894 678 82 117 292354 0 0 0
1431 1368 94 97 218410 0 0 0
1424 847 104 100 981266 0 0 0
1014 121 110 104 621516 0 0 0
765 677 103 67 979014 0 0 0
738 1333 129 88 757748 0 0 0
643 1716 122 110 738298 0 0 0
1146 1115 127 63 771521 0 0 0
1726 1324 71 75 470346 0 0 0
2123 1555 68 95 846793 0 0 0
1387 1548 82 110 773894 0 0 0
2120 1095 88 120 105442 0 0 0
2037 934 116 64 986197 0 0 0
2556 1160 69 109 382589 0 0 0
2421 460 130 118 988847 0 0 0
2888 -212 122 71 259762 0 0 0
2473 -23 117 106 409448 0 0 0
1751 -135 79 69 445637 0 0 0
1944 -581 123 102 112078 0 0 0
2605 -141 73 65 262008 0 0 0
3059 203 112 90 305699 0 0 0
3710 632 107 117 849393 0 0 0
3982 230 82 89 279324 0 0 0
4402 -1 122 102 759366 0 0 0
4018 701 76 111 601599 0 0 0
3662 1455 106 82 324229 0 0 0
3894 1742 88 108 213308 0 0 0
4058 1652 85 80 495101 0 0 0
4586 1671 72 73 927548 0 0 0
3937 1579 74 86 509114 0 0 0
3342 2195 88 91 419260 0 0 0
3438 2430 102 119 809800 0 0 0
3461 2531 70 95 635439 0 0 0
3291 3248 106 100 544932 0 0 0
3885 3201 81 76 959237 0 0 0
946 96 104 81 768841 0 0 0
801 476 68 116 159406 0 0 0
490 1118 133 98 963480 0 0 0
58 487 99 77 182393 0 0 0
-362 -257 125 115 362279 0 0 0
103 119 121 81 235358 0 0 0
334 383 130 103 790045 0 0 0
454 14 83 84 119544 0 0 0
543 63 114 70 740783 0 0 0
984 354 78 78 457336 0 0 0
794 -157 93 84 748861 0 0 0
835 -231 99 102 262056 0 0 0
524 -586 90 76 343537 0 0 0
-156 -354 130 102 296452 0 0 0
-444 -1128 73 69 802241 0 0 0
-921 -1661 116 96 249523 0 0 0
-1431 -1704 126 118 751987 0 0 0
-1901 -2279 112 79 758471 0 0 0
-2595 -2091 109 87 599634 0 0 0
-1965 -2629 112 87 463311 0 0 0
-2282 -3045 88 119 763902 0 0 0
-2786 -2788 127 97 712588 0 0 0
-2796 -2944 95 100 105413 0 0 0
-3294 -3390 89 119 312998 0 0 0
-4021 -3369 81 85 608150 0 0 0
-3492 -3359 111 119 275571 0 0 0
-2797 -3845 87 64 259775 0 0 0
-2840 2330 83 66 899558 0 0 0
-2372 2147 88 77 987464 0 0 0
-2161 1730 78 75 692058 0 0 0
-2087 1428 83 117 592942 0 0 0
-2024 2083 73 87 120501 0 0 0
-2399 2499 94 108 396485 0 0 0
-3030 3183 100 77 674501 0 0 0
-3435 3260 131 62 109908 0 0 0
-3942 2504 99 96 227489 0 0 0
-3660 1899 123 109 434201 0 0 0
-2945 2010 94 110 828267 0 0 0
-2951 1246 127 120 672666 0 0 0
-3365 1612 110 113 531110 0 0 0
-3753 2355 123 87 980902 0 0 0
-3541 2833 124 98 827960 0 0 0
-3034 2084 92 89 740995 0 0 0
-3352 2014 82 114 328688 0 0 0
-3107 1502 88 62 923556 0 0 0
-3859 2036 91 80 480392 0 0 0
-4581 1672 104 102 524310 0 0 0
-5038 1815 78 69 763729 0 0 0
-5664 2314 78 118 816620 0 0 0
-5243 1821 105 64 846678 0 0 0
-5183 1455 68 116 289411 0 0 0
-4501 1478 105 108 397047 0 0 0
-5040 2112 126 92 839550 0 0 0
-5792 2726 96 77 731698 0 0 0
-6025 2891 106 94 605201 0 0 0
-6053 3270 120 117 947875 0 0 0
-5493 2683 71 85 969712 0 0 0
-6249 2486 124 119 350154 0 0 0
-6358 3047 121 106 437194 0 0 0
-6146 3365 96 77 345512 0 0 0
-6138 3682 68 93 757254 0 0 0
-588 208 116 119 611440 0 0 0
-959 -174 108 98 637755 0 0 0
-914 532 105 100 732482 0 0 0
-430 1178 90 100 483081 0 0 0
-142 1033 122 83 488342 0 0 0
245 501 132 87 799753 0 0 0
82 1163 110 111 454011 0 0 0
541 1241 125 117 998282 0 0 0
-1934 2150 127 110 367453 0 0 0
-2042 1641 92 116 530256 0 0 0
-2770 1677 95 86 773028 0 0 0
-2013 2396 133 65 694964 0 0 0
-2749 1787 122 72 220765 0 0 0
-2930 1071 133 93 808069 0 0 0
-3314 939 107 77 997157 0 0 0
-3874 1711 106 83 229842 0 0 0
-3555 2457 114 84 606568 0 0 0
-4133 2206 79 69 509130 0 0 0
-4300 1463 71 101 587047 0 0 0
-4458 2033 95 98 364643 0 0 0
-5107 2331 117 114 447128 0 0 0
-4459 2864 71 92 229046 0 0 0
-4894 3328 132 90 976562 0 0 0
-4413 3884 91 117 264856 0 0 0
-5139 3788 79 103 961543 0 0 0
-5296 4182 109 103 232597 0 0 0
-5787 4327 99 90 569680 0 0 0
-5767 4986 74 95 363333 0 0 0
-6390 4832 112 83 579745 0 0 0
-6062 5428 87 115 671845 0 0 0
-6086 6063 128 92 208424 0 0 0
-5496 5750 90 118 812574 0 0 0
-5547 5716 87 61 741153 0 0 0
-5184 5394 88 73 175636 0 0 0
-5183 5343 72 62 203930 0 0 0
-5883 4882 78 63 751263 0 0 0
-5174 4650 95 74 535634 0 0 0
-4536 3901 123 68 260850 0 0 0
-4947 4148 99 75 898012 0 0 0
-4773 4308 114 60 579934 0 0 0
-4334 4519 84 107 379415 0 0 0
-3977 4759 101 104 653947 0 0 0
-4093 4075 109 82 432372 0 0 0
-3388 4552 120 119 977122 0 0 0
-3205 3874 109 95 253374 0 0 0
-3827 3435 99 82 456790 0 0 0
-4237 3507 96 71 465960 0 0 0
-4875 2965 114 95 800784 0 0 0
-4368 2898 99 92 881046 0 0 0
-4970 3269 79 60 922179 0 0 0
-4364 2729 119 111 202456 0 0 0
-3742 2456 126 84 101339 0 0 0
-3687 2610 97 106 402790 0 0 0
-3386 1852 115 118 280190 0 0 0
-3624 1240 93 89 298961 0 0 0
-4248 1265 109 108 618135 0 0 0
-3620 1588 118 74 448980 0 0 0
-4262 2119 86 89 483219 0 0 0
-4217 1492 75 60 188988 0 0 0
-4835 1713 104 97 645490 0 0 0
-4120 1457 131 102 471250 0 0 0
-4196 844 107 115 412576 0 0 0
-3915 232 103 97 684251 0 0 0
-3512 -104 114 107 766705 0 0 0
-3473 68 92 77 813385 0 0 0
-2846 253 80 106 729318 0 0 0
-2633 494 131 102 428127 0 0 0
-3129 651 110 68 321305 0 0 0
-3626 344 114 72 622750 0 0 0
-4307 -219 111 82 176933 0 0 0
-4137 -65 99 109 136187 0 0 0
-4126 413 90 90 258323 0 0 0
-4410 693 103 64 304554 0 0 0
-4193 744 125 93 625360 0 0 0
-3738 67 126 69 537549 0 0 0
-3155 637 110 89 179790 0 0 0
-3407 261 108 100 304212 0 0 0
-3065 676 110 109 233072 0 0 0
-3354 646 78 115 690916 0 0 0
-3153 317 70 81 812518 0 0 0
-3687 127 67 86 367848 0 0 0
-3818 -412 76 108 826338 0 0 0
-3324 -474 128 87 170291 0 0 0
-2697 -1070 86 120 973257 0 0 0
-1484 335 126 68 288341 0 0 0
-1478 -132 126 103 619261 0 0 0
-2127 -861 108 100 538510 0 0 0
-1568 -534 117 83 974560 0 0 0
-1110 -199 105 78 175316 0 0 0
-440 -677 94 60 899212 0 0 0
-20 -492 106 95 167665 0 0 0
-699 -268 105 65 709964 0 0 0
-800 -712 133 70 307321 0 0 0
-1202 -398 99 101 676064 0 0 0
-494 -656 125 64 449456 0 0 0
-38 -1302 94 104 888122 0 0 0
733 -1775 74 108 319840 0 0 0
259 -2204 89 81 463680 0 0 0
826 -1446 125 96 964472 0 0 0
1306 -905 106 99 262441 0 0 0
1215 -782 69 103 113676 0 0 0
1581 -1479 87 118 866992 0 0 0
992 -2073 115 89 670018 0 0 0
-597 -1605 123 94 331074 0 0 0
-661 -1169 104 116 921622 0 0 0
57 -1165 69 85 597782 0 0 0
-654 -1717 102 104 430195 0 0 0
85 -1460 76 112 624188 0 0 0
667 -1692 124 66 143226 0 0 0
400 -2313 81 92 179754 0 0 0
-311 -1868 79 91 414315 0 0 0
-712 -1396 126 85 472169 0 0 0
-841 -2156 111 93 195188 0 0 0
-952 -1450 124 73 470584 0 0 0
-484 -751 73 115 904457 0 0 0
-789 -248 109 76 524563 0 0 0
-1078 421 82 111 888052 0 0 0
-1524 -332 70 83 294858 0 0 0
-950 -517 125 85 465097 0 0 0
-515 -542 91 79 346647 0 0 0
-808 -970 106 112 603531 0 0 0
-55 -398 73 88 612558 0 0 0
-621 -690 68 118 961357 0 0 0
-302 -825 66 112 178857 0 0 0
-766 -688 87 83 836666 0 0 0
-1444 -719 67 66 934061 0 0 0
-1351 -730 79 117 973895 0 0 0
-1485 -1304 108 94 851055 0 0 0
-1176 -684 113 106 402712 0 0 0
-1559 -1124 81 96 379501 0 0 0
-2231 -900 104 91 847876 0 0 0
-2076 -1326 87 88 600450 0 0 0
-2425 -1681 71 108 640213 0 0 0
-1799 -1835 126 69 570383 0 0 0
-1054 -1661 84 69 141469 0 0 0
-439 -1840 90 65 303264 0 0 0
-33 -1605 83 108 810881 0 0 0
160 -1362 91 82 185249 0 0 0
135 -760 101 98 344878 0 0 0
-299 -663 126 63 982667 0 0 0
-493 19 83 109 808902 0 0 0
-900 -727 117 112 872821 0 0 0
-1450 -727 67 69 563631 0 0 0
-1305 -744 126 71 473062 0 0 0
-1491 -1096 129 112 588980 0 0 0
-1019 -676 90 82 160124 0 0 0
-1238 -355 117 86 602901 0 0 0
-1746 -513 68 102 461339 0 0 0
-2211 -756 86 118 532180 0 0 0
-1517 -960 87 93 328106 0 0 0
-1849 -542 116 88 116407 0 0 0
-1625 -332 120 82 444233 0 0 0
-1277 -888 129 120 301042 0 0 0
-1418 -1426 73 108 833445 0 0 0
-644 -1536 128 86 526091 0 0 0
33 -1534 117 102 650539 0 0 0
584 -1816 89 102 849201 0 0 0
522 -1876 103 91 191172 0 0 0
623 -1358 90 114 482699 0 0 0
1118 -1089 115 115 361648 0 0 0
1480 -1071 111 67 968387 0 0 0
1569 -1234 115 65 782854 0 0 0
2221 -1177 100 80 711778 0 0 0
2954 -1435 74 91 566937 0 0 0
2975 -1047 106 84 736628 0 0 0
2978 -1388 132 106 286875 0 0 0
3740 -709 81 66 573820 0 0 0
3645 -1228 68 102 195717 0 0 0
3092 -1442 88 103 720297 0 0 0
2783 -1723 94 72 978943 0 0 0
2427 -1272 116 92 732123 0 0 0
2564 -1117 127 61 814722 0 0 0
3317 -637 66 78 509298 0 0 0
3297 -278 81 101 757058 0 0 0
3435 483 112 64 206107 0 0 0
3126 -291 83 97 302946 0 0 0
3451 -701 82 92 964740 0 0 0
3751 -875 91 72 232946 0 0 0
3078 -433 128 112 176593 0 0 0
3606 -263 111 109 873066 0 0 0
3443 -114 68 74 741022 0 0 0
2704 -885 75 119 697527 0 0 0
3476 -1121 73 118 101712 0 0 0
3402 -1709 121 92 155741 0 0 0
3725 -1515 77 61 645726 0 0 0
3493 -2069 114 83 915646 0 0 0
3139 -1295 109 102 909159 0 0 0
3834 -1909 119 97 442515 0 0 0
3169 -2316 120 69 598581 0 0 0
2545 -2436 117 97 895168 0 0 0
2961 -3137 111 97 686375 0 0 0
2443 -2811 73 77 742131 0 0 0
2079 -2125 73 100 187362 0 0 0
2397 -2267 83 92 111382 0 0 0
1759 -1734 91 73 464451 0 0 0
1446 -1113 95 70 429039 0 0 0
1849 -744 126 104 348236 0 0 0
-358 45 125 94 738675 0 0 0
-500 -373 87 73 373267 0 0 0
-837 -155 120 102 632647 0 0 0
-153 -456 76 87 764616 0 0 0
-80 -622 73 84 645242 0 0 0
516 -265 128 112 214792 0 0 0
115 485 115 96 626528 0 0 0
-437 934 114 101 608145 0 0 0
-899 1455 89 114 938980 0 0 0
-419 2094 78 76 713832 0 0 0
-257 1899 85 115 398023 0 0 0
-477 1371 82 89 518197 0 0 0
-101 1536 82 80 471768 0 0 0
-795 1309 68 103 893996 0 0 0
-145 590 127 85 678738 0 0 0
234 630 131 90 262569 0 0 0
917 1223 107 103 143659 0 0 0
682 912 100 103 712764 0 0 0
1041 1051 108 103 544726 0 0 0
835 791 118 93 727265 0 0 0
690 220 92 92 137547 0 0 0
1069 -537 110 110 395305 0 0 0
1009 38 114 75 766736 0 0 0
1185 157 79 75 473787 0 0 0
1488 873 87 81 765196 0 0 0
1947 900 125 117 250931 0 0 0
1474 484 86 61 145593 0 0 0
963 650 73 116 395857 0 0 0
1002 424 78 70 179226 0 0 0
1380 1054 74 96 312779 0 0 0
1936 458 112 68 760081 0 0 0
2304 240 100 82 617869 0 0 0
2559 783 75 91 547359 0 0 0
2959 1060 128 115 977066 0 0 0
2641 1193 83 73 306017 0 0 0
2501 1298 99 112 928720 0 0 0
2065 1971 78 101 906838 0 0 0
2369 1912 66 88 762526 0 0 0
2028 1618 129 89 134791 0 0 0
2442 1875 79 68 870986 0 0 0
2024 2605 122 66 500259 0 0 0
1445 2313 104 83 292301 0 0 0
960 1938 103 120 575333 0 0 0
249 2274 66 108 580537 0 0 0
508 2949 106 112 557042 0 0 0
505 3154 110 114 294672 0 0 0
-11 2082 84 83 684173 0 0 0
405 2509 73 103 305930 0 0 0
-147 1923 106 112 334751 0 0 0
297 2285 128 61 906590 0 0 0
623 2656 119 81 592940 0 0 0
180 2166 98 70 716434 0 0 0
929 2906 76 117 457310 0 0 0
1117 3084 98 60 524420 0 0 0
1093 3790 75 68 572280 0 0 0
1037 3827 75 118 468989 0 0 0
636 4161 113 114 578711 0 0 0
449 4008 100 94 427177 0 0 0
1200 3348 105 114 632089 0 0 0
1605 3130 72 119 718734 0 0 0
981 2612 131 102 550756 0 0 0
1018 2211 79 96 343492 0 0 0
599 2825 101 72 558519 0 0 0
722 2683 104 102 716074 0 0 0
159 2897 93 64 453521 0 0 0
-516 2973 100 102 716382 0 0 0
-46 2356 85 109 938308 0 0 0
90 2177 124 63 844701 0 0 0
-248 2232 99 62 611828 0 0 0
229 1828 129 62 932121 0 0 0
806 2466 101 73 200348 0 0 0
1482 1777 69 91 903790 0 0 0
2169 1768 75 90 477263 0 0 0
1586 1515 82 120 623797 0 0 0
1691 2277 108 114 152223 0 0 0
1041 1570 69 102 455433 0 0 0
1607 1704 114 83 457483 0 0 0
963 1629 107 74 572451 0 0 0
941 1130 81 84 198356 0 0 0
1250 1561 111 113 345665 0 0 0
760 1907 83 118 340445 0 0 0
358 1418 90 101 209140 0 0 0
167 769 128 66 455244 0 0 0
899 482 78 86 605856 0 0 0
1223 837 132 105 605673 0 0 0
1534 1350 82 85 102875 0 0 0
1891 1549 126 65 172218 0 0 0
2588 1856 93 87 701120 0 0 0
2655 1088 86 110 529484 0 0 0
2651 1491 78 83 550358 0 0 0
3232 1264 132 62 761857 0 0 0
3757 592 101 67 707075 0 0 0
4443 617 68 67 713349 0 0 0
5083 528 130 62 198698 0 0 0
4527 -245 109 102 978688 0 0 0
3764 196 88 86 703050 0 0 0
4162 883 132 120 162688 0 0 0
4448 1442 71 93 734069 0 0 0
4655 1680 104 120 902726 0 0 0
5014 2372 98 64 497641 0 0 0
4425 3103 120 61 927813 0 0 0
4598 2419 90 96 659035 0 0 0
4453 2537 132 72 745802 0 0 0
4037 2157 72 62 835271 0 0 0
4399 1405 101 83 597953 0 0 0
4402 860 112 95 197640 0 0 0
4402 1278 123 86 837909 0 0 0
4783 582 99 95 748492 0 0 0
5027 130 132 61 946134 0 0 0
5773 -218 71 103 597650 0 0 0
2235 -1923 77 99 839053 0 0 0
2845 -1513 112 79 593203 0 0 0
3011 -1691 103 68 960585 0 0 0
3493 -1677 75 80 635278 0 0 0
3011 -1384 122 108 830694 0 0 0
3688 -703 119 93 342069 0 0 0
3157 -1471 124 100 806891 0 0 0
3660 -1542 111 93 699879 0 0 0
3856 -1361 88 85 331055 0 0 0
3160 -854 92 97 565369 0 0 0
2507 -1241 103 87 714008 0 0 0
2472 -1975 110 72 607706 0 0 0
1732 -1714 131 72 588648 0 0 0
1609 -1452 88 71 399870 0 0 0
1408 -1689 110 106 505958 0 0 0
648 -2158 69 104 730518 0 0 0
1031 -2128 73 61 523675 0 0 0
1035 -2464 75 73 266287 0 0 0
1220 -2239 125 93 976462 0 0 0
1665 -2448 93 71 740317 0 0 0
1619 -2755 73 101 628750 0 0 0
1028 -2168 76 93 529227 0 0 0
349 -2150 77 60 360672 0 0 0
-320 -2895 107 88 977882 0 0 0
-432 -3064 100 84 983195 0 0 0
-978 -2773 132 78 388267 0 0 0
-483 -2104 75 102 797984 0 0 0
-646 -1446 96 117 858648 0 0 0
-531 -1300 96 87 299545 0 0 0
343 -1676 105 112 869122 0 0 0
548 -2160 119 76 972777 0 0 0
663 -1920 124 62 587008 0 0 0
674 -2050 93 86 894803 0 0 0
805 -2376 87 109 870871 0 0 0
179 -1779 105 118 548841 0 0 0
563 -1730 118 97 402503 0 0 0
875 -1797 119 63 642307 0 0 0
1330 -2217 81 99 257402 0 0 0
1712 -1824 110 60 399321 0 0 0
1854 -1430 73 67 761833 0 0 0
1523 -1263 85 63 473409 0 0 0
1822 -1441 94 85 766871 0 0 0
1355 -769 125 68 124190 0 0 0
1008 -736 127 112 976553 0 0 0
1479 -1018 114 100 870592 0 0 0
1448 -742 70 111 936485 0 0 0
1268 -1243 108 91 868250 0 0 0
1190 -805 95 77 414092 0 0 0
1588 -390 89 67 987416 0 0 0
1801 -958 121 70 335967 0 0 0
2029 -923 120 63 713190 0 0 0
1272 -1240 110 76 399924 0 0 0
968 -1398 69 78 721472 0 0 0
479 -2056 102 85 601250 0 0 0
699 -2032 126 116 283846 0 0 0
1362 -1651 115 85 978493 0 0 0
1454 -2299 128 70 277600 0 0 0
1007 -2332 83 71 989184 0 0 0
253 -1683 83 113 502300 0 0 0
-349 -2280 131 90 118040 0 0 0
-817 -2997 82 74 134454 0 0 0
-1326 -3024 101 68 158786 0 0 0
-1874 -3573 128 111 820011 0 0 0
-1414 -2859 121 62 716693 0 0 0
-1814 -2137 126 97 403302 0 0 0
-2382 -1745 90 98 311969 0 0 0
-2702 -1751 115 109 811273 0 0 0
-2475 -1118 95 112 102751 0 0 0
-2184 -1695 74 108 555540 0 0 0
-1571 -1342 124 98 372235 0 0 0
-865 -675 79 86 479240 0 0 0
-259 -1274 98 61 731677 0 0 0
-206 -1676 89 88 850643 0 0 0
185 -2134 119 110 668123 0 0 0
-163 -1661 93 108 996093 0 0 0
-763 -1747 77 120 158588 0 0 0
-530 -1763 96 103 241358 0 0 0
-775 -1706 110 61 702251 0 0 0
-1169 -1179 101 113 164938 0 0 0
-1005 -767 118 102 755944 0 0 0
-1468 -1196 76 97 186512 0 0 0
-767 -1780 99 100 378358 0 0 0
-1315 -1940 120 98 789854 0 0 0
-1224 -1799 100 89 358493 0 0 0
1445 1943 74 80 914677 0 0 0
1156 2088 66 63 619934 0 0 0
1913 1979 92 71 420300 0 0 0
1415 1792 93 93 863235 0 0 0
1764 1104 115 81 363698 0 0 0
2493 952 128 80 656018 0 0 0
2509 1586 109 75 850265 0 0 0
2949 1111 85 70 532522 0 0 0
3145 1534 110 118 146737 0 0 0
3586 1166 78 84 101463 0 0 0
3774 1805 92 65 833306 0 0 0
4454 1559 130 97 894675 0 0 0
4306 2257 89 119 508844 0 0 0
4651 2019 127 70 117838 0 0 0
4547 1832 91 67 684188 0 0 0
3843 1482 77 91 405194 0 0 0
3963 966 75 110 186569 0 0 0
3345 429 90 117 327669 0 0 0
3611 452 110 96 772492 0 0 0
4227 -126 96 99 179768 0 0 0
4030 -218 71 88 734738 0 0 0
3786 -128 111 101 473305 0 0 0
4232 197 107 95 949273 0 0 0
3882 575 79 85 759069 0 0 0
3368 579 91 95 687867 0 0 0
3642 320 116 107 599649 0 0 0
3455 395 117 70 264860 0 0 0
3145 422 97 67 957431 0 0 0
3373 458 114 114 804229 0 0 0
3310 -309 98 84 507496 0 0 0
3341 76 90 111 114891 0 0 0
4018 381 79 88 572700 0 0 0
3969 -381 105 78 810433 0 0 0
4549 -366 107 76 308561 0 0 0
4905 -247 73 64 982931 0 0 0
4491 -896 121 115 789246 0 0 0
5147 -943 105 88 379554 0 0 0
5192 -498 130 82 985724 0 0 0
5137 256 77 85 874885 0 0 0
4438 573 127 82 114172 0 0 0
4499 862 105 83 822782 0 0 0
4264 1496 104 85 701596 0 0 0
5002 1015 81 92 727616 0 0 0
4338 625 102 90 665158 0 0 0
4316 364 94 104 601427 0 0 0
4485 -208 119 110 531911 0 0 0
4719 -443 116 82 521688 0 0 0
5286 -155 130 69 515993 0 0 0
4560 418 117 108 878833 0 0 0
3854 808 100 70 451199 0 0 0
3450 1185 124 108 501368 0 0 0
3833 481 77 115 302118 0 0 0
4536 281 126 84 272610 0 0 0
4305 869 132 76 582458 0 0 0
3962 782 85 96 574708 0 0 0
4685 1084 113 97 104189 0 0 0
4328 1266 90 103 884577 0 0 0
3742 1132 103 84 716033 0 0 0
4211 1021 120 100 242956 0 0 0
3962 800 91 71 255429 0 0 0
3305 605 92 62 373263 0 0 0
3100 787 90 92 690325 0 0 0
2860 814 73 110 720580 0 0 0
3254 893 83 70 192611 0 0 0
-1401 1754 93 109 856531 0 0 0
-906 2429 108 68 553850 0 0 0
-158 1733 110 88 405453 0 0 0
422 1178 79 92 624410 0 0 0
625 1078 85 93 449803 0 0 0
814 897 87 97 164809 0 0 0
623 234 125 89 752324 0 0 0
225 176 109 105 382538 0 0 0
443 -209 104 68 428370 0 0 0
1129 -262 85 115 939869 0 0 0
1122 -267 104 115 111381 0 0 0
790 292 99 71 183136 0 0 0
1122 -182 114 92 896730 0 0 0
1156 -882 116 83 286549 0 0 0
958 -168 101 110 359107 0 0 0
1403 -48 119 76 532514 0 0 0
1322 -645 125 108 754978 0 0 0
1961 -198 105 96 874212 0 0 0
1727 108 125 105 528650 0 0 0
1941 71 121 118 953962 0 0 0
1201 -174 105 87 842907 0 0 0
603 10 70 82 895646 0 0 0
568 291 106 83 489838 0 0 0
116 136 117 73 561120 0 0 0
-478 -597 85 67 176172 0 0 0
-450 -602 121 104 711313 0 0 0
-939 -1010 70 71 619007 0 0 0
-1674 -1764 67 114 607637 0 0 0
-1628 -2132 100 63 275957 0 0 0
-1573 -2085 132 100 788177 0 0 0
-1156 -1863 79 113 455842 0 0 0
-1461 -1559 71 74 237180 0 0 0
-739 -899 119 111 276800 0 0 0
-17 -1477 98 69 340273 0 0 0
703 -1410 70 82 833468 0 0 0
1323 -1480 67 96 611244 0 0 0
833 -863 97 70 374052 0 0 0
505 -530 133 77 306771 0 0 0
-34 -885 110 75 159509 0 0 0
334 -929 90 69 200195 0 0 0
-321 -1346 100 110 313295 0 0 0
-399 -1127 86 99 606701 0 0 0
-858 -1080 106 101 891553 0 0 0
-833 -995 68 92 205685 0 0 0
-1531 -599 102 67 899365 0 0 0
-2220 -1069 80 91 131080 0 0 0
-2369 -1510 105 65 352682 0 0 0
-2439 -1805 104 68 731729 0 0 0
-2211 -1397 123 81 774621 0 0 0
-1885 -884 70 88 195322 0 0 0
-1278 -162 76 95 253428 0 0 0
-1027 -741 96 63 510059 0 0 0
890 -961 86 86 182008 0 0 0
473 -296 94 65 978544 0 0 0
161 247 66 120 387735 0 0 0
35 218 125 67 268088 0 0 0
-7 -429 122 91 285691 0 0 0
45 -120 123 65 324559 0 0 0
783 -374 71 100 876593 0 0 0
230 -411 91 71 152947 0 0 0
35 -1109 124 63 205309 0 0 0
115 -586 85 101 456343 0 0 0
85 -1015 105 114 811692 0 0 0
658 -1500 78 79 249264 0 0 0
1050 -1702 101 83 178821 0 0 0
1422 -2291 89 95 485832 0 0 0
1999 -2492 94 116 623401 0 0 0
2579 -1903 118 93 982487 0 0 0
3042 -2638 129 112 392586 0 0 0
2565 -2584 115 76 447764 0 0 0
3284 -2797 115 98 248756 0 0 0
3417 -2258 77 119 763738 0 0 0
4060 -2309 77 106 884021 0 0 0
4265 -1641 96 102 778646 0 0 0
3707 -1686 112 111 649647 0 0 0
4033 -1703 124 62 423961 0 0 0
3428 -1682 76 111 857589 0 0 0
2819 -1187 116 107 950245 0 0 0
3086 -1390 102 62 967798 0 0 0
2764 -1040 111 103 156827 0 0 0
2609 -517 111 114 102982 0 0 0
2411 -1151 84 74 143726 0 0 0
2762 -1395 77 117 737061 0 0 0
2370 -1059 110 104 454495 0 0 0
1728 -1574 69 98 169348 0 0 0
2137 -1321 128 115 427726 0 0 0
2277 -1878 130 73 619133 0 0 0
2910 -1756 106 102 689913 0 0 0
2201 -2525 126 70 489394 0 0 0
2224 -2037 74 95 696784 0 0 0
2499 -1971 73 82 742068 0 0 0
2660 -1423 124 104 990417 0 0 0
2569 -1534 105 102 970139 0 0 0
2590 -2052 98 62 114514 0 0 0
1941 -2512 87 64 798533 0 0 0
2476 -2633 97 71 876286 0 0 0
2797 -1953 111 62 438104 0 0 0
3392 -2707 71 65 166210 0 0 0
4053 -3092 93 80 977754 0 0 0
3414 -3607 105 78 514044 0 0 0
2995 -2863 98 103 991068 0 0 0
2782 -3610 79 83 861844 0 0 0
2264 -3809 87 114 561296 0 0 0
2871 -4243 99 66 428064 0 0 0
3091 -3997 115 69 250865 0 0 0
2564 -3694 112 82 663013 0 0 0
2513 -4002 105 113 308878 0 0 0
3150 -4258 68 114 405419 0 0 0
2523 -3662 118 68 392170 0 0 0
3023 -3776 112 92 590389 0 0 0
3739 -3958 88 117 290629 0 0 0
3208 -3680 84 93 819270 0 0 0
3394 -3445 84 98 174541 0 0 0
3228 -3286 111 110 445185 0 0 0
3342 -4052 118 67 529098 0 0 0
3305 -3684 111 77 387156 0 0 0
3981 -3801 98 71 953432 0 0 0
3483 -4274 107 83 456380 0 0 0
-1814 1691 89 87 318021 0 0 0
-1118 2123 121 109 607188 0 0 0
-387 1678 127 87 138894 0 0 0
50 1159 95 83 841020 0 0 0
469 1211 122 99 374179 0 0 0
72 1273 111 87 538197 0 0 0
467 766 81 74 444247 0 0 0
517 1327 120 76 309131 0 0 0
213 1178 71 72 165633 0 0 0
-178 765 92 113 798485 0 0 0
-603 1244 92 120 898292 0 0 0
-1296 1232 108 83 479396 0 0 0
-1279 1548 110 63 975010 0 0 0
-731 2284 95 87 147145 0 0 0
-158 2433 90 69 369905 0 0 0
385 2248 82 112 918948 0 0 0
557 1886 106 81 332464 0 0 0
79 1972 114 69 501182 0 0 0
-169 2241 123 70 118850 0 0 0
-537 2145 95 71 710431 0 0 0
-710 1851 116 83 711453 0 0 0
-496 2384 115 102 558980 0 0 0
-1024 1899 118 94 976884 0 0 0
-927 2173 121 73 223006 0 0 0
-198 1408 117 85 531551 0 0 0
0 2066 91 113 929567 0 0 0
-582 1599 100 76 360349 0 0 0
-296 2207 85 70 287967 0 0 0
226 2422 97 88 450555 0 0 0
786 2055 132 108 566797 0 0 0
572 2546 78 66 729388 0 0 0
73 2612 88 119 804922 0 0 0
238 2223 119 68 571132 0 0 0
441 2729 73 71 242235 0 0 0
-127 3171 102 84 926819 0 0 0
-605 3507 73 111 232874 0 0 0
-1307 3972 132 63 759937 0 0 0
-1583 4284 74 78 838696 0 0 0
-1212 3778 105 109 711311 0 0 0
-444 3222 97 109 735186 0 0 0
-361 2995 84 74 371477 0 0 0
-461 2393 104 89 176967 0 0 0
178 2890 95 113 261309 0 0 0
570 2677 96 61 136359 0 0 0
116 2138 133 114 734889 0 0 0
884 2808 88 77 690004 0 0 0
422 3302 83 85 578579 0 0 0
-156 3144 130 85 563233 0 0 0
-305 2667 130 83 592620 0 0 0
104 3075 91 66 226478 0 0 0
72 3269 126 69 675038 0 0 0
-237 3665 126 65 798185 0 0 0
-961 3621 132 68 335114 0 0 0
-1545 3348 109 97 151438 0 0 0
-923 3016 89 60 360034 0 0 0
-637 3156 86 93 114344 0 0 0
68 3891 71 119 102425 0 0 0
326 3385 84 82 180256 0 0 0
671 3722 113 102 333547 0 0 0
1140 4272 82 113 668530 0 0 0
447 4112 91 95 608834 0 0 0
1134 4145 93 61 884256 0 0 0
1165 3721 89 66 248064 0 0 0
1696 3610 74 88 178469 0 0 0
2355 2915 108 112 901734 0 0 0
-2908 2333 92 105 205440 0 0 0
-2221 2052 69 78 439565 0 0 0
-1624 2623 75 98 542665 0 0 0
-1625 2389 107 82 177078 0 0 0
-2341 2407 97 87 110292 0 0 0
-2417 2674 73 115 273557 0 0 0
-1848 2879 126 118 530859 0 0 0
-1315 3186 85 104 632176 0 0 0
-1733 3599 132 105 405527 0 0 0
-1842 3311 97 100 184094 0 0 0
-1833 3952 82 109 980909 0 0 0
-2220 3978 82 64 709810 0 0 0
-1658 3313 75 96 835863 0 0 0
-1134 3004 71 87 517048 0 0 0
-824 2653 70 83 752210 0 0 0
-1156 3054 98 88 965170 0 0 0
-1540 3770 79 82 339243 0 0 0
-1208 3043 122 111 202728 0 0 0
-877 3405 106 97 949635 0 0 0
-1635 3229 73 112 674160 0 0 0
-1880 2682 119 101 674937 0 0 0
-1738 2074 71 89 481585 0 0 0
-1264 1301 117 110 755653 0 0 0
-732 1426 82 115 534057 0 0 0
40 1184 112 69 787896 0 0 0
535 1760 124 76 983494 0 0 0
361 1578 88 95 833781 0 0 0
-208 2175 67 62 930557 0 0 0
-857 2537 121 96 693951 0 0 0
-491 2553 89 115 731075 0 0 0
-1263 2777 86 72 411081 0 0 0
-1465 2848 117 111 740735 0 0 0
-1498 2409 99 103 804655 0 0 0
-4 1520 116 78 423838 0 0 0
761 802 89 67 984705 0 0 0
809 797 68 75 368142 0 0 0
1291 574 122 85 605935 0 0 0
1641 179 132 104 611076 0 0 0
896 4 118 101 763347 0 0 0
1579 235 95 76 128659 0 0 0
1411 -170 76 74 921762 0 0 0
2186 392 109 60 856719 0 0 0
2917 717 70 69 497839 0 0 0
3458 571 76 76 890382 0 0 0
3076 86 95 112 886435 0 0 0
3527 694 84 87 705832 0 0 0
4027 459 98 70 507423 0 0 0
4051 680 117 70 644735 0 0 0
4183 550 71 88 546012 0 0 0
4627 -173 116 91 943293 0 0 0
5365 -446 129 94 107059 0 0 0
4978 -632 133 63 215407 0 0 0
5059 -25 112 116 114903 0 0 0
4560 -488 87 73 481019 0 0 0
4965 -398 100 70 704370 0 0 0
4968 -298 93 79 326573 0 0 0
4786 -809 109 103 155924 0 0 0
5457 -588 120 88 217164 0 0 0
4758 -87 92 65 815074 0 0 0
5457 161 120 102 219395 0 0 0
5040 249 84 112 776765 0 0 0
5092 183 95 97 518925 0 0 0
4463 67 104 77 774895 0 0 0
5180 -166 108 93 442776 0 0 0
4898 423 110 61 120756 0 0 0
4549 664 68 101 237555 0 0 0
3803 180 77 85 582221 0 0 0
3813 -408 86 66 289624 0 0 0
4245 44 94 76 111669 0 0 0
4050 523 81 110 248012 0 0 0
3563 564 77 73 444100 0 0 0
3431 -114 84 69 457201 0 0 0
2869 -418 129 106 877909 0 0 0
3113 -344 95 104 887828 0 0 0
3457 -85 83 81 400532 0 0 0
2832 -55 130 98 280647 0 0 0
2102 -44 98 89 176746 0 0 0
2154 -688 99 62 227889 0 0 0
2128 -556 113 93 698482 0 0 0
2354 -833 103 77 787397 0 0 0
2434 -702 108 114 187664 0 0 0
1965 -303 93 86 762459 0 0 0
1522 -147 125 109 645326 0 0 0
1221 -564 89 105 985660 0 0 0
1832 -79 68 99 537116 0 0 0
1321 -434 66 88 745315 0 0 0
840 -170 86 114 375118 0 0 0
224 175 123 61 984977 0 0 0
572 -524 95 114 194024 0 0 0
818 -71 104 104 333666 0 0 0
1372 351 94 93 743467 0 0 0
1840 493 78 117 593982 0 0 0
2106 1104 85 114 826102 0 0 0
1602 1329 82 116 324143 0 0 0
2329 1394 119 119 594286 0 0 0
2884 2056 110 83 965306 0 0 0
3175 1953 94 118 665193 0 0 0
3090 2027 82 68 325902 0 0 0
3069 2794 80 89 999360 0 0 0
2563 2863 91 103 120457 0 0 0
2070 2677 69 67 832143 0 0 0
2536 2459 115 95 907814 0 0 0
2815 2035 120 83 772088 0 0 0
2377 1264 67 76 286664 0 0 0
1776 1783 105 103 997621 0 0 0
2057 1844 85 109 525017 0 0 0
2289 1090 68 96 790746 0 0 0
2256 656 133 114 918560 0 0 0
2263 51 132 77 221276 0 0 0
2459 570 130 83 647781 0 0 0
3079 16 116 81 770750 0 0 0
3252 746 76 66 994561 0 0 0
3863 379 76 87 243676 0 0 0
3666 52 90 110 754004 0 0 0
4338 2 74 78 155024 0 0 0
4780 603 109 103 660184 0 0 0
4553 114 124 68 152722 0 0 0
3882 554 75 77 193735 0 0 0
3191 -106 107 119 460676 0 0 0
2470 -836 83 65 651102 0 0 0
1915 -1270 115 61 918409 0 0 0
2566 -936 113 81 886799 0 0 0
2331 -831 82 63 535287 0 0 0
2610 -407 114 80 880252 0 0 0
2644 -403 83 104 404663 0 0 0
3364 -65 87 96 464895 0 0 0
2738 198 118 62 172508 0 0 0
2014 417 115 85 701006 0 0 0
1896 473 94 118 643602 0 0 0
1238 480 133 105 412683 0 0 0
1161 458 79 102 278573 0 0 0
1658 356 80 111 609596 0 0 0
1103 397 101 104 354297 0 0 0
1544 700 128 80 318423 0 0 0
1385 1457 70 102 907877 0 0 0
782 2037 72 96 684173 0 0 0
1192 2498 78 75 228108 0 0 0
1884 2048 130 78 311643 0 0 0
2303 1850 110 65 301714 0 0 0
2690 2432 96 73 216347 0 0 0
3208 3073 107 107 998091 0 0 0
3492 2810 83 111 443040 0 0 0
3509 2416 97 80 893391 0 0 0
3370 2530 88 92 136975 0 0 0
2969 1783 130 64 364259 0 0 0
3724 2429 108 87 333197 0 0 0
4428 1821 125 80 642551 0 0 0
3666 2521 105 111 553152 0 0 0
3813 2412 112 115 679855 0 0 0
4396 2703 69 109 718604 0 0 0
4471 3336 99 113 961584 0 0 0
3719 3096 66 80 841896 0 0 0
3889 2922 108 104 831416 0 0 0
-3017 1400 71 106 280028 0 0 0
-3596 1590 97 107 817802 0 0 0
-3196 2324 94 71 771306 0 0 0
-2991 1723 109 108 428123 0 0 0
-2912 1855 114 92 912307 0 0 0
-3640 2043 67 65 689861 0 0 0
-3452 2225 126 88 265756 0 0 0
-2761 2953 80 69 937338 0 0 0
-3491 2214 105 73 841314 0 0 0
-4185 1958 99 118 641949 0 0 0
-4815 1971 84 76 778513 0 0 0
-4301 1683 77 89 736883 0 0 0
-4591 2208 126 80 785279 0 0 0
-4992 2227 83 70 188709 0 0 0
-5253 1918 105 112 396585 0 0 0
-5267 1617 118 107 933890 0 0 0
-5392 1048 133 108 931306 0 0 0
-4784 554 128 80 534681 0 0 0
-4651 326 95 63 371660 0 0 0
-3909 -172 71 110 616903 0 0 0
-4011 -719 92 89 597377 0 0 0
-4422 -919 73 72 299003 0 0 0
-3889 -891 88 70 562704 0 0 0
-3947 -186 110 109 675440 0 0 0
-4706 -581 131 119 849797 0 0 0
-4818 -1030 108 110 728642 0 0 0
-4115 -366 101 82 757461 0 0 0
-4775 -196 88 70 126739 0 0 0
-4956 20 106 112 766690 0 0 0
-5203 758 83 72 937235 0 0 0
-4439 1096 69 71 444677 0 0 0
-3714 1093 120 84 115057 0 0 0
-4301 1096 97 78 677174 0 0 0
-3693 1545 110 104 404751 0 0 0
-4028 2223 130 66 246836 0 0 0
-4729 2881 91 82 405730 0 0 0
-4705 2614 97 73 957449 0 0 0
-3970 2234 85 108 157019 0 0 0
378 3028 91 88 957683 0 0 0
843 3440 81 75 997160 0 0 0
1150 3523 126 88 391673 0 0 0
1869 3953 72 77 187106 0 0 0
2254 3475 80 70 271243 0 0 0
1687 2740 93 87 611138 0 0 0
1375 3181 119 116 534489 0 0 0
1634 3792 75 87 109520 0 0 0
1775 3105 80 101 846521 0 0 0
2047 3655 114 90 628881 0 0 0
2256 3814 107 119 461217 0 0 0
2804 3906 74 77 131033 0 0 0
2839 3883 109 105 830826 0 0 0
3277 4250 79 90 601736 0 0 0
3797 3551 96 106 620171 0 0 0
4303 3287 115 86 514104 0 0 0
5011 3987 96 60 997383 0 0 0
4349 3562 69 74 195261 0 0 0
4912 3221 67 92 501130 0 0 0
4297 3843 121 62 284338 0 0 0
4472 4418 68 107 197332 0 0 0
5207 5002 79 81 576239 0 0 0
5042 4915 100 87 157489 0 0 0
4272 5614 81 114 882702 0 0 0
3583 6327 75 73 368345 0 0 0
3487 6175 108 100 317780 0 0 0
3691 6313 112 112 540067 0 0 0
3243 6879 129 101 129463 0 0 0
2853 6162 91 104 397284 0 0 0
3180 6561 71 78 525952 0 0 0
2543 7174 101 114 763536 0 0 0
1821 7421 118 88 547876 0 0 0
2190 7985 113 115 173199 0 0 0
1785 7696 127 76 628589 0 0 0
2513 8192 117 61 978514 0 0 0
3198 8177 128 99 185416 0 0 0
3741 7505 103 103 222397 0 0 0
4172 7725 69 116 798665 0 0 0
4086 7249 104 64 487031 0 0 0
4812 6672 71 112 909750 0 0 0
4560 7132 125 105 477733 0 0 0
5115 7602 87 76 468348 0 0 0
4891 8288 111 117 493146 0 0 0
4145 7706 97 80 174913 0 0 0
4382 7263 91 110 415925 0 0 0
3823 7181 79 94 725204 0 0 0
4140 7707 82 61 458129 0 0 0
3411 7261 81 79 192392 0 0 0
3602 7404 114 96 255116 0 0 0
3274 7564 119 101 333288 0 0 0
2975 7999 97 88 562194 0 0 0
2426 7418 72 65 152650 0 0 0
2331 6755 71 82 553817 0 0 0
2714 6401 116 102 344231 0 0 0
2535 5927 132 69 278200 0 0 0
3099 5353 110 88 405881 0 0 0
2621 5078 99 116 468419 0 0 0
2191 5408 71 79 817489 0 0 0
1811 5527 71 74 322551 0 0 0
1813 5799 124 86 251353 0 0 0
1151 5744 69 78 466173 0 0 0
943 5672 87 83 297974 0 0 0
1037 5447 74 117 799351 0 0 0
1735 5482 74 71 444915 0 0 0
1936 5430 129 78 884075 0 0 0
2241 5937 109 109 266699 0 0 0
2933 5832 105 88 494720 0 0 0
2254 5740 130 77 988141 0 0 0
1556 5553 86 109 850402 0 0 0
1992 5536 109 84 562303 0 0 0
2604 6261 116 76 378440 0 0 0
2200 6489 99 69 154754 0 0 0
2770 6201 107 66 673610 0 0 0
2085 6043 103 78 339169 0 0 0
1559 6001 89 117 847343 0 0 0
1943 6650 76 69 910461 0 0 0
1768 7417 91 91 813838 0 0 0
1467 6790 108 103 153401 0 0 0
933 7247 101 60 421811 0 0 0
309 6752 84 87 551941 0 0 0
-208 6130 85 65 131652 0 0 0
-349 5946 127 117 129373 0 0 0
-349 5239 98 85 363747 0 0 0
-252 5122 116 98 720603 0 0 0
113 4354 110 81 589425 0 0 0
532 4230 129 64 111336 0 0 0
-151 4178 69 65 391535 0 0 0
-773 4810 91 91 961632 0 0 0
-334 5215 104 107 304819 0 0 0
-256 5445 115 70 403431 0 0 0
427 5860 96 65 547387 0 0 0
1026 6486 88 74 500921 0 0 0
1571 6825 78 113 424844 0 0 0
2051 6342 106 83 520915 0 0 0
2485 5585 99 76 412724 0 0 0
3037 5617 123 76 138822 0 0 0
2692 5826 80 96 413233 0 0 0
1964 5945 129 120 829201 0 0 0
1808 6424 123 75 295200 0 0 0
2216 5869 85 86 736584 0 0 0
2931 5252 79 93 138393 0 0 0
3346 4930 78 110 864669 0 0 0
3145 4174 73 97 234299 0 0 0
3388 4009 127 69 811914 0 0 0
4091 3308 84 111 800455 0 0 0
3407 3520 122 111 593661 0 0 0
2959 3203 127 118 741416 0 0 0
3714 3687 75 71 120718 0 0 0
3211 3157 128 100 551682 0 0 0
3187 3923 122 118 830137 0 0 0
3841 4354 92 112 969547 0 0 0
3353 4985 72 100 833777 0 0 0
2826 4417 103 70 845468 0 0 0
2985 4865 113 117 598242 0 0 0
2993 4260 79 96 935141 0 0 0
730 -121 71 77 780084 0 0 0
406 -434 130 100 776744 0 0 0
-195 -1164 75 75 260972 0 0 0
-184 -1799 106 85 215661 0 0 0
-18 -1339 121 93 679614 0 0 0
532 -1625 95 84 520371 0 0 0
841 -1568 130 97 669509 0 0 0
890 -1336 66 88 997027 0 0 0
967 -941 78 82 998332 0 0 0
883 -807 88 113 986463 0 0 0
734 -606 100 104 208086 0 0 0
663 -560 122 99 603503 0 0 0
1147 -1167 91 93 699498 0 0 0
1905 -1487 81 63 950983 0 0 0
2347 -978 128 83 787244 0 0 0
1760 -1624 113 60 975121 0 0 0
1532 -1526 78 72 423033 0 0 0
1753 -2129 117 62 514101 0 0 0
2415 -1458 118 87 228678 0 0 0
3155 -1477 125 115 589733 0 0 0
3081 -1715 76 108 229378 0 0 0
2824 -1138 112 117 142464 0 0 0
3456 -1519 97 82 393433 0 0 0
4210 -1594 70 98 440858 0 0 0
4507 -1520 72 96 483948 0 0 0
3987 -1694 98 96 814465 0 0 0
3926 -1066 100 70 735920 0 0 0
3883 -1361 116 72 742052 0 0 0
3165 -1854 108 68 836457 0 0 0
2843 -1763 82 65 699453 0 0 0
2073 -2259 115 95 186000 0 0 0
2203 -2082 97 83 189559 0 0 0
2488 -1410 96 66 348773 0 0 0
1940 -1126 111 65 502493 0 0 0
1695 -1157 87 60 923068 0 0 0
2261 -884 116 96 226532 0 0 0
2513 -1489 72 91 289297 0 0 0
2187 -1537 101 104 235584 0 0 0
2856 -2307 127 79 197415 0 0 0
3574 -2809 86 115 282842 0 0 0
2962 -2624 87 117 632253 0 0 0
3545 -2269 118 75 867412 0 0 0
4131 -2569 66 82 394149 0 0 0
4307 -2150 69 109 687709 0 0 0
4776 -1649 115 106 391059 0 0 0
4592 -2397 98 120 690418 0 0 0
4172 -1750 114 80 671093 0 0 0
3681 -1676 119 101 693600 0 0 0
3060 -972 74 120 270356 0 0 0
3203 -266 104 90 732718 0 0 0
3397 -886 85 104 103797 0 0 0
3545 -1036 90 94 642683 0 0 0
4077 -338 103 84 207551 0 0 0
4788 356 100 113 767234 0 0 0
4790 56 127 67 782314 0 0 0
4996 -538 90 85 597015 0 0 0
5392 -1295 74 102 231270 0 0 0
4631 -2013 73 109 615718 0 0 0
4201 -1784 72 83 680327 0 0 0
4470 -1013 132 65 605934 0 0 0
4567 -713 100 118 559525 0 0 0
4511 -704 123 73 788726 0 0 0
4326 -1318 81 93 343079 0 0 0
4336 -850 127 77 716703 0 0 0
4245 -1412 95 72 833665 0 0 0
4628 -1126 101 72 968755 0 0 0
4768 -501 105 87 947417 0 0 0
4324 -407 102 114 536552 0 0 0
3906 -982 130 71 846223 0 0 0
4523 -1133 80 111 242008 0 0 0
3943 -1653 85 95 646584 0 0 0
3788 -2191 120 62 708338 0 0 0
4514 -2092 102 96 658653 0 0 0
4145 -2213 73 89 244179 0 0 0
3489 -1494 100 120 207325 0 0 0
4254 -2252 118 70 570480 0 0 0
4998 -2658 116 113 751194 0 0 0
4527 -1897 109 80 853936 0 0 0
-1321 -2880 111 111 338493 0 0 0
-584 -2616 99 83 763671 0 0 0
22 -2635 126 116 543405 0 0 0
113 -3106 128 90 510837 0 0 0
-641 -3280 115 106 691071 0 0 0
-1059 -3841 106 95 956457 0 0 0
-836 -4013 73 100 703849 0 0 0
-1539 -4776 96 103 783246 0 0 0
-1384 -4252 113 115 523997 0 0 0
-1421 -3997 97 88 323326 0 0 0
-2076 -3743 82 99 837497 0 0 0
-2630 -3279 124 108 276118 0 0 0
-2327 -3307 123 114 399338 0 0 0
-2569 -2695 107 106 651483 0 0 0
-2743 -2033 132 80 355705 0 0 0
-3005 -2186 76 66 390425 0 0 0
-2715 -2585 105 105 202729 0 0 0
-3199 -3235 131 90 662224 0 0 0
-3885 -3658 127 106 934578 0 0 0
-3228 -4285 94 66 699011 0 0 0
-3905 -4196 85 67 887581 0 0 0
-4303 -4860 106 117 267589 0 0 0
-3693 -4565 105 114 315674 0 0 0
-4097 -4245 101 111 479021 0 0 0
-3401 -4785 121 99 816233 0 0 0
-3838 -4563 113 89 266650 0 0 0
-3631 -4886 98 60 301431 0 0 0
-2935 -5096 131 104 937131 0 0 0
-2636 -4723 123 71 456028 0 0 0
-2546 -4915 107 60 763243 0 0 0
-2546 -5326 124 104 689506 0 0 0
-2670 -5648 95 96 870621 0 0 0
-2141 -6200 81 83 708504 0 0 0
-1822 -5994 132 61 554468 0 0 0
-1282 -5832 132 85 838281 0 0 0
-1605 -5254 124 70 561191 0 0 0
-1953 -4803 99 100 712235 0 0 0
-2412 -5316 124 117 918227 0 0 0
-2467 -4697 89 107 596452 0 0 0
-2015 -4771 126 106 470107 0 0 0
-2710 -4869 96 78 539717 0 0 0
-2605 -5279 81 114 838353 0 0 0
-3211 -5788 132 97 643716 0 0 0
-3923 -6212 78 96 686360 0 0 0
-3744 -5925 125 98 522893 0 0 0
-3227 -6336 85 98 770352 0 0 0
-3740 -6556 128 88 946053 0 0 0
-3573 -6140 110 89 144269 0 0 0
-2982 -6639 102 103 126742 0 0 0
-2649 -6987 109 98 941365 0 0 0
-2898 -6670 101 102 817849 0 0 0
-2612 -6071 108 90 927739 0 0 0
-3368 -6186 99 83 472660 0 0 0
-2972 -6961 74 105 830587 0 0 0
-3011 -7474 113 87 498890 0 0 0
-2791 -7189 106 98 846554 0 0 0
-2044 -6429 128 94 348630 0 0 0
-1828 -6198 81 89 212701 0 0 0
-1130 -6651 112 109 388104 0 0 0
-743 -6016 87 95 859885 0 0 0
-743 -5600 103 117 614318 0 0 0
-632 -5738 118 87 193183 0 0 0
-136 -6229 93 110 815577 0 0 0
211 -6513 130 64 258791 0 0 0
58 -6394 114 61 510764 0 0 0
78 -6133 75 107 488058 0 0 0
646 -6593 129 112 819597 0 0 0
-35 -7078 120 106 570307 0 0 0
341 -6948 115 117 556034 0 0 0
747 -7277 112 67 274459 0 0 0
2325 -1495 82 73 918465 0 0 0
2105 -2171 118 101 529281 0 0 0
2617 -1668 93 64 720541 0 0 0
2207 -2332 92 101 282342 0 0 0
2395 -2970 80 98 124356 0 0 0
1649 -2213 130 79 941892 0 0 0
2132 -2034 128 71 589480 0 0 0
1966 -2131 110 106 324626 0 0 0
1699 -1981 110 113 590593 0 0 0
2137 -1800 66 116 124343 0 0 0
2827 -1777 115 83 880879 0 0 0
3264 -1789 118 117 633978 0 0 0
3902 -1295 133 118 405434 0 0 0
4668 -1513 68 67 552646 0 0 0
3905 -1047 105 107 921815 0 0 0
4500 -1820 66 74 826849 0 0 0
4636 -2591 110 74 153006 0 0 0
5094 -3191 119 89 676463 0 0 0
4721 -3793 77 117 323849 0 0 0
4687 -3844 85 76 363964 0 0 0
5431 -3570 86 101 498895 0 0 0
4894 -3113 111 88 160604 0 0 0
5522 -2410 98 61 145370 0 0 0
6108 -3174 116 72 547206 0 0 0
6023 -3324 103 107 511061 0 0 0
5500 -3536 115 82 599107 0 0 0
6023 -4240 95 109 844581 0 0 0
6701 -4371 98 73 545474 0 0 0
6871 -4311 133 119 328157 0 0 0
6974 -4320 96 93 210431 0 0 0
7471 -4038 131 108 366055 0 0 0
7490 -4094 66 76 184384 0 0 0
7879 -3502 125 81 660411 0 0 0
7408 -3090 125 68 395974 0 0 0
6835 -3102 67 61 728994 0 0 0
7376 -3581 69 103 318143 0 0 0
8136 -3790 87 117 622328 0 0 0
8083 -4103 108 73 614548 0 0 0
8553 -3607 79 94 672009 0 0 0
7950 -2933 99 112 766385 0 0 0
8644 -2293 101 108 104165 0 0 0
9048 -1939 108 104 655930 0 0 0
9155 -1187 84 120 341809 0 0 0
9465 -475 78 87 794018 0 0 0
10126 -417 127 81 136280 0 0 0
9450 -1068 91 100 538190 0 0 0
9875 -596 85 83 298064 0 0 0
523 243 75 72 610693 0 0 0
579 730 132 64 992140 0 0 0
948 1477 100 71 333534 0 0 0
859 1665 101 100 719278 0 0 0
1540 2118 99 65 644301 0 0 0
1947 1397 107 96 649979 0 0 0
2049 1372 107 67 507111 0 0 0
1297 1198 78 67 826478 0 0 0
654 1478 82 113 134668 0 0 0
233 1014 119 69 246757 0 0 0
23 1035 74 101 367971 0 0 0
-346 460 83 103 859194 0 0 0
-507 241 97 116 646171 0 0 0
96 620 114 81 439623 0 0 0
-444 741 73 105 379868 0 0 0
-974 898 89 100 978822 0 0 0
-1586 572 66 111 285437 0 0 0
-1559 1188 100 112 775234 0 0 0
-1826 1747 114 109 188141 0 0 0
-1491 1376 100 67 218933 0 0 0
-1287 1378 130 104 374798 0 0 0
-735 1920 102 103 744116 0 0 0
-9 2590 118 86 234850 0 0 0
-602 2208 98 67 496414 0 0 0
-255 2151 96 120 690557 0 0 0
-350 2904 101 102 659921 0 0 0
-634 2171 103 98 341465 0 0 0
-393 1867 97 105 677461 0 0 0
-434 1551 99 103 234973 0 0 0
-927 2082 93 110 128065 0 0 0
-527 2687 92 84 354217 0 0 0
-1239 2858 115 103 198357 0 0 0
-1784 3361 72 102 875543 0 0 0
-2031 2851 84 117 973462 0 0 0
-1286 3448 124 105 878201 0 0 0
-2051 2745 117 86 372278 0 0 0
-2464 3059 86 60 435837 0 0 0
-1916 3465 116 87 184730 0 0 0
-1280 3917 91 67 213964 0 0 0
-854 3195 76 95 181060 0 0 0
-79 2554 67 70 895098 0 0 0
-292 2652 83 69 239178 0 0 0
286 3367 95 78 734551 0 0 0
464 3906 132 78 242929 0 0 0
1164 4083 114 96 774913 0 0 0
1120 3411 122 107 327161 0 0 0
1662 3720 97 67 994525 0 0 0
935 3561 91 120 835470 0 0 0
412 2846 86 84 355400 0 0 0
1033 3305 70 68 243487 0 0 0
1079 3105 83 75 340376 0 0 0
1217 2400 95 117 560129 0 0 0
819 3075 99 93 344221 0 0 0
68 3452 71 116 776742 0 0 0
-394 3607 116 65 119130 0 0 0
-322 4092 119 84 903159 0 0 0
-532 3944 111 94 832526 0 0 0
-180 3320 83 105 851244 0 0 0
-919 2955 72 75 386718 0 0 0
-257 3260 115 116 256685 0 0 0
-863 3894 70 86 926136 0 0 0
-106 3190 125 90 330231 0 0 0
198 2545 82 67 152610 0 0 0
-29 2714 90 84 511024 0 0 0
310 3208 119 73 894539 0 0 0
931 2614 85 102 137420 0 0 0
-826 -2147 118 107 119770 0 0 0
-1260 -2389 95 62 263352 0 0 0
-1692 -1733 105 83 714591 0 0 0
-1232 -1829 124 104 163097 0 0 0
-1099 -1856 116 88 858374 0 0 0
-345 -2037 121 109 737420 0 0 0
-669 -2483 125 72 449244 0 0 0
-1072 -2660 118 81 552816 0 0 0
-1251 -3310 111 68 756847 0 0 0
-1947 -3380 105 72 913173 0 0 0
-2279 -3940 115 75 438609 0 0 0
-2497 -3906 112 107 512080 0 0 0
-2165 -4498 111 102 290972 0 0 0
-2592 -3861 110 119 246530 0 0 0
-3205 -4035 69 104 756363 0 0 0
-3533 -3311 122 116 907672 0 0 0
-3973 -3401 79 92 255257 0 0 0
-3225 -4152 72 62 248060 0 0 0
-2614 -3893 114 85 386970 0 0 0
-2299 -3817 92 71 932815 0 0 0
-1645 -3484 86 114 354055 0 0 0
-1389 -3782 124 96 561827 0 0 0
-1579 -3721 84 68 413477 0 0 0
-829 -3572 100 67 243819 0 0 0
-334 -3018 128 65 983972 0 0 0
394 -3559 88 60 860898 0 0 0
236 -3077 88 84 422682 0 0 0
-20 -3053 80 64 560078 0 0 0
156 -2575 131 85 349403 0 0 0
744 -3202 109 93 166057 0 0 0
1255 -2707 126 112 691195 0 0 0
532 -3178 128 65 301985 0 0 0
472 -3530 92 82 903667 0 0 0
642 -4087 81 90 494507 0 0 0
1051 -4131 95 105 353035 0 0 0
350 -4742 129 68 116146 0 0 0
-385 -4577 66 112 985678 0 0 0
-952 -3975 104 101 880844 0 0 0
-530 -3520 78 103 551123 0 0 0
-807 -4106 94 93 687063 0 0 0
-1397 -3343 69 69 773005 0 0 0
-1244 -2647 85 67 291589 0 0 0
-1764 -2109 79 60 540766 0 0 0
-1530 -1903 79 72 951182 0 0 0
-948 -2405 113 82 871768 0 0 0
-457 -1935 114 111 401763 0 0 0
-41 -1685 109 109 280555 0 0 0
503 -2299 133 81 392623 0 0 0
23 -2478 109 67 886095 0 0 0
-482 -3085 96 61 544458 0 0 0
-281 -2802 73 112 917719 0 0 0
-958 -2953 126 85 631374 0 0 0
-780 -2751 78 91 824950 0 0 0
-104 -2659 81 108 884154 0 0 0
-421 -3125 123 62 591643 0 0 0
-773 -3076 68 90 530781 0 0 0
-1529 -2428 107 92 823804 0 0 0
-1101 -3039 93 98 879378 0 0 0
-1088 -3322 68 91 627053 0 0 0
-1455 -3289 119 99 382065 0 0 0
-1670 -3009 88 64 139194 0 0 0
-2159 -2591 104 119 617103 0 0 0
-2192 -2963 118 108 693884 0 0 0
-2465 -3596 132 69 372054 0 0 0
-1768 -2994 129 115 384053 0 0 0
-1257 -2621 111 68 251202 0 0 0
-842 -2118 106 62 471855 0 0 0
-811 -2769 132 115 958931 0 0 0
-962 -2224 95 73 932135 0 0 0
-771 -2987 127 104 565858 0 0 0
-944 -2446 87 116 259812 0 0 0
-1147 -2309 119 115 975422 0 0 0
-1712 -3020 92 68 848253 0 0 0
-1473 -3058 117 98 650193 0 0 0
-2042 -2942 67 81 276098 0 0 0
-1572 -2615 96 80 196203 0 0 0
-1685 -3166 125 75 854863 0 0 0
-2230 -2782 111 71 916636 0 0 0
-2935 -2940 78 89 767148 0 0 0
-1571 -982 110 89 613792 0 0 0
-1430 -1031 109 120 243475 0 0 0
-1685 -879 123 100 799015 0 0 0
-1859 -1363 117 90 429551 0 0 0
-1524 -632 133 111 490490 0 0 0
-1184 -428 125 65 797030 0 0 0
-606 137 112 111 190201 0 0 0
-1334 -298 127 106 960943 0 0 0
-1922 43 116 93 862719 0 0 0
-1722 -322 73 62 339493 0 0 0
-1353 -345 128 87 363612 0 0 0
-709 208 98 61 884308 0 0 0
-1283 -173 100 87 348262 0 0 0
-1018 -120 76 109 361820 0 0 0
-824 159 84 100 803795 0 0 0
-255 217 122 77 983677 0 0 0
453 -428 96 85 819681 0 0 0
405 -1073 110 87 985996 0 0 0
455 -815 119 108 205308 0 0 0
1084 -1043 128 66 813388 0 0 0
551 -735 87 79 212712 0 0 0
764 -1361 105 79 401993 0 0 0
1191 -2068 114 81 966224 0 0 0
1234 -2413 74 86 179855 0 0 0
597 -2727 90 86 914193 0 0 0
853 -2375 113 94 500346 0 0 0
977 -1932 132 102 317990 0 0 0
1147 -1872 103 64 897222 0 0 0
1721 -2565 80 94 574705 0 0 0
1896 -3170 76 103 541294 0 0 0
1608 -3108 83 99 835779 0 0 0
899 -3123 102 63 733109 0 0 0
537 -3321 128 72 853719 0 0 0
350 -2561 81 111 649663 0 0 0
620 -2387 118 115 524121 0 0 0
1353 -2553 100 73 657569 0 0 0
1118 -3160 132 80 987778 0 0 0
902 -3780 97 98 598406 0 0 0
672 -4180 90 105 344736 0 0 0
1212 -3912 98 61 565276 0 0 0
1169 -3608 106 96 787051 0 0 0
1829 -3081 92 118 597987 0 0 0
2337 -2686 100 84 276079 0 0 0
2352 -2182 86 102 579332 0 0 0
2839 -2602 100 96 274423 0 0 0
2630 -2318 132 108 466699 0 0 0
2517 -2855 69 62 110871 0 0 0
2602 -2786 72 99 218427 0 0 0
2016 -3281 77 77 770337 0 0 0
2435 -3942 114 118 256173 0 0 0
2106 -3610 97 62 606680 0 0 0
1757 -4042 81 98 983795 0 0 0
1409 -4259 110 86 501364 0 0 0
1606 -4255 125 91 999856 0 0 0
1882 -4849 74 82 891336 0 0 0
1853 -5541 72 113 542359 0 0 0
1618 -6073 90 99 368359 0 0 0
1725 -5916 105 68 887033 0 0 0
-1648 1659 122 112 887125 0 0 0
-1679 950 69 74 299029 0 0 0
-1676 286 71 112 286908 0 0 0
-1718 393 72 81 574821 0 0 0
-1369 -371 76 113 156029 0 0 0
-774 262 128 69 324695 0 0 0
-1263 509 92 84 955952 0 0 0
-1949 342 78 90 827585 0 0 0
-2314 -317 86 120 315933 0 0 0
-1787 -666 80 107 468351 0 0 0
-2105 -1200 132 106 506655 0 0 0
-2118 -703 109 98 851251 0 0 0
-2185 -561 75 66 685923 0 0 0
-2830 -922 124 95 964074 0 0 0
-3578 -1594 87 63 877453 0 0 0
-4119 -895 96 92 573246 0 0 0
-4338 -1599 73 93 978521 0 0 0
-4618 -2289 88 105 892415 0 0 0
-4762 -1786 97 71 770647 0 0 0
-4438 -1061 74 115 914009 0 0 0
-4454 -1803 119 86 182805 0 0 0
-5015 -1683 87 63 351708 0 0 0
-5626 -1216 82 99 863182 0 0 0
-5524 -1096 125 106 644517 0 0 0
-6126 -391 127 61 297696 0 0 0
-5645 -70 80 109 689517 0 0 0
-5473 11 66 98 859757 0 0 0
-5894 -376 85 118 731629 0 0 0
-6656 -944 66 111 931331 0 0 0
-7034 -256 69 94 606696 0 0 0
-6797 209 82 77 821223 0 0 0
-7290 640 128 104 657002 0 0 0
-6616 601 78 120 907037 0 0 0
-6190 842 99 104 910257 0 0 0
-6960 131 125 103 724951 0 0 0
-7160 -252 80 75 681670 0 0 0
-7263 -868 90 88 255553 0 0 0
-6773 -1529 70 83 620013 0 0 0
-6999 -2304 97 114 313463 0 0 0
-7463 -2681 116 61 639860 0 0 0
-7208 -3336 110 120 591534 0 0 0
-7183 -2880 72 83 923087 0 0 0
-7255 -2549 130 89 517739 0 0 0
-7776 -3189 107 104 861482 0 0 0
-7460 -3615 77 119 546694 0 0 0
-7014 -3253 104 74 354886 0 0 0
-6669 -3779 67 116 443908 0 0 0
-6619 -4412 100 114 520648 0 0 0
-6570 -4967 77 89 587148 0 0 0
-5846 -5412 117 63 984358 0 0 0
-5286 -5056 90 93 455784 0 0 0
-5343 -5591 114 97 556680 0 0 0
-5333 -5972 77 98 699642 0 0 0
-5087 -6324 112 63 453569 0 0 0
-5238 -5751 79 84 446079 0 0 0
-4495 -6515 78 68 981343 0 0 0
-4355 -6133 106 99 470152 0 0 0
-4516 -6025 78 60 551607 0 0 0
-5290 -6531 106 115 520938 0 0 0
-5104 -5960 104 103 476373 0 0 0
-4988 -6524 113 118 653904 0 0 0
-5617 -6409 109 77 722060 0 0 0
-5024 -6006 85 115 257155 0 0 0
-5612 -5830 126 102 181866 0 0 0
-6137 -5694 74 86 503430 0 0 0
-6280 -5252 116 98 458877 0 0 0
-6445 -4761 73 69 587280 0 0 0
-5826 -4220 120 96 754332 0 0 0
-5126 -3521 86 73 867684 0 0 0
-4486 -3165 79 115 355906 0 0 0
-4268 -2756 99 106 491518 0 0 0
-3995 -2925 94 95 480558 0 0 0
-3544 -2341 118 106 147219 0 0 0
-3605 -1579 98 79 189660 0 0 0
-3376 -2182 129 118 886576 0 0 0
-3631 -1686 103 63 281128 0 0 0
-3326 -1632 97 99 765586 0 0 0
-2701 -2079 70 69 123989 0 0 0
-878 -1636 107 100 416546 0 0 0
-817 -1727 117 72 694018 0 0 0
-1365 -1948 76 95 563648 0 0 0
-1095 -2139 121 99 708909 0 0 0
-682 -1471 88 80 470828 0 0 0
-77 -1352 89 98 561388 0 0 0
642 -1800 89 89 670119 0 0 0
309 -2491 133 97 376998 0 0 0
-337 -2909 108 105 120583 0 0 0
-337 -2933 77 76 912873 0 0 0
-372 -3314 108 119 762812 0 0 0
-931 -3325 112 80 211826 0 0 0
-939 -3811 83 80 458441 0 0 0
-1582 -3436 127 102 507345 0 0 0
-1325 -3818 93 83 827209 0 0 0
-1686 -3279 115 75 967013 0 0 0
-1487 -2758 125 74 485257 0 0 0
-2128 -3117 85 60 734034 0 0 0
-2384 -3476 81 92 673869 0 0 0
-1615 -4070 107 76 499574 0 0 0
-1662 -4776 80 63 587610 0 0 0
-1196 -4870 106 110 534064 0 0 0
-864 -4493 131 80 981515 0 0 0
-1303 -4719 133 81 879839 0 0 0
-1574 -4714 127 99 873840 0 0 0
-1153 -5423 107 120 800735 0 0 0
-1380 -4689 103 111 375315 0 0 0
-752 -4073 113 67 534619 0 0 0
-333 -3574 116 98 360215 0 0 0
-33 -3615 129 111 806417 0 0 0
-274 -4187 78 105 103622 0 0 0
-316 -3857 88 102 276380 0 0 0
-217 -4272 121 99 838900 0 0 0
386 -4064 125 111 989208 0 0 0
640 -4689 105 92 404789 0 0 0
-1448 2986 119 109 909247 0 0 0
-814 2833 129 63 592596 0 0 0
-872 2164 98 119 310158 0 0 0
-1527 2301 116 117 797181 0 0 0
-2012 1565 82 74 797921 0 0 0
-2147 938 121 103 873069 0 0 0
-1640 1242 102 84 827713 0 0 0
-1193 706 84 93 711134 0 0 0
-1097 604 72 63 625523 0 0 0
-982 275 115 75 305617 0 0 0
-960 630 101 73 896928 0 0 0
-200 1280 110 82 788472 0 0 0
-34 1044 89 62 469906 0 0 0
292 338 126 62 282321 0 0 0
-155 300 96 87 435611 0 0 0
254 -252 84 93 714369 0 0 0
-113 -31 70 104 671333 0 0 0
360 -346 112 88 906776 0 0 0
-255 -272 104 88 274702 0 0 0
217 -223 93 117 606085 0 0 0
-395 61 82 91 201732 0 0 0
-755 154 87 109 224630 0 0 0
-1161 -83 66 80 409746 0 0 0
-627 -501 113 66 484460 0 0 0
-720 -110 71 98 424713 0 0 0
-642 -546 112 61 670222 0 0 0
-208 -897 99 118 322073 0 0 0
-356 -1056 67 69 853536 0 0 0
-761 -1189 91 73 343841 0 0 0
-879 -643 133 106 882171 0 0 0
-712 -915 124 89 785314 0 0 0
-1252 -585 112 62 145431 0 0 0
-1561 -168 96 101 268565 0 0 0
-2236 -115 111 79 609793 0 0 0
-2411 -849 106 92 539366 0 0 0
-2883 -754 74 63 958075 0 0 0
-2487 -1003 97 120 999588 0 0 0
-3203 -1181 111 88 321679 0 0 0
-3522 -470 66 105 174151 0 0 0
-3895 -363 105 120 305549 0 0 0
-3571 112 84 82 605931 0 0 0
-3098 459 117 66 141275 0 0 0
-3499 135 83 95 705782 0 0 0
-3468 -377 66 100 365472 0 0 0
-3584 -787 124 69 624413 0 0 0
-2863 -801 133 61 798663 0 0 0
-2907 -560 99 70 700994 0 0 0
-2545 149 118 86 489133 0 0 0
-2209 -237 70 63 229846 0 0 0
-1861 -209 81 118 578638 0 0 0
-1581 -572 119 66 801410 0 0 0
-1980 -638 97 112 728843 0 0 0
-2063 -120 132 90 378787 0 0 0
-1814 -16 107 68 566225 0 0 0
-1488 -666 103 77 941826 0 0 0
-2161 -1257 131 113 240642 0 0 0
-2249 -1687 70 105 958657 0 0 0
-1413 -562 93 117 925076 0 0 0
-1591 -35 85 92 214069 0 0 0
-1162 -631 106 118 449195 0 0 0
-1486 -105 104 87 962429 0 0 0
-827 -411 109 66 998558 0 0 0
-1505 -824 102 75 584226 0 0 0
-2161 -466 102 84 798622 0 0 0
-2552 -1081 132 113 115443 0 0 0
-2012 -1404 108 98 654031 0 0 0
-1306 -857 128 69 496784 0 0 0
-842 -1154 94 97 758144 0 0 0
-1268 -1649 128 119 845249 0 0 0
-1946 -1264 73 117 389908 0 0 0
-1868 -513 82 61 341623 0 0 0
-2179 -236 102 112 206652 0 0 0
-2612 283 81 98 802687 0 0 0
2513 -1197 71 113 361748 0 0 0
3160 -815 127 91 612566 0 0 0
2646 -1558 69 76 827047 0 0 0
2007 -2282 69 115 814612 0 0 0
1876 -2558 94 119 622456 0 0 0
2359 -2436 89 72 336781 0 0 0
3108 -1927 97 82 770933 0 0 0
3547 -2686 76 90 951343 0 0 0
3836 -2820 131 94 866605 0 0 0
3459 -3328 78 61 993050 0 0 0
3032 -2831 87 109 898552 0 0 0
2363 -2486 123 118 597417 0 0 0
2133 -3001 132 68 648134 0 0 0
1911 -2887 126 114 292925 0 0 0
1570 -2149 132 91 103567 0 0 0
1217 -1764 85 81 164361 0 0 0
1645 -1353 70 116 877834 0 0 0
1356 -1125 121 86 144145 0 0 0
1933 -1249 94 107 290147 0 0 0
1551 -1080 83 77 883426 0 0 0
1248 -676 68 103 372300 0 0 0
1225 -214 84 91 149741 0 0 0
1480 -54 95 118 975662 0 0 0
1680 674 66 107 501328 0 0 0
1263 1229 98 70 490251 0 0 0
1645 794 108 101 318557 0 0 0
2029 1487 105 68 639105 0 0 0
2301 755 130 60 925794 0 0 0
2893 379 102 65 268351 0 0 0
3571 971 90 91 653496 0 0 0
4116 1713 113 93 770637 0 0 0
4534 1053 79 103 508226 0 0 0
5113 1201 72 81 406224 0 0 0
5732 1546 121 100 686495 0 0 0
6420 1810 125 86 469583 0 0 0
6402 1297 72 64 874730 0 0 0
6215 1587 104 116 791094 0 0 0
5816 2266 91 104 194286 0 0 0
5864 2038 70 79 639438 0 0 0
5907 2574 109 68 525932 0 0 0
6419 1914 125 102 447915 0 0 0
5694 2399 124 88 635525 0 0 0
6207 1916 77 64 910600 0 0 0
6514 1446 73 120 205084 0 0 0
6326 695 131 119 750003 0 0 0
7084 999 76 110 553544 0 0 0
7778 1359 100 84 241660 0 0 0
7227 645 131 87 527063 0 0 0
7878 1067 97 97 943270 0 0 0
7148 1350 82 87 477806 0 0 0
7593 1632 116 115 447963 0 0 0
7665 2078 108 73 763115 0 0 0
7083 1364 93 62 110891 0 0 0
7677 1961 102 110 128138 0 0 0
7392 1930 133 71 473051 0 0 0
7219 2613 66 112 210363 0 0 0
6994 3205 121 104 492592 0 0 0
7135 2823 83 100 656993 0 0 0
2693 -2119 111 85 141694 0 0 0
2283 -2202 126 112 302618 0 0 0
2529 -2728 82 111 668168 0 0 0
3054 -3448 107 82 532094 0 0 0
3594 -3509 124 81 529941 0 0 0
3246 -3562 83 78 153399 0 0 0
3548 -3762 67 105 776360 0 0 0
3739 -4091 114 102 433622 0 0 0
4239 -4304 103 71 196776 0 0 0
4291 -4983 118 99 287015 0 0 0
3690 -4450 100 120 145405 0 0 0
4018 -4994 100 101 893147 0 0 0
3950 -5040 105 111 975678 0 0 0
4418 -5580 113 69 856714 0 0 0
4200 -6193 132 108 328992 0 0 0
4436 -5563 105 96 660951 0 0 0
4883 -6090 105 89 905251 0 0 0
5406 -6614 94 91 527717 0 0 0
5467 -7017 72 61 287924 0 0 0
5712 -6631 100 113 928777 0 0 0
5920 -6898 72 79 514625 0 0 0
5876 -6598 96 74 767748 0 0 0
5842 -7317 96 70 631716 0 0 0
5651 -6835 129 73 108954 0 0 0
5057 -7024 130 76 946691 0 0 0
4819 -6479 101 77 133167 0 0 0
4399 -6091 125 119 488321 0 0 0
4818 -6482 92 105 517619 0 0 0
4301 -6894 95 66 484633 0 0 0
4164 -6666 72 65 678373 0 0 0
4186 -6409 88 85 259769 0 0 0
3925 -5636 67 105 875356 0 0 0
4213 -5917 102 96 478547 0 0 0
4615 -6493 107 82 496116 0 0 0
4919 -6830 112 90 346547 0 0 0
5055 -7042 119 88 958971 0 0 0
5061 -6804 70 97 369351 0 0 0
5461 -6687 88 104 998587 0 0 0
5983 -6467 92 81 929667 0 0 0
6612 -7145 123 84 886682 0 0 0
6958 -7828 97 67 543655 0 0 0
6746 -7775 77 95 648138 0 0 0
6858 -7464 95 69 573043 0 0 0
6741 -7568 103 112 287542 0 0 0
-660 1220 89 77 998500 0 0 0
-724 1443 115 60 381148 0 0 0
-1382 1242 133 101 906785 0 0 0
-677 1058 104 80 272322 0 0 0
-914 352 83 81 740022 0 0 0
-1227 -27 132 73 869692 0 0 0
-1379 -5 120 114 400732 0 0 0
-1918 -596 106 75 532395 0 0 0
-1551 -1153 75 76 153653 0 0 0
-2183 -1521 91 90 850735 0 0 0
-1902 -1004 72 65 547502 0 0 0
-1976 -1130 116 120 459844 0 0 0
-1917 -425 102 76 842653 0 0 0
-1227 -101 129 62 305058 0 0 0
-1213 410 107 113 693477 0 0 0
-1546 -125 122 96 310859 0 0 0
-1374 555 133 116 927443 0 0 0
-1512 913 103 118 476062 0 0 0
-1219 551 98 80 542711 0 0 0
-1306 1002 102 73 422608 0 0 0
-1846 1701 120 105 375235 0 0 0
-1939 926 98 78 225064 0 0 0
-1778 276 77 62 613763 0 0 0
-1577 -296 108 107 374640 0 0 0
-2015 -411 109 71 491847 0 0 0
-1723 -185 110 117 820869 0 0 0
-1178 177 86 112 966424 0 0 0
-1918 -463 73 107 754864 0 0 0
-2116 -201 129 90 718170 0 0 0
-1962 -174 125 64 565976 0 0 0
-2727 -538 68 103 956493 0 0 0
-2093 114 113 67 835480 0 0 0
-2293 -577 103 69 881637 0 0 0
-2394 -312 99 66 341346 0 0 0
-2578 -36 74 98 818175 0 0 0
-3064 560 118 97 454552 0 0 0
-2617 8 81 86 815004 0 0 0
-3262 -417 125 119 254799 0 0 0
-3876 -496 93 68 463610 0 0 0
-4305 -1075 116 92 524914 0 0 0
-4816 -1596 99 104 259662 0 0 0
-4495 -1487 124 80 874202 0 0 0
-4779 -1375 87 100 312299 0 0 0
-4981 -1416 126 92 219808 0 0 0
-4920 -1779 106 71 649808 0 0 0
-4943 -1798 70 69 174288 0 0 0
-5637 -2229 128 69 549657 0 0 0
-6048 -2945 84 100 453504 0 0 0
-5837 -3073 79 90 352810 0 0 0
-5108 -3296 121 105 553190 0 0 0
-4854 -2732 92 107 942612 0 0 0
-5488 -2982 117 102 555841 0 0 0
-5120 -3678 76 118 414661 0 0 0
-4895 -3367 113 101 353465 0 0 0
-5511 -2912 69 69 193490 0 0 0
-4787 -3332 133 102 978432 0 0 0
-4194 -3850 116 95 615117 0 0 0
-4157 -4104 87 68 708400 0 0 0
-4130 -3655 68 85 924291 0 0 0
-4423 -4180 114 84 110979 0 0 0
1933 -2102 69 106 618765 0 0 0
1424 -1564 94 111 579470 0 0 0
2005 -888 111 120 336006 0 0 0
1707 -830 97 70 858615 0 0 0
966 -1193 94 120 677531 0 0 0
1588 -861 70 103 773042 0 0 0
1892 -1464 125 73 687404 0 0 0
2168 -1732 110 91 311094 0 0 0
2421 -1136 124 69 921328 0 0 0
2195 -1616 126 106 877088 0 0 0
1534 -1294 92 60 211003 0 0 0
1747 -540 118 120 140304 0 0 0
994 -86 131 83 810499 0 0 0
1067 227 90 93 285545 0 0 0
900 129 99 117 644646 0 0 0
703 -311 99 75 157993 0 0 0
297 -363 70 71 302684 0 0 0
14 -661 110 109 330098 0 0 0
-384 -55 83 85 324967 0 0 0
-977 214 85 60 762003 0 0 0
-376 -320 98 108 434787 0 0 0
-499 -956 121 93 147000 0 0 0
-2108 2704 83 87 518737 0 0 0
-2096 2932 82 87 770352 0 0 0
-1752 3481 71 103 161198 0 0 0
-1344 3227 106 96 561444 0 0 0
-847 3577 89 73 627042 0 0 0
-1428 4300 83 92 508434 0 0 0
-1414 4539 72 82 938974 0 0 0
-1833 4172 111 91 767766 0 0 0
-2605 4908 107 74 920426 0 0 0
-2216 4821 118 102 129279 0 0 0
-2412 4801 129 67 436076 0 0 0
-3069 4696 116 97 892893 0 0 0
-3663 4614 69 69 166506 0 0 0
-3685 4893 118 108 320245 0 0 0
-4028 5594 105 93 285253 0 0 0
-3805 6079 107 112 156524 0 0 0
-4341 6378 108 93 248349 0 0 0
-4975 5848 131 78 328167 0 0 0
-5283 5318 99 107 774747 0 0 0
-4979 5842 68 82 122195 0 0 0
-5087 5708 103 102 997355 0 0 0
-4425 6279 115 95 773334 0 0 0
-3790 6852 120 110 766935 0 0 0
-3753 7363 115 94 537393 0 0 0
-3267 7046 75 117 150185 0 0 0
-3483 6908 119 106 884153 0 0 0
-4046 6204 128 63 975459 0 0 0
-4214 6115 108 63 253950 0 0 0
-4772 5755 70 60 752694 0 0 0
-4645 5506 112 115 452900 0 0 0
-5411 6026 72 66 440727 0 0 0
-6098 6158 133 93 896366 0 0 0
-5886 5636 111 90 190651 0 0 0
-5287 5536 101 105 379705 0 0 0
-5867 5384 79 101 900842 0 0 0
-5976 5623 108 94 627252 0 0 0
-6318 5317 120 78 900450 0 0 0
-5919 5294 86 65 782207 0 0 0
-6190 4697 77 89 409763 0 0 0
-6714 4370 101 113 810938 0 0 0
-6613 4498 75 92 654643 0 0 0
-7115 4543 70 101 303427 0 0 0
-6822 4282 113 76 228278 0 0 0
-7196 4976 119 81 514042 0 0 0
-7435 5667 72 79 770367 0 0 0
-7900 6084 88 70 516423 0 0 0
-7148 6691 72 71 468882 0 0 0
-7125 6707 124 113 459822 0 0 0
-7499 6080 129 105 556585 0 0 0
-7997 6798 66 70 514765 0 0 0
-82 -2669 91 117 748316 0 0 0
479 -2926 89 67 488098 0 0 0
901 -3685 128 89 748568 0 0 0
963 -3260 111 84 629596 0 0 0
1462 -2952 127 66 633620 0 0 0
901 -2903 119 99 159699 0 0 0
311 -2942 93 71 799010 0 0 0
615 -2716 133 111 533848 0 0 0
119 -2256 80 90 423196 0 0 0
455 -2213 74 100 127558 0 0 0
137 -2443 117 76 371852 0 0 0
747 -2147 70 86 438953 0 0 0
1210 -2194 130 108 120283 0 0 0
765 -1459 86 60 171982 0 0 0
587 -1005 126 84 208383 0 0 0
182 -1530 105 97 150829 0 0 0
-572 -1207 115 104 232428 0 0 0
-729 -494 133 78 209914 0 0 0
-967 34 81 113 723895 0 0 0
-1628 -559 103 65 370844 0 0 0
-1170 -1067 76 94 159668 0 0 0
-1599 -1155 77 85 929960 0 0 0
-1002 -1392 85 98 380158 0 0 0
-1443 -1111 67 105 640686 0 0 0
-1666 -1535 102 69 236062 0 0 0
-950 -1997 93 85 618167 0 0 0
-943 -2369 99 68 508478 0 0 0
-822 -2477 96 106 248018 0 0 0
-977 -1712 90 70 408515 0 0 0
-476 -1059 83 79 790944 0 0 0
150 -1586 111 69 125929 0 0 0
681 -980 71 96 561417 0 0 0
1043 -273 114 63 355373 0 0 0
821 -75 126 63 755371 0 0 0
1181 -60 123 80 965846 0 0 0
1799 -81 84 86 507090 0 0 0
1774 662 93 103 197593 0 0 0
2269 353 115 105 328029 0 0 0
2589 -316 126 90 249091 0 0 0
3120 -18 119 102 277028 0 0 0
3892 -509 129 74 154866 0 0 0
3503 100 69 104 588945 0 0 0
2859 101 86 111 583189 0 0 0
2358 241 127 108 582053 0 0 0
1628 325 87 73 785161 0 0 0
2017 219 87 65 489492 0 0 0
2283 268 120 72 676313 0 0 0
1870 289 80 119 218644 0 0 0
2268 119 132 67 786696 0 0 0
2006 -15 88 114 719534 0 0 0
1936 143 94 83 374908 0 0 0
-1834 3059 105 69 656556 0 0 0
-2222 3354 89 79 229071 0 0 0
-1872 3152 69 82 274590 0 0 0
-2110 3010 105 78 560399 0 0 0
-1451 3407 70 85 535702 0 0 0
-951 3048 102 107 368069 0 0 0
-637 2951 127 80 584606 0 0 0
-152 2814 126 110 357661 0 0 0
540 3469 80 61 565344 0 0 0
1198 3522 120 116 604816 0 0 0
-1632 -1037 69 68 496879 0 0 0
-1495 -1526 86 112 781460 0 0 0
-1578 -2254 123 100 629071 0 0 0
-1465 -2352 77 103 158417 0 0 0
-2175 -2565 117 71 261366 0 0 0
-1444 -2614 76 113 251628 0 0 0
-1640 -2119 103 70 105557 0 0 0
-943 -1977 85 99 138926 0 0 0
-2461 1846 103 119 223435 0 0 0
-3016 2152 116 65 249539 0 0 0
-2874 2046 90 103 637614 0 0 0
-2134 1678 89 80 250694 0 0 0
-2803 1141 103 61 154458 0 0 0
-2805 788 88 82 764005 0 0 0
-2354 427 101 64 319188 0 0 0
-2463 88 94 119 221557 0 0 0
-2672 -43 87 72 182008 0 0 0
-3334 -559 110 86 607565 0 0 0
-2663 -261 79 106 551211 0 0 0
-3249 -55 125 106 228701 0 0 0
-3357 -186 84 97 299004 0 0 0
-3845 -911 108 70 387098 0 0 0
-3751 -699 84 109 302062 0 0 0
-3861 -1133 85 92 722776 0 0 0
-3404 -885 110 107 152989 0 0 0
-2976 -383 75 111 239671 0 0 0
-2926 -420 103 90 838347 0 0 0
-2692 38 132 120 616115 0 0 0
-2252 -109 133 74 885277 0 0 0
-2453 75 96 79 490022 0 0 0
-2999 356 103 76 254594 0 0 0
-3764 927 82 80 357184 0 0 0
-4278 1612 101 110 297608 0 0 0
-3862 2037 129 85 317962 0 0 0
-4424 2590 122 104 552023 0 0 0
-3865 2754 110 102 115355 0 0 0
-4558 2265 89 68 859011 0 0 0
-4011 2149 93 105 824482 0 0 0
-4180 1823 86 87 369323 0 0 0
-4674 1054 71 62 226767 0 0 0
-4140 587 130 84 896146 0 0 0
-4491 840 131 60 399232 0 0 0
-4031 1426 115 74 328569 0 0 0
-3674 1526 85 83 282532 0 0 0
-3753 1919 126 117 209637 0 0 0
-3645 1813 131 88 159117 0 0 0
-3546 1219 86 81 463041 0 0 0
-3452 1082 106 70 146811 0 0 0
-2751 1332 86 91 160227 0 0 0
-3462 669 75 120 276364 0 0 0
-3748 289 69 116 415793 0 0 0
-3780 701 101 120 142235 0 0 0
-3176 -6 81 60 648408 0 0 0
-3368 -577 121 102 844419 0 0 0
-2793 -1245 83 102 868670 0 0 0
-2392 -1069 105 102 380563 0 0 0
-2102 -367 78 108 198927 0 0 0
-2225 -1062 115 75 605935 0 0 0
-2672 -756 102 90 657203 0 0 0
-2240 -146 78 63 353920 0 0 0
-2018 -809 72 61 796403 0 0 0
-1606 -400 112 102 115853 0 0 0
-1997 -523 69 71 192348 0 0 0
-1570 -1247 108 93 994504 0 0 0
-868 -855 67 77 176826 0 0 0
-1618 -436 124 118 361083 0 0 0
-1571 -780 84 110 321263 0 0 0
-2236 -1136 101 106 952612 0 0 0
-1850 -394 104 112 495630 0 0 0
-1530 197 95 65 388243 0 0 0
-1100 274 123 79 989343 0 0 0
-957 742 67 78 406621 0 0 0
-1049 945 130 110 397611 0 0 0
-923 346 130 97 321264 0 0 0
-1574 425 80 74 833872 0 0 0
-818 -334 72 107 297720 0 0 0
-491 -29 66 92 435974 0 0 0
37 109 81 107 747880 0 0 0
-711 834 105 63 840451 0 0 0
-978 334 129 62 281193 0 0 0
-930 985 73 105 790070 0 0 0
-1297 1589 119 92 702137 0 0 0
-1259 1348 100 119 951226 0 0 0
-973 781 99 88 840207 0 0 0
-1490 1459 88 93 763527 0 0 0
-881 823 74 93 223575 0 0 0
-862 989 91 102 206731 0 0 0
-419 922 81 76 581853 0 0 0
157 1661 74 111 190506 0 0 0
816 1238 110 77 126432 0 0 0
98 1809 114 104 519812 0 0 0
-227 2178 92 67 807335 0 0 0
-17 2791 91 103 882987 0 0 0
-758 2801 86 73 394373 0 0 0
-1347 3556 93 105 694427 0 0 0
-1869 3353 100 111 263289 0 0 0
-1904 3482 83 120 346410 0 0 0
-1453 112 90 91 279123 0 0 0
-1702 -396 78 88 430934 0 0 0
-1250 -605 76 90 716450 0 0 0
-667 -729 90 112 932213 0 0 0
-1407 -454 130 94 515268 0 0 0
-1357 -1045 74 119 436892 0 0 0
-1814 -1191 103 107 404854 0 0 0
-1125 -1179 133 102 517011 0 0 0
-470 -928 86 80 591566 0 0 0
274 -870 112 69 824348 0 0 0
556 -1061 114 95 908096 0 0 0
365 -1257 70 103 369313 0 0 0
-167 -936 91 79 787319 0 0 0
-886 -1387 114 65 568749 0 0 0
-1057 -842 79 102 407757 0 0 0
-584 -294 92 101 518222 0 0 0
-404 357 98 65 790319 0 0 0
-1027 -150 117 101 312177 0 0 0
-1397 -797 129 60 242364 0 0 0
-1815 -485 103 107 743478 0 0 0
-2562 -13 115 102 781411 0 0 0
-2624 -406 67 65 624048 0 0 0
-2936 -560 102 66 950679 0 0 0
-2383 141 69 61 960743 0 0 0
-2347 130 93 82 477637 0 0 0
-2675 -932 122 71 706128 0 0 0
-3401 -1453 71 80 317222 0 0 0
-2755 -1574 84 74 603028 0 0 0
-2570 -1894 117 104 487222 0 0 0
-3190 -2237 87 109 439674 0 0 0
-3903 -1846 122 103 296060 0 0 0
-3403 -1425 75 72 921866 0 0 0
-2699 -1194 103 105 657345 0 0 0
-3349 -527 71 74 324083 0 0 0
-2677 -1157 119 113 932291 0 0 0
-2832 -585 89 87 661018 0 0 0
-2788 -492 98 112 420780 0 0 0
-2343 -1189 71 103 197945 0 0 0
-1783 -1725 79 85 551338 0 0 0
-1975 -1639 100 86 865851 0 0 0
-2551 -1785 103 119 711626 0 0 0
-1918 -1078 83 68 890781 0 0 0
-2569 -1753 129 66 893063 0 0 0
-2964 -2043 70 63 232837 0 0 0
-2259 -2756 131 84 194250 0 0 0
-1587 -3378 118 94 898318 0 0 0
-1598 -3669 120 119 534816 0 0 0
-1982 -2932 78 101 432297 0 0 0
-1486 -2292 86 88 879787 0 0 0
-1762 -2365 104 111 104587 0 0 0
-1559 -1827 96 107 298248 0 0 0
2567 -2294 119 106 710224 0 0 0
2510 -2077 132 89 653135 0 0 0
2248 -1342 127 100 470449 0 0 0
1543 -1963 93 94 700373 0 0 0
2026 -2671 114 69 607864 0 0 0
1361 -2163 67 88 295658 0 0 0
1226 -1854 94 103 203720 0 0 0
734 -1435 74 114 711067 0 0 0
521 -1753 78 107 974769 0 0 0
-159 -1814 116 118 754756 0 0 0
-600 -2511 115 64 994244 0 0 0
-1292 -2470 94 82 385293 0 0 0
-1608 -3015 67 100 424856 0 0 0
-1149 -3293 78 82 526364 0 0 0
-1635 -3859 123 75 804068 0 0 0
-1254 -4502 96 78 618716 0 0 0
-752 -5127 132 95 109765 0 0 0
-2265 1217 116 105 826867 0 0 0
-2002 1454 118 86 888360 0 0 0
-1252 1393 91 119 941581 0 0 0
-1022 1613 132 96 627037 0 0 0
-681 1020 66 83 485028 0 0 0
-962 1194 105 84 954134 0 0 0
-1647 729 92 82 142771 0 0 0
-1521 1334 73 81 279427 0 0 0
-1628 1807 75 62 404587 0 0 0
-1911 1828 71 61 313850 0 0 0
-2043 1833 69 83 277348 0 0 0
-1575 1221 72 88 442966 0 0 0
-1693 1492 91 61 191771 0 0 0
-2282 1544 132 67 112809 0 0 0
-2910 1414 123 103 387958 0 0 0
-2212 1361 126 96 721193 0 0 0
-2461 1767 109 67 960491 0 0 0
-3139 2122 105 107 961626 0 0 0
-2600 2081 105 62 803583 0 0 0
-2154 2259 85 107 982143 0 0 0
-1609 2864 115 81 973728 0 0 0
-984 2916 85 61 273406 0 0 0
-1656 3544 76 119 958210 0 0 0
-1351 3046 92 97 125074 0 0 0
-2032 2436 88 104 440199 0 0 0
-2277 3200 107 103 787703 0 0 0
-2935 3361 96 60 662122 0 0 0
-2290 2952 102 117 766967 0 0 0
-2551 2904 79 110 431174 0 0 0
-2627 3416 117 88 747020 0 0 0
-2999 3504 82 105 394059 0 0 0
-2442 2880 105 106 808551 0 0 0
-2015 3545 121 70 944485 0 0 0
-1621 4281 115 100 414133 0 0 0
-1559 4219 104 118 902302 0 0 0
-1168 3545 99 89 501647 0 0 0
-1452 3299 91 91 424622 0 0 0
-1826 3873 88 63 330555 0 0 0
-1518 4583 74 62 556047 0 0 0
-1145 3981 85 62 797213 0 0 0
-1358 3877 114 111 874724 0 0 0
-1379 4051 104 116 451722 0 0 0
-612 4740 72 107 635064 0 0 0
-884 5051 126 60 547222 0 0 0
-1096 5807 105 94 716403 0 0 0
-1410 5215 92 73 504872 0 0 0
-1211 4538 123 111 146061 0 0 0
-788 4547 129 65 771412 0 0 0
-422 4888 88 89 246065 0 0 0
-1003 4192 76 111 238278 0 0 0
-1706 3939 116 107 402940 0 0 0
-1277 4447 98 117 476375 0 0 0
379 -1021 93 115 270922 0 0 0
801 -1458 71 65 738714 0 0 0
815 -1417 112 95 532150 0 0 0
1065 -1167 77 118 442726 0 0 0
1207 -868 70 110 671981 0 0 0
1443 -137 132 72 770706 0 0 0
1798 187 71 68 930320 0 0 0
2158 150 84 101 758157 0 0 0
2746 354 96 88 374412 0 0 0
3398 1116 104 92 288424 0 0 0
2721 396 97 103 178886 0 0 0
3179 755 94 90 600998 0 0 0
2943 1224 87 67 428362 0 0 0
2389 1783 126 65 803326 0 0 0
3027 1167 68 81 421725 0 0 0
3160 461 113 77 623352 0 0 0
3714 190 115 81 404806 0 0 0
3837 117 94 116 792581 0 0 0
3533 349 105 119 621654 0 0 0
2767 1120 66 90 359680 0 0 0
2218 645 115 72 387254 0 0 0
2966 1400 112 61 697157 0 0 0
2395 681 130 69 504850 0 0 0
2581 30 116 116 206128 0 0 0
3239 256 105 78 954187 0 0 0
2845 -24 89 72 843404 0 0 0
2105 -10 68 77 211748 0 0 0
1828 677 90 106 185361 0 0 0
2249 86 116 93 220860 0 0 0
2379 -458 122 96 198376 0 0 0
2202 -688 77 85 662639 0 0 0
1431 -215 106 89 309120 0 0 0
1498 339 121 98 797962 0 0 0
1839 1043 125 91 175363 0 0 0
1945 377 92 68 350440 0 0 0
1335 -253 86 102 526232 0 0 0
1197 -239 105 107 780650 0 0 0
488 -28 109 91 565461 0 0 0
851 -315 87 80 940303 0 0 0
1292 134 123 114 714939 0 0 0
1219 -603 104 91 636027 0 0 0
1622 -542 109 75 739953 0 0 0
1767 -842 86 71 169852 0 0 0
2514 -787 93 99 894802 0 0 0
2318 -267 80 75 227022 0 0 0
2742 -834 113 93 585228 0 0 0
2005 -581 81 95 341245 0 0 0
1561 -598 72 103 944008 0 0 0
2138 -386 73 103 236685 0 0 0
1702 -172 122 70 766107 0 0 0
1640 404 124 67 526424 0 0 0
2595 1829 100 108 250822 0 0 0
2580 1418 90 85 822421 0 0 0
3048 2171 100 86 229450 0 0 0
3259 2686 115 66 548401 0 0 0
3282 2552 98 84 702551 0 0 0
3047 2575 130 95 555582 0 0 0
3280 1815 80 86 768338 0 0 0
2577 2393 66 65 302423 0 0 0
3315 3081 111 98 266323 0 0 0
3284 2809 75 92 203642 0 0 0
3875 3458 104 68 803884 0 0 0
3178 4091 120 65 310143 0 0 0
2484 4233 123 117 881659 0 0 0
2703 4428 90 79 244354 0 0 0
2817 5140 77 94 332432 0 0 0
2750 4439 68 119 923335 0 0 0
3271 4126 81 67 949593 0 0 0
2809 4171 102 93 230043 0 0 0
3563 4571 124 108 561431 0 0 0
3381 4379 132 78 936551 0 0 0
3859 4564 123 60 447606 0 0 0
4527 4463 128 116 732290 0 0 0
3918 4463 82 100 552966 0 0 0
4615 3851 101 113 222576 0 0 0
5228 3981 70 61 785501 0 0 0
5597 4496 66 72 939723 0 0 0
5641 3836 131 80 800881 0 0 0
6385 4071 130 73 401556 0 0 0
6243 3845 113 82 114782 0 0 0
5647 4288 123 89 272034 0 0 0
5136 4563 68 119 814796 0 0 0
5529 5238 70 75 692399 0 0 0
5089 5726 76 120 628180 0 0 0
4886 5833 104 88 684439 0 0 0
5171 5468 90 82 708324 0 0 0
4665 5498 110 107 980062 0 0 0
4926 5715 117 61 508077 0 0 0
5130 5637 129 90 198970 0 0 0
4639 5207 106 87 504207 0 0 0
4228 5852 73 111 292408 0 0 0
4960 5422 102 85 605655 0 0 0
4689 4961 91 62 584797 0 0 0
4671 5640 127 85 471796 0 0 0
-1426 2529 120 82 953441 0 0 0
-903 2680 112 96 794817 0 0 0
-734 2795 115 72 655065 0 0 0
-1037 2906 80 88 630365 0 0 0
-1765 2763 114 90 381164 0 0 0
-1702 2298 104 108 721826 0 0 0
-1253 2409 108 61 561843 0 0 0
-1088 2202 96 117 280097 0 0 0
-472 1910 107 83 422428 0 0 0
-532 1959 66 62 111062 0 0 0
-209 1551 97 84 680693 0 0 0
-57 2203 77 81 928502 0 0 0
-91 1794 116 74 796599 0 0 0
-518 2042 99 118 945061 0 0 0
43 1361 86 116 207727 0 0 0
-540 891 124 97 926550 0 0 0
63 1430 131 74 614353 0 0 0
702 1093 106 106 560379 0 0 0
1230 1724 133 71 365906 0 0 0
1096 1024 73 66 596667 0 0 0
577 777 86 61 942602 0 0 0
132 729 131 60 886417 0 0 0
-561 912 105 83 297454 0 0 0
-213 742 71 65 172941 0 0 0
236 1327 87 94 423195 0 0 0
722 1170 127 88 722103 0 0 0
1355 788 128 68 202519 0 0 0
919 230 66 106 640187 0 0 0
1371 197 89 75 596354 0 0 0
1085 280 69 80 366032 0 0 0
987 717 100 72 379885 0 0 0
311 1182 78 120 481199 0 0 0
372 1008 121 61 505280 0 0 0
1019 1506 123 119 657265 0 0 0
1270 832 113 85 247059 0 0 0
496 1356 113 100 404584 0 0 0
1070 1446 106 75 373759 0 0 0
606 1470 117 112 334458 0 0 0
212 1191 96 71 669064 0 0 0
-437 538 112 106 219140 0 0 0
-542 315 122 73 437774 0 0 0
-537 839 97 104 479408 0 0 0
-190 1524 102 85 230627 0 0 0
-521 1972 111 81 564064 0 0 0
-225 2727 92 94 259815 0 0 0
298 2743 107 102 285389 0 0 0
976 2788 72 102 726587 0 0 0
1686 2389 98 98 106595 0 0 0
951 2823 118 75 981593 0 0 0
403 2322 104 85 959300 0 0 0
929 2673 92 72 712896 0 0 0
1499 1941 78 90 370774 0 0 0
1445 1499 96 114 786082 0 0 0
1176 1340 121 118 452583 0 0 0
1599 1097 77 60 339874 0 0 0
2347 917 93 115 692988 0 0 0
3088 678 101 69 659833 0 0 0
3474 118 106 103 746664 0 0 0
3410 760 91 113 670989 0 0 0
3600 1209 122 82 890655 0 0 0
4323 1897 107 113 865247 0 0 0
3826 2670 78 75 506612 0 0 0
3599 2252 106 112 198428 0 0 0
3006 2253 115 99 302629 0 0 0
2308 2022 111 91 619154 0 0 0
2792 1790 118 97 994178 0 0 0
2246 1633 84 69 282589 0 0 0
2864 1897 78 63 975671 0 0 0
2749 1681 68 114 755228 0 0 0
2450 1413 109 92 933587 0 0 0
2510 2081 99 119 859203 0 0 0
2338 2460 68 60 100846 0 0 0
2789 2262 123 86 416217 0 0 0
2481 1869 104 92 217441 0 0 0
2893 1997 82 117 753590 0 0 0
3486 1339 89 95 951899 0 0 0
4030 1282 122 106 210138 0 0 0
3376 1479 101 64 463725 0 0 0
2700 1002 66 116 223508 0 0 0
2767 1454 106 83 548765 0 0 0
3331 2080 111 120 927575 0 0 0
3383 2833 112 77 696999 0 0 0
3372 2620 71 104 600082 0 0 0
3971 2343 103 68 605081 0 0 0
3971 2449 132 97 915170 0 0 0
3206 2974 76 71 415172 0 0 0
3940 2516 93 91 100967 0 0 0
3545 2735 85 81 906389 0 0 0
3507 3072 108 70 734754 0 0 0
3390 3327 69 113 447026 0 0 0
3820 3761 102 96 704285 0 0 0
3404 4401 120 69 422482 0 0 0
3376 3806 118 82 388924 0 0 0
3205 3630 78 120 365082 0 0 0
3377 4272 70 89 455103 0 0 0
4048 3936 86 77 452541 0 0 0
3864 3517 102 77 887025 0 0 0
3095 2805 71 77 188132 0 0 0
2839 2585 71 99 163725 0 0 0
3030 2945 132 88 480891 0 0 0
3068 2945 118 74 916353 0 0 0
3391 3148 130 64 135658 0 0 0
3708 2561 132 69 740824 0 0 0
3430 3336 99 77 784875 0 0 0
3038 2741 113 65 587029 0 0 0
3758 2642 69 62 179770 0 0 0
3042 2621 128 72 542098 0 0 0
3487 3206 109 61 917976 0 0 0
3039 3171 122 108 155688 0 0 0
3554 3336 75 75 328006 0 0 0
4058 3186 125 69 914241 0 0 0
4719 3722 82 74 994520 0 0 0
4152 3071 67 117 542569 0 0 0
4017 2859 112 82 244471 0 0 0
4506 3052 73 108 526279 0 0 0
3834 3589 101 81 980033 0 0 0
2594 -71 68 71 419927 0 0 0
2140 613 123 92 667453 0 0 0
2404 15 69 65 925959 0 0 0
2337 332 81 118 474027 0 0 0
2988 -422 93 67 462587 0 0 0
3340 -133 99 95 249578 0 0 0
3198 266 85 77 518252 0 0 0
3307 -41 126 115 727517 0 0 0
3811 -278 75 114 711014 0 0 0
3797 -655 106 91 191847 0 0 0
3628 -1226 90 79 161368 0 0 0
4096 -793 102 114 783098 0 0 0
-355 -1102 120 62 788283 0 0 0
161 -1221 130 95 915877 0 0 0
235 -1415 67 110 747465 0 0 0
201 -2118 89 109 295321 0 0 0
-498 -2178 82 101 502674 0 0 0
-61 -2217 130 77 570425 0 0 0
170 -2031 126 97 336957 0 0 0
405 -1458 68 83 998396 0 0 0
-62 -2027 130 107 360578 0 0 0
301 -2213 102 61 853353 0 0 0
-310 -2271 123 83 670721 0 0 0
-317 -2330 106 63 472258 0 0 0
337 -2720 83 104 999178 0 0 0
419 -1993 70 116 370650 0 0 0
454 -2247 98 91 674585 0 0 0
308 -2392 91 82 224578 0 0 0
875 -2377 112 105 981162 0 0 0
504 -2132 114 111 366094 0 0 0
-136 -2537 110 107 384954 0 0 0
164 -2258 126 117 910261 0 0 0
31 -2307 133 79 509305 0 0 0
754 -2195 92 100 774361 0 0 0
77 -1917 90 91 407427 0 0 0
514 -1151 129 73 320125 0 0 0
1252 -491 107 64 780290 0 0 0
662 -172 106 112 820577 0 0 0
793 212 75 111 729821 0 0 0
62 114 122 61 306500 0 0 0
-257 570 112 87 757245 0 0 0
-891 406 77 68 438240 0 0 0
-1588 79 111 106 101882 0 0 0
-2137 504 108 88 638148 0 0 0
-2686 280 122 117 840599 0 0 0
-2541 30 105 116 551135 0 0 0
-2838 -369 94 105 456870 0 0 0
-2079 58 106 91 208564 0 0 0
-1733 507 84 114 188685 0 0 0
-2445 17 114 63 313076 0 0 0
-2848 -143 91 91 795462 0 0 0
-3309 -462 87 111 436618 0 0 0
-3763 -487 109 86 596147 0 0 0
-3296 -791 125 78 476115 0 0 0
-3769 -1524 116 107 174897 0 0 0
-3376 -1337 84 87 217269 0 0 0
-3109 -2036 77 87 664643 0 0 0
-2359 -1510 71 111 826947 0 0 0
-2223 -935 103 77 945979 0 0 0
-1823 -379 80 115 239418 0 0 0
-1867 -653 87 116 960091 0 0 0
-1619 -1138 100 100 949267 0 0 0
-1158 -1859 71 82 376779 0 0 0
-2586 1925 130 72 427227 0 0 0
-1919 2681 71 70 903034 0 0 0
-1856 2984 71 99 720832 0 0 0
-1099 3565 131 91 807512 0 0 0
-1174 4221 77 86 909921 0 0 0
-1511 4293 119 106 234297 0 0 0
-1768 3667 107 100 296989 0 0 0
-1866 4350 117 61 623986 0 0 0
-2280 4764 89 92 615189 0 0 0
-1636 5444 67 93 413648 0 0 0
-2269 6132 68 119 615639 0 0 0
-2603 6664 93 78 810660 0 0 0
-2240 6517 71 95 661769 0 0 0
-2006 6379 111 93 784139 0 0 0
-1528 5690 68 91 325314 0 0 0
-1403 6117 102 77 196110 0 0 0
-1230 6401 119 88 704375 0 0 0
-1759 6312 117 74 815676 0 0 0
-1854 5867 109 109 952248 0 0 0
-2614 6335 132 119 799652 0 0 0
-2150 6356 121 88 745100 0 0 0
-2159 6712 94 64 680204 0 0 0
-2869 6141 123 93 295360 0 0 0
-2710 5489 118 72 320885 0 0 0
-2814 5983 87 116 909863 0 0 0
-2355 5312 119 66 932247 0 0 0
-2128 4726 108 95 727255 0 0 0
-1826 5197 109 76 959398 0 0 0
-1830 5705 101 66 140880 0 0 0
-1129 5044 113 95 656145 0 0 0
-632 4933 95 67 141300 0 0 0
-380 4868 133 77 261108 0 0 0
-201 5496 84 98 645406 0 0 0
-74 5615 68 88 505895 0 0 0
625 6012 113 115 848705 0 0 0
1168 5684 97 112 721607 0 0 0
1936 5834 127 100 672261 0 0 0
1700 6007 68 71 501923 0 0 0
1829 5961 126 67 563508 0 0 0
-3003 1760 111 96 977964 0 0 0
-2765 1093 124 95 318171 0 0 0
-2615 1542 107 89 717818 0 0 0
-2192 1305 95 120 835289 0 0 0
-1457 912 106 69 536852 0 0 0
-759 596 67 76 918889 0 0 0
-91 1296 99 101 247028 0 0 0
269 1386 69 78 967846 0 0 0
252 1744 82 60 417207 0 0 0
533 1955 83 95 340294 0 0 0
-104 2622 77 116 320753 0 0 0
-68 2811 91 110 436358 0 0 0
-204 3285 100 118 529336 0 0 0
100 2839 85 94 287090 0 0 0
-267 2157 123 104 991384 0 0 0
-420 2137 98 111 632052 0 0 0
-1004 1396 115 97 227800 0 0 0
-1387 2114 125 111 311406 0 0 0
-1053 1782 131 61 600028 0 0 0
-1379 1117 94 76 694944 0 0 0
-1522 918 71 110 546903 0 0 0
-1885 1051 80 118 123050 0 0 0
-1745 873 67 103 441257 0 0 0
1026 -1030 109 84 820910 0 0 0
1422 -748 81 70 663149 0 0 0
1194 -63 119 96 628445 0 0 0
1043 -484 93 83 655522 0 0 0
296 -292 120 93 699921 0 0 0
950 242 73 113 775920 0 0 0
618 220 98 94 474541 0 0 0
1366 112 88 77 836754 0 0 0
1064 115 91 101 775800 0 0 0
1559 -23 128 89 749385 0 0 0
1086 -187 72 83 156498 0 0 0
1717 -875 129 75 165429 0 0 0
951 -906 116 106 565123 0 0 0
1059 -830 66 67 198519 0 0 0
544 -1257 114 112 277167 0 0 0
12 -962 130 69 498230 0 0 0
-742 -918 66 72 806455 0 0 0
-208 -796 79 103 120393 0 0 0
7 -1522 105 60 844685 0 0 0
-527 -2195 82 90 892262 0 0 0
-697 -1695 111 115 395743 0 0 0
-466 -2461 78 92 277001 0 0 0
294 -2934 118 99 691167 0 0 0
785 -2573 72 66 339516 0 0 0
983 -2970 126 108 652393 0 0 0
1601 -3559 123 91 864258 0 0 0
1038 -2969 81 91 790473 0 0 0
264 -3307 70 95 549930 0 0 0
381 -3629 77 104 855337 0 0 0
2 -3002 128 87 590592 0 0 0
-628 -3592 84 81 351917 0 0 0
-1263 -2997 82 88 297223 0 0 0
-1350 -2295 129 83 780883 0 0 0
-1458 -1944 72 79 388534 0 0 0
-881 -1496 83 75 499249 0 0 0
-228 -2081 116 65 208879 0 0 0
-755 -1921 109 112 634997 0 0 0
-1401 -1369 68 88 655943 0 0 0
-691 -1977 104 94 490322 0 0 0
-537 -1851 108 108 393223 0 0 0
-1090 -2430 75 105 863003 0 0 0
-939 -2252 80 105 172516 0 0 0
-189 -1735 107 64 105456 0 0 0
5 -1475 130 80 165525 0 0 0
-713 -1638 90 85 338843 0 0 0
-1376 -1308 84 69 911268 0 0 0
-1570 -1422 94 120 492537 0 0 0
479 1735 105 113 755271 0 0 0
1203 2089 70 77 756754 0 0 0
1598 1539 131 105 784625 0 0 0
1639 1171 116 101 622692 0 0 0
1080 980 115 98 730490 0 0 0
1241 291 128 80 435803 0 0 0
1839 481 69 93 389219 0 0 0
1942 894 82 99 987104 0 0 0
1911 1611 114 113 369145 0 0 0
1727 1240 71 63 759509 0 0 0
1534 1810 70 118 752156 0 0 0
935 1952 96 71 248666 0 0 0
799 2651 68 119 240538 0 0 0
205 3408 104 63 771175 0 0 0
256 3980 97 108 875860 0 0 0
331 3550 104 83 976782 0 0 0
-187 3118 92 117 932391 0 0 0
-936 3751 91 61 856270 0 0 0
-413 3508 78 87 309202 0 0 0
-702 3894 72 87 739697 0 0 0
24 3563 94 83 910647 0 0 0
-178 4222 118 68 327851 0 0 0
-499 3501 123 90 627062 0 0 0
-330 3012 123 63 180737 0 0 0
-736 2704 67 69 784836 0 0 0
-1119 2005 103 61 387540 0 0 0
-1527 2648 102 113 470061 0 0 0
-963 2232 110 70 216825 0 0 0
-1057 1604 68 92 177923 0 0 0
-1504 1184 109 70 310555 0 0 0
-1641 457 128 120 981683 0 0 0
-993 304 101 88 604779 0 0 0
-1661 -67 128 105 531106 0 0 0
-1619 624 89 106 686444 0 0 0
-893 -143 121 108 476244 0 0 0
-636 -324 88 116 484805 0 0 0
-857 -334 82 106 297106 0 0 0
-314 -293 95 89 364967 0 0 0
-744 101 125 60 179652 0 0 0
-729 -27 86 98 645489 0 0 0
-323 457 102 109 812496 0 0 0
-1015 433 87 107 875941 0 0 0
-1047 453 76 79 750285 0 0 0
-1591 1125 107 98 374642 0 0 0
-1625 620 95 111 940303 0 0 0
-999 -30 82 102 746396 0 0 0
-1329 -614 117 84 660422 0 0 0
-1424 -934 129 75 208995 0 0 0
-2194 -651 119 88 597067 0 0 0
-2930 -779 73 90 301564 0 0 0
-2538 -499 121 108 583042 0 0 0
-2468 -110 130 95 482772 0 0 0
-1784 -688 73 74 760022 0 0 0
-1919 -621 88 70 535052 0 0 0
-2634 -907 75 97 615662 0 0 0
-2911 -1528 94 114 224160 0 0 0
-3445 -1199 78 111 204357 0 0 0
-3182 -544 116 98 955396 0 0 0
-2706 27 108 91 475064 0 0 0
-3433 -508 115 118 481458 0 0 0
-3631 -86 118 93 307749 0 0 0
-3748 -822 109 117 259255 0 0 0
2420 -2884 88 64 901465 0 0 0
1730 -3005 130 94 202420 0 0 0
2029 -3349 77 101 445352 0 0 0
2504 -3907 116 71 575196 0 0 0
2730 -4181 111 109 192424 0 0 0
2339 -4298 91 92 277061 0 0 0
2439 -4204 127 109 327674 0 0 0
2293 -4393 111 105 601388 0 0 0
2008 -4750 70 86 533545 0 0 0
2192 -5132 117 67 703910 0 0 0
2436 -4754 126 81 739348 0 0 0
3048 -5194 120 89 362144 0 0 0
3042 -5024 102 95 115053 0 0 0
2957 -4902 91 82 219092 0 0 0
3175 -5243 123 119 158984 0 0 0
2985 -5175 127 105 459915 0 0 0
3204 -4433 133 112 210853 0 0 0
3618 -4134 124 79 362506 0 0 0
4142 -4890 129 97 300365 0 0 0
3909 -5361 122 98 975509 0 0 0
3754 -5784 80 82 849974 0 0 0
3694 -5149 75 85 975639 0 0 0
3700 -5544 82 75 447155 0 0 0
3355 -5842 120 74 354947 0 0 0
3936 -5216 82 119 941949 0 0 0
3864 -5542 128 83 828595 0 0 0
4117 -5844 126 111 138489 0 0 0
4388 -5659 114 115 561920 0 0 0
4888 -5324 121 108 779205 0 0 0
4345 -5195 121 109 560038 0 0 0
4472 -5897 102 93 874822 0 0 0
4858 -5726 87 92 725504 0 0 0
4930 -6066 87 65 716788 0 0 0
4432 -6742 133 63 318684 0 0 0
4102 -6524 125 61 476009 0 0 0
3807 -6198 94 73 910318 0 0 0
4404 -6075 106 64 725856 0 0 0
4653 -6105 98 97 259776 0 0 0
4138 -6521 104 74 602732 0 0 0
3732 -6412 76 79 397700 0 0 0
3556 -6472 83 99 176395 0 0 0
3592 -6107 107 77 715749 0 0 0
2861 -6814 68 101 955199 0 0 0
2815 -7315 111 74 998038 0 0 0
3123 -7331 114 85 756588 0 0 0
3856 -6771 109 105 198039 0 0 0
3652 -6251 73 84 175038 0 0 0
4265 -5483 98 71 688942 0 0 0
3782 -6149 101 89 534558 0 0 0
3721 -5796 90 64 650058 0 0 0
4162 -5853 91 94 966628 0 0 0
4807 -6191 117 70 214927 0 0 0
4199 -6604 88 120 137506 0 0 0
2151 2411 81 63 344880 0 0 0
2272 2393 72 67 923591 0 0 0
2162 2520 100 64 839741 0 0 0
1909 3147 71 120 466620 0 0 0
2395 3751 86 106 861453 0 0 0
1679 3087 81 88 316414 0 0 0
1674 2443 69 76 764168 0 0 0
1419 1733 113 62 698138 0 0 0
1157 2255 121 78 185105 0 0 0
1347 1989 94 117 322910 0 0 0
1741 1300 73 87 220252 0 0 0
1489 1200 91 100 641543 0 0 0
1817 1188 83 104 998227 0 0 0
1843 714 109 93 393426 0 0 0
1970 1428 100 61 567480 0 0 0
1375 703 79 103 472531 0 0 0
1999 1471 77 85 220199 0 0 0
2586 1809 92 107 859499 0 0 0
2020 1663 127 90 585817 0 0 0
1369 1280 130 85 399158 0 0 0
738 1939 123 86 598655 0 0 0
181 1384 114 111 463240 0 0 0
22 1736 82 97 688236 0 0 0
173 2147 94 91 839904 0 0 0
-1158 2394 93 76 741704 0 0 0
-1628 1994 80 89 850757 0 0 0
-888 1559 94 87 649654 0 0 0
-1633 1626 84 87 229287 0 0 0
-1382 1189 113 114 135320 0 0 0
-1074 594 69 115 370812 0 0 0
-1577 0 72 79 530971 0 0 0
-1534 -394 131 74 873986 0 0 0
-1536 251 84 68 232796 0 0 0
-2046 713 104 85 682407 0 0 0
-2067 692 128 94 767790 0 0 0
-1711 623 103 84 569433 0 0 0
-1891 816 118 78 200775 0 0 0
-2175 369 115 62 498368 0 0 0
-1904 534 104 102 242547 0 0 0
-1564 153 133 72 308711 0 0 0
-1304 80 124 80 819886 0 0 0
-1125 -649 108 114 264038 0 0 0
-669 -34 121 108 125801 0 0 0
-876 -807 79 109 719578 0 0 0
-804 -180 110 89 149154 0 0 0
-1274 -33 126 118 217994 0 0 0
-504 -96 107 116 593021 0 0 0
-1122 530 76 65 614274 0 0 0
-383 523 74 78 291478 0 0 0
-900 647 115 113 974770 0 0 0
-843 1138 98 63 695922 0 0 0
-408 1107 81 88 692109 0 0 0
-943 345 91 114 917696 0 0 0
-294 -132 115 75 867195 0 0 0
-182 -271 84 84 355791 0 0 0
-910 -879 90 79 432273 0 0 0
-191 -1037 88 102 598863 0 0 0
316 -1555 82 78 669700 0 0 0
-228 -1647 110 109 826487 0 0 0
-764 -896 123 81 268312 0 0 0
-734 -305 77 79 181448 0 0 0
-961 -239 84 73 291031 0 0 0
-534 109 106 79 903389 0 0 0
-1137 387 77 101 899104 0 0 0
-1686 139 112 99 559507 0 0 0
-1748 33 87 83 267246 0 0 0
-1407 110 77 87 306812 0 0 0
-729 423 103 65 431410 0 0 0
-16 145 98 82 877727 0 0 0
288 514 73 106 982731 0 0 0
386 1181 97 89 985430 0 0 0
234 874 83 61 743235 0 0 0
43 378 122 97 151748 0 0 0
-259 678 110 94 604542 0 0 0
-744 1125 92 116 872670 0 0 0
-331 583 68 93 756153 0 0 0
-256 106 115 104 530697 0 0 0
441 -238 92 61 388053 0 0 0
1195 -258 117 108 491513 0 0 0
1741 237 83 79 902965 0 0 0
2385 640 124 80 278414 0 0 0
1944 764 78 117 252689 0 0 0
-2340 2229 95 70 905474 0 0 0
-1934 1738 115 76 229469 0 0 0
-2689 2480 69 98 496420 0 0 0
-1965 2476 92 95 108921 0 0 0
-1198 2554 118 104 381766 0 0 0
-1284 2080 118 61 888448 0 0 0
-1775 1781 72 97 640775 0 0 0
-2087 1341 91 106 639954 0 0 0
-1363 630 78 120 935741 0 0 0
-1540 706 69 105 519439 0 0 0
-995 115 131 73 556094 0 0 0
-661 292 69 95 827557 0 0 0
-1280 769 132 62 185091 0 0 0
-1139 58 77 113 717866 0 0 0
-588 -365 124 120 499449 0 0 0
-70 -617 115 60 934018 0 0 0
-111 -1049 128 71 498828 0 0 0
-861 -1067 121 118 154803 0 0 0
-859 -1169 106 72 618441 0 0 0
-1009 -555 112 112 211801 0 0 0
-478 -1052 83 103 480016 0 0 0
271 -389 83 65 727328 0 0 0
915 -913 100 64 605389 0 0 0
367 -652 106 67 523357 0 0 0
278 -1407 67 79 132084 0 0 0
635 -1219 133 107 742744 0 0 0
1141 -1425 128 103 718202 0 0 0
1690 -1377 82 84 460306 0 0 0
-1191 -2310 99 115 785562 0 0 0
-461 -1797 119 103 907553 0 0 0
278 -1218 130 92 141221 0 0 0
-294 -738 89 103 493039 0 0 0
-403 -883 117 116 412272 0 0 0
-578 -719 113 85 810697 0 0 0
189 -100 80 114 277001 0 0 0
711 89 107 106 212500 0 0 0
773 677 126 82 234596 0 0 0
1305 558 78 62 663518 0 0 0
1029 -141 116 85 266575 0 0 0
442 535 93 96 208619 0 0 0
