400
372 -252 24 15 234184 0 0 0
346 -216 39 15 162006 0 0 0
308 -159 27 26 518570 0 0 0
237 -75 32 14 934634 0 0 0
187 -149 35 25 451779 0 0 0
105 -117 28 24 410134 0 0 0
6 -92 35 24 506485 0 0 0
86 -39 30 26 569998 0 0 0
44 54 32 13 505089 0 0 0
-37 48 29 24 726962 0 0 0
-86 -40 20 18 803674 0 0 0
-152 27 24 22 592466 0 0 0
-187 -55 26 17 470369 0 0 0
-111 -118 36 14 852250 0 0 0
-194 -164 26 17 855650 0 0 0
-339 -73 38 17 459520 0 0 0
-411 21 24 23 637285 0 0 0
-454 108 20 24 244108 0 0 0
-369 163 26 16 740068 0 0 0
-316 257 24 21 934290 0 0 0
-369 273 22 26 260110 0 0 0
-328 333 27 15 314057 0 0 0
-364 301 34 21 806091 0 0 0
-284 241 20 26 755534 0 0 0
-210 232 21 19 802299 0 0 0
-119 277 22 25 349529 0 0 0
-167 195 36 21 118175 0 0 0
-124 211 32 20 763238 0 0 0
-284 91 23 14 867912 0 0 0
-286 136 19 17 759570 0 0 0
-275 227 29 21 620030 0 0 0
-210 320 30 17 800821 0 0 0
-196 330 27 13 282921 0 0 0
-127 258 32 24 369335 0 0 0
-81 333 22 25 104030 0 0 0
-34 284 20 20 431834 0 0 0
31 350 20 24 719622 0 0 0
28 313 28 17 800755 0 0 0
-48 357 19 15 255250 0 0 0
-109 291 30 17 921858 0 0 0
-197 358 26 15 253851 0 0 0
-156 269 30 24 424573 0 0 0
-228 -138 33 19 285241 0 0 0
-277 -213 29 16 416359 0 0 0
-319 -130 25 22 764689 0 0 0
-248 -191 31 18 999836 0 0 0
-233 -189 19 15 937194 0 0 0
-322 -142 31 18 976990 0 0 0
-301 -68 22 21 996914 0 0 0
-360 -80 24 14 725016 0 0 0
-430 -94 33 14 166847 0 0 0
-525 -134 28 19 761705 0 0 0
-554 -55 20 23 381238 0 0 0
178 -296 36 18 125696 0 0 0
156 -389 21 20 663043 0 0 0
185 -400 34 21 743058 0 0 0
205 -456 37 24 661797 0 0 0
128 -485 19 17 642744 0 0 0
170 -392 27 25 593834 0 0 0
82 -461 35 24 483534 0 0 0
156 -447 30 21 481844 0 0 0
122 -422 35 17 293153 0 0 0
181 -343 21 16 322701 0 0 0
262 -410 30 15 888186 0 0 0
-207 320 30 19 138937 0 0 0
-262 353 26 17 469975 0 0 0
-215 449 22 13 128996 0 0 0
-270 432 38 22 825095 0 0 0
-304 404 37 23 724797 0 0 0
-370 372 29 21 149651 0 0 0
-445 287 29 18 595043 0 0 0
-538 322 30 15 167983 0 0 0
-621 329 19 24 797558 0 0 0
-694 336 24 18 593941 0 0 0
-743 324 19 23 454338 0 0 0
-736 366 20 24 216116 0 0 0
-218 97 23 24 212473 0 0 0
-147 107 37 25 834668 0 0 0
-224 35 22 16 793752 0 0 0
-171 -47 30 26 320674 0 0 0
-99 -84 19 25 646797 0 0 0
-80 -64 19 25 435656 0 0 0
-179 22 21 17 192464 0 0 0
-114 26 29 26 788324 0 0 0
-73 -53 34 15 540427 0 0 0
-173 -88 35 23 637706 0 0 0
-79 -121 20 13 326888 0 0 0
-100 -182 27 19 658269 0 0 0
-190 -187 37 13 819941 0 0 0
-266 -212 39 14 494412 0 0 0
-334 -245 25 23 440444 0 0 0
-246 -181 39 26 117816 0 0 0
-205 -202 35 16 771603 0 0 0
-141 -296 38 13 504863 0 0 0
-141 -285 32 18 374151 0 0 0
-165 -372 35 16 986494 0 0 0
-77 -457 23 16 791374 0 0 0
-100 -434 27 23 903644 0 0 0
-187 -357 21 23 514430 0 0 0
-164 -285 30 25 125003 0 0 0
-224 -378 38 24 225997 0 0 0
-166 -426 26 23 633753 0 0 0
-162 -357 19 14 877852 0 0 0
-204 -276 31 16 838823 0 0 0
-162 -210 22 19 301148 0 0 0
-129 -139 27 16 510037 0 0 0
-149 -114 22 26 639934 0 0 0
-51 -16 39 26 890777 0 0 0
-1 -351 19 14 828475 0 0 0
-8 -347 29 25 709591 0 0 0
2 -371 22 23 279506 0 0 0
-55 -315 35 19 557081 0 0 0
30 -345 23 23 379283 0 0 0
85 -255 25 16 716202 0 0 0
-6 -305 39 22 954173 0 0 0
32 -222 39 21 709817 0 0 0
-50 -241 31 13 266526 0 0 0
-19 -234 33 26 217886 0 0 0
-47 -268 33 14 100874 0 0 0
-136 -349 23 18 552486 0 0 0
317 321 35 18 382889 0 0 0
363 328 19 24 502769 0 0 0
361 339 20 24 611197 0 0 0
447 293 24 13 647660 0 0 0
382 387 24 16 425575 0 0 0
461 434 19 19 729781 0 0 0
532 396 37 13 638446 0 0 0
504 386 29 19 470284 0 0 0
590 470 28 24 249517 0 0 0
521 511 27 14 233909 0 0 0
430 470 35 14 890109 0 0 0
414 495 26 26 242384 0 0 0
367 540 21 22 142362 0 0 0
380 526 38 20 719651 0 0 0
303 507 29 24 276781 0 0 0
217 544 36 16 217096 0 0 0
155 614 25 21 806618 0 0 0
247 676 28 21 231145 0 0 0
321 737 21 25 435360 0 0 0
242 639 30 16 628982 0 0 0
383 96 31 18 216789 0 0 0
342 158 29 17 301224 0 0 0
255 241 33 18 704910 0 0 0
303 304 38 26 160817 0 0 0
283 299 33 19 138071 0 0 0
188 368 28 18 450778 0 0 0
248 384 21 19 840559 0 0 0
149 322 33 21 365414 0 0 0
52 288 33 21 384117 0 0 0
25 295 27 23 726745 0 0 0
281 -368 24 14 781586 0 0 0
238 -338 31 23 549946 0 0 0
157 -433 34 16 330355 0 0 0
71 -454 24 17 707142 0 0 0
91 -513 28 23 898395 0 0 0
57 -431 36 18 709057 0 0 0
80 -451 22 23 769462 0 0 0
84 -502 38 22 971791 0 0 0
168 -418 35 17 687017 0 0 0
267 -390 36 14 467523 0 0 0
367 -359 38 15 677117 0 0 0
322 -318 25 15 988837 0 0 0
412 -326 29 20 328260 0 0 0
502 -250 23 23 947061 0 0 0
453 -302 27 15 995547 0 0 0
534 -396 19 15 791246 0 0 0
473 -397 32 23 865565 0 0 0
467 -496 28 13 432434 0 0 0
448 -592 34 19 872368 0 0 0
501 -495 37 14 472030 0 0 0
591 -516 24 23 844152 0 0 0
515 -564 25 15 734005 0 0 0
471 -499 22 24 217692 0 0 0
544 -584 32 15 248246 0 0 0
476 -603 30 23 399810 0 0 0
529 -671 25 13 305946 0 0 0
547 -622 28 17 491439 0 0 0
609 -634 23 23 916250 0 0 0
518 -590 19 22 731775 0 0 0
483 -602 23 19 783115 0 0 0
456 -511 35 25 276879 0 0 0
520 -461 24 14 531877 0 0 0
562 -398 37 13 561980 0 0 0
655 -304 24 26 513187 0 0 0
604 -337 24 19 674448 0 0 0
548 -374 29 16 623982 0 0 0
301 -306 38 20 410672 0 0 0
346 -332 29 13 574481 0 0 0
430 -250 21 26 805951 0 0 0
525 -157 39 21 325662 0 0 0
521 -185 38 13 648485 0 0 0
597 -153 39 18 949667 0 0 0
637 -54 26 21 313712 0 0 0
591 -127 19 25 812363 0 0 0
631 -93 35 13 576260 0 0 0
667 7 24 14 367037 0 0 0
67 74 37 15 379356 0 0 0
53 107 31 23 458989 0 0 0
86 174 39 21 328427 0 0 0
62 131 32 14 898827 0 0 0
130 151 29 20 919534 0 0 0
225 109 31 22 516449 0 0 0
259 25 39 13 799753 0 0 0
315 17 19 20 609864 0 0 0
219 15 35 15 332969 0 0 0
229 -57 31 17 552694 0 0 0
-109 -150 35 17 398577 0 0 0
-156 -220 27 14 302325 0 0 0
-120 -298 33 17 672748 0 0 0
-124 -362 20 26 222841 0 0 0
-127 -435 31 16 321885 0 0 0
-50 -338 30 21 937040 0 0 0
-1 -288 19 14 183862 0 0 0
42 -317 23 14 755237 0 0 0
75 -391 26 20 865829 0 0 0
-21 -377 36 16 899836 0 0 0
-34 -407 25 24 395774 0 0 0
10 -479 32 16 239987 0 0 0
36 -468 27 13 907257 0 0 0
46 -415 34 13 998260 0 0 0
67 -471 33 13 723124 0 0 0
109 -565 21 19 546091 0 0 0
185 -529 28 26 964090 0 0 0
168 -484 20 22 286860 0 0 0
263 -569 29 23 607614 0 0 0
235 -574 35 26 385864 0 0 0
259 -489 29 19 149974 0 0 0
270 -540 38 17 317289 0 0 0
172 -529 30 22 685889 0 0 0
265 -564 31 26 131966 0 0 0
10 300 31 16 742710 0 0 0
67 253 27 19 377853 0 0 0
52 174 34 25 364192 0 0 0
145 177 21 13 404047 0 0 0
58 272 31 20 725140 0 0 0
90 199 35 20 828501 0 0 0
-280 -315 35 26 799209 0 0 0
-292 -377 26 15 485119 0 0 0
-210 -412 38 22 915227 0 0 0
-159 -425 19 23 169482 0 0 0
-136 -425 35 16 200838 0 0 0
-166 -353 23 17 516556 0 0 0
-249 -375 23 13 297949 0 0 0
-301 -430 33 22 421384 0 0 0
-308 -447 32 26 469511 0 0 0
-355 -349 39 17 918336 0 0 0
-268 -262 25 25 244717 0 0 0
-270 -342 35 26 420547 0 0 0
-193 -416 24 26 281362 0 0 0
-226 -355 32 14 951903 0 0 0
-145 -305 38 16 743710 0 0 0
-231 -245 28 17 154570 0 0 0
204 -189 30 16 871971 0 0 0
206 -272 35 23 801874 0 0 0
198 -215 34 14 701500 0 0 0
241 -298 32 17 509637 0 0 0
265 -293 27 15 942488 0 0 0
206 -206 20 22 822746 0 0 0
222 -163 21 18 546889 0 0 0
282 -170 34 17 453764 0 0 0
244 -232 28 15 928293 0 0 0
329 -292 34 23 994496 0 0 0
342 -271 33 16 762951 0 0 0
353 -256 21 21 796685 0 0 0
311 -190 37 16 183721 0 0 0
318 -135 38 22 819445 0 0 0
331 -40 21 15 716040 0 0 0
287 36 19 17 275813 0 0 0
201 -49 28 19 271216 0 0 0
135 -51 21 19 615326 0 0 0
92 3 29 25 475435 0 0 0
-138 -160 34 20 843618 0 0 0
-237 -222 34 13 334874 0 0 0
-143 -184 30 26 579866 0 0 0
-174 -84 35 22 389576 0 0 0
-197 -95 26 25 809282 0 0 0
-220 -44 36 20 273872 0 0 0
-223 41 33 23 194088 0 0 0
-150 -10 19 21 107835 0 0 0
-126 -76 28 22 947867 0 0 0
-217 -48 19 19 825176 0 0 0
-192 -18 30 19 883118 0 0 0
-243 1 35 18 777773 0 0 0
-331 -93 28 20 798178 0 0 0
-335 -67 32 22 823196 0 0 0
-420 -157 39 21 207304 0 0 0
-314 108 30 24 671811 0 0 0
-280 41 32 15 295280 0 0 0
-195 100 30 15 189253 0 0 0
-158 62 34 13 456599 0 0 0
-87 62 20 21 134621 0 0 0
-74 25 25 21 566943 0 0 0
-72 15 21 16 981763 0 0 0
-94 -25 36 14 967520 0 0 0
-104 -94 32 25 781280 0 0 0
-105 -72 37 24 176368 0 0 0
132 -164 22 17 453190 0 0 0
166 -233 19 19 544288 0 0 0
157 -144 39 21 712203 0 0 0
63 -241 26 22 638225 0 0 0
4 -329 24 13 647364 0 0 0
47 -241 19 16 674575 0 0 0
-38 -144 23 21 179254 0 0 0
-115 -112 25 21 557285 0 0 0
-159 -52 30 23 207092 0 0 0
-217 -16 19 16 504425 0 0 0
-156 -52 31 26 142541 0 0 0
-134 -25 38 23 585017 0 0 0
-140 35 19 15 345517 0 0 0
-141 -8 28 25 146356 0 0 0
-105 7 37 14 231632 0 0 0
-103 -93 29 26 575009 0 0 0
-107 -48 39 24 710340 0 0 0
-164 -90 26 26 733914 0 0 0
-160 -45 34 15 462945 0 0 0
-66 -57 22 26 351805 0 0 0
-154 24 31 21 214394 0 0 0
-81 77 25 18 814478 0 0 0
-74 -15 38 15 541292 0 0 0
-130 -66 34 25 131572 0 0 0
-166 -163 35 22 180467 0 0 0
-192 -190 28 25 511683 0 0 0
355 66 31 15 851987 0 0 0
292 -17 33 23 636782 0 0 0
319 56 26 24 674135 0 0 0
365 17 21 26 388734 0 0 0
279 -59 27 22 792214 0 0 0
357 -71 32 26 939787 0 0 0
317 -132 21 24 408861 0 0 0
252 -181 38 23 980282 0 0 0
320 -250 19 16 416561 0 0 0
238 -227 33 14 369964 0 0 0
-89 320 32 26 132327 0 0 0
2 262 32 22 549084 0 0 0
-58 361 24 17 624951 0 0 0
-152 376 24 13 991549 0 0 0
-131 443 32 15 259052 0 0 0
-209 451 34 13 641158 0 0 0
-309 481 23 24 692403 0 0 0
-264 432 31 19 179212 0 0 0
245 -106 21 20 538039 0 0 0
161 -65 21 13 912706 0 0 0
238 -96 39 26 290396 0 0 0
242 -19 29 24 439088 0 0 0
257 -77 30 25 818119 0 0 0
277 -125 32 26 444243 0 0 0
211 -115 39 22 807251 0 0 0
181 -17 31 16 823657 0 0 0
150 -84 35 15 523482 0 0 0
136 -132 38 14 144465 0 0 0
156 -157 32 19 246781 0 0 0
96 -128 20 21 331170 0 0 0
-287 252 20 21 358549 0 0 0
-365 158 34 19 331907 0 0 0
-385 92 32 16 570445 0 0 0
-419 70 23 20 700954 0 0 0
-368 157 36 25 848517 0 0 0
-422 165 33 13 427575 0 0 0
-145 -253 38 21 806138 0 0 0
-158 -319 36 13 760817 0 0 0
-99 -382 38 24 189365 0 0 0
-57 -366 36 23 966282 0 0 0
26 -436 21 18 342365 0 0 0
70 -449 19 26 596042 0 0 0
57 -366 34 15 808918 0 0 0
31 -428 27 18 115391 0 0 0
-4 -377 38 13 288430 0 0 0
-30 -385 23 22 931904 0 0 0
-8 -365 26 18 429238 0 0 0
-58 -269 25 20 377270 0 0 0
8 -210 37 14 180938 0 0 0
106 387 36 22 589265 0 0 0
105 387 20 20 127284 0 0 0
89 288 28 19 922422 0 0 0
168 388 28 24 798080 0 0 0
238 388 20 14 700597 0 0 0
290 437 37 16 718273 0 0 0
295 505 31 26 930299 0 0 0
371 562 32 20 775476 0 0 0
366 564 23 25 102054 0 0 0
338 593 36 26 960909 0 0 0
317 599 28 14 513247 0 0 0
406 657 29 20 703628 0 0 0
336 716 25 24 772620 0 0 0
265 735 32 19 669532 0 0 0
243 717 37 21 478519 0 0 0
147 663 20 25 715159 0 0 0
199 573 38 24 337679 0 0 0
269 635 29 26 949426 0 0 0
327 577 37 13 517792 0 0 0
238 618 22 17 118811 0 0 0
168 632 19 15 774594 0 0 0
-115 90 31 21 382947 0 0 0
-65 73 30 13 326359 0 0 0
-9 105 25 22 806263 0 0 0
62 54 24 18 613220 0 0 0
93 -30 37 21 297970 0 0 0
-1 -38 39 18 290761 0 0 0
-96 34 33 19 316709 0 0 0
-165 -24 22 14 981364 0 0 0
