400
-270 32 23 14 454529 0 0 0
-296 3 39 24 122401 0 0 0
-269 86 21 24 631981 0 0 0
-282 152 37 22 694088 0 0 0
-286 77 23 13 387638 0 0 0
-336 -7 35 21 477975 0 0 0
-358 16 22 25 634487 0 0 0
-312 20 34 24 150875 0 0 0
-290 -44 27 24 932903 0 0 0
-364 -140 39 19 393966 0 0 0
-418 -124 36 26 113657 0 0 0
-348 -148 30 21 835121 0 0 0
-259 -159 34 14 343646 0 0 0
-327 -255 29 26 395742 0 0 0
-372 -288 28 25 521299 0 0 0
-127 224 38 19 798868 0 0 0
-52 211 36 14 202753 0 0 0
-121 134 19 18 642602 0 0 0
-52 99 19 25 473645 0 0 0
-28 123 23 25 974822 0 0 0
21 35 32 14 597637 0 0 0
35 63 38 13 409439 0 0 0
-37 -25 23 25 408900 0 0 0
43 39 27 23 188862 0 0 0
117 -1 30 22 753861 0 0 0
194 -86 32 21 858938 0 0 0
160 -34 39 19 996053 0 0 0
158 -82 23 26 424744 0 0 0
211 -167 27 23 273208 0 0 0
139 -248 29 17 933706 0 0 0
104 -217 20 19 354474 0 0 0
141 -310 27 16 441659 0 0 0
119 -240 33 13 713234 0 0 0
126 -299 26 26 715465 0 0 0
186 -216 19 19 313830 0 0 0
190 -308 19 20 410328 0 0 0
185 -368 29 23 445518 0 0 0
152 -455 38 15 112827 0 0 0
193 -521 23 17 751886 0 0 0
275 -576 35 22 975997 0 0 0
35 -47 23 16 594108 0 0 0
30 -104 27 21 699076 0 0 0
104 -125 39 13 194501 0 0 0
97 -109 21 23 667390 0 0 0
174 -164 25 19 752537 0 0 0
245 -76 34 13 162533 0 0 0
269 -101 26 21 884335 0 0 0
285 -198 23 20 863470 0 0 0
284 -185 28 15 369954 0 0 0
240 -132 28 24 832806 0 0 0
337 -86 29 22 874858 0 0 0
372 -64 38 21 607530 0 0 0
464 -153 39 21 887292 0 0 0
377 -237 29 13 305044 0 0 0
349 -275 30 16 746816 0 0 0
442 -372 28 16 962211 0 0 0
442 -384 23 21 837011 0 0 0
398 -421 27 23 904776 0 0 0
476 -336 34 26 265432 0 0 0
467 -402 24 18 134046 0 0 0
389 -428 24 26 857467 0 0 0
435 -382 23 22 499846 0 0 0
375 -398 38 19 724296 0 0 0
302 -388 36 13 912691 0 0 0
398 -419 28 13 228846 0 0 0
415 -326 36 20 727205 0 0 0
372 -294 21 21 831975 0 0 0
104 294 24 21 177096 0 0 0
31 266 34 26 686780 0 0 0
-5 366 38 24 924491 0 0 0
-27 364 29 23 186664 0 0 0
28 401 37 26 112703 0 0 0
8 349 19 13 100691 0 0 0
-14 253 37 23 794519 0 0 0
-26 283 32 25 516607 0 0 0
-94 205 20 18 205269 0 0 0
-127 303 30 24 616674 0 0 0
-66 277 34 26 179310 0 0 0
-61 252 38 13 532231 0 0 0
-141 287 33 16 555478 0 0 0
-106 223 25 24 666646 0 0 0
-93 315 20 20 773822 0 0 0
1 278 34 17 881332 0 0 0
-32 185 28 18 144706 0 0 0
19 118 36 13 130427 0 0 0
-21 184 37 16 731193 0 0 0
-112 90 23 26 268709 0 0 0
-328 -250 35 24 546730 0 0 0
-247 -232 33 17 648628 0 0 0
-346 -299 39 21 944666 0 0 0
-383 -250 31 25 133199 0 0 0
-355 -344 36 21 752051 0 0 0
-431 -277 26 23 709162 0 0 0
-467 -369 21 26 275939 0 0 0
-523 -276 23 19 878933 0 0 0
32 20 35 22 956388 0 0 0
59 85 21 24 117351 0 0 0
-2 -1 39 19 205353 0 0 0
97 -35 34 23 872908 0 0 0
13 30 36 13 974860 0 0 0
59 41 33 21 710516 0 0 0
-17 -43 37 16 328919 0 0 0
-29 -101 21 20 836362 0 0 0
-329 -382 32 16 645444 0 0 0
-395 -382 22 17 734377 0 0 0
-460 -333 34 24 461853 0 0 0
-530 -288 29 18 343405 0 0 0
-582 -287 32 26 151044 0 0 0
-597 -199 20 20 523018 0 0 0
-564 -266 31 24 868093 0 0 0
-495 -310 23 25 295064 0 0 0
-468 -381 27 14 935753 0 0 0
-429 -414 31 20 862811 0 0 0
-394 -318 34 24 140768 0 0 0
-474 -398 19 14 296378 0 0 0
-161 -210 32 17 850349 0 0 0
-109 -177 39 21 732037 0 0 0
-103 -140 27 25 740840 0 0 0
-61 -156 26 13 345203 0 0 0
20 -136 27 18 389256 0 0 0
70 -194 24 26 924124 0 0 0
100 -257 30 21 837212 0 0 0
26 -335 22 21 567826 0 0 0
-44 -235 26 24 456081 0 0 0
-22 -248 38 20 982866 0 0 0
22 -268 26 19 594695 0 0 0
85 -217 26 25 992074 0 0 0
-10 -286 24 22 109609 0 0 0
281 7 28 13 485826 0 0 0
280 74 38 25 615747 0 0 0
244 53 39 17 848267 0 0 0
296 153 34 19 429648 0 0 0
200 173 33 16 906527 0 0 0
175 152 37 19 573143 0 0 0
250 216 36 15 657127 0 0 0
223 246 27 25 293272 0 0 0
181 233 33 26 255195 0 0 0
218 220 37 25 661601 0 0 0
301 242 32 25 483407 0 0 0
278 338 29 25 433329 0 0 0
212 427 28 22 328480 0 0 0
228 498 23 20 276433 0 0 0
254 498 23 25 221692 0 0 0
208 579 34 17 222901 0 0 0
194 557 24 15 132868 0 0 0
174 572 23 17 115107 0 0 0
225 508 21 21 140183 0 0 0
171 604 39 21 358795 0 0 0
129 594 23 13 598847 0 0 0
95 538 26 23 948102 0 0 0
108 489 25 20 585431 0 0 0
104 578 25 23 293304 0 0 0
67 639 19 24 878737 0 0 0
-23 648 36 17 407949 0 0 0
-9 652 32 18 102144 0 0 0
-85 570 39 19 289050 0 0 0
-103 593 39 21 987425 0 0 0
-119 544 24 18 885554 0 0 0
-84 618 35 15 107682 0 0 0
264 -5 21 15 947470 0 0 0
251 23 20 21 448108 0 0 0
240 86 22 23 100494 0 0 0
303 -5 31 26 260066 0 0 0
286 68 21 14 280145 0 0 0
268 73 37 22 821843 0 0 0
8 -221 19 22 227312 0 0 0
16 -249 38 18 510280 0 0 0
25 -322 30 18 443801 0 0 0
-33 -339 32 16 260058 0 0 0
-117 -252 30 24 177230 0 0 0
-61 -279 19 25 202370 0 0 0
-124 -248 35 16 514999 0 0 0
-171 -170 22 14 812403 0 0 0
-121 -138 36 17 112123 0 0 0
-49 -69 29 24 948528 0 0 0
-123 -81 28 22 544063 0 0 0
-128 -23 28 17 114407 0 0 0
-66 -97 39 22 237451 0 0 0
-81 -124 23 19 165512 0 0 0
11 -189 21 13 369620 0 0 0
106 -115 35 26 701238 0 0 0
164 -98 26 16 446953 0 0 0
74 -165 25 13 270924 0 0 0
35 -186 19 22 447134 0 0 0
81 -252 24 23 346897 0 0 0
-88 -198 31 26 101053 0 0 0
-171 -220 22 23 308839 0 0 0
-215 -247 39 14 882335 0 0 0
-278 -163 29 25 491750 0 0 0
-344 -262 36 22 565135 0 0 0
-395 -214 31 17 401345 0 0 0
-330 -181 19 13 366481 0 0 0
-341 -193 33 16 708979 0 0 0
-243 -123 19 25 498975 0 0 0
-240 -25 39 25 855276 0 0 0
-114 345 26 21 541377 0 0 0
-176 431 34 15 293778 0 0 0
-182 504 36 15 527096 0 0 0
-112 413 21 14 321492 0 0 0
-171 454 29 15 744830 0 0 0
-175 441 27 15 412059 0 0 0
-143 511 33 17 870584 0 0 0
-88 560 32 19 708371 0 0 0
-23 606 24 20 626879 0 0 0
61 587 23 16 839159 0 0 0
153 555 20 20 314240 0 0 0
70 477 27 19 710169 0 0 0
132 381 39 24 352525 0 0 0
57 373 34 23 281579 0 0 0
4 274 19 25 979006 0 0 0
-49 -129 21 26 452486 0 0 0
-131 -105 38 21 832507 0 0 0
-115 -108 20 18 199902 0 0 0
-118 -188 35 19 734848 0 0 0
-147 -178 27 26 263535 0 0 0
-228 -96 34 15 711219 0 0 0
-134 -19 26 13 416998 0 0 0
-216 22 28 20 214941 0 0 0
-144 45 38 15 136215 0 0 0
-80 68 35 20 666398 0 0 0
-122 51 19 20 468576 0 0 0
-83 130 36 22 215229 0 0 0
-22 95 26 25 966812 0 0 0
-6 181 35 16 432584 0 0 0
-42 143 21 14 723485 0 0 0
12 71 39 13 274725 0 0 0
39 11 33 16 139786 0 0 0
130 -37 23 14 296335 0 0 0
137 -58 23 26 804242 0 0 0
146 307 34 25 543626 0 0 0
198 302 19 26 339015 0 0 0
219 289 38 14 970584 0 0 0
172 341 28 25 506425 0 0 0
154 248 34 18 118764 0 0 0
230 291 27 18 782080 0 0 0
206 377 38 14 396357 0 0 0
187 378 28 19 869056 0 0 0
157 291 22 14 882644 0 0 0
149 191 21 18 166933 0 0 0
220 144 39 21 803599 0 0 0
159 116 39 23 619399 0 0 0
111 206 39 24 517992 0 0 0
90 151 35 25 625190 0 0 0
188 140 36 18 802843 0 0 0
-319 -122 22 24 314858 0 0 0
-403 -163 29 18 888685 0 0 0
-378 -88 32 25 204232 0 0 0
-346 -160 21 13 870493 0 0 0
-390 -82 25 15 648922 0 0 0
-330 0 28 26 790359 0 0 0
-365 47 19 14 829934 0 0 0
-351 116 21 19 620563 0 0 0
-357 79 21 17 133326 0 0 0
-344 49 28 13 901853 0 0 0
-289 -38 39 14 146399 0 0 0
-325 -100 36 23 324388 0 0 0
-306 -71 33 19 183782 0 0 0
-390 26 34 18 885139 0 0 0
-330 98 38 24 313593 0 0 0
-390 6 24 16 478375 0 0 0
-401 38 25 24 738532 0 0 0
-458 77 19 17 310369 0 0 0
-425 105 35 17 163509 0 0 0
-336 108 22 15 227007 0 0 0
-257 62 38 14 402859 0 0 0
-227 -33 27 23 845801 0 0 0
-296 2 22 22 104606 0 0 0
-250 -23 20 22 139282 0 0 0
-260 17 20 25 303089 0 0 0
-317 -55 24 19 958090 0 0 0
-317 -121 29 21 185702 0 0 0
-349 -54 30 22 460668 0 0 0
-355 30 35 15 695726 0 0 0
29 -263 29 20 699792 0 0 0
98 -265 34 20 532962 0 0 0
72 -293 37 16 521219 0 0 0
-4 -277 23 23 846491 0 0 0
-26 -281 32 24 174920 0 0 0
39 -317 19 14 837117 0 0 0
-54 -281 19 15 791264 0 0 0
-74 -310 37 22 806748 0 0 0
-119 -229 33 14 377592 0 0 0
-35 -308 19 25 793916 0 0 0
-74 -374 21 17 833586 0 0 0
-83 -393 24 14 692100 0 0 0
-110 -415 27 15 166721 0 0 0
-24 -441 23 25 107778 0 0 0
-12 -484 26 14 631510 0 0 0
367 -228 35 18 731264 0 0 0
313 -206 26 26 783591 0 0 0
335 -111 25 23 984402 0 0 0
370 -193 38 25 614169 0 0 0
302 -226 32 16 653872 0 0 0
205 -277 33 18 485959 0 0 0
279 -206 38 19 857870 0 0 0
248 -200 21 25 694766 0 0 0
176 -217 19 22 987278 0 0 0
182 -292 38 26 406233 0 0 0
93 -239 30 22 977607 0 0 0
104 -266 22 26 213451 0 0 0
81 -342 19 13 306062 0 0 0
124 -405 27 24 700475 0 0 0
73 -333 32 20 511528 0 0 0
87 -287 31 14 563383 0 0 0
18 -193 32 26 908936 0 0 0
75 -245 21 16 929343 0 0 0
121 -295 26 13 450979 0 0 0
192 -252 37 14 941479 0 0 0
124 -291 29 15 338488 0 0 0
167 -231 35 24 233138 0 0 0
145 -167 24 20 331141 0 0 0
165 -133 28 21 305811 0 0 0
137 -185 22 16 921867 0 0 0
144 320 36 14 921549 0 0 0
80 343 19 13 901590 0 0 0
55 289 32 19 722675 0 0 0
109 204 30 21 821659 0 0 0
23 223 24 14 276071 0 0 0
-72 192 35 25 462883 0 0 0
-39 290 31 23 640605 0 0 0
-134 252 31 26 790972 0 0 0
-207 302 22 17 425241 0 0 0
-180 215 27 17 112583 0 0 0
-88 293 33 26 669585 0 0 0
-78 308 20 17 474343 0 0 0
-22 337 25 23 156675 0 0 0
-60 282 29 21 782637 0 0 0
9 240 32 22 464668 0 0 0
67 189 39 17 361364 0 0 0
-1 281 28 13 876063 0 0 0
-1 301 24 17 828324 0 0 0
5 334 35 16 935108 0 0 0
57 -47 38 19 607284 0 0 0
120 -19 37 20 431866 0 0 0
152 -44 25 16 619823 0 0 0
80 1 36 26 458487 0 0 0
117 71 24 15 268719 0 0 0
64 91 22 22 762798 0 0 0
-400 -156 22 17 702350 0 0 0
-354 -198 26 13 971881 0 0 0
-403 -169 29 26 842895 0 0 0
-428 -117 35 25 939655 0 0 0
-407 -52 23 24 972129 0 0 0
-372 -41 20 16 333158 0 0 0
-357 -33 32 18 701093 0 0 0
-433 25 39 17 778761 0 0 0
-394 -45 29 24 228962 0 0 0
-464 -102 38 26 487686 0 0 0
246 -383 27 19 751911 0 0 0
241 -416 29 19 597899 0 0 0
170 -453 36 15 868018 0 0 0
195 -388 26 14 563524 0 0 0
210 -299 27 22 878565 0 0 0
157 -346 35 19 453993 0 0 0
244 -343 28 19 245116 0 0 0
146 -331 36 14 517396 0 0 0
90 -295 24 15 712603 0 0 0
138 -372 24 24 748600 0 0 0
124 -394 30 21 868756 0 0 0
146 -394 35 25 722435 0 0 0
59 -453 38 26 627773 0 0 0
-209 -155 26 26 950263 0 0 0
-225 -236 24 22 157155 0 0 0
-289 -185 25 15 870767 0 0 0
-243 -173 21 15 523814 0 0 0
-157 -201 30 16 651906 0 0 0
-252 -107 34 23 399464 0 0 0
-299 -43 22 22 327628 0 0 0
-301 22 19 22 908351 0 0 0
-229 49 34 14 452605 0 0 0
-319 21 37 24 104295 0 0 0
-368 23 27 15 863160 0 0 0
-294 66 25 20 645444 0 0 0
-387 55 30 22 441734 0 0 0
-324 38 27 26 635704 0 0 0
-391 117 39 24 318653 0 0 0
-311 63 34 18 349761 0 0 0
-350 113 21 24 324400 0 0 0
-342 212 34 18 650378 0 0 0
-399 112 38 19 538548 0 0 0
-373 65 28 21 394080 0 0 0
-374 82 35 16 435592 0 0 0
-416 167 38 13 364771 0 0 0
-512 168 29 16 497157 0 0 0
-471 193 35 23 658763 0 0 0
-386 267 39 25 804151 0 0 0
-395 300 37 21 130622 0 0 0
-306 367 35 15 159478 0 0 0
-226 407 30 15 384158 0 0 0
-210 407 23 24 616431 0 0 0
-223 506 23 25 344260 0 0 0
-313 450 28 18 676576 0 0 0
-226 -85 37 22 696117 0 0 0
-311 -70 26 22 320549 0 0 0
-397 -10 29 21 789141 0 0 0
-437 32 31 18 481573 0 0 0
-354 97 19 25 809025 0 0 0
-266 4 39 16 541019 0 0 0
-353 37 24 21 644461 0 0 0
-408 104 36 18 125315 0 0 0
