500
99 282 28 16 645161 0 0 0
106 293 37 18 739642 0 0 0
170 344 35 18 713957 0 0 0
272 446 33 15 653005 0 0 0
183 437 33 21 290037 0 0 0
177 347 32 19 619720 0 0 0
109 338 25 16 264830 0 0 0
157 231 22 19 228852 0 0 0
77 193 23 19 307172 0 0 0
76 70 23 24 154078 0 0 0
-44 123 21 17 307291 0 0 0
-138 61 37 14 922730 0 0 0
-75 -2 40 22 880913 0 0 0
5 -43 33 28 929984 0 0 0
-89 -68 26 17 795159 0 0 0
-205 -187 31 29 766585 0 0 0
-160 -80 21 14 345139 0 0 0
-70 -80 27 29 677306 0 0 0
24 -71 31 28 891465 0 0 0
68 -75 30 21 724623 0 0 0
-40 -68 36 27 875990 0 0 0
42 -447 41 20 488907 0 0 0
-5 -483 31 22 316491 0 0 0
-116 -368 39 15 727296 0 0 0
-214 -382 33 22 150415 0 0 0
-250 -374 42 18 581618 0 0 0
-132 -426 38 15 118551 0 0 0
-65 -529 39 25 781792 0 0 0
-103 -437 30 22 797631 0 0 0
-57 -399 29 23 451521 0 0 0
-2 -319 41 20 858836 0 0 0
-81 -270 39 29 770200 0 0 0
-139 -370 38 20 959617 0 0 0
-132 -298 21 20 945415 0 0 0
-65 -193 38 21 663880 0 0 0
434 285 32 19 274287 0 0 0
321 369 24 19 369655 0 0 0
352 449 26 23 985529 0 0 0
321 340 25 16 303279 0 0 0
299 297 38 16 292710 0 0 0
234 194 34 28 329582 0 0 0
197 105 27 18 375073 0 0 0
119 204 32 20 242470 0 0 0
144 154 41 28 835627 0 0 0
125 216 37 24 153356 0 0 0
51 224 32 29 703900 0 0 0
-45 125 31 14 565485 0 0 0
-98 192 28 25 895248 0 0 0
-97 283 39 19 218093 0 0 0
-149 408 37 27 604665 0 0 0
-164 379 24 18 559825 0 0 0
-66 370 33 17 170116 0 0 0
-96 270 36 27 287819 0 0 0
-205 272 26 19 417498 0 0 0
-230 347 24 26 473630 0 0 0
-310 389 42 28 860016 0 0 0
-220 316 42 23 369023 0 0 0
-261 295 30 21 406555 0 0 0
-234 386 42 18 801950 0 0 0
-257 502 27 26 873336 0 0 0
-267 476 32 28 546464 0 0 0
-294 529 40 22 597270 0 0 0
-383 409 41 15 253118 0 0 0
-332 396 25 19 484515 0 0 0
-325 518 25 19 977767 0 0 0
-207 465 32 14 462711 0 0 0
-148 435 42 22 313345 0 0 0
-78 528 22 21 577944 0 0 0
414 492 41 24 525956 0 0 0
370 429 21 21 891133 0 0 0
405 318 41 23 241079 0 0 0
452 326 25 23 497778 0 0 0
333 387 31 27 386868 0 0 0
423 393 40 20 885808 0 0 0
437 454 24 15 586568 0 0 0
452 379 25 29 501608 0 0 0
420 343 31 22 934208 0 0 0
409 351 22 14 840686 0 0 0
367 277 39 18 130384 0 0 0
475 317 34 27 631038 0 0 0
487 329 26 27 471830 0 0 0
372 370 42 21 611906 0 0 0
266 341 37 15 113712 0 0 0
294 453 25 21 206756 0 0 0
192 388 32 26 606694 0 0 0
110 307 22 20 231724 0 0 0
228 330 42 15 991248 0 0 0
136 214 33 19 153763 0 0 0
223 335 34 18 667341 0 0 0
162 282 36 22 682897 0 0 0
-275 -137 33 15 499153 0 0 0
-351 -237 35 14 767475 0 0 0
-388 -246 38 26 768858 0 0 0
-306 -143 25 25 261417 0 0 0
-333 158 27 20 802898 0 0 0
-391 67 27 15 653499 0 0 0
-370 27 21 26 950786 0 0 0
-379 29 36 24 882988 0 0 0
-445 -63 28 14 463905 0 0 0
-388 61 30 21 588167 0 0 0
-302 117 23 24 706994 0 0 0
-211 236 29 22 680444 0 0 0
-252 156 29 15 575063 0 0 0
-222 245 41 21 426066 0 0 0
-115 226 24 29 605297 0 0 0
-160 119 28 19 769082 0 0 0
-45 156 27 28 781125 0 0 0
-136 187 29 27 367313 0 0 0
-200 138 35 21 170935 0 0 0
-133 197 39 16 119608 0 0 0
-216 231 32 23 778177 0 0 0
-229 160 33 25 156276 0 0 0
-210 257 27 16 332652 0 0 0
-134 235 32 28 967827 0 0 0
-173 304 34 23 268681 0 0 0
-122 248 42 19 551248 0 0 0
-17 197 31 14 639725 0 0 0
-58 289 23 24 152627 0 0 0
-139 258 41 16 280938 0 0 0
-89 327 27 27 457915 0 0 0
-28 445 38 25 476030 0 0 0
-61 566 35 16 918999 0 0 0
116 166 26 21 952647 0 0 0
171 282 35 27 231940 0 0 0
220 357 42 16 268622 0 0 0
323 256 41 20 649907 0 0 0
269 159 39 24 526931 0 0 0
192 157 34 19 740460 0 0 0
312 231 39 20 857680 0 0 0
329 263 24 20 245179 0 0 0
331 162 26 15 378581 0 0 0
442 77 42 22 826705 0 0 0
427 -5 23 15 281689 0 0 0
396 -65 33 15 592050 0 0 0
355 -163 28 18 690102 0 0 0
420 -279 41 21 710759 0 0 0
513 -250 22 19 525121 0 0 0
404 -281 30 29 554275 0 0 0
328 -186 27 14 539224 0 0 0
-332 354 36 14 322518 0 0 0
-427 269 23 14 231279 0 0 0
-316 336 36 17 456410 0 0 0
-283 276 23 15 292359 0 0 0
-182 247 26 20 154232 0 0 0
-71 318 32 29 632850 0 0 0
-174 217 21 29 153160 0 0 0
-108 127 23 21 564681 0 0 0
-161 183 22 21 791575 0 0 0
8 414 41 15 510605 0 0 0
-9 483 23 28 411559 0 0 0
-127 605 28 19 652555 0 0 0
-51 638 27 18 346593 0 0 0
-73 540 21 15 233923 0 0 0
-38 482 39 23 552285 0 0 0
-126 537 31 26 655323 0 0 0
-150 585 36 24 828312 0 0 0
-165 668 36 22 138301 0 0 0
-238 734 28 26 665494 0 0 0
-314 845 37 17 643066 0 0 0
-191 752 41 22 438656 0 0 0
-279 837 31 28 913380 0 0 0
-391 861 38 16 706871 0 0 0
-430 783 33 16 529008 0 0 0
-478 900 37 25 171323 0 0 0
-573 1014 42 22 544634 0 0 0
-621 911 25 26 955419 0 0 0
475 233 30 24 276768 0 0 0
523 327 32 23 941676 0 0 0
574 247 36 17 391991 0 0 0
468 361 33 24 666387 0 0 0
551 241 40 28 283772 0 0 0
480 212 25 14 144758 0 0 0
483 156 33 21 903430 0 0 0
445 277 32 17 842123 0 0 0
524 257 39 18 396079 0 0 0
345 164 42 16 101446 0 0 0
253 219 26 14 422549 0 0 0
207 291 24 17 260992 0 0 0
91 221 33 24 131152 0 0 0
-9 166 31 17 870252 0 0 0
59 127 38 19 664612 0 0 0
-58 101 41 15 917734 0 0 0
-143 200 42 14 647339 0 0 0
-224 301 42 14 294010 0 0 0
-265 301 27 16 807842 0 0 0
-266 209 25 19 772614 0 0 0
-172 315 40 19 461295 0 0 0
203 399 35 26 910675 0 0 0
312 457 27 26 187178 0 0 0
411 357 34 23 899878 0 0 0
356 479 33 28 179077 0 0 0
296 554 32 28 941559 0 0 0
343 595 42 26 388746 0 0 0
423 523 33 17 706716 0 0 0
481 457 26 19 415659 0 0 0
452 418 37 15 655670 0 0 0
550 388 33 26 858700 0 0 0
506 323 27 18 501320 0 0 0
528 264 32 27 729386 0 0 0
596 382 26 20 898358 0 0 0
490 455 33 25 222696 0 0 0
399 514 39 28 635423 0 0 0
319 525 24 14 924358 0 0 0
330 413 25 16 369207 0 0 0
427 303 35 28 580148 0 0 0
425 391 39 18 989158 0 0 0
317 490 40 20 479772 0 0 0
225 607 37 28 108397 0 0 0
175 495 28 25 381576 0 0 0
120 615 21 25 521374 0 0 0
-152 -10 38 25 982557 0 0 0
-46 102 32 25 235615 0 0 0
-109 174 24 27 372910 0 0 0
-83 206 35 18 726123 0 0 0
2 99 22 23 388378 0 0 0
-19 138 32 25 471721 0 0 0
27 231 23 26 882015 0 0 0
11 198 33 22 170413 0 0 0
51 183 41 15 585392 0 0 0
-35 290 35 14 760058 0 0 0
8 213 32 18 760072 0 0 0
113 106 23 25 192267 0 0 0
41 170 33 17 661894 0 0 0
23 211 28 22 149995 0 0 0
87 281 25 21 317703 0 0 0
175 376 26 28 824319 0 0 0
184 448 24 20 930462 0 0 0
230 344 30 24 796005 0 0 0
170 309 26 24 462572 0 0 0
183 382 35 16 468880 0 0 0
287 482 27 29 385361 0 0 0
246 512 25 27 459493 0 0 0
306 594 29 18 965178 0 0 0
260 561 41 16 204386 0 0 0
145 647 35 15 666628 0 0 0
28 722 26 18 356776 0 0 0
110 630 34 16 207985 0 0 0
78 572 24 24 105709 0 0 0
-175 274 42 20 341776 0 0 0
-260 259 28 23 362547 0 0 0
-156 362 28 26 180398 0 0 0
-253 417 23 28 799195 0 0 0
-192 444 21 23 416380 0 0 0
-178 528 23 24 640404 0 0 0
-76 455 29 17 915646 0 0 0
-174 339 26 14 534313 0 0 0
-251 275 24 24 414093 0 0 0
-298 400 25 24 191511 0 0 0
-358 524 38 18 413645 0 0 0
-404 457 28 21 704577 0 0 0
-364 468 30 20 598337 0 0 0
-435 534 39 18 790044 0 0 0
-373 626 35 27 372803 0 0 0
394 -27 27 20 613497 0 0 0
370 -111 30 17 881643 0 0 0
324 -175 27 17 113342 0 0 0
393 -264 24 28 561759 0 0 0
492 -308 41 23 599492 0 0 0
500 -350 37 14 957452 0 0 0
474 -317 41 17 973335 0 0 0
406 -384 39 23 248759 0 0 0
303 -336 41 27 645310 0 0 0
314 -268 32 29 164116 0 0 0
312 -338 30 22 604740 0 0 0
314 -297 41 21 829613 0 0 0
297 -181 37 20 527086 0 0 0
272 -229 42 26 122121 0 0 0
262 -265 32 18 871571 0 0 0
277 -205 41 19 244081 0 0 0
318 -99 25 15 820898 0 0 0
275 -10 36 28 962750 0 0 0
154 -32 37 21 382584 0 0 0
90 -122 33 15 148916 0 0 0
405 -395 34 23 551349 0 0 0
488 -517 21 28 817671 0 0 0
603 -525 32 24 667138 0 0 0
653 -443 24 29 394115 0 0 0
742 -476 22 26 882986 0 0 0
778 -546 21 29 395071 0 0 0
792 -425 38 29 373775 0 0 0
777 -395 34 25 983917 0 0 0
700 -461 33 27 405731 0 0 0
589 -404 39 24 703406 0 0 0
613 -484 22 24 499028 0 0 0
560 -559 24 24 173434 0 0 0
585 -457 25 15 562277 0 0 0
679 -548 32 22 318889 0 0 0
617 -588 33 25 804218 0 0 0
568 -676 28 26 607789 0 0 0
587 -553 35 22 475542 0 0 0
476 -569 32 26 491879 0 0 0
532 -653 27 26 776061 0 0 0
496 -776 27 27 723202 0 0 0
621 -873 34 24 902498 0 0 0
675 -752 30 24 161754 0 0 0
610 -769 21 27 131612 0 0 0
705 -826 24 18 199109 0 0 0
727 -859 29 22 448381 0 0 0
798 -945 35 17 218198 0 0 0
854 -831 26 24 554444 0 0 0
750 -866 28 27 555272 0 0 0
734 -923 24 29 991287 0 0 0
731 -836 31 28 835093 0 0 0
636 -780 26 29 312019 0 0 0
754 -720 21 14 692724 0 0 0
792 -631 35 15 474022 0 0 0
837 -702 21 28 549378 0 0 0
824 -779 22 15 603493 0 0 0
947 -827 29 20 842712 0 0 0
883 -896 25 27 941224 0 0 0
923 -777 40 25 542226 0 0 0
818 -882 34 20 594928 0 0 0
754 -974 23 29 437742 0 0 0
822 -876 23 16 159227 0 0 0
756 -881 21 28 676783 0 0 0
775 -908 24 19 132650 0 0 0
-235 96 23 27 889854 0 0 0
-265 147 36 26 186740 0 0 0
-258 137 28 24 210474 0 0 0
-176 141 28 18 375446 0 0 0
-139 25 26 22 196747 0 0 0
-212 -16 26 15 467030 0 0 0
-263 -112 27 16 978181 0 0 0
-321 -188 21 20 252811 0 0 0
-301 -263 31 27 333231 0 0 0
-421 -294 26 17 667826 0 0 0
-476 -392 25 18 552367 0 0 0
-436 -384 38 23 540831 0 0 0
-313 -461 31 16 563513 0 0 0
-196 -416 35 18 483468 0 0 0
-316 -451 40 23 897997 0 0 0
-353 -353 25 27 774085 0 0 0
-279 -230 23 19 533515 0 0 0
-344 -122 33 20 174867 0 0 0
-233 -166 26 19 811620 0 0 0
119 193 23 28 293446 0 0 0
179 303 25 17 474573 0 0 0
137 424 24 14 980962 0 0 0
172 466 33 17 948125 0 0 0
190 531 31 21 117676 0 0 0
213 449 31 27 311000 0 0 0
291 487 27 18 987614 0 0 0
172 578 32 28 192911 0 0 0
134 582 23 26 428174 0 0 0
177 511 42 29 614387 0 0 0
242 610 42 26 609867 0 0 0
161 590 26 29 578179 0 0 0
186 475 32 17 774894 0 0 0
78 358 38 14 715831 0 0 0
32 423 25 18 730555 0 0 0
79 405 25 25 186292 0 0 0
-18 314 25 29 564154 0 0 0
-28 227 26 25 519868 0 0 0
4 255 23 18 340899 0 0 0
80 159 23 22 438372 0 0 0
86 187 42 28 370698 0 0 0
146 167 40 21 369170 0 0 0
84 94 25 15 553271 0 0 0
47 32 31 25 378434 0 0 0
149 56 42 18 470720 0 0 0
202 18 33 17 966518 0 0 0
173 108 38 15 833671 0 0 0
153 51 33 27 156313 0 0 0
133 24 25 29 577176 0 0 0
113 84 29 25 427338 0 0 0
112 198 26 19 980496 0 0 0
-358 -41 36 24 346708 0 0 0
-468 78 40 24 790227 0 0 0
-393 127 41 15 952039 0 0 0
-460 251 41 28 596098 0 0 0
-460 338 40 23 838307 0 0 0
-564 387 24 19 219768 0 0 0
-574 412 24 27 546932 0 0 0
-650 304 37 29 492828 0 0 0
-541 223 38 22 813131 0 0 0
-424 283 24 29 773746 0 0 0
-479 272 21 21 549825 0 0 0
-601 320 40 24 357864 0 0 0
-668 442 35 22 378797 0 0 0
-789 324 28 19 735521 0 0 0
-781 363 23 26 257544 0 0 0
-753 415 22 25 875088 0 0 0
-693 306 28 18 921910 0 0 0
183 -218 32 26 488630 0 0 0
213 -285 22 23 914539 0 0 0
228 -364 42 17 203243 0 0 0
325 -268 31 26 895435 0 0 0
342 -338 27 19 487661 0 0 0
315 -389 42 19 674259 0 0 0
212 -301 27 18 733855 0 0 0
278 -209 28 25 965369 0 0 0
287 -283 32 17 878707 0 0 0
232 -291 30 27 404169 0 0 0
318 -262 33 15 557824 0 0 0
413 -387 31 26 194114 0 0 0
378 -378 42 18 573789 0 0 0
409 -464 23 20 489803 0 0 0
400 -433 27 15 629672 0 0 0
484 -464 27 15 864650 0 0 0
430 -413 35 26 749701 0 0 0
540 -335 21 23 823705 0 0 0
504 -444 23 29 772553 0 0 0
628 -568 36 29 998776 0 0 0
686 -688 23 17 671339 0 0 0
787 -599 41 19 330371 0 0 0
838 -601 22 22 650626 0 0 0
727 -607 38 19 277423 0 0 0
618 -668 23 16 608604 0 0 0
542 -772 31 24 685434 0 0 0
548 -773 30 16 640066 0 0 0
-444 -350 38 18 399665 0 0 0
-529 -445 28 26 458169 0 0 0
-579 -461 39 15 389854 0 0 0
-662 -345 31 15 826994 0 0 0
-74 318 38 27 748760 0 0 0
-186 351 31 29 646584 0 0 0
-102 356 27 28 734858 0 0 0
-43 400 23 20 895574 0 0 0
-109 410 24 26 772748 0 0 0
-128 332 42 16 181953 0 0 0
-24 212 34 24 160689 0 0 0
-283 55 41 14 651766 0 0 0
-308 143 40 29 662174 0 0 0
-210 240 23 22 329406 0 0 0
-221 239 38 14 406112 0 0 0
-256 247 30 16 599323 0 0 0
-215 132 40 25 448368 0 0 0
-155 158 35 14 827087 0 0 0
-143 57 37 18 979856 0 0 0
-186 -14 37 29 702685 0 0 0
-217 -31 37 15 141521 0 0 0
-181 -81 28 19 730389 0 0 0
-213 -91 38 24 978104 0 0 0
-248 -2 25 28 454458 0 0 0
-255 -95 28 18 280731 0 0 0
-380 -124 23 29 346061 0 0 0
-296 -193 32 28 407232 0 0 0
-350 -307 40 24 469079 0 0 0
-406 -393 33 29 780733 0 0 0
490 -382 24 19 105062 0 0 0
429 -306 30 19 975847 0 0 0
508 -399 28 17 210613 0 0 0
414 -459 33 18 386298 0 0 0
320 -435 28 18 860325 0 0 0
444 -370 22 26 705504 0 0 0
537 -445 42 17 526454 0 0 0
478 -493 40 19 404323 0 0 0
462 -437 27 17 297169 0 0 0
419 -391 22 19 573041 0 0 0
167 327 41 18 716392 0 0 0
138 330 28 27 888158 0 0 0
75 257 37 20 368983 0 0 0
26 311 24 20 631903 0 0 0
14 392 40 26 652690 0 0 0
79 379 33 16 298838 0 0 0
110 413 31 25 930131 0 0 0
18 509 35 14 785111 0 0 0
3 465 29 16 762013 0 0 0
-13 522 39 16 279123 0 0 0
5 552 30 14 713216 0 0 0
-34 569 25 21 637985 0 0 0
-148 453 42 28 219633 0 0 0
-23 480 22 22 128893 0 0 0
31 408 23 18 410696 0 0 0
95 -36 33 25 287759 0 0 0
133 -75 27 18 203669 0 0 0
218 -49 33 20 769155 0 0 0
144 -24 31 15 230074 0 0 0
157 -54 36 14 453063 0 0 0
278 -114 23 21 653007 0 0 0
309 -192 24 15 663748 0 0 0
288 -235 42 21 377362 0 0 0
175 -133 24 22 697265 0 0 0
117 -257 25 19 662984 0 0 0
19 -261 29 23 222095 0 0 0
1 -204 31 18 202031 0 0 0
33 -299 22 14 429768 0 0 0
130 -245 26 26 399661 0 0 0
29 -247 42 21 582439 0 0 0
78 -360 32 18 835458 0 0 0
135 -332 28 27 707109 0 0 0
155 -266 30 17 501140 0 0 0
165 -340 22 28 340687 0 0 0
128 -246 27 18 582406 0 0 0
57 -151 21 29 377530 0 0 0
11 -84 32 17 959069 0 0 0
-109 21 24 22 785034 0 0 0
-212 106 31 14 396579 0 0 0
-182 24 35 25 960971 0 0 0
-229 -17 33 22 681364 0 0 0
-149 -29 21 17 132843 0 0 0
-109 -124 38 24 279587 0 0 0
-174 -120 42 27 501937 0 0 0
-81 -91 41 29 418120 0 0 0
-119 -20 28 29 250577 0 0 0
136 -36 22 23 684323 0 0 0
185 -145 41 16 341236 0 0 0
250 -226 41 16 596223 0 0 0
148 -240 23 21 499704 0 0 0
44 -153 40 20 654862 0 0 0
