500
257 -282 34 16 892809 0 0 0
335 -311 32 27 904116 0 0 0
330 -218 30 28 349210 0 0 0
382 -264 41 19 275425 0 0 0
338 -278 21 18 885182 0 0 0
268 -315 42 16 918669 0 0 0
348 -249 37 23 808593 0 0 0
290 -195 30 25 632763 0 0 0
264 -141 29 19 548315 0 0 0
164 -250 29 21 562927 0 0 0
92 -132 32 20 575478 0 0 0
132 -106 27 25 546881 0 0 0
226 -22 39 22 283442 0 0 0
108 -127 34 17 472207 0 0 0
159 -155 21 27 315607 0 0 0
233 -172 28 21 260744 0 0 0
253 -266 38 23 551856 0 0 0
303 -302 37 27 406493 0 0 0
283 -416 31 15 603948 0 0 0
258 -317 31 29 682921 0 0 0
201 -368 40 25 951618 0 0 0
148 -350 25 18 989251 0 0 0
253 -446 36 29 887039 0 0 0
284 -464 34 25 639485 0 0 0
349 -530 37 29 933376 0 0 0
339 -413 28 28 256461 0 0 0
-444 266 23 16 727203 0 0 0
-419 328 29 28 696566 0 0 0
-332 254 39 23 294620 0 0 0
-250 309 39 14 350733 0 0 0
-180 290 35 16 436157 0 0 0
-270 203 22 16 102780 0 0 0
-260 280 42 25 142425 0 0 0
-142 396 23 19 133599 0 0 0
-42 445 41 18 763410 0 0 0
-91 496 38 27 363162 0 0 0
-1 420 35 17 708008 0 0 0
-64 479 22 18 895496 0 0 0
-39 523 28 28 713758 0 0 0
-56 517 21 18 550126 0 0 0
-92 598 21 25 938643 0 0 0
411 95 34 17 723806 0 0 0
490 90 28 18 445059 0 0 0
486 150 34 18 659834 0 0 0
475 131 37 26 774458 0 0 0
549 203 24 14 428984 0 0 0
672 154 39 18 535524 0 0 0
594 110 37 28 576285 0 0 0
587 24 30 18 918914 0 0 0
623 14 27 14 211621 0 0 0
630 20 21 22 237407 0 0 0
644 77 27 26 598951 0 0 0
596 150 40 27 939569 0 0 0
554 192 35 25 145717 0 0 0
616 117 41 21 476946 0 0 0
594 189 40 27 911959 0 0 0
594 190 37 15 253039 0 0 0
524 315 29 18 456285 0 0 0
479 244 40 26 739932 0 0 0
395 140 33 29 142901 0 0 0
322 153 39 16 819439 0 0 0
227 101 40 18 565982 0 0 0
159 83 30 17 458155 0 0 0
88 -17 38 21 200468 0 0 0
117 -54 33 28 256929 0 0 0
63 59 29 15 514365 0 0 0
29 71 40 27 288981 0 0 0
143 118 22 20 880187 0 0 0
48 96 38 19 107893 0 0 0
139 123 21 29 881607 0 0 0
-359 320 42 24 510674 0 0 0
-422 299 28 22 818584 0 0 0
-500 345 34 25 985122 0 0 0
-514 296 40 18 654491 0 0 0
-472 237 31 23 667407 0 0 0
-464 128 24 14 617321 0 0 0
-346 177 23 23 859485 0 0 0
-419 160 31 19 572033 0 0 0
-541 211 37 24 422668 0 0 0
-552 236 23 16 889748 0 0 0
-592 332 32 16 517645 0 0 0
-635 237 28 26 493348 0 0 0
-679 228 23 24 695749 0 0 0
-609 333 30 24 884341 0 0 0
-651 303 33 22 655483 0 0 0
-540 253 30 18 665366 0 0 0
-545 249 39 23 892448 0 0 0
-435 329 42 29 305066 0 0 0
-450 303 40 14 110521 0 0 0
-426 394 24 20 793801 0 0 0
-329 365 21 15 108325 0 0 0
-444 262 41 29 541545 0 0 0
-458 256 25 26 976982 0 0 0
-409 316 27 19 487242 0 0 0
-321 408 40 15 387497 0 0 0
-330 443 41 26 311819 0 0 0
-371 367 36 21 824018 0 0 0
-371 275 37 19 348566 0 0 0
-412 159 24 24 444212 0 0 0
-451 172 32 18 666676 0 0 0
-528 171 42 15 148806 0 0 0
365 -428 22 29 196667 0 0 0
286 -549 35 27 307745 0 0 0
181 -471 27 16 952051 0 0 0
92 -465 25 24 537869 0 0 0
54 -560 26 29 666029 0 0 0
49 -504 28 26 429153 0 0 0
96 -442 32 20 616537 0 0 0
209 -360 21 18 727130 0 0 0
164 -366 30 28 323736 0 0 0
129 -308 39 24 445262 0 0 0
96 -265 26 26 173571 0 0 0
210 -377 30 27 859895 0 0 0
92 -497 37 19 395841 0 0 0
95 -517 42 24 141407 0 0 0
129 -483 24 15 925280 0 0 0
106 -426 27 16 337990 0 0 0
55 -479 42 17 388877 0 0 0
148 -426 23 23 823986 0 0 0
268 -501 35 18 241595 0 0 0
201 -462 30 25 480231 0 0 0
295 -474 28 22 278723 0 0 0
340 -395 36 21 293934 0 0 0
222 -325 36 16 239416 0 0 0
131 -317 30 21 374509 0 0 0
75 -364 27 28 811625 0 0 0
-5 -422 24 26 991603 0 0 0
-110 -381 42 25 621205 0 0 0
-232 -380 29 14 212024 0 0 0
-113 -419 23 15 579784 0 0 0
-427 -113 34 19 898387 0 0 0
-362 -99 39 21 491692 0 0 0
-384 -170 26 21 861992 0 0 0
-276 -174 24 22 574602 0 0 0
-193 -272 25 19 459105 0 0 0
-284 -160 26 15 502689 0 0 0
-336 -251 42 23 254481 0 0 0
-437 -289 27 20 539894 0 0 0
-551 -230 42 17 294232 0 0 0
-465 -130 32 19 943814 0 0 0
-517 -178 39 19 119882 0 0 0
-597 -170 36 29 654532 0 0 0
-607 -118 41 21 979687 0 0 0
-567 -146 21 20 789630 0 0 0
-553 -223 22 21 174467 0 0 0
-501 -227 24 26 160036 0 0 0
-513 -329 27 28 286573 0 0 0
-523 -386 40 26 682390 0 0 0
-477 -505 28 21 927393 0 0 0
-459 -569 40 27 926932 0 0 0
-497 -507 26 16 307964 0 0 0
-533 -610 30 20 236767 0 0 0
-563 -497 21 17 444210 0 0 0
-479 226 27 21 320530 0 0 0
-537 132 33 24 146755 0 0 0
-441 163 32 21 591549 0 0 0
-412 279 25 20 687187 0 0 0
-317 356 39 21 294808 0 0 0
-399 452 32 29 723442 0 0 0
-408 516 26 19 469410 0 0 0
-385 438 24 24 295366 0 0 0
-301 378 38 22 755209 0 0 0
-234 320 33 21 377503 0 0 0
-257 287 39 16 467492 0 0 0
-348 301 24 22 593621 0 0 0
-358 326 42 22 948334 0 0 0
-437 236 25 29 383985 0 0 0
-434 307 30 27 404775 0 0 0
-556 279 33 29 771141 0 0 0
-500 220 39 16 560471 0 0 0
297 402 37 22 662446 0 0 0
391 300 30 26 838586 0 0 0
390 339 23 27 122108 0 0 0
341 404 32 15 363690 0 0 0
408 483 22 21 956495 0 0 0
329 399 38 17 714635 0 0 0
333 275 42 23 352438 0 0 0
229 367 39 29 754047 0 0 0
200 278 37 22 334848 0 0 0
180 212 27 17 242507 0 0 0
82 261 30 27 699671 0 0 0
84 337 35 16 102258 0 0 0
133 446 34 14 467099 0 0 0
9 394 37 14 305813 0 0 0
-29 349 40 27 394284 0 0 0
-109 313 29 22 854396 0 0 0
-131 433 33 16 156397 0 0 0
-119 313 33 22 711895 0 0 0
-38 205 27 21 129061 0 0 0
-177 -183 36 17 713852 0 0 0
-128 -193 30 18 261951 0 0 0
-70 -68 23 19 355412 0 0 0
-127 -25 36 27 673368 0 0 0
-207 -116 30 25 475235 0 0 0
-174 -110 37 25 284116 0 0 0
-219 -154 25 16 468507 0 0 0
-184 -182 23 28 973484 0 0 0
-192 -83 25 20 571186 0 0 0
-287 3 30 15 485238 0 0 0
-196 118 41 20 567927 0 0 0
-240 92 33 14 101860 0 0 0
-315 29 32 26 414297 0 0 0
-226 42 27 27 263143 0 0 0
-153 97 21 23 140691 0 0 0
-386 499 40 14 976571 0 0 0
-457 476 25 24 804541 0 0 0
-366 528 23 21 169640 0 0 0
-432 557 26 22 240923 0 0 0
-384 635 33 28 254137 0 0 0
-294 636 27 20 922687 0 0 0
-198 722 24 23 145250 0 0 0
-194 683 39 14 713128 0 0 0
-213 563 23 29 366278 0 0 0
-93 654 39 17 995476 0 0 0
-120 762 35 15 980170 0 0 0
-61 710 35 29 516400 0 0 0
-21 705 37 19 273027 0 0 0
74 665 33 24 129049 0 0 0
132 567 38 16 620423 0 0 0
10 450 37 29 535987 0 0 0
-7 349 32 14 988215 0 0 0
48 331 33 25 223057 0 0 0
150 254 41 19 618335 0 0 0
212 221 28 24 548964 0 0 0
89 276 40 21 344474 0 0 0
1 370 21 27 804896 0 0 0
62 457 33 25 233498 0 0 0
144 346 24 26 332130 0 0 0
73 360 21 18 927677 0 0 0
-39 355 22 14 463351 0 0 0
-106 363 24 21 545932 0 0 0
-35 318 24 23 355669 0 0 0
8 310 27 17 348597 0 0 0
-7 415 38 21 808962 0 0 0
-45 512 38 26 613830 0 0 0
44 399 29 26 499167 0 0 0
12 309 25 23 492289 0 0 0
-19 242 26 18 445079 0 0 0
-6 206 29 26 812903 0 0 0
-122 134 28 18 352051 0 0 0
308 104 27 26 546439 0 0 0
193 158 37 16 943635 0 0 0
108 44 22 29 717387 0 0 0
24 -52 21 28 935000 0 0 0
129 -11 31 15 883108 0 0 0
8 47 34 23 137300 0 0 0
35 155 28 17 143783 0 0 0
33 95 33 27 964332 0 0 0
85 38 42 24 248036 0 0 0
22 145 21 28 741125 0 0 0
146 29 34 17 554362 0 0 0
35 -77 33 18 324406 0 0 0
-70 15 32 27 910284 0 0 0
-133 108 37 23 754302 0 0 0
-109 207 42 22 184411 0 0 0
-51 270 41 20 582863 0 0 0
-77 278 25 24 359764 0 0 0
-189 310 30 29 204854 0 0 0
-166 222 36 22 623139 0 0 0
-132 333 33 25 198397 0 0 0
-175 408 26 16 255978 0 0 0
-243 462 36 28 722711 0 0 0
-176 434 27 16 652693 0 0 0
-52 419 22 21 615878 0 0 0
-127 423 24 26 114843 0 0 0
-17 543 36 15 213394 0 0 0
77 473 25 17 124402 0 0 0
80 385 26 25 832995 0 0 0
30 357 33 14 761548 0 0 0
40 472 24 28 359280 0 0 0
25 536 26 23 758874 0 0 0
-43 482 32 24 295641 0 0 0
46 594 25 22 138933 0 0 0
-25 470 31 27 309895 0 0 0
-146 558 21 26 816488 0 0 0
-204 518 27 19 698206 0 0 0
-100 637 35 14 318188 0 0 0
330 -455 26 29 570247 0 0 0
356 -494 38 23 574162 0 0 0
451 -515 29 14 743649 0 0 0
340 -532 24 25 134224 0 0 0
297 -583 31 29 989412 0 0 0
373 -522 36 22 245492 0 0 0
495 -495 39 25 902428 0 0 0
431 -512 33 18 578068 0 0 0
316 -556 34 24 189369 0 0 0
-53 48 29 14 840827 0 0 0
-26 77 34 28 378601 0 0 0
-120 190 21 26 867806 0 0 0
-92 171 24 20 488877 0 0 0
28 58 26 14 499525 0 0 0
88 91 33 19 735143 0 0 0
88 98 33 27 414895 0 0 0
-6 195 36 20 873755 0 0 0
170 -82 22 21 548832 0 0 0
171 -201 30 16 541257 0 0 0
183 -217 33 17 284580 0 0 0
297 -174 38 15 893592 0 0 0
176 -266 36 21 714921 0 0 0
288 -282 21 23 907648 0 0 0
258 -313 27 24 439444 0 0 0
253 -416 22 24 441528 0 0 0
195 -401 41 22 674544 0 0 0
111 -340 31 23 320622 0 0 0
163 -431 22 23 126018 0 0 0
-110 -371 38 20 710562 0 0 0
-89 -310 28 26 285381 0 0 0
-84 -336 32 28 834329 0 0 0
-127 -223 23 29 487347 0 0 0
-13 -133 30 16 267113 0 0 0
0 -244 30 20 303348 0 0 0
101 -188 31 22 158158 0 0 0
-168 176 22 26 584199 0 0 0
-291 207 30 15 400259 0 0 0
-177 167 25 22 721071 0 0 0
-233 160 27 21 780024 0 0 0
-131 43 36 21 192461 0 0 0
-183 -32 23 22 180207 0 0 0
-243 80 42 20 254902 0 0 0
-284 120 32 27 212541 0 0 0
-338 200 41 14 264920 0 0 0
-453 231 37 22 779264 0 0 0
-488 285 38 19 425510 0 0 0
-408 388 37 25 145073 0 0 0
-354 486 25 17 900063 0 0 0
-356 372 21 15 472463 0 0 0
-416 457 41 14 850336 0 0 0
-370 366 24 24 430975 0 0 0
-379 402 21 23 546075 0 0 0
-401 469 23 20 761725 0 0 0
-509 450 30 15 597009 0 0 0
-608 487 24 14 646904 0 0 0
148 -477 33 27 585461 0 0 0
148 -482 30 28 903249 0 0 0
245 -362 34 29 239032 0 0 0
129 -249 22 18 338276 0 0 0
90 -344 36 24 120354 0 0 0
49 -459 28 27 538991 0 0 0
86 -389 21 14 463481 0 0 0
166 -502 28 18 172680 0 0 0
120 -401 35 21 224297 0 0 0
202 -363 24 14 610476 0 0 0
279 -421 22 15 162903 0 0 0
236 -385 21 24 261994 0 0 0
282 -384 24 29 878982 0 0 0
227 -452 24 27 557415 0 0 0
145 -333 36 25 714549 0 0 0
115 -431 40 23 137444 0 0 0
81 -435 42 20 325398 0 0 0
61 -413 39 29 213882 0 0 0
89 -395 25 23 321187 0 0 0
144 -408 28 14 255916 0 0 0
154 -473 21 25 631361 0 0 0
126 -536 40 27 750774 0 0 0
6 -528 41 15 638702 0 0 0
114 -554 24 26 759006 0 0 0
140 -657 42 21 406209 0 0 0
223 -543 29 15 532822 0 0 0
283 -424 34 28 882818 0 0 0
277 -496 22 23 356959 0 0 0
65 -161 26 26 724058 0 0 0
113 -127 34 19 841110 0 0 0
163 -68 39 23 690695 0 0 0
170 -28 28 18 713113 0 0 0
108 -123 25 23 677110 0 0 0
156 -97 32 26 886770 0 0 0
128 -90 29 29 904246 0 0 0
87 -211 30 14 502990 0 0 0
71 -220 42 20 983785 0 0 0
113 -204 28 21 410137 0 0 0
67 -81 22 15 547825 0 0 0
145 -25 33 15 709137 0 0 0
160 5 23 17 430939 0 0 0
87 114 37 18 547292 0 0 0
103 62 29 19 910995 0 0 0
210 -16 35 15 298502 0 0 0
106 -30 24 21 269298 0 0 0
94 -145 26 29 762668 0 0 0
142 -242 28 18 555534 0 0 0
166 -211 27 29 370073 0 0 0
111 -294 32 29 778576 0 0 0
147 -260 28 22 854970 0 0 0
-431 -158 30 28 226115 0 0 0
-311 -278 42 16 536493 0 0 0
-280 -264 21 25 979065 0 0 0
-216 -207 25 14 451534 0 0 0
-320 -175 37 24 612736 0 0 0
-357 -204 37 19 299843 0 0 0
-479 -253 26 28 323601 0 0 0
-423 -206 29 19 266872 0 0 0
254 241 37 22 235969 0 0 0
355 254 30 18 886472 0 0 0
281 214 39 23 137113 0 0 0
358 137 23 17 262688 0 0 0
285 38 33 17 506073 0 0 0
166 121 39 17 151942 0 0 0
153 227 21 23 853262 0 0 0
50 241 35 19 432066 0 0 0
136 159 24 18 144894 0 0 0
24 218 21 28 631857 0 0 0
55 187 33 28 332184 0 0 0
129 188 30 14 528275 0 0 0
198 131 37 17 730624 0 0 0
74 154 40 25 958403 0 0 0
182 105 41 20 156473 0 0 0
142 178 32 14 772007 0 0 0
106 121 32 29 241097 0 0 0
142 124 23 16 527696 0 0 0
228 79 26 29 826660 0 0 0
320 174 22 29 267496 0 0 0
347 84 23 15 383349 0 0 0
255 30 33 15 799116 0 0 0
263 32 21 27 758762 0 0 0
149 -60 40 27 801057 0 0 0
271 49 36 22 521286 0 0 0
261 23 28 14 344413 0 0 0
244 91 31 14 594279 0 0 0
262 -158 37 29 229852 0 0 0
210 -245 21 20 418930 0 0 0
234 -176 24 18 121768 0 0 0
354 -160 27 23 262177 0 0 0
286 -272 39 15 869566 0 0 0
317 -158 26 17 638976 0 0 0
378 -52 27 19 223228 0 0 0
485 -123 41 15 531941 0 0 0
418 -42 29 15 334733 0 0 0
352 69 27 22 592404 0 0 0
234 183 23 26 121667 0 0 0
125 308 37 24 761253 0 0 0
109 237 36 19 725940 0 0 0
143 226 38 24 904416 0 0 0
183 223 37 14 184106 0 0 0
65 269 40 14 487211 0 0 0
-48 374 42 24 587371 0 0 0
-138 418 32 18 254275 0 0 0
-238 336 33 15 934447 0 0 0
-239 211 21 15 394329 0 0 0
-197 304 40 15 596980 0 0 0
-127 304 41 29 382554 0 0 0
-136 266 21 26 526624 0 0 0
-46 313 22 17 923604 0 0 0
34 408 35 17 918351 0 0 0
-222 -121 30 21 269738 0 0 0
-248 -98 38 16 575022 0 0 0
-331 11 21 21 576416 0 0 0
-287 19 28 17 546661 0 0 0
-260 91 34 18 169722 0 0 0
-317 -6 28 29 156587 0 0 0
-257 52 35 21 666048 0 0 0
-207 167 31 16 418124 0 0 0
-228 271 32 22 187250 0 0 0
-110 395 38 24 236509 0 0 0
-25 448 26 25 931193 0 0 0
-1 328 21 23 596471 0 0 0
-90 345 28 23 530762 0 0 0
-205 441 42 26 190330 0 0 0
-170 349 26 26 836469 0 0 0
-202 251 27 29 929893 0 0 0
-280 188 22 20 903718 0 0 0
-262 162 37 26 218540 0 0 0
-182 92 41 22 554894 0 0 0
-90 84 40 29 109651 0 0 0
-205 196 36 28 457048 0 0 0
-112 231 23 22 429200 0 0 0
-126 298 28 15 543213 0 0 0
-80 290 39 28 382870 0 0 0
-167 286 42 22 182670 0 0 0
-207 305 21 17 270241 0 0 0
-227 267 26 20 870267 0 0 0
-120 372 25 22 644246 0 0 0
-127 478 42 15 657809 0 0 0
-234 571 21 24 801478 0 0 0
-178 568 27 15 866516 0 0 0
-182 461 34 18 504199 0 0 0
-58 364 31 14 551177 0 0 0
-22 292 29 24 594691 0 0 0
102 228 27 22 889109 0 0 0
208 464 34 17 834866 0 0 0
109 361 31 18 360064 0 0 0
218 264 38 15 764532 0 0 0
273 376 41 17 750408 0 0 0
196 490 27 17 708981 0 0 0
251 367 27 18 645081 0 0 0
229 318 40 15 331031 0 0 0
284 429 35 26 783726 0 0 0
274 532 41 24 446021 0 0 0
388 518 31 29 227156 0 0 0
423 589 24 18 241629 0 0 0
463 683 37 20 624940 0 0 0
422 803 42 14 394903 0 0 0
336 811 42 27 688361 0 0 0
351 925 39 16 963814 0 0 0
429 936 22 19 349955 0 0 0
307 923 27 28 805533 0 0 0
350 819 36 14 871137 0 0 0
429 896 35 20 766598 0 0 0
546 898 25 24 977928 0 0 0
621 967 41 15 413612 0 0 0
578 906 34 15 815724 0 0 0
493 60 34 18 625943 0 0 0
