600
-166 -562 42 23 598854 0 0 0
-299 -613 25 30 427766 0 0 0
-193 -637 24 19 547977 0 0 0
-305 -504 23 28 198110 0 0 0
-401 -651 42 21 992421 0 0 0
-413 -625 38 29 105799 0 0 0
-351 -598 23 24 911487 0 0 0
-424 -488 25 17 133426 0 0 0
-364 -364 31 30 863460 0 0 0
-276 -270 40 29 586823 0 0 0
-386 -291 25 32 693149 0 0 0
-262 -211 45 22 420678 0 0 0
-352 -305 29 24 502836 0 0 0
-439 -260 34 33 167843 0 0 0
-348 -389 29 32 478882 0 0 0
-369 -255 24 16 173501 0 0 0
-316 -341 34 17 488572 0 0 0
-374 -479 33 16 739756 0 0 0
-320 -491 45 25 916259 0 0 0
-356 -344 43 20 531474 0 0 0
-494 -383 46 21 459651 0 0 0
-640 -388 24 29 292752 0 0 0
-694 -238 29 16 328230 0 0 0
429 526 35 32 438343 0 0 0
309 406 28 21 331979 0 0 0
257 400 28 33 911740 0 0 0
407 395 41 21 933358 0 0 0
407 327 32 32 901269 0 0 0
341 284 23 18 515027 0 0 0
286 221 23 32 854067 0 0 0
395 190 41 20 841454 0 0 0
486 305 29 26 350772 0 0 0
407 292 26 18 557183 0 0 0
466 273 39 24 596338 0 0 0
337 220 38 23 615578 0 0 0
455 300 25 25 573092 0 0 0
360 425 40 20 190604 0 0 0
273 398 24 23 518289 0 0 0
315 -195 45 30 103678 0 0 0
367 -283 37 22 214292 0 0 0
377 -390 44 32 378191 0 0 0
440 -268 28 25 515110 0 0 0
541 -126 42 17 320608 0 0 0
554 -78 29 26 614205 0 0 0
432 -192 36 33 448696 0 0 0
496 -266 34 22 536471 0 0 0
569 -375 46 29 653204 0 0 0
636 -289 23 29 411868 0 0 0
742 -268 36 21 929390 0 0 0
608 -283 30 29 106086 0 0 0
557 -384 26 20 112140 0 0 0
483 -378 25 26 687941 0 0 0
553 -417 35 28 744060 0 0 0
541 -549 45 19 162726 0 0 0
556 -498 28 20 114807 0 0 0
598 -524 25 24 657503 0 0 0
529 -400 33 25 640861 0 0 0
512 -401 34 16 241337 0 0 0
528 -364 44 18 633374 0 0 0
659 -363 39 18 698191 0 0 0
536 -358 30 24 504406 0 0 0
619 -403 35 33 638267 0 0 0
697 -291 44 27 148752 0 0 0
743 -265 31 32 981333 0 0 0
784 -401 29 19 545512 0 0 0
654 -346 36 25 349778 0 0 0
772 -496 38 23 478513 0 0 0
705 -346 37 33 472389 0 0 0
633 -441 45 23 992297 0 0 0
678 -576 23 18 240470 0 0 0
-336 512 40 29 915170 0 0 0
-467 378 30 33 516229 0 0 0
-456 476 36 31 468929 0 0 0
-550 522 31 20 929581 0 0 0
-462 393 41 22 867348 0 0 0
-523 267 26 17 756945 0 0 0
-380 194 34 28 739514 0 0 0
-282 44 35 25 523108 0 0 0
-226 -13 27 28 460497 0 0 0
-224 -10 37 33 473193 0 0 0
-347 125 26 20 433170 0 0 0
-397 88 25 26 851702 0 0 0
-403 162 41 25 129547 0 0 0
-286 207 35 27 653662 0 0 0
-241 255 42 16 255849 0 0 0
-260 334 36 22 730913 0 0 0
-140 228 33 24 251367 0 0 0
0 330 39 22 175466 0 0 0
-52 359 34 18 143940 0 0 0
-143 267 27 29 195162 0 0 0
-251 237 40 27 793374 0 0 0
-292 379 31 20 924820 0 0 0
-168 270 27 22 137410 0 0 0
-240 258 35 21 203847 0 0 0
-179 305 40 22 194230 0 0 0
-55 365 44 21 722724 0 0 0
32 477 41 28 819192 0 0 0
79 596 24 30 958334 0 0 0
0 493 38 27 257258 0 0 0
-147 643 34 18 870970 0 0 0
-180 770 31 23 348610 0 0 0
-266 734 29 26 847019 0 0 0
-279 600 40 19 246581 0 0 0
-229 494 44 19 964869 0 0 0
-317 365 27 26 333881 0 0 0
-371 305 44 32 248284 0 0 0
-324 277 44 20 357821 0 0 0
-339 337 23 32 676191 0 0 0
-224 326 35 20 605452 0 0 0
-276 366 26 26 978441 0 0 0
-363 412 42 33 971337 0 0 0
-375 540 24 24 535354 0 0 0
-515 448 40 29 623105 0 0 0
495 160 41 24 121240 0 0 0
505 182 28 27 858790 0 0 0
643 73 32 28 639235 0 0 0
717 17 45 25 130503 0 0 0
629 14 37 22 751065 0 0 0
598 107 28 29 270239 0 0 0
557 6 41 16 679895 0 0 0
613 144 25 20 625291 0 0 0
675 288 24 16 663052 0 0 0
-304 469 27 19 354357 0 0 0
-350 451 25 25 560485 0 0 0
-464 591 36 30 959410 0 0 0
-396 564 37 24 684490 0 0 0
-246 425 26 29 267382 0 0 0
-171 489 38 25 656819 0 0 0
-131 593 40 24 135109 0 0 0
-259 509 38 22 500704 0 0 0
-212 468 43 19 682382 0 0 0
-315 510 27 30 294078 0 0 0
-453 594 28 25 662314 0 0 0
-537 630 24 20 133666 0 0 0
-660 647 32 18 886541 0 0 0
-629 599 32 33 757870 0 0 0
-748 702 33 31 668213 0 0 0
-863 831 45 25 680883 0 0 0
-937 837 27 23 461566 0 0 0
-879 799 45 30 128627 0 0 0
-932 925 32 26 869081 0 0 0
-1050 856 42 21 304085 0 0 0
-1104 929 28 20 997138 0 0 0
-1055 939 41 23 337138 0 0 0
-1183 1070 27 18 287508 0 0 0
-1129 1067 23 32 985577 0 0 0
-1219 1037 30 20 459683 0 0 0
-1153 955 32 33 846806 0 0 0
-1238 1020 27 27 503702 0 0 0
-1095 1066 42 19 887218 0 0 0
-966 1000 39 29 433628 0 0 0
-1053 876 35 30 373896 0 0 0
-1053 805 34 31 320072 0 0 0
-927 849 44 22 942545 0 0 0
-998 950 46 21 651981 0 0 0
-907 1032 28 26 768039 0 0 0
-822 1137 44 17 204347 0 0 0
112 -237 33 29 654563 0 0 0
194 -247 28 17 250235 0 0 0
66 -264 38 18 909675 0 0 0
-70 -120 36 32 109187 0 0 0
16 -241 23 22 412390 0 0 0
-31 -273 45 26 986210 0 0 0
-9 -228 41 25 860154 0 0 0
12 -297 33 17 161936 0 0 0
-132 -382 36 21 521882 0 0 0
-128 -307 34 24 517789 0 0 0
-108 -371 45 18 513892 0 0 0
-81 -337 35 26 714805 0 0 0
-50 -388 25 32 193181 0 0 0
-117 -489 34 30 897677 0 0 0
177 -181 36 23 986061 0 0 0
263 -310 24 27 444596 0 0 0
231 -421 26 23 452307 0 0 0
297 -475 26 26 500325 0 0 0
315 -543 37 32 832141 0 0 0
300 -538 26 33 376949 0 0 0
390 -617 27 16 730879 0 0 0
497 -617 38 26 671521 0 0 0
564 -680 23 20 880415 0 0 0
544 -558 36 19 896177 0 0 0
632 -478 35 29 933819 0 0 0
654 -527 38 19 935915 0 0 0
679 -553 26 18 717162 0 0 0
631 -498 33 17 769835 0 0 0
715 -382 28 32 165025 0 0 0
679 -325 36 32 630828 0 0 0
807 -291 23 23 820412 0 0 0
677 -189 28 21 126141 0 0 0
566 -189 35 21 610332 0 0 0
499 -215 40 27 939427 0 0 0
480 -241 40 20 397583 0 0 0
438 -337 38 22 194991 0 0 0
-564 195 40 29 536633 0 0 0
-625 157 42 20 535883 0 0 0
-681 99 41 23 883157 0 0 0
-690 -16 24 17 193530 0 0 0
-616 -103 42 20 837203 0 0 0
-481 -18 29 26 318787 0 0 0
-483 -149 40 27 200094 0 0 0
-511 -132 28 28 722317 0 0 0
-402 -33 26 26 109473 0 0 0
-373 -38 38 30 980427 0 0 0
-281 89 34 28 199125 0 0 0
-313 -37 31 32 939321 0 0 0
-422 -157 39 20 871983 0 0 0
-375 -262 41 21 813589 0 0 0
-264 -268 40 19 942105 0 0 0
-174 -206 35 19 947299 0 0 0
-130 -69 39 28 262472 0 0 0
-145 -94 32 32 456064 0 0 0
-19 -62 43 31 997495 0 0 0
-19 32 46 33 194882 0 0 0
35 -43 39 32 896171 0 0 0
141 -65 45 17 340932 0 0 0
163 5 24 32 783538 0 0 0
283 -41 39 18 225893 0 0 0
398 -73 24 22 656850 0 0 0
345 -12 25 32 227297 0 0 0
438 55 32 29 637206 0 0 0
576 90 36 33 745586 0 0 0
478 240 32 16 952111 0 0 0
397 314 28 27 406654 0 0 0
424 268 28 16 159308 0 0 0
341 235 45 27 327239 0 0 0
241 246 39 30 497314 0 0 0
381 262 42 29 946730 0 0 0
380 322 43 22 627517 0 0 0
446 319 36 30 993209 0 0 0
484 366 27 19 991235 0 0 0
446 458 28 19 125150 0 0 0
499 325 38 31 932341 0 0 0
551 456 35 21 686710 0 0 0
-89 307 37 28 494534 0 0 0
-58 340 32 17 257876 0 0 0
-96 440 28 27 175155 0 0 0
-76 298 31 27 476868 0 0 0
-24 254 34 19 825098 0 0 0
-1 268 41 33 168279 0 0 0
50 255 23 18 958890 0 0 0
92 182 45 22 954858 0 0 0
196 80 30 18 467455 0 0 0
230 5 39 21 346943 0 0 0
237 -127 30 33 452338 0 0 0
220 -26 25 18 211332 0 0 0
219 -160 46 16 317830 0 0 0
224 -252 38 21 234052 0 0 0
216 -228 42 18 603457 0 0 0
214 -100 27 21 576199 0 0 0
160 -210 31 21 341358 0 0 0
295 -90 45 32 446705 0 0 0
258 -190 33 30 512243 0 0 0
266 -317 36 22 403827 0 0 0
227 -262 29 19 384326 0 0 0
211 -175 43 19 423618 0 0 0
264 -152 44 18 174206 0 0 0
304 -198 28 20 978998 0 0 0
189 -290 25 22 577242 0 0 0
198 -206 46 23 950384 0 0 0
168 -244 46 16 494943 0 0 0
213 -233 34 20 398877 0 0 0
173 -158 44 29 159790 0 0 0
288 -58 31 21 494087 0 0 0
289 -166 42 23 163138 0 0 0
371 -102 27 20 933603 0 0 0
451 -121 36 25 588371 0 0 0
392 -35 36 30 830364 0 0 0
337 -121 26 17 822517 0 0 0
356 -209 32 27 139207 0 0 0
305 -180 25 20 250996 0 0 0
454 -404 40 25 754538 0 0 0
467 -485 31 23 901763 0 0 0
410 -445 24 16 550954 0 0 0
421 -413 40 32 714691 0 0 0
424 -515 39 27 672561 0 0 0
360 -523 31 26 384485 0 0 0
392 -398 42 30 952528 0 0 0
465 -537 35 30 823390 0 0 0
483 -585 38 23 938088 0 0 0
341 -459 40 33 490436 0 0 0
-451 562 40 33 704944 0 0 0
-512 420 39 18 811913 0 0 0
-492 330 44 29 154313 0 0 0
-412 415 24 20 498353 0 0 0
-372 472 40 22 244778 0 0 0
-286 410 44 29 616786 0 0 0
-360 554 39 32 649431 0 0 0
-503 431 31 32 364865 0 0 0
-356 335 23 20 229590 0 0 0
-358 418 30 24 772108 0 0 0
-449 518 40 21 746480 0 0 0
-424 520 40 17 499743 0 0 0
-534 615 35 31 266060 0 0 0
-470 751 45 20 375348 0 0 0
-440 807 27 32 997306 0 0 0
-519 861 42 16 902693 0 0 0
-431 921 32 17 256131 0 0 0
-574 988 25 18 489372 0 0 0
-487 923 28 24 712782 0 0 0
-517 1067 46 26 203267 0 0 0
-545 2 30 24 397842 0 0 0
-587 -98 26 18 587289 0 0 0
-568 -239 27 18 550972 0 0 0
-493 -288 25 19 901767 0 0 0
-571 -395 45 20 734853 0 0 0
-683 -322 41 29 225875 0 0 0
-647 -279 31 27 346213 0 0 0
-768 -152 27 27 743962 0 0 0
-819 -291 23 20 504003 0 0 0
-874 -319 41 19 801829 0 0 0
-738 -348 46 29 373938 0 0 0
-728 -436 27 17 197867 0 0 0
-590 -413 27 19 914972 0 0 0
-538 -388 33 28 809454 0 0 0
-584 -436 28 23 720823 0 0 0
189 292 38 32 202831 0 0 0
168 189 40 17 548540 0 0 0
199 332 43 28 642129 0 0 0
116 405 25 29 294676 0 0 0
172 529 34 28 832480 0 0 0
124 532 25 19 170927 0 0 0
173 666 35 23 461869 0 0 0
320 545 42 19 282091 0 0 0
276 636 39 23 782231 0 0 0
217 550 43 27 596775 0 0 0
181 528 43 21 533634 0 0 0
236 561 28 31 855899 0 0 0
243 458 41 22 903306 0 0 0
178 461 28 33 459759 0 0 0
45 609 34 21 141460 0 0 0
-55 533 27 33 342442 0 0 0
25 515 41 18 207649 0 0 0
82 626 33 23 524258 0 0 0
-563 -522 46 28 840095 0 0 0
-473 -570 25 18 513308 0 0 0
-363 -542 29 27 466402 0 0 0
-325 -427 30 23 918438 0 0 0
-231 -370 29 20 977515 0 0 0
-202 -273 36 33 571238 0 0 0
-324 -307 43 21 328793 0 0 0
-361 -354 31 30 275069 0 0 0
-471 -368 24 28 709803 0 0 0
-435 -441 43 25 577237 0 0 0
-354 -490 34 31 168617 0 0 0
-261 -478 31 19 399693 0 0 0
-374 -460 36 24 363829 0 0 0
-456 -497 44 22 776086 0 0 0
-428 -406 45 29 671153 0 0 0
-404 -324 24 23 732341 0 0 0
-506 -181 26 30 191548 0 0 0
-584 -291 33 29 138416 0 0 0
-493 -428 41 30 678473 0 0 0
-347 -454 42 32 742202 0 0 0
-340 -387 44 28 504257 0 0 0
-318 -521 43 25 519452 0 0 0
-391 -446 41 31 169382 0 0 0
-378 -589 41 19 313661 0 0 0
-339 -527 26 23 962616 0 0 0
-364 -560 43 24 443127 0 0 0
-333 -455 29 16 659914 0 0 0
-381 -409 45 20 457704 0 0 0
-401 -515 42 19 522717 0 0 0
-373 -636 36 33 262064 0 0 0
-373 -506 28 16 341209 0 0 0
-502 -430 32 24 423233 0 0 0
-246 387 40 17 875777 0 0 0
-255 351 36 18 606557 0 0 0
-395 312 31 27 452733 0 0 0
-320 365 46 27 564681 0 0 0
-216 347 23 22 502286 0 0 0
-123 300 32 28 399377 0 0 0
-92 321 38 28 863835 0 0 0
-202 356 26 24 741572 0 0 0
-94 263 32 23 675938 0 0 0
-159 309 45 19 490704 0 0 0
-226 338 36 28 818702 0 0 0
-254 282 37 21 959679 0 0 0
-342 137 41 16 318167 0 0 0
-401 182 43 29 452423 0 0 0
-544 66 45 32 907430 0 0 0
-589 -17 31 33 408469 0 0 0
-554 59 35 26 141282 0 0 0
-456 13 23 16 644833 0 0 0
-364 131 32 20 234914 0 0 0
-458 258 28 29 480945 0 0 0
-315 322 38 33 567961 0 0 0
-391 284 46 32 161784 0 0 0
-304 358 37 18 358427 0 0 0
-213 259 24 23 654136 0 0 0
-358 154 25 21 284620 0 0 0
-249 51 33 20 750134 0 0 0
-391 189 30 18 590889 0 0 0
-384 272 27 28 827476 0 0 0
-486 326 35 21 769998 0 0 0
-630 472 30 20 527713 0 0 0
-605 464 38 27 962864 0 0 0
-538 353 25 19 944186 0 0 0
-659 372 27 20 168204 0 0 0
-657 326 46 30 753321 0 0 0
-572 431 41 25 188746 0 0 0
-623 349 26 19 818658 0 0 0
-435 -216 44 19 857428 0 0 0
-566 -222 46 19 932530 0 0 0
-451 -343 30 33 213641 0 0 0
-375 -425 32 31 229320 0 0 0
-390 -276 43 22 716711 0 0 0
-449 -412 45 21 410846 0 0 0
-501 -541 33 31 462108 0 0 0
-501 -483 26 18 207840 0 0 0
-353 -495 25 19 858674 0 0 0
-454 -471 28 17 516605 0 0 0
-434 -337 29 26 451390 0 0 0
-547 -459 42 22 310518 0 0 0
-666 -314 46 21 286898 0 0 0
-562 -197 31 21 917606 0 0 0
-586 -241 38 23 946994 0 0 0
-445 -262 35 21 215194 0 0 0
-296 -222 35 31 364014 0 0 0
-330 -146 43 33 471393 0 0 0
-292 -243 23 31 143002 0 0 0
-197 -380 36 29 110418 0 0 0
-150 -371 34 17 774256 0 0 0
-339 456 40 19 484182 0 0 0
-207 499 45 23 554810 0 0 0
-105 571 32 18 453690 0 0 0
36 719 39 16 923557 0 0 0
161 620 23 18 987013 0 0 0
219 761 30 17 705201 0 0 0
322 768 33 26 260366 0 0 0
274 678 37 23 332047 0 0 0
162 790 43 16 962783 0 0 0
255 694 35 24 295429 0 0 0
272 725 41 29 108639 0 0 0
337 797 33 33 182576 0 0 0
223 786 34 32 624953 0 0 0
-73 79 39 24 370046 0 0 0
-3 179 39 17 523720 0 0 0
63 174 37 16 838653 0 0 0
-81 324 30 28 415991 0 0 0
-143 444 42 19 390216 0 0 0
-162 482 27 19 570440 0 0 0
-269 467 28 17 300104 0 0 0
-161 452 31 23 579216 0 0 0
-260 393 43 16 845326 0 0 0
-210 496 34 21 485390 0 0 0
-216 475 32 20 248473 0 0 0
-363 506 42 19 767130 0 0 0
-352 512 31 31 552586 0 0 0
-339 442 42 18 385328 0 0 0
-258 561 38 19 811447 0 0 0
-163 703 42 24 925818 0 0 0
-175 601 33 16 628248 0 0 0
-45 581 24 25 616729 0 0 0
128 -131 45 18 386024 0 0 0
275 7 35 29 132814 0 0 0
326 -136 32 25 904937 0 0 0
291 -209 31 31 516107 0 0 0
147 -196 45 17 729276 0 0 0
17 -176 29 19 424139 0 0 0
141 -64 28 27 955106 0 0 0
22 -75 44 18 999463 0 0 0
114 51 43 22 556195 0 0 0
241 84 24 21 655236 0 0 0
114 202 41 27 257040 0 0 0
50 287 36 30 606828 0 0 0
9 375 45 23 450345 0 0 0
8 361 38 31 342493 0 0 0
-57 496 23 25 530505 0 0 0
-181 475 23 28 290102 0 0 0
-183 527 36 33 529054 0 0 0
-107 383 40 20 862905 0 0 0
-53 295 46 25 973259 0 0 0
-168 163 39 31 460024 0 0 0
-223 289 32 30 506877 0 0 0
-323 316 30 16 524024 0 0 0
-284 460 34 22 519050 0 0 0
-372 388 26 33 958709 0 0 0
-305 289 29 20 147420 0 0 0
-320 191 28 32 707051 0 0 0
-359 274 37 33 355513 0 0 0
-400 262 31 20 615697 0 0 0
-339 360 35 30 704043 0 0 0
-488 292 45 23 730252 0 0 0
-502 340 42 25 105546 0 0 0
-425 -597 36 33 369870 0 0 0
-369 -667 38 17 105261 0 0 0
-309 -788 37 30 749560 0 0 0
-169 -855 36 20 728781 0 0 0
-268 -808 46 19 817006 0 0 0
-225 -885 24 32 222311 0 0 0
-286 -817 32 31 436787 0 0 0
-343 -712 28 30 975695 0 0 0
-428 -677 30 27 456009 0 0 0
-397 -693 29 20 126710 0 0 0
-355 -643 31 20 694270 0 0 0
-489 -605 30 19 479121 0 0 0
-413 -545 23 16 238506 0 0 0
-474 -514 29 32 558580 0 0 0
-517 -365 33 23 542309 0 0 0
-499 -494 36 30 503536 0 0 0
-571 -483 40 33 389517 0 0 0
-607 -597 29 18 580725 0 0 0
144 54 29 28 450775 0 0 0
3 137 40 24 656161 0 0 0
31 123 28 23 267050 0 0 0
-77 53 23 21 643543 0 0 0
-209 174 33 16 161229 0 0 0
-318 38 46 17 441456 0 0 0
-335 108 40 29 693313 0 0 0
-465 -30 25 29 673513 0 0 0
-549 -20 46 23 581164 0 0 0
-624 -24 36 18 958395 0 0 0
-616 54 30 22 203110 0 0 0
-512 106 44 32 557267 0 0 0
-402 -6 34 32 913154 0 0 0
-264 -43 40 28 493471 0 0 0
451 475 40 20 268715 0 0 0
307 469 30 18 269140 0 0 0
447 574 41 31 221191 0 0 0
396 538 29 19 369227 0 0 0
528 417 45 31 679278 0 0 0
554 561 46 31 207961 0 0 0
593 442 23 22 359268 0 0 0
493 327 28 21 649311 0 0 0
464 342 38 20 518687 0 0 0
604 464 34 16 445783 0 0 0
663 380 25 16 820276 0 0 0
762 352 32 25 537094 0 0 0
818 400 34 24 121980 0 0 0
820 459 37 30 335805 0 0 0
-377 298 36 19 391644 0 0 0
-269 210 33 16 798962 0 0 0
-396 128 39 29 798640 0 0 0
-446 49 25 33 297028 0 0 0
-408 121 27 21 624716 0 0 0
-429 22 37 21 226195 0 0 0
-537 -122 36 31 351638 0 0 0
-666 -10 25 30 243453 0 0 0
-792 -89 36 23 624163 0 0 0
-665 -194 46 25 374896 0 0 0
-748 -185 35 26 166722 0 0 0
-649 -38 40 33 495672 0 0 0
-528 -101 36 30 485883 0 0 0
-384 -121 31 28 702382 0 0 0
-455 -139 45 27 539176 0 0 0
-501 -134 46 18 158981 0 0 0
258 -313 24 27 601746 0 0 0
169 -335 38 27 287724 0 0 0
84 -264 28 32 717271 0 0 0
126 -275 39 20 519469 0 0 0
81 -223 25 27 750150 0 0 0
21 -152 46 33 687676 0 0 0
-83 -173 43 23 379791 0 0 0
-151 -163 45 17 588975 0 0 0
-243 -51 40 31 976195 0 0 0
-248 -8 32 28 187557 0 0 0
-341 -117 34 26 125611 0 0 0
-468 -74 28 22 133842 0 0 0
-406 -25 36 19 160594 0 0 0
-382 -12 23 29 419569 0 0 0
-272 9 41 19 767815 0 0 0
-249 36 45 21 988662 0 0 0
-240 181 23 22 197021 0 0 0
-284 175 45 22 818662 0 0 0
-322 175 31 16 590968 0 0 0
-276 315 25 16 395316 0 0 0
-233 246 39 30 139645 0 0 0
-370 279 28 27 610978 0 0 0
-352 257 32 29 879594 0 0 0
-428 176 37 26 919246 0 0 0
-428 182 33 30 971473 0 0 0
-398 247 35 19 777429 0 0 0
-384 376 35 22 930654 0 0 0
-435 339 41 19 588883 0 0 0
-354 468 30 32 386569 0 0 0
-221 398 41 22 866226 0 0 0
-324 493 25 20 137184 0 0 0
-245 526 41 27 979099 0 0 0
-289 582 35 18 568417 0 0 0
-255 646 29 20 948735 0 0 0
-387 657 34 23 880266 0 0 0
-519 536 37 28 905219 0 0 0
-464 647 31 24 486604 0 0 0
-487 540 46 32 242635 0 0 0
-576 682 24 30 237808 0 0 0
-525 600 41 24 742467 0 0 0
-639 525 33 30 932706 0 0 0
-494 462 37 30 627437 0 0 0
-517 463 45 28 815271 0 0 0
-508 572 31 33 712250 0 0 0
-479 437 23 32 974004 0 0 0
-557 304 34 23 513103 0 0 0
-585 261 33 22 944239 0 0 0
-550 220 41 29 212830 0 0 0
-644 119 31 33 514563 0 0 0
-746 115 36 29 732757 0 0 0
-800 147 26 31 601861 0 0 0
-767 54 42 29 702767 0 0 0
-327 -548 43 19 105301 0 0 0
-241 -588 28 27 412446 0 0 0
