900
-372 -236 55 31 544395 0 0 0
-485 -260 43 36 153998 0 0 0
-635 -165 49 21 577044 0 0 0
-424 -88 36 27 743879 0 0 0
-223 -106 30 24 900690 0 0 0
-56 -37 41 39 698705 0 0 0
34 71 34 41 280134 0 0 0
-120 181 46 40 504592 0 0 0
32 274 34 24 265053 0 0 0
216 313 47 42 546937 0 0 0
130 466 50 21 387438 0 0 0
249 330 36 41 667531 0 0 0
464 112 41 24 761179 0 0 0
587 -33 53 26 373699 0 0 0
619 -25 45 29 835894 0 0 0
523 -186 38 27 177345 0 0 0
618 -259 43 40 228980 0 0 0
804 -454 42 28 475439 0 0 0
749 -570 40 21 418666 0 0 0
721 -490 34 25 767182 0 0 0
509 -376 53 24 238694 0 0 0
417 -356 36 43 580999 0 0 0
462 -264 54 32 429274 0 0 0
664 -133 51 25 495766 0 0 0
707 -307 43 34 274372 0 0 0
873 -371 32 22 101084 0 0 0
751 -561 56 31 331811 0 0 0
921 -660 40 39 206520 0 0 0
802 -444 54 43 580933 0 0 0
841 -354 35 35 129460 0 0 0
1013 -434 42 21 632433 0 0 0
1008 -438 51 32 277187 0 0 0
995 -390 54 36 882386 0 0 0
845 -615 49 29 172462 0 0 0
945 -578 56 40 925301 0 0 0
1074 -562 37 41 157040 0 0 0
1163 -375 39 28 388213 0 0 0
1350 -500 40 23 568621 0 0 0
1199 -715 38 35 913373 0 0 0
1031 -752 37 40 265008 0 0 0
887 -802 54 21 838372 0 0 0
898 -1025 54 23 923424 0 0 0
1081 -1125 39 36 228083 0 0 0
1116 -1003 28 23 302906 0 0 0
1179 -1184 34 35 360546 0 0 0
1191 -1290 30 25 947683 0 0 0
-569 -666 53 36 772694 0 0 0
-569 -810 43 24 112522 0 0 0
-543 -756 51 24 901552 0 0 0
-414 -885 47 36 372873 0 0 0
-634 -905 47 21 454319 0 0 0
-682 -772 45 24 697751 0 0 0
-907 -775 35 42 993141 0 0 0
-727 -906 44 35 347755 0 0 0
-536 -1115 45 33 255747 0 0 0
-469 -1045 50 30 113163 0 0 0
-477 -1147 48 33 776756 0 0 0
-407 -1042 46 41 844605 0 0 0
-487 -1172 39 32 178547 0 0 0
-361 -1323 55 40 383835 0 0 0
-391 -1501 51 24 593325 0 0 0
285 759 45 21 491219 0 0 0
69 795 44 43 580500 0 0 0
187 829 36 27 107701 0 0 0
157 1003 33 24 712680 0 0 0
179 1144 29 29 797173 0 0 0
171 1315 31 41 324844 0 0 0
66 1373 47 30 641144 0 0 0
-151 1377 42 25 143912 0 0 0
-46 1289 56 29 904537 0 0 0
155 1322 44 28 458773 0 0 0
161 1260 43 25 352781 0 0 0
0 1055 44 30 530241 0 0 0
-45 1070 38 42 127794 0 0 0
-120 1145 32 41 553729 0 0 0
-179 943 30 38 229657 0 0 0
-164 905 32 36 900700 0 0 0
-278 738 32 28 503129 0 0 0
-395 649 49 27 303555 0 0 0
-605 436 46 37 471109 0 0 0
-807 346 36 29 417723 0 0 0
-778 177 51 35 309271 0 0 0
-881 -6 51 33 314981 0 0 0
-680 127 55 25 439021 0 0 0
-548 2 28 31 784010 0 0 0
-432 219 30 43 861829 0 0 0
-606 283 50 23 480975 0 0 0
-605 196 37 24 449496 0 0 0
-772 144 54 24 651561 0 0 0
-606 107 41 29 645718 0 0 0
-611 -95 30 43 867017 0 0 0
-402 -313 56 35 958612 0 0 0
-491 -485 32 24 424259 0 0 0
-495 -268 47 32 898382 0 0 0
170 -730 36 39 670983 0 0 0
13 -749 50 37 426078 0 0 0
116 -593 38 27 473973 0 0 0
-24 -402 38 38 723562 0 0 0
140 -333 44 42 739570 0 0 0
-82 -391 40 40 627042 0 0 0
-223 -213 36 26 192307 0 0 0
-86 -124 28 40 492833 0 0 0
-124 -252 33 31 450270 0 0 0
-222 -288 46 22 452463 0 0 0
-155 -491 53 25 394826 0 0 0
-43 -474 36 21 294390 0 0 0
-32 -406 47 33 407985 0 0 0
-118 -627 55 27 545413 0 0 0
-171 -551 56 29 849599 0 0 0
-143 -341 43 29 127110 0 0 0
34 -426 56 29 250788 0 0 0
169 -436 42 41 125887 0 0 0
380 -271 32 23 294533 0 0 0
204 -474 51 32 939592 0 0 0
253 -650 29 22 981686 0 0 0
227 -814 30 29 443584 0 0 0
365 -949 28 25 453287 0 0 0
392 -824 45 24 760016 0 0 0
414 -890 33 40 272025 0 0 0
535 -1082 38 21 505322 0 0 0
443 -1199 55 23 399489 0 0 0
388 739 32 24 393145 0 0 0
439 621 50 43 633696 0 0 0
413 778 53 24 120004 0 0 0
435 605 36 39 310038 0 0 0
508 733 42 38 796140 0 0 0
578 549 29 43 309004 0 0 0
494 349 53 38 831584 0 0 0
484 271 42 35 971203 0 0 0
640 446 32 34 200772 0 0 0
639 324 51 40 728170 0 0 0
490 -657 47 37 903961 0 0 0
688 -682 56 26 283150 0 0 0
875 -658 56 38 494203 0 0 0
770 -700 50 36 127912 0 0 0
908 -589 54 36 509540 0 0 0
868 -543 42 29 832087 0 0 0
1083 -393 50 43 518180 0 0 0
1004 -604 51 25 999153 0 0 0
781 -533 34 24 194751 0 0 0
971 -710 43 30 167944 0 0 0
943 -631 47 26 135213 0 0 0
838 -717 40 31 753629 0 0 0
778 -492 37 30 261516 0 0 0
710 -462 44 32 331367 0 0 0
-604 539 39 30 751482 0 0 0
-680 603 50 24 470382 0 0 0
-716 499 32 34 277055 0 0 0
-581 629 56 30 876053 0 0 0
-400 547 48 27 927966 0 0 0
-563 471 31 21 462172 0 0 0
-491 618 36 30 494627 0 0 0
-353 457 53 38 776702 0 0 0
-316 250 49 33 161717 0 0 0
-172 380 48 29 443153 0 0 0
-322 581 53 40 544102 0 0 0
-223 685 38 34 917125 0 0 0
-264 856 54 31 668769 0 0 0
-428 756 35 32 320826 0 0 0
-238 589 41 33 210240 0 0 0
-194 510 28 31 153118 0 0 0
-257 485 54 33 576602 0 0 0
-363 317 54 21 956907 0 0 0
-293 500 32 37 748305 0 0 0
-456 338 33 21 492053 0 0 0
-514 497 29 27 986316 0 0 0
-603 703 53 28 570038 0 0 0
-704 906 51 24 484155 0 0 0
-560 1035 39 40 395509 0 0 0
-605 1232 42 30 235715 0 0 0
-678 1175 43 37 215533 0 0 0
-561 1352 45 37 121141 0 0 0
-754 1181 41 31 492765 0 0 0
-602 1387 52 43 129034 0 0 0
-559 1544 31 38 834997 0 0 0
-660 1506 38 24 670913 0 0 0
-17 660 31 22 858237 0 0 0
16 756 43 42 444987 0 0 0
-79 916 31 34 703198 0 0 0
43 1033 56 31 272013 0 0 0
254 1125 39 21 819549 0 0 0
395 1151 42 27 208662 0 0 0
367 1025 51 36 538226 0 0 0
545 1123 28 21 152435 0 0 0
729 1255 56 25 131556 0 0 0
939 1266 47 33 821626 0 0 0
1160 1210 46 34 687734 0 0 0
998 1014 54 31 292583 0 0 0
120 13 36 41 273000 0 0 0
64 125 38 41 870992 0 0 0
104 -88 43 23 780334 0 0 0
191 3 46 40 902703 0 0 0
253 -57 41 27 792775 0 0 0
170 73 35 22 953959 0 0 0
206 -62 55 21 621279 0 0 0
191 -261 29 28 860513 0 0 0
338 -145 51 42 171103 0 0 0
207 -218 53 38 449977 0 0 0
83 5 44 34 238120 0 0 0
157 142 33 32 620657 0 0 0
273 46 45 25 643454 0 0 0
326 -8 53 30 849974 0 0 0
533 159 47 39 783631 0 0 0
670 271 48 27 127030 0 0 0
614 306 45 23 716671 0 0 0
675 93 34 24 804639 0 0 0
529 277 53 29 936380 0 0 0
539 143 38 24 382920 0 0 0
367 -16 43 35 159838 0 0 0
320 47 52 39 920302 0 0 0
513 54 55 34 277387 0 0 0
353 -140 35 37 911367 0 0 0
378 -60 47 35 998496 0 0 0
530 -6 49 33 671302 0 0 0
708 -88 36 40 404160 0 0 0
674 -169 52 43 719849 0 0 0
798 -226 48 36 847026 0 0 0
749 -291 37 30 454663 0 0 0
550 -183 41 38 847122 0 0 0
455 -243 43 42 800185 0 0 0
471 -431 32 23 658991 0 0 0
408 -294 48 40 605583 0 0 0
468 -362 38 22 336219 0 0 0
389 -404 44 26 529982 0 0 0
331 -292 42 30 565377 0 0 0
249 -270 36 28 667742 0 0 0
329 -443 47 34 800007 0 0 0
549 -485 44 31 444935 0 0 0
720 -487 31 25 796440 0 0 0
573 -519 39 22 136625 0 0 0
632 -404 44 43 855900 0 0 0
579 -356 29 29 908847 0 0 0
732 -578 34 32 875104 0 0 0
705 -695 45 36 201166 0 0 0
811 -897 39 40 460931 0 0 0
879 -905 55 31 811200 0 0 0
1066 -811 35 28 706760 0 0 0
923 -881 51 34 904943 0 0 0
-662 874 47 39 257800 0 0 0
-451 816 40 24 474415 0 0 0
-550 725 40 32 874177 0 0 0
-396 910 32 23 964585 0 0 0
-215 944 56 21 985742 0 0 0
-261 811 35 34 155949 0 0 0
-223 685 41 23 255884 0 0 0
-183 693 30 26 837740 0 0 0
-343 686 32 27 904711 0 0 0
-431 722 46 37 428243 0 0 0
-526 570 51 40 964116 0 0 0
-367 621 42 30 310857 0 0 0
-145 607 33 40 734646 0 0 0
-96 761 54 31 147918 0 0 0
-97 486 51 22 867180 0 0 0
80 311 34 35 661103 0 0 0
177 100 49 21 489722 0 0 0
295 233 47 33 446686 0 0 0
306 361 50 40 118779 0 0 0
302 333 30 31 276287 0 0 0
364 328 34 23 625239 0 0 0
238 326 37 32 830970 0 0 0
16 465 34 22 944456 0 0 0
213 464 28 27 524451 0 0 0
345 431 55 32 243631 0 0 0
543 449 30 32 586440 0 0 0
486 301 43 23 642455 0 0 0
662 266 50 34 827538 0 0 0
874 110 44 27 997163 0 0 0
833 148 39 28 508660 0 0 0
868 325 46 30 715744 0 0 0
839 126 43 29 291256 0 0 0
832 20 38 34 127508 0 0 0
892 -140 44 31 932578 0 0 0
1055 -149 42 26 285369 0 0 0
1206 -113 45 43 629821 0 0 0
996 110 41 28 881996 0 0 0
1060 9 43 36 220651 0 0 0
1081 210 45 42 374838 0 0 0
1103 251 40 21 229115 0 0 0
983 388 39 24 154315 0 0 0
884 206 51 29 736086 0 0 0
973 264 49 34 738408 0 0 0
962 242 45 28 234341 0 0 0
1176 153 49 39 540495 0 0 0
1075 208 32 29 998372 0 0 0
1252 430 31 21 758671 0 0 0
1321 234 35 24 663980 0 0 0
1359 216 42 22 167676 0 0 0
1262 236 53 30 376310 0 0 0
1306 438 53 38 921792 0 0 0
1254 238 32 37 304162 0 0 0
1325 368 42 34 222669 0 0 0
1253 177 46 38 701365 0 0 0
1430 0 43 31 467565 0 0 0
1500 153 50 28 916579 0 0 0
1377 167 32 39 527412 0 0 0
1298 198 38 29 857206 0 0 0
1286 257 54 39 825073 0 0 0
1065 314 47 22 112224 0 0 0
917 463 31 29 537434 0 0 0
891 476 43 35 482987 0 0 0
821 432 41 23 222288 0 0 0
956 474 40 40 457836 0 0 0
984 494 32 40 312878 0 0 0
251 -870 30 40 859027 0 0 0
172 -991 43 43 658086 0 0 0
194 -820 38 25 734379 0 0 0
12 -832 31 27 668382 0 0 0
-179 -929 56 28 829211 0 0 0
-159 -1140 39 22 203648 0 0 0
-78 -1298 31 27 338618 0 0 0
-300 -1426 29 34 583769 0 0 0
-288 -1260 47 30 243698 0 0 0
-127 -1366 44 36 255523 0 0 0
-200 -1214 48 29 862879 0 0 0
-356 -1051 34 31 214817 0 0 0
-275 -988 44 31 226841 0 0 0
-377 -1159 34 37 231164 0 0 0
-180 -1091 36 22 537588 0 0 0
-16 -1186 35 25 308494 0 0 0
-150 -1135 55 27 183068 0 0 0
-239 -981 32 23 821287 0 0 0
-89 -1057 36 22 257913 0 0 0
-283 -1173 36 33 322356 0 0 0
-100 -1164 41 22 881797 0 0 0
-50 -1357 37 32 407851 0 0 0
-261 -1423 56 37 214291 0 0 0
-158 -1205 44 26 346741 0 0 0
-215 -1048 43 37 833761 0 0 0
-37 -1255 49 35 989577 0 0 0
-31 -1082 45 22 252958 0 0 0
-77 -967 55 27 179150 0 0 0
-100 -1045 46 25 926268 0 0 0
-3 -1047 56 32 777610 0 0 0
44 -887 43 33 781931 0 0 0
127 -699 28 22 687973 0 0 0
-93 271 42 33 817279 0 0 0
-122 202 41 24 255584 0 0 0
65 339 46 22 105968 0 0 0
77 370 33 39 712995 0 0 0
-125 444 39 32 464535 0 0 0
-169 530 52 35 824492 0 0 0
-331 378 38 27 533394 0 0 0
-215 502 48 28 672255 0 0 0
-383 422 38 32 952298 0 0 0
-202 228 52 23 170948 0 0 0
-52 78 35 41 263838 0 0 0
110 -145 44 39 863590 0 0 0
-75 -62 41 24 355403 0 0 0
-195 -197 46 21 784924 0 0 0
-117 -376 55 23 185468 0 0 0
-134 -311 54 26 624785 0 0 0
-280 -174 56 34 246008 0 0 0
-271 -291 42 25 205009 0 0 0
-177 -93 45 30 409815 0 0 0
-390 -250 39 40 670810 0 0 0
-287 -364 48 34 830718 0 0 0
-249 -370 55 27 454645 0 0 0
-149 -217 32 26 707727 0 0 0
19 -61 41 38 794436 0 0 0
202 -170 36 32 828170 0 0 0
286 -284 39 24 818485 0 0 0
137 -211 40 24 365125 0 0 0
126 -298 38 31 789992 0 0 0
247 -515 41 29 169466 0 0 0
47 -561 34 42 199377 0 0 0
239 -346 49 23 238725 0 0 0
444 -284 50 27 243760 0 0 0
237 -73 42 29 725839 0 0 0
408 -253 47 25 408284 0 0 0
243 -344 42 23 759536 0 0 0
274 -179 53 21 992572 0 0 0
92 -54 35 27 925672 0 0 0
191 91 51 23 578219 0 0 0
304 82 32 38 238937 0 0 0
311 -72 40 40 531318 0 0 0
292 -291 51 24 488177 0 0 0
-492 -622 48 40 818052 0 0 0
-371 -830 47 21 138845 0 0 0
-364 -696 54 42 986577 0 0 0
-578 -779 37 33 837104 0 0 0
-546 -634 41 36 639819 0 0 0
-748 -699 56 42 228192 0 0 0
-804 -741 40 26 658161 0 0 0
-868 -917 56 32 535389 0 0 0
-994 -899 52 40 596515 0 0 0
-953 -881 56 38 499829 0 0 0
-963 -1050 49 23 154132 0 0 0
-768 -839 53 32 163355 0 0 0
-753 -1058 40 39 557133 0 0 0
-413 -703 38 27 270530 0 0 0
-370 -772 51 29 417609 0 0 0
-252 -668 34 25 251213 0 0 0
-163 -471 53 33 710484 0 0 0
53 -675 53 23 762668 0 0 0
59 -878 29 24 267282 0 0 0
159 -915 36 35 198722 0 0 0
246 -1082 37 33 109948 0 0 0
122 -958 37 42 824866 0 0 0
-35 -854 51 24 400289 0 0 0
35 -710 54 33 183363 0 0 0
-161 -576 43 40 368588 0 0 0
-176 -388 52 36 906035 0 0 0
-179 -289 33 37 123254 0 0 0
-296 -156 48 36 514275 0 0 0
-242 -99 52 24 258065 0 0 0
-164 -180 42 36 495114 0 0 0
-285 -1 41 37 463692 0 0 0
-426 -4 39 29 493321 0 0 0
771 199 41 24 200242 0 0 0
952 48 54 36 189869 0 0 0
1154 -62 33 36 663014 0 0 0
1108 -70 41 27 877245 0 0 0
1220 -115 30 42 981555 0 0 0
1146 -9 30 40 677034 0 0 0
1322 -199 56 27 603974 0 0 0
1348 -187 33 29 798536 0 0 0
1234 -256 49 28 542941 0 0 0
1140 -481 32 39 101086 0 0 0
1048 -566 54 22 387799 0 0 0
1217 -472 39 21 305289 0 0 0
1343 -423 54 23 178333 0 0 0
1417 -256 40 30 733724 0 0 0
1214 -120 46 25 649211 0 0 0
1248 -70 40 42 963468 0 0 0
1238 121 33 40 101805 0 0 0
1434 216 47 39 977086 0 0 0
1373 156 31 23 231920 0 0 0
-652 42 51 24 768526 0 0 0
-485 -100 53 43 511944 0 0 0
-420 -285 39 37 668869 0 0 0
-621 -232 55 43 532284 0 0 0
-601 -342 44 28 817392 0 0 0
-789 -233 52 39 793525 0 0 0
-676 -389 35 38 881438 0 0 0
-480 -575 47 37 167518 0 0 0
-476 -434 43 32 459539 0 0 0
-691 -281 50 32 226599 0 0 0
-789 -427 48 38 143349 0 0 0
-830 -341 42 36 437615 0 0 0
-894 -162 35 40 748308 0 0 0
-1022 -226 40 37 346677 0 0 0
-853 -49 55 30 625383 0 0 0
-729 -241 44 22 327948 0 0 0
-886 -326 29 36 910165 0 0 0
-966 -306 47 35 803828 0 0 0
-1168 -123 47 33 432754 0 0 0
-1078 -166 56 43 106464 0 0 0
-1215 -275 30 32 241426 0 0 0
-1078 -451 34 40 907632 0 0 0
-1194 -603 49 43 686692 0 0 0
218 554 41 42 526368 0 0 0
322 510 47 24 606661 0 0 0
121 387 39 30 816604 0 0 0
236 337 41 21 488502 0 0 0
129 309 55 33 260254 0 0 0
173 381 43 33 828192 0 0 0
64 425 42 23 316444 0 0 0
-15 639 48 31 525483 0 0 0
-172 433 43 27 427724 0 0 0
-100 288 33 30 935733 0 0 0
-59 380 36 24 931586 0 0 0
-72 495 49 28 820055 0 0 0
91 531 51 38 491669 0 0 0
-109 615 47 22 419208 0 0 0
-60 767 46 27 956422 0 0 0
-134 800 31 24 190572 0 0 0
-343 866 28 24 691599 0 0 0
-487 876 40 24 582109 0 0 0
-449 726 31 41 390372 0 0 0
-314 761 29 42 544599 0 0 0
-428 592 43 27 873369 0 0 0
-294 674 33 30 238407 0 0 0
-270 847 48 32 602005 0 0 0
-396 1035 54 33 255069 0 0 0
-516 1237 51 28 519740 0 0 0
-603 492 33 29 306965 0 0 0
-606 284 51 38 168355 0 0 0
-527 225 44 27 894289 0 0 0
-628 330 36 43 469713 0 0 0
-656 376 50 42 688624 0 0 0
-655 524 38 43 131747 0 0 0
-570 420 35 39 681047 0 0 0
-454 643 30 25 181127 0 0 0
-352 590 42 36 483622 0 0 0
-244 471 45 23 900618 0 0 0
-38 465 47 25 688802 0 0 0
-168 496 49 27 820816 0 0 0
55 614 35 39 484671 0 0 0
233 782 45 24 908850 0 0 0
219 800 36 43 251673 0 0 0
424 659 39 39 466604 0 0 0
408 655 28 40 312789 0 0 0
537 560 41 29 656204 0 0 0
529 344 41 38 500693 0 0 0
353 176 40 23 730680 0 0 0
151 370 37 21 330651 0 0 0
-9 254 47 39 989084 0 0 0
6 251 43 43 369532 0 0 0
-80 70 47 36 783467 0 0 0
-68 207 32 22 747017 0 0 0
45 29 36 26 880561 0 0 0
-42 -119 36 32 166396 0 0 0
742 -176 30 40 876212 0 0 0
919 -238 52 35 887321 0 0 0
1098 -123 46 30 981932 0 0 0
1088 -336 39 33 527802 0 0 0
1036 -439 51 35 641478 0 0 0
909 -312 56 33 772534 0 0 0
851 -149 34 24 432680 0 0 0
1013 -209 45 42 431889 0 0 0
1004 -223 30 32 424988 0 0 0
952 -3 50 42 290212 0 0 0
874 -214 33 33 947974 0 0 0
790 -264 37 30 162563 0 0 0
807 -197 32 30 973434 0 0 0
966 -279 55 37 422820 0 0 0
1087 -122 51 36 897719 0 0 0
921 -198 51 39 471483 0 0 0
1094 -17 31 36 104812 0 0 0
969 -113 43 22 869410 0 0 0
1094 -185 50 22 102141 0 0 0
1226 2 42 31 756532 0 0 0
1380 -202 28 39 755464 0 0 0
1537 -186 32 21 905310 0 0 0
1665 -51 55 29 168512 0 0 0
1719 -129 31 30 213497 0 0 0
1767 -330 55 40 181875 0 0 0
1809 -316 56 21 774313 0 0 0
1695 -297 42 31 149186 0 0 0
1720 -290 43 37 539952 0 0 0
1859 -382 46 23 503607 0 0 0
1985 -387 43 23 274992 0 0 0
2105 -609 36 34 567946 0 0 0
2071 -508 41 35 574645 0 0 0
1862 -601 51 35 555950 0 0 0
1965 -732 49 43 948393 0 0 0
1912 -749 35 30 424852 0 0 0
1752 -744 34 27 889006 0 0 0
1814 -568 52 41 633383 0 0 0
1614 -505 45 30 233347 0 0 0
1615 -302 32 23 325998 0 0 0
1733 -434 48 31 675748 0 0 0
1606 -592 52 27 128859 0 0 0
1767 -645 31 31 490060 0 0 0
1747 -762 50 27 282675 0 0 0
1665 -721 51 21 454683 0 0 0
1556 -772 37 35 138927 0 0 0
1495 -685 40 22 707775 0 0 0
1645 -677 34 29 733081 0 0 0
1738 -623 33 34 878238 0 0 0
1962 -729 37 28 284492 0 0 0
2125 -702 44 28 316165 0 0 0
2036 -842 50 28 395115 0 0 0
2139 -638 52 32 810474 0 0 0
2223 -512 54 38 803431 0 0 0
2135 -659 37 38 623481 0 0 0
1989 -737 41 38 180123 0 0 0
1934 -739 44 34 944462 0 0 0
671 570 40 29 986327 0 0 0
826 761 35 43 661897 0 0 0
868 875 29 39 218758 0 0 0
940 894 38 25 747902 0 0 0
834 1080 47 40 404646 0 0 0
722 1058 55 35 174522 0 0 0
741 837 32 32 792959 0 0 0
901 739 40 33 671288 0 0 0
959 663 29 43 260147 0 0 0
1046 609 46 30 541696 0 0 0
1046 597 47 23 238811 0 0 0
878 449 55 32 199442 0 0 0
671 263 30 26 547190 0 0 0
535 319 36 30 352330 0 0 0
590 288 33 29 314877 0 0 0
664 197 52 34 820110 0 0 0
454 244 37 24 184056 0 0 0
608 66 30 31 989193 0 0 0
617 42 36 21 960304 0 0 0
655 -49 38 35 861482 0 0 0
660 -145 30 21 752919 0 0 0
477 -44 49 30 948152 0 0 0
656 -149 31 39 291059 0 0 0
584 -33 28 22 285159 0 0 0
627 165 37 29 628155 0 0 0
705 272 44 22 739566 0 0 0
532 452 45 31 824371 0 0 0
620 314 48 42 908506 0 0 0
693 363 36 38 343212 0 0 0
781 228 47 30 196931 0 0 0
876 352 30 24 996929 0 0 0
855 520 32 22 363769 0 0 0
721 586 51 41 306350 0 0 0
685 648 45 23 890945 0 0 0
780 841 47 43 960251 0 0 0
925 1029 34 28 878012 0 0 0
930 980 32 43 842313 0 0 0
834 1170 37 42 437744 0 0 0
925 1146 37 28 506259 0 0 0
308 -836 47 27 197864 0 0 0
490 -1052 29 43 461624 0 0 0
304 -937 47 21 350350 0 0 0
134 -1145 39 37 228044 0 0 0
-50 -1027 29 27 606278 0 0 0
-173 -883 28 30 674386 0 0 0
-138 -1095 32 40 870171 0 0 0
-131 -1231 30 26 355704 0 0 0
6 -1040 48 26 113571 0 0 0
-37 -1219 46 36 713122 0 0 0
76 -1127 29 40 906745 0 0 0
98 -1034 35 36 753039 0 0 0
61 -840 38 38 260824 0 0 0
92 -653 33 24 310933 0 0 0
138 -727 55 39 323057 0 0 0
147 -696 35 35 862088 0 0 0
-71 -564 40 37 314015 0 0 0
11 -755 55 37 980283 0 0 0
187 -941 30 31 405638 0 0 0
202 -972 55 26 922446 0 0 0
123 -839 49 30 323368 0 0 0
-43 -1006 45 32 114323 0 0 0
75 -1212 43 34 809434 0 0 0
-50 -1284 56 25 314970 0 0 0
-8 -1119 49 40 828322 0 0 0
-66 -1135 46 28 714005 0 0 0
-89 -1196 47 33 108398 0 0 0
-295 -1283 30 33 997204 0 0 0
-496 -1249 54 26 362575 0 0 0
-648 -1243 36 36 853461 0 0 0
-647 -1206 47 31 310428 0 0 0
-719 -1277 31 21 918283 0 0 0
-735 -1489 56 43 683272 0 0 0
-691 -1468 56 25 741586 0 0 0
-632 -1368 53 25 308801 0 0 0
-448 -1549 47 29 776885 0 0 0
30 850 42 26 441742 0 0 0
157 693 51 38 210201 0 0 0
115 648 37 22 551128 0 0 0
320 603 45 41 953596 0 0 0
369 628 48 29 302352 0 0 0
481 499 52 30 391642 0 0 0
697 372 31 36 824747 0 0 0
718 307 44 24 310063 0 0 0
681 477 48 43 583911 0 0 0
667 679 38 23 821912 0 0 0
884 476 28 25 533583 0 0 0
948 633 43 34 753946 0 0 0
1160 536 35 35 466163 0 0 0
1223 599 48 35 625247 0 0 0
1124 591 31 41 539295 0 0 0
1328 733 37 30 476900 0 0 0
1317 905 52 21 248104 0 0 0
1242 797 44 32 564816 0 0 0
1210 675 46 31 427802 0 0 0
1108 694 34 25 910572 0 0 0
1315 772 53 36 398528 0 0 0
1491 552 46 34 654272 0 0 0
-47 189 47 23 264900 0 0 0
81 226 50 37 642398 0 0 0
219 335 29 22 630078 0 0 0
295 203 53 40 471946 0 0 0
236 186 49 32 966874 0 0 0
24 275 42 26 384557 0 0 0
118 134 53 41 620375 0 0 0
299 -4 37 25 131664 0 0 0
379 49 52 31 422694 0 0 0
459 168 36 42 305999 0 0 0
234 62 40 24 551465 0 0 0
146 3 46 35 342240 0 0 0
45 -134 52 22 772786 0 0 0
253 76 29 27 364781 0 0 0
665 -215 30 41 495267 0 0 0
821 -3 32 31 773804 0 0 0
677 118 33 24 218377 0 0 0
604 210 46 27 461103 0 0 0
439 414 37 34 492984 0 0 0
615 384 54 31 192367 0 0 0
406 500 42 39 132172 0 0 0
609 428 38 27 234514 0 0 0
634 283 50 22 517840 0 0 0
612 289 41 27 937552 0 0 0
527 311 44 32 833378 0 0 0
654 260 45 43 114692 0 0 0
731 381 53 42 891312 0 0 0
265 -714 34 23 951900 0 0 0
56 -727 53 24 133213 0 0 0
27 -772 38 25 759244 0 0 0
-124 -724 54 29 962892 0 0 0
-170 -566 29 31 777300 0 0 0
-110 -743 50 30 289765 0 0 0
-133 -530 31 24 667163 0 0 0
-198 -523 29 40 699799 0 0 0
-252 -394 32 26 379526 0 0 0
-123 -353 53 34 900326 0 0 0
87 -527 37 33 283508 0 0 0
168 -481 28 25 692904 0 0 0
220 -493 35 28 578237 0 0 0
93 -638 40 41 272139 0 0 0
-89 -557 42 38 402076 0 0 0
-140 -693 52 29 945180 0 0 0
-281 -861 37 28 472938 0 0 0
-266 -647 39 23 562822 0 0 0
-194 -847 45 33 933980 0 0 0
-138 -769 51 31 792992 0 0 0
-60 -602 49 39 465120 0 0 0
-56 -473 44 35 641166 0 0 0
-244 -472 48 43 707767 0 0 0
-105 -498 33 21 832926 0 0 0
115 -495 37 24 144845 0 0 0
139 -679 47 32 368245 0 0 0
-196 842 52 39 419885 0 0 0
-16 788 42 29 935792 0 0 0
-94 937 55 41 856602 0 0 0
-34 1130 55 39 303450 0 0 0
-16 1105 42 35 798151 0 0 0
-128 1324 46 39 685793 0 0 0
-228 1130 31 26 276102 0 0 0
-63 1323 44 43 675037 0 0 0
97 1195 35 21 677484 0 0 0
150 1305 38 25 142733 0 0 0
316 1236 43 37 670622 0 0 0
147 1099 46 26 157574 0 0 0
242 1107 46 31 831178 0 0 0
413 953 28 27 822475 0 0 0
525 1053 39 36 793091 0 0 0
630 1064 47 24 880005 0 0 0
690 1101 33 41 970099 0 0 0
664 1157 53 22 134383 0 0 0
711 1250 44 38 997041 0 0 0
767 1342 31 36 451868 0 0 0
677 1384 52 26 142848 0 0 0
615 1173 43 36 716951 0 0 0
827 976 54 32 464778 0 0 0
873 792 42 35 651094 0 0 0
1015 894 38 30 819091 0 0 0
815 1104 46 24 449054 0 0 0
760 1238 40 38 399635 0 0 0
570 1030 51 27 982979 0 0 0
430 1021 55 36 533597 0 0 0
628 1080 28 30 289263 0 0 0
-334 146 56 36 877994 0 0 0
-183 198 36 32 559798 0 0 0
-104 151 43 22 806265 0 0 0
-54 330 37 30 765402 0 0 0
49 407 52 43 323343 0 0 0
62 314 37 21 783605 0 0 0
185 201 52 37 458191 0 0 0
241 227 54 25 644918 0 0 0
405 432 48 23 725622 0 0 0
537 263 55 27 984907 0 0 0
390 368 37 33 341606 0 0 0
195 548 39 29 153488 0 0 0
271 506 47 36 940807 0 0 0
62 377 37 25 486630 0 0 0
-125 220 38 38 413695 0 0 0
-73 84 42 43 489236 0 0 0
95 256 30 31 491643 0 0 0
-95 306 50 32 610819 0 0 0
-197 118 33 43 595800 0 0 0
-156 242 55 41 269841 0 0 0
-288 439 40 42 189506 0 0 0
-472 661 41 36 301198 0 0 0
-498 751 52 31 999489 0 0 0
-341 613 40 30 250275 0 0 0
-202 682 46 32 918268 0 0 0
-210 809 36 35 104614 0 0 0
-33 939 51 28 259907 0 0 0
-167 760 55 25 839794 0 0 0
-187 657 45 21 375630 0 0 0
-161 869 50 38 706728 0 0 0
-170 965 41 31 688023 0 0 0
-373 927 51 36 750074 0 0 0
-837 -669 42 42 415132 0 0 0
-810 -695 32 34 943244 0 0 0
-855 -876 41 28 113481 0 0 0
-687 -760 40 33 910242 0 0 0
-716 -948 28 25 542830 0 0 0
-785 -867 32 43 883621 0 0 0
-729 -957 53 30 443270 0 0 0
-641 -833 40 39 887339 0 0 0
-768 -673 39 34 479989 0 0 0
-705 -614 29 26 755068 0 0 0
-821 -523 50 36 654011 0 0 0
-817 -567 50 42 240332 0 0 0
-737 -404 32 39 737998 0 0 0
-937 -489 50 33 640573 0 0 0
-949 -625 46 31 580399 0 0 0
-898 -701 30 33 982165 0 0 0
-1029 -612 50 40 416486 0 0 0
-817 -717 33 22 789837 0 0 0
-1033 -748 35 40 470039 0 0 0
-861 -956 54 39 603609 0 0 0
-800 -1174 50 34 455788 0 0 0
-752 -1250 28 27 811586 0 0 0
-632 -1262 35 26 805666 0 0 0
-591 -1078 52 21 288794 0 0 0
-587 -890 51 27 589845 0 0 0
-730 -1018 31 33 736067 0 0 0
-513 -961 31 26 189163 0 0 0
-537 -1116 51 22 441398 0 0 0
-649 -1188 37 32 166710 0 0 0
-511 -1108 34 38 267517 0 0 0
-704 -1291 51 33 286532 0 0 0
-702 -1081 30 25 471536 0 0 0
-858 -1033 46 26 689476 0 0 0
-670 -908 31 21 185448 0 0 0
-813 -819 55 26 110550 0 0 0
-797 -880 47 37 517053 0 0 0
-580 -1032 45 27 439083 0 0 0
-726 -1220 31 30 922436 0 0 0
-504 -1210 39 31 376560 0 0 0
-489 -1167 36 30 179673 0 0 0
-291 -1117 46 42 756695 0 0 0
-475 -1086 39 33 403322 0 0 0
269 -703 47 34 148360 0 0 0
150 -788 55 26 606671 0 0 0
87 -851 49 30 368062 0 0 0
60 -986 38 26 830614 0 0 0
-60 -848 31 41 903383 0 0 0
-149 -1028 32 38 878492 0 0 0
-31 -1101 34 41 487865 0 0 0
29 -1315 50 23 864120 0 0 0
-139 -1380 41 37 218558 0 0 0
-264 -1560 37 43 441550 0 0 0
-243 -1429 29 25 344283 0 0 0
-452 -1528 49 39 404479 0 0 0
-292 -1500 49 42 996387 0 0 0
-181 -1601 39 25 493266 0 0 0
-155 -1380 32 36 795261 0 0 0
-5 -1456 53 32 431935 0 0 0
-181 -1673 35 38 495443 0 0 0
-101 -1555 41 39 919046 0 0 0
-189 -1384 54 37 172497 0 0 0
-186 -1521 28 36 792299 0 0 0
-286 -1666 47 34 364411 0 0 0
-511 -1864 42 39 103868 0 0 0
-358 -1894 29 34 608649 0 0 0
-334 -1907 45 21 518163 0 0 0
-360 -1754 31 27 183306 0 0 0
345 -550 36 21 214599 0 0 0
231 -707 42 32 848608 0 0 0
80 -821 51 32 700089 0 0 0
113 -1044 30 21 911497 0 0 0
289 -1155 38 25 470070 0 0 0
308 -1343 33 26 701670 0 0 0
466 -1462 30 39 267874 0 0 0
249 -1624 40 22 377841 0 0 0
130 -1799 40 41 858054 0 0 0
32 -1954 55 40 488963 0 0 0
129 -2137 54 39 894705 0 0 0
217 -2170 40 22 422782 0 0 0
305 -1946 56 29 650056 0 0 0
409 -1890 34 40 909484 0 0 0
351 -1823 41 28 809719 0 0 0
-823 -414 44 32 421144 0 0 0
-644 -497 30 38 210728 0 0 0
-667 -317 48 35 227780 0 0 0
-612 -420 34 29 307883 0 0 0
-517 -361 44 35 595846 0 0 0
-473 -452 42 32 429651 0 0 0
-371 -504 45 41 922985 0 0 0
-180 -619 48 23 532545 0 0 0
22 -541 49 30 226546 0 0 0
145 -680 40 40 513390 0 0 0
298 -533 38 42 595512 0 0 0
156 -744 41 43 794892 0 0 0
303 -735 51 26 694143 0 0 0
423 -581 46 23 980780 0 0 0
542 -543 42 42 425856 0 0 0
653 -441 36 26 790782 0 0 0
494 -499 50 43 202901 0 0 0
522 -697 38 21 225341 0 0 0
444 -639 43 26 742776 0 0 0
456 -674 43 39 929659 0 0 0
586 -788 45 35 733336 0 0 0
564 -929 55 30 366205 0 0 0
523 -885 33 22 217350 0 0 0
653 -1032 30 31 480158 0 0 0
503 -1023 34 42 795639 0 0 0
412 -1193 30 33 377840 0 0 0
345 -1086 28 41 311127 0 0 0
550 -1287 42 34 716204 0 0 0
668 -1350 43 30 979344 0 0 0
881 -1310 29 30 150534 0 0 0
1014 -1358 28 29 785974 0 0 0
820 -1468 30 36 734320 0 0 0
648 -1434 54 26 843474 0 0 0
721 -1385 49 27 302545 0 0 0
823 -1476 55 38 822773 0 0 0
-678 -515 51 24 405918 0 0 0
-535 -306 32 37 711126 0 0 0
-461 -281 49 30 692674 0 0 0
-410 -372 44 34 199862 0 0 0
-421 -314 51 25 704747 0 0 0
-445 -360 42 37 698009 0 0 0
-544 -268 30 37 303326 0 0 0
-669 -175 30 31 621077 0 0 0
-841 22 52 26 618528 0 0 0
-665 -53 28 23 533814 0 0 0
-520 -43 30 29 278564 0 0 0
-512 -99 45 35 743748 0 0 0
-468 -80 40 37 246418 0 0 0
